inst,ground_truth
54c46       invalid,1
"andeq r0, r1, r1, lsl 2",1
"andeq r0, r0, r0",1
"andeq r0, r0, r0",1
"eoreq r0, r8, r2",1
"andeq r0, r0, r1",1
"andeq sb, r0, r0, lsl 10",1
"andeq r0, r0, r4, lsr r0",1
"andeq r5, r5, r0, lsl sp",1
"streq r0, [r0, -2]",1
"eoreq r0, r0, r4, lsr r0",1
"eoreq r0, r8, r8",1
"eoreq r0, r3, r6, lsr 32",1
"andvc r0, r0, r1",1
"andeq r4, r1, r0, ror 16",1
"andeq ip, r1, r0, ror 16",1
"andeq ip, r1, r0, ror 16",1
"andeq r0, r0, r8, lsl r0",1
"andeq r0, r0, r8, lsl r0",1
"andeq r0, r0, r4",1
"andeq r0, r0, r4",1
"andeq r0, r0, r6",1
"andeq r0, r0, r4, lsr r0",1
"andeq r8, r0, r4, lsr r0",1
"andeq r8, r0, r4, lsr r0",1
"andeq r0, r0, r0, lsl 2",1
"andeq r0, r0, r0, lsl 2",1
"andeq r0, r0, r5",1
"andeq r0, r0, r4",1
"andeq r0, r0, r3",1
"andeq r0, r0, r4, lsr r1",1
"andeq r8, r0, r4, lsr r1",1
"andeq r8, r0, r4, lsr r1",1
"andeq r0, r0, r3, lsl r0",1
"andeq r0, r0, r3, lsl r0",1
"andeq r0, r0, r4",1
"andeq r0, r0, r1",1
"andeq r0, r0, r1",1
"andeq r0, r0, r0",1
"andeq r8, r0, r0",1
"andeq r8, r0, r0",1
"andeq r4, r1, ip, ror r8",1
"andeq r4, r1, ip, ror r8",1
"andeq r0, r0, r5",1
"andeq r8, r0, r0",1
"andeq r0, r0, r1",1
"andeq r5, r1, r0",1
"andeq r5, r2, r0",1
"andeq r5, r2, r0",1
"ldrdeq r0, r1, [r0], -r0",1
"andeq r0, r0, ip, ror 15",1
"andeq r0, r0, r6",1
"andeq r8, r0, r0",1
"andeq r0, r0, r2",1
"andeq r5, r1, ip",1
"andeq r5, r2, ip",1
"andeq r5, r2, ip",1
"strdeq r0, r1, [r0], -r0",1
"strdeq r0, r1, [r0], -r0",1
"andeq r0, r0, r6",1
"andeq r0, r0, r4",1
"andeq r0, r0, r4",1
"andeq r0, r0, r8, asr 2",1
"andeq r8, r0, r8, asr 2",1
"andeq r8, r0, r8, asr 2",1
"andeq r0, r0, r4, asr 32",1
"andeq r0, r0, r4, asr 32",1
"andeq r0, r0, r4",1
"andeq r0, r0, r4",1
"ldrbtvs lr, [r4], -0x551",1
"andeq r0, r0, r0",1
"andeq r0, r0, r0",1
"andeq r0, r0, r0",1
"andeq r0, r0, r0",1
"andeq r0, r0, r0",1
"andeq r0, r0, r6",1
"andeq r0, r0, r4",1
"rsbvs r6, sb, 0x2f00",1
"stclhs p12, c6, [r4, -0xbc]!",1
"strbvc r6, [lr, -0x96c]!",1
svcvs 0x732e78,1
"andeq r3, r0, lr, lsr 6",1
"andeq r0, r0, r4",1
"andeq r0, r0, r0, lsl r0",1
"andeq r0, r0, r1",1
"subseq r4, r5, r7, asr 28",1
"andeq r0, r0, r0",1
"andeq r0, r0, r2",1
"andeq r0, r0, r6",1
"andeq r0, r0, r0, lsl r0",1
"andeq r0, r0, r4",1
"andeq r0, r0, r4, lsl r0",1
"andeq r0, r0, r3",1
"subseq r4, r5, r7, asr 28",1
"ldrblo fp, [r0], 0x5a7",1
"ldcleq p0, c8, [r5, -0x3a8]",1
bvs 0xfe6994c8,1
"cmnpl sl, sp, asr sb",1
svcle 0x87f58e,1
"andeq r0, r0, r3, asr 32",1
"andeq r0, r0, r7",1
"andeq r0, r0, r0, lsl r0",1
"andeq r0, r0, sb",1
"rschi r4, r2, r6, lsl 19",1
"addsls r6, fp, 0x84",1
"stcgt p8, c2, [r2], {0}",1
"andeq r1, r0, r2",1
"stmdbne r1, {r3, r7} ^",1
"stmdbpl r7!, {r1, r3, r5, r8, sl, ip, sp, lr}",1
"stmdaeq r0, {r0, r5, r7, r8, sl, fp, lr} ^",1
"andeq sl, sl, r0, lsr 16",1
"stmdami r2!, {r1, r2, r3, r7, pc} ^",1
"strbhs r4, [r2], 0x192",1
"stmdaeq r8, {r1, r2, r7, sl}",1
"ldrdvs r0, r1, [ip], -0x48",1
"strbtlo r1, [r5], -0x204",1
beq 0x16f8,1
"andhi r1, r0, sb, lsl 24",1
"andseq fp, r5, r0, lsl 9",1
"andeq r0, r0, r0",1
"andeq r0, r0, r7",1
"andeq r0, r0, r0",1
"andeq r0, r0, sb",1
"andeq r0, r0, r0",1
"andeq r0, r0, fp",1
"andeq r0, r0, ip",1
"andeq r0, r0, pc",1
"andeq r0, r0, r3, lsl r0",1
"andeq r0, r0, r4, lsl r0",1
"andeq r0, r0, r7, lsl r0",1
"andeq r0, r0, r0",1
"andeq r0, r0, sb, lsl r0",1
"andeq r0, r0, ip, lsl r0",1
"andeq r0, r0, sp, lsl r0",1
"andeq r0, r0, lr, lsl r0",1
"andeq r0, r0, r0",1
"andeq r0, r0, pc, lsl r0",1
"andeq r0, r0, r0, lsr 32",1
"andeq r0, r0, r1, lsr 32",1
"andeq r0, r0, r4, lsr 32",1
"andeq r0, r0, r5, lsr 32",1
"andeq r0, r0, r6, lsr 32",1
"andeq r0, r0, sb, lsr 32",1
"andeq r0, r0, fp, lsr 32",1
"andeq r0, r0, ip, lsr 32",1
"andeq r0, r0, r0",1
"andeq r0, r0, sp, lsr 32",1
"andeq r0, r0, r0",1
"andeq r0, r0, lr, lsr 32",1
"andeq r0, r0, r0, lsr r0",1
"andeq r0, r0, r0",1
"andeq r0, r0, r0",1
"andeq r0, r0, r0",1
"andeq r0, r0, r1, lsr r0",1
"andeq r0, r0, r2, lsr r0",1
"andeq r0, r0, r0",1
"andeq r0, r0, r3, lsr r0",1
"andeq r0, r0, r5, lsr r0",1
"andeq r0, r0, r8, lsr r0",1
"andeq r0, r0, r0",1
"andeq r0, r0, sl, lsr r0",1
"andeq r0, r0, fp, lsr r0",1
"andeq r0, r0, sp, lsr r0",1
"andeq r0, r0, pc, lsr r0",1
"andeq r0, r0, r1, asr 32",1
"andeq r0, r0, r0",1
"andeq r0, r0, r3, asr 32",1
"andeq r0, r0, r4, asr 32",1
"andeq r0, r0, r0",1
"andeq r0, r0, r0",1
"andeq r0, r0, r5, asr 32",1
"andeq r0, r0, r0",1
"andeq r0, r0, r6, asr 32",1
"andeq r0, r0, r0",1
"andeq r0, r0, sl, asr 32",1
"andeq r0, r0, fp, asr 32",1
"andeq r0, r0, sp, asr 32",1
"andeq r0, r0, pc, asr 32",1
"andeq r0, r0, r0, asr r0",1
"andeq r0, r0, r2, asr r0",1
"andeq r0, r0, r3, asr r0",1
"andeq r0, r0, r4, asr r0",1
"andeq r0, r0, r6, asr r0",1
"andeq r0, r0, r0",1
"andeq r0, r0, r7, asr r0",1
"andeq r0, r0, sb, asr r0",1
"ldrths r0, [r6], 0xf00",1
invalid,1
blmi 0x1514320,1
"strbhi sb, [r6, -0x573]!",1
"rscls r5, pc, r3, lsr 21",1
invalid,1
svcgt 0x8cb236,1
svceq 0x11ed7d,1
"mrcls p0, 3, r5, c6, c12, 5",1
"stcne p2, c15, [fp], {0x38}",1
invalid,1
"strtls fp, [r8], 0xb1",1
svcge 0xc3fcd,1
"stc2l p2, c3, [r0, -0xb0]",1
svcmi 0x152226,1
"rsbne r5, r1, r7, ror 10",1
"ldceq p13, c10, [sb, -0xf0]!",1
"stcne p13, c1, [ip], {0x29}",1
bllt 0x143f8c0,1
"ldrbtge r2, [sb], 0x300",1
svcge 0xe70ad,1
"ldcne p14, c7, [r2], {9}",1
invalid,1
invalid,1
"ldrbeq r3, [pc, -sb, lsr 13]! ; [0x350:4]=0xb74180da",1
"rscsne sl, r7, 0x3000000b",1
invalid,1
"rscsne ip, r7, 0x32000000",1
invalid,1
"vldrvc s21, [r7, 0x2ac]",1
"stceq p5, c7, [r2, 0x244]",1
"ldcne p6, c9, [r3], {0x5e}",1
"ldcvc p0, c15, [r6], {0x86}",1
svceq 0x2de565,1
invalid,1
blmi 0x1152e40,1
"ldcllt p15, c9, [r6, 0x6c]",1
"strbtlt lr, [fp], 0x20b",1
"ldreq r3, [r2, sb, lsr 7]!",1
"mcreq p6, 7, r8, c15, c14, 5",1
"mrcvc p5, 3, sp, c2, c3, 2",1
"subhs r4, sb, 0x19c000",1
"ldrt r0, [sp], 0x7c3",1
"bicne r2, fp, 0x540",1
"ldc2 p15, c8, [sp, -0x100]",1
"tst r1, 0x510",1
"ldrne r0, [r4], 0x400",1
"ldcne p14, c13, [r3], {0xec}",1
svceq 0x6321ef,1
"cmpls r5, 0x2880",1
invalid,1
"ldrgt r7, [fp, -0x45f]!",1
"stc2 p15, c12, [sb, -0x80]",1
bvc 0xfed4e608,1
"stcllo p14, c0, [r0, 0x318]!",1
"fldmiaxne r3, {d11, d12, d13, d14, d15, d16, d17, d18, d19, d20, d21, d22, d23, d24, d25, d26}",1
"rscne sb, pc, 96, 16",1
"ldc2l p7, c3, [r6, -0xc]!",1
"ldcvc p14, c7, [r6], {0x3e}",1
"stmdaeq r2!, {r0, r1, r3, r6, r7, r8, pc}",1
"stceq p5, c7, [r2, 0x94]",1
svceq 0x3b9a5b,1
invalid,1
"subne lr, r4, r8, lsr r8",1
"rsbvc r2, r3, 0xce00",1
"sbchs r5, fp, sl, asr 11",1
blhs 0x10fabac,1
bvs 0xfe261a20,1
invalid,1
"cmpvs sp, r1, lsr 21",1
svcmi 0x137992,1
"ldrbne sp, [sp], 0xc5",1
"ldrbhs sl, [r0, -0x4ad]",1
"ldrbhs sl, [r5, r6, lsl 28]",1
"stceq p8, c11, [r2, 0xc4]",1
"ldcne p5, c9, [r3], {0xbb}",1
"ldreq r6, [r4], sp, lsl 27",1
"tstlt r5, 0xe0000000",1
blt 0xfe119bc4,1
"ldcne p6, c9, [r3], {0xcb}",1
invalid,1
"ldrlt r7, [r5, -r3, lsl 13]!",1
"stcllt p15, c14, [sb], 0xc4",1
"andeq r0, r0, r0",1
"andeq r0, r0, r0",1
"andeq r0, r0, r0",1
"andeq r0, r0, r0",1
"andeq r0, r0, r7, ror r0",1
"andeq r0, r0, r0",1
"andeq r0, r0, r0",1
"andeq r0, r0, r2, lsl r0",1
"andeq r0, r0, pc",1
"andeq r0, r0, r0",1
"andeq r0, r0, r0",1
"andeq r0, r0, r0, lsr 32",1
"andeq r0, r0, fp, lsr 32",1
"andeq r0, r0, r0",1
"andeq r0, r0, r0",1
"andeq r0, r0, r0, lsr 32",1
"andeq r0, r0, sl, lsr r0",1
"andeq r0, r0, r0",1
"andeq r0, r0, r0",1
"andeq r0, r0, r0, lsr 32",1
"andeq r0, r0, lr, asr 32",1
"andeq r0, r0, r0",1
"andeq r0, r0, r0",1
"andeq r0, r0, r0, lsr 32",1
"andeq r0, r0, r8, rrx",1
"andeq r0, r0, r0",1
"andeq r0, r0, r0",1
"andeq r0, r0, r0, lsr 32",1
"ldrdeq r0, r1, [r0], -r7",1
"andeq sb, r0, ip, lsr 3",1
"andeq r0, r0, r0",1
"andeq r0, r0, r2, lsl r0",1
"muleq r0, r6, r2",1
"andeq sb, r0, ip, asr r3",1
"andeq r0, r0, r0",1
"andeq r0, r0, r2, lsl r0",1
"andeq r0, r0, sp, lsr 7",1
"andeq sb, r0, r0, lsr 3",1
"andeq r0, r0, r0",1
"andeq r0, r0, r2, lsl r0",1
"andeq r0, r0, r0, lsr r2",1
"andeq sb, r0, r0, lsr 9",1
"andeq r0, r0, r0",1
"andeq r0, r0, r2, lsl r0",1
"andeq r0, r0, r7, ror 5",1
"andeq sb, r0, r4, ror 5",1
"andeq r0, r0, r0",1
"andeq r0, r0, r2, lsl r0",1
"andeq r0, r0, r7, asr r3",1
"andeq sb, r0, r0, asr 5",1
"andeq r0, r0, r0",1
"andeq r0, r0, r2, lsl r0",1
"muleq r0, r2, r3",1
"andeq sb, r0, r4, ror 8",1
"andeq r0, r0, r0",1
"andeq r0, r0, r2, lsl r0",1
"andeq r0, r0, r2, asr 2",1
"ldrdeq sb, sl, [r0], -ip",1
"andeq r0, r0, r0",1
"andeq r0, r0, r2, lsl r0",1
"andeq r0, r0, r1, asr 7",1
"ldrdeq r5, r6, [r2], -r0",1
"andeq r0, r0, r4",1
"andseq r0, r8, r1, lsl r0",1
"andeq r0, r0, r1, lsr 5",1
"andeq r5, r2, r8, ror 5",1
"andeq r0, r0, r4",1
"andseq r0, r8, r1, lsl r0",1
"ldrdeq r0, r1, [r0], -r5",1
"ldrdeq sb, sl, [r0], -r8",1
"andeq r0, r0, r0",1
"andeq r0, r0, r2, lsl r0",1
"andeq r0, r0, pc, lsr 6",1
"andeq sb, r0, r8, ror 6",1
"andeq r0, r0, r0",1
"andeq r0, r0, r2, lsl r0",1
"andeq r0, r0, r0, ror 1",1
"ldrdeq sb, sl, [r0], -r0",1
"andeq r0, r0, r0",1
"andeq r0, r0, r2, lsl r0",1
"muleq r0, r8, r0",1
"andeq sb, r0, r8, lsl r2",1
"andeq r0, r0, r0",1
"andeq r0, r0, r2, lsl r0",1
"andeq r0, r0, pc, lsl 2",1
"andeq r0, r0, r0",1
"andeq r0, r0, r0",1
"andeq r0, r0, r2, lsr 32",1
"andeq r0, r0, r8, asr 2",1
"strdeq r5, r6, [r2], -r0",1
"andeq r0, r0, r4",1
"andseq r0, r8, r1, lsl r0",1
"andeq r0, r0, r1, asr r2",1
"andeq sb, r0, r4, asr 6",1
"andeq r0, r0, r0",1
"andeq r0, r0, r2, lsl r0",1
"andeq r0, r0, r0, lsr 4",1
"strdeq r5, r6, [r2], -r4",1
"andeq r0, r0, r4",1
"andseq r0, r8, r1, lsl r0",1
"andeq r0, r0, r1, lsl 2",1
"andeq sb, r0, r4, asr 3",1
"andeq r0, r0, r0",1
"andeq r0, r0, r2, lsl r0",1
"andeq r0, r0, r5, ror 3",1
"ldrdeq sb, sl, [r0], -r4",1
"andeq r0, r0, r0",1
"andeq r0, r0, r2, lsl r0",1
"andeq r0, r0, pc, ror 1",1
"andeq sb, r0, ip, ror r4",1
"andeq r0, r0, r0",1
"andeq r0, r0, r2, lsl r0",1
"andeq r0, r0, fp, lsl 7",1
"muleq r0, ip, r2",1
"andeq r0, r0, r0",1
"andeq r0, r0, r2, lsl r0",1
"andeq r0, r0, r0, asr 3",1
"muleq r0, r4, r1",1
"andeq r0, r0, r0",1
"andeq r0, r0, r2, lsl r0",1
"andeq r0, r0, sb, ror r3",1
"andeq sb, r0, r0, asr r3",1
"andeq r0, r0, r0",1
"andeq r0, r0, r2, lsl r0",1
"ldrdeq r0, r1, [r0], -r7",1
"andeq sb, r0, ip, ror 4",1
"andeq r0, r0, r0",1
"andeq r0, r0, r2, lsl r0",1
"andeq r0, r0, pc, lsl 5",1
"strdeq r5, r6, [r2], -r8",1
"andeq r0, r0, r4",1
"andseq r0, r8, r1, lsl r0",1
"andeq r0, r0, lr, asr r2",1
"andeq sb, r0, r8, ror r2",1
"andeq r0, r0, r0",1
"andeq r0, r0, r2, lsl r0",1
"andeq r0, r0, r8, ror 1",1
"andeq r5, r2, r0, ror 5",1
"andeq r0, r0, r4",1
"andseq r0, r8, r1, lsl r0",1
"andeq r0, r0, r8, lsr 5",1
"andeq sb, r0, r4, lsl 8",1
"andeq r0, r0, r0",1
"andeq r0, r0, r2, lsl r0",1
"andeq r0, r0, fp, lsl 4",1
"andeq r0, r0, r0",1
"andeq r0, r0, r0",1
"andeq r0, r0, r2, lsr 32",1
"andeq r0, r0, r3, asr 4",1
"andeq sb, r0, r4, asr r2",1
"andeq r0, r0, r0",1
"andeq r0, r0, r2, lsl r0",1
"andeq r0, r0, r2, ror r3",1
"andeq sb, r0, r8, ror 3",1
"andeq r0, r0, r0",1
"andeq r0, r0, r2, lsl r0",1
"strheq r0, [r0], -ip",1
"andeq sb, r0, r0, lsr r2",1
"andeq r0, r0, r0",1
"andeq r0, r0, r2, lsl r0",1
"andeq r0, r0, r3, lsr r1",1
"andeq sb, r0, r0, lsl r4",1
"andeq r0, r0, r0",1
"andeq r0, r0, r2, lsl r0",1
"ldrdeq r0, r1, [r0], -r5",1
"ldrdeq sb, sl, [r0], -r0",1
"andeq r0, r0, r0",1
"andeq r0, r0, r2, lsl r0",1
"andeq r0, r0, r2, lsl 3",1
"strdeq sb, sl, [r0], -r4",1
"andeq r0, r0, r0",1
"andeq r0, r0, r2, lsl r0",1
"andeq r0, r0, r3, asr 6",1
"andeq sb, r0, r4, lsr 4",1
"andeq r0, r0, r0",1
"andeq r0, r0, r2, lsl r0",1
"andeq r0, r0, r6, lsr 1",1
"andeq sb, r0, ip, lsl r4",1
"andeq r0, r0, r0",1
"andeq r0, r0, r2, lsl r0",1
"andeq r0, r0, ip, ror 2",1
"andeq r0, r0, r0",1
"andeq r0, r0, r0",1
"andeq r0, r0, r2, lsr 32",1
"andeq r0, r0, lr, asr 2",1
"andeq sb, r0, r8, asr 4",1
"andeq r0, r0, r0",1
"andeq r0, r0, r2, lsl r0",1
"andeq r0, r0, fp, lsl r3",1
"andeq sb, r0, r4, ror r3",1
"andeq r0, r0, r0",1
"andeq r0, r0, r2, lsl r0",1
"andeq r0, r0, sl, ror r2",1
"muleq r0, r8, r3",1
"andeq r0, r0, r0",1
"andeq r0, r0, r2, lsl r0",1
"andeq r0, r0, r2, lsr 3",1
"strdeq sb, sl, [r0], -r0",1
"andeq r0, r0, r0",1
"andeq r0, r0, r2, lsl r0",1
"muleq r0, r0, r1",1
"andeq sb, r0, r0, ror 7",1
"andeq r0, r0, r0",1
"andeq r0, r0, r2, lsl r0",1
"andeq r0, r0, r4, lsl r3",1
"andeq sb, r0, r8, lsl 3",1
"andeq r0, r0, r0",1
"andeq r0, r0, r2, lsl r0",1
"strdeq r0, r1, [r0], -sp",1
"andeq sb, r0, r4, lsr r4",1
"andeq r0, r0, r0",1
"andeq r0, r0, r2, lsl r0",1
"muleq r0, sb, r1",1
"ldrdeq sb, sl, [r0], -ip",1
"andeq r0, r0, r0",1
"andeq r0, r0, r2, lsl r0",1
"strheq r0, [r0], -sb",1
"strdeq sb, sl, [r0], -r4",1
"andeq r0, r0, r0",1
"andeq r0, r0, r2, lsl r0",1
"andeq r0, r0, sb, lsl 2",1
"andeq sb, r0, r0, lsr 6",1
"andeq r0, r0, r0",1
"andeq r0, r0, r2, lsl r0",1
"muleq r0, sp, r3",1
"andeq sb, r0, r0, lsl 4",1
"andeq r0, r0, r0",1
"andeq r0, r0, r2, lsl r0",1
"andeq r0, r0, r4, asr r1",1
"ldrdeq r5, r6, [r2], -r8",1
"andeq r0, r0, r4",1
"andseq r0, r8, r1, lsr 32",1
"andeq r0, r0, r3, asr r3",1
"strheq sb, [r0], -r8",1
"andeq r0, r0, r0",1
"andeq r0, r0, r2, lsl r0",1
"andeq r0, r0, sl, asr 4",1
"andeq sb, r0, r0, asr 8",1
"andeq r0, r0, r0",1
"andeq r0, r0, r2, lsl r0",1
"andeq r0, r0, r6, ror 4",1
"andeq sb, r0, r8, asr r4",1
"andeq r0, r0, r0",1
"andeq r0, r0, r2, lsl r0",1
"andeq r0, r0, fp, lsr 2",1
"strheq sb, [r0], -r4",1
"andeq r0, r0, r0",1
"andeq r0, r0, r2, lsl r0",1
"andeq r0, r0, r7, asr 3",1
"strheq sb, [r0], -r0",1
"andeq r0, r0, r0",1
"andeq r0, r0, r2, lsl r0",1
"andeq r0, r0, ip, asr 6",1
"andeq sb, r0, ip, lsr 6",1
"andeq r0, r0, r0",1
"andeq r0, r0, r2, lsl r0",1
"strheq r0, [r0], -fp",1
"andeq sb, r0, r8, lsr 8",1
"andeq r0, r0, r0",1
"andeq r0, r0, r2, lsl r0",1
"andeq r0, r0, pc, asr 2",1
"andeq sb, r0, r4, lsr 7",1
"andeq r0, r0, r0",1
"andeq r0, r0, r2, lsl r0",1
"andeq r0, r0, sb, lsr r1",1
"andeq sb, r0, r4, asr 9",1
"andeq r0, r0, r0",1
"andeq r0, r0, r2, lsl r0",1
"strdeq r0, r1, [r0], -r6",1
"muleq r0, r0, r2",1
"andeq r0, r0, r0",1
"andeq r0, r0, r2, lsl r0",1
"andeq r0, r0, fp, asr 4",1
"andeq sb, r0, r8, ror 9",1
"andeq r0, r0, r0",1
"andeq r0, r0, r2, lsl r0",1
"strdeq r0, r1, [r0], -r6",1
"ldrdeq r5, r6, [r2], -r0",1
"andeq r0, r0, r4",1
"andseq r0, r8, r1, lsr 32",1
"andeq r0, r0, r8, asr r2",1
"strheq sb, [r0], -r8",1
"andeq r0, r0, r0",1
"andeq r0, r0, r2, lsl r0",1
"andeq r0, r0, ip, asr 7",1
"ldrdeq r5, r6, [r2], -r8",1
"andeq r0, r0, r4",1
"andseq r0, r8, r1, lsl r0",1
"andeq r0, r0, lr, asr 3",1
"andeq sb, r0, r8, asr 7",1
"andeq r0, r0, r0",1
"andeq r0, r0, r2, lsl r0",1
"ldrdeq r0, r1, [r0], -ip",1
"andeq sb, r0, ip, ror 7",1
"andeq r0, r0, r0",1
"andeq r0, r0, r2, lsl r0",1
"strheq r0, [r0], -r3",1
"muleq r0, r4, r4",1
"andeq r0, r0, r0",1
"andeq r0, r0, r2, lsl r0",1
"andeq r0, r0, r8, lsl 5",1
"andeq sb, r0, r8, lsr r3",1
"andeq r0, r0, r0",1
"andeq r0, r0, r2, lsl r0",1
"andeq r0, r0, r5, asr 1",1
"andeq sb, r0, r0, ror r4",1
"andeq r0, r0, r0",1
"andeq r0, r0, r2, lsl r0",1
"andeq r0, r0, r2, asr 5",1
"andeq r0, r0, r0",1
"andeq r0, r0, r0",1
"andeq r0, r0, r2, lsr 32",1
"andeq r0, r0, r2, lsr 2",1
"andeq sb, r0, ip, asr 5",1
"andeq r0, r0, r0",1
"andeq r0, r0, r2, lsl r0",1
"andeq r0, r0, r7, lsr 4",1
"andeq sb, r0, ip, asr 8",1
"andeq r0, r0, r0",1
"andeq r0, r0, r2, lsl r0",1
"andeq r0, r0, pc, lsr 5",1
"andeq sb, r0, ip, lsl 7",1
"andeq r0, r0, r0",1
"andeq r0, r0, r2, lsl r0",1
"ldrdeq r0, r1, [r0], -lr",1
"strdeq sb, sl, [r0], -r8",1
"andeq r0, r0, r0",1
"andeq r0, r0, r2, lsl r0",1
"andeq r0, r0, pc, ror 5",1
"strheq sb, [r0], -ip",1
"andeq r0, r0, r0",1
"andeq r0, r0, r2, lsl r0",1
"andeq r0, r0, lr, ror 4",1
"andeq sb, r0, r8, lsl 9",1
"andeq r0, r0, r0",1
"andeq r0, r0, r2, lsl r0",1
"ldrdeq r0, r1, [r0], -ip",1
"andeq sb, r0, r8, lsl 6",1
"andeq r0, r0, r0",1
"andeq r0, r0, r2, lsl r0",1
"andeq r0, r0, fp, asr 6",1
"andeq sb, r0, ip, lsr 9",1
"andeq r0, r0, r0",1
"andeq r0, r0, r2, lsl r0",1
"muleq r0, pc, r0",1
"strdeq sb, sl, [r0], -ip",1
"andeq r0, r0, r0",1
"andeq r0, r0, r2, lsl r0",1
"andeq r0, r0, r2, ror 6",1
"andeq sb, r0, r4, lsl 5",1
"andeq r0, r0, r0",1
"andeq r0, r0, r2, lsl r0",1
"andeq r0, r0, pc, asr 1",1
"andeq sb, r0, r4, lsl r3",1
"andeq r0, r0, r0",1
"andeq r0, r0, r2, lsl r0",1
"strdeq r0, r1, [r0], -r7",1
"andeq sb, r0, r8, lsr 5",1
"andeq r0, r0, r0",1
"andeq r0, r0, r2, lsl r0",1
"rsbvs r6, sb, 0, 24",1
svcpl 0x636367,1
svcvs 0x732e73,1
svcpl 0x312e,1
svcpl 0x4d5449,1
"ldrbvs r6, [r2, -0x564]!",1
"ldrbtvc r6, [r3], -0x967",1
"ldclmi p2, c7, [r4, -0x194]",1
"cdpvs p12, 6, c6, c15, c3, 2",1
"rsbvs r5, r1, 0x65000000",1
svcpl 0x656c,1
svcvs 0x6d675f,1
"ldrbtvc r5, [r3], -0xf6e",1
svcpl 0x747261,1
bmi 0x17c0b90,1
"ldrbvs r5, [r2, -0xf76]",1
"ldrbtvc r6, [r3], -0x967",1
"mcrrvs p2, 6, r7, r3, c5",1
"ldrbvs r7, [r3, -0x361]!",1
"ldmdbmi pc, {r0, r1, r4, r5, r6} ^",1
"subsvc r4, pc, 84, 26",1
invalid,1
"ldrbtpl r6, [r2], -0x574",1
svcvs 0x6c434d,1
"cmpvs r4, lr, ror 10",1
"rsbeq r6, r5, r2, ror 24",1
"rsbvc r7, r8, 112, 8",1
svcpl 0x646165,1
invalid,1
svcpl 0x6c65,1
"qdsubvs r6, pc, r5",1
"ldrbvc r6, [0x000000f6]     ; [0xf6:4]=0x1480000",1
"cdpvs p7, 6, c7, c9, c14, 3",1
"rsbvc r5, r3, r4, ror 30",1
"rsbsvc r5, r0, 112, 30",1
"stmdbvs ip!, {r4, r5} ^",1
invalid,1
"eorseq r2, r6, pc, ror 28",1
"strbvc r6, [ip, -0x666]!",1
"movwvc r6, 0x873",1
"rsbvc r7, r3, r4, ror r2",1
svcpl 0x5f0079,1
"mcrvs p2, 3, r7, c9, c0, 3",1
"cmpvs pc, 116, 12           ; 0x74",1
"movwvs r6, 0xb68",1
"rsbvc r6, r1, 108, 10",1
svcpl 0x727265,1
svcvs 0x6c6e75,1
"strbtvs r6, [r5], -0xb63",1
"strbtvc r7, [r5], -0x300",1
invalid,1
"stcvs p5, c6, [r0, -0x1b0]",1
svcvs 0x747262,1
"strvc r6, [r0], -0x377",1
svcvs 0x6c776f,1
"rsbseq r6, r2, r7, ror r5",1
"mrcvs p4, 3, r7, c2, c3, 3",1
"rsbseq r6, r0, r3, ror 26",1
"ldmdbvs r4!, {r0, r1, r2, r3, r5, r6, ip, sp, lr} ^",1
"movwvc r6, 0x46e",1
"cmnvs r2, 116, 4            ; 0x74",1
"strvs r7, [r0], -0x268",1
"strbtvc r6, [r5], -0x763",1
"ldrbtvc r6, [r8], -0x574",1
"rsbvc r7, r3, 0, 14",1
"rsbvs r6, sp, 116, 30",1
"rsbsvc r6, r2, 0, 10",1
"andvc r7, r0, pc, ror 4",1
"ldrbvs r6, [r2, -0x874]!",1
"ldclvs p4, c6, [0x0000096c]",1
"stmdavc r5!, {r0, r2, r4, r5, r6, sl, ip, sp, lr} ^",1
invalid,1
invalid,1
"ldmdbvs r2!, {r0, r1, r2, r4, r5, r6, ip, sp, lr} ^",1
"andvc r7, r0, 0x6e000000",1
"stclvs p1, c6, [ip], -0x194",1
"andvs r6, r0, 0xbc000001",1
"cmnvs r7, 116, 30           ; 0x74",1
"strbvc r7, [pc, -r0, lsl 8]!",1
"ldrbvs r7, [r0, -0x75]!",1
"rsbvs r0, r1, 0x72",1
"rsbseq r7, r4, pc, ror 4",1
"stmdbvs r4!, {r0, r1, r4, r5, r6, sl, ip, sp, lr} ^",1
"ldrbvs r0, [0x00000aba]     ; [0xaba:4]=0x706f0070",1
"rsbseq r6, r4, r8, ror sb",1
invalid,1
svcpl 0x6d6172,1
svcvs 0x766e69,1
"ldmdbvs r4!, {r0, r1, r5, r6, r8, sp, lr} ^",1
"cdpvs p14, 5, c6, c15, c15, 3",1
"rsbeq r6, r5, r1, ror 26",1
"rsbvc r7, r8, 112, 8",1
svcpl 0x646165,1
"ldrbvs r7, [r4, -0x56d]!",1
"strbvs r5, [r4, -0xf78]!",1
svcvs 0x727473,1
svcpl 0x5f0079,1
"ldrbvs r7, [r3, -0x361]!",1
"usub16vs r7, pc, r2",1
"rsbeq r6, ip, r1, ror 18",1
"cmnvs r7, sb, ror 6",1
"ldclvs p14, c6, [r5, -0x1b0]!",1
"ldrbvc r6, [r3, -r0, lsl 18]!",1
"ldrbvs r6, [r7, -0xf6c]!",1
svcpl 0x5f0072,1
"rsbsvc r7, sb, r3, ror 8",1
"strbvs r5, [r7, -0xf65]!",1
"rsbvs r5, sp, 116, 30",1
"rsbsvc r6, r5, 0x7c000001",1
"stmdavc r1!, {r0, r1, r2, r3, r4, r6, r8, sl, fp, sp, lr} ^",1
"rsbsvc r7, r4, 0, 6",1
"rsbeq r6, ip, r4, ror pc",1
"stclvs p1, c6, [ip], -0x18c",1
"movwvc r6, 0x36f",1
"strbvs r7, [ip, -0x274]!",1
"cdpvs p0, 7, c0, c5, c14, 3",1
"cmnvs r4, 0x19c00000",1
"ldrbvc r6, [r3, -r0, lsl 18]!",1
"rsbsvc r7, sb, r3, ror 8",1
"strbvs r0, [sp, -0x65]!",1
"strbtvc r7, [r5], -0x36d",1
"ldrbvs r5, [0xfffffffffffffcc0]",1
svcvs 0x6e7272,1
invalid,1
svcvs 0x697461,1
"strbvs r0, [sp, -0x6e]!",1
"rsbvc r6, sp, sp, ror 6",1
"ldrbvs r5, [pc], -r0, lsl 30 ; [0xbd8:4]=0x635f6674",1
"mcrvs p2, 3, r7, c9, c0, 3",1
"cmpvs pc, 116, 12           ; 0x74",1
"andvc r6, r0, r8, ror 22",1
"ldrbvs r6, [r2, -0x874]!",1
"ldclvs p4, c6, [0x00000a68]",1
"stmdavc r5!, {r0, r2, r4, r5, r6, sl, ip, sp, lr} ^",1
"stclvs p5, c7, [lr], -0x17c",1
"rsbeq r6, fp, pc, ror 6",1
svcvs 0x647473,1
invalid,1
blvs 0x195a1d0,1
"eorseq r3, r4, pc, ror 12",1
"ldrbtvc r5, [r3], -0xf5f",1
"stclvs p4, c7, [pc], -0x1c8",1
"cdpvs p15, 6, c5, c9, c12, 3",1
"mrcvs p5, 3, r6, c2, c4, 3",1
"stcvs p12, c6, [r0, -0x184]",1
"rsbvc r6, r3, r5, ror 26",1
invalid,1
"ldrbvs r6, [r3, -0xf6c]!",1
"stclvs p13, c6, [r1], -0",1
"rsbeq r6, r3, ip, ror 30",1
invalid,1
"rsbvs r0, sp, 0x65",1
"stmdbvs lr!, {r0, r1, r4, r5, r6, r8, fp, sp, lr} ^",1
svcpl 0x5f0074,1
svcvs 0x6c6675,1
"stclvs p0, c0, [lr], -0x1dc",1
"mcrvs p12, 3, r6, c1, c15, 2",1
"strbtvs r6, [lr], -r7, ror 18",1
svcpl 0x5f006f,1
"rsbsvc r7, sb, r3, ror 8",1
svcpl 0x625f65,1
"rsbeq r6, r3, ip, ror 30",1
"ldrbvs r6, [r4, -0x567]!",1
svcvs 0x766e,1
"rsbvc r7, r1, 112, 8",1
svcpl 0x5f0067,1
invalid,1
"strbvs r6, [lr, -r4, ror 18]!",1
"ldrbtvs r7, [r4], -0x300",1
"rsbseq r7, r2, r5, ror 4",1
invalid,1
"strvs r6, [r0, -lr, ror 12]",1
"rsbvc r7, pc, r5, ror 8",1
svcvs 0x6c5f74,1
"strvs r6, [r0], -lr, ror 14",1
"cdpvs p12, 6, c6, c5, c9, 3",1
"ldrbtvc r0, [r0], -0x6f",1
invalid,1
"strbvc r5, [sp, -0xf64]!",1
svcpl 0x786574,1
"strbtvc r6, [sb], -0xe69",1
"rsbsvc r6, r7, 0, 12",1
"rsbeq r7, r5, sb, ror 8",1
"rsbvc r5, r6, pc, asr pc",1
"stmdbvs r4!, {r0, r2, r5, r6, sb, sl, fp, sp, lr} ^",1
invalid,1
blvs 0x195a290,1
"movwvc r3, 0x436",1
"stmdavs r3!, {r2, r4, r5, r6, sb, ip, sp, lr} ^",1
"rsbsvc r0, r0, 0x72",1
"cmnvs r2, pc, ror 14",1
"cdpvs p15, 6, c5, c9, c13, 3",1
invalid,1
"mcrvs p9, 3, r6, c15, c4, 3",1
svcvs 0x68735f,1
"mrcvs p4, 2, r7, c15, c2, 3",1
"rsbeq r6, r5, r1, ror 26",1
"rsbvc r6, pc, r6, ror 8",1
svcpl 0x6e65,1
"ldmdbvc r4!, {r0, r1, r2, r3, r4, r6, r8, sb, sp, lr} ^",1
"ldrbvc r6, [pc], -0x570     ; [0xcfc:4]=0x6c5f7265",1
"rsbsvc r7, r0, pc, ror 10",1
"mrrcvs p2, 6, r7, pc, c5",1
svcpl 0x636f,1
"ldmdbvc r4!, {r0, r1, r2, r3, r4, r6, r8, sb, sp, lr} ^",1
"ldrbvc r6, [pc], -0x570     ; [0xd10:4]=0x6c5f7265",1
"strbvc r6, [pc, -pc, ror 24]!",1
"mrrcvs p2, 6, r7, pc, c5",1
"stcvs p3, c6, [r0, -0x1bc]",1
svcvs 0x6d6d65,1
invalid,1
"cdpvs p0, 6, c7, c5, c15, 3",1
"andvs r3, r0, 0x36000000",1
"strbtvc r6, [r4], -0xe69",1
"ldrbtvs r7, [r4], -0x865",1
"stmdbvs r1!, {r0, r1, r2, r3, r5, r6, r8, sl, fp, sp, lr} ^",1
"strbvc r0, [r6, -lr, rrx]!",1
"ldrbvs r6, [r4, -0x972]!",1
"stclvs p5, c7, [lr], -0x17c",1
"strbvs r6, [fp, -0x36f]!",1
"ldrbtvc r0, [r3], -0x64",1
"rsbvc r6, sp, r2, ror r3",1
"mrrcvs p15, 0, r5, pc, c0",1
svcpl 0x636269,1
"rsbvc r7, r1, 0x73000000",1
invalid,1
"movwvc r6, 0xe69",1
"rsbvc r7, r3, r4, ror r0",1
svcpl 0x5f0079,1
"rsbvc r7, r5, 0x6f00000",1
"strbvc r6, [pc, -r6, ror 24]!",1
invalid,1
"ldrbvs r7, [pc], -sb, ror 16 ; [0xd7c:4]=0x34366573",1
"ldmdbvs r6!, {r0, r5, r6, sl, sp, lr} ^",1
"ldrtlo r6, [r6], -0x573",1
"ldrbvc r6, [r0, -0x600]!",1
"ldrbvc r7, [0x00000a18]     ; [0xa18:4]=0x6c437265",1
invalid,1
"rsbeq r6, r4, fp, ror 10",1
"strbvs r7, [r5, -0x266]!",1
"subsvc r5, pc, r0, lsl 30",1
"mcrvs p15, 3, r6, c7, c2, 3",1
"rsbeq r6, r5, r1, ror 26",1
"rsbsvc r5, r0, 0x17c",1
invalid,1
"ldrbvs r6, [pc], -sp, ror 10 ; [0xdb0:4]=0x78635f5f",1
"rsbeq r6, ip, r5, ror ip",1
"stmdavc r3!, {r0, r1, r2, r3, r4, r6, r8, sb, sl, fp, ip, lr} ^",1
"strbtvc r5, [r1], -0xf61",1
"strbtvc r7, [sb], -0x865",1
"movtmi r4, 0x3700",1
"strlo r3, [lr, -0x35f]!",1
"stmdbmi ip, {r8, sb, sl, lr} ^",1
"subslo r4, pc, 0x8000001",1
"andeq r3, r0, lr, lsr 8",1
"andeq r0, r3, r0",1
"andeq r0, r0, r0",1
"andeq r0, r0, r0",1
"andeq r0, r2, r0",1
"andeq r0, r2, r2",1
"andeq r0, r2, r2",1
"andeq r0, r2, r2",1
"andeq r0, r2, r2",1
"andeq r0, r2, r2",1
"andeq r0, r2, r2",1
"andeq r0, r2, r2",1
"andeq r0, r2, r2",1
"andeq r0, r2, r2",1
"andeq r0, r2, r2",1
"andeq r0, r2, r2",1
"andeq r0, r2, r2",1
"andeq r0, r2, r2",1
"andeq r0, r2, r2",1
"andeq r0, r2, r2",1
"andeq r0, r2, r2",1
"andeq r0, r2, r2",1
"andeq r0, r2, r2",1
"andeq r0, r2, r2",1
"andeq r0, r2, r2",1
"andeq r0, r2, r2",1
"andeq r0, r2, r2",1
"andeq r0, r2, r2",1
"andeq r0, r2, r2",1
"andeq r0, r2, r2",1
"andeq r0, r2, r2",1
"andeq r0, r2, r2",1
"andeq r0, r2, r2",1
"andeq r0, r2, r2",1
"andeq r0, r2, r2",1
"andeq r0, r2, r2",1
"andeq r0, r2, r2",1
"andeq r0, r2, r2",1
"andeq r0, r2, r2",1
"andeq r0, r2, r2",1
"andeq r0, r2, r2",1
"andeq r0, r2, r2",1
"andeq r0, r2, r2",1
"andeq r0, r2, r2",1
"andeq r0, r2, r2",1
"andeq r0, r2, r2",1
"andeq r0, r1, r1",1
"andeq r0, r0, r1",1
"andeq r0, r0, r0, lsl r0",1
"andeq r0, r0, r0, lsr 32",1
bleq 0x1e4a7f0,1
"andeq r0, r3, r0",1
"andeq r0, r0, sb, ror 7",1
"andeq r0, r0, r0",1
"andeq r0, r1, r1",1
"andeq r0, r0, lr, lsl 1",1
"andeq r0, r0, r0, lsl r0",1
"andeq r0, r0, r0",1
"stcleq p9, c6, [sb, -0x50]!",1
"andeq r0, r2, r0",1
"strdeq r0, r1, [r0], -r1",1
"andeq r0, r0, r0",1
"andeq r5, r2, r4, lsr r2",1
"andeq r0, r0, r5, lsl r3",1
"ldrdeq r5, r6, [r2], -r0",1
"andeq r0, r0, r4, lsl pc",1
"ldrdeq r5, r6, [r2], -r8",1
"andeq r4, r0, r4, lsl r7",1
"andeq r5, r2, r0, ror 5",1
"andeq r2, r0, r4, lsl r2",1
"andeq r5, r2, r8, ror 5",1
"andeq r1, r0, r4, lsl r0",1
"strdeq r5, r6, [r2], -r0",1
"andeq r1, r0, r4, lsl r6",1
"strdeq r5, r6, [r2], -r4",1
"andeq r1, r0, r4, lsl r8",1
"strdeq r5, r6, [r2], -r8",1
"andeq r2, r0, r4, lsl r0",1
"andeq r5, r2, r8, lsl 2",1
"andeq r2, r0, r6, lsl r4",1
"andeq r5, r2, ip, lsl 2",1
"andeq r3, r0, r6, lsl r3",1
"andeq r5, r2, r0, lsl r1",1
"andeq r1, r0, r6, lsl sp",1
"andeq r5, r2, r4, lsl r1",1
"andeq r0, r0, r6, lsl sb",1
"andeq r5, r2, r8, lsl r1",1
"andeq r0, r0, r6, lsl r7",1
"andeq r5, r2, ip, lsl r1",1
"andeq r4, r0, r6, lsl r6",1
"andeq r5, r2, r0, lsr 2",1
"andeq r1, r0, r6, lsl sb",1
"andeq r5, r2, r4, lsr 2",1
"andeq r2, r0, r6, lsl sb",1
"andeq r5, r2, r8, lsr 2",1
"andeq r3, r0, r6, lsl r5",1
"andeq r5, r2, ip, lsr 2",1
"andeq r2, r0, r6, lsl r6",1
"andeq r5, r2, r0, lsr r1",1
"andeq r3, r0, r6, lsl r6",1
"andeq r5, r2, r4, lsr r1",1
"andeq r3, r0, r6, lsl r8",1
"andeq r5, r2, r8, lsr r1",1
"andeq r2, r0, r6, lsl sp",1
"andeq r5, r2, ip, lsr r1",1
"andeq r1, r0, r6, lsl r4",1
"andeq r5, r2, r0, asr 2",1
"andeq r2, r0, r6, lsl fp",1
"andeq r5, r2, r4, asr 2",1
"andeq r2, r0, r6, lsl r7",1
"andeq r5, r2, r8, asr 2",1
"andeq r1, r0, r6, lsl r5",1
"andeq r5, r2, ip, asr 2",1
"andeq r2, r0, r6, lsl lr",1
"andeq r5, r2, r0, asr r1",1
"andeq r2, r0, r6, lsl r5",1
"andeq r5, r2, r4, asr r1",1
"andeq r4, r0, r6, lsl sp",1
"andeq r5, r2, r8, asr r1",1
"andeq r1, r0, r6, lsl pc",1
"andeq r5, r2, ip, asr r1",1
"andeq r2, r0, r6, lsl r1",1
"andeq r5, r2, r0, ror 2",1
"andeq r5, r0, r6, lsl r7",1
"andeq r5, r2, r4, ror 2",1
"andeq r4, r0, r6, lsl r3",1
"andeq r5, r2, r8, ror 2",1
"andeq r1, r0, r6, lsl ip",1
"andeq r5, r2, ip, ror 2",1
"andeq r5, r0, r6, lsl sb",1
"andeq r5, r2, r0, ror r1",1
"andeq r3, r0, r6, lsl sp",1
"andeq r5, r2, r4, ror r1",1
"andeq r0, r0, r6, lsl ip",1
"andeq r5, r2, r8, ror r1",1
"andeq r4, r0, r6, lsl lr",1
"andeq r5, r2, ip, ror r1",1
"andeq r1, r0, r6, lsl r1",1
"andeq r5, r2, r0, lsl 3",1
"andeq r0, r0, r6, lsl fp",1
"andeq r5, r2, r4, lsl 3",1
"andeq r3, r0, r6, lsl r1",1
"andeq r5, r2, r8, lsl 3",1
"andeq r5, r0, r6, lsl r6",1
"andeq r5, r2, ip, lsl 3",1
"andeq r5, r0, r6, lsl r4",1
"muleq r2, r0, r1",1
"andeq r5, r0, r6, lsl r8",1
"muleq r2, r4, r1",1
"andeq r3, r0, r6, lsl r7",1
"muleq r2, r8, r1",1
"andeq r3, r0, r6, lsl pc",1
"muleq r2, ip, r1",1
"andeq r4, r0, r6, lsl fp",1
"andeq r5, r2, r0, lsr 3",1
"andeq r1, r0, r6, lsl r7",1
"andeq r5, r2, r4, lsr 3",1
"andeq r1, r0, r6, lsl lr",1
"andeq r5, r2, r8, lsr 3",1
"andeq r0, r0, r6, lsl r8",1
"andeq r5, r2, ip, lsr 3",1
"andeq r1, r0, r6, lsl r2",1
"strheq r5, [r2], -r0",1
"andeq r2, r0, r6, lsl pc",1
"strheq r5, [r2], -r4",1
"andeq r0, r0, r6, lsl r3",1
"strheq r5, [r2], -r8",1
"andeq r5, r0, r6, lsl r0",1
"strheq r5, [r2], -ip",1
"andeq r3, r0, r6, lsl r0",1
"andeq r5, r2, r0, asr 3",1
"andeq r4, r0, r6, lsl r1",1
"andeq r5, r2, r4, asr 3",1
"andeq r3, r0, r6, lsl lr",1
"andeq r5, r2, r8, asr 3",1
"andeq r5, r0, r6, lsl r2",1
"andeq r5, r2, ip, asr 3",1
"andeq r4, r0, r6, lsl r8",1
"ldrdeq r5, r6, [r2], -r0",1
"andeq r1, r0, r6, lsl sl",1
"ldrdeq r5, r6, [r2], -r4",1
"andeq r3, r0, r6, lsl r2",1
"ldrdeq r5, r6, [r2], -r8",1
"andeq r4, r0, r6, lsl sb",1
"ldrdeq r5, r6, [r2], -ip",1
"andeq r5, r0, r6, lsl r1",1
"andeq r5, r2, r0, ror 3",1
"andeq r2, r0, r6, lsl r3",1
"andeq r5, r2, r4, ror 3",1
"andeq r2, r0, r6, lsl r8",1
"andeq r5, r2, r8, ror 3",1
"andeq r2, r0, r6, lsl ip",1
"andeq r5, r2, ip, ror 3",1
"andeq r4, r0, r6, lsl r0",1
"strdeq r5, r6, [r2], -r0",1
"andeq r3, r0, r6, lsl r4",1
"strdeq r5, r6, [r2], -r4",1
"andeq r3, r0, r6, lsl fp",1
"strdeq r5, r6, [r2], -r8",1
"andeq r4, r0, r6, lsl pc",1
"strdeq r5, r6, [r2], -ip",1
"andeq r3, r0, r6, lsl ip",1
"andeq r5, r2, r0, lsl 4",1
"andeq r0, r0, r6, lsl sp",1
"andeq r5, r2, r4, lsl 4",1
"andeq r4, r0, r6, lsl ip",1
"andeq r5, r2, r8, lsl 4",1
"andeq r1, r0, r6, lsl fp",1
"andeq r5, r2, ip, lsl 4",1
"andeq r5, r0, r6, lsl r3",1
"andeq r5, r2, r0, lsl r2",1
"andeq r4, r0, r6, lsl sl",1
"andeq r5, r2, r4, lsl r2",1
"andeq r0, r0, r6, lsl sl",1
"andeq r5, r2, r8, lsl r2",1
"andeq r5, r0, r6, lsl r5",1
"andeq r5, r2, ip, lsl r2",1
"andeq r3, r0, r6, lsl sl",1
"andeq r5, r2, r0, lsr 4",1
"andeq r4, r0, r6, lsl r2",1
"andeq r5, r2, r4, lsr 4",1
"andeq r1, r0, r6, lsl r3",1
"andeq r5, r2, r8, lsr 4",1
"andeq r0, r0, r6, lsl lr",1
"andeq r5, r2, ip, lsr 4",1
"andeq r4, r0, r6, lsl r4",1
"andeq r5, r2, r0, lsr r2",1
"andeq r2, r0, r6, lsl sl",1
"push {r3, lr}",0
bl 0x153c,0
"pop {r3, pc}",0
"str lr, [sp, -4]!",0
"ldr lr, [0x00001178]        ; [0x1178:4]=0x1bf84",0
"add lr, pc, lr",0
"ldr pc, [lr, 8]!",0
"andeq fp, r1, r4, lsl 31",0
"add ip, pc, 0, 12",0
"add ip, ip, 0x1b000",0
"ldr pc, [ip, 0xf84]!",0
"add ip, pc, 0, 12",0
"add ip, ip, 0x1b000",0
"ldr pc, [ip, 0xf7c]!",0
"add ip, pc, 0, 12",0
"add ip, ip, 0x1b000",0
"ldr pc, [ip, 0xf74]!",0
"add ip, pc, 0, 12",0
"add ip, ip, 0x1b000",0
"ldr pc, [ip, 0xf6c]!",0
"add ip, pc, 0, 12",0
"add ip, ip, 0x1b000",0
"ldr pc, [ip, 0xf64]!",0
"add ip, pc, 0, 12",0
"add ip, ip, 0x1b000",0
"ldr pc, [ip, 0xf5c]!",0
"add ip, pc, 0, 12",0
"add ip, ip, 0x1b000",0
"ldr pc, [ip, 0xf54]!",0
"add ip, pc, 0, 12",0
"add ip, ip, 0x1b000",0
"ldr pc, [ip, 0xf4c]!",0
"add ip, pc, 0, 12",0
"add ip, ip, 0x1b000",0
"ldr pc, [ip, 0xf44]!",0
"add ip, pc, 0, 12",0
"add ip, ip, 0x1b000",0
"ldr pc, [ip, 0xf3c]!",0
"add ip, pc, 0, 12",0
"add ip, ip, 0x1b000",0
"ldr pc, [ip, 0xf34]!",0
"add ip, pc, 0, 12",0
"add ip, ip, 0x1b000",0
"ldr pc, [ip, 0xf2c]!",0
"add ip, pc, 0, 12",0
"add ip, ip, 0x1b000",0
"ldr pc, [ip, 0xf24]!",0
"add ip, pc, 0, 12",0
"add ip, ip, 0x1b000",0
"ldr pc, [ip, 0xf1c]!",0
"add ip, pc, 0, 12",0
"add ip, ip, 0x1b000",0
"ldr pc, [ip, 0xf14]!",0
"add ip, pc, 0, 12",0
"add ip, ip, 0x1b000",0
"ldr pc, [ip, 0xf0c]!",0
"add ip, pc, 0, 12",0
"add ip, ip, 0x1b000",0
"ldr pc, [ip, 0xf04]!",0
"add ip, pc, 0, 12",0
"add ip, ip, 0x1b000",0
"ldr pc, [ip, 0xefc]!",0
"add ip, pc, 0, 12",0
"add ip, ip, 0x1b000",0
"ldr pc, [ip, 0xef4]!",0
"add ip, pc, 0, 12",0
"add ip, ip, 0x1b000",0
"ldr pc, [ip, 0xeec]!",0
"add ip, pc, 0, 12",0
"add ip, ip, 0x1b000",0
"ldr pc, [ip, 0xee4]!",0
"add ip, pc, 0, 12",0
"add ip, ip, 0x1b000",0
"ldr pc, [ip, 0xedc]!",0
"add ip, pc, 0, 12",0
"add ip, ip, 0x1b000",0
"ldr pc, [ip, 0xed4]!",0
"add ip, pc, 0, 12",0
"add ip, ip, 0x1b000",0
"ldr pc, [ip, 0xecc]!",0
"add ip, pc, 0, 12",0
"add ip, ip, 0x1b000",0
"ldr pc, [ip, 0xec4]!",0
"add ip, pc, 0, 12",0
"add ip, ip, 0x1b000",0
"ldr pc, [ip, 0xebc]!",0
"add ip, pc, 0, 12",0
"add ip, ip, 0x1b000",0
"ldr pc, [ip, 0xeb4]!",0
"add ip, pc, 0, 12",0
"add ip, ip, 0x1b000",0
"ldr pc, [ip, 0xeac]!",0
"add ip, pc, 0, 12",0
"add ip, ip, 0x1b000",0
"ldr pc, [ip, 0xea4]!",0
"add ip, pc, 0, 12",0
"add ip, ip, 0x1b000",0
"ldr pc, [ip, 0xe9c]!",0
"add ip, pc, 0, 12",0
"add ip, ip, 0x1b000",0
"ldr pc, [ip, 0xe94]!",0
"add ip, pc, 0, 12",0
"add ip, ip, 0x1b000",0
"ldr pc, [ip, 0xe8c]!",0
"add ip, pc, 0, 12",0
"add ip, ip, 0x1b000",0
"ldr pc, [ip, 0xe84]!",0
"add ip, pc, 0, 12",0
"add ip, ip, 0x1b000",0
"ldr pc, [ip, 0xe7c]!",0
"add ip, pc, 0, 12",0
"add ip, ip, 0x1b000",0
"ldr pc, [ip, 0xe74]!",0
"add ip, pc, 0, 12",0
"add ip, ip, 0x1b000",0
"ldr pc, [ip, 0xe6c]!",0
"add ip, pc, 0, 12",0
"add ip, ip, 0x1b000",0
"ldr pc, [ip, 0xe64]!",0
"add ip, pc, 0, 12",0
"add ip, ip, 0x1b000",0
"ldr pc, [ip, 0xe5c]!",0
"add ip, pc, 0, 12",0
"add ip, ip, 0x1b000",0
"ldr pc, [ip, 0xe54]!",0
"add ip, pc, 0, 12",0
"add ip, ip, 0x1b000",0
"ldr pc, [ip, 0xe4c]!",0
"add ip, pc, 0, 12",0
"add ip, ip, 0x1b000",0
"ldr pc, [ip, 0xe44]!",0
"add ip, pc, 0, 12",0
"add ip, ip, 0x1b000",0
"ldr pc, [ip, 0xe3c]!",0
"add ip, pc, 0, 12",0
"add ip, ip, 0x1b000",0
"ldr pc, [ip, 0xe34]!",0
"add ip, pc, 0, 12",0
"add ip, ip, 0x1b000",0
"ldr pc, [ip, 0xe2c]!",0
"add ip, pc, 0, 12",0
"add ip, ip, 0x1b000",0
"ldr pc, [ip, 0xe24]!",0
"add ip, pc, 0, 12",0
"add ip, ip, 0x1b000",0
"ldr pc, [ip, 0xe1c]!",0
"add ip, pc, 0, 12",0
"add ip, ip, 0x1b000",0
"ldr pc, [ip, 0xe14]!",0
"add ip, pc, 0, 12",0
"add ip, ip, 0x1b000",0
"ldr pc, [ip, 0xe0c]!",0
"add ip, pc, 0, 12",0
"add ip, ip, 0x1b000",0
"ldr pc, [ip, 0xe04]!",0
"add ip, pc, 0, 12",0
"add ip, ip, 0x1b000",0
"ldr pc, [ip, 0xdfc]!",0
"add ip, pc, 0, 12",0
"add ip, ip, 0x1b000",0
"ldr pc, [ip, 0xdf4]!",0
"add ip, pc, 0, 12",0
"add ip, ip, 0x1b000",0
"ldr pc, [ip, 0xdec]!",0
"add ip, pc, 0, 12",0
"add ip, ip, 0x1b000",0
"ldr pc, [ip, 0xde4]!",0
"add ip, pc, 0, 12",0
"add ip, ip, 0x1b000",0
"ldr pc, [ip, 0xddc]!",0
"add ip, pc, 0, 12",0
"add ip, ip, 0x1b000",0
"ldr pc, [ip, 0xdd4]!",0
"add ip, pc, 0, 12",0
"add ip, ip, 0x1b000",0
"ldr pc, [ip, 0xdcc]!",0
"add ip, pc, 0, 12",0
"add ip, ip, 0x1b000",0
"ldr pc, [ip, 0xdc4]!",0
"add ip, pc, 0, 12",0
"add ip, ip, 0x1b000",0
"ldr pc, [ip, 0xdbc]!",0
"add ip, pc, 0, 12",0
"add ip, ip, 0x1b000",0
"ldr pc, [ip, 0xdb4]!",0
"add ip, pc, 0, 12",0
"add ip, ip, 0x1b000",0
"ldr pc, [ip, 0xdac]!",0
"add ip, pc, 0, 12",0
"add ip, ip, 0x1b000",0
"ldr pc, [ip, 0xda4]!",0
"add ip, pc, 0, 12",0
"add ip, ip, 0x1b000",0
"ldr pc, [ip, 0xd9c]!",0
"add ip, pc, 0, 12",0
"add ip, ip, 0x1b000",0
"ldr pc, [ip, 0xd94]!",0
"add ip, pc, 0, 12",0
"add ip, ip, 0x1b000",0
"ldr pc, [ip, 0xd8c]!",0
"add ip, pc, 0, 12",0
"add ip, ip, 0x1b000",0
"ldr pc, [ip, 0xd84]!",0
"add ip, pc, 0, 12",0
"add ip, ip, 0x1b000",0
"ldr pc, [ip, 0xd7c]!",0
"add ip, pc, 0, 12",0
"add ip, ip, 0x1b000",0
"ldr pc, [ip, 0xd74]!",0
"add ip, pc, 0, 12",0
"add ip, ip, 0x1b000",0
"ldr pc, [ip, 0xd6c]!",0
"add ip, pc, 0, 12",0
"add ip, ip, 0x1b000",0
"ldr pc, [ip, 0xd64]!",0
"add ip, pc, 0, 12",0
"add ip, ip, 0x1b000",0
"ldr pc, [ip, 0xd5c]!",0
"add ip, pc, 0, 12",0
"add ip, ip, 0x1b000",0
"ldr pc, [ip, 0xd54]!",0
"add ip, pc, 0, 12",0
"add ip, ip, 0x1b000",0
"ldr pc, [ip, 0xd4c]!",0
"add ip, pc, 0, 12",0
"add ip, ip, 0x1b000",0
"ldr pc, [ip, 0xd44]!",0
"add ip, pc, 0, 12",0
"add ip, ip, 0x1b000",0
"ldr pc, [ip, 0xd3c]!",0
"add ip, pc, 0, 12",0
"add ip, ip, 0x1b000",0
"ldr pc, [ip, 0xd34]!",0
"mov fp, 0",0
"mov lr, 0",0
pop {r1},0
"mov r2, sp",0
"str r2, [sp, -4]!",0
"str r0, [sp, -4]!",0
"ldr ip, [0x00001530]        ; [0x1530:4]=0x1b468",0
"str ip, [sp, -4]!",0
"ldr r0, [0x00001534]        ; [0x1534:4]=0x9e68",0
"ldr r3, [0x00001538]        ; [0x1538:4]=0x1b404",0
bl 0x1350,0
bl 0x14dc,0
"andeq fp, r1, r8, ror 8",0
"andeq sb, r0, r8, ror 28",0
"andeq fp, r1, r4, lsl 8",0
"ldr r3, [0x00001558]        ; [0x1558:4]=0x1bbb0",0
"ldr r2, [0x0000155c]        ; [0x155c:4]=312",0
"add r3, pc, r3",0
"ldr r2, [r3, r2]",0
"cmp r2, 0",0
bxeq lr,0
b 0x1380,0
"strheq fp, [r1], -r0",0
"andeq r0, r0, r8, lsr r1",0
"push {r3, lr}",0
"ldr r0, [0x0000158c]        ; [0x158c:4]=0x252d0",0
"ldr r3, [0x00001590]        ; [0x1590:4]=0x252d3",0
"rsb r3, r0, r3",0
"cmp r3, 6",0
"popls {r3, pc}",0
"ldr r3, [0x00001594]        ; [0x1594:4]=0",0
"cmp r3, 0",0
"popeq {r3, pc}",0
blx r3,0
"pop {r3, pc}",0
"ldrdeq r5, r6, [r2], -r0",0
"ldrdeq r5, r6, [r2], -r3",0
"andeq r0, r0, r0",0
"ldr r0, [0x000015cc]        ; [0x15cc:4]=0x252d0",0
"ldr r1, [0x000015d0]        ; [0x15d0:4]=0x252d0",0
"push {r3, lr}",0
"rsb r1, r0, r1",0
"asr r1, r1, 2",0
"add r1, r1, r1, lsr 31",0
"asrs r1, r1, 1",0
"popeq {r3, pc}",0
"ldr r3, [0x000015d4]        ; [0x15d4:4]=0",0
"cmp r3, 0",0
"popeq {r3, pc}",0
blx r3,0
"pop {r3, pc}",0
"ldrdeq r5, r6, [r2], -r0",0
"ldrdeq r5, r6, [r2], -r0",0
"andeq r0, r0, r0",0
"push {r4, lr}",0
"ldr r4, [0x000015fc]        ; [0x15fc:4]=0x252fc",0
"ldrb r3, [r4]",0
"cmp r3, 0",0
"popne {r4, pc}",0
bl 0x1560,0
"mov r3, 1",0
"strb r3, [r4]",0
"pop {r4, pc}",0
"strdeq r5, r6, [r2], -ip",0
"ldr r0, [0x0000162c]        ; [0x162c:4]=0x25008",0
"push {r3, lr}",0
"ldr r3, [r0]",0
"cmp r3, 0",0
beq 0x1624,0
"ldr r3, [0x00001630]        ; [0x1630:4]=0",0
"cmp r3, 0",0
beq 0x1624,0
blx r3,0
"pop {r3, lr}",0
b 0x1598,0
"andeq r5, r2, r8",0
"andeq r0, r0, r0",0
"push {r3, r4, r5, lr}",0
"mov r4, r1",0
"ldr r3, [0x00001730]        ; [0x1730:4]=0x252f8",0
"ldr ip, [r3]",0
"ldrb r3, [ip]",0
"sub r3, r3, 0x61",0
"cmp r3, 0x13",0
"ldrls pc, [pc, r3, lsl 2]   ; [0x1658:4]=0x96a8",0
b 0x1720,0
"andeq sb, r0, r8, lsr 13",0
"andeq sb, r0, r0, lsr 14",0
"andeq sb, r0, r0, lsr 14",0
"andeq sb, r0, r0, lsr 14",0
"andeq sb, r0, r0, lsr 14",0
"andeq sb, r0, r0, lsr 14",0
"andeq sb, r0, r0, lsr 14",0
"andeq sb, r0, r0, lsr 14",0
"andeq sb, r0, r0, lsr 14",0
"andeq sb, r0, r0, lsr 14",0
"andeq sb, r0, r0, lsr 14",0
"andeq sb, r0, r0, lsr 14",0
"andeq sb, r0, r0, lsr 14",0
"andeq sb, r0, r8, lsr 13",0
"andeq sb, r0, r0, lsr 14",0
"strheq sb, [r0], -r4",0
"andeq sb, r0, r0, lsr 14",0
"andeq sb, r0, r0, lsr 14",0
"andeq sb, r0, r0, lsr 14",0
"andeq sb, r0, r8, lsr 13",0
"str ip, [r0]",0
"mov r0, 1",0
"pop {r3, r4, r5, pc}",0
"str ip, [r0]",0
"ldr r1, [0x00001730]        ; [0x1730:4]=0x252f8",0
"add ip, ip, 1",0
"str ip, [r1]",0
"mov r3, 0",0
"str r3, [r4]",0
"str r3, [r4, 4]",0
"str r2, [r4, 0x10]",0
"str r3, [r4, 0x14]",0
"ldr r2, [0x00001734]        ; [0x1734:4]=0x2c6",0
"ldr r3, [0x00001738]        ; [0x1738:4]=0x257e8",0
"str r2, [r3]",0
"ldr r5, [r1]",0
"mov r0, r5",0
bl 0x13b0,0
"mov r1, r0",0
"mov r0, r5",0
"mov r2, r4",0
bl 0x11b20,0
"subs r3, r0, 0",0
beq 0x1728,0
"mov r0, 1",0
"mov r1, 0",0
"ldr r2, [0x0000173c]        ; [0x173c:4]=0x1bdc8",0
bl 0x1320,0
"mov r0, 1",0
"pop {r3, r4, r5, pc}",0
"mov r0, 0",0
"pop {r3, r4, r5, pc}",0
"mov r0, 1",0
"pop {r3, r4, r5, pc}",0
"strdeq r5, r6, [r2], -r8",0
"andeq r0, r0, r6, asr 5",0
"andeq r5, r2, r8, ror 15",0
"andeq fp, r1, r8, asr 27",0
"push {r4, r5, r6, r7, lr}",0
"sub sp, sp, 0x14",0
"ldr r4, [0x000017c0]        ; [0x17c0:4]=0x25248",0
"ldr r1, [r4]",0
"ldr r2, [r4, 4]",0
"ldr r5, [0x000017c4]        ; [0x17c4:4]=0x25300",0
"ldm r5, {r6, r7}",0
"stm sp, {r6, r7}",0
"ldr r3, [r4, 8]",0
"str r3, [sp, 8]",0
"mov r0, 1",0
bl 0x141c,0
"ldm r5, {r2, r3}",0
"add r5, r4, 0x10",0
"ldm r5, {r4, r5}",0
"adds r4, r4, r2",0
"adc r5, r5, r3",0
"cmp r4, r2",0
"sbcs r1, r5, r3",0
bge 0x17b0,0
"mov r0, 0",0
"ldr r1, [0x000017c8]        ; [0x17c8:4]=0x1b5a8",0
"mov r2, 5",0
bl 0x12a8,0
"mov r2, r0",0
"mov r0, 1",0
"mov r1, 0",0
bl 0x1320,0
"ldr r3, [0x000017c4]        ; [0x17c4:4]=0x25300",0
"stm r3, {r4, r5}",0
"add sp, sp, 0x14",0
"pop {r4, r5, r6, r7, pc}",0
"andeq r5, r2, r8, asr 4",0
"andeq r5, r2, r0, lsl 6",0
"andeq fp, r1, r8, lsr 11",0
"push {r4, r5, r6, r7, r8, sb, sl, fp, lr}",0
"sub sp, sp, 0x14",0
"str r0, [sp, 0xc]",0
"ldrb r3, [r0]",0
"cmp r3, 0x2d",0
bne 0x1808,0
"ldrb r3, [r0, 1]",0
"cmp r3, 0",0
bne 0x1808,0
"mov r2, 1",0
"ldr r3, [0x00001c08]        ; [0x1c08:4]=0x25300",0
"strb r2, [r3, 8]",0
"ldr r3, [0x00001c0c]        ; [0x1c0c:4]=0x252f0",0
"ldr r7, [r3]",0
b 0x183c,0
"ldr r0, [sp, 0xc]",0
"ldr r1, [0x00001c10]        ; [0x1c10:4]=0x1c74c",0
bl 0x14ac,0
"subs r7, r0, 0",0
bne 0x183c,0
bl 0x13d4,0
"ldr r1, [r0]",0
"mov r0, 0",0
"ldr r2, [0x00001c14]        ; [0x1c14:4]=0x1bdc8",0
"ldr r3, [sp, 0xc]",0
bl 0x1320,0
"mov r0, 0",0
b 0x1c00,0
"mov r0, r7",0
"mov r1, 2",0
bl 0x28dc,0
"ldr r6, [0x00001c08]        ; [0x1c08:4]=0x25300",0
"add sl, r6, 0xc",0
"ldr sb, [0x00001c18]        ; [0x1c18:4]=0x252f4",0
"ldr r8, [0x00001c1c]        ; [0x1c1c:4]=0x25248",0
b 0x1a70,0
"ldr r4, [r6, 0x10]",0
"sub r5, r4, 1",0
"cmp r5, 1",0
bls 0x1b10,0
"ldr fp, [r6, 0x14]",0
"mov r0, fp",0
"ldr r1, [r8, 0x18]",0
"mov r2, 2",0
bl 0x1290,0
"cmp r0, 0",0
bne 0x1b10,0
"ldr r3, [r6, 0x18]",0
"cmp r5, r3",0
bne 0x18ac,0
"mov r0, fp",0
"ldr r1, [r6, 0x1c]",0
"mov r2, r5",0
bl 0x1290,0
"cmp r0, 0",0
beq 0x1bac,0
"ldr r3, [r6, 0x20]",0
"cmp r5, r3",0
bne 0x18d0,0
"mov r0, fp",0
"ldr r1, [r6, 0x24]",0
"mov r2, r5",0
bl 0x1290,0
"cmp r0, 0",0
beq 0x1b78,0
"ldr r3, [r6, 0x28]",0
"cmp r5, r3",0
bne 0x1b10,0
"mov r0, fp",0
"ldr r1, [r6, 0x2c]",0
"mov r2, r5",0
bl 0x1290,0
"cmp r0, 0",0
beq 0x1bcc,0
b 0x1b10,0
"add r3, r8, 0x20",0
"ldm r3, {r2, r3}",0
"stm r6, {r2, r3}",0
"ldr r0, [sb]",0
"ldr r3, [r0, 0x14]",0
"ldr r2, [r0, 0x18]",0
"cmp r3, r2",0
"movlo r2, 0xa",0
"strblo r2, [r3], 1",0
"strlo r3, [r0, 0x14]",0
blo 0x1a70,0
"mov r1, 0xa",0
bl 0x1464,0
b 0x1a70,0
"mov r1, 0xa",0
bl 0x1464,0
b 0x1a70,0
"mov r1, 0xa",0
bl 0x1464,0
b 0x1a70,0
"add r1, r8, 0x28",0
"ldm r1, {r0, r1}",0
"cmp r0, 2",0
"sbcs r2, r1, 0",0
blt 0x19b8,0
"cmp r4, 1",0
bhi 0x1990,0
"add r3, r6, 0x30",0
"ldm r3, {r2, r3}",0
"mov r4, 1",0
"mov r5, 0",0
"adds r2, r2, r4",0
"adc r3, r3, r5",0
"str r2, [r6, 0x30]",0
"str r3, [r6, 0x34]",0
"cmp r1, r3",0
"cmpeq r0, r2",0
bne 0x19a8,0
bl 0x1740,0
"mov r2, 0",0
"mov r3, 0",0
"str r2, [r6, 0x30]",0
"str r3, [r6, 0x34]",0
b 0x1a5c,0
"ldr r0, [r6, 0x38]",0
"ldr r1, [sb]",0
bl 0x11a0,0
b 0x1a5c,0
bl 0x1740,0
b 0x1a5c,0
"cmp r4, 1",0
bls 0x19d0,0
bl 0x1740,0
b 0x1a5c,0
"ldr r0, [r6, 0x38]",0
"ldr r1, [sb]",0
bl 0x11a0,0
b 0x1a5c,0
"ldr r0, [r6, 0x38]",0
"ldr r1, [sb]",0
bl 0x11a0,0
b 0x1a5c,0
"ldr r0, [r6, 0x3c]",0
"ldr r1, [r6, 0x14]",0
"str r5, [sp]",0
"mov r3, 0",0
"str r3, [sp, 4]",0
"mov r2, r5",0
bl 0x123f0,0
"cmn r0, 2",0
beq 0x1a20,0
"cmn r0, 1",0
bne 0x1a58,0
b 0x1a48,0
bl 0x13d4,0
"ldr r4, [r0]",0
"mov r0, 0",0
"ldr r1, [0x00001c20]        ; [0x1c20:4]=0x1b5c0",0
"mov r2, 5",0
bl 0x12a8,0
"mov r2, r0",0
"mov r0, 1",0
"mov r1, r4",0
bl 0x1320,0
"ldr r0, [r6, 0x38]",0
"ldr r1, [sb]",0
bl 0x11a0,0
b 0x1a5c,0
bl 0x1740,0
"ldr r0, [r6, 0x14]",0
"mov r1, 1",0
"ldr r2, [r6, 0x10]",0
"ldr r3, [sb]",0
bl 0x1284,0
"mov r0, sl",0
"mov r1, r7",0
bl 0x2a30,0
"cmp r0, 0",0
bne 0x185c,0
"ldr r3, [r7]",0
"tst r3, 0x20",0
beq 0x1ab0,0
bl 0x13d4,0
"ldr r1, [r0]",0
"mov r0, 0",0
"ldr r2, [0x00001c14]        ; [0x1c14:4]=0x1bdc8",0
"ldr r3, [sp, 0xc]",0
bl 0x1320,0
"mov r0, 0",0
b 0x1c00,0
"ldr r2, [sp, 0xc]",0
"ldrb r3, [r2]",0
"cmp r3, 0x2d",0
bne 0x1adc,0
"ldrb r3, [r2, 1]",0
"cmp r3, 0",0
bne 0x1adc,0
"mov r0, r7",0
bl 0x1494,0
"mov r0, 1",0
b 0x1c00,0
"mov r0, r7",0
bl 0x51d0,0
"cmn r0, 1",0
"movne r0, 1",0
bne 0x1c00,0
bl 0x13d4,0
"ldr r1, [r0]",0
"mov r0, 0",0
"ldr r2, [0x00001c14]        ; [0x1c14:4]=0x1bdc8",0
"ldr r3, [sp, 0xc]",0
bl 0x1320,0
"mov r0, 0",0
b 0x1c00,0
"ldr r3, [r6, 0x40]",0
"ldrb r3, [r3]",0
"sub r3, r3, 0x61",0
"cmp r3, 0x13",0
"ldrls pc, [pc, r3, lsl 2]   ; [0x1b28:4]=0x9948",0
b 0x1a5c,0
"andeq sb, r0, r8, asr 18",0
"andeq sb, r0, ip, asr sl",0
"andeq sb, r0, ip, asr sl",0
"andeq sb, r0, ip, asr sl",0
"andeq sb, r0, ip, asr sl",0
"andeq sb, r0, ip, asr sl",0
"andeq sb, r0, ip, asr sl",0
"andeq sb, r0, ip, asr sl",0
"andeq sb, r0, ip, asr sl",0
"andeq sb, r0, ip, asr sl",0
"andeq sb, r0, ip, asr sl",0
"andeq sb, r0, ip, asr sl",0
"andeq sb, r0, ip, asr sl",0
"andeq sb, r0, r0, ror 19",0
"andeq sb, r0, ip, asr sl",0
"strdeq sb, sl, [r0], -r0",0
"andeq sb, r0, ip, asr sl",0
"andeq sb, r0, ip, asr sl",0
"andeq sb, r0, ip, asr sl",0
"andeq sb, r0, r0, asr 19",0
"ldr r3, [r8, 0x30]",0
"str r3, [r6, 0x40]",0
"add r3, r6, 0x44",0
"str r3, [r6, 0x3c]",0
"ldr r0, [sb]",0
"ldr r3, [r0, 0x14]",0
"ldr r2, [r0, 0x18]",0
"cmp r3, r2",0
"movlo r2, 0xa",0
"strblo r2, [r3], 1",0
"strlo r3, [r0, 0x14]",0
blo 0x1a70,0
b 0x1930,0
"ldr r3, [r8, 0x34]",0
"str r3, [r6, 0x40]",0
"add r3, r6, 0x64",0
"str r3, [r6, 0x3c]",0
"ldrb r3, [r8, 0x38]",0
"cmp r3, 0",0
bne 0x18f8,0
b 0x1904,0
"ldr r3, [r8, 0x3c]",0
"str r3, [r6, 0x40]",0
"add r3, r6, 0x84",0
"str r3, [r6, 0x3c]",0
"ldr r0, [sb]",0
"ldr r3, [r0, 0x14]",0
"ldr r2, [r0, 0x18]",0
"cmp r3, r2",0
"movlo r2, 0xa",0
"strblo r2, [r3], 1",0
"strlo r3, [r0, 0x14]",0
blo 0x1a70,0
b 0x193c,0
"add sp, sp, 0x14",0
"pop {r4, r5, r6, r7, r8, sb, sl, fp, pc}",0
"andeq r5, r2, r0, lsl 6",0
"strdeq r5, r6, [r2], -r0",0
"andeq ip, r1, ip, asr 14",0
"andeq fp, r1, r8, asr 27",0
"strdeq r5, r6, [r2], -r4",0
"andeq r5, r2, r8, asr 4",0
"andeq fp, r1, r0, asr 11",0
"push {r3, lr}",0
"subs r5, r0, 0",0
beq 0x1c64,0
"ldr r3, [0x00001e18]        ; [0x1e18:4]=0x252e8",0
"ldr r4, [r3]",0
"mov r0, 0",0
"ldr r1, [0x00001e1c]        ; [0x1e1c:4]=0x1b5e4",0
"mov r2, 5",0
bl 0x12a8,0
"mov r2, r0",0
"mov r0, r4",0
"mov r1, 1",0
"ldr r3, [0x00001e20]        ; [0x1e20:4]=0x256b0",0
"ldr r3, [r3]",0
bl 0x1434,0
b 0x1e10,0
"mov r0, 0",0
"ldr r1, [0x00001e24]        ; [0x1e24:4]=0x1b60c",0
"mov r2, 5",0
bl 0x12a8,0
"mov r1, r0",0
"mov r0, 1",0
"ldr r3, [0x00001e20]        ; [0x1e20:4]=0x256b0",0
"ldr r2, [r3]",0
bl 0x141c,0
"mov r0, 0",0
"ldr r1, [0x00001e28]        ; [0x1e28:4]=0x1b630",0
"mov r2, 5",0
bl 0x12a8,0
"ldr r4, [0x00001e2c]        ; [0x1e2c:4]=0x252f4",0
"ldr r1, [r4]",0
bl 0x11a0,0
"mov r0, 0",0
"ldr r1, [0x00001e30]        ; [0x1e30:4]=0x1b6a4",0
"mov r2, 5",0
bl 0x12a8,0
"ldr r1, [r4]",0
bl 0x11a0,0
"mov r0, 0",0
"ldr r1, [0x00001e34]        ; [0x1e34:4]=0x1b6f0",0
"mov r2, 5",0
bl 0x12a8,0
"ldr r1, [r4]",0
bl 0x11a0,0
"mov r0, 0",0
"ldr r1, [0x00001e38]        ; [0x1e38:4]=0x1b7c4",0
"mov r2, 5",0
bl 0x12a8,0
"ldr r1, [r4]",0
bl 0x11a0,0
"mov r0, 0",0
"ldr r1, [0x00001e3c]        ; [0x1e3c:4]=0x1b980",0
"mov r2, 5",0
bl 0x12a8,0
"ldr r1, [r4]",0
bl 0x11a0,0
"mov r0, 0",0
"ldr r1, [0x00001e40]        ; [0x1e40:4]=0x1ba14",0
"mov r2, 5",0
bl 0x12a8,0
"ldr r1, [r4]",0
bl 0x11a0,0
"mov r0, 0",0
"ldr r1, [0x00001e44]        ; [0x1e44:4]=0x1ba44",0
"mov r2, 5",0
bl 0x12a8,0
"ldr r1, [r4]",0
bl 0x11a0,0
"mov r0, 0",0
"ldr r1, [0x00001e48]        ; [0x1e48:4]=0x1ba7c",0
"mov r2, 5",0
bl 0x12a8,0
"ldr r1, [r4]",0
bl 0x11a0,0
"mov r0, 0",0
"ldr r1, [0x00001e4c]        ; [0x1e4c:4]=0x1bb44",0
"mov r2, 5",0
bl 0x12a8,0
"ldr r1, [r4]",0
bl 0x11a0,0
"mov r0, 0",0
"ldr r1, [0x00001e50]        ; [0x1e50:4]=0x1bc98",0
"mov r2, 5",0
bl 0x12a8,0
"mov r1, r0",0
"mov r0, 1",0
"ldr r2, [0x00001e54]        ; [0x1e54:4]=0x1bcb0",0
"ldr r3, [0x00001e58]        ; [0x1e58:4]=0x1bcc0",0
bl 0x141c,0
"mov r0, 5",0
"mov r1, 0",0
bl 0x1470,0
"cmp r0, 0",0
beq 0x1de0,0
"ldr r1, [0x00001e5c]        ; [0x1e5c:4]=0x1bce8",0
"mov r2, 3",0
bl 0x14d0,0
"cmp r0, 0",0
beq 0x1de0,0
"mov r0, 0",0
"ldr r1, [0x00001e60]        ; [0x1e60:4]=0x1bcec",0
"mov r2, 5",0
bl 0x12a8,0
"mov r4, r0",0
"ldr r3, [0x00001e20]        ; [0x1e20:4]=0x256b0",0
"ldr r0, [r3]",0
bl 0x27f4,0
"mov r2, r0",0
"mov r0, 1",0
"mov r1, r4",0
bl 0x141c,0
"mov r0, 0",0
"ldr r1, [0x00001e64]        ; [0x1e64:4]=0x1bd34",0
"mov r2, 5",0
bl 0x12a8,0
"mov r4, r0",0
"ldr r3, [0x00001e20]        ; [0x1e20:4]=0x256b0",0
"ldr r0, [r3]",0
bl 0x27f4,0
"mov r2, r0",0
"mov r0, 1",0
"mov r1, r4",0
bl 0x141c,0
"mov r0, r5",0
bl 0x13a4,0
"andeq r5, r2, r8, ror 5",0
"andeq fp, r1, r4, ror 11",0
"strheq r5, [r2], -r0",0
"andeq fp, r1, ip, lsl 12",0
"andeq fp, r1, r0, lsr r6",0
"strdeq r5, r6, [r2], -r4",0
"andeq fp, r1, r4, lsr 13",0
"strdeq fp, ip, [r1], -r0",0
"andeq fp, r1, r4, asr 15",0
"andeq fp, r1, r0, lsl 19",0
"andeq fp, r1, r4, lsl sl",0
"andeq fp, r1, r4, asr 20",0
"andeq fp, r1, ip, ror sl",0
"andeq fp, r1, r4, asr 22",0
"muleq r1, r8, ip",0
"strheq fp, [r1], -r0",0
"andeq fp, r1, r0, asr 25",0
"andeq fp, r1, r8, ror 25",0
"andeq fp, r1, ip, ror 25",0
"andeq fp, r1, r4, lsr sp",0
"push {r4, r5, r6, r7, r8, sb, sl, fp, lr}",0
"sub sp, sp, 0x24",0
"mov r6, r0",0
"mov r4, r1",0
"ldr r0, [r1]",0
bl 0x2a50,0
"mov r0, 6",0
"ldr r1, [0x00002674]        ; [0x2674:4]=0x1bd74 ; ""t\xbd\x01""",0
bl 0x1470,0
"ldr r5, [0x00002678]        ; [0x2678:4]=0x1bcb4",0
"mov r0, r5",0
"ldr r1, [0x0000267c]        ; [0x267c:4]=0x1bd78 ; ""x\xbd\x01""",0
bl 0x14b8,0
"mov r0, r5",0
bl 0x12c0,0
"ldr r0, [0x00002680]        ; [0x2680:4]=0xa6fc",0
bl 0x1346c,0
"mov r2, 0",0
"ldr r3, [0x00002684]        ; [0x2684:4]=0x25300",0
"strb r2, [r3, 8]",0
"mov sl, 1",0
"ldr r5, [0x00002688]        ; [0x2688:4]=0x1b4a4",0
"ldr r7, [0x0000268c]        ; [0x268c:4]=0x25248",0
"add r1, r5, 0x14",0
"str r1, [sp, 0x14]",0
"add fp, r7, 0x28",0
"mov r8, r3",0
"add sb, r3, 0x84",0
b 0x24bc,0
"add r0, r0, 3",0
"cmp r0, 0x7a",0
"ldrls pc, [pc, r0, lsl 2]   ; [0x1eec:4]=0xa47c",0
b 0x24b8,0
"andeq sl, r0, ip, ror r4",0
"andeq sl, r0, r4, ror r4",0
"strheq sl, [r0], -r8",0
"strheq sl, [r0], -r8",0
"strheq sl, [r0], -r8",0
"strheq sl, [r0], -r8",0
"strheq sl, [r0], -r8",0
"strheq sl, [r0], -r8",0
"strheq sl, [r0], -r8",0
"strheq sl, [r0], -r8",0
"strheq sl, [r0], -r8",0
"strheq sl, [r0], -r8",0
"strheq sl, [r0], -r8",0
"strheq sl, [r0], -r8",0
"strheq sl, [r0], -r8",0
"strheq sl, [r0], -r8",0
"strheq sl, [r0], -r8",0
"strheq sl, [r0], -r8",0
"strheq sl, [r0], -r8",0
"strheq sl, [r0], -r8",0
"strheq sl, [r0], -r8",0
"strheq sl, [r0], -r8",0
"strheq sl, [r0], -r8",0
"strheq sl, [r0], -r8",0
"strheq sl, [r0], -r8",0
"strheq sl, [r0], -r8",0
"strheq sl, [r0], -r8",0
"strheq sl, [r0], -r8",0
"strheq sl, [r0], -r8",0
"strheq sl, [r0], -r8",0
"strheq sl, [r0], -r8",0
"strheq sl, [r0], -r8",0
"strheq sl, [r0], -r8",0
"strheq sl, [r0], -r8",0
"strheq sl, [r0], -r8",0
"strheq sl, [r0], -r8",0
"strheq sl, [r0], -r8",0
"strheq sl, [r0], -r8",0
"strheq sl, [r0], -r8",0
"strheq sl, [r0], -r8",0
"strheq sl, [r0], -r8",0
"strheq sl, [r0], -r8",0
"strheq sl, [r0], -r8",0
"strheq sl, [r0], -r8",0
"strheq sl, [r0], -r8",0
"strheq sl, [r0], -r8",0
"strheq sl, [r0], -r8",0
"strheq sl, [r0], -r8",0
"strheq sl, [r0], -r8",0
"strheq sl, [r0], -r8",0
"strheq sl, [r0], -r8",0
"strheq sl, [r0], -r8",0
"strheq sl, [r0], -r8",0
"strheq sl, [r0], -r8",0
"strheq sl, [r0], -r8",0
"strheq sl, [r0], -r8",0
"strheq sl, [r0], -r8",0
"strheq sl, [r0], -r8",0
"strheq sl, [r0], -r8",0
"strheq sl, [r0], -r8",0
"strheq sl, [r0], -r8",0
"strheq sl, [r0], -r8",0
"strheq sl, [r0], -r8",0
"strheq sl, [r0], -r8",0
"strheq sl, [r0], -r8",0
"strheq sl, [r0], -r8",0
"strheq sl, [r0], -r8",0
"strheq sl, [r0], -r8",0
"strheq sl, [r0], -r8",0
"strheq sl, [r0], -r8",0
"strheq sl, [r0], -r8",0
"strheq sl, [r0], -r8",0
"strheq sl, [r0], -r8",0
"strheq sl, [r0], -r8",0
"strheq sl, [r0], -r8",0
"strheq sl, [r0], -r8",0
"strheq sl, [r0], -r8",0
"strheq sl, [r0], -r8",0
"strheq sl, [r0], -r8",0
"strheq sl, [r0], -r8",0
"strheq sl, [r0], -r8",0
"strheq sl, [r0], -r8",0
"strheq sl, [r0], -r8",0
"strheq sl, [r0], -r8",0
"strheq sl, [r0], -r8",0
"strheq sl, [r0], -r8",0
"strheq sl, [r0], -r8",0
"strheq sl, [r0], -r8",0
"strheq sl, [r0], -r8",0
"strheq sl, [r0], -r8",0
"strheq sl, [r0], -r8",0
"strheq sl, [r0], -r8",0
"strheq sl, [r0], -r8",0
"strheq sl, [r0], -r8",0
"strheq sl, [r0], -r8",0
"strheq sl, [r0], -r8",0
"strheq sl, [r0], -r8",0
"strheq sl, [r0], -r8",0
"strheq sl, [r0], -r8",0
"strheq sl, [r0], -r8",0
"strheq sl, [r0], -r8",0
"andeq sl, r0, r8, lsr 2",0
"strheq sl, [r0], -r8",0
"andeq sl, r0, r4, ror 8",0
"strheq sl, [r0], -r8",0
"andeq sl, r0, r8, ror r1",0
"strheq sl, [r0], -r8",0
"ldrdeq sl, fp, [r0], -r8",0
"andeq sl, r0, ip, lsr 4",0
"strheq sl, [r0], -r8",0
"strheq sl, [r0], -r8",0
"strheq sl, [r0], -r0",0
"strheq sl, [r0], -r8",0
"andeq sl, r0, ip, lsr 7",0
"strheq sl, [r0], -r8",0
"andeq sl, r0, r4, lsr 5",0
"strheq sl, [r0], -r8",0
"strheq sl, [r0], -r8",0
"andeq sl, r0, r8, lsr 6",0
"strheq sl, [r0], -r8",0
"strheq sl, [r0], -r8",0
"andeq sl, r0, r8, asr 3",0
"andeq sl, r0, r8, lsr r3",0
"add r0, r7, 0x34",0
"add r1, r8, 0x64",0
"add r2, r8, 0xa4",0
bl 0x1634,0
"cmp r0, 0",0
bne 0x24bc,0
"ldr r1, [0x00002690]        ; [0x2690:4]=0x1bda8",0
"mov r2, 5",0
bl 0x12a8,0
"mov sl, r0",0
"ldr r3, [0x00002694]        ; [0x2694:4]=0x252f8",0
"ldr r0, [r3]",0
bl 0x4194,0
"mov r3, r0",0
"mov r0, 0",0
"mov r1, r0",0
"mov r2, sl",0
bl 0x1320,0
"mov sl, 0",0
b 0x24bc,0
"add r0, r7, 0x30",0
"add r1, r8, 0x44",0
"add r2, r8, 0x1a4",0
bl 0x1634,0
"cmp r0, 0",0
bne 0x24bc,0
"ldr r1, [0x00002698]        ; [0x2698:4]=0x1bdcc",0
"mov r2, 5",0
bl 0x12a8,0
"mov sl, r0",0
"ldr r3, [0x00002694]        ; [0x2694:4]=0x252f8",0
"ldr r0, [r3]",0
bl 0x4194,0
"mov r3, r0",0
"mov r0, 0",0
"mov r1, r0",0
"mov r2, sl",0
bl 0x1320,0
"mov sl, 0",0
b 0x24bc,0
"add r0, r7, 0x3c",0
"mov r1, sb",0
"add r2, r8, 0x2a4",0
bl 0x1634,0
"cmp r0, 0",0
bne 0x24bc,0
"ldr r1, [0x0000269c]        ; [0x269c:4]=0x1bdf0",0
"mov r2, 5",0
bl 0x12a8,0
"mov sl, r0",0
"ldr r3, [0x00002694]        ; [0x2694:4]=0x252f8",0
"ldr r0, [r3]",0
bl 0x4194,0
"mov r3, r0",0
"mov r0, 0",0
"mov r1, r0",0
"mov r2, sl",0
bl 0x1320,0
"mov sl, 0",0
b 0x24bc,0
"ldr r3, [0x00002674]        ; [0x2674:4]=0x1bd74 ; ""t\xbd\x01""",0
"str r3, [sp]",0
"ldr r3, [0x00002694]        ; [0x2694:4]=0x252f8",0
"ldr r0, [r3]",0
"mov r1, 0",0
"mov r2, 0xa",0
"add r3, r7, 0x20",0
bl 0x4a5c,0
"cmp r0, 0",0
beq 0x24bc,0
"mov r0, 0",0
"ldr r1, [0x000026a0]        ; [0x26a0:4]=0x1be14",0
"mov r2, 5",0
bl 0x12a8,0
"mov sl, r0",0
"ldr r3, [0x00002694]        ; [0x2694:4]=0x252f8",0
"ldr r0, [r3]",0
bl 0x4194,0
"mov r3, r0",0
"mov r0, 0",0
"mov r1, r0",0
"mov r2, sl",0
bl 0x1320,0
"mov sl, 0",0
b 0x24bc,0
"ldr r3, [0x00002674]        ; [0x2674:4]=0x1bd74 ; ""t\xbd\x01""",0
"str r3, [sp]",0
"ldr r3, [0x00002694]        ; [0x2694:4]=0x252f8",0
"ldr r0, [r3]",0
"mov r1, 0",0
"mov r2, 0xa",0
"add r3, r7, 0x10",0
bl 0x4a5c,0
"cmp r0, 0",0
bne 0x2268,0
"add r3, r7, 0x10",0
"ldm r3, {r2, r3}",0
"cmp r2, 1",0
"sbcs r1, r3, 0",0
bge 0x24bc,0
"mov r0, 0",0
"ldr r1, [0x000026a4]        ; [0x26a4:4]=0x1be38",0
"mov r2, 5",0
bl 0x12a8,0
"mov sl, r0",0
"ldr r3, [0x00002694]        ; [0x2694:4]=0x252f8",0
"ldr r0, [r3]",0
bl 0x4194,0
"mov r3, r0",0
"mov r0, 0",0
"mov r1, r0",0
"mov r2, sl",0
bl 0x1320,0
"mov sl, 0",0
b 0x24bc,0
"mov r3, 0",0
"strb r3, [r7, 0x38]",0
b 0x24bc,0
"ldr r3, [0x00002674]        ; [0x2674:4]=0x1bd74 ; ""t\xbd\x01""",0
"str r3, [sp]",0
"ldr r3, [0x00002694]        ; [0x2694:4]=0x252f8",0
"ldr r0, [r3]",0
"mov r1, 0",0
"mov r2, 0xa",0
"mov r3, fp",0
bl 0x4a5c,0
"cmp r0, 0",0
bne 0x22ec,0
"add r3, r7, 0x28",0
"ldm r3, {r2, r3}",0
"cmp r2, 1",0
"sbcs r1, r3, 0",0
bge 0x24bc,0
"mov r0, 0",0
"ldr r1, [0x000026a8]        ; [0x26a8:4]=0x1be5c",0
"mov r2, 5",0
bl 0x12a8,0
"mov sl, r0",0
"ldr r3, [0x00002694]        ; [0x2694:4]=0x252f8",0
"ldr r0, [r3]",0
bl 0x4194,0
"mov r3, r0",0
"mov r0, 0",0
"mov r1, r0",0
"mov r2, sl",0
bl 0x1320,0
"mov sl, 0",0
b 0x24bc,0
"ldr r3, [0x00002694]        ; [0x2694:4]=0x252f8",0
"ldr r3, [r3]",0
"str r3, [r7, 8]",0
b 0x24bc,0
"ldr r3, [0x00002674]        ; [0x2674:4]=0x1bd74 ; ""t\xbd\x01""",0
"str r3, [sp]",0
"ldr r3, [0x00002694]        ; [0x2694:4]=0x252f8",0
"ldr r0, [r3]",0
"mov r1, 0",0
"mov r2, 0xa",0
"add r3, sp, 0x1c",0
bl 0x4e6c,0
"cmp r0, 0",0
bne 0x2370,0
"ldr r3, [sp, 0x1c]",0
"cmp r3, 0",0
"strgt r3, [r7, 4]",0
bgt 0x24bc,0
"mov r0, 0",0
"ldr r1, [0x000026ac]        ; [0x26ac:4]=0x1be80",0
"mov r2, 5",0
bl 0x12a8,0
"mov sl, r0",0
"ldr r3, [0x00002694]        ; [0x2694:4]=0x252f8",0
"ldr r0, [r3]",0
bl 0x4194,0
"mov r3, r0",0
"mov r0, 0",0
"mov r1, r0",0
"mov r2, sl",0
bl 0x1320,0
"mov sl, 0",0
b 0x24bc,0
"ldr r3, [0x00002694]        ; [0x2694:4]=0x252f8",0
"ldr r3, [r3]",0
"ldrb r2, [r3]",0
"cmp r2, 0x6c",0
bne 0x23e0,0
"ldrb r2, [r3, 1]",0
"cmp r2, 0x6e",0
bne 0x2428,0
"ldrb r3, [r3, 2]",0
"cmp r3, 0",0
bne 0x2428,0
"str r5, [r7]",0
b 0x24bc,0
"cmp r2, 0x72",0
bne 0x2428,0
"ldrb r2, [r3, 1]",0
"cmp r2, 0x6e",0
bne 0x240c,0
"ldrb r3, [r3, 2]",0
"cmp r3, 0",0
"addeq r3, r5, 0xc",0
"streq r3, [r7]",0
beq 0x24bc,0
b 0x2428,0
"cmp r2, 0x7a",0
bne 0x2428,0
"ldrb r3, [r3, 2]",0
"cmp r3, 0",0
"ldreq r3, [sp, 0x14]",0
"streq r3, [r7]",0
beq 0x24bc,0
"mov r0, 0",0
"ldr r1, [0x000026b0]        ; [0x26b0:4]=0x1bea4",0
"mov r2, 5",0
bl 0x12a8,0
"mov sl, r0",0
"ldr r3, [0x00002694]        ; [0x2694:4]=0x252f8",0
"ldr r0, [r3]",0
bl 0x4194,0
"mov r3, r0",0
"mov r0, 0",0
"mov r1, r0",0
"mov r2, sl",0
bl 0x1320,0
"mov sl, 0",0
b 0x24bc,0
"ldr r3, [0x00002694]        ; [0x2694:4]=0x252f8",0
"ldr r3, [r3]",0
"str r3, [r7, 0x18]",0
b 0x24bc,0
"mov r0, 0",0
bl 0x1c24,0
"ldr r3, [0x000026b4]        ; [0x26b4:4]=0x1becc",0
"str r3, [sp]",0
"ldr r3, [0x000026b8]        ; [0x26b8:4]=0x1bedc",0
"str r3, [sp, 4]",0
"mov r4, 0",0
"str r4, [sp, 8]",0
"ldr r3, [0x000026bc]        ; [0x26bc:4]=0x252f4",0
"ldr r0, [r3]",0
"ldr r1, [0x000026c0]        ; [0x26c0:4]=0x1bec8",0
"ldr r2, [0x000026c4]        ; [0x26c4:4]=0x1bcb0",0
"ldr r3, [0x000026c8]        ; [0x26c8:4]=0x25288",0
"ldr r3, [r3]",0
bl 0x465c,0
"mov r0, r4",0
bl 0x13a4,0
"mov sl, 0",0
"mov r3, 0",0
"str r3, [sp]",0
"mov r0, r6",0
"mov r1, r4",0
"ldr r2, [0x000026cc]        ; [0x26cc:4]=0x1beec",0
"add r3, r5, 0x20",0
bl 0x138c,0
"cmn r0, 1",0
bne 0x1edc,0
"cmp sl, 0",0
bne 0x24f0,0
"mov r0, 1",0
bl 0x1c24,0
"ldr r7, [0x0000268c]        ; [0x268c:4]=0x25248",0
"ldr r0, [r7, 0x18]",0
bl 0x13b0,0
"mov r8, r0",0
"lsl sb, r0, 1",0
"add r0, sb, r0",0
"ldr r5, [0x00002684]        ; [0x2684:4]=0x25300",0
"str r0, [r5, 0x18]",0
"add r0, r0, 1",0
bl 0x4710,0
"str r0, [r5, 0x1c]",0
"ldr fp, [r7, 0x18]",0
"mov r1, fp",0
bl 0x129c,0
"mov r1, fp",0
bl 0x129c,0
"mov r1, fp",0
bl 0x12fc,0
"str sb, [r5, 0x20]",0
"add r0, sb, 1",0
bl 0x4710,0
"str r0, [r5, 0x24]",0
"ldr sb, [r7, 0x18]",0
"mov r1, sb",0
bl 0x129c,0
"mov r1, sb",0
bl 0x12fc,0
"str r8, [r5, 0x28]",0
"add r0, r8, 1",0
bl 0x4710,0
"str r0, [r5, 0x2c]",0
"ldr r1, [r7, 0x18]",0
bl 0x12fc,0
"add r0, r5, 0xc",0
bl 0x2910,0
"ldr r0, [r7, 8]",0
bl 0x13b0,0
"mov r8, r0",0
"ldr r0, [r7, 4]",0
"add r0, r0, 1",0
"add r0, r0, r8",0
bl 0x4710,0
"mov sb, r0",0
"str r0, [r5, 0x38]",0
"ldr r2, [r7, 4]",0
"mov r1, 0x20",0
"add r2, r8, r2",0
bl 0x13f8,0
"ldr r3, [r7, 4]",0
"add r8, sb, r8",0
"mov r2, 0",0
"strb r2, [r8, r3]",0
"add r3, r7, 0x20",0
"ldm r3, {r2, r3}",0
"stm r5, {r2, r3}",0
"ldr r3, [r7, 0x30]",0
"str r3, [r5, 0x40]",0
"add r3, r5, 0x44",0
"str r3, [r5, 0x3c]",0
"ldr r3, [0x000026d0]        ; [0x26d0:4]=0x252e0",0
"ldr r3, [r3]",0
"cmp r3, r6",0
"ldrne r5, [0x000026d0]      ; [0x26d0:4]=0x252e0",0
bne 0x2620,0
"ldr r0, [0x000026d4]        ; [0x26d4:4]=0x1bf04",0
bl 0x17cc,0
"mov sl, r0",0
b 0x262c,0
"ldr r0, [r4, r3, lsl 2]",0
bl 0x17cc,0
"and r0, r0, sl",0
"and sl, r0, 0xff",0
"ldr r3, [r5]",0
"add r3, r3, 1",0
"str r3, [r5]",0
b 0x2620,0
"ldr r3, [r5]",0
"cmp r6, r3",0
bgt 0x2600,0
"ldr r3, [0x00002684]        ; [0x2684:4]=0x25300",0
"ldrb r3, [r3, 8]",0
"cmp r3, 0",0
beq 0x2668,0
"ldr r3, [0x000026d8]        ; [0x26d8:4]=0x252f0",0
"ldr r0, [r3]",0
bl 0x51d0,0
"cmn r0, 1",0
bne 0x2668,0
bl 0x13d4,0
"mov r3, r0",0
"mov r0, 1",0
"ldr r1, [r3]",0
"ldr r2, [0x000026d4]        ; [0x26d4:4]=0x1bf04",0
bl 0x1320,0
"rsbs r0, sl, 1",0
"movlo r0, 0",0
bl 0x13a4,0
"andeq fp, r1, r4, ror sp",0
"strheq fp, [r1], -r4",0
"andeq fp, r1, r8, ror sp",0
"strdeq sl, fp, [r0], -ip",0
"andeq r5, r2, r0, lsl 6",0
"andeq fp, r1, r4, lsr 9",0
"andeq r5, r2, r8, asr 4",0
"andeq fp, r1, r8, lsr 27",0
"strdeq r5, r6, [r2], -r8",0
"andeq fp, r1, ip, asr 27",0
"strdeq fp, ip, [r1], -r0",0
"andeq fp, r1, r4, lsl lr",0
"andeq fp, r1, r8, lsr lr",0
"andeq fp, r1, ip, asr lr",0
"andeq fp, r1, r0, lsl 29",0
"andeq fp, r1, r4, lsr 29",0
"andeq fp, r1, ip, asr 29",0
"ldrdeq fp, ip, [r1], -ip",0
"strdeq r5, r6, [r2], -r4",0
"andeq fp, r1, r8, asr 29",0
"strheq fp, [r1], -r0",0
"andeq r5, r2, r8, lsl 5",0
"andeq fp, r1, ip, ror 29",0
"andeq r5, r2, r0, ror 5",0
"andeq fp, r1, r4, lsl 30",0
"strdeq r5, r6, [r2], -r0",0
"ldr r3, [0x000026e8]        ; [0x26e8:4]=0x256a8",0
"str r0, [r3]",0
bx lr,0
"andeq r5, r2, r8, lsr 13",0
"ldr r3, [0x000026f8]        ; [0x26f8:4]=0x256a8",0
"strb r0, [r3, 4]",0
bx lr,0
"andeq r5, r2, r8, lsr 13",0
"push {r4, r5, r6, lr}",0
"sub sp, sp, 8",0
"ldr r3, [0x000027d8]        ; [0x27d8:4]=0x252f4",0
"ldr r0, [r3]",0
bl 0x124f4,0
"cmp r0, 0",0
beq 0x27b0,0
"ldr r3, [0x000027dc]        ; [0x27dc:4]=0x256a8",0
"ldrb r3, [r3, 4]",0
"cmp r3, 0",0
beq 0x2738,0
bl 0x13d4,0
"ldr r3, [r0]",0
"cmp r3, 0x20",0
beq 0x27b0,0
"mov r0, 0",0
"ldr r1, [0x000027e0]        ; [0x27e0:4]=0x1bff0",0
"mov r2, 5",0
bl 0x12a8,0
"mov r4, r0",0
"ldr r3, [0x000027dc]        ; [0x27dc:4]=0x256a8",0
"ldr r5, [r3]",0
"cmp r5, 0",0
beq 0x2788,0
bl 0x13d4,0
"ldr r6, [r0]",0
"mov r0, r5",0
bl 0x4058,0
"mov r3, r0",0
"str r4, [sp]",0
"mov r0, 0",0
"mov r1, r6",0
"ldr r2, [0x000027e4]        ; [0x27e4:4]=0x1bffc",0
bl 0x1320,0
b 0x27a4,0
bl 0x13d4,0
"mov r3, r0",0
"mov r0, 0",0
"ldr r1, [r3]",0
"ldr r2, [0x000027e8]        ; [0x27e8:4]=0x1bdc8",0
"mov r3, r4",0
bl 0x1320,0
"ldr r3, [0x000027ec]        ; [0x27ec:4]=0x2528c",0
"ldr r0, [r3]",0
bl 0x1248,0
"ldr r3, [0x000027f0]        ; [0x27f0:4]=0x252e8",0
"ldr r0, [r3]",0
bl 0x124f4,0
"cmp r0, 0",0
beq 0x27d0,0
"ldr r3, [0x000027ec]        ; [0x27ec:4]=0x2528c",0
"ldr r0, [r3]",0
bl 0x1248,0
"add sp, sp, 8",0
"pop {r4, r5, r6, pc}",0
"strdeq r5, r6, [r2], -r4",0
"andeq r5, r2, r8, lsr 13",0
"strdeq fp, ip, [r1], -r0",0
"strdeq fp, ip, [r1], -ip",0
"andeq fp, r1, r8, asr 27",0
"andeq r5, r2, ip, lsl 5",0
"andeq r5, r2, r8, ror 5",0
"push {r4, r5}",0
"ldrb r3, [r0]",0
"cmp r3, 0x2f",0
bne 0x281c,0
"add r3, r0, 1",0
"mov r0, r3",0
"add r3, r3, 1",0
"ldrb r2, [r0]",0
"cmp r2, 0x2f",0
beq 0x2808,0
"ldrb r3, [r0]",0
"cmp r3, 0",0
beq 0x2864,0
"mov r2, r0",0
"mov ip, 0",0
"mov r5, 1",0
"mov r4, ip",0
"mov r1, r2",0
"cmp r3, 0x2f",0
"moveq ip, r5",0
beq 0x2854,0
"cmp ip, 0",0
"movne r0, r2",0
"movne ip, r4",0
"ldrb r3, [r1, 1]",0
"add r2, r2, 1",0
"cmp r3, 0",0
bne 0x2838,0
"pop {r4, r5}",0
bx lr,0
"push {r4, lr}",0
"mov r4, r0",0
bl 0x13b0,0
"cmp r0, 1",0
"popls {r4, pc}",0
"add r3, r4, r0",0
"ldrb r3, [r3, -1]",0
"cmp r3, 0x2f",0
"popne {r4, pc}",0
"add r4, r4, r0",0
"sub r0, r0, 1",0
"cmp r0, 1",0
"popeq {r4, pc}",0
"sub r4, r4, 1",0
"ldrb r3, [r4, -1]",0
"cmp r3, 0x2f",0
beq 0x2894,0
"pop {r4, pc}",0
"push {r4, r5, lr}",0
"sub sp, sp, 0x14",0
"add r5, sp, 0x20",0
"ldm r5, {r4, r5}",0
"stm sp, {r4, r5}",0
"ldr r1, [sp, 0x28]",0
"str r1, [sp, 8]",0
bl 0x1200,0
"add sp, sp, 0x14",0
"pop {r4, r5, pc}",0
"push {r4, lr}",0
"sub sp, sp, 0x10",0
"mov r4, r1",0
"cmp r0, 0",0
beq 0x2908,0
bl 0x1428,0
"mov r2, 0",0
"mov r3, 0",0
"stm sp, {r2, r3}",0
"str r4, [sp, 8]",0
bl 0x28b4,0
"add sp, sp, 0x10",0
"pop {r4, pc}",0
"mov r2, 0",0
"mov r3, r0",0
"strb r2, [r3], 1",0
"strb r2, [r0, 1]",0
"add r3, r3, 1",0
"strb r2, [r3], 1",0
"strb r2, [r3], 1",0
"strb r2, [r3], 1",0
"strb r2, [r3], 1",0
"strb r2, [r3], 1",0
"strb r2, [r3], 1",0
"strb r2, [r3], 1",0
"strb r2, [r3], 1",0
"strb r2, [r3], 1",0
"strb r2, [r3]",0
bx lr,0
"push {r4, r5, r6, r7, r8, sb, sl, lr}",0
"mov sb, r0",0
"mov r6, r1",0
"mov r7, r2",0
"ldr r8, [r0, 8]",0
"ldr sl, [r0]",0
"add sl, r8, sl",0
"ldr r3, [r1]",0
"tst r3, 0x10",0
bne 0x2a14,0
"mov r5, r8",0
"ldr r3, [r6, 4]",0
"ldr r2, [r6, 8]",0
"cmp r3, r2",0
"ldrblo r4, [r3], 1",0
"strlo r3, [r6, 4]",0
blo 0x29a4,0
"mov r0, r6",0
bl 0x1458,0
"mov r4, r0",0
b 0x29a4,0
"cmn r4, 1",0
bne 0x29d0,0
"cmp r5, r8",0
beq 0x2a1c,0
"ldr r3, [r6]",0
"tst r3, 0x20",0
bne 0x2a24,0
"ldrb r3, [r5, -1]",0
"cmp r3, r7",0
beq 0x2a08,0
"mov r4, r7",0
"cmp r5, sl",0
bne 0x29fc,0
"ldr r5, [sb]",0
"mov r0, r8",0
"mov r1, sb",0
bl 0x4884,0
"mov r8, r0",0
"add r5, r0, r5",0
"str r0, [sb, 8]",0
"ldr sl, [sb]",0
"add sl, r0, sl",0
"strb r4, [r5], 1",0
"cmp r7, r4",0
bne 0x297c,0
"rsb r5, r8, r5",0
"str r5, [sb, 4]",0
b 0x2a28,0
"mov sb, 0",0
b 0x2a28,0
"mov sb, 0",0
b 0x2a28,0
"mov sb, 0",0
"mov r0, sb",0
"pop {r4, r5, r6, r7, r8, sb, sl, pc}",0
"push {r3, lr}",0
"mov r2, 0xa",0
bl 0x2950,0
"pop {r3, pc}",0
"push {r3, lr}",0
"ldr r0, [r0, 8]",0
bl 0x1230,0
"pop {r3, pc}",0
"push {r3, r4, r5, lr}",0
"subs r4, r0, 0",0
bne 0x2a78,0
"ldr r0, [0x00002aec]        ; [0x2aec:4]=0x1c004",0
"mov r1, 1",0
"mov r2, 0x37                ; '7'",0
"ldr r3, [0x00002af0]        ; [0x2af0:4]=0x252e8",0
"ldr r3, [r3]",0
bl 0x12d8,0
bl 0x14dc,0
"mov r0, r4",0
"mov r1, 0x2f                ; '/'",0
bl 0x147c,0
"cmp r0, 0",0
"addne r5, r0, 1",0
"moveq r5, r4",0
"rsb r3, r4, r5",0
"cmp r3, 6",0
ble 0x2ad8,0
"sub r0, r5, 7",0
"ldr r1, [0x00002af4]        ; [0x2af4:4]=0x1c03c",0
"mov r2, 7",0
bl 0x14d0,0
"cmp r0, 0",0
bne 0x2ad8,0
"mov r0, r5",0
"ldr r1, [0x00002af8]        ; [0x2af8:4]=0x1c044",0
"mov r2, 3",0
bl 0x14d0,0
"cmp r0, 0",0
"addeq r4, r5, 3",0
"ldreq r3, [0x00002afc]      ; [0x2afc:4]=0x252d0",0
"streq r4, [r3]",0
"movne r4, r5",0
"ldr r3, [0x00002b00]        ; [0x2b00:4]=0x256b0",0
"str r4, [r3]",0
"ldr r3, [0x00002b04]        ; [0x2b04:4]=0x252d8",0
"str r4, [r3]",0
"pop {r3, r4, r5, pc}",0
"andeq ip, r1, r4",0
"andeq r5, r2, r8, ror 5",0
"andeq ip, r1, ip, lsr r0",0
"andeq ip, r1, r4, asr 32",0
"ldrdeq r5, r6, [r2], -r0",0
"strheq r5, [r2], -r0",0
"ldrdeq r5, r6, [r2], -r8",0
"push {r3, lr}",0
"mov r2, 0",0
"mov r3, r0",0
"str r2, [r3], 4",0
"str r2, [r0, 4]",0
"add r3, r3, 4",0
"str r2, [r3], 4",0
"str r2, [r3], 4",0
"str r2, [r3], 4",0
"str r2, [r3], 4",0
"str r2, [r3], 4",0
"str r2, [r3], 4",0
"str r2, [r3], 4",0
"str r2, [r3], 4",0
"str r2, [r3], 4",0
"str r2, [r3]",0
"cmp r1, 8",0
bne 0x2b54,0
bl 0x14dc,0
"str r1, [r0]",0
"pop {r3, pc}",0
"push {r4, r5, r6, lr}",0
"mov r5, r0",0
"mov r6, r1",0
"mov r0, 0",0
"mov r1, r5",0
"mov r2, 5",0
bl 0x12a8,0
"mov r4, r0",0
"cmp r0, r5",0
bne 0x2cc8,0
bl 0x12580,0
"ldrb r3, [r0]",0
"bic r3, r3, 0x20",0
"cmp r3, 0x55",0
bne 0x2cbc,0
"ldrb r3, [r0, 1]",0
"bic r3, r3, 0x20",0
"cmp r3, 0x54",0
bne 0x2ca8,0
"ldrb r3, [r0, 2]",0
"bic r3, r3, 0x20",0
"cmp r3, 0x46",0
"movne r3, 0",0
bne 0x2bec,0
"ldrb r3, [r0, 3]",0
"cmp r3, 0x2d",0
"movne r3, 0",0
bne 0x2bec,0
"ldrb r3, [r0, 4]",0
"cmp r3, 0x38",0
"movne r3, 0",0
bne 0x2bec,0
"ldrb r3, [r0, 5]",0
"rsbs r3, r3, 1",0
"movlo r3, 0",0
b 0x2bec,0
"cmp r3, 0",0
beq 0x2ca8,0
"ldrb r4, [r4]",0
"ldr r3, [0x00002cd0]        ; [0x2cd0:4]=0x1c0a0",0
"ldr r2, [0x00002cd4]        ; [0x2cd4:4]=0x1c08c",0
"cmp r4, 0x60",0
"movne r4, r2",0
"moveq r4, r3",0
b 0x2cc8,0
"ldrb r3, [r0, 1]",0
"bic r3, r3, 0x20",0
"cmp r3, 0x42",0
"movne r3, 0",0
bne 0x2c84,0
"ldrb r3, [r0, 2]",0
"cmp r3, 0x31",0
"movne r3, 0",0
bne 0x2c84,0
"ldrb r3, [r0, 3]",0
"cmp r3, 0x38",0
"movne r3, 0",0
bne 0x2c84,0
"ldrb r3, [r0, 4]",0
"cmp r3, 0x30",0
"movne r3, 0",0
bne 0x2c84,0
"ldrb r3, [r0, 5]",0
"cmp r3, 0x33",0
"movne r3, 0",0
bne 0x2c84,0
"ldrb r3, [r0, 6]",0
"cmp r3, 0x30",0
"movne r3, 0",0
bne 0x2c84,0
"ldrb r3, [r0, 7]",0
"rsbs r3, r3, 1",0
"movlo r3, 0",0
b 0x2c84,0
"cmp r3, 0",0
beq 0x2ca8,0
"ldrb r4, [r4]",0
"ldr r3, [0x00002cd8]        ; [0x2cd8:4]=0x1c09c",0
"ldr r2, [0x00002cdc]        ; [0x2cdc:4]=0x1c090",0
"cmp r4, 0x60",0
"movne r4, r2",0
"moveq r4, r3",0
b 0x2cc8,0
"ldr r3, [0x00002ce0]        ; [0x2ce0:4]=0x1c098",0
"ldr r4, [0x00002ce4]        ; [0x2ce4:4]=0x1c094",0
"cmp r6, 7",0
"moveq r4, r3",0
b 0x2cc8,0
"cmp r3, 0x47",0
beq 0x2c10,0
b 0x2ca8,0
"mov r0, r4",0
"pop {r4, r5, r6, pc}",0
"andeq ip, r1, r0, lsr 1",0
"andeq ip, r1, ip, lsl 1",0
"muleq r1, ip, r0",0
"muleq r1, r0, r0",0
"muleq r1, r8, r0",0
"muleq r1, r4, r0",0
"push {r4, r5, r6, r7, r8, sb, sl, fp, lr}",0
"sub sp, sp, 0x64",0
"str r0, [sp, 0x2c]",0
"mov sl, r1",0
"mov r5, r2",0
"mov fp, r3",0
bl 0x12f0,0
"str r0, [sp, 0x3c]",0
"ldr r0, [sp, 0x8c]",0
"lsr r3, r0, 1",0
"and r3, r3, 1",0
"str r3, [sp, 0x20]",0
"ldr r1, [sp, 0x88]",0
"cmp r1, 8",0
"ldrls pc, [pc, r1, lsl 2]   ; [0x2d28:4]=0xae80",0
b 0x2e5c,0
"andeq sl, r0, r0, lsl 29",0
"strheq fp, [r0], -r4",0
"andeq sl, r0, r0, lsr 28",0
"andeq sl, r0, ip, asr 26",0
"andeq fp, r0, ip, lsl 19",0
"andeq sl, r0, r0, ror 28",0
"andeq sl, r0, r8, lsl 27",0
"andeq sl, r0, r8, lsl 27",0
"andeq sl, r0, r8, lsl 27",0
"ldr r2, [sp, 0x20]",0
"cmp r2, 0",0
bne 0x2e9c,0
"cmp sl, 0",0
beq 0x2eb8,0
"mov r3, 0x22                ; '""'",0
"ldr ip, [sp, 0x2c]",0
"strb r3, [ip]",0
"mov r0, 1",0
"str r0, [sp, 0x1c]",0
"mov sb, r0",0
"ldr r1, [0x000039f8]        ; [0x39f8:4]=0x1c098",0
"str r1, [sp, 0x34]",0
"mov r8, r0",0
b 0x2f08,0
"ldr r2, [sp, 0x88]",0
"cmp r2, 8",0
beq 0x2db4,0
"ldr r0, [0x000039fc]        ; [0x39fc:4]=0x1c0a4",0
"mov r1, r2",0
bl 0x2b5c,0
"str r0, [sp, 0x94]",0
"ldr r0, [0x00003a00]        ; [0x3a00:4]=0x1c094",0
"ldr r1, [sp, 0x88]",0
bl 0x2b5c,0
"str r0, [sp, 0x98]",0
"ldr r3, [sp, 0x20]",0
"cmp r3, 0",0
"movne r8, 0",0
bne 0x2e00,0
"ldr ip, [sp, 0x94]",0
"ldrb r3, [ip]",0
"cmp r3, 0",0
beq 0x2dfc,0
"mov r2, ip",0
"mov r8, 0",0
"ldr r1, [sp, 0x2c]",0
"cmp sl, r8",0
"strbhi r3, [r1, r8]",0
"add r8, r8, 1",0
"ldrb r3, [r2, 1]!",0
"cmp r3, 0",0
bne 0x2de0,0
b 0x2e00,0
"mov r8, 0",0
"ldr r0, [sp, 0x98]",0
bl 0x13b0,0
"mov sb, r0",0
"ldr r0, [sp, 0x98]",0
"str r0, [sp, 0x34]",0
"mov r1, 1",0
"str r1, [sp, 0x1c]",0
b 0x2f08,0
"ldr r2, [sp, 0x20]",0
"cmp r2, 0",0
bne 0x2ed4,0
"cmp sl, 0",0
beq 0x2ef0,0
"mov r3, 0x27                ; '''",0
"ldr ip, [sp, 0x2c]",0
"strb r3, [ip]",0
"mov r0, 0",0
"str r0, [sp, 0x1c]",0
"mov sb, 1",0
"ldr r1, [0x00003a00]        ; [0x3a00:4]=0x1c094",0
"str r1, [sp, 0x34]",0
"mov r8, sb",0
b 0x2f08,0
bl 0x14dc,0
"mov r2, 0",0
"str r2, [sp, 0x20]",0
"mov r3, 1",0
"str r3, [sp, 0x1c]",0
"mov sb, r2",0
"str r2, [sp, 0x34]",0
"mov r8, r2",0
b 0x2f08,0
"mov ip, 0",0
"str ip, [sp, 0x20]",0
"str ip, [sp, 0x1c]",0
"mov sb, ip",0
"str ip, [sp, 0x34]",0
"mov r8, ip",0
b 0x2f08,0
"mov r0, 1",0
"str r0, [sp, 0x1c]",0
"mov sb, r0",0
"ldr r1, [0x000039f8]        ; [0x39f8:4]=0x1c098",0
"str r1, [sp, 0x34]",0
"mov r8, 0",0
b 0x2f08,0
"mov r2, 1",0
"str r2, [sp, 0x1c]",0
"mov sb, r2",0
"ldr r3, [0x000039f8]        ; [0x39f8:4]=0x1c098",0
"str r3, [sp, 0x34]",0
"mov r8, r2",0
b 0x2f08,0
"mov ip, 0",0
"str ip, [sp, 0x1c]",0
"mov sb, 1",0
"ldr r0, [0x00003a00]        ; [0x3a00:4]=0x1c094",0
"str r0, [sp, 0x34]",0
"mov r8, ip",0
b 0x2f08,0
"mov r1, 0",0
"str r1, [sp, 0x1c]",0
"mov sb, 1",0
"ldr r2, [0x00003a00]        ; [0x3a00:4]=0x1c094",0
"str r2, [sp, 0x34]",0
"mov r8, sb",0
"mov r6, 0",0
"ldr r3, [sp, 0x20]",0
"eor r2, r3, 1",0
"ldr ip, [sp, 0x1c]",0
"eor r3, ip, 1",0
"and r3, r2, r3",0
"str r3, [sp, 0x30]",0
"mov r3, sl",0
"mov sl, sb",0
"mov sb, r3",0
b 0x3860,0
"adds r7, sl, 0",0
"movne r7, 1",0
"ldr r0, [sp, 0x1c]",0
"tst r7, r0",0
beq 0x2fac,0
"add r4, r6, sl",0
"cmp sl, 1",0
"movls r3, 0",0
"movhi r3, 1",0
"cmn fp, 1",0
"movne r3, 0",0
"cmp r3, 0",0
beq 0x2f74,0
"mov r0, r5",0
bl 0x13b0,0
"mov fp, r0",0
"cmp fp, r4",0
blo 0x2fb8,0
"add r0, r5, r6",0
"ldr r1, [sp, 0x34]",0
"mov r2, sl",0
bl 0x1290,0
"cmp r0, 0",0
bne 0x2fc4,0
"ldr r1, [sp, 0x20]",0
"cmp r1, 0",0
bne 0x3908,0
"mov r2, 1",0
"str r2, [sp, 0x24]",0
b 0x2fcc,0
"mov r3, 0",0
"str r3, [sp, 0x24]",0
b 0x2fcc,0
"mov ip, 0",0
"str ip, [sp, 0x24]",0
b 0x2fcc,0
"mov r0, 0",0
"str r0, [sp, 0x24]",0
"add r1, r5, r6",0
"str r1, [sp, 0x28]",0
"ldrb r4, [r5, r6]",0
"cmp r4, 0x7e",0
"ldrls pc, [pc, r4, lsl 2]   ; [0x2fe4:4]=0xb1f0",0
b 0x3488,0
"strdeq fp, ip, [r0], -r0",0
"andeq fp, r0, r8, lsl 9",0
"andeq fp, r0, r8, lsl 9",0
"andeq fp, r0, r8, lsl 9",0
"andeq fp, r0, r8, lsl 9",0
"andeq fp, r0, r8, lsl 9",0
"andeq fp, r0, r8, lsl 9",0
"andeq fp, r0, r8, ror 3",0
"andeq fp, r0, r8, asr 7",0
"andeq fp, r0, r8, ror 6",0
"andeq fp, r0, r0, ror 3",0
"andeq fp, r0, r0, ror r3",0
"andeq fp, r0, r0, ror 6",0
"muleq r0, r8, r3",0
"andeq fp, r0, r8, lsl 9",0
"andeq fp, r0, r8, lsl 9",0
"andeq fp, r0, r8, lsl 9",0
"andeq fp, r0, r8, lsl 9",0
"andeq fp, r0, r8, lsl 9",0
"andeq fp, r0, r8, lsl 9",0
"andeq fp, r0, r8, lsl 9",0
"andeq fp, r0, r8, lsl 9",0
"andeq fp, r0, r8, lsl 9",0
"andeq fp, r0, r8, lsl 9",0
"andeq fp, r0, r8, lsl 9",0
"andeq fp, r0, r8, lsl 9",0
"andeq fp, r0, r8, lsl 9",0
"andeq fp, r0, r8, lsl 9",0
"andeq fp, r0, r8, lsl 9",0
"andeq fp, r0, r8, lsl 9",0
"andeq fp, r0, r8, lsl 9",0
"andeq fp, r0, r8, lsl 9",0
"andeq fp, r0, ip, lsl 8",0
"andeq fp, r0, ip, lsl 8",0
"andeq fp, r0, ip, lsl 8",0
"andeq fp, r0, r4, lsl 8",0
"andeq fp, r0, ip, lsl 8",0
"ldrdeq fp, ip, [r0], -r4",0
"andeq fp, r0, ip, lsl 8",0
"andeq fp, r0, r0, lsr r4",0
"andeq fp, r0, ip, lsl 8",0
"andeq fp, r0, ip, lsl 8",0
"andeq fp, r0, ip, lsl 8",0
"ldrdeq fp, ip, [r0], -r4",0
"ldrdeq fp, ip, [r0], -r4",0
"ldrdeq fp, ip, [r0], -r4",0
"ldrdeq fp, ip, [r0], -r4",0
"ldrdeq fp, ip, [r0], -r4",0
"ldrdeq fp, ip, [r0], -r4",0
"ldrdeq fp, ip, [r0], -r4",0
"ldrdeq fp, ip, [r0], -r4",0
"ldrdeq fp, ip, [r0], -r4",0
"ldrdeq fp, ip, [r0], -r4",0
"ldrdeq fp, ip, [r0], -r4",0
"ldrdeq fp, ip, [r0], -r4",0
"ldrdeq fp, ip, [r0], -r4",0
"ldrdeq fp, ip, [r0], -r4",0
"ldrdeq fp, ip, [r0], -r4",0
"ldrdeq fp, ip, [r0], -r4",0
"andeq fp, r0, ip, lsl 8",0
"andeq fp, r0, ip, lsl 8",0
"andeq fp, r0, ip, lsl 8",0
"andeq fp, r0, ip, lsl 8",0
"andeq fp, r0, r8, ror r2",0
"andeq fp, r0, r8, lsl 9",0
"ldrdeq fp, ip, [r0], -r4",0
"ldrdeq fp, ip, [r0], -r4",0
"ldrdeq fp, ip, [r0], -r4",0
"ldrdeq fp, ip, [r0], -r4",0
"ldrdeq fp, ip, [r0], -r4",0
"ldrdeq fp, ip, [r0], -r4",0
"ldrdeq fp, ip, [r0], -r4",0
"ldrdeq fp, ip, [r0], -r4",0
"ldrdeq fp, ip, [r0], -r4",0
"ldrdeq fp, ip, [r0], -r4",0
"ldrdeq fp, ip, [r0], -r4",0
"ldrdeq fp, ip, [r0], -r4",0
"ldrdeq fp, ip, [r0], -r4",0
"ldrdeq fp, ip, [r0], -r4",0
"ldrdeq fp, ip, [r0], -r4",0
"ldrdeq fp, ip, [r0], -r4",0
"ldrdeq fp, ip, [r0], -r4",0
"ldrdeq fp, ip, [r0], -r4",0
"ldrdeq fp, ip, [r0], -r4",0
"ldrdeq fp, ip, [r0], -r4",0
"ldrdeq fp, ip, [r0], -r4",0
"ldrdeq fp, ip, [r0], -r4",0
"ldrdeq fp, ip, [r0], -r4",0
"ldrdeq fp, ip, [r0], -r4",0
"ldrdeq fp, ip, [r0], -r4",0
"ldrdeq fp, ip, [r0], -r4",0
"andeq fp, r0, ip, lsl 8",0
"andeq fp, r0, r8, ror r3",0
"ldrdeq fp, ip, [r0], -r4",0
"andeq fp, r0, ip, lsl 8",0
"ldrdeq fp, ip, [r0], -r4",0
"andeq fp, r0, ip, lsl 8",0
"ldrdeq fp, ip, [r0], -r4",0
"ldrdeq fp, ip, [r0], -r4",0
"ldrdeq fp, ip, [r0], -r4",0
"ldrdeq fp, ip, [r0], -r4",0
"ldrdeq fp, ip, [r0], -r4",0
"ldrdeq fp, ip, [r0], -r4",0
"ldrdeq fp, ip, [r0], -r4",0
"ldrdeq fp, ip, [r0], -r4",0
"ldrdeq fp, ip, [r0], -r4",0
"ldrdeq fp, ip, [r0], -r4",0
"ldrdeq fp, ip, [r0], -r4",0
"ldrdeq fp, ip, [r0], -r4",0
"ldrdeq fp, ip, [r0], -r4",0
"ldrdeq fp, ip, [r0], -r4",0
"ldrdeq fp, ip, [r0], -r4",0
"ldrdeq fp, ip, [r0], -r4",0
"ldrdeq fp, ip, [r0], -r4",0
"ldrdeq fp, ip, [r0], -r4",0
"ldrdeq fp, ip, [r0], -r4",0
"ldrdeq fp, ip, [r0], -r4",0
"ldrdeq fp, ip, [r0], -r4",0
"ldrdeq fp, ip, [r0], -r4",0
"ldrdeq fp, ip, [r0], -r4",0
"ldrdeq fp, ip, [r0], -r4",0
"ldrdeq fp, ip, [r0], -r4",0
"ldrdeq fp, ip, [r0], -r4",0
"ldrdeq fp, ip, [r0], -ip",0
"andeq fp, r0, ip, lsl 8",0
"ldrdeq fp, ip, [r0], -ip",0
"andeq fp, r0, r4, lsl 8",0
"mov r3, 0x6e                ; 'n'",0
b 0x33a4,0
"mov r3, 0x61                ; 'a'",0
b 0x33cc,0
"ldr r2, [sp, 0x1c]",0
"cmp r2, 0",0
beq 0x3268,0
"ldr r3, [sp, 0x20]",0
"cmp r3, 0",0
bne 0x3910,0
"cmp r8, sb",0
"movlo r3, 0x5c              ; '\'",0
"ldrlo ip, [sp, 0x2c]",0
"strblo r3, [ip, r8]",0
"add r2, r8, 1",0
"add r3, r6, 1",0
"cmp fp, r3",0
bls 0x39e0,0
"ldrb r3, [r5, r3]",0
"cmp r3, 0x2f",0
bls 0x39e0,0
"cmp r3, 0x39",0
bhi 0x39e0,0
"cmp sb, r2",0
"movhi r3, 0x30              ; '0'",0
"ldrhi r0, [sp, 0x2c]",0
"strbhi r3, [r0, r2]",0
"add r3, r8, 2",0
"cmp sb, r3",0
"movhi r2, 0x30              ; '0'",0
"ldrhi r1, [sp, 0x2c]",0
"strbhi r2, [r1, r3]",0
"add r2, r8, 3",0
b 0x39e0,0
"ldr r2, [sp, 0x8c]",0
"tst r2, 1",0
bne 0x385c,0
b 0x37d4,0
"ldr r3, [sp, 0x88]",0
"cmp r3, 2",0
beq 0x3290,0
"cmp r3, 3",0
bne 0x37d4,0
b 0x32a4,0
"ldr ip, [sp, 0x20]",0
"cmp ip, 0",0
beq 0x37d4,0
"mov sl, sb",0
b 0x3944,0
"ldr r0, [sp, 0x8c]",0
"tst r0, 4",0
beq 0x37d4,0
"add r3, r6, 2",0
"cmp fp, r3",0
bls 0x37d4,0
"add r2, r5, r6",0
"ldrb r2, [r2, 1]",0
"cmp r2, 0x3f",0
bne 0x37d4,0
"ldrb r2, [r5, r3]",0
"sub r1, r2, 0x21",0
"and r0, r1, 0xff",0
"cmp r0, 0x1d",0
bhi 0x37d4,0
"lsl r1, r1, 0x18",0
"asr r1, r1, 0x18",0
"mov r0, 1",0
"ldr ip, [0x00003a04]        ; [0x3a04:4]=0x380051c1",0
"ands r0, ip, r0, lsl r1",0
beq 0x37d4,0
"ldr r0, [sp, 0x20]",0
"cmp r0, 0",0
bne 0x3918,0
"cmp r8, sb",0
"movlo r1, 0x3f              ; '?'",0
"ldrlo ip, [sp, 0x2c]",0
"strblo r1, [ip, r8]",0
"add r1, r8, 1",0
"cmp sb, r1",0
"movhi r0, 0x22              ; '""'",0
"ldrhi ip, [sp, 0x2c]",0
"strbhi r0, [ip, r1]",0
"add r1, r8, 2",0
"cmp sb, r1",0
"movhi r0, 0x22              ; '""'",0
"ldrhi ip, [sp, 0x2c]",0
"strbhi r0, [ip, r1]",0
"add r1, r8, 3",0
"cmp sb, r1",0
"movhi r0, 0x3f              ; '?'",0
"ldrhi ip, [sp, 0x2c]",0
"strbhi r0, [ip, r1]",0
"add r8, r8, 4",0
"mov r4, r2",0
"mov r6, r3",0
b 0x37d4,0
"mov r3, 0x66                ; 'f'",0
b 0x33cc,0
"mov r3, 0x74                ; 't'",0
b 0x33a4,0
"mov r3, 0x76                ; 'v'",0
b 0x33cc,0
"ldr r0, [sp, 0x20]",0
"ldr r1, [sp, 0x1c]",0
"tst r0, r1",0
beq 0x33a0,0
"cmp r7, 0",0
"moveq r3, 0x5c              ; '\'",0
beq 0x33a4,0
b 0x384c,0
"mov r3, 0x72                ; 'r'",0
b 0x33a4,0
"mov r3, 0x5c                ; '\'",0
"ldr r2, [sp, 0x20]",0
"ldr ip, [sp, 0x88]",0
"cmp ip, 2",0
"movne r2, 0",0
"andeq r2, r2, 1",0
"cmp r2, 0",0
beq 0x33cc,0
"mov sl, sb",0
b 0x3944,0
"mov r3, 0x62                ; 'b'",0
"ldr r0, [sp, 0x1c]",0
"cmp r0, 0",0
bne 0x3818,0
b 0x37d4,0
"cmn fp, 1",0
bne 0x33f4,0
"ldrb r3, [r5, 1]",0
"adds r3, r3, 0",0
"movne r3, 1",0
b 0x33fc,0
"subs r3, fp, 1",0
"movne r3, 1",0
"cmp r3, 0",0
bne 0x37d4,0
"cmp r6, 0",0
bne 0x37d4,0
"ldr r3, [sp, 0x20]",0
"ldr r1, [sp, 0x88]",0
"cmp r1, 2",0
"movne r3, 0",0
"andeq r3, r3, 1",0
"cmp r3, 0",0
beq 0x37d4,0
"mov sl, sb",0
b 0x3944,0
"ldr r2, [sp, 0x88]",0
"cmp r2, 2",0
bne 0x37d4,0
"ldr r3, [sp, 0x20]",0
"cmp r3, 0",0
bne 0x3920,0
"cmp r8, sb",0
"movlo r3, 0x27              ; '''",0
"ldrlo ip, [sp, 0x2c]",0
"strblo r3, [ip, r8]",0
"add r3, r8, 1",0
"cmp sb, r3",0
"movhi r2, 0x5c              ; '\'",0
"ldrhi r0, [sp, 0x2c]",0
"strbhi r2, [r0, r3]",0
"add r3, r8, 2",0
"cmp sb, r3",0
"movhi r2, 0x27              ; '''",0
"ldrhi r1, [sp, 0x2c]",0
"strbhi r2, [r1, r3]",0
"add r8, r8, 3",0
b 0x37d4,0
"ldr r2, [sp, 0x3c]",0
"cmp r2, 1",0
bne 0x34b8,0
bl 0x1398,0
"ldr r2, [r0]",0
"lsl r3, r4, 1",0
"ldrh r3, [r2, r3]",0
"lsr r3, r3, 0xe",0
"and r3, r3, 1",0
"str r3, [sp, 0x38]",0
"mov r7, 1",0
b 0x36fc,0
"mov r3, 0",0
"str r3, [sp, 0x58]",0
"str r3, [sp, 0x5c]",0
"cmn fp, 1",0
bne 0x34d8,0
"mov r0, r5",0
bl 0x13b0,0
"mov fp, r0",0
"mov ip, 1",0
"str ip, [sp, 0x38]",0
"mov r7, 0",0
"sub r0, r5, 1",0
"str r0, [sp, 0x40]",0
"str r8, [sp, 0x44]",0
"str sl, [sp, 0x48]",0
"str r4, [sp, 0x4c]",0
"mov sl, r7",0
"add r7, sl, r6",0
"add r8, r5, r7",0
"add r0, sp, 0x54",0
"mov r1, r8",0
"rsb r2, r7, fp",0
"add r3, sp, 0x58",0
bl 0x1314,0
"subs r4, r0, 0",0
beq 0x36e4,0
"cmn r4, 1",0
beq 0x36a0,0
"cmn r4, 2",0
bne 0x358c,0
"ldr r8, [sp, 0x44]",0
"ldr r4, [sp, 0x4c]",0
"mov r7, sl",0
"ldr sl, [sp, 0x48]",0
"add r3, r7, r6",0
"cmp fp, r3",0
bls 0x36bc,0
"ldrb r3, [r5, r3]",0
"cmp r3, 0",0
beq 0x36c8,0
"mov r3, r7",0
"ldr r1, [sp, 0x28]",0
"add r3, r3, 1",0
"add r2, r6, r3",0
"cmp r2, fp",0
bhs 0x36d4,0
"ldrb r2, [r1, r3]",0
"cmp r2, 0",0
bne 0x3560,0
"mov r7, r3",0
"mov r1, 0",0
"str r1, [sp, 0x38]",0
b 0x36f4,0
"ldr r3, [sp, 0x20]",0
"ldr r2, [sp, 0x88]",0
"cmp r2, 2",0
"movne r3, 0",0
"andeq r3, r3, 1",0
"cmp r3, 0",0
beq 0x3660,0
"cmp r4, 1",0
bls 0x3660,0
"ldr ip, [sp, 0x40]",0
"add r3, ip, r4",0
"add r7, r3, r7",0
"ldrb r3, [r8, 1]!",0
"sub r3, r3, 0x5b",0
"cmp r3, 0x21",0
"ldrls pc, [pc, r3, lsl 2]   ; [0x35d0:4]=0xb928",0
b 0x3658,0
"andeq fp, r0, r8, lsr 18",0
"andeq fp, r0, r8, lsr 18",0
"andeq fp, r0, r8, asr r6",0
"andeq fp, r0, r8, lsr 18",0
"andeq fp, r0, r8, asr r6",0
"andeq fp, r0, r8, lsr 18",0
"andeq fp, r0, r8, asr r6",0
"andeq fp, r0, r8, asr r6",0
"andeq fp, r0, r8, asr r6",0
"andeq fp, r0, r8, asr r6",0
"andeq fp, r0, r8, asr r6",0
"andeq fp, r0, r8, asr r6",0
"andeq fp, r0, r8, asr r6",0
"andeq fp, r0, r8, asr r6",0
"andeq fp, r0, r8, asr r6",0
"andeq fp, r0, r8, asr r6",0
"andeq fp, r0, r8, asr r6",0
"andeq fp, r0, r8, asr r6",0
"andeq fp, r0, r8, asr r6",0
"andeq fp, r0, r8, asr r6",0
"andeq fp, r0, r8, asr r6",0
"andeq fp, r0, r8, asr r6",0
"andeq fp, r0, r8, asr r6",0
"andeq fp, r0, r8, asr r6",0
"andeq fp, r0, r8, asr r6",0
"andeq fp, r0, r8, asr r6",0
"andeq fp, r0, r8, asr r6",0
"andeq fp, r0, r8, asr r6",0
"andeq fp, r0, r8, asr r6",0
"andeq fp, r0, r8, asr r6",0
"andeq fp, r0, r8, asr r6",0
"andeq fp, r0, r8, asr r6",0
"andeq fp, r0, r8, asr r6",0
"andeq fp, r0, r8, lsr 18",0
"cmp r8, r7",0
bne 0x35bc,0
"ldr r0, [sp, 0x54]",0
bl 0x12cc,0
"ldr r1, [sp, 0x38]",0
"cmp r0, 0",0
"moveq r1, 0",0
"str r1, [sp, 0x38]",0
"add sl, sl, r4",0
"add r0, sp, 0x58",0
bl 0x1278,0
"cmp r0, 0",0
beq 0x34fc,0
"ldr r8, [sp, 0x44]",0
"ldr r4, [sp, 0x4c]",0
"mov r7, sl",0
"ldr sl, [sp, 0x48]",0
b 0x36f4,0
"ldr r8, [sp, 0x44]",0
"ldr r4, [sp, 0x4c]",0
"mov r7, sl",0
"ldr sl, [sp, 0x48]",0
"mov r2, 0",0
"str r2, [sp, 0x38]",0
b 0x36f4,0
"mov r3, 0",0
"str r3, [sp, 0x38]",0
b 0x36f4,0
"mov ip, 0",0
"str ip, [sp, 0x38]",0
b 0x36f4,0
"mov r7, r3",0
"mov r0, 0",0
"str r0, [sp, 0x38]",0
b 0x36f4,0
"ldr r8, [sp, 0x44]",0
"ldr r4, [sp, 0x4c]",0
"mov r7, sl",0
"ldr sl, [sp, 0x48]",0
"cmp r7, 1",0
bhi 0x3710,0
"ldr r1, [sp, 0x38]",0
"eor r3, r1, 1",0
"ldr r2, [sp, 0x1c]",0
"tst r2, r3",0
beq 0x37d4,0
"add r1, r7, r6",0
"ldr r7, [sp, 0x28]",0
"ldr r3, [sp, 0x38]",0
"eor r2, r3, 1",0
"ldr ip, [sp, 0x1c]",0
"and r2, ip, r2",0
"mov ip, 0x5c                ; '\'",0
"str sl, [sp, 0x38]",0
"ldr sl, [sp, 0x20]",0
"ldr r3, [sp, 0x2c]",0
"str r5, [sp, 0x28]",0
"ldr r5, [sp, 0x24]",0
"str fp, [sp, 0x24]",0
"cmp r2, 0",0
beq 0x3798,0
"cmp sl, 0",0
bne 0x3930,0
"cmp r8, sb",0
"strblo ip, [r3, r8]",0
"add r0, r8, 1",0
"cmp sb, r0",0
"lsrhi fp, r4, 6",0
"addhi fp, fp, 0x30",0
"strbhi fp, [r3, r0]",0
"add r0, r8, 2",0
"cmp sb, r0",0
"lsrhi fp, r4, 3",0
"andhi fp, fp, 7",0
"addhi fp, fp, 0x30",0
"strbhi fp, [r3, r0]",0
"add r8, r8, 3",0
"and r4, r4, 7",0
"add r4, r4, 0x30",0
b 0x37b0,0
"cmp r5, 0",0
beq 0x37b0,0
"cmp r8, sb",0
"strblo ip, [r3, r8]",0
"add r8, r8, 1",0
"mov r5, 0",0
"add r0, r6, 1",0
"cmp r1, r0",0
bls 0x3840,0
"cmp r8, sb",0
"strblo r4, [r3, r8]",0
"add r8, r8, 1",0
"ldrb r4, [r7, 1]!",0
"mov r6, r0",0
b 0x3744,0
"ldr r0, [sp, 0x30]",0
"cmp r0, 0",0
bne 0x3808,0
"ldr r1, [sp, 0x90]",0
"cmp r1, 0",0
beq 0x3808,0
"lsr r2, r4, 5",0
"and r2, r2, 0xff",0
"and r3, r4, 0x1f",0
"ldr r2, [r1, r2, lsl 2]",0
"lsr r3, r2, r3",0
"tst r3, 1",0
bne 0x381c,0
"ldr r2, [sp, 0x24]",0
"cmp r2, 0",0
beq 0x384c,0
b 0x381c,0
"mov r4, r3",0
"ldr r3, [sp, 0x20]",0
"cmp r3, 0",0
bne 0x3940,0
"cmp r8, sb",0
"movlo r3, 0x5c              ; '\'",0
"ldrlo ip, [sp, 0x2c]",0
"strblo r3, [ip, r8]",0
"add r8, r8, 1",0
b 0x384c,0
"ldr sl, [sp, 0x38]",0
"ldr r5, [sp, 0x28]",0
"ldr fp, [sp, 0x24]",0
"cmp r8, sb",0
"ldrlo r0, [sp, 0x2c]",0
"strblo r4, [r0, r8]",0
"add r8, r8, 1",0
"add r6, r6, 1",0
"cmn fp, 1",0
bne 0x3878,0
"ldrb r3, [r5, r6]",0
"adds r3, r3, 0",0
"movne r3, 1",0
b 0x3880,0
"subs r3, r6, fp",0
"movne r3, 1",0
"cmp r3, 0",0
bne 0x2f34,0
"mov sl, sb",0
"ldr r1, [sp, 0x88]",0
"cmp r8, 0",0
"cmpeq r1, 2",0
bne 0x38a8,0
"ldr r2, [sp, 0x20]",0
"cmp r2, 0",0
bne 0x3944,0
"ldr ip, [sp, 0x20]",0
"eor r3, ip, 1",0
"ldr r0, [sp, 0x34]",0
"cmp r0, 0",0
"moveq r3, 0",0
"andne r3, r3, 1",0
"cmp r3, 0",0
beq 0x38f4,0
"ldrb r3, [r0]",0
"cmp r3, 0",0
beq 0x38f4,0
"mov r2, r0",0
"ldr r1, [sp, 0x2c]",0
"cmp sl, r8",0
"strbhi r3, [r1, r8]",0
"add r8, r8, 1",0
"ldrb r3, [r2, 1]!",0
"cmp r3, 0",0
bne 0x38dc,0
"cmp r8, sl",0
"movlo r3, 0",0
"ldrlo r1, [sp, 0x2c]",0
"strblo r3, [r1, r8]",0
b 0x39ec,0
"mov sl, sb",0
b 0x3944,0
"mov sl, sb",0
b 0x3944,0
"mov sl, sb",0
b 0x3944,0
"mov sl, sb",0
b 0x3944,0
"mov sl, sb",0
b 0x3944,0
"mov sl, sb",0
"ldr r5, [sp, 0x28]",0
"ldr fp, [sp, 0x24]",0
b 0x3944,0
"mov sl, sb",0
"ldr r2, [sp, 0x88]",0
"str r2, [sp]",0
"ldr ip, [sp, 0x8c]",0
"bic r3, ip, 2",0
"str r3, [sp, 4]",0
"mov r3, 0",0
"str r3, [sp, 8]",0
"ldr r0, [sp, 0x94]",0
"str r0, [sp, 0xc]",0
"ldr r1, [sp, 0x98]",0
"str r1, [sp, 0x10]",0
"ldr r0, [sp, 0x2c]",0
"mov r1, sl",0
"mov r2, r5",0
"mov r3, fp",0
bl 0x2ce8,0
"mov r8, r0",0
b 0x39ec,0
"mov r2, 1",0
"str r2, [sp, 0x20]",0
"str r2, [sp, 0x1c]",0
"mov sb, r2",0
"ldr r3, [0x000039f8]        ; [0x39f8:4]=0x1c098",0
"str r3, [sp, 0x34]",0
"mov r8, 0",0
"mov ip, 3",0
"str ip, [sp, 0x88]",0
b 0x2f08,0
"mov r0, 1",0
"str r0, [sp, 0x20]",0
"mov r1, 0",0
"str r1, [sp, 0x1c]",0
"mov sb, r0",0
"ldr r2, [0x00003a00]        ; [0x3a00:4]=0x1c094",0
"str r2, [sp, 0x34]",0
"mov r8, r1",0
"mov r3, 2",0
"str r3, [sp, 0x88]",0
b 0x2f08,0
"mov r8, r2",0
"mov r4, 0x30                ; '0'",0
b 0x37e0,0
"mov r0, r8",0
"add sp, sp, 0x64",0
"pop {r4, r5, r6, r7, r8, sb, sl, fp, pc}",0
"muleq r1, r8, r0",0
"andeq ip, r1, r4, lsr 1",0
"muleq r1, r4, r0",0
"stmdalo r0, {r0, r6, r7, r8, ip, lr}",0
"push {r4, r5, r6, r7, r8, sb, sl, fp, lr}",0
"sub sp, sp, 0x2c",0
"mov r6, r0",0
"mov sb, r1",0
"mov fp, r2",0
"mov r4, r3",0
bl 0x13d4,0
"mov r8, r0",0
"ldr r3, [r0]",0
"str r3, [sp, 0x24]",0
"ldr r3, [0x00003bbc]        ; [0x3bbc:4]=0x25290",0
"ldr r5, [r3]",0
"cmp r6, 0",0
bge 0x3a44,0
bl 0x14dc,0
"ldr r3, [0x00003bbc]        ; [0x3bbc:4]=0x25290",0
"ldr r3, [r3, 4]",0
"cmp r6, r3",0
blo 0x3a94,0
"add r7, r6, 1",0
"cmn r7, 0xe0000001",0
bls 0x3a64,0
bl 0x493c,0
"ldr r3, [0x00003bc0]        ; [0x3bc0:4]=0x25298",0
"cmp r5, r3",0
beq 0x3b68,0
b 0x3b8c,0
"ldr sl, [0x00003bbc]        ; [0x3bbc:4]=0x25290",0
"ldr r0, [sl, 4]",0
"rsb r2, r0, r7",0
"add r0, r5, r0, lsl 3",0
"mov r1, 0",0
"lsl r2, r2, 3",0
bl 0x13f8,0
"str r7, [sl, 4]",0
"add r3, r5, r6, lsl 3",0
"str r3, [sp, 0x18]",0
"ldr sl, [r5, r6, lsl 3]",0
"ldr r7, [r3, 4]",0
"ldr r3, [r4, 4]",0
"orr r3, r3, 1",0
"str r3, [sp, 0x1c]",0
"add r3, r4, 8",0
"str r3, [sp, 0x20]",0
"ldr r3, [r4]",0
"str r3, [sp]",0
"ldr r3, [sp, 0x1c]",0
"str r3, [sp, 4]",0
"ldr r3, [sp, 0x20]",0
"str r3, [sp, 8]",0
"ldr r3, [r4, 0x28]",0
"str r3, [sp, 0xc]",0
"ldr r3, [r4, 0x2c]",0
"str r3, [sp, 0x10]",0
"mov r0, r7",0
"mov r1, sl",0
"mov r2, sb",0
"mov r3, fp",0
bl 0x2ce8,0
"cmp sl, r0",0
bhi 0x3ba8,0
"add sl, r0, 1",0
"str sl, [r5, r6, lsl 3]",0
"ldr r3, [0x00003bc4]        ; [0x3bc4:4]=0x256b4",0
"cmp r7, r3",0
beq 0x3b18,0
"mov r0, r7",0
bl 0x1230,0
"mov r0, sl",0
bl 0x4710,0
"mov r7, r0",0
"ldr r3, [sp, 0x18]",0
"str r0, [r3, 4]",0
"ldr r3, [r4]",0
"str r3, [sp]",0
"ldr r3, [sp, 0x1c]",0
"str r3, [sp, 4]",0
"ldr r3, [sp, 0x20]",0
"str r3, [sp, 8]",0
"ldr r3, [r4, 0x28]",0
"str r3, [sp, 0xc]",0
"ldr r3, [r4, 0x2c]",0
"str r3, [sp, 0x10]",0
"mov r1, sl",0
"mov r2, sb",0
"mov r3, fp",0
bl 0x2ce8,0
b 0x3ba8,0
"mov r0, 0",0
"lsl r1, r7, 3",0
bl 0x477c,0
"mov r5, r0",0
"ldr r3, [0x00003bbc]        ; [0x3bbc:4]=0x25290",0
"str r0, [r3], 8",0
"ldm r3, {r0, r1}",0
"stm r5, {r0, r1}",0
b 0x3a74,0
"mov r0, r5",0
"lsl r1, r7, 3",0
bl 0x477c,0
"mov r5, r0",0
"ldr r3, [0x00003bbc]        ; [0x3bbc:4]=0x25290",0
"str r0, [r3]",0
b 0x3a74,0
"ldr r3, [sp, 0x24]",0
"str r3, [r8]",0
"mov r0, r7",0
"add sp, sp, 0x2c",0
"pop {r4, r5, r6, r7, r8, sb, sl, fp, pc}",0
"muleq r2, r0, r2",0
"muleq r2, r8, r2",0
"strheq r5, [r2], -r4",0
"push {r4, r5, r6, lr}",0
"mov r4, r0",0
bl 0x13d4,0
"mov r5, r0",0
"ldr r6, [r0]",0
"cmp r4, 0",0
"ldr r3, [0x00003bfc]        ; [0x3bfc:4]=0x257b4",0
"moveq r4, r3",0
"mov r0, r4",0
"mov r1, 0x30                ; '0'",0
bl 0x48fc,0
"str r6, [r5]",0
"pop {r4, r5, r6, pc}",0
"strheq r5, [r2], -r4",0
"subs r3, r0, 0",0
"ldr r2, [0x00003c14]        ; [0x3c14:4]=0x257b4",0
"moveq r3, r2",0
"ldr r0, [r3]",0
bx lr,0
"strheq r5, [r2], -r4",0
"subs r3, r0, 0",0
"ldr r2, [0x00003c2c]        ; [0x3c2c:4]=0x257b4",0
"moveq r3, r2",0
"str r1, [r3]",0
bx lr,0
"strheq r5, [r2], -r4",0
"str r4, [sp, -4]!",0
"subs r3, r0, 0",0
"ldr r0, [0x00003c70]        ; [0x3c70:4]=0x257b4",0
"moveq r3, r0",0
"lsr ip, r1, 5",0
"and r1, r1, 0x1f",0
"add ip, ip, 2",0
"ldr r4, [r3, ip, lsl 2]",0
"lsr r0, r4, r1",0
"and r0, r0, 1",0
"and r2, r2, 1",0
"eor r2, r0, r2",0
"eor r1, r4, r2, lsl r1",0
"str r1, [r3, ip, lsl 2]",0
"ldm sp!, {r4}",0
bx lr,0
"strheq r5, [r2], -r4",0
"subs r3, r0, 0",0
"ldr r2, [0x00003c8c]        ; [0x3c8c:4]=0x257b4",0
"moveq r3, r2",0
"ldr r0, [r3, 4]",0
"str r1, [r3, 4]",0
bx lr,0
"strheq r5, [r2], -r4",0
"push {r3, lr}",0
"subs r3, r0, 0",0
"ldr r0, [0x00003cc0]        ; [0x3cc0:4]=0x257b4",0
"moveq r3, r0",0
"mov r0, 8",0
"str r0, [r3]",0
"cmp r1, 0",0
"cmpne r2, 0",0
"strne r1, [r3, 0x28]",0
"strne r2, [r3, 0x2c]",0
"popne {r3, pc}",0
bl 0x14dc,0
"strheq r5, [r2], -r4",0
"push {r4, r5, r6, r7, r8, sb, sl, lr}",0
"sub sp, sp, 0x18",0
"mov sb, r0",0
"mov sl, r1",0
"mov r8, r2",0
"mov r7, r3",0
"ldr ip, [sp, 0x38]",0
"cmp ip, 0",0
"ldr r4, [0x00003d40]        ; [0x3d40:4]=0x257b4",0
"movne r4, ip",0
bl 0x13d4,0
"mov r5, r0",0
"ldr r6, [r0]",0
"ldr r3, [r4]",0
"str r3, [sp]",0
"ldr r3, [r4, 4]",0
"str r3, [sp, 4]",0
"add r3, r4, 8",0
"str r3, [sp, 8]",0
"ldr r3, [r4, 0x28]",0
"str r3, [sp, 0xc]",0
"ldr r3, [r4, 0x2c]",0
"str r3, [sp, 0x10]",0
"mov r0, sb",0
"mov r1, sl",0
"mov r2, r8",0
"mov r3, r7",0
bl 0x2ce8,0
"str r6, [r5]",0
"add sp, sp, 0x18",0
"pop {r4, r5, r6, r7, r8, sb, sl, pc}",0
"strheq r5, [r2], -r4",0
"push {r4, r5, r6, r7, r8, sb, sl, fp, lr}",0
"sub sp, sp, 0x2c",0
"mov r8, r0",0
"mov r7, r1",0
"mov r5, r2",0
"subs r2, r3, 0",0
"ldr r4, [0x00003e1c]        ; [0x3e1c:4]=0x257b4",0
"movne r4, r2",0
bl 0x13d4,0
"mov r6, r0",0
"ldr r3, [r0]",0
"str r3, [sp, 0x20]",0
"ldr sb, [r4, 4]",0
"cmp r5, 0",0
"orreq sb, sb, 1",0
"add sl, r4, 8",0
"ldr r3, [r4]",0
"str r3, [sp]",0
"str sb, [sp, 4]",0
"str sl, [sp, 8]",0
"ldr r3, [r4, 0x28]",0
"str r3, [sp, 0xc]",0
"ldr r3, [r4, 0x2c]",0
"str r3, [sp, 0x10]",0
"mov r0, 0",0
"mov r1, r0",0
"mov r2, r8",0
"mov r3, r7",0
bl 0x2ce8,0
"str r0, [sp, 0x1c]",0
"add fp, r0, 1",0
"mov r0, fp",0
bl 0x4710,0
"str r0, [sp, 0x24]",0
"ldr r3, [r4]",0
"str r3, [sp]",0
"str sb, [sp, 4]",0
"str sl, [sp, 8]",0
"ldr r3, [r4, 0x28]",0
"str r3, [sp, 0xc]",0
"ldr r3, [r4, 0x2c]",0
"str r3, [sp, 0x10]",0
"mov r1, fp",0
"mov r2, r8",0
"mov r3, r7",0
bl 0x2ce8,0
"ldr r3, [sp, 0x20]",0
"str r3, [r6]",0
"cmp r5, 0",0
"ldrne r3, [sp, 0x1c]",0
"strne r3, [r5]",0
"ldr r0, [sp, 0x24]",0
"add sp, sp, 0x2c",0
"pop {r4, r5, r6, r7, r8, sb, sl, fp, pc}",0
"strheq r5, [r2], -r4",0
"push {r3, lr}",0
"mov r3, r2",0
"mov r2, 0",0
bl 0x3d44,0
"pop {r3, pc}",0
"push {r3, r4, r5, r6, r7, lr}",0
"ldr r3, [0x00003ecc]        ; [0x3ecc:4]=0x25290",0
"ldr r7, [r3]",0
"ldr r3, [r3, 4]",0
"cmp r3, 1",0
bls 0x3e74,0
"mov r5, r7",0
"mov r4, 1",0
"ldr r6, [0x00003ecc]        ; [0x3ecc:4]=0x25290",0
"ldr r0, [r5, 0xc]",0
bl 0x1230,0
"add r4, r4, 1",0
"add r5, r5, 8",0
"ldr r3, [r6, 4]",0
"cmp r3, r4",0
bhi 0x3e58,0
"ldr r0, [r7, 4]",0
"ldr r3, [0x00003ed0]        ; [0x3ed0:4]=0x256b4",0
"cmp r0, r3",0
beq 0x3e9c,0
bl 0x1230,0
"ldr r3, [0x00003ecc]        ; [0x3ecc:4]=0x25290",0
"mov r2, 0x100",0
"str r2, [r3, 8]",0
"ldr r2, [0x00003ed0]        ; [0x3ed0:4]=0x256b4",0
"str r2, [r3, 0xc]",0
"ldr r3, [0x00003ed4]        ; [0x3ed4:4]=0x25298",0
"cmp r7, r3",0
beq 0x3ebc,0
"mov r0, r7",0
bl 0x1230,0
"ldr r3, [0x00003ecc]        ; [0x3ecc:4]=0x25290",0
"add r2, r3, 8",0
"str r2, [r3]",0
"mov r2, 1",0
"ldr r3, [0x00003ecc]        ; [0x3ecc:4]=0x25290",0
"str r2, [r3, 4]",0
"pop {r3, r4, r5, r6, r7, pc}",0
"muleq r2, r0, r2",0
"strheq r5, [r2], -r4",0
"muleq r2, r8, r2",0
"push {r3, lr}",0
"mvn r2, 0",0
"ldr r3, [0x00003eec]        ; [0x3eec:4]=0x257b4",0
bl 0x3a08,0
"pop {r3, pc}",0
"strheq r5, [r2], -r4",0
"push {r3, lr}",0
"ldr r3, [0x00003f00]        ; [0x3f00:4]=0x257b4",0
bl 0x3a08,0
"pop {r3, pc}",0
"strheq r5, [r2], -r4",0
"push {r3, lr}",0
"mov r1, r0",0
"mov r0, 0",0
bl 0x3ed8,0
"pop {r3, pc}",0
"push {r3, lr}",0
"mov r3, r0",0
"mov r2, r1",0
"mov r0, 0",0
"mov r1, r3",0
bl 0x3ef0,0
"pop {r3, pc}",0
"push {r4, r5, lr}",0
"sub sp, sp, 0x34",0
"mov r5, r0",0
"mov r4, r2",0
"mov r0, sp",0
bl 0x2b08,0
"mov r0, r5",0
"mov r1, r4",0
"mvn r2, 0",0
"mov r3, sp",0
bl 0x3a08,0
"add sp, sp, 0x34",0
"pop {r4, r5, pc}",0
"push {r4, r5, r6, lr}",0
"sub sp, sp, 0x30",0
"mov r6, r0",0
"mov r5, r2",0
"mov r4, r3",0
"mov r0, sp",0
bl 0x2b08,0
"mov r0, r6",0
"mov r1, r5",0
"mov r2, r4",0
"mov r3, sp",0
bl 0x3a08,0
"add sp, sp, 0x30",0
"pop {r4, r5, r6, pc}",0
"push {r3, lr}",0
"mov r3, r0",0
"mov r2, r1",0
"mov r0, 0",0
"mov r1, r3",0
bl 0x3f34,0
"pop {r3, pc}",0
"push {r3, lr}",0
"mov lr, r0",0
"mov ip, r1",0
"mov r3, r2",0
"mov r0, 0",0
"mov r1, lr",0
"mov r2, ip",0
bl 0x3f68,0
"pop {r3, pc}",0
"push {r4, r5, r6, lr}",0
"sub sp, sp, 0x30",0
"mov r5, r0",0
"mov r4, r1",0
"mov r6, r2",0
"mov ip, sp",0
"ldr lr, [0x00004040]        ; [0x4040:4]=0x257b4",0
"ldm lr!, {r0, r1, r2, r3}",0
"stm ip!, {r0, r1, r2, r3}",0
"ldm lr!, {r0, r1, r2, r3}",0
"stm ip!, {r0, r1, r2, r3}",0
"ldm lr, {r0, r1, r2, r3}",0
"stm ip, {r0, r1, r2, r3}",0
"mov r0, sp",0
"mov r1, r6",0
"mov r2, 1",0
bl 0x3c30,0
"mov r0, 0",0
"mov r1, r5",0
"mov r2, r4",0
"mov r3, sp",0
bl 0x3a08,0
"add sp, sp, 0x30",0
"pop {r4, r5, r6, pc}",0
"strheq r5, [r2], -r4",0
"push {r3, lr}",0
"mov r2, r1",0
"mvn r1, 0",0
bl 0x3fe0,0
"pop {r3, pc}",0
"push {r3, lr}",0
"mov r1, 0x3a                ; ':'",0
bl 0x4044,0
"pop {r3, pc}",0
"push {r3, lr}",0
"mov r2, 0x3a                ; ':'",0
bl 0x3fe0,0
"pop {r3, pc}",0
"push {r4, r5, r6, r7, lr}",0
"sub sp, sp, 0x34",0
"mov r5, r0",0
"mov r7, r1",0
"mov r6, r2",0
"mov r4, r3",0
"mov ip, sp",0
"ldr lr, [0x000040dc]        ; [0x40dc:4]=0x257b4",0
"ldm lr!, {r0, r1, r2, r3}",0
"stm ip!, {r0, r1, r2, r3}",0
"ldm lr!, {r0, r1, r2, r3}",0
"stm ip!, {r0, r1, r2, r3}",0
"ldm lr, {r0, r1, r2, r3}",0
"stm ip, {r0, r1, r2, r3}",0
"mov r0, sp",0
"mov r1, r7",0
"mov r2, r6",0
bl 0x3c90,0
"mov r0, r5",0
"mov r1, r4",0
"ldr r2, [sp, 0x48]",0
"mov r3, sp",0
bl 0x3a08,0
"add sp, sp, 0x34",0
"pop {r4, r5, r6, r7, pc}",0
"strheq r5, [r2], -r4",0
"str lr, [sp, -4]!",0
"sub sp, sp, 0xc",0
"mvn ip, 0",0
"str ip, [sp]",0
bl 0x4078,0
"add sp, sp, 0xc",0
"ldm sp!, {pc}",0
"push {r3, lr}",0
"mov lr, r0",0
"mov ip, r1",0
"mov r3, r2",0
"mov r0, 0",0
"mov r1, lr",0
"mov r2, ip",0
bl 0x40e0,0
"pop {r3, pc}",0
"push {r4, lr}",0
"sub sp, sp, 8",0
"mov r4, r0",0
"mov lr, r1",0
"mov ip, r2",0
"str r3, [sp]",0
"mov r0, 0",0
"mov r1, r4",0
"mov r2, lr",0
"mov r3, ip",0
bl 0x4078,0
"add sp, sp, 8",0
"pop {r4, pc}",0
"push {r3, lr}",0
"ldr r3, [0x00004164]        ; [0x4164:4]=0x252a0",0
bl 0x3a08,0
"pop {r3, pc}",0
"andeq r5, r2, r0, lsr 5",0
"push {r3, lr}",0
"mov r3, r0",0
"mov r2, r1",0
"mov r0, 0",0
"mov r1, r3",0
bl 0x4154,0
"pop {r3, pc}",0
"push {r3, lr}",0
"mvn r2, 0",0
bl 0x4154,0
"pop {r3, pc}",0
"push {r3, lr}",0
"mov r1, r0",0
"mov r0, 0",0
bl 0x4184,0
"pop {r3, pc}",0
"push {r4, r5, r6, lr}",0
"sub sp, sp, 0x20",0
"mov r5, r0",0
"mov ip, r2",0
"ldr r4, [sp, 0x30]",0
"ldr r6, [sp, 0x34]",0
"subs lr, r1, 0",0
beq 0x41e4,0
"str r2, [sp]",0
"str r3, [sp, 4]",0
"mov r1, 1",0
"ldr r2, [0x00004568]        ; [0x4568:4]=0x1c0e0",0
"mov r3, lr",0
bl 0x1434,0
b 0x41f8,0
"str r3, [sp]",0
"mov r1, 1",0
"ldr r2, [0x0000456c]        ; [0x456c:4]=0x1c0ec",0
"mov r3, ip",0
bl 0x1434,0
"mov r0, 0",0
"ldr r1, [0x00004570]        ; [0x4570:4]=0x1c0f4",0
"mov r2, 5",0
bl 0x12a8,0
"mov r3, r0",0
"ldr r2, [0x00004574]        ; [0x4574:4]=0x7dd",0
"str r2, [sp]",0
"mov r0, r5",0
"mov r1, 1",0
"ldr r2, [0x00004578]        ; [0x4578:4]=0x1c3c4",0
bl 0x1434,0
"mov r0, 0",0
"ldr r1, [0x0000457c]        ; [0x457c:4]=0x1c0f8",0
"mov r2, 5",0
bl 0x12a8,0
"mov r1, r5",0
bl 0x11a0,0
"cmp r6, 9",0
"ldrls pc, [pc, r6, lsl 2]   ; [0x4248:4]=0xc270 ; ""p\xc2""",0
b 0x44fc,0
"andeq ip, r0, r0, ror r2",0
"andeq ip, r0, r4, ror r2",0
"muleq r0, ip, r2",0
"andeq ip, r0, ip, asr 5",0
"andeq ip, r0, r4, lsl 6",0
"andeq ip, r0, r4, asr 6",0
"andeq ip, r0, ip, lsl 7",0
"ldrdeq ip, sp, [r0], -ip",0
"andeq ip, r0, r4, lsr r4",0
"muleq r0, r4, r4",0
bl 0x14dc,0
"mov r0, 0",0
"ldr r1, [0x00004580]        ; [0x4580:4]=0x1c1c4",0
"mov r2, 5",0
bl 0x12a8,0
"mov r2, r0",0
"mov r0, r5",0
"mov r1, 1",0
"ldr r3, [r4]",0
bl 0x1434,0
b 0x4560,0
"mov r0, 0",0
"ldr r1, [0x00004584]        ; [0x4584:4]=0x1c1d4",0
"mov r2, 5",0
bl 0x12a8,0
"mov r2, r0",0
"ldr r3, [r4]",0
"ldr r1, [r4, 4]",0
"str r1, [sp]",0
"mov r0, r5",0
"mov r1, 1",0
bl 0x1434,0
b 0x4560,0
"mov r0, 0",0
"ldr r1, [0x00004588]        ; [0x4588:4]=0x1c1ec",0
"mov r2, 5",0
bl 0x12a8,0
"mov r2, r0",0
"ldr r3, [r4]",0
"ldr r1, [r4, 4]",0
"str r1, [sp]",0
"ldr r1, [r4, 8]",0
"str r1, [sp, 4]",0
"mov r0, r5",0
"mov r1, 1",0
bl 0x1434,0
b 0x4560,0
"mov r0, 0",0
"ldr r1, [0x0000458c]        ; [0x458c:4]=0x1c208",0
"mov r2, 5",0
bl 0x12a8,0
"mov r2, r0",0
"ldr r3, [r4]",0
"ldr r1, [r4, 4]",0
"str r1, [sp]",0
"ldr r1, [r4, 8]",0
"str r1, [sp, 4]",0
"ldr r1, [r4, 0xc]",0
"str r1, [sp, 8]",0
"mov r0, r5",0
"mov r1, 1",0
bl 0x1434,0
b 0x4560,0
"mov r0, 0",0
"ldr r1, [0x00004590]        ; [0x4590:4]=0x1c228",0
"mov r2, 5",0
bl 0x12a8,0
"mov r2, r0",0
"ldr r3, [r4]",0
"ldr r1, [r4, 4]",0
"str r1, [sp]",0
"ldr r1, [r4, 8]",0
"str r1, [sp, 4]",0
"ldr r1, [r4, 0xc]",0
"str r1, [sp, 8]",0
"ldr r1, [r4, 0x10]",0
"str r1, [sp, 0xc]",0
"mov r0, r5",0
"mov r1, 1",0
bl 0x1434,0
b 0x4560,0
"mov r0, 0",0
"ldr r1, [0x00004594]        ; [0x4594:4]=0x1c24c",0
"mov r2, 5",0
bl 0x12a8,0
"mov r2, r0",0
"ldr r3, [r4]",0
"ldr r1, [r4, 4]",0
"str r1, [sp]",0
"ldr r1, [r4, 8]",0
"str r1, [sp, 4]",0
"ldr r1, [r4, 0xc]",0
"str r1, [sp, 8]",0
"ldr r1, [r4, 0x10]",0
"str r1, [sp, 0xc]",0
"ldr r1, [r4, 0x14]",0
"str r1, [sp, 0x10]",0
"mov r0, r5",0
"mov r1, 1",0
bl 0x1434,0
b 0x4560,0
"mov r0, 0",0
"ldr r1, [0x00004598]        ; [0x4598:4]=0x1c274",0
"mov r2, 5",0
bl 0x12a8,0
"mov r2, r0",0
"ldr r3, [r4]",0
"ldr r1, [r4, 4]",0
"str r1, [sp]",0
"ldr r1, [r4, 8]",0
"str r1, [sp, 4]",0
"ldr r1, [r4, 0xc]",0
"str r1, [sp, 8]",0
"ldr r1, [r4, 0x10]",0
"str r1, [sp, 0xc]",0
"ldr r1, [r4, 0x14]",0
"str r1, [sp, 0x10]",0
"ldr r1, [r4, 0x18]",0
"str r1, [sp, 0x14]",0
"mov r0, r5",0
"mov r1, 1",0
bl 0x1434,0
b 0x4560,0
"mov r0, 0",0
"ldr r1, [0x0000459c]        ; [0x459c:4]=0x1c2a0",0
"mov r2, 5",0
bl 0x12a8,0
"mov r2, r0",0
"ldr r3, [r4]",0
"ldr r1, [r4, 4]",0
"str r1, [sp]",0
"ldr r1, [r4, 8]",0
"str r1, [sp, 4]",0
"ldr r1, [r4, 0xc]",0
"str r1, [sp, 8]",0
"ldr r1, [r4, 0x10]",0
"str r1, [sp, 0xc]",0
"ldr r1, [r4, 0x14]",0
"str r1, [sp, 0x10]",0
"ldr r1, [r4, 0x18]",0
"str r1, [sp, 0x14]",0
"ldr r1, [r4, 0x1c]",0
"str r1, [sp, 0x18]",0
"mov r0, r5",0
"mov r1, 1",0
bl 0x1434,0
b 0x4560,0
"mov r0, 0",0
"ldr r1, [0x000045a0]        ; [0x45a0:4]=0x1c2d0",0
"mov r2, 5",0
bl 0x12a8,0
"mov r2, r0",0
"ldr r3, [r4]",0
"ldr r1, [r4, 4]",0
"str r1, [sp]",0
"ldr r1, [r4, 8]",0
"str r1, [sp, 4]",0
"ldr r1, [r4, 0xc]",0
"str r1, [sp, 8]",0
"ldr r1, [r4, 0x10]",0
"str r1, [sp, 0xc]",0
"ldr r1, [r4, 0x14]",0
"str r1, [sp, 0x10]",0
"ldr r1, [r4, 0x18]",0
"str r1, [sp, 0x14]",0
"ldr r1, [r4, 0x1c]",0
"str r1, [sp, 0x18]",0
"ldr r1, [r4, 0x20]",0
"str r1, [sp, 0x1c]",0
"mov r0, r5",0
"mov r1, 1",0
bl 0x1434,0
b 0x4560,0
"mov r0, 0",0
"ldr r1, [0x000045a4]        ; [0x45a4:4]=0x1c304",0
"mov r2, 5",0
bl 0x12a8,0
"mov r2, r0",0
"ldr r3, [r4]",0
"ldr r1, [r4, 4]",0
"str r1, [sp]",0
"ldr r1, [r4, 8]",0
"str r1, [sp, 4]",0
"ldr r1, [r4, 0xc]",0
"str r1, [sp, 8]",0
"ldr r1, [r4, 0x10]",0
"str r1, [sp, 0xc]",0
"ldr r1, [r4, 0x14]",0
"str r1, [sp, 0x10]",0
"ldr r1, [r4, 0x18]",0
"str r1, [sp, 0x14]",0
"ldr r1, [r4, 0x1c]",0
"str r1, [sp, 0x18]",0
"ldr r1, [r4, 0x20]",0
"str r1, [sp, 0x1c]",0
"mov r0, r5",0
"mov r1, 1",0
bl 0x1434,0
"add sp, sp, 0x20",0
"pop {r4, r5, r6, pc}",0
"andeq ip, r1, r0, ror 1",0
"andeq ip, r1, ip, ror 1",0
"strdeq ip, sp, [r1], -r4",0
"ldrdeq r0, r1, [r0], -sp",0
"andeq ip, r1, r4, asr 7",0
"strdeq ip, sp, [r1], -r8",0
"andeq ip, r1, r4, asr 3",0
"ldrdeq ip, sp, [r1], -r4",0
"andeq ip, r1, ip, ror 3",0
"andeq ip, r1, r8, lsl 4",0
"andeq ip, r1, r8, lsr 4",0
"andeq ip, r1, ip, asr 4",0
"andeq ip, r1, r4, ror r2",0
"andeq ip, r1, r0, lsr 5",0
"ldrdeq ip, sp, [r1], -r0",0
"andeq ip, r1, r4, lsl 6",0
"push {r4, r5, lr}",0
"sub sp, sp, 0xc",0
"ldr r5, [sp, 0x18]",0
"ldr ip, [r5]",0
"cmp ip, 0",0
beq 0x45dc,0
"mov lr, r5",0
"mov ip, 0",0
"add ip, ip, 1",0
"ldr r4, [lr, 4]!",0
"cmp r4, 0",0
bne 0x45c8,0
b 0x45e0,0
"mov ip, 0",0
"str r5, [sp]",0
"str ip, [sp, 4]",0
bl 0x41a8,0
"add sp, sp, 0xc",0
"pop {r4, r5, pc}",0
"push {r4, r5, lr}",0
"sub sp, sp, 0x34",0
"ldr ip, [sp, 0x40]",0
"mov r5, ip",0
"ldr ip, [ip]",0
"str ip, [sp, 8]",0
"cmp ip, 0",0
beq 0x4640,0
"add r4, sp, 8",0
"mov ip, 1",0
b 0x462c,0
"add ip, ip, 1",0
"cmp ip, 0xa",0
beq 0x4644,0
"ldr lr, [r5, ip, lsl 2]",0
"str lr, [r4, 4]!",0
"cmp lr, 0",0
bne 0x4620,0
b 0x4644,0
"mov ip, 0",0
"add lr, sp, 8",0
"str lr, [sp]",0
"str ip, [sp, 4]",0
bl 0x41a8,0
"add sp, sp, 0x34",0
"pop {r4, r5, pc}",0
"str r3, [sp, -4]!",0
"str lr, [sp, -4]!",0
"sub sp, sp, 0x10",0
"add r3, sp, 0x18",0
"str r3, [sp, 0xc]",0
"str r3, [sp]",0
"ldr r3, [sp, 0x14]",0
bl 0x45f4,0
"add sp, sp, 0x10",0
pop {lr},0
"add sp, sp, 4",0
bx lr,0
"push {r3, lr}",0
"mov r0, 0",0
"ldr r1, [0x000046f4]        ; [0x46f4:4]=0x1c340",0
"mov r2, 5",0
bl 0x12a8,0
"mov r1, r0",0
"mov r0, 1",0
"ldr r2, [0x000046f8]        ; [0x46f8:4]=0x1c358",0
bl 0x141c,0
"mov r0, 0",0
"ldr r1, [0x000046fc]        ; [0x46fc:4]=0x1c370",0
"mov r2, 5",0
bl 0x12a8,0
"mov r1, r0",0
"mov r0, 1",0
"ldr r2, [0x00004700]        ; [0x4700:4]=0x1bcb0",0
"ldr r3, [0x00004704]        ; [0x4704:4]=0x1bcc0",0
bl 0x141c,0
"mov r0, 0",0
"ldr r1, [0x00004708]        ; [0x4708:4]=0x1c384",0
"mov r2, 5",0
bl 0x12a8,0
"ldr r3, [0x0000470c]        ; [0x470c:4]=0x252f4",0
"ldr r1, [r3]",0
bl 0x11a0,0
"pop {r3, pc}",0
"andeq ip, r1, r0, asr 6",0
"andeq ip, r1, r8, asr r3",0
"andeq ip, r1, r0, ror r3",0
"strheq fp, [r1], -r0",0
"andeq fp, r1, r0, asr 25",0
"andeq ip, r1, r4, lsl 7",0
"strdeq r5, r6, [r2], -r4",0
"push {r4, lr}",0
"mov r4, r0",0
bl 0x1344,0
"mov r2, r0",0
"rsbs r0, r0, 1",0
"movlo r0, 0",0
"cmp r4, 0",0
"moveq r0, 0",0
"cmp r0, 0",0
beq 0x473c,0
bl 0x493c,0
"mov r0, r2",0
"pop {r4, pc}",0
"push {r3, lr}",0
bl 0x4710,0
"pop {r3, pc}",0
"push {r3, r4, r5, lr}",0
"mov r4, r0",0
"mov r5, r1",0
"mvn r0, 0",0
bl 0x128e0,0
"cmp r0, r4",0
bhs 0x4770,0
bl 0x493c,0
"mul r0, r4, r5",0
bl 0x4710,0
"pop {r3, r4, r5, pc}",0
"push {r4, lr}",0
"mov r4, r1",0
"rsbs r1, r1, 1",0
"movlo r1, 0",0
"cmp r0, 0",0
"moveq r1, 0",0
"cmp r1, 0",0
beq 0x47a8,0
bl 0x1230,0
"mov r3, 0",0
b 0x47d0,0
"mov r1, r4",0
bl 0x12b4,0
"mov r3, r0",0
"rsbs r0, r0, 1",0
"movlo r0, 0",0
"cmp r4, 0",0
"moveq r0, 0",0
"cmp r0, 0",0
beq 0x47d0,0
bl 0x493c,0
"mov r0, r3",0
"pop {r4, pc}",0
"push {r3, r4, r5, r6, r7, lr}",0
"mov r5, r1",0
"mov r6, r2",0
"ldr r4, [r1]",0
"subs r7, r0, 0",0
bne 0x4814,0
"cmp r4, 0",0
bne 0x4834,0
"mov r0, 0x40                ; '@'",0
"mov r1, r2",0
bl 0x128e0,0
"cmp r0, 0",0
"movne r4, r0",0
"addeq r4, r0, 1",0
b 0x4834,0
"ldr r0, [0x00004848]        ; [0x4848:4]=0xaaaaaaaa",0
"mov r1, r2",0
bl 0x128e0,0
"cmp r4, r0",0
"addlo r3, r4, 1",0
"addlo r4, r4, r3, lsr 1",0
blo 0x4834,0
bl 0x493c,0
"str r4, [r5]",0
"mov r0, r7",0
"mul r1, r6, r4",0
bl 0x477c,0
"pop {r3, r4, r5, r6, r7, pc}",0
bge 0xfeaaf2f8,0
"push {r4, r5, r6, lr}",0
"mov r6, r0",0
"mov r5, r1",0
"mov r4, r2",0
"mvn r0, 0",0
"mov r1, r2",0
bl 0x128e0,0
"cmp r0, r5",0
bhs 0x4874,0
bl 0x493c,0
"mov r0, r6",0
"mul r1, r5, r4",0
bl 0x477c,0
"pop {r4, r5, r6, pc}",0
"push {r3, lr}",0
"ldr r3, [r1]",0
"cmp r0, 0",0
bne 0x48a0,0
"cmp r3, 0",0
"moveq r3, 0x40              ; '@'",0
b 0x48b8,0
"ldr r2, [0x000048c8]        ; [0x48c8:4]=0xaaaaaaa9",0
"cmp r3, r2",0
"addls r2, r3, 1",0
"addls r3, r3, r2, lsr 1",0
bls 0x48b8,0
bl 0x493c,0
"str r3, [r1]",0
"mov r1, r3",0
bl 0x477c,0
"pop {r3, pc}",0
bge 0xfeaaf374,0
"push {r4, lr}",0
"mov r4, r0",0
bl 0x4710,0
"mov r1, 0",0
"mov r2, r4",0
bl 0x13f8,0
"pop {r4, pc}",0
"push {r3, lr}",0
bl 0x1194,0
"cmp r0, 0",0
"popne {r3, pc}",0
bl 0x493c,0
"push {r3, r4, r5, lr}",0
"mov r5, r0",0
"mov r4, r1",0
"mov r0, r1",0
bl 0x4710,0
"mov r1, r5",0
"mov r2, r4",0
bl 0x1254,0
"pop {r3, r4, r5, pc}",0
"push {r4, lr}",0
"mov r4, r0",0
bl 0x13b0,0
"add r1, r0, 1",0
"mov r0, r4",0
bl 0x48fc,0
"pop {r4, pc}",0
"push {r3, lr}",0
"ldr r3, [0x00004970]        ; [0x4970:4]=0x2528c",0
"ldr r4, [r3]",0
"mov r0, 0",0
"ldr r1, [0x00004974]        ; [0x4974:4]=0x1c3f4",0
"mov r2, 5",0
bl 0x12a8,0
"mov r3, r0",0
"mov r0, r4",0
"mov r1, 0",0
"ldr r2, [0x00004978]        ; [0x4978:4]=0x1bdc8",0
bl 0x1320,0
bl 0x14dc,0
"andeq r5, r2, ip, lsl 5",0
"strdeq ip, sp, [r1], -r4",0
"andeq fp, r1, r8, asr 27",0
"push {r3, r4, r5, r6, r7, r8, sl, lr}",0
"mov r6, r0",0
"mov sl, r1",0
"ldm r0, {r4, r5}",0
"mov r7, r1",0
"asr r8, r1, 0x1f",0
"mov r0, 0",0
"mov r1, 0x80000000",0
"mov r2, sl",0
"mov r3, r8",0
bl 0x12aa4,0
"cmp r4, r0",0
"sbcs r3, r5, r1",0
bge 0x49c8,0
"mov r2, 0",0
"mov r3, 0x80000000",0
"stm r6, {r2, r3}",0
"mov r0, 1",0
"pop {r3, r4, r5, r6, r7, r8, sl, pc}",0
"mvn r0, 0",0
"mvn r1, 0x80000000",0
"mov r2, sl",0
"mov r3, r8",0
bl 0x12aa4,0
"cmp r0, r4",0
"sbcs r3, r1, r5",0
bge 0x49fc,0
"mvn r2, 0",0
"mvn r3, 0x80000000",0
"stm r6, {r2, r3}",0
"mov r0, 1",0
"pop {r3, r4, r5, r6, r7, r8, sl, pc}",0
"mul r8, r4, r8",0
"mla r8, sl, r5, r8",0
"umull r2, r3, r4, sl",0
"add r3, r8, r3",0
"stm r6, {r2, r3}",0
"mov r0, 0",0
"pop {r3, r4, r5, r6, r7, r8, sl, pc}",0
"push {r3, r4, r5, r6, r7, lr}",0
"mov r6, r0",0
"mov r7, r1",0
"cmp r2, 0",0
beq 0x4a50,0
"mov r4, r2",0
"mov r5, 0",0
"mov r0, r6",0
"mov r1, r7",0
bl 0x497c,0
"orr r5, r5, r0",0
"subs r4, r4, 1",0
bne 0x4a34,0
b 0x4a54,0
"mov r5, 0",0
"mov r0, r5",0
"pop {r3, r4, r5, r6, r7, pc}",0
"push {r4, r5, r6, r7, r8, sl, lr}",0
"sub sp, sp, 0x14",0
"mov r8, r0",0
"mov r5, r2",0
"mov r4, r3",0
"ldr r7, [sp, 0x30]",0
"cmp r2, 0x24",0
bls 0x4a90,0
"ldr r0, [0x00004dc0]        ; [0x4dc0:4]=0x1c414",0
"ldr r1, [0x00004dc4]        ; [0x4dc4:4]=0x1c43c",0
"mov r2, 0x60                ; '`'",0
"ldr r3, [0x00004dc8]        ; [0x4dc8:4]=0x1c408",0
bl 0x14f4,0
"cmp r1, 0",0
"addeq r6, sp, 0xc",0
"movne r6, r1",0
bl 0x13d4,0
"mov sl, r0",0
"mov r3, 0",0
"str r3, [r0]",0
"mov r0, r8",0
"mov r1, r6",0
"mov r2, r5",0
bl 0x14a0,0
"mov r2, r0",0
"mov r3, r1",0
"stm sp, {r2, r3}",0
"ldr r1, [r6]",0
"cmp r1, r8",0
bne 0x4b18,0
"cmp r7, 0",0
"moveq r5, 4",0
beq 0x4db4,0
"ldrb r1, [r1]",0
"cmp r1, 0",0
"moveq r5, 4",0
beq 0x4db4,0
"mov r0, r7",0
bl 0x13bc,0
"cmp r0, 0",0
"moveq r5, 4",0
beq 0x4db4,0
"mov r2, 1",0
"mov r3, 0",0
"stm sp, {r2, r3}",0
"mov r5, 0",0
b 0x4b44,0
"ldr r1, [sl]",0
"cmp r1, 0",0
beq 0x4b34,0
"cmp r1, 0x22",0
"moveq r5, 1",0
beq 0x4b38,0
b 0x4db0,0
"mov r5, 0",0
"cmp r7, 0",0
"stmeq r4, {r2, r3}",0
beq 0x4db4,0
"ldr sl, [r6]",0
"ldrb r8, [sl]",0
"cmp r8, 0",0
beq 0x4da4,0
"mov r0, r7",0
"mov r1, r8",0
bl 0x13bc,0
"cmp r0, 0",0
"ldmeq sp, {r2, r3}",0
"stmeq r4, {r2, r3}",0
"orreq r5, r5, 2",0
beq 0x4db4,0
"mov r0, r7",0
"mov r1, 0x30                ; '0'",0
bl 0x13bc,0
"cmp r0, 0",0
beq 0x4bc8,0
"ldrb r3, [sl, 1]",0
"cmp r3, 0x44",0
beq 0x4bd4,0
"cmp r3, 0x69",0
beq 0x4bb0,0
"cmp r3, 0x42",0
beq 0x4bd4,0
"mov r7, 1",0
"mov r1, 0x400",0
b 0x4bdc,0
"ldrb r7, [sl, 2]",0
"cmp r7, 0x42",0
"moveq r7, 3",0
"movne r7, 1",0
"mov r1, 0x400",0
b 0x4bdc,0
"mov r7, 1",0
"mov r1, 0x400",0
b 0x4bdc,0
"mov r7, 2",0
"mov r1, 0x3e8",0
"sub r8, r8, 0x42",0
"cmp r8, 0x35",0
"ldrls pc, [pc, r8, lsl 2]   ; [0x4bec:4]=0xccd4",0
b 0x4d74,0
"ldrdeq ip, sp, [r0], -r4",0
"andeq ip, r0, r4, ror sp",0
"andeq ip, r0, r4, ror sp",0
"andeq ip, r0, r4, ror 25",0
"andeq ip, r0, r4, ror sp",0
"strdeq ip, sp, [r0], -r4",0
"andeq ip, r0, r4, ror sp",0
"andeq ip, r0, r4, ror sp",0
"andeq ip, r0, r4, ror sp",0
"andeq ip, r0, r4, lsl 26",0
"andeq ip, r0, r4, ror sp",0
"andeq ip, r0, r4, lsl sp",0
"andeq ip, r0, r4, ror sp",0
"andeq ip, r0, r4, ror sp",0
"andeq ip, r0, r4, lsr 26",0
"andeq ip, r0, r4, ror sp",0
"andeq ip, r0, r4, ror sp",0
"andeq ip, r0, r4, ror sp",0
"andeq ip, r0, r4, lsr sp",0
"andeq ip, r0, r4, ror sp",0
"andeq ip, r0, r4, ror sp",0
"andeq ip, r0, r4, ror sp",0
"andeq ip, r0, r4, ror sp",0
"andeq ip, r0, r4, asr sp",0
"andeq ip, r0, r4, ror 26",0
"andeq ip, r0, r4, ror sp",0
"andeq ip, r0, r4, ror sp",0
"andeq ip, r0, r4, ror sp",0
"andeq ip, r0, r4, ror sp",0
"andeq ip, r0, r4, ror sp",0
"andeq ip, r0, r4, ror sp",0
"andeq ip, r0, r4, ror sp",0
"andeq ip, r0, r4, asr 25",0
"andeq ip, r0, r4, lsl 27",0
"andeq ip, r0, r4, ror sp",0
"andeq ip, r0, r4, ror sp",0
"andeq ip, r0, r4, ror sp",0
"strdeq ip, sp, [r0], -r4",0
"andeq ip, r0, r4, ror sp",0
"andeq ip, r0, r4, ror sp",0
"andeq ip, r0, r4, ror sp",0
"andeq ip, r0, r4, lsl 26",0
"andeq ip, r0, r4, ror sp",0
"andeq ip, r0, r4, lsl sp",0
"andeq ip, r0, r4, ror sp",0
"andeq ip, r0, r4, ror sp",0
"andeq ip, r0, r4, ror sp",0
"andeq ip, r0, r4, ror sp",0
"andeq ip, r0, r4, ror sp",0
"andeq ip, r0, r4, ror sp",0
"andeq ip, r0, r4, lsr sp",0
"andeq ip, r0, r4, ror sp",0
"andeq ip, r0, r4, ror sp",0
"andeq ip, r0, r4, asr 26",0
"mov r0, sp",0
"mov r1, 0x200",0
bl 0x497c,0
b 0x4d88,0
"mov r0, sp",0
"mov r1, 0x400",0
bl 0x497c,0
b 0x4d88,0
"mov r0, sp",0
"mov r2, 6",0
bl 0x4a18,0
b 0x4d88,0
"mov r0, sp",0
"mov r2, 3",0
bl 0x4a18,0
b 0x4d88,0
"mov r0, sp",0
"mov r2, 1",0
bl 0x4a18,0
b 0x4d88,0
"mov r0, sp",0
"mov r2, 2",0
bl 0x4a18,0
b 0x4d88,0
"mov r0, sp",0
"mov r2, 5",0
bl 0x4a18,0
b 0x4d88,0
"mov r0, sp",0
"mov r2, 4",0
bl 0x4a18,0
b 0x4d88,0
"mov r0, sp",0
"mov r1, 2",0
bl 0x497c,0
b 0x4d88,0
"mov r0, sp",0
"mov r2, 8",0
bl 0x4a18,0
b 0x4d88,0
"mov r0, sp",0
"mov r2, 7",0
bl 0x4a18,0
b 0x4d88,0
"ldm sp, {r2, r3}",0
"stm r4, {r2, r3}",0
"orr r5, r5, 2",0
b 0x4db4,0
"mov r0, 0",0
"orr r5, r5, r0",0
"ldr r3, [r6]",0
"add r2, r3, r7",0
"str r2, [r6]",0
"ldrb r3, [r3, r7]",0
"cmp r3, 0",0
"orrne r5, r5, 2",0
"ldm sp, {r2, r3}",0
"stm r4, {r2, r3}",0
b 0x4db4,0
"mov r5, 4",0
"mov r0, r5",0
"add sp, sp, 0x14",0
"pop {r4, r5, r6, r7, r8, sl, pc}",0
"andeq ip, r1, r4, lsl r4",0
"andeq ip, r1, ip, lsr r4",0
"andeq ip, r1, r8, lsl 8",0
"push {r4, r5, r6, lr}",0
"mov r4, r0",0
"mov r6, r1",0
"ldr r5, [r0]",0
"mov r0, 0x80000000",0
bl 0x129a8,0
"cmp r5, r0",0
bge 0x4dfc,0
"mov r3, 0x80000000",0
"str r3, [r4]",0
"mov r0, 1",0
"pop {r4, r5, r6, pc}",0
"mvn r0, 0x80000000",0
"mov r1, r6",0
bl 0x129a8,0
"cmp r5, r0",0
"mvngt r3, 0x80000000",0
"strgt r3, [r4]",0
"movgt r0, 1",0
"mulle r5, r6, r5",0
"strle r5, [r4]",0
"movle r0, 0",0
"pop {r4, r5, r6, pc}",0
"push {r3, r4, r5, r6, r7, lr}",0
"mov r6, r0",0
"mov r7, r1",0
"cmp r2, 0",0
beq 0x4e60,0
"mov r4, r2",0
"mov r5, 0",0
"mov r0, r6",0
"mov r1, r7",0
bl 0x4dcc,0
"orr r5, r5, r0",0
"subs r4, r4, 1",0
bne 0x4e44,0
b 0x4e64,0
"mov r5, 0",0
"mov r0, r5",0
"pop {r3, r4, r5, r6, r7, pc}",0
"push {r4, r5, r6, r7, r8, sl, lr}",0
"sub sp, sp, 0xc",0
"mov r6, r0",0
"mov r5, r2",0
"mov sl, r3",0
"ldr r8, [sp, 0x28]",0
"cmp r2, 0x24",0
bls 0x4ea0,0
"ldr r0, [0x000051c4]        ; [0x51c4:4]=0x1c414",0
"ldr r1, [0x000051c8]        ; [0x51c8:4]=0x1c43c",0
"mov r2, 0x60                ; '`'",0
"ldr r3, [0x000051cc]        ; [0x51cc:4]=0x1c44c",0
bl 0x14f4,0
"cmp r1, 0",0
"addeq r4, sp, 4",0
"movne r4, r1",0
bl 0x13d4,0
"mov r7, r0",0
"mov r3, 0",0
"str r3, [r0]",0
"mov r0, r6",0
"mov r1, r4",0
"mov r2, r5",0
bl 0x11f4,0
"str r0, [sp]",0
"ldr r3, [r4]",0
"cmp r3, r6",0
bne 0x4f1c,0
"cmp r8, 0",0
"moveq r5, 4",0
beq 0x51b8,0
"ldrb r1, [r3]",0
"cmp r1, 0",0
"moveq r5, 4",0
beq 0x51b8,0
"mov r0, r8",0
bl 0x13bc,0
"cmp r0, 0",0
"moveq r5, 4",0
beq 0x51b8,0
"mov r3, 1",0
"str r3, [sp]",0
"mov r5, 0",0
b 0x4f48,0
"ldr r3, [r7]",0
"cmp r3, 0",0
beq 0x4f38,0
"cmp r3, 0x22",0
"moveq r5, 1",0
beq 0x4f3c,0
b 0x51b4,0
"mov r5, 0",0
"cmp r8, 0",0
"streq r0, [sl]",0
beq 0x51b8,0
"ldr r7, [r4]",0
"ldrb r6, [r7]",0
"cmp r6, 0",0
beq 0x51a8,0
"mov r0, r8",0
"mov r1, r6",0
bl 0x13bc,0
"cmp r0, 0",0
"ldreq r3, [sp]",0
"streq r3, [sl]",0
"orreq r5, r5, 2",0
beq 0x51b8,0
"mov r0, r8",0
"mov r1, 0x30                ; '0'",0
bl 0x13bc,0
"cmp r0, 0",0
beq 0x4fcc,0
"ldrb r3, [r7, 1]",0
"cmp r3, 0x44",0
beq 0x4fd8,0
"cmp r3, 0x69",0
beq 0x4fb4,0
"cmp r3, 0x42",0
beq 0x4fd8,0
"mov r7, 1",0
"mov r1, 0x400",0
b 0x4fe0,0
"ldrb r7, [r7, 2]",0
"cmp r7, 0x42",0
"moveq r7, 3",0
"movne r7, 1",0
"mov r1, 0x400",0
b 0x4fe0,0
"mov r7, 1",0
"mov r1, 0x400",0
b 0x4fe0,0
"mov r7, 2",0
"mov r1, 0x3e8",0
"sub r6, r6, 0x42",0
"cmp r6, 0x35",0
"ldrls pc, [pc, r6, lsl 2]   ; [0x4ff0:4]=0xd0d8",0
b 0x5178,0
"ldrdeq sp, lr, [r0], -r8",0
"andeq sp, r0, r8, ror r1",0
"andeq sp, r0, r8, ror r1",0
"andeq sp, r0, r8, ror 1",0
"andeq sp, r0, r8, ror r1",0
"strdeq sp, lr, [r0], -r8",0
"andeq sp, r0, r8, ror r1",0
"andeq sp, r0, r8, ror r1",0
"andeq sp, r0, r8, ror r1",0
"andeq sp, r0, r8, lsl 2",0
"andeq sp, r0, r8, ror r1",0
"andeq sp, r0, r8, lsl r1",0
"andeq sp, r0, r8, ror r1",0
"andeq sp, r0, r8, ror r1",0
"andeq sp, r0, r8, lsr 2",0
"andeq sp, r0, r8, ror r1",0
"andeq sp, r0, r8, ror r1",0
"andeq sp, r0, r8, ror r1",0
"andeq sp, r0, r8, lsr r1",0
"andeq sp, r0, r8, ror r1",0
"andeq sp, r0, r8, ror r1",0
"andeq sp, r0, r8, ror r1",0
"andeq sp, r0, r8, ror r1",0
"andeq sp, r0, r8, asr r1",0
"andeq sp, r0, r8, ror 2",0
"andeq sp, r0, r8, ror r1",0
"andeq sp, r0, r8, ror r1",0
"andeq sp, r0, r8, ror r1",0
"andeq sp, r0, r8, ror r1",0
"andeq sp, r0, r8, ror r1",0
"andeq sp, r0, r8, ror r1",0
"andeq sp, r0, r8, ror r1",0
"andeq sp, r0, r8, asr 1",0
"andeq sp, r0, r8, lsl 3",0
"andeq sp, r0, r8, ror r1",0
"andeq sp, r0, r8, ror r1",0
"andeq sp, r0, r8, ror r1",0
"strdeq sp, lr, [r0], -r8",0
"andeq sp, r0, r8, ror r1",0
"andeq sp, r0, r8, ror r1",0
"andeq sp, r0, r8, ror r1",0
"andeq sp, r0, r8, lsl 2",0
"andeq sp, r0, r8, ror r1",0
"andeq sp, r0, r8, lsl r1",0
"andeq sp, r0, r8, ror r1",0
"andeq sp, r0, r8, ror r1",0
"andeq sp, r0, r8, ror r1",0
"andeq sp, r0, r8, ror r1",0
"andeq sp, r0, r8, ror r1",0
"andeq sp, r0, r8, ror r1",0
"andeq sp, r0, r8, lsr r1",0
"andeq sp, r0, r8, ror r1",0
"andeq sp, r0, r8, ror r1",0
"andeq sp, r0, r8, asr 2",0
"mov r0, sp",0
"mov r1, 0x200",0
bl 0x4dcc,0
b 0x518c,0
"mov r0, sp",0
"mov r1, 0x400",0
bl 0x4dcc,0
b 0x518c,0
"mov r0, sp",0
"mov r2, 6",0
bl 0x4e28,0
b 0x518c,0
"mov r0, sp",0
"mov r2, 3",0
bl 0x4e28,0
b 0x518c,0
"mov r0, sp",0
"mov r2, 1",0
bl 0x4e28,0
b 0x518c,0
"mov r0, sp",0
"mov r2, 2",0
bl 0x4e28,0
b 0x518c,0
"mov r0, sp",0
"mov r2, 5",0
bl 0x4e28,0
b 0x518c,0
"mov r0, sp",0
"mov r2, 4",0
bl 0x4e28,0
b 0x518c,0
"mov r0, sp",0
"mov r1, 2",0
bl 0x4dcc,0
b 0x518c,0
"mov r0, sp",0
"mov r2, 8",0
bl 0x4e28,0
b 0x518c,0
"mov r0, sp",0
"mov r2, 7",0
bl 0x4e28,0
b 0x518c,0
"ldr r3, [sp]",0
"str r3, [sl]",0
"orr r5, r5, 2",0
b 0x51b8,0
"mov r0, 0",0
"orr r5, r5, r0",0
"ldr r3, [r4]",0
"add r2, r3, r7",0
"str r2, [r4]",0
"ldrb r3, [r3, r7]",0
"cmp r3, 0",0
"orrne r5, r5, 2",0
"ldr r3, [sp]",0
"str r3, [sl]",0
b 0x51b8,0
"mov r5, 4",0
"mov r0, r5",0
"add sp, sp, 0xc",0
"pop {r4, r5, r6, r7, r8, sl, pc}",0
"andeq ip, r1, r4, lsl r4",0
"andeq ip, r1, ip, lsr r4",0
"andeq ip, r1, ip, asr 8",0
"push {r4, r5, r6, lr}",0
"sub sp, sp, 8",0
"mov r4, r0",0
bl 0x1428,0
"cmp r0, 0",0
bge 0x51f4,0
"mov r0, r4",0
bl 0x1440,0
b 0x5270,0
"mov r0, r4",0
bl 0x135c,0
"cmp r0, 0",0
beq 0x5234,0
"mov r0, r4",0
bl 0x1428,0
"mov r3, 1",0
"str r3, [sp]",0
"mov r2, 0",0
"mov r3, 0",0
bl 0x12e4,0
"mvn r2, 0",0
"mvn r3, 0",0
"cmp r1, r3",0
"cmpeq r0, r2",0
beq 0x5268,0
"mov r0, r4",0
bl 0x5278,0
"cmp r0, 0",0
beq 0x5268,0
bl 0x13d4,0
"mov r5, r0",0
"ldr r6, [r0]",0
"mov r0, r4",0
bl 0x1440,0
"cmp r6, 0",0
"strne r6, [r5]",0
"mvnne r0, 0",0
b 0x5270,0
"mov r0, r4",0
bl 0x1440,0
"add sp, sp, 8",0
"pop {r4, r5, r6, pc}",0
"push {r4, lr}",0
"sub sp, sp, 8",0
"subs r4, r0, 0",0
beq 0x5298,0
"mov r0, r4",0
bl 0x135c,0
"cmp r0, 0",0
bne 0x52a4,0
"mov r0, r4",0
bl 0x1218,0
b 0x52d0,0
"ldr r3, [r4]",0
"tst r3, 0x100",0
beq 0x52c8,0
"mov r3, 1",0
"str r3, [sp]",0
"mov r0, r4",0
"mov r2, 0",0
"mov r3, 0",0
bl 0x52d8,0
"mov r0, r4",0
bl 0x1218,0
"add sp, sp, 8",0
"pop {r4, pc}",0
"push {r4, r5, r6, r7, lr}",0
"sub sp, sp, 0xc",0
"mov r6, r0",0
"mov r4, r2",0
"mov r5, r3",0
"ldr r7, [sp, 0x20]",0
"ldr r2, [r0, 8]",0
"ldr r3, [r0, 4]",0
"cmp r2, r3",0
bne 0x5368,0
"ldr r2, [r0, 0x14]",0
"ldr r3, [r0, 0x10]",0
"cmp r2, r3",0
bne 0x5368,0
"ldr r3, [r0, 0x24]",0
"cmp r3, 0",0
bne 0x5368,0
bl 0x1428,0
"str r7, [sp]",0
"mov r2, r4",0
"mov r3, r5",0
bl 0x12e4,0
"mov r2, r0",0
"mov r3, r1",0
"mvn r4, 0",0
"mvn r5, 0",0
"cmp r3, r5",0
"cmpeq r2, r4",0
beq 0x5380,0
"ldr r1, [r6]",0
"bic r1, r1, 0x10",0
"str r1, [r6]",0
"str r2, [r6, 0x50]",0
"str r3, [r6, 0x54]",0
"mov r0, 0",0
b 0x5384,0
"str r7, [sp]",0
"mov r0, r6",0
"mov r2, r4",0
"mov r3, r5",0
bl 0x144c,0
b 0x5384,0
"mvn r0, 0",0
"add sp, sp, 0xc",0
"pop {r4, r5, r6, r7, pc}",0
"lsr r3, r1, 5",0
"and r1, r1, 0x1f",0
"ldr r2, [r0, r3, lsl 2]",0
"mov ip, 1",0
"orr r1, r2, ip, lsl r1",0
"str r1, [r0, r3, lsl 2]",0
bx lr,0
"lsr r3, r1, 5",0
"and r1, r1, 0x1f",0
"ldr r2, [r0, r3, lsl 2]",0
"mov ip, 1",0
"bic r1, r2, ip, lsl r1",0
"str r1, [r0, r3, lsl 2]",0
bx lr,0
"lsr r3, r1, 5",0
"and r1, r1, 0x1f",0
"ldr r3, [r0, r3, lsl 2]",0
"lsr r0, r3, r1",0
"and r0, r0, 1",0
bx lr,0
"add r2, r0, 0x20",0
"ldr r3, [r0]",0
"mvn r3, r3",0
"str r3, [r0], 4",0
"cmp r0, r2",0
bne 0x53e0,0
bx lr,0
"mov r3, 0",0
"ldr ip, [r0, r3]",0
"ldr r2, [r1, r3]",0
"orr r2, ip, r2",0
"str r2, [r0, r3]",0
"add r3, r3, 4",0
"cmp r3, 0x20",0
bne 0x53fc,0
bx lr,0
"mov r3, 0",0
"ldr ip, [r0, r3]",0
"ldr r2, [r1, r3]",0
"and r2, ip, r2",0
"str r2, [r0, r3]",0
"add r3, r3, 4",0
"cmp r3, 0x20",0
bne 0x5420,0
bx lr,0
"ldr r3, [r0, 0x50]",0
"cmp r3, 1",0
beq 0x549c,0
"add r3, r1, 1",0
"ldr ip, [r0, 0x1c]",0
"cmp r3, ip",0
bhs 0x54a4,0
"ldr r0, [r0, 8]",0
"add r2, r0, r3, lsl 2",0
"ldr r3, [r0, r3, lsl 2]",0
"cmn r3, 1",0
bne 0x54ac,0
"rsb r1, r1, ip",0
"mov r3, 2",0
b 0x548c,0
"add r3, r3, 1",0
"ldr ip, [r2, 4]!",0
"cmn ip, 1",0
bxne lr,0
"mov r0, r3",0
"cmp r3, r1",0
bne 0x547c,0
bx lr,0
"mov r0, 1",0
bx lr,0
"mov r0, 1",0
bx lr,0
"mov r0, 1",0
bx lr,0
"ldr r3, [r0, 0x50]",0
"cmp r3, 1",0
"ldreq r3, [r0, 4]",0
"ldrbeq r0, [r3, r1]",0
"ldrne r3, [r0, 8]",0
"ldrne r0, [r3, r1, lsl 2]",0
bx lr,0
"str r4, [sp, -4]!",0
"ldrb r4, [sp, 4]",0
"ldr ip, [sp, 8]",0
"str r0, [r2]",0
"str r1, [r2, 0x30]",0
"str r1, [r2, 0x2c]",0
"str r3, [r2, 0x40]",0
"strb r4, [r2, 0x48]",0
"cmp r3, 0",0
"orrne r4, r4, 1",0
"strb r4, [r2, 0x4b]",0
"ldr r3, [ip, 0x5c]",0
"str r3, [r2, 0x50]",0
"ldrb r3, [ip, 0x58]",0
"lsr r3, r3, 2",0
"and r3, r3, 1",0
"strb r3, [r2, 0x49]",0
"ldrb r3, [ip, 0x58]",0
"lsr r3, r3, 3",0
"and r3, r3, 1",0
"strb r3, [r2, 0x4a]",0
"str r1, [r2, 0x38]",0
"str r1, [r2, 0x34]",0
"ldm sp!, {r4}",0
bx lr,0
"ldr ip, [r0, 0x30]",0
"ldr r3, [r0, 0x24]",0
"cmp ip, r3",0
"movhs ip, r3",0
"ldr r3, [r0, 0x1c]",0
"cmp ip, r3",0
bls 0x5580,0
"ldr r1, [r0]",0
"ldr r2, [r0, 0x18]",0
"add r1, r1, r3",0
"ldrb r2, [r1, r2]",0
"ldr r1, [r0, 0x40]",0
"ldrb r1, [r1, r2]",0
"ldr r2, [r0, 4]",0
"strb r1, [r2, r3]",0
"add r3, r3, 1",0
"cmp r3, ip",0
bne 0x5550,0
"mov r3, ip",0
"str r3, [r0, 0x1c]",0
"str r3, [r0, 0x20]",0
bx lr,0
"str r4, [sp, -4]!",0
"mov r4, r1",0
"mov ip, r0",0
"cmp r0, 0",0
"cmpne r1, 0",0
"moveq r0, 0",0
beq 0x5600,0
"ldr r3, [ip, 4]",0
"ldr r2, [r1, 4]",0
"cmp r3, r2",0
"subeq r2, r3, 0xc0000001",0
"lsleq r2, r2, 2",0
beq 0x55e0,0
b 0x55f4,0
"ldr r1, [ip, 8]",0
"ldr r0, [r1, r2]",0
"ldr r1, [r4, 8]",0
"ldr r1, [r1, r2]",0
"sub r2, r2, 4",0
"cmp r0, r1",0
bne 0x55fc,0
"sub r3, r3, 1",0
"cmn r3, 3",0
bls 0x55c4,0
"mov r0, 1",0
b 0x5600,0
"mov r0, 0",0
b 0x5600,0
"mov r0, 0",0
"ldm sp!, {r4}",0
bx lr,0
"push {r4, r5}",0
"ldr r4, [r0, 4]",0
"sub r4, r4, 1",0
"cmn r4, 4",0
"movls ip, 0",0
bls 0x5658,0
b 0x5694,0
"add r2, r3, ip",0
"lsr r2, r2, 1",0
"ldr r4, [r5, r2, lsl 2]",0
"cmp r4, r1",0
blo 0x5648,0
"mov r3, r2",0
"cmp ip, r3",0
blo 0x5624,0
b 0x567c,0
"mov r4, r3",0
b 0x5654,0
"mov r2, r3",0
"add ip, r2, 1",0
"cmp ip, r4",0
bhs 0x567c,0
"add r3, r4, ip",0
"lsr r3, r3, 1",0
"ldr r5, [r0, 8]",0
"ldr r2, [r5, r3, lsl 2]",0
"cmp r1, r2",0
bls 0x563c,0
b 0x5650,0
"ldr r3, [r0, 8]",0
"ldr r3, [r3, ip, lsl 2]",0
"cmp r3, r1",0
"addeq r0, ip, 1",0
beq 0x56a0,0
b 0x569c,0
"mov r0, 0",0
b 0x56a0,0
"mov r0, 0",0
"pop {r4, r5}",0
bx lr,0
"ldr r3, [r0, 4]",0
"cmp r3, r1",0
bxls lr,0
"sub r3, r3, 1",0
"str r3, [r0, 4]",0
"cmp r1, r3",0
bxhs lr,0
"lsl r3, r1, 2",0
"ldr r2, [r0, 8]",0
"add ip, r2, r3",0
"add r1, r1, 1",0
"add r3, r3, 4",0
"ldr r2, [r2, r3]",0
"str r2, [ip]",0
"ldr r2, [r0, 4]",0
"cmp r2, r1",0
bhi 0x56c8,0
bx lr,0
"ldr r2, [r0, 4]",0
"add r1, r1, r2",0
"cmp r2, 0",0
beq 0x5718,0
"ldr r3, [r0, 8]",0
"add r0, r3, r2, lsl 2",0
"ldr r2, [r3], 4",0
"add r1, r1, r2",0
"cmp r3, r0",0
bne 0x5708,0
"mov r0, r1",0
bx lr,0
"ldrb r3, [r1, 0x18]",0
"cmp r3, 4",0
bne 0x5758,0
"ldr r3, [r0, 0x84]",0
"cmp r3, 0",0
beq 0x57b0,0
"ldr r2, [r1, 0x14]",0
"ldr r3, [r3, r2, lsl 2]",0
"str r3, [r1, 0x14]",0
"ldr r2, [r0, 0x50]",0
"mov r1, 1",0
"orr r3, r2, r1, lsl r3",0
"str r3, [r0, 0x50]",0
b 0x57b0,0
"cmp r3, 0x11",0
bne 0x57b0,0
"ldr r3, [r1, 4]",0
"cmp r3, 0",0
beq 0x57b0,0
"ldrb r2, [r3, 0x18]",0
"cmp r2, 0x11",0
bne 0x57b0,0
"ldr r2, [r3, 0x14]",0
"ldr r3, [r3, 4]",0
"str r3, [r1, 4]",0
"cmp r3, 0",0
"strne r1, [r3]",0
"ldr r3, [r0, 0x84]",0
"ldr r1, [r1, 0x14]",0
"ldr r1, [r3, r1, lsl 2]",0
"str r1, [r3, r2, lsl 2]",0
"cmp r2, 0x1f",0
"ldrls r3, [r0, 0x50]",0
"movls r1, 1",0
"bicls r2, r3, r1, lsl r2",0
"strls r2, [r0, 0x50]",0
"mov r0, 0",0
bx lr,0
"ldrb r3, [r1, 0x18]",0
"cmp r3, 0xb",0
beq 0x57d0,0
"cmp r3, 0x10",0
bne 0x57fc,0
b 0x57dc,0
"ldr r3, [r1, 4]",0
"str r1, [r3, 0x10]",0
b 0x581c,0
"ldr r3, [r1, 4]",0
"ldr r2, [r1, 8]",0
"ldr r2, [r2, 0xc]",0
"str r2, [r3, 0x10]",0
"ldr r3, [r1, 8]",0
"ldr r2, [r1, 0x10]",0
"str r2, [r3, 0x10]",0
b 0x581c,0
"ldr r3, [r1, 4]",0
"cmp r3, 0",0
"ldrne r2, [r1, 0x10]",0
"strne r2, [r3, 0x10]",0
"ldr r3, [r1, 8]",0
"cmp r3, 0",0
"ldrne r2, [r1, 0x10]",0
"strne r2, [r3, 0x10]",0
"mov r0, 0",0
bx lr,0
"str r4, [sp, -4]!",0
"ldr r3, [r1, 0x28]",0
"ldr ip, [r1, 0x38]",0
"cmp ip, r3",0
"movls r3, 2",0
"strbls r3, [r0, 4]",0
"movls r0, 0",0
bls 0x59ac,0
"ldr ip, [r1, 4]",0
"ldrb r3, [ip, r3]",0
"strb r3, [r0]",0
"ldr ip, [r1, 0x50]",0
"cmp ip, 1",0
ble 0x5888,0
"ldr ip, [r1, 0x28]",0
"ldr r4, [r1, 0x1c]",0
"cmp ip, r4",0
beq 0x5888,0
"ldr r4, [r1, 8]",0
"ldr ip, [r4, ip, lsl 2]",0
"cmn ip, 1",0
"moveq r3, 1",0
"strbeq r3, [r0, 4]",0
"moveq r0, r3",0
beq 0x59ac,0
"cmp r3, 0x5c",0
bne 0x58cc,0
"tst r2, 1",0
beq 0x59a0,0
"ldr r3, [r1, 0x28]",0
"add r3, r3, 1",0
"ldr r2, [r1, 0x30]",0
"cmp r3, r2",0
bhs 0x59a0,0
"str r3, [r1, 0x28]",0
"ldr r2, [r1, 4]",0
"ldrb r3, [r2, r3]",0
"strb r3, [r0]",0
"mov r3, 1",0
"strb r3, [r0, 4]",0
"mov r0, r3",0
b 0x59ac,0
"cmp r3, 0x5b",0
bne 0x5958,0
"ldr r3, [r1, 0x28]",0
"add r3, r3, 1",0
"ldr ip, [r1, 0x30]",0
"cmp r3, ip",0
bhs 0x5940,0
"ldr r1, [r1, 4]",0
"ldrb r3, [r1, r3]",0
"strb r3, [r0]",0
"cmp r3, 0x3a",0
beq 0x592c,0
"cmp r3, 0x3d",0
beq 0x591c,0
"cmp r3, 0x2e",0
"moveq r3, 0x1a",0
"strbeq r3, [r0, 4]",0
"moveq r0, 2",0
beq 0x59ac,0
b 0x5940,0
"mov r3, 0x1c",0
"strb r3, [r0, 4]",0
"mov r0, 2",0
b 0x59ac,0
"tst r2, 4",0
"movne r3, 0x1e",0
"strbne r3, [r0, 4]",0
"movne r0, 2",0
bne 0x59ac,0
"mov r3, 1",0
"strb r3, [r0, 4]",0
"mov r3, 0x5b                ; '['",0
"strb r3, [r0]",0
"mov r0, 1",0
b 0x59ac,0
"cmp r3, 0x5d",0
beq 0x5980,0
"cmp r3, 0x5e",0
beq 0x5990,0
"cmp r3, 0x2d",0
"moveq r3, 0x16",0
"strbeq r3, [r0, 4]",0
"moveq r0, 1",0
beq 0x59ac,0
b 0x59a0,0
"mov r3, 0x15",0
"strb r3, [r0, 4]",0
"mov r0, 1",0
b 0x59ac,0
"mov r3, 0x19",0
"strb r3, [r0, 4]",0
"mov r0, 1",0
b 0x59ac,0
"mov r3, 1",0
"strb r3, [r0, 4]",0
"mov r0, r3",0
"ldm sp!, {r4}",0
bx lr,0
"ldrb r3, [r1, 0x18]",0
"cmp r3, 0x11",0
bne 0x59d4,0
"ldr r3, [r1, 0x14]",0
"cmp r0, r3",0
"ldrbeq r3, [r1, 0x1a]",0
"orreq r3, r3, 8",0
"strbeq r3, [r1, 0x1a]",0
"mov r0, 0",0
bx lr,0
"push {r4, r5, r6, r7, r8, sb, sl, fp, lr}",0
"sub sp, sp, 0x2c",0
"str r0, [sp, 8]",0
"str r1, [sp, 0x10]",0
"mov sb, r2",0
"str r3, [sp, 0x14]",0
"ldr sl, [r0, 0x54]",0
"add r8, r3, r3, lsl 1",0
"ldr r3, [sl, 0x18]",0
"add r8, r3, r8, lsl 2",0
"ldr r3, [r8, 4]",0
"cmp r3, 0",0
beq 0x5ba8,0
"ldr r1, [sp, 0x50]",0
"add r3, r1, r1, lsl 2",0
"lsl r3, r3, 2",0
"str r3, [sp, 0x20]",0
"mov r3, 1",0
"lsl r3, r3, r2",0
"str r3, [sp, 0x1c]",0
"mvn r3, r3",0
"lsl r3, r3, 0x10",0
"lsr r3, r3, 0x10",0
"str r3, [sp, 0x24]",0
"mov r5, 0",0
"ldr r2, [sp, 0x10]",0
"and r2, r2, 1",0
"str r2, [sp, 0x18]",0
"ldr r3, [sp, 0x10]",0
"and r3, r3, 2",0
"str r3, [sp, 0xc]",0
"ldr r3, [r8, 8]",0
"ldr r6, [r3, r5, lsl 2]",0
"ldr r2, [sl]",0
"add r3, r2, r6, lsl 3",0
"ldrb r3, [r3, 4]",0
"cmp r3, 8",0
beq 0x5b64,0
"cmp r3, 9",0
beq 0x5b80,0
"cmp r3, 4",0
bne 0x5b98,0
"ldr r1, [sp, 0x50]",0
"cmn r1, 1",0
beq 0x5b98,0
"add fp, r6, r6, lsl 1",0
"lsl fp, fp, 2",0
"ldr r2, [sp, 8]",0
"ldr r4, [r2, 0x74]",0
"ldr r3, [sp, 0x20]",0
"add r4, r4, r3",0
"add r4, r4, 0x14",0
"mov r7, r4",0
"ldr r3, [r4, -0x14]",0
"cmp r3, r6",0
bne 0x5b50,0
"cmp sb, 0x1f",0
bhi 0x5ad4,0
"ldrh r3, [r4, -2]",0
"ldr r1, [sp, 0x1c]",0
"tst r3, r1",0
beq 0x5b50,0
"ldr r3, [sl, 0x14]",0
"add r3, r3, fp",0
"ldr r3, [r3, 8]",0
"ldr r3, [r3]",0
"ldr r2, [sp, 0x14]",0
"cmp r3, r2",0
bne 0x5b08,0
"ldr r1, [sp, 0x10]",0
"and r3, r1, 1",0
"cmp r3, 0",0
"moveq r0, 0",0
"mvnne r0, 0",0
b 0x5bd4,0
"ldr r2, [sp, 0x50]",0
"str r2, [sp]",0
"ldr r0, [sp, 8]",0
"ldr r1, [sp, 0x10]",0
"mov r2, sb",0
bl 0x59dc,0
"cmn r0, 1",0
beq 0x5bb8,0
"cmp r0, 0",0
bne 0x5b3c,0
"ldr r3, [sp, 0xc]",0
"cmp r3, 0",0
bne 0x5bc0,0
"cmp sb, 0x1f",0
"ldrhls r3, [r7, -2]",0
"ldrls r1, [sp, 0x24]",0
"andls r3, r1, r3",0
"strhls r3, [r7, -2]",0
"add r4, r4, 0x14",0
"ldrb r3, [r7, -4]",0
"cmp r3, 0",0
bne 0x5aac,0
b 0x5b98,0
"ldr r3, [sp, 0x18]",0
"cmp r3, 0",0
beq 0x5b98,0
"ldr r3, [r2, r6, lsl 3]",0
"cmp r3, sb",0
bne 0x5b98,0
b 0x5bc8,0
"ldr r1, [sp, 0xc]",0
"cmp r1, 0",0
beq 0x5b98,0
"ldr r3, [r2, r6, lsl 3]",0
"cmp r3, sb",0
beq 0x5bd0,0
"add r5, r5, 1",0
"ldr r3, [r8, 4]",0
"cmp r3, r5",0
bhi 0x5a58,0
"ldr r2, [sp, 0x10]",0
"lsr r0, r2, 1",0
"and r0, r0, 1",0
b 0x5bd4,0
"mvn r0, 0",0
b 0x5bd4,0
"mov r0, 0",0
b 0x5bd4,0
"mvn r0, 0",0
b 0x5bd4,0
"mov r0, 0",0
"add sp, sp, 0x2c",0
"pop {r4, r5, r6, r7, r8, sb, sl, fp, pc}",0
"push {r4, lr}",0
"sub sp, sp, 8",0
"ldr ip, [sp, 0x10]",0
"add r1, r1, r1, lsl 2",0
"ldr r4, [r0, 0x74]",0
"add r4, r4, r1, lsl 2",0
"ldr r1, [r4, 8]",0
"cmp r1, ip",0
bhi 0x5c44,0
"ldr r4, [r4, 0xc]",0
"cmp ip, r4",0
"movhi r0, 1",0
bhi 0x5c4c,0
"cmp ip, r4",0
"moveq r4, 2",0
"movne r4, 0",0
"cmp r1, ip",0
"movne r1, r4",0
"orreq r1, r4, 1",0
"cmp r1, 0",0
"moveq r0, 0",0
beq 0x5c4c,0
"ldr ip, [sp, 0x14]",0
"str ip, [sp]",0
bl 0x59dc,0
b 0x5c4c,0
"mvn r0, 0",0
b 0x5c4c,0
"add sp, sp, 8",0
"pop {r4, pc}",0
"push {r4, r5, r6}",0
"ldr r6, [r1, 4]",0
"cmp r6, 0",0
beq 0x5ca8,0
"ldr r5, [r0]",0
"ldr ip, [r1, 8]",0
"sub ip, ip, 4",0
"mov r1, 0",0
"ldr r0, [ip, 4]!",0
"add r4, r5, r0, lsl 3",0
"ldrb r4, [r4, 4]",0
"cmp r4, r3",0
bne 0x5c94,0
"ldr r4, [r5, r0, lsl 3]",0
"cmp r4, r2",0
beq 0x5cac,0
"add r1, r1, 1",0
"cmp r1, r6",0
bne 0x5c74,0
"mvn r0, 0",0
b 0x5cac,0
"mvn r0, 0",0
"pop {r4, r5, r6}",0
bx lr,0
"push {r4, r5, r6}",0
"mov r5, r0",0
"ldr r6, [r0, 0x6c]",0
"mov ip, r6",0
"mov r0, 0",0
b 0x5d0c,0
"add r3, r2, r0",0
"lsr r3, r3, 1",0
"add ip, r3, r3, lsl 2",0
"add ip, r4, ip, lsl 2",0
"ldr ip, [ip, 4]",0
"cmp ip, r1",0
blo 0x5cfc,0
"mov r2, r3",0
"cmp r0, r2",0
blo 0x5ccc,0
"mov r3, r0",0
b 0x5d3c,0
"mov ip, r2",0
b 0x5d08,0
"mov r3, r2",0
"add r0, r3, 1",0
"cmp ip, r0",0
bls 0x5d38,0
"add r2, r0, ip",0
"lsr r2, r2, 1",0
"ldr r4, [r5, 0x74]",0
"add r3, r2, r2, lsl 2",0
"add r3, r4, r3, lsl 2",0
"ldr r3, [r3, 4]",0
"cmp r1, r3",0
bls 0x5cec,0
b 0x5d04,0
"mov r3, r0",0
"cmp r6, r3",0
"mvnls r0, 0",0
bls 0x5d64,0
"ldr r2, [r5, 0x74]",0
"add r3, r3, r3, lsl 2",0
"add r3, r2, r3, lsl 2",0
"ldr r3, [r3, 4]",0
"cmp r3, r1",0
"mvnne r0, 0",0
b 0x5d64,0
"pop {r4, r5, r6}",0
bx lr,0
"push {r4, r5, r6, r7, r8, sb, sl, fp, lr}",0
"sub sp, sp, 0x14",0
"mov r4, r0",0
"mov r6, r1",0
"str r2, [sp, 0xc]",0
"mov r8, r3",0
"ldr sb, [r0, 0x54]",0
"mov r1, r3",0
bl 0x5cb4,0
"mov fp, r0",0
"mov r0, r4",0
"ldr r1, [sp, 0x3c]",0
bl 0x5cb4,0
"str r0, [sp, 8]",0
"ldr r3, [r6, 4]",0
"cmp r3, 0",0
beq 0x5e34,0
"mov r5, 0",0
"ldr r3, [r6, 8]",0
"ldr r1, [r3, r5, lsl 2]",0
"ldr r3, [r4, 0x74]",0
"add r2, r1, r1, lsl 2",0
"ldr r2, [r3, r2, lsl 2]",0
"ldr r3, [sb]",0
"ldr r7, [r3, r2, lsl 3]",0
"str r8, [sp]",0
"str fp, [sp, 4]",0
"mov r0, r4",0
"mov r2, r7",0
"ldr r3, [sp, 0xc]",0
bl 0x5bdc,0
"mov sl, r0",0
"ldr r3, [r6, 8]",0
"ldr r1, [r3, r5, lsl 2]",0
"ldr r3, [sp, 0x3c]",0
"str r3, [sp]",0
"ldr r3, [sp, 8]",0
"str r3, [sp, 4]",0
"mov r0, r4",0
"mov r2, r7",0
"ldr r3, [sp, 0x38]",0
bl 0x5bdc,0
"cmp sl, r0",0
bne 0x5e3c,0
"add r5, r5, 1",0
"ldr r3, [r6, 4]",0
"cmp r3, r5",0
bhi 0x5db4,0
"mov r0, 0",0
b 0x5e40,0
"mov r0, 0",0
b 0x5e40,0
"mov r0, 1",0
"add sp, sp, 0x14",0
"pop {r4, r5, r6, r7, r8, sb, sl, fp, pc}",0
"push {r4, r5, r6, r7, r8, sb, sl, lr}",0
"sub sp, sp, 8",0
"mov r5, r0",0
"mov r4, r1",0
"mov r7, r2",0
"mov sl, r3",0
"ldr r8, [r1, 0x28]",0
"mov r0, r1",0
"mov r1, r8",0
bl 0x5440,0
"mov r6, r0",0
"cmp r0, 1",0
ble 0x5ea8,0
"mov r3, 1",0
"str r3, [r5]",0
"mov r0, r4",0
"ldr r1, [r4, 0x28]",0
bl 0x54b4,0
"str r0, [r5, 4]",0
"ldr r3, [r4, 0x28]",0
"add r6, r3, r6",0
"str r6, [r4, 0x28]",0
"mov r0, 0",0
b 0x60cc,0
"add r8, sl, r8",0
"str r8, [r4, 0x28]",0
"ldrb r3, [r7, 4]",0
"and r2, r3, 0xfb",0
"cmp r2, 0x1a",0
beq 0x5ec8,0
"cmp r3, 0x1c",0
bne 0x6088,0
"ldrb sb, [r7]",0
"ldr r3, [r4, 0x38]",0
"cmp r8, r3",0
"movhs r0, 7",0
bhs 0x60cc,0
"mov r6, 0",0
"ldrb r3, [r7, 4]",0
"cmp r3, 0x1e",0
bne 0x5fbc,0
"ldrb r3, [r4, 0x4b]",0
"cmp r3, 0",0
bne 0x5f10,0
"ldr r3, [r4, 0x28]",0
"ldr r2, [r4, 4]",0
"ldrb r8, [r2, r3]",0
"add r3, r3, 1",0
"str r3, [r4, 0x28]",0
b 0x5fd0,0
"ldrb r3, [r4, 0x4c]",0
"cmp r3, 0",0
beq 0x5f9c,0
"ldr sl, [r4, 0x28]",0
"ldr r3, [r4, 0x1c]",0
"cmp sl, r3",0
beq 0x5f50,0
"ldr r3, [r4, 8]",0
"ldr r3, [r3, sl, lsl 2]",0
"cmn r3, 1",0
bne 0x5f50,0
"ldr r3, [r4, 4]",0
"ldrb r8, [r3, sl]",0
"add sl, sl, 1",0
"str sl, [r4, 0x28]",0
b 0x5fd0,0
"ldr r3, [r4, 0xc]",0
"ldr r1, [r4]",0
"ldr r2, [r3, sl, lsl 2]",0
"ldr r3, [r4, 0x18]",0
"add r2, r1, r2",0
"ldrb r8, [r2, r3]",0
"bics r3, r8, 0x7f",0
beq 0x5f84,0
"ldr r3, [r4, 4]",0
"ldrb r8, [r3, sl]",0
"add sl, sl, 1",0
"str sl, [r4, 0x28]",0
b 0x5fd0,0
"mov r0, r4",0
"mov r1, sl",0
bl 0x5440,0
"add r0, r0, sl",0
"str r0, [r4, 0x28]",0
b 0x5fd0,0
"ldr r3, [r4, 0x28]",0
"ldr r1, [r4]",0
"ldr r2, [r4, 0x18]",0
"add r1, r1, r3",0
"ldrb r8, [r1, r2]",0
"add r3, r3, 1",0
"str r3, [r4, 0x28]",0
b 0x5fd0,0
"ldr r3, [r4, 0x28]",0
"ldr r2, [r4, 4]",0
"ldrb r8, [r2, r3]",0
"add r3, r3, 1",0
"str r3, [r4, 0x28]",0
"ldr r3, [r4, 0x28]",0
"ldr r2, [r4, 0x38]",0
"cmp r2, r3",0
bls 0x6070,0
"cmp sb, r8",0
bne 0x5ff8,0
"ldr r2, [r4, 4]",0
"ldrb r2, [r2, r3]",0
"cmp r2, 0x5d",0
beq 0x6010,0
"ldr r3, [r5, 4]",0
"strb r8, [r3, r6]",0
"add r6, r6, 1",0
"cmp r6, 0x20",0
bne 0x5ee0,0
b 0x6078,0
"add r3, r3, 1",0
"str r3, [r4, 0x28]",0
"ldr r3, [r5, 4]",0
"mov r2, 0",0
"strb r2, [r3, r6]",0
"ldrb r3, [r7, 4]",0
"cmp r3, 0x1c",0
beq 0x6050,0
"cmp r3, 0x1e",0
beq 0x6060,0
"cmp r3, 0x1a",0
"moveq r3, 3",0
"streq r3, [r5]",0
"moveq r0, r2",0
beq 0x60cc,0
b 0x6080,0
"mov r3, 2",0
"str r3, [r5]",0
"mov r0, 0",0
b 0x60cc,0
"mov r3, 4",0
"str r3, [r5]",0
"mov r0, 0",0
b 0x60cc,0
"mov r0, 7",0
b 0x60cc,0
"mov r0, 7",0
b 0x60cc,0
"mov r0, 0",0
b 0x60cc,0
"cmp r3, 0x16",0
bne 0x60bc,0
"ldrb r3, [sp, 0x30]",0
"cmp r3, 0",0
bne 0x60bc,0
"mov r0, sp",0
"mov r1, r4",0
"ldr r2, [sp, 0x2c]",0
bl 0x5824,0
"ldrb r3, [sp, 4]",0
"cmp r3, 0x15",0
"movne r0, 0xb",0
bne 0x60cc,0
"mov r0, 0",0
"str r0, [r5]",0
"ldrb r3, [r7]",0
"strb r3, [r5, 4]",0
"add sp, sp, 8",0
"pop {r4, r5, r6, r7, r8, sb, sl, pc}",0
"push {r4, r5, r6, lr}",0
"mov r6, r1",0
"mov r5, r2",0
"mov r4, r0",0
b 0x60ec,0
"mov r4, r3",0
"ldr r3, [r4, 4]",0
"cmp r3, 0",0
bne 0x60e8,0
"ldr r3, [r4, 8]",0
"cmp r3, 0",0
bne 0x60e8,0
b 0x610c,0
"mov r4, ip",0
"mov r0, r5",0
"mov r1, r4",0
blx r6,0
"cmp r0, 0",0
"popne {r4, r5, r6, pc}",0
"ldr ip, [r4]",0
"cmp ip, 0",0
"popeq {r4, r5, r6, pc}",0
"ldr r3, [ip, 8]",0
"cmp r4, r3",0
"moveq r4, ip",0
beq 0x610c,0
"cmp r3, 0",0
beq 0x6108,0
b 0x60e8,0
"push {r3, r4, r5, r6, r7, lr}",0
"mov r6, r1",0
"mov r5, r2",0
"mov r4, r0",0
"mov r7, 0",0
b 0x6164,0
"mov r4, r3",0
"mov r0, r5",0
"mov r1, r4",0
blx r6,0
"cmp r0, 0",0
"popne {r3, r4, r5, r6, r7, pc}",0
"ldr r3, [r4, 4]",0
"cmp r3, 0",0
"moveq ip, r7",0
beq 0x61a0,0
b 0x6160,0
"ldr r3, [r4]",0
"mov ip, r4",0
"cmp r3, 0",0
"popeq {r3, r4, r5, r6, r7, pc}",0
"mov r4, r3",0
"ldr r3, [r4, 8]",0
"cmp r3, ip",0
beq 0x618c,0
"cmp r3, 0",0
beq 0x618c,0
b 0x6160,0
"push {r4, lr}",0
"mov r4, r0",0
"str r1, [r0]",0
"mov r3, 0",0
"str r3, [r0, 4]",0
"lsl r0, r1, 2",0
bl 0x1344,0
"str r0, [r4, 8]",0
"cmp r0, 0",0
"moveq r0, 0xc",0
"movne r0, 0",0
"pop {r4, pc}",0
"push {r3, r4, r5, lr}",0
"mov r4, r0",0
"mov r5, r1",0
"mov r3, 1",0
"str r3, [r0]",0
"str r3, [r0, 4]",0
"mov r0, 4",0
bl 0x1344,0
"str r0, [r4, 8]",0
"cmp r0, 0",0
"moveq r3, 0",0
"streq r3, [r4, 4]",0
"streq r3, [r4]",0
"moveq r0, 0xc",0
"strne r5, [r0]",0
"movne r0, 0",0
"pop {r3, r4, r5, pc}",0
"push {r3, r4, r5, r6, r7, lr}",0
"mov r4, r0",0
"mov r6, r1",0
"mov r5, r2",0
"mov r7, r3",0
"ldr r3, [r0, 0x40]",0
"cmp r3, 0x1f",0
bne 0x6270,0
"mov r0, 0x3e4",0
bl 0x1344,0
"cmp r0, 0",0
beq 0x62d4,0
"ldr r3, [r4, 0x38]",0
"str r3, [r0]",0
"str r0, [r4, 0x38]",0
"mov r3, 0",0
"str r3, [r4, 0x40]",0
"ldr r3, [r4, 0x40]",0
"ldr r0, [r4, 0x38]",0
"add r0, r0, r3, lsl 5",0
"add ip, r0, 4",0
"add r3, r3, 1",0
"str r3, [r4, 0x40]",0
"mov r4, 0",0
"str r4, [r0, 4]",0
"str r6, [ip, 4]",0
"str r5, [ip, 8]",0
"add r3, r0, 0x18",0
"ldm r7, {r0, r1}",0
"stm r3, {r0, r1}",0
"ldrb r3, [ip, 0x1a]",0
"and r3, r3, 0xf3",0
"strb r3, [ip, 0x1a]",0
"str r4, [ip, 0xc]",0
"str r4, [ip, 0x10]",0
"mvn r3, 0",0
"str r3, [ip, 0x1c]",0
"cmp r6, r4",0
"strne ip, [r6]",0
"cmp r5, 0",0
"strne ip, [r5]",0
b 0x62d8,0
"mov ip, 0",0
"mov r0, ip",0
"pop {r3, r4, r5, r6, r7, pc}",0
"push {r4, r5, r6, r7, r8, lr}",0
"sub sp, sp, 8",0
"mov r8, r1",0
"ldr r5, [r0]",0
"mov r4, r0",0
"add r6, sp, 4",0
"mov r7, 0",0
"mov r0, r8",0
"mov r1, r7",0
"mov r2, r7",0
"add r3, r4, 0x14",0
bl 0x622c,0
"str r0, [r6]",0
"cmp r0, 0",0
beq 0x6394,0
"str r5, [r0]",0
"ldr r3, [r6]",0
"ldrb r2, [r3, 0x1a]",0
"orr r2, r2, 4",0
"strb r2, [r3, 0x1a]",0
"ldr r5, [r6]",0
"ldr r3, [r4, 4]",0
"cmp r3, 0",0
beq 0x6368,0
"add r6, r5, 4",0
"mov r4, r3",0
b 0x62fc,0
"ldr r3, [r4]",0
"ldr r5, [r5]",0
"mov r2, r4",0
"cmp r3, 0",0
bne 0x6370,0
"ldr r0, [sp, 4]",0
b 0x6398,0
"mov r2, r7",0
b 0x6374,0
"mov r4, r3",0
"ldr r3, [r4, 8]",0
"cmp r3, r2",0
beq 0x634c,0
"cmp r3, 0",0
beq 0x634c,0
"add r6, r5, 8",0
"mov r4, r3",0
b 0x62fc,0
"mov r0, 0",0
"add sp, sp, 8",0
"pop {r4, r5, r6, r7, r8, pc}",0
"str lr, [sp, -4]!",0
"sub sp, sp, 0xc",0
"strb r3, [sp, 4]",0
"mov r3, sp",0
bl 0x622c,0
"add sp, sp, 0xc",0
"ldm sp!, {pc}",0
"push {r3, r4, r5, r6, r7, r8, sl, lr}",0
"mov sl, r0",0
"mov r4, r2",0
"ldr r7, [r1]",0
"ldr r8, [r2, 4]",0
"ldrb r3, [r1, 0x1c]",0
"tst r3, 0x10",0
beq 0x6408,0
"cmp r8, 0",0
beq 0x6514,0
"ldr r3, [r2, 0x14]",0
"cmp r3, 0x1f",0
"movhi r1, r8",0
bhi 0x654c,0
"ldr r2, [r7, 0x50]",0
"lsr r3, r2, r3",0
"tst r3, 1",0
bne 0x64e0,0
b 0x64d8,0
"mov r0, r7",0
"mov r1, 0",0
"mov r2, r1",0
"mov r3, 8",0
bl 0x63a0,0
"mov r5, r0",0
"mov r0, r7",0
"mov r1, 0",0
"mov r2, r1",0
"mov r3, 9",0
bl 0x63a0,0
"mov r6, r0",0
"cmp r8, 0",0
"moveq r8, r0",0
beq 0x6460,0
"mov r0, r7",0
"mov r1, r8",0
"mov r2, r6",0
"mov r3, 0x10",0
bl 0x63a0,0
"mov r8, r0",0
b 0x6460,0
"mov r0, r7",0
"mov r1, r5",0
"mov r2, r8",0
"mov r3, 0x10",0
bl 0x63a0,0
"mov r1, r0",0
"cmp r0, 0",0
"cmpne r8, 0",0
beq 0x6490,0
"cmp r5, 0",0
"cmpne r6, 0",0
bne 0x64a0,0
"mov r3, 0xc",0
"str r3, [sl]",0
"mov r1, 0",0
b 0x654c,0
"ldr r3, [r4, 0x14]",0
"str r3, [r6, 0x14]",0
"str r3, [r5, 0x14]",0
"ldrb r3, [r4, 0x1a]",0
"ldrb r2, [r6, 0x1a]",0
"bic r2, r2, 8",0
"and r3, r3, 8",0
"orr r2, r3, r2",0
"strb r2, [r6, 0x1a]",0
"ldrb r2, [r5, 0x1a]",0
"bic r2, r2, 8",0
"orr r3, r3, r2",0
"strb r3, [r5, 0x1a]",0
b 0x654c,0
"mov r1, r8",0
b 0x654c,0
"mov r0, r7",0
"mov r1, 0",0
"mov r2, r1",0
"mov r3, 8",0
bl 0x63a0,0
"mov r5, r0",0
"mov r0, r7",0
"mov r1, 0",0
"mov r2, r1",0
"mov r3, 9",0
bl 0x63a0,0
"mov r6, r0",0
b 0x6444,0
"mov r0, r7",0
"mov r1, 0",0
"mov r2, r1",0
"mov r3, 8",0
bl 0x63a0,0
"mov r5, r0",0
"mov r0, r7",0
"mov r1, 0",0
"mov r2, r1",0
"mov r3, 9",0
bl 0x63a0,0
"mov r6, r0",0
"mov r8, r0",0
b 0x6460,0
"mov r0, r1",0
"pop {r3, r4, r5, r6, r7, r8, sl, pc}",0
"push {r4, r5, lr}",0
"sub sp, sp, 0xc",0
"mov r5, r0",0
"mov r4, r1",0
"mov r3, 0",0
"str r3, [sp, 4]",0
"ldr r2, [r1, 4]",0
"cmp r2, r3",0
beq 0x659c,0
"ldrb r3, [r2, 0x18]",0
"cmp r3, 0x11",0
bne 0x659c,0
"add r0, sp, 4",0
"mov r1, r5",0
bl 0x63bc,0
"str r0, [r4, 4]",0
"cmp r0, 0",0
"strne r4, [r0]",0
"ldr r2, [r4, 8]",0
"cmp r2, 0",0
beq 0x65cc,0
"ldrb r3, [r2, 0x18]",0
"cmp r3, 0x11",0
bne 0x65cc,0
"add r0, sp, 4",0
"mov r1, r5",0
bl 0x63bc,0
"str r0, [r4, 8]",0
"cmp r0, 0",0
"strne r4, [r0]",0
"ldr r0, [sp, 4]",0
"add sp, sp, 0xc",0
"pop {r4, r5, pc}",0
"push {r4, lr}",0
"mov r4, r0",0
"ldr r0, [r0, 0x18]",0
bl 0x1230,0
"ldr r0, [r4, 0x24]",0
bl 0x1230,0
"ldr r3, [r4, 0x28]",0
"add r2, r4, 4",0
"cmp r3, r2",0
beq 0x6610,0
"ldr r0, [r3, 8]",0
bl 0x1230,0
"ldr r0, [r4, 0x28]",0
bl 0x1230,0
"ldr r0, [r4, 0xc]",0
bl 0x1230,0
"ldr r0, [r4, 0x30]",0
bl 0x1230,0
"ldr r0, [r4, 0x2c]",0
bl 0x1230,0
"mov r0, r4",0
bl 0x1230,0
"pop {r4, pc}",0
"push {r3, r4, r5, r6, r7, r8, sl, lr}",0
"mov r8, r0",0
"ldr r3, [r0, 0x7c]",0
"cmp r3, 0",0
beq 0x66cc,0
"mov r7, 0",0
"mov sl, r7",0
"ldr r3, [r8, 0x84]",0
"ldr r6, [r3, r7, lsl 2]",0
"ldr r3, [r6, 0x10]",0
"cmp r3, 0",0
beq 0x6690,0
"mov r4, sl",0
"ldr r3, [r6, 0x14]",0
"ldr r5, [r3, r4, lsl 2]",0
"ldr r0, [r5, 0x10]",0
bl 0x1230,0
"mov r0, r5",0
bl 0x1230,0
"add r4, r4, 1",0
"ldr r3, [r6, 0x10]",0
"cmp r3, r4",0
bhi 0x6668,0
"ldr r0, [r6, 0x14]",0
bl 0x1230,0
"ldr r3, [r6, 8]",0
"cmp r3, 0",0
beq 0x66b4,0
"ldr r0, [r3, 8]",0
bl 0x1230,0
"ldr r0, [r6, 8]",0
bl 0x1230,0
"mov r0, r6",0
bl 0x1230,0
"add r7, r7, 1",0
"ldr r3, [r8, 0x7c]",0
"cmp r3, r7",0
bhi 0x6650,0
"mov r3, 0",0
"str r3, [r8, 0x7c]",0
"str r3, [r8, 0x6c]",0
"pop {r3, r4, r5, r6, r7, r8, sl, pc}",0
"push {r4, r5, r6, lr}",0
"subs r5, r0, 0",0
beq 0x6738,0
"ldr r3, [r5]",0
"cmp r3, 0",0
beq 0x6730,0
"mov r4, 0",0
"mov r6, r4",0
"ldr r3, [r5, 8]",0
"add r3, r3, r4",0
"ldr r0, [r3, 0x14]",0
bl 0x1230,0
"ldr r3, [r5, 8]",0
"add r3, r3, r4",0
"ldr r0, [r3, 8]",0
bl 0x1230,0
"add r6, r6, 1",0
"add r4, r4, 0x18",0
"ldr r3, [r5]",0
"cmp r3, r6",0
bhi 0x66fc,0
"ldr r0, [r5, 8]",0
bl 0x1230,0
"mov r0, 0",0
"pop {r4, r5, r6, pc}",0
"push {r4, lr}",0
"mov r4, r0",0
"ldr r0, [r0, 8]",0
bl 0x1230,0
"ldr r0, [r4, 0xc]",0
bl 0x1230,0
"ldrb r3, [r4, 0x4b]",0
"cmp r3, 0",0
"popeq {r4, pc}",0
"ldr r0, [r4, 4]",0
bl 0x1230,0
"pop {r4, pc}",0
"push {r4, lr}",0
"mov r4, r0",0
"ldr r0, [r0]",0
bl 0x1230,0
"ldr r0, [r4, 0xc]",0
bl 0x1230,0
"mov r0, r4",0
bl 0x1230,0
"pop {r4, pc}",0
"push {r3, lr}",0
"ldr r2, [r0, 4]",0
"ldr r3, [0x000067cc]        ; [0x67cc:4]=0x400ff",0
"and r3, r2, r3",0
"cmp r3, 6",0
bne 0x67b8,0
"ldr r0, [r0]",0
bl 0x6770,0
"pop {r3, pc}",0
"cmp r3, 3",0
"popne {r3, pc}",0
"ldr r0, [r0]",0
bl 0x1230,0
"pop {r3, pc}",0
"strdeq r0, r1, [r4], -pc",0
"push {r3, lr}",0
"add r0, r1, 0x14",0
bl 0x6794,0
"mov r0, 0",0
"pop {r3, pc}",0
"push {r3, r4, r5, r6, r7, r8, sl, lr}",0
"mov r6, r0",0
"ldr r3, [r0]",0
"cmp r3, 0",0
beq 0x6824,0
"ldr r3, [r0, 8]",0
"cmp r3, 0",0
beq 0x6824,0
"mov r4, 0",0
"ldr r0, [r6]",0
"add r0, r0, r4, lsl 3",0
bl 0x6794,0
"add r4, r4, 1",0
"ldr r3, [r6, 8]",0
"cmp r3, r4",0
bhi 0x6808,0
"ldr r0, [r6, 0xc]",0
bl 0x1230,0
"ldr r3, [r6, 8]",0
"cmp r3, 0",0
beq 0x689c,0
"mov r4, 0",0
"mov r5, r4",0
"ldr r3, [r6, 0x18]",0
"cmp r3, 0",0
beq 0x6858,0
"add r3, r3, r4",0
"ldr r0, [r3, 8]",0
bl 0x1230,0
"ldr r3, [r6, 0x1c]",0
"cmp r3, 0",0
beq 0x6870,0
"add r3, r3, r4",0
"ldr r0, [r3, 8]",0
bl 0x1230,0
"ldr r3, [r6, 0x14]",0
"cmp r3, 0",0
beq 0x6888,0
"add r3, r3, r4",0
"ldr r0, [r3, 8]",0
bl 0x1230,0
"add r5, r5, 1",0
"add r4, r4, 0xc",0
"ldr r3, [r6, 8]",0
"cmp r3, r5",0
bhi 0x6840,0
"ldr r0, [r6, 0x14]",0
bl 0x1230,0
"ldr r0, [r6, 0x18]",0
bl 0x1230,0
"ldr r0, [r6, 0x1c]",0
bl 0x1230,0
"ldr r0, [r6]",0
bl 0x1230,0
"ldr r3, [r6, 0x20]",0
"cmp r3, 0",0
beq 0x6924,0
"mov r7, 0",0
"mov r8, r7",0
"mov sl, r7",0
"ldr r3, [r6, 0x20]",0
"add r5, r3, r7",0
"ldr r3, [r3, r7]",0
"cmp r3, 0",0
beq 0x6908,0
"mov r4, sl",0
"ldr r3, [r5, 8]",0
"ldr r0, [r3, r4, lsl 2]",0
bl 0x65d8,0
"add r4, r4, 1",0
"ldr r3, [r5]",0
"cmp r3, r4",0
bhi 0x68ec,0
"ldr r0, [r5, 8]",0
bl 0x1230,0
"add r8, r8, 1",0
"add r7, r7, 0xc",0
"ldr r3, [r6, 0x44]",0
"cmp r3, r8",0
bhs 0x68d4,0
"ldr r0, [r6, 0x20]",0
bl 0x1230,0
"ldr r0, [r6, 0x3c]",0
"ldr r3, [0x00006954]        ; [0x6954:4]=0x1c454 ; ""T\xc4\x01""",0
"cmp r0, r3",0
beq 0x6940,0
bl 0x1230,0
"ldr r0, [r6, 0x84]",0
bl 0x1230,0
"mov r0, r6",0
bl 0x1230,0
"pop {r3, r4, r5, r6, r7, r8, sl, pc}",0
"andeq ip, r1, r4, asr r4",0
"push {r3, r4, r5, lr}",0
"ldr r5, [r0]",0
"ldr r0, [r5, 0x38]",0
"cmp r0, 0",0
beq 0x6980,0
"ldr r4, [r0]",0
bl 0x1230,0
"mov r0, r4",0
"cmp r4, 0",0
bne 0x696c,0
"mov r4, 0",0
"str r4, [r5, 0x38]",0
"mov r3, 0x1f",0
"str r3, [r5, 0x40]",0
"str r4, [r5, 0x34]",0
"ldr r0, [r5, 0x10]",0
bl 0x1230,0
"str r4, [r5, 0x10]",0
"pop {r3, r4, r5, pc}",0
"push {r3, lr}",0
"mov r2, 0x20",0
bl 0x1254,0
"pop {r3, pc}",0
"push {r4, r5, r6, lr}",0
"mov r4, r0",0
"ldr r6, [sp, 0x10]",0
"ldr r5, [r0]",0
"sub r5, r5, 1",0
"str r5, [r0]",0
"cmn r5, 3",0
bls 0x69e8,0
"ldr r0, [0x00006a50]        ; [0x6a50:4]=0x1c690",0
"ldr r1, [0x00006a54]        ; [0x6a54:4]=0x1c6ac",0
"ldr r2, [0x00006a58]        ; [0x6a58:4]=0x58d",0
"ldr r3, [0x00006a5c]        ; [0x6a5c:4]=0x1c474 ; ""t\xc4\x01""",0
bl 0x14f4,0
"add r5, r5, r5, lsl 1",0
"lsl r5, r5, 3",0
"ldr r0, [r0, 8]",0
"ldr r0, [r0, r5]",0
"str r0, [r1]",0
"ldr r1, [r4, 8]",0
"add r1, r1, r5",0
"mov r0, r3",0
"ldr r1, [r1, 8]",0
"lsl r2, r2, 3",0
bl 0x1254,0
"ldr r0, [r6, 8]",0
bl 0x1230,0
"ldr r3, [r4, 8]",0
"add r3, r3, r5",0
"ldr r0, [r3, 8]",0
bl 0x1230,0
"ldr r3, [r4, 8]",0
"add r3, r3, r5",0
"add r3, r3, 0xc",0
"ldm r3, {r0, r1, r2}",0
"stm r6, {r0, r1, r2}",0
"ldr r3, [r4, 8]",0
"add r5, r3, r5",0
"ldr r0, [r5, 4]",0
"pop {r4, r5, r6, pc}",0
"muleq r1, r0, r6",0
"andeq ip, r1, ip, lsr 13",0
"andeq r0, r0, sp, lsl 11",0
"andeq ip, r1, r4, ror r4",0
"push {r4, r5, r6, lr}",0
"ldr ip, [r1, 0x1c]",0
"ldrb r2, [r1, 0x18]",0
"sub r3, r2, 2",0
"cmp r3, 0xe",0
"ldrls pc, [pc, r3, lsl 2]   ; [0x6a7c:4]=0xeab8",0
b 0x6c14,0
"strheq lr, [r0], -r8",0
"andeq lr, r0, r4, lsl ip",0
"ldrdeq lr, pc, [r0], -ip    ; [0x6a8c:4]=0xec14",0
"andeq lr, r0, r4, lsl ip",0
"andeq lr, r0, r4, lsl ip",0
"andeq lr, r0, r4, lsl ip",0
"andeq lr, r0, r0, asr 23",0
"andeq lr, r0, r0, asr 23",0
"ldrdeq lr, pc, [r0], -r8    ; [0x6aa4:4]=0xebc0",0
"ldrdeq lr, pc, [r0], -r8    ; [0x6aa8:4]=0xec14",0
"andeq lr, r0, r0, asr 23",0
"andeq lr, r0, r4, lsl ip",0
"andeq lr, r0, r4, lsl ip",0
"andeq lr, r0, r4, lsl ip",0
"andeq lr, r0, r8, asr 24",0
"ldr r3, [r1, 0x10]",0
"cmp r3, 0",0
beq 0x6c50,0
"ldr r0, [0x00006c60]        ; [0x6c60:4]=0x1c6bc",0
"ldr r1, [0x00006c64]        ; [0x6c64:4]=0x1c6d8",0
"ldr r2, [0x00006c68]        ; [0x6c68:4]=0x5b9",0
"ldr r3, [0x00006c6c]        ; [0x6c6c:4]=0x1c484",0
bl 0x14f4,0
"ldrb r3, [r0, 0x58]",0
"orr r3, r3, 1",0
"strb r3, [r0, 0x58]",0
"ldr r3, [r1, 4]",0
"cmp r3, 0",0
"ldrne r3, [r3, 0xc]",0
"ldreq r3, [r1, 0x10]",0
"ldr r4, [r3, 0x1c]",0
"ldr r3, [r1, 8]",0
"cmp r3, 0",0
"ldrne r3, [r3, 0xc]",0
"ldreq r3, [r1, 0x10]",0
"ldr r5, [r3, 0x1c]",0
"cmn r4, 3",0
bls 0x6b28,0
"ldr r0, [0x00006c70]        ; [0x6c70:4]=0x1c6e8",0
"ldr r1, [0x00006c64]        ; [0x6c64:4]=0x1c6d8",0
"ldr r2, [0x00006c74]        ; [0x6c74:4]=0x5c9",0
"ldr r3, [0x00006c6c]        ; [0x6c6c:4]=0x1c484",0
bl 0x14f4,0
"cmn r5, 3",0
bls 0x6b44,0
"ldr r0, [0x00006c78]        ; [0x6c78:4]=0x1c704",0
"ldr r1, [0x00006c64]        ; [0x6c64:4]=0x1c6d8",0
"ldr r2, [0x00006c7c]        ; [0x6c7c:4]=0x5ca",0
"ldr r3, [0x00006c6c]        ; [0x6c6c:4]=0x1c484",0
bl 0x14f4,0
"add ip, ip, ip, lsl 1",0
"lsl ip, ip, 2",0
"ldr r3, [r0, 0x14]",0
"add r6, r3, ip",0
"mov r2, 2",0
"str r2, [r3, ip]",0
"mov r0, 8",0
bl 0x1344,0
"str r0, [r6, 8]",0
"cmp r0, 0",0
beq 0x6bb8,0
"cmp r4, r5",0
bne 0x6b8c,0
"mov r3, 1",0
"str r3, [r6, 4]",0
"str r4, [r0]",0
"mov r0, 0",0
"pop {r4, r5, r6, pc}",0
"mov r3, 2",0
"str r3, [r6, 4]",0
"cmp r4, r5",0
"strlo r4, [r0]",0
"ldrlo r3, [r6, 8]",0
"strlo r5, [r3, 4]",0
"strhs r5, [r0]",0
"ldrhs r3, [r6, 8]",0
"strhs r4, [r3, 4]",0
"mov r0, 0",0
"pop {r4, r5, r6, pc}",0
"mov r0, 0xc",0
"pop {r4, r5, r6, pc}",0
"add ip, ip, ip, lsl 1",0
"ldr r0, [r0, 0x14]",0
"ldr r3, [r1, 0x10]",0
"add r0, r0, ip, lsl 2",0
"ldr r1, [r3, 0x1c]",0
bl 0x61e8,0
"pop {r4, r5, r6, pc}",0
"ldr r3, [r1, 0x10]",0
"ldr r2, [r3, 0x1c]",0
"ldr r3, [r0, 0xc]",0
"str r2, [r3, ip, lsl 2]",0
"ldrb r3, [r1, 0x18]",0
"cmp r3, 4",0
bne 0x6c58,0
"add r1, ip, ip, lsl 1",0
"ldr r2, [r0, 0x14]",0
"ldr r3, [r0, 0xc]",0
"add r0, r2, r1, lsl 2",0
"ldr r1, [r3, ip, lsl 2]",0
bl 0x61e8,0
"pop {r4, r5, r6, pc}",0
"tst r2, 8",0
beq 0x6c30,0
"ldr r0, [0x00006c80]        ; [0x6c80:4]=0x1c724",0
"ldr r1, [0x00006c64]        ; [0x6c64:4]=0x1c6d8",0
"ldr r2, [0x00006c84]        ; [0x6c84:4]=0x5dc",0
"ldr r3, [0x00006c6c]        ; [0x6c6c:4]=0x1c484",0
bl 0x14f4,0
"ldr r3, [r1, 0x10]",0
"ldr r2, [r3, 0x1c]",0
"ldr r3, [r0, 0xc]",0
"str r2, [r3, ip, lsl 2]",0
"mov r0, 0",0
"pop {r4, r5, r6, pc}",0
"mov r0, 0",0
"pop {r4, r5, r6, pc}",0
"mov r0, 0",0
"pop {r4, r5, r6, pc}",0
"mov r0, 0",0
"pop {r4, r5, r6, pc}",0
"strheq ip, [r1], -ip",0
"ldrdeq ip, sp, [r1], -r8",0
"strheq r0, [r0], -sb",0
"andeq ip, r1, r4, lsl 9",0
"andeq ip, r1, r8, ror 13",0
"andeq r0, r0, sb, asr 11",0
"andeq ip, r1, r4, lsl 14",0
"andeq r0, r0, sl, asr 11",0
"andeq ip, r1, r4, lsr 14",0
"ldrdeq r0, r1, [r0], -ip",0
"push {r4, r5, r6, lr}",0
"mov r4, r0",0
"mov r5, r1",0
"ldr r3, [r0, 0x50]",0
"cmp r3, 1",0
ble 0x6ce4,0
"cmn r1, 0xc0000001",0
bhi 0x6d14,0
"lsl r6, r1, 2",0
"ldr r0, [r0, 8]",0
"mov r1, r6",0
bl 0x12b4,0
"cmp r0, 0",0
beq 0x6d1c,0
"str r0, [r4, 8]",0
"ldr r0, [r4, 0xc]",0
"cmp r0, 0",0
beq 0x6ce4,0
"mov r1, r6",0
bl 0x12b4,0
"cmp r0, 0",0
beq 0x6d24,0
"str r0, [r4, 0xc]",0
"ldrb r3, [r4, 0x4b]",0
"cmp r3, 0",0
beq 0x6d08,0
"ldr r0, [r4, 4]",0
"mov r1, r5",0
bl 0x12b4,0
"cmp r0, 0",0
beq 0x6d2c,0
"str r0, [r4, 4]",0
"str r5, [r4, 0x24]",0
"mov r0, 0",0
"pop {r4, r5, r6, pc}",0
"mov r0, 0xc",0
"pop {r4, r5, r6, pc}",0
"mov r0, 0xc",0
"pop {r4, r5, r6, pc}",0
"mov r0, 0xc",0
"pop {r4, r5, r6, pc}",0
"mov r0, 0xc",0
"pop {r4, r5, r6, pc}",0
"push {r3, r4, r5, lr}",0
"mov r4, r0",0
"mov r5, r1",0
"ldr r3, [r0]",0
"ldr r2, [r0, 4]",0
"cmp r3, r2",0
bne 0x6d74,0
"add r1, r3, 1",0
"lsl r2, r1, 1",0
"str r2, [r0]",0
"ldr r0, [r0, 8]",0
"lsl r1, r1, 3",0
bl 0x12b4,0
"cmp r0, 0",0
beq 0x6d90,0
"str r0, [r4, 8]",0
"ldr r3, [r4, 4]",0
"ldr r2, [r4, 8]",0
"str r5, [r2, r3, lsl 2]",0
"add r3, r3, 1",0
"str r3, [r4, 4]",0
"mov r0, 1",0
"pop {r3, r4, r5, pc}",0
"mov r0, 0",0
"pop {r3, r4, r5, pc}",0
"push {r4, r5, r6, r7, r8, lr}",0
"mov r6, r0",0
"mov r5, r1",0
"mov r8, r2",0
"mov r7, r1",0
"str r2, [r7], 0x10",0
"mov r0, r7",0
"ldr r1, [r1, 8]",0
bl 0x61b8,0
"cmp r0, 0",0
bne 0x6e78,0
"ldr r3, [r5, 8]",0
"cmp r3, 0",0
beq 0x6e10,0
"mov r4, 0",0
"ldr r3, [r5, 0xc]",0
"ldr r1, [r3, r4, lsl 2]",0
"ldr r3, [r6]",0
"add r3, r3, r1, lsl 3",0
"ldrb r3, [r3, 4]",0
"tst r3, 8",0
bne 0x6e00,0
"mov r0, r7",0
bl 0x6d34,0
"cmp r0, 0",0
beq 0x6e80,0
"add r4, r4, 1",0
"ldr r3, [r5, 8]",0
"cmp r3, r4",0
bhi 0x6dd4,0
"ldr r3, [r6, 0x44]",0
"and r8, r8, r3",0
"add r8, r8, r8, lsl 1",0
"lsl r4, r8, 2",0
"ldr r6, [r6, 0x20]",0
"add r7, r6, r4",0
"ldr r3, [r6, r4]",0
"ldr r2, [r7, 4]",0
"cmp r2, r3",0
bhi 0x6e5c,0
"add r1, r3, 1",0
"lsl r8, r1, 1",0
"ldr r0, [r7, 8]",0
"lsl r1, r1, 3",0
bl 0x12b4,0
"cmp r0, 0",0
beq 0x6e88,0
"str r0, [r7, 8]",0
"str r8, [r7, 4]",0
"ldr r3, [r6, r4]",0
"ldr r2, [r7, 8]",0
"str r5, [r2, r3, lsl 2]",0
"add r3, r3, 1",0
"str r3, [r6, r4]",0
"mov r0, 0",0
"pop {r4, r5, r6, r7, r8, pc}",0
"mov r0, 0xc",0
"pop {r4, r5, r6, r7, r8, pc}",0
"mov r0, 0xc",0
"pop {r4, r5, r6, r7, r8, pc}",0
"mov r0, 0xc",0
"pop {r4, r5, r6, r7, r8, pc}",0
"push {r4, r5, r6, lr}",0
"mov r5, r0",0
"subs r4, r1, 0",0
beq 0x701c,0
"ldr r3, [r4, 4]",0
"cmp r3, 0",0
beq 0x7024,0
"ldr r2, [r0]",0
"ldr r1, [r0, 4]",0
"add r1, r1, r3, lsl 1",0
"cmp r2, r1",0
bhs 0x6ee4,0
"add r1, r2, r3",0
"lsl r6, r1, 1",0
"ldr r0, [r0, 8]",0
"lsl r1, r1, 3",0
bl 0x12b4,0
"cmp r0, 0",0
beq 0x702c,0
"str r0, [r5, 8]",0
"str r6, [r5]",0
"ldr r2, [r5, 4]",0
"cmp r2, 0",0
bne 0x6f14,0
"ldr r3, [r4, 4]",0
"str r3, [r5, 4]",0
"ldr r2, [r4, 4]",0
"ldr r0, [r5, 8]",0
"ldr r1, [r4, 8]",0
"lsl r2, r2, 2",0
bl 0x1254,0
"mov r0, 0",0
"pop {r4, r5, r6, pc}",0
"ldr r3, [r4, 4]",0
"add r6, r2, r3, lsl 1",0
"sub r3, r3, 1",0
"sub r2, r2, 1",0
b 0x6f5c,0
"ldr r1, [r5, 8]",0
"ldr ip, [r1, r2, lsl 2]",0
"ldr r0, [r4, 8]",0
"ldr r0, [r0, r3, lsl 2]",0
"cmp ip, r0",0
"subeq r3, r3, 1",0
"subeq r2, r2, 1",0
beq 0x6f5c,0
"cmp ip, r0",0
"sublo r6, r6, 1",0
"strlo r0, [r1, r6, lsl 2]",0
"sublo r3, r3, 1",0
"subhs r2, r2, 1",0
"cmn r3, 3",0
"movhi r1, 0",0
"movls r1, 1",0
"cmn r2, 3",0
"cmnls r3, 3",0
bls 0x6f28,0
"cmp r1, 0",0
beq 0x6f9c,0
"mvn r2, r3",0
"add r6, r2, r6",0
"ldr r0, [r5, 8]",0
"add r2, r3, 1",0
"add r0, r0, r6, lsl 2",0
"ldr r1, [r4, 8]",0
"lsl r2, r2, 2",0
bl 0x1254,0
"ldr r3, [r5, 4]",0
"sub ip, r3, 1",0
"ldr r0, [r4, 4]",0
"add r0, ip, r0, lsl 1",0
"add r2, r0, 1",0
"subs r2, r2, r6",0
beq 0x7034,0
"add r3, r2, r3",0
"str r3, [r5, 4]",0
"ldr r3, [r5, 8]",0
"ldr r1, [r3, r0, lsl 2]",0
"ldr r4, [r3, ip, lsl 2]",0
"cmp r1, r4",0
bls 0x6fec,0
"add r4, r2, ip",0
"str r1, [r3, r4, lsl 2]",0
"sub r0, r0, 1",0
"subs r2, r2, 1",0
bne 0x6fc0,0
b 0x703c,0
"add r1, r2, ip",0
"str r4, [r3, r1, lsl 2]",0
"sub ip, ip, 1",0
"cmn ip, 3",0
bls 0x6fc0,0
"ldr r1, [r5, 8]",0
"mov r0, r1",0
"add r1, r1, r6, lsl 2",0
"lsl r2, r2, 2",0
bl 0x1254,0
"mov r0, 0",0
"pop {r4, r5, r6, pc}",0
"mov r0, 0",0
"pop {r4, r5, r6, pc}",0
"mov r0, 0",0
"pop {r4, r5, r6, pc}",0
"mov r0, 0xc",0
"pop {r4, r5, r6, pc}",0
"mov r0, 0",0
"pop {r4, r5, r6, pc}",0
"mov r0, 0",0
"pop {r4, r5, r6, pc}",0
"push {r3, r4, r5, lr}",0
"mov r4, r0",0
"mov r5, r1",0
"ldr r1, [r0]",0
"cmp r1, 0",0
bne 0x7070,0
"mov r1, r5",0
bl 0x61e8,0
"rsbs r0, r0, 1",0
"movlo r0, 0",0
"pop {r3, r4, r5, pc}",0
"ldr r3, [r0, 4]",0
"cmp r3, 0",0
bne 0x7098,0
"ldr r3, [r0, 8]",0
"str r5, [r3]",0
"ldr r3, [r0, 4]",0
"add r3, r3, 1",0
"str r3, [r0, 4]",0
"mov r0, 1",0
"pop {r3, r4, r5, pc}",0
"cmp r1, r3",0
bne 0x70c0,0
"lsl r3, r1, 1",0
"str r3, [r0]",0
"ldr r0, [r0, 8]",0
"lsl r1, r1, 3",0
bl 0x12b4,0
"cmp r0, 0",0
beq 0x7154,0
"str r0, [r4, 8]",0
"ldr r2, [r4, 8]",0
"ldr r3, [r2]",0
"cmp r5, r3",0
bhs 0x7100,0
"ldr r3, [r4, 4]",0
"cmp r3, 0",0
beq 0x7138,0
"lsl r2, r3, 2",0
"ldr r1, [r4, 8]",0
"add r0, r1, r2",0
"ldr r0, [r0, -4]",0
"str r0, [r1, r2]",0
"sub r2, r2, 4",0
"subs r3, r3, 1",0
bne 0x70e0,0
b 0x7138,0
"ldr r3, [r4, 4]",0
"sub r1, r3, 1",0
"ldr r0, [r2, r1, lsl 2]",0
"cmp r5, r0",0
bhs 0x7138,0
"lsl r1, r3, 2",0
"str r0, [r2, r1]",0
"sub r3, r3, 1",0
"ldr r2, [r4, 8]",0
"add r0, r2, r1",0
"ldr r0, [r0, -8]",0
"sub r1, r1, 4",0
"cmp r5, r0",0
blo 0x7118,0
"ldr r2, [r4, 8]",0
"str r5, [r2, r3, lsl 2]",0
"ldr r3, [r4, 4]",0
"add r3, r3, 1",0
"str r3, [r4, 4]",0
"mov r0, 1",0
"pop {r3, r4, r5, pc}",0
"mov r0, 0",0
"pop {r3, r4, r5, pc}",0
"push {r4, r5, r6, r7, r8, lr}",0
"sub sp, sp, 8",0
"mov r5, r0",0
"mov r6, r1",0
"mov r8, r3",0
"ldr r7, [sp, 0x20]",0
"mov r4, r2",0
b 0x7230,0
"ldr r2, [r5]",0
"add r3, r2, r4, lsl 3",0
"ldrb r3, [r3, 4]",0
"cmp r3, r7",0
bne 0x71c4,0
"ldr r3, [r2, r4, lsl 3]",0
"cmp r3, r8",0
bne 0x71c4,0
"cmp r7, 9",0
"movne r0, 0",0
bne 0x7258,0
"mov r0, r6",0
"mov r1, r4",0
bl 0x7044,0
"cmp r0, 0",0
"moveq r0, 0xc",0
"movne r0, 0",0
b 0x7258,0
"mov r0, r6",0
"mov r1, r4",0
bl 0x7044,0
"cmp r0, 0",0
beq 0x724c,0
"add r4, r4, r4, lsl 1",0
"lsl r4, r4, 2",0
"ldr r3, [r5, 0x14]",0
"add r3, r3, r4",0
"ldr r2, [r3, 4]",0
"cmp r2, 0",0
beq 0x7254,0
"cmp r2, 2",0
bne 0x7220,0
"ldr r3, [r3, 8]",0
"ldr r2, [r3, 4]",0
"str r7, [sp]",0
"mov r0, r5",0
"mov r1, r6",0
"mov r3, r8",0
bl 0x715c,0
"cmp r0, 0",0
bne 0x7258,0
"ldr r3, [r5, 0x14]",0
"add r4, r3, r4",0
"ldr r3, [r4, 8]",0
"ldr r4, [r3]",0
"mov r0, r6",0
"mov r1, r4",0
bl 0x5608,0
"cmp r0, 0",0
beq 0x717c,0
"mov r0, 0",0
b 0x7258,0
"mov r0, 0xc",0
b 0x7258,0
"mov r0, 0",0
"add sp, sp, 8",0
"pop {r4, r5, r6, r7, r8, pc}",0
"push {r4, r5, r6, r7, r8, sb, sl, fp, lr}",0
"sub sp, sp, 0x1c",0
"mov r6, r0",0
"mov r8, r1",0
"mov sl, r2",0
"mov sb, r3",0
"add r0, sp, 0xc",0
"ldr r1, [r1, 4]",0
bl 0x61b8,0
"subs fp, r0, 0",0
bne 0x7344,0
"ldr r3, [r8, 4]",0
"cmp r3, 0",0
beq 0x7330,0
"mov r4, 0",0
"ldr r3, [r8, 8]",0
"ldr r5, [r3, r4, lsl 2]",0
"add r7, r5, r5, lsl 1",0
"ldr r3, [r6, 0x18]",0
"add r7, r3, r7, lsl 2",0
"mov r0, r6",0
"mov r1, r7",0
"mov r2, sl",0
"mov r3, sb",0
bl 0x5c54,0
"cmn r0, 1",0
bne 0x72f0,0
"add r0, sp, 0xc",0
"mov r1, r7",0
bl 0x6e90,0
"subs r5, r0, 0",0
beq 0x7320,0
"ldr r0, [sp, 0x14]",0
bl 0x1230,0
"mov fp, r5",0
b 0x7344,0
"str sb, [sp]",0
"mov r0, r6",0
"add r1, sp, 0xc",0
"mov r2, r5",0
"mov r3, sl",0
bl 0x715c,0
"subs r5, r0, 0",0
beq 0x7320,0
"ldr r0, [sp, 0x14]",0
bl 0x1230,0
"mov fp, r5",0
b 0x7344,0
"add r4, r4, 1",0
"ldr r3, [r8, 4]",0
"cmp r3, r4",0
bhi 0x729c,0
"ldr r0, [r8, 8]",0
bl 0x1230,0
"add r3, sp, 0x18",0
"ldmdb r3, {r0, r1, r2}",0
"stm r8, {r0, r1, r2}",0
"mov r0, fp",0
"add sp, sp, 0x1c",0
"pop {r4, r5, r6, r7, r8, sb, sl, fp, pc}",0
"push {r4, r5, r6, r7, r8, lr}",0
"mov r8, r0",0
"mov r6, r1",0
"mov r7, r2",0
"ldr r3, [r1, 4]",0
"cmp r3, 0",0
beq 0x750c,0
"ldr r2, [r2, 4]",0
"cmp r2, 0",0
beq 0x7514,0
"add r3, r2, r3",0
"ldr r1, [r0]",0
"ldr r2, [r0, 4]",0
"add r2, r3, r2",0
"cmp r2, r1",0
bls 0x73b0,0
"add r4, r3, r1",0
"ldr r0, [r0, 8]",0
"lsl r1, r4, 2",0
bl 0x12b4,0
"cmp r0, 0",0
beq 0x751c,0
"str r0, [r8, 8]",0
"str r4, [r8]",0
"ldr r3, [r8, 4]",0
"ldr r5, [r6, 4]",0
"ldr r2, [r7, 4]",0
"add r1, r5, r3",0
"add r1, r1, r2",0
"sub r5, r5, 1",0
"sub r2, r2, 1",0
"sub r3, r3, 1",0
"ldr r0, [r6, 8]",0
"ldr ip, [r0, r5, lsl 2]",0
"ldr r0, [r7, 8]",0
"ldr r0, [r0, r2, lsl 2]",0
"cmp ip, r0",0
bne 0x7448,0
"cmn r3, 3",0
bhi 0x7420,0
"ldr r0, [r8, 8]",0
"add lr, r0, r3, lsl 2",0
"ldr r4, [r0, r3, lsl 2]",0
"cmp ip, r4",0
bhs 0x7524,0
"sub r3, r3, 1",0
"cmn r3, 3",0
bhi 0x7420,0
"ldr r4, [lr, -4]!",0
"cmp ip, r4",0
blo 0x7404,0
b 0x7524,0
"sub r1, r1, 1",0
"ldr r0, [r8, 8]",0
"str ip, [r0, r1, lsl 2]",0
"sub r5, r5, 1",0
"cmn r5, 3",0
bhi 0x746c,0
"sub r2, r2, 1",0
"cmn r2, 3",0
bls 0x73d0,0
b 0x746c,0
"cmp ip, r0",0
bhs 0x7460,0
"sub r2, r2, 1",0
"cmn r2, 3",0
bls 0x73d0,0
b 0x746c,0
"sub r5, r5, 1",0
"cmn r5, 3",0
bls 0x73d0,0
"ldr r3, [r8, 4]",0
"sub r0, r3, 1",0
"ldr r4, [r6, 4]",0
"add r4, r3, r4",0
"sub r4, r4, 1",0
"ldr r2, [r7, 4]",0
"add r4, r4, r2",0
"add r2, r4, 1",0
"rsb r2, r1, r2",0
"add r3, r2, r3",0
"str r3, [r8, 4]",0
"adds r3, r2, 0",0
"movne r3, 1",0
"cmn r0, 3",0
"movhi r3, 0",0
"cmp r3, 0",0
beq 0x74f0,0
"ldr r3, [r8, 8]",0
"ldr lr, [r3, r4, lsl 2]",0
"ldr ip, [r3, r0, lsl 2]",0
"cmp lr, ip",0
bls 0x74dc,0
"add ip, r2, r0",0
"str lr, [r3, ip, lsl 2]",0
"sub r4, r4, 1",0
"subs r2, r2, 1",0
bne 0x74b0,0
b 0x74f0,0
"add lr, r2, r0",0
"str ip, [r3, lr, lsl 2]",0
"sub r0, r0, 1",0
"cmn r0, 3",0
bls 0x74b0,0
"ldr r3, [r8, 8]",0
"mov r0, r3",0
"add r1, r3, r1, lsl 2",0
"lsl r2, r2, 2",0
bl 0x1254,0
"mov r0, 0",0
"pop {r4, r5, r6, r7, r8, pc}",0
"mov r0, 0",0
"pop {r4, r5, r6, r7, r8, pc}",0
"mov r0, 0",0
"pop {r4, r5, r6, r7, r8, pc}",0
"mov r0, 0xc",0
"pop {r4, r5, r6, r7, r8, pc}",0
"ldr r0, [r0, r3, lsl 2]",0
"cmp ip, r0",0
bne 0x7420,0
b 0x742c,0
"push {r4, r5, r6, r7, r8, sl, lr}",0
"sub sp, sp, 0x54",0
"mov r4, r0",0
"ldr r6, [r0, 0x30]",0
"ldr r3, [r0, 0x24]",0
"cmp r6, r3",0
"movhs r6, r3",0
"ldr sl, [r0, 0x1c]",0
"cmp r6, sl",0
bls 0x76f0,0
"mov r8, 0",0
"mov r7, 1",0
"mvn r5, 0",0
"rsb r2, sl, r6",0
"add r3, sp, 8",0
"add r1, r4, 0x10",0
"ldm r1, {r0, r1}",0
"stm r3, {r0, r1}",0
"ldr r3, [r4, 0x40]",0
"cmp r3, 0",0
beq 0x75fc,0
"ldr r3, [r4, 0x50]",0
"cmp r3, 0",0
ble 0x7610,0
"cmp r2, 0",0
beq 0x7618,0
"mov ip, r2",0
"mov r1, r8",0
"mov r3, r8",0
"ldr lr, [r4]",0
"ldr r0, [r4, 0x18]",0
"add lr, lr, r1",0
"add lr, lr, sl",0
"ldrb r0, [lr, r0]",0
"ldr lr, [r4, 0x40]",0
"ldrb r0, [lr, r0]",0
"ldr lr, [r4, 4]",0
"add r1, lr, r1",0
"strb r0, [r1, sl]",0
"add r1, sp, 0x10",0
"strb r0, [r3, r1]",0
"add r3, r3, 1",0
"ldr r1, [r4, 0x50]",0
"cmp r1, r3",0
ble 0x7620,0
"mov r1, r3",0
"cmp r3, ip",0
bne 0x75a8,0
"add r1, sp, 0x10",0
b 0x7624,0
"ldr r1, [r4, 0x18]",0
"add r1, sl, r1",0
"ldr r3, [r4]",0
"add r1, r3, r1",0
b 0x7624,0
"add r1, sp, 0x10",0
b 0x7624,0
"add r1, sp, 0x10",0
b 0x7624,0
"add r1, sp, 0x10",0
"add r0, sp, 4",0
"add r3, r4, 0x10",0
bl 0x1314,0
"sub r3, r0, 1",0
"cmn r3, 3",0
bhi 0x7654,0
"cmn r0, 2",0
bne 0x76a4,0
"ldr r2, [r4, 0x24]",0
"ldr r3, [r4, 0x30]",0
"cmp r2, r3",0
blo 0x7690,0
"ldr r2, [r4]",0
"ldr r3, [r4, 0x18]",0
"add r2, r2, sl",0
"ldrb r3, [r2, r3]",0
"str r3, [sp, 4]",0
"ldr r2, [r4, 0x40]",0
"cmp r2, 0",0
"ldrbne r3, [r2, r3]",0
"strne r3, [sp, 4]",0
"add r3, r4, 0x10",0
"add r2, sp, 8",0
"ldm r2, {r0, r1}",0
"stm r3, {r0, r1}",0
"mov r0, r7",0
b 0x76a4,0
"add r3, r4, 0x10",0
"add r2, sp, 8",0
"ldm r2, {r0, r1}",0
"stm r3, {r0, r1}",0
b 0x76f0,0
"ldr r3, [r4, 8]",0
"ldr r2, [sp, 4]",0
"str r2, [r3, sl, lsl 2]",0
"add r3, sl, 1",0
"add r0, r0, sl",0
"cmp r3, r0",0
bhs 0x76e4,0
"lsl r2, r3, 2",0
"ldr r1, [r4, 8]",0
"str r5, [r1, r2]",0
"add r3, r3, 1",0
"add r2, r2, 4",0
"cmp r3, r0",0
bne 0x76c4,0
"mov sl, r0",0
b 0x76e8,0
"mov sl, r3",0
"cmp r6, sl",0
bhi 0x7568,0
"str sl, [r4, 0x1c]",0
"str sl, [r4, 0x20]",0
"add sp, sp, 0x54",0
"pop {r4, r5, r6, r7, r8, sl, pc}",0
"push {r3, r4, r5, lr}",0
"mov r5, r0",0
"cmn r1, 3",0
bls 0x7718,0
"ldr r0, [r0, 0x3c]",0
"pop {r3, r4, r5, pc}",0
"ldr r3, [r0, 0x30]",0
"cmp r1, r3",0
bne 0x7738,0
"and r2, r2, 2",0
"cmp r2, 0",0
"moveq r0, 0xa",0
"movne r0, 8",0
"pop {r3, r4, r5, pc}",0
"ldr r3, [r0, 0x50]",0
"cmp r3, 1",0
bgt 0x775c,0
b 0x77b4,0
"sub r1, r1, 1",0
"cmn r1, 3",0
bls 0x7768,0
"ldr r0, [r5, 0x3c]",0
"pop {r3, r4, r5, pc}",0
"add r2, r1, 1",0
"ldr r3, [r0, 8]",0
"add r3, r3, r2, lsl 2",0
"ldr r4, [r3, -4]!",0
"cmn r4, 1",0
beq 0x7748,0
"ldrb r3, [r5, 0x4e]",0
"cmp r3, 0",0
beq 0x7798,0
"mov r0, r4",0
bl 0x13e0,0
"cmp r0, 0",0
bne 0x77ec,0
"cmp r4, 0x5f",0
beq 0x77f4,0
"cmp r4, 0xa",0
bne 0x77fc,0
"ldrb r0, [r5, 0x4d]",0
"cmp r0, 0",0
"movne r0, 2",0
"moveq r0, 0",0
"pop {r3, r4, r5, pc}",0
"ldr r3, [r0, 4]",0
"ldrb r4, [r3, r1]",0
"ldr r0, [r0, 0x44]",0
"mov r1, r4",0
bl 0x53c4,0
"cmp r0, 0",0
bne 0x7804,0
"cmp r4, 0xa",0
bne 0x780c,0
"ldrb r0, [r5, 0x4d]",0
"cmp r0, 0",0
"movne r0, 2",0
"moveq r0, 0",0
"pop {r3, r4, r5, pc}",0
"mov r0, 1",0
"pop {r3, r4, r5, pc}",0
"mov r0, 1",0
"pop {r3, r4, r5, pc}",0
"mov r0, 0",0
"pop {r3, r4, r5, pc}",0
"mov r0, 1",0
"pop {r3, r4, r5, pc}",0
"mov r0, 0",0
"pop {r3, r4, r5, pc}",0
"push {r4, r5, r6, lr}",0
"mov r5, r0",0
"mov r4, r1",0
"mov r6, r2",0
"ldr r3, [r0, 4]",0
"ldrb r1, [r3, r2]",0
"ldrb r3, [r4, 4]",0
"sub r3, r3, 1",0
"cmp r3, 6",0
"ldrls pc, [pc, r3, lsl 2]   ; [0x7840:4]=0xf85c ; ""\\xf8""",0
b 0x7930,0
"andeq pc, r0, ip, asr r8",0
"andeq pc, r0, r0, lsr sb",0
"andeq pc, r0, ip, ror 16",0
"andeq pc, r0, r0, lsr sb",0
"andeq pc, r0, r8, lsl 17",0
"andeq pc, r0, r0, lsr sb",0
"andeq pc, r0, r0, lsl 17",0
"ldrb r3, [r4]",0
"cmp r3, r1",0
bne 0x7938,0
b 0x78bc,0
"ldr r0, [r4]",0
bl 0x53c4,0
"cmp r0, 0",0
bne 0x78bc,0
"pop {r4, r5, r6, pc}",0
"tst r1, 0x80",0
bne 0x7940,0
"cmp r1, 0xa",0
bne 0x78a4,0
"ldr r3, [r5, 0x54]",0
"ldr r3, [r3, 0x80]",0
"tst r3, 0x40",0
bne 0x78bc,0
b 0x7948,0
"cmp r1, 0",0
bne 0x78bc,0
"ldr r3, [r5, 0x54]",0
"ldr r3, [r3, 0x80]",0
"tst r3, 0x80",0
bne 0x7950,0
"ldr r2, [r4, 4]",0
"ldr r3, [0x00007980]        ; [0x7980:4]=0x3ff00",0
"and r3, r2, r3",0
"cmp r3, 0",0
beq 0x7958,0
"mov r0, r5",0
"mov r1, r6",0
"ldr r2, [r5, 0x58]",0
bl 0x7700,0
"ldr r3, [r4, 4]",0
"lsl r3, r3, 0xe",0
"lsr r3, r3, 0x16",0
"tst r3, 4",0
beq 0x78fc,0
"tst r0, 1",0
beq 0x7960,0
"tst r3, 8",0
beq 0x790c,0
"tst r0, 1",0
bne 0x7968,0
"tst r3, 0x20",0
beq 0x791c,0
"tst r0, 2",0
beq 0x7970,0
"tst r3, 0x80",0
beq 0x7978,0
"lsr r0, r0, 3",0
"and r0, r0, 1",0
"pop {r4, r5, r6, pc}",0
"mov r0, 0",0
"pop {r4, r5, r6, pc}",0
"mov r0, 0",0
"pop {r4, r5, r6, pc}",0
"mov r0, 0",0
"pop {r4, r5, r6, pc}",0
"mov r0, 0",0
"pop {r4, r5, r6, pc}",0
"mov r0, 0",0
"pop {r4, r5, r6, pc}",0
"mov r0, 1",0
"pop {r4, r5, r6, pc}",0
"mov r0, 0",0
"pop {r4, r5, r6, pc}",0
"mov r0, 0",0
"pop {r4, r5, r6, pc}",0
"mov r0, 0",0
"pop {r4, r5, r6, pc}",0
"mov r0, 1",0
"pop {r4, r5, r6, pc}",0
"andeq pc, r3, r0, lsl 30",0
"push {r4, r5, r6, r7, r8, lr}",0
"mov r4, r0",0
"mov r6, r1",0
"mov r1, r2",0
"ldr r2, [r0, 0x58]",0
bl 0x7700,0
"ldr r5, [r6, 8]",0
"cmp r5, 0",0
beq 0x7a34,0
"ldr r3, [r4, 0x54]",0
"ldr r4, [r3]",0
"ldr r1, [r6, 0xc]",0
"sub r1, r1, 4",0
"mov r2, 0",0
"and r7, r0, 8",0
"and r6, r0, 2",0
"and r8, r0, 1",0
"ldr r0, [r1, 4]!",0
"add r3, r4, r0, lsl 3",0
"ldr ip, [r3, 4]",0
"lsl ip, ip, 0xe",0
"lsr ip, ip, 0x16",0
"ldrb r3, [r3, 4]",0
"cmp r3, 2",0
bne 0x7a3c,0
"cmp ip, 0",0
"popeq {r4, r5, r6, r7, r8, pc}",0
"tst ip, 4",0
beq 0x7a00,0
"cmp r8, 0",0
beq 0x7a3c,0
"tst ip, 8",0
beq 0x7a10,0
"cmp r8, 0",0
bne 0x7a3c,0
"tst ip, 0x20",0
beq 0x7a20,0
"cmp r6, 0",0
beq 0x7a3c,0
"tst ip, 0x80",0
"popeq {r4, r5, r6, r7, r8, pc}",0
"cmp r7, 0",0
"popne {r4, r5, r6, r7, r8, pc}",0
b 0x7a3c,0
"mov r0, 0",0
"pop {r4, r5, r6, r7, r8, pc}",0
"add r2, r2, 1",0
"cmp r2, r5",0
bne 0x79c8,0
"mov r0, 0",0
"pop {r4, r5, r6, r7, r8, pc}",0
"push {r3, lr}",0
"mov r1, 0",0
"mov r2, 0x20",0
bl 0x13f8,0
"pop {r3, pc}",0
"str r1, [r0]",0
"str r2, [r0, 4]",0
"str r3, [r0, 8]",0
"ldr r3, [sp]",0
"str r3, [r0, 0xc]",0
"mov r3, 0",0
"strb r3, [r0, 0x10]",0
"strb r3, [r0, 0x11]",0
"strb r3, [r0, 0x12]",0
"strb r3, [r0, 0x13]",0
"strb r3, [r0, 0x14]",0
"strb r3, [r0, 0x15]",0
"strb r3, [r0, 0x16]",0
"strb r3, [r0, 0x17]",0
"strb r3, [r0, 0x18]",0
"strb r3, [r0, 0x19]",0
"strb r3, [r0, 0x1a]",0
"strb r3, [r0, 0x1b]",0
bx lr,0
"push {r3, r4, r5, lr}",0
"mov r4, r0",0
"mov r5, r1",0
"ldr r0, [r1, 4]",0
"str r0, [r4, 4]",0
"ldr r3, [r1, 4]",0
"cmp r3, 0",0
beq 0x7b14,0
"str r0, [r4]",0
"lsl r0, r0, 2",0
bl 0x1344,0
"str r0, [r4, 8]",0
"cmp r0, 0",0
bne 0x7afc,0
"mov r3, 0",0
"str r3, [r4, 4]",0
"str r3, [r4]",0
"mov r0, 0xc",0
"pop {r3, r4, r5, pc}",0
"ldr r2, [r5, 4]",0
"ldr r1, [r5, 8]",0
"lsl r2, r2, 2",0
bl 0x1254,0
"mov r0, 0",0
"pop {r3, r4, r5, pc}",0
"mov r2, 0",0
"mov r3, r4",0
"strb r2, [r3], 1",0
"strb r2, [r4, 1]",0
"add r3, r3, 1",0
"strb r2, [r3], 1",0
"strb r2, [r3], 1",0
"strb r2, [r3], 1",0
"strb r2, [r3], 1",0
"strb r2, [r3], 1",0
"strb r2, [r3], 1",0
"strb r2, [r3], 1",0
"strb r2, [r3], 1",0
"strb r2, [r3], 1",0
"strb r2, [r3]",0
"mov r0, r2",0
"pop {r3, r4, r5, pc}",0
"push {r3, r4, r5, r6, r7, r8, sl, lr}",0
"mov r6, r0",0
"mov r4, r2",0
"subs r5, r1, 0",0
beq 0x7bbc,0
"ldr r3, [r5, 4]",0
"cmp r3, 0",0
beq 0x7bbc,0
"cmp r2, 0",0
beq 0x7cf4,0
"ldr r2, [r2, 4]",0
"cmp r2, 0",0
beq 0x7cf4,0
"add r0, r2, r3",0
"str r0, [r6]",0
"lsl r0, r0, 2",0
bl 0x1344,0
"str r0, [r6, 8]",0
"cmp r0, 0",0
beq 0x7cec,0
"mov r3, 0",0
"mov r2, 1",0
"mov r7, r3",0
"mov r8, r3",0
b 0x7c64,0
"cmp r4, 0",0
beq 0x7be0,0
"ldr r3, [r4, 4]",0
"cmp r3, 0",0
beq 0x7be0,0
"mov r0, r6",0
"mov r1, r4",0
bl 0x7ab0,0
"pop {r3, r4, r5, r6, r7, r8, sl, pc}",0
"mov r2, 0",0
"mov r3, r6",0
"strb r2, [r3], 1",0
"strb r2, [r6, 1]",0
"add r3, r3, 1",0
"strb r2, [r3], 1",0
"strb r2, [r3], 1",0
"strb r2, [r3], 1",0
"strb r2, [r3], 1",0
"strb r2, [r3], 1",0
"strb r2, [r3], 1",0
"strb r2, [r3], 1",0
"strb r2, [r3], 1",0
"strb r2, [r3], 1",0
"strb r2, [r3]",0
"mov r0, r2",0
"pop {r3, r4, r5, r6, r7, r8, sl, pc}",0
"ldr r1, [r5, 8]",0
"ldr r1, [r1, r8, lsl 2]",0
"ldr r0, [r4, 8]",0
"ldr r0, [r0, r7, lsl 2]",0
"cmp r1, r0",0
"ldrhi r1, [r6, 8]",0
"strhi r0, [r1, r3]",0
"addhi r7, r7, 1",0
bhi 0x7c5c,0
"cmp r1, r0",0
"addeq r7, r7, 1",0
"ldr r0, [r6, 8]",0
"str r1, [r0, r3]",0
"add r8, r8, 1",0
"add r2, r2, 1",0
"add r3, r3, 4",0
"sub sl, r2, 1",0
"ldr r1, [r5, 4]",0
"cmp r8, r1",0
bhs 0x7cac,0
"ldr r0, [r4, 4]",0
"cmp r7, r0",0
blo 0x7c24,0
"ldr r0, [r6, 8]",0
"rsb r2, r8, r1",0
"ldr r1, [r5, 8]",0
"add r0, r0, sl, lsl 2",0
"add r1, r1, r8, lsl 2",0
"lsl r2, r2, 2",0
bl 0x1254,0
"ldr r3, [r5, 4]",0
"add sl, sl, r3",0
"rsb sl, r8, sl",0
b 0x7ce0,0
"ldr r3, [r4, 4]",0
"cmp r3, r7",0
bls 0x7ce0,0
"ldr r0, [r6, 8]",0
"rsb r2, r7, r3",0
"ldr r1, [r4, 8]",0
"add r0, r0, sl, lsl 2",0
"add r1, r1, r7, lsl 2",0
"lsl r2, r2, 2",0
bl 0x1254,0
"ldr r3, [r4, 4]",0
"add sl, sl, r3",0
"rsb sl, r7, sl",0
"str sl, [r6, 4]",0
"mov r0, 0",0
"pop {r3, r4, r5, r6, r7, r8, sl, pc}",0
"mov r0, 0xc",0
"pop {r3, r4, r5, r6, r7, r8, sl, pc}",0
"mov r0, r6",0
"mov r1, r5",0
bl 0x7ab0,0
"pop {r3, r4, r5, r6, r7, r8, sl, pc}",0
"push {r4, r5, r6, r7, r8, sb, sl, lr}",0
"sub sp, sp, 8",0
"mov r4, r0",0
"add r3, sp, 8",0
"stmdb r3, {r1, r2}",0
"ldrb r5, [sp, 4]",0
"ldr r3, [r0, 4]",0
"ldr r2, [r0, 8]",0
"cmp r2, r3",0
blo 0x7dc8,0
"lsl r6, r3, 1",0
"ldr r3, [0x00007f1c]        ; [0x7f1c:4]=0x15555555",0
"cmp r6, r3",0
bhi 0x7ef8,0
"ldr r0, [r0]",0
"lsl r1, r6, 3",0
bl 0x12b4,0
"cmp r0, 0",0
beq 0x7f00,0
"str r0, [r4]",0
"lsl r7, r6, 2",0
"ldr r0, [r4, 0xc]",0
"mov r1, r7",0
bl 0x12b4,0
"mov sl, r0",0
"ldr r0, [r4, 0x10]",0
"mov r1, r7",0
bl 0x12b4,0
"mov r8, r0",0
"mov sb, 0xc",0
"mul sb, r6, sb",0
"ldr r0, [r4, 0x14]",0
"mov r1, sb",0
bl 0x12b4,0
"mov r7, r0",0
"ldr r0, [r4, 0x18]",0
"mov r1, sb",0
bl 0x12b4,0
"cmp sl, 0",0
"cmpne r8, 0",0
beq 0x7f08,0
"cmp r7, 0",0
"cmpne r0, 0",0
beq 0x7f10,0
"str sl, [r4, 0xc]",0
"str r8, [r4, 0x10]",0
"str r7, [r4, 0x14]",0
"str r0, [r4, 0x18]",0
"str r6, [r4, 4]",0
"ldr r2, [r4, 8]",0
"ldr r3, [r4]",0
"add r3, r3, r2, lsl 3",0
"add r2, sp, 8",0
"ldmdb r2, {r0, r1}",0
"stm r3, {r0, r1}",0
"ldr r2, [r4, 8]",0
"ldr r3, [r4]",0
"add r3, r3, r2, lsl 3",0
"ldr r2, [r3, 4]",0
"bic r2, r2, 0x3fc00",0
"bic r2, r2, 0x300",0
"str r2, [r3, 4]",0
"ldr r2, [r4, 8]",0
"ldr r3, [r4]",0
"add r3, r3, r2, lsl 3",0
"cmp r5, 5",0
bne 0x7e20,0
"ldr r2, [r4, 0x5c]",0
"cmp r2, 1",0
"movgt r5, 1",0
bgt 0x7e30,0
"cmp r5, 6",0
"movne r5, 0",0
"moveq r5, 1",0
b 0x7e30,0
"ldrb r2, [r3, 6]",0
"and r5, r5, 1",0
"bic r2, r2, 0x10",0
"orr r5, r2, r5, lsl 4",0
"strb r5, [r3, 6]",0
"ldr r2, [r4, 8]",0
"ldr r3, [r4, 0xc]",0
"mvn r1, 0",0
"str r1, [r3, r2, lsl 2]",0
"ldr r1, [r4, 8]",0
"add r1, r1, r1, lsl 1",0
"lsl r1, r1, 2",0
"ldr r0, [r4, 0x14]",0
"add r2, r0, r1",0
"mov r3, 0",0
"strb r3, [r0, r1]",0
"strb r3, [r2, 1]",0
"add r2, r2, 2",0
"strb r3, [r2], 1",0
"strb r3, [r2], 1",0
"strb r3, [r2], 1",0
"strb r3, [r2], 1",0
"strb r3, [r2], 1",0
"strb r3, [r2], 1",0
"strb r3, [r2], 1",0
"strb r3, [r2], 1",0
"strb r3, [r2], 1",0
"strb r3, [r2]",0
"ldr r1, [r4, 8]",0
"add r1, r1, r1, lsl 1",0
"lsl r1, r1, 2",0
"ldr r0, [r4, 0x18]",0
"add r2, r0, r1",0
"strb r3, [r0, r1]",0
"strb r3, [r2, 1]",0
"add r2, r2, 2",0
"strb r3, [r2], 1",0
"strb r3, [r2], 1",0
"strb r3, [r2], 1",0
"strb r3, [r2], 1",0
"strb r3, [r2], 1",0
"strb r3, [r2], 1",0
"strb r3, [r2], 1",0
"strb r3, [r2], 1",0
"strb r3, [r2], 1",0
"strb r3, [r2]",0
"ldr r0, [r4, 8]",0
"add r3, r0, 1",0
"str r3, [r4, 8]",0
b 0x7f14,0
"mvn r0, 0",0
b 0x7f14,0
"mvn r0, 0",0
b 0x7f14,0
"mvn r0, 0",0
b 0x7f14,0
"mvn r0, 0",0
"add sp, sp, 8",0
"pop {r4, r5, r6, r7, r8, sb, sl, pc}",0
"ldrbne r5, [r5, -0x555]",0
"push {r3, r4, r5, r6, r7, lr}",0
"mov r4, r0",0
"mov r5, r1",0
"mov r7, r2",0
"lsl r6, r1, 3",0
"ldr r3, [r0]",0
"add r3, r3, r6",0
"ldm r3, {r1, r2}",0
bl 0x7d04,0
"cmn r0, 1",0
"popeq {r3, r4, r5, r6, r7, pc}",0
"lsl r3, r0, 3",0
"ldr r1, [r4]",0
"add r1, r1, r3",0
"ldr ip, [r1, 4]",0
"lsl r2, r7, 0x16",0
"lsr r2, r2, 0x16",0
"bic ip, ip, 0x3fc00",0
"bic ip, ip, 0x300",0
"orr ip, ip, r2, lsl 8",0
"str ip, [r1, 4]",0
"ldr r2, [r4]",0
"add r1, r2, r3",0
"add r6, r2, r6",0
"ldr r6, [r6, 4]",0
"lsl r6, r6, 0xe",0
"ldr r2, [r1, 4]",0
"lsl ip, r2, 0xe",0
"lsr ip, ip, 0x16",0
"orr ip, ip, r6, lsr 22",0
"bic r2, r2, 0x3fc00",0
"bic r2, r2, 0x300",0
"orr r2, r2, ip, lsl 8",0
"str r2, [r1, 4]",0
"ldr r2, [r4]",0
"add r3, r2, r3",0
"ldrb r2, [r3, 6]",0
"orr r2, r2, 4",0
"strb r2, [r3, 6]",0
"ldr r3, [r4, 0x10]",0
"str r5, [r3, r0, lsl 2]",0
"pop {r3, r4, r5, r6, r7, pc}",0
"push {r4, r5, r6, r7, r8, sb, sl, fp, lr}",0
"sub sp, sp, 0x14",0
"mov r4, r0",0
"mov sb, r3",0
"ldr r6, [sp, 0x38]",0
"mov r7, r2",0
"mov r5, r1",0
"mov r8, 0",0
b 0x7ffc,0
"mov r7, sl",0
"ldr r5, [sp, 0xc]",0
b 0x7ffc,0
"mov r5, fp",0
"lsl ip, r5, 3",0
"ldr r3, [r4]",0
"add r3, r3, ip",0
"ldrb r3, [r3, 4]",0
"cmp r3, 4",0
bne 0x807c,0
"ldr r3, [r4, 0xc]",0
"ldr r3, [r3, r5, lsl 2]",0
"str r3, [sp, 0xc]",0
"add fp, r7, r7, lsl 1",0
"lsl fp, fp, 2",0
"ldr r3, [r4, 0x14]",0
"add r3, r3, fp",0
"str r8, [r3, 4]",0
"mov r0, r4",0
"ldr r1, [sp, 0xc]",0
"mov r2, r6",0
bl 0x7f20,0
"mov sl, r0",0
"cmn r0, 1",0
beq 0x82a0,0
"ldr r3, [r4, 0xc]",0
"ldr r2, [r3, r5, lsl 2]",0
"str r2, [r3, r7, lsl 2]",0
"ldr r0, [r4, 0x14]",0
"add r0, r0, fp",0
"mov r1, sl",0
bl 0x7044,0
"cmp r0, 0",0
bne 0x7fec,0
"mov r0, 0xc",0
b 0x82cc,0
"ldr r3, [r4, 0x14]",0
"add sl, r5, r5, lsl 1",0
"lsl sl, sl, 2",0
"add r2, r3, sl",0
"ldr r1, [r2, 4]",0
"cmp r1, 0",0
bne 0x80ac,0
"ldr r3, [r4, 0xc]",0
"ldr r2, [r3, r5, lsl 2]",0
"str r2, [r3, r7, lsl 2]",0
"mov r0, 0",0
b 0x82cc,0
"cmp r1, 1",0
bne 0x8154,0
"ldr r2, [r2, 8]",0
"ldr fp, [r2]",0
"add sl, r7, r7, lsl 1",0
"lsl sl, sl, 2",0
"add r3, r3, sl",0
"str r8, [r3, 4]",0
"subs r7, r7, r5",0
"movne r7, 1",0
"cmp r5, sb",0
"movne r7, 0",0
"cmp r7, 0",0
beq 0x8104,0
"ldr r0, [r4, 0x14]",0
"add r0, r0, sl",0
"mov r1, fp",0
bl 0x7044,0
"cmp r0, 0",0
"moveq r0, 0xc",0
"movne r0, 0",0
b 0x82cc,0
"ldr r3, [r4]",0
"add ip, r3, ip",0
"ldr r3, [ip, 4]",0
"lsl r3, r3, 0xe",0
"orr r6, r6, r3, lsr 22",0
"mov r0, r4",0
"mov r1, fp",0
"mov r2, r6",0
bl 0x7f20,0
"mov r7, r0",0
"cmn r0, 1",0
beq 0x82a8,0
"ldr r0, [r4, 0x14]",0
"add r0, r0, sl",0
"mov r1, r7",0
bl 0x7044,0
"cmp r0, 0",0
bne 0x7ff8,0
"mov r0, 0xc",0
b 0x82cc,0
"ldr r2, [r2, 8]",0
"ldr r5, [r2]",0
"add r7, r7, r7, lsl 1",0
"lsl fp, r7, 2",0
"add r3, r3, fp",0
"str r8, [r3, 4]",0
"ldr r2, [r4, 8]",0
"sub r1, r2, 1",0
"ldr r3, [r4]",0
"add ip, r3, r1, lsl 3",0
"ldrb r0, [ip, 6]",0
"tst r0, 4",0
beq 0x81e8,0
"cmp r1, 0",0
beq 0x81e8,0
"sub r0, r2, 0xe0000002",0
"add r3, r3, r0, lsl 3",0
"ldr r0, [r4, 0x10]",0
"add r2, r0, r2, lsl 2",0
"ldr r0, [r2, -4]!",0
"cmp r5, r0",0
bne 0x81bc,0
"ldr r0, [ip, 4]",0
"lsl r0, r0, 0xe",0
"cmp r6, r0, lsr 22",0
beq 0x81e0,0
"sub r1, r1, 1",0
"mov ip, r3",0
"ldrb r0, [r3, 6]",0
"tst r0, 4",0
beq 0x81e8,0
"sub r3, r3, 8",0
"cmp r1, 0",0
bne 0x81a0,0
b 0x81e8,0
"cmn r1, 1",0
bne 0x8240,0
"mov r0, r4",0
"mov r1, r5",0
"mov r2, r6",0
bl 0x7f20,0
"mov r7, r0",0
"cmn r0, 1",0
beq 0x82b0,0
"ldr r0, [r4, 0x14]",0
"add r0, r0, fp",0
"mov r1, r7",0
bl 0x7044,0
"cmp r0, 0",0
beq 0x82b8,0
"str r6, [sp]",0
"mov r0, r4",0
"mov r1, r5",0
"mov r2, r7",0
"mov r3, sb",0
bl 0x7fc8,0
"cmp r0, 0",0
beq 0x8254,0
b 0x82cc,0
"ldr r0, [r4, 0x14]",0
"add r0, r0, fp",0
bl 0x7044,0
"cmp r0, 0",0
beq 0x82c0,0
"ldr r3, [r4, 0x14]",0
"add sl, r3, sl",0
"ldr r3, [sl, 8]",0
"ldr r5, [r3, 4]",0
"mov r0, r4",0
"mov r1, r5",0
"mov r2, r6",0
bl 0x7f20,0
"mov r7, r0",0
"cmn r0, 1",0
beq 0x82c8,0
"ldr r0, [r4, 0x14]",0
"add r0, r0, fp",0
"mov r1, r7",0
bl 0x7044,0
"cmp r0, 0",0
bne 0x7ffc,0
"mov r0, 0xc",0
b 0x82cc,0
"mov r0, 0xc",0
b 0x82cc,0
"mov r0, 0xc",0
b 0x82cc,0
"mov r0, 0xc",0
b 0x82cc,0
"mov r0, 0xc",0
b 0x82cc,0
"mov r0, 0xc",0
b 0x82cc,0
"mov r0, 0xc",0
"add sp, sp, 0x14",0
"pop {r4, r5, r6, r7, r8, sb, sl, fp, pc}",0
"push {r4, r5, r6, r7, r8, sb, sl, fp, lr}",0
"sub sp, sp, 0x34",0
"str r0, [sp, 0xc]",0
"mov r5, r1",0
"str r2, [sp, 8]",0
"str r3, [sp, 0x14]",0
"add fp, r2, r2, lsl 1",0
"lsl fp, fp, 2",0
"mov r8, fp",0
"ldr r3, [r1, 0x14]",0
"add r3, r3, fp",0
"ldr r1, [r3, 4]",0
"add r0, sp, 0x24",0
"add r1, r1, 1",0
bl 0x61b8,0
"cmp r0, 0",0
"str r0, [sp, 0x10]",0
bne 0x84fc,0
"ldr r3, [r5, 0x18]",0
"add r3, r3, fp",0
"mvn r2, 0",0
"str r2, [r3, 4]",0
"ldr r2, [r5]",0
"ldr r3, [sp, 8]",0
"lsl r4, r3, 3",0
"add r1, r2, r4",0
"ldr r0, [r1, 4]",0
"ldr r3, [0x00008508]        ; [0x8508:4]=0x3ff00",0
"and r3, r0, r3",0
"cmp r3, 0",0
beq 0x83a8,0
"ldr r3, [r5, 0x14]",0
"add r3, r3, fp",0
"ldr r0, [r3, 4]",0
"cmp r0, 0",0
beq 0x83a8,0
"ldr r3, [r3, 8]",0
"ldr r3, [r3]",0
"add r2, r2, r3, lsl 3",0
"ldrb r3, [r2, 6]",0
"tst r3, 4",0
bne 0x83a8,0
"ldr r3, [r1, 4]",0
"lsl r3, r3, 0xe",0
"lsr r3, r3, 0x16",0
"str r3, [sp]",0
"mov r0, r5",0
"ldr r1, [sp, 8]",0
"mov r2, r1",0
"mov r3, r1",0
bl 0x7fc8,0
"cmp r0, 0",0
bne 0x84ec,0
"ldr r3, [r5]",0
"add r4, r3, r4",0
"ldrb r3, [r4, 4]",0
"tst r3, 8",0
beq 0x8490,0
"ldr r3, [r5, 0x14]",0
"add r3, r3, fp",0
"ldr r2, [r3, 4]",0
"cmp r2, 0",0
beq 0x8498,0
"mov sl, 0",0
"mov r4, sl",0
"add r7, sp, 0x18",0
"mov sb, 1",0
"ldr r3, [r3, 8]",0
"ldr r2, [r3, r4, lsl 2]",0
"add r6, r2, r2, lsl 1",0
"lsl r6, r6, 2",0
"ldr r3, [r5, 0x18]",0
"add r3, r3, r6",0
"ldr r1, [r3, 4]",0
"cmn r1, 1",0
"moveq sl, sb",0
beq 0x8474,0
"cmp r1, 0",0
bne 0x842c,0
"mov r0, r7",0
"mov r1, r5",0
"mov r3, 0",0
bl 0x82d4,0
"cmp r0, 0",0
beq 0x8434,0
b 0x846c,0
"ldm r3, {r0, r1, r2}",0
"stm r7, {r0, r1, r2}",0
"add r0, sp, 0x24",0
"mov r1, r7",0
bl 0x6e90,0
"cmp r0, 0",0
bne 0x846c,0
"ldr r3, [r5, 0x18]",0
"add r6, r3, r6",0
"ldr r3, [r6, 4]",0
"cmp r3, 0",0
bne 0x8474,0
"ldr r0, [sp, 0x20]",0
bl 0x1230,0
"mov sl, sb",0
b 0x8474,0
"str r0, [sp, 0x10]",0
b 0x84fc,0
"add r4, r4, 1",0
"ldr r3, [r5, 0x14]",0
"add r3, r3, r8",0
"ldr r2, [r3, 4]",0
"cmp r2, r4",0
bhi 0x83e0,0
b 0x849c,0
"mov sl, 0",0
b 0x849c,0
"mov sl, 0",0
"add r0, sp, 0x24",0
"ldr r1, [sp, 8]",0
bl 0x7044,0
"cmp r0, 0",0
beq 0x84f4,0
"ldr r2, [sp, 0x14]",0
"eor r3, r2, 1",0
"tst sl, r3",0
"ldr r3, [r5, 0x18]",0
"add fp, r3, fp",0
"movne r3, 0",0
"strne r3, [fp, 4]",0
"addeq r3, sp, 0x30",0
"ldmdbeq r3, {r0, r1, r2}",0
"stmeq fp, {r0, r1, r2}",0
"add r3, sp, 0x30",0
"ldmdb r3, {r0, r1, r2}",0
"ldr r3, [sp, 0xc]",0
"stm r3, {r0, r1, r2}",0
b 0x84fc,0
"str r0, [sp, 0x10]",0
b 0x84fc,0
"mov r2, 0xc",0
"str r2, [sp, 0x10]",0
"ldr r0, [sp, 0x10]",0
"add sp, sp, 0x34",0
"pop {r4, r5, r6, r7, r8, sb, sl, fp, pc}",0
"andeq pc, r3, r0, lsl 30",0
"push {r3, r4, r5, lr}",0
"mov r5, r0",0
"mov r4, r1",0
"ldrb r3, [r1, 0x18]",0
"cmp r3, 0x10",0
bne 0x8540,0
"ldr r3, [r1, 4]",0
"ldr r2, [r3, 0xc]",0
"str r2, [r1, 0xc]",0
"ldr r3, [r3, 0x1c]",0
"str r3, [r1, 0x1c]",0
"mov r0, 0",0
"pop {r3, r4, r5, pc}",0
"str r1, [r4, 0xc]",0
"add r3, r1, 0x14",0
"ldm r3, {r1, r2}",0
bl 0x7d04,0
"str r0, [r4, 0x1c]",0
"cmn r0, 1",0
beq 0x8598,0
"ldrb r2, [r4, 0x18]",0
"cmp r2, 0xc",0
bne 0x85a0,0
"ldr r2, [r5]",0
"ldr r1, [r4, 0x14]",0
"add r3, r2, r0, lsl 3",0
"ldr r2, [r3, 4]",0
"lsl r1, r1, 0x16",0
"lsr r1, r1, 0x16",0
"bic r2, r2, 0x3fc00",0
"bic r2, r2, 0x300",0
"orr r2, r2, r1, lsl 8",0
"str r2, [r3, 4]",0
"mov r0, 0",0
"pop {r3, r4, r5, pc}",0
"mov r0, 0xc",0
"pop {r3, r4, r5, pc}",0
"mov r0, 0",0
"pop {r3, r4, r5, pc}",0
"push {r4, r5, r6, r7, r8, sb, sl, fp, lr}",0
"sub sp, sp, 0x54",0
"mov r4, r0",0
"ldr r5, [r0, 0x1c]",0
"ldr r7, [r0, 0x30]",0
"ldr r3, [r0, 0x24]",0
"cmp r7, r3",0
"movhs r7, r3",0
"ldrb r3, [r0, 0x4a]",0
"cmp r3, 0",0
bne 0x87c4,0
"ldr r3, [r0, 0x40]",0
"cmp r3, 0",0
bne 0x87c4,0
"ldrb r3, [r0, 0x4c]",0
"cmp r3, 0",0
bne 0x87c4,0
"cmp r5, r7",0
bhs 0x87b4,0
"add r8, r0, 0x10",0
"mvn r6, 0",0
"ldr r3, [r4, 0x18]",0
"add r3, r5, r3",0
"ldr r2, [r4]",0
"add sl, r2, r3",0
"ldrb sb, [r2, r3]",0
"bics r2, sb, 0x7f",0
bne 0x8654,0
"mov r0, r8",0
bl 0x1278,0
"cmp r0, 0",0
beq 0x8654,0
"ldr sl, [r4, 4]",0
bl 0x1374,0
"ldr r3, [r0]",0
"ldr r3, [r3, sb, lsl 2]",0
"strb r3, [sl, r5]",0
"ldr r3, [r4, 8]",0
"ldr r2, [r4, 4]",0
"ldrb r2, [r2, r5]",0
"str r2, [r3, r5, lsl 2]",0
"add r5, r5, 1",0
b 0x87ac,0
"ldm r8, {r0, r1}",0
"add r3, sp, 0x50",0
"stmdb r3, {r0, r1}",0
"add r0, sp, 4",0
"mov r1, sl",0
"rsb r2, r5, r7",0
"mov r3, r8",0
bl 0x1314,0
"mov sl, r0",0
"cmn r0, 3",0
bhi 0x8734,0
"ldr sb, [sp, 4]",0
"mov r0, sb",0
bl 0x11dc,0
"cmp r0, 0",0
beq 0x86d8,0
"mov r0, sb",0
bl 0x14c4,0
"mov sb, r0",0
"add r0, sp, 8",0
"mov r1, sb",0
"add r2, sp, 0x48",0
bl 0x11c4,0
"cmp sl, r0",0
bne 0x86d0,0
"ldr r0, [r4, 4]",0
"add r0, r0, r5",0
"add r1, sp, 8",0
"mov r2, sl",0
bl 0x1254,0
b 0x86f8,0
"mov r6, r5",0
b 0x87cc,0
"ldr r0, [r4, 4]",0
"ldr r3, [r4, 0x18]",0
"add r3, r5, r3",0
"ldr r1, [r4]",0
"add r0, r0, r5",0
"add r1, r1, r3",0
"mov r2, sl",0
bl 0x1254,0
"ldr r3, [r4, 8]",0
"str sb, [r3, r5, lsl 2]",0
"add r1, r5, 1",0
"add r0, sl, r5",0
"cmp r1, r0",0
bhs 0x87a8,0
"lsl ip, r1, 2",0
"ldr r5, [r4, 8]",0
"str r6, [r5, ip]",0
"add r1, r1, 1",0
"add ip, ip, 4",0
"cmp r1, r0",0
bne 0x8714,0
"mov r5, r0",0
b 0x87ac,0
"sub r3, r0, 1",0
"cmn r3, 3",0
bhi 0x875c,0
"cmn r0, 2",0
bne 0x8794,0
"ldr r2, [r4, 0x24]",0
"ldr r3, [r4, 0x30]",0
"cmp r2, r3",0
bhs 0x8b6c,0
b 0x8794,0
"ldr r2, [r4]",0
"ldr r3, [r4, 0x18]",0
"add r2, r2, r5",0
"ldrb r3, [r2, r3]",0
"ldr r2, [r4, 4]",0
"strb r3, [r2, r5]",0
"ldr r2, [r4, 8]",0
"str r3, [r2, r5, lsl 2]",0
"add r5, r5, 1",0
"cmn r0, 1",0
"addeq ip, sp, 0x50",0
"ldmdbeq ip, {r0, r1}",0
"stmeq r8, {r0, r1}",0
b 0x87ac,0
"add r3, r4, 0x10",0
"add r2, sp, 0x50",0
"ldmdb r2, {r0, r1}",0
"stm r3, {r0, r1}",0
b 0x87b4,0
"mov r5, r1",0
"cmp r7, r5",0
bhi 0x85fc,0
"str r5, [r4, 0x1c]",0
"str r5, [r4, 0x20]",0
"mov r0, 0",0
b 0x8b94,0
"ldr r6, [r4, 0x20]",0
b 0x8b54,0
"rsb r2, r5, r7",0
"add r3, r4, 0x10",0
"ldm r3, {r0, r1}",0
"add r3, sp, 0x50",0
"stmdb r3, {r0, r1}",0
"ldr r0, [r4, 0x40]",0
"cmp r0, 0",0
beq 0x884c,0
"ldr ip, [r4, 0x50]",0
"cmp ip, 0",0
ble 0x8860,0
"cmp r2, 0",0
beq 0x8868,0
"ldr sl, [r4]",0
"ldr r8, [r4, 0x18]",0
"add r8, r6, r8",0
"mov lr, r2",0
"mov r1, 0",0
"mov r3, r1",0
"add r1, sl, r1",0
"ldrb r1, [r1, r8]",0
"ldrb sb, [r0, r1]",0
"add r1, sp, 8",0
"strb sb, [r3, r1]",0
"add r3, r3, 1",0
"cmp ip, r3",0
ble 0x8870,0
"mov r1, r3",0
"cmp r3, lr",0
bne 0x8818,0
"add sl, sp, 8",0
b 0x8874,0
"ldr r3, [r4, 0x18]",0
"add r3, r6, r3",0
"ldr sl, [r4]",0
"add sl, sl, r3",0
b 0x8874,0
"add sl, sp, 8",0
b 0x8874,0
"add sl, sp, 8",0
b 0x8874,0
"add sl, sp, 8",0
"add r0, sp, 4",0
"mov r1, sl",0
"add r3, r4, 0x10",0
bl 0x1314,0
"mov r8, r0",0
"cmn r0, 3",0
bhi 0x8ab8,0
"ldr fp, [sp, 4]",0
"mov r0, fp",0
bl 0x11dc,0
"cmp r0, 0",0
beq 0x8a28,0
"mov r0, fp",0
bl 0x14c4,0
"mov fp, r0",0
"add r0, sp, 8",0
"mov r1, fp",0
"add r2, sp, 0x48",0
bl 0x11c4,0
"mov sb, r0",0
"cmp r8, r0",0
bne 0x88e4,0
"ldr r0, [r4, 4]",0
"add r0, r0, r5",0
"add r1, sp, 8",0
"mov r2, r8",0
bl 0x1254,0
b 0x8a3c,0
"cmn r0, 1",0
beq 0x8a10,0
"add sl, r0, r5",0
"ldr r0, [r4, 0x24]",0
"cmp sl, r0",0
bls 0x8910,0
"add r3, r4, 0x10",0
"add ip, sp, 0x50",0
"ldmdb ip, {r0, r1}",0
"stm r3, {r0, r1}",0
b 0x8b5c,0
"ldr r3, [r4, 0xc]",0
"cmp r3, 0",0
bne 0x8934,0
"lsl r0, r0, 2",0
bl 0x1344,0
"str r0, [r4, 0xc]",0
"cmp r0, 0",0
"moveq r0, 0xc",0
beq 0x8b94,0
"ldrb r3, [r4, 0x4c]",0
"cmp r3, 0",0
bne 0x8964,0
"cmp r5, 0",0
beq 0x895c,0
"ldr r2, [r4, 0xc]",0
"str r3, [r2, r3, lsl 2]",0
"add r3, r3, 1",0
"cmp r3, r5",0
bne 0x8948,0
"mov r3, 1",0
"strb r3, [r4, 0x4c]",0
"ldr r0, [r4, 4]",0
"add r0, r0, r5",0
"add r1, sp, 8",0
"mov r2, sb",0
bl 0x1254,0
"ldr r3, [r4, 8]",0
"str fp, [r3, r5, lsl 2]",0
"ldr r3, [r4, 0xc]",0
"str r6, [r3, r5, lsl 2]",0
"cmp sb, 1",0
bls 0x89d4,0
"add r2, r5, 1",0
"lsl r2, r2, 2",0
"mov r3, 1",0
"mvn r0, 0",0
"ldr ip, [r4, 0xc]",0
"add ip, ip, r2",0
"cmp r8, r3",0
"subls r1, r8, 1",0
"movhi r1, r3",0
"add r1, r1, r6",0
"str r1, [ip]",0
"ldr r1, [r4, 8]",0
"str r0, [r1, r2]",0
"add r3, r3, 1",0
"add r2, r2, 4",0
"cmp r3, sb",0
bne 0x89a0,0
"rsb sb, r8, sb",0
"ldr r3, [r4, 0x30]",0
"add r3, sb, r3",0
"str r3, [r4, 0x30]",0
"ldr r2, [r4, 0x34]",0
"cmp r6, r2",0
"ldrlo r2, [r4, 0x38]",0
"addlo sb, r2, sb",0
"strlo sb, [r4, 0x38]",0
"ldr r7, [r4, 0x24]",0
"cmp r3, r7",0
"movlo r7, r3",0
"add r6, r6, r8",0
"mov r5, sl",0
b 0x8b54,0
"ldr r0, [r4, 4]",0
"add r0, r0, r5",0
"mov r1, sl",0
"mov r2, r8",0
bl 0x1254,0
b 0x8a3c,0
"ldr r0, [r4, 4]",0
"add r0, r0, r5",0
"mov r1, sl",0
"mov r2, r8",0
bl 0x1254,0
"ldrb r3, [r4, 0x4c]",0
"cmp r3, 0",0
beq 0x8a74,0
"cmp r8, 0",0
beq 0x8a74,0
"lsl r2, r5, 2",0
"add r1, r8, r6",0
"mov r3, r6",0
"ldr r0, [r4, 0xc]",0
"str r3, [r0, r2]",0
"add r2, r2, 4",0
"add r3, r3, 1",0
"cmp r3, r1",0
bne 0x8a5c,0
"add r6, r6, r8",0
"ldr r3, [r4, 8]",0
"str fp, [r3, r5, lsl 2]",0
"add r3, r5, 1",0
"add r5, r8, r5",0
"cmp r3, r5",0
bhs 0x8b50,0
"lsl r2, r3, 2",0
"mvn r1, 0",0
"ldr r0, [r4, 8]",0
"str r1, [r0, r2]",0
"add r3, r3, 1",0
"add r2, r2, 4",0
"cmp r3, r5",0
bne 0x8a98,0
"mov r3, r5",0
b 0x8b50,0
"sub r3, r0, 1",0
"cmn r3, 3",0
bhi 0x8adc,0
"cmn r0, 2",0
bne 0x8b3c,0
"ldr r2, [r4, 0x24]",0
"ldr r3, [r4, 0x30]",0
"cmp r2, r3",0
blo 0x8b3c,0
"ldr r2, [r4]",0
"ldr r3, [r4, 0x18]",0
"add r2, r2, r6",0
"ldrb r2, [r2, r3]",0
"mov r3, r2",0
"ldr r1, [r4, 0x40]",0
"cmp r1, 0",0
"ldrbne r3, [r1, r2]",0
"ldr r2, [r4, 4]",0
"strb r3, [r2, r5]",0
"ldrb r2, [r4, 0x4c]",0
"cmp r2, 0",0
"ldrne r2, [r4, 0xc]",0
"strne r6, [r2, r5, lsl 2]",0
"add r6, r6, 1",0
"ldr r2, [r4, 8]",0
"str r3, [r2, r5, lsl 2]",0
"add r3, r5, 1",0
"cmn r8, 1",0
"addeq r2, r4, 0x10",0
"addeq ip, sp, 0x50",0
"ldmdbeq ip, {r0, r1}",0
"stmeq r2, {r0, r1}",0
b 0x8b50,0
"add r3, r4, 0x10",0
"add r2, sp, 0x50",0
"ldmdb r2, {r0, r1}",0
"stm r3, {r0, r1}",0
b 0x8b5c,0
"mov r5, r3",0
"cmp r5, r7",0
blo 0x87cc,0
"str r5, [r4, 0x1c]",0
"str r6, [r4, 0x20]",0
"mov r0, 0",0
b 0x8b94,0
"ldr r2, [r4]",0
"ldr r3, [r4, 0x18]",0
"add r2, r2, r5",0
"ldrb r3, [r2, r3]",0
"ldr r2, [r4, 4]",0
"strb r3, [r2, r5]",0
"ldr r2, [r4, 8]",0
"str r3, [r2, r5, lsl 2]",0
"add r5, r5, 1",0
b 0x87ac,0
"add sp, sp, 0x54",0
"pop {r4, r5, r6, r7, r8, sb, sl, fp, pc}",0
"push {r4, r5, r6, r7, r8, sb, sl, lr}",0
"mov r5, r0",0
"ldr r6, [r0, 0x30]",0
"ldr r3, [r0, 0x24]",0
"cmp r6, r3",0
"movhs r6, r3",0
"ldr r4, [r0, 0x1c]",0
"cmp r6, r4",0
bls 0x8c44,0
bl 0x1398,0
"mov r7, r0",0
"ldr r8, [0x00008c50]        ; [0x8c50:4]=383",0
"ldr r2, [r5]",0
"ldr r3, [r5, 0x18]",0
"add r2, r2, r4",0
"ldrb r2, [r2, r3]",0
"mov r3, r2",0
"ldr r1, [r5, 0x40]",0
"cmp r1, 0",0
"ldrbne r3, [r1, r2]",0
"mov sl, r3",0
"ldr r1, [r7]",0
"lsl r2, r3, 1",0
"ldrh r2, [r1, r2]",0
"tst r2, 0x200",0
beq 0x8c2c,0
"ldr sb, [r5, 4]",0
"add sb, sb, r4",0
"add r2, r3, 0x80",0
"cmp r2, r8",0
bhi 0x8c24,0
bl 0x1374,0
"ldr r3, [r0]",0
"ldr r3, [r3, sl, lsl 2]",0
"strb r3, [sb]",0
b 0x8c34,0
"ldr r2, [r5, 4]",0
"strb r3, [r2, r4]",0
"add r4, r4, 1",0
"cmp r4, r6",0
bne 0x8bcc,0
"mov r4, r6",0
"str r4, [r5, 0x1c]",0
"str r4, [r5, 0x20]",0
"pop {r4, r5, r6, r7, r8, sb, sl, pc}",0
"andeq r0, r0, pc, ror r1",0
"push {r3, r4, r5, lr}",0
"mov r4, r0",0
"ldr r3, [r0, 0x24]",0
"cmn r3, 0xe0000002",0
bhi 0x8d18,0
"lsl r3, r3, 1",0
"ldr r2, [r0, 0x30]",0
"cmp r3, r2",0
"movhs r3, r2",0
"cmp r1, r3",0
"movlo r1, r3",0
bl 0x6c88,0
"subs r5, r0, 0",0
bne 0x8d24,0
"ldr r0, [r4, 0x64]",0
"cmp r0, 0",0
beq 0x8cb4,0
"ldr r1, [r4, 0x24]",0
"add r1, r1, 1",0
"lsl r1, r1, 2",0
bl 0x12b4,0
"cmp r0, 0",0
beq 0x8d20,0
"str r0, [r4, 0x64]",0
"ldrb r3, [r4, 0x48]",0
"cmp r3, 0",0
beq 0x8ce8,0
"ldr r3, [r4, 0x50]",0
"cmp r3, 1",0
ble 0x8cdc,0
"mov r0, r4",0
bl 0x85a8,0
"mov r5, r0",0
b 0x8d24,0
"mov r0, r4",0
bl 0x8b9c,0
b 0x8d24,0
"ldr r3, [r4, 0x50]",0
"cmp r3, 1",0
ble 0x8d00,0
"mov r0, r4",0
bl 0x7534,0
b 0x8d24,0
"ldr r3, [r4, 0x40]",0
"cmp r3, 0",0
beq 0x8d24,0
"mov r0, r4",0
bl 0x5534,0
b 0x8d24,0
"mov r5, 0xc",0
b 0x8d24,0
"mov r5, 0xc",0
"mov r0, r5",0
"pop {r3, r4, r5, pc}",0
"push {r4, r5, r6, lr}",0
"mov r4, r0",0
"mov r5, r1",0
"ldr r6, [r0, 0x68]",0
"ldr r3, [r0, 0x24]",0
"cmp r3, r1",0
bhi 0x8d54,0
"ldr r2, [r0, 0x30]",0
"cmp r3, r2",0
blo 0x8d6c,0
"ldr r3, [r4, 0x1c]",0
"cmp r5, r3",0
blo 0x8d80,0
"ldr r2, [r4, 0x30]",0
"cmp r3, r2",0
bhs 0x8d80,0
"mov r0, r4",0
"add r1, r5, 1",0
bl 0x8c54,0
"cmp r0, 0",0
"popne {r4, r5, r6, pc}",0
"cmp r6, r5",0
bhs 0x8db0,0
"rsb r2, r6, r5",0
"add r0, r6, 1",0
"ldr r3, [r4, 0x64]",0
"add r0, r3, r0, lsl 2",0
"mov r1, 0",0
"lsl r2, r2, 2",0
bl 0x13f8,0
"str r5, [r4, 0x68]",0
"mov r0, 0",0
"pop {r4, r5, r6, pc}",0
"mov r0, 0",0
"pop {r4, r5, r6, pc}",0
"push {r4, r5, r6, r7, r8, lr}",0
"sub sp, sp, 8",0
"mov r5, r0",0
"mov r4, r1",0
"mov r7, r2",0
"ldr r3, [r1, 0x28]",0
"ldr r1, [r1, 0x38]",0
"cmp r1, r3",0
"movls r3, 2",0
"strbls r3, [r0, 4]",0
"movls r0, 0",0
bls 0x97b8,0
"ldr r2, [r4, 4]",0
"ldrb r6, [r2, r3]",0
"strb r6, [r0]",0
"ldrb r3, [r0, 6]",0
"and r3, r3, 0x9f",0
"strb r3, [r0, 6]",0
"ldr r3, [r4, 0x50]",0
"cmp r3, 1",0
ble 0x8e48,0
"ldr r2, [r4, 0x28]",0
"ldr r1, [r4, 0x1c]",0
"cmp r2, r1",0
beq 0x8e48,0
"ldr r1, [r4, 8]",0
"ldr r2, [r1, r2, lsl 2]",0
"cmn r2, 1",0
bne 0x8e48,0
"mov r3, 1",0
"strb r3, [r0, 4]",0
"ldrb r3, [r0, 6]",0
"orr r3, r3, 0x20",0
"strb r3, [r0, 6]",0
"mov r0, 1",0
b 0x97b8,0
"cmp r6, 0x5c",0
bne 0x9318,0
"ldr r1, [r4, 0x28]",0
"add r2, r1, 1",0
"ldr r0, [r4, 0x30]",0
"cmp r2, r0",0
"movhs r3, 0x24              ; '$'",0
"strbhs r3, [r5, 4]",0
"movhs r0, 1",0
bhs 0x97b8,0
"ldrb r0, [r4, 0x4b]",0
"cmp r0, 0",0
"ldreq r3, [r4, 4]",0
"ldrbeq r6, [r3, r2]",0
beq 0x8ef4,0
"cmp r3, 1",0
ble 0x8ec4,0
"ldr r3, [r4, 8]",0
"ldr r0, [r3, r2, lsl 2]",0
"cmn r0, 1",0
beq 0x8eb8,0
"add r1, r1, 2",0
"ldr r0, [r4, 0x1c]",0
"cmp r0, r1",0
beq 0x8ec4,0
"ldr r3, [r3, r1, lsl 2]",0
"cmn r3, 1",0
bne 0x8ec4,0
"ldr r3, [r4, 4]",0
"ldrb r6, [r3, r2]",0
b 0x8ef4,0
"ldrb r3, [r4, 0x4c]",0
"cmp r3, 0",0
beq 0x97a4,0
"ldr r3, [r4, 0xc]",0
"ldr r0, [r4]",0
"ldr r1, [r3, r2, lsl 2]",0
"ldr r3, [r4, 0x18]",0
"add r1, r0, r1",0
"ldrb r6, [r1, r3]",0
"bics r3, r6, 0x7f",0
"ldrne r3, [r4, 4]",0
"ldrbne r6, [r3, r2]",0
"strb r6, [r5]",0
"mov r3, 1",0
"strb r3, [r5, 4]",0
"ldr r3, [r4, 0x50]",0
"cmp r3, 1",0
ble 0x8f54,0
"ldr r1, [r4, 0x28]",0
"mov r0, r4",0
"add r1, r1, 1",0
bl 0x54b4,0
"mov r4, r0",0
bl 0x13e0,0
"cmp r0, 0",0
"movne r0, 1",0
bne 0x8f40,0
"cmp r4, 0x5f",0
"movne r0, 0",0
"moveq r0, 1",0
b 0x8f40,0
"ldrb r3, [r5, 6]",0
"bic r3, r3, 0x40",0
"orr r3, r3, r0, lsl 6",0
"strb r3, [r5, 6]",0
b 0x8f90,0
bl 0x1398,0
"ldr r2, [r0]",0
"lsl r3, r6, 1",0
"ldrh r3, [r2, r3]",0
"tst r3, 8",0
"movne r2, 1",0
bne 0x8f80,0
"cmp r6, 0x5f",0
"movne r2, 0",0
"moveq r2, 1",0
b 0x8f80,0
"ldrb r3, [r5, 6]",0
"bic r3, r3, 0x40",0
"orr r3, r3, r2, lsl 6",0
"strb r3, [r5, 6]",0
"sub r3, r6, 0x27",0
"cmp r3, 0x56",0
"ldrls pc, [pc, r3, lsl 2]   ; [0x8fa0:4]=0x1124c",0
b 0x975c,0
"andeq r1, r1, ip, asr 4",0
"andeq r1, r1, r0, ror r2",0
"andeq r1, r1, r8, lsl 5",0
"andeq r1, r1, ip, asr r7",0
"andeq r1, r1, r0, lsr 5",0
"andeq r1, r1, ip, asr r7",0
"andeq r1, r1, ip, asr r7",0
"andeq r1, r1, ip, asr r7",0
"andeq r1, r1, ip, asr r7",0
"andeq r1, r1, ip, asr r7",0
"andeq r1, r1, r4, lsl r1",0
"andeq r1, r1, r4, lsl r1",0
"andeq r1, r1, r4, lsl r1",0
"andeq r1, r1, r4, lsl r1",0
"andeq r1, r1, r4, lsl r1",0
"andeq r1, r1, r4, lsl r1",0
"andeq r1, r1, r4, lsl r1",0
"andeq r1, r1, r4, lsl r1",0
"andeq r1, r1, r4, lsl r1",0
"andeq r1, r1, ip, asr r7",0
"andeq r1, r1, ip, asr r7",0
"andeq r1, r1, r8, lsr r1",0
"andeq r1, r1, ip, asr r7",0
"andeq r1, r1, ip, asr r1",0
"andeq r1, r1, r0, asr 5",0
"andeq r1, r1, ip, asr r7",0
"andeq r1, r1, ip, asr r7",0
"andeq r1, r1, r4, lsr 3",0
"andeq r1, r1, ip, asr r7",0
"andeq r1, r1, ip, asr r7",0
"andeq r1, r1, ip, asr r7",0
"andeq r1, r1, ip, asr r7",0
"andeq r1, r1, ip, asr r7",0
"andeq r1, r1, ip, asr r7",0
"andeq r1, r1, ip, asr r7",0
"andeq r1, r1, ip, asr r7",0
"andeq r1, r1, ip, asr r7",0
"andeq r1, r1, ip, asr r7",0
"andeq r1, r1, ip, asr r7",0
"andeq r1, r1, ip, asr r7",0
"andeq r1, r1, ip, asr r7",0
"andeq r1, r1, ip, asr r7",0
"andeq r1, r1, ip, asr r7",0
"andeq r1, r1, ip, asr r7",0
"andeq r1, r1, r0, lsl r2",0
"andeq r1, r1, ip, asr r7",0
"andeq r1, r1, ip, asr r7",0
"andeq r1, r1, ip, asr r7",0
"andeq r1, r1, r0, ror 3",0
"andeq r1, r1, ip, asr r7",0
"andeq r1, r1, ip, asr r7",0
"andeq r1, r1, ip, asr r7",0
"andeq r1, r1, ip, asr r7",0
"andeq r1, r1, ip, asr r7",0
"andeq r1, r1, ip, asr r7",0
"andeq r1, r1, ip, asr r7",0
"andeq r1, r1, ip, asr r7",0
"andeq r1, r1, r8, lsr 4",0
"andeq r1, r1, ip, asr r7",0
"andeq r1, r1, r0, lsl 3",0
"andeq r1, r1, ip, asr r7",0
"andeq r1, r1, ip, asr r7",0
"andeq r1, r1, ip, asr r7",0
"andeq r1, r1, ip, asr r7",0
"andeq r1, r1, ip, asr r7",0
"andeq r1, r1, ip, asr r7",0
"andeq r1, r1, ip, asr r7",0
"andeq r1, r1, ip, asr r7",0
"andeq r1, r1, ip, asr r7",0
"andeq r1, r1, ip, asr r7",0
"andeq r1, r1, ip, asr r7",0
"andeq r1, r1, ip, asr r7",0
"andeq r1, r1, ip, asr r7",0
"andeq r1, r1, ip, asr r7",0
"andeq r1, r1, ip, asr r7",0
"andeq r1, r1, ip, asr r7",0
"strdeq r1, r2, [r1], -r8",0
"andeq r1, r1, ip, asr r7",0
"andeq r1, r1, ip, asr r7",0
"andeq r1, r1, ip, asr r7",0
"andeq r1, r1, r8, asr 3",0
"andeq r1, r1, ip, asr r7",0
"andeq r1, r1, ip, asr r7",0
"andeq r1, r1, ip, asr r7",0
"andeq r1, r1, r0, ror 5",0
"strdeq r1, r2, [r1], -ip",0
"strdeq r1, r2, [r1], -ip",0
"tst r7, 0x8400",0
"movne r0, 2",0
"moveq r3, 0xa",0
"strbeq r3, [r5, 4]",0
"moveq r0, 2",0
b 0x97b8,0
"tst r7, 0x4000",0
"movne r0, 2",0
bne 0x97b8,0
"mov r3, 4",0
"strb r3, [r5, 4]",0
"sub r6, r6, 0x31",0
"str r6, [r5]",0
"mov r0, 2",0
b 0x97b8,0
"tst r7, 0x80000",0
"movne r0, 2",0
bne 0x97b8,0
"mov r3, 0xc",0
"strb r3, [r5, 4]",0
"mov r3, 6",0
"str r3, [r5]",0
"mov r0, 2",0
b 0x97b8,0
"tst r7, 0x80000",0
"movne r0, 2",0
bne 0x97b8,0
"mov r3, 0xc",0
"strb r3, [r5, 4]",0
"mov r3, 9",0
"str r3, [r5]",0
"mov r0, 2",0
b 0x97b8,0
"tst r7, 0x80000",0
"movne r0, 2",0
bne 0x97b8,0
"mov r3, 0xc",0
"strb r3, [r5, 4]",0
"mov r3, 0x100",0
"str r3, [r5]",0
"mov r0, 2",0
b 0x97b8,0
"tst r7, 0x80000",0
"movne r0, 2",0
bne 0x97b8,0
"mov r3, 0xc",0
"strb r3, [r5, 4]",0
"mov r3, 0x200",0
"str r3, [r5]",0
"mov r0, 2",0
b 0x97b8,0
"tst r7, 0x80000",0
"movne r0, 2",0
"moveq r3, 0x20",0
"strbeq r3, [r5, 4]",0
"moveq r0, 2",0
b 0x97b8,0
"tst r7, 0x80000",0
"movne r0, 2",0
"moveq r3, 0x21              ; '!'",0
"strbeq r3, [r5, 4]",0
"moveq r0, 2",0
b 0x97b8,0
"tst r7, 0x80000",0
"movne r0, 2",0
"moveq r3, 0x22              ; '""'",0
"strbeq r3, [r5, 4]",0
"moveq r0, 2",0
b 0x97b8,0
"tst r7, 0x80000",0
"movne r0, 2",0
"moveq r3, 0x23              ; '#'",0
"strbeq r3, [r5, 4]",0
"moveq r0, 2",0
b 0x97b8,0
"tst r7, 0x80000",0
"movne r0, 2",0
bne 0x97b8,0
"mov r3, 0xc",0
"strb r3, [r5, 4]",0
"mov r3, 0x40                ; '@'",0
"str r3, [r5]",0
"mov r0, 2",0
b 0x97b8,0
"tst r7, 0x80000",0
"movne r0, 2",0
bne 0x97b8,0
"mov r3, 0xc",0
"strb r3, [r5, 4]",0
"mov r3, 0x80",0
"str r3, [r5]",0
"mov r0, 2",0
b 0x97b8,0
"tst r7, 0x2000",0
"movne r0, 2",0
"moveq r3, 8",0
"strbeq r3, [r5, 4]",0
"moveq r0, 2",0
b 0x97b8,0
"tst r7, 0x2000",0
"movne r0, 2",0
"moveq r3, 9",0
"strbeq r3, [r5, 4]",0
"moveq r0, 2",0
b 0x97b8,0
"ldr r3, [0x000097c0]        ; [0x97c0:4]=0x402",0
"and r3, r7, r3",0
"cmp r3, 2",0
"moveq r3, 0x12",0
"strbeq r3, [r5, 4]",0
"moveq r0, 2",0
beq 0x97b8,0
b 0x9764,0
"ldr r3, [0x000097c0]        ; [0x97c0:4]=0x402",0
"and r3, r7, r3",0
"cmp r3, 2",0
"moveq r3, 0x13",0
"strbeq r3, [r5, 4]",0
"moveq r0, 2",0
beq 0x97b8,0
b 0x976c,0
"and r7, r7, 0x1200",0
"cmp r7, 0x200",0
"moveq r3, 0x17",0
"strbeq r3, [r5, 4]",0
"moveq r0, 2",0
beq 0x97b8,0
b 0x9774,0
"and r7, r7, 0x1200",0
"cmp r7, 0x200",0
"moveq r3, 0x18",0
"strbeq r3, [r5, 4]",0
"moveq r0, 2",0
beq 0x97b8,0
b 0x977c,0
"mov r3, 1",0
"strb r3, [r5, 4]",0
"ldr r3, [r4, 0x50]",0
"cmp r3, 1",0
ble 0x9370,0
"mov r0, r4",0
"ldr r1, [r4, 0x28]",0
bl 0x54b4,0
"mov r8, r0",0
bl 0x13e0,0
"cmp r0, 0",0
"movne r0, 1",0
bne 0x935c,0
"cmp r8, 0x5f",0
"movne r0, 0",0
"moveq r0, 1",0
b 0x935c,0
"ldrb r3, [r5, 6]",0
"bic r3, r3, 0x40",0
"orr r0, r3, r0, lsl 6",0
"strb r0, [r5, 6]",0
b 0x93b0,0
bl 0x1398,0
"ldr r2, [r0]",0
"lsl r3, r6, 1",0
"ldrh r3, [r2, r3]",0
"tst r3, 8",0
"movne r2, 1",0
bne 0x939c,0
"cmp r6, 0x5f",0
"movne r2, 0",0
"moveq r2, 1",0
b 0x939c,0
"ldrb r3, [r5, 6]",0
"and r2, r2, 1",0
"bic r3, r3, 0x40",0
"orr r3, r3, r2, lsl 6",0
"strb r3, [r5, 6]",0
"sub r6, r6, 0xa",0
"cmp r6, 0x73",0
"ldrls pc, [pc, r6, lsl 2]   ; [0x93c0:4]=0x11590",0
b 0x9784,0
"muleq r1, r0, r5",0
"andeq r1, r1, r4, lsl 15",0
"andeq r1, r1, r4, lsl 15",0
"andeq r1, r1, r4, lsl 15",0
"andeq r1, r1, r4, lsl 15",0
"andeq r1, r1, r4, lsl 15",0
"andeq r1, r1, r4, lsl 15",0
"andeq r1, r1, r4, lsl 15",0
"andeq r1, r1, r4, lsl 15",0
"andeq r1, r1, r4, lsl 15",0
"andeq r1, r1, r4, lsl 15",0
"andeq r1, r1, r4, lsl 15",0
"andeq r1, r1, r4, lsl 15",0
"andeq r1, r1, r4, lsl 15",0
"andeq r1, r1, r4, lsl 15",0
"andeq r1, r1, r4, lsl 15",0
"andeq r1, r1, r4, lsl 15",0
"andeq r1, r1, r4, lsl 15",0
"andeq r1, r1, r4, lsl 15",0
"andeq r1, r1, r4, lsl 15",0
"andeq r1, r1, r4, lsl 15",0
"andeq r1, r1, r4, lsl 15",0
"andeq r1, r1, r4, lsl 15",0
"andeq r1, r1, r4, lsl 15",0
"andeq r1, r1, r4, lsl 15",0
"andeq r1, r1, r4, lsl 15",0
"strdeq r1, r2, [r1], -r4",0
"andeq r1, r1, r4, lsl 15",0
"andeq r1, r1, r4, lsl 15",0
"andeq r1, r1, r4, lsl 15",0
"andeq r1, r1, ip, asr 12",0
"andeq r1, r1, r4, ror 12",0
"andeq r1, r1, r4, asr 11",0
"ldrdeq r1, r2, [r1], -r4",0
"andeq r1, r1, r4, lsl 15",0
"andeq r1, r1, r4, lsl 15",0
"andeq r1, r1, ip, lsl 13",0
"andeq r1, r1, r4, lsl 15",0
"andeq r1, r1, r4, lsl 15",0
"andeq r1, r1, r4, lsl 15",0
"andeq r1, r1, r4, lsl 15",0
"andeq r1, r1, r4, lsl 15",0
"andeq r1, r1, r4, lsl 15",0
"andeq r1, r1, r4, lsl 15",0
"andeq r1, r1, r4, lsl 15",0
"andeq r1, r1, r4, lsl 15",0
"andeq r1, r1, r4, lsl 15",0
"andeq r1, r1, r4, lsl 15",0
"andeq r1, r1, r4, lsl 15",0
"andeq r1, r1, r4, lsl 15",0
"andeq r1, r1, r4, lsl 15",0
"andeq r1, r1, r4, lsl 15",0
"andeq r1, r1, r4, lsl 15",0
"strdeq r1, r2, [r1], -r4",0
"andeq r1, r1, r4, lsl 15",0
"andeq r1, r1, r4, lsl 15",0
"andeq r1, r1, r4, lsl 15",0
"andeq r1, r1, r4, lsl 15",0
"andeq r1, r1, r4, lsl 15",0
"andeq r1, r1, r4, lsl 15",0
"andeq r1, r1, r4, lsl 15",0
"andeq r1, r1, r4, lsl 15",0
"andeq r1, r1, r4, lsl 15",0
"andeq r1, r1, r4, lsl 15",0
"andeq r1, r1, r4, lsl 15",0
"andeq r1, r1, r4, lsl 15",0
"andeq r1, r1, r4, lsl 15",0
"andeq r1, r1, r4, lsl 15",0
"andeq r1, r1, r4, lsl 15",0
"andeq r1, r1, r4, lsl 15",0
"andeq r1, r1, r4, lsl 15",0
"andeq r1, r1, r4, lsl 15",0
"andeq r1, r1, r4, lsl 15",0
"andeq r1, r1, r4, lsl 15",0
"andeq r1, r1, r4, lsl 15",0
"andeq r1, r1, r4, lsl 15",0
"andeq r1, r1, r4, lsl 15",0
"andeq r1, r1, r4, lsl 15",0
"andeq r1, r1, r4, lsl 15",0
"andeq r1, r1, r4, lsl 15",0
"andeq r1, r1, r4, lsl 15",0
"andeq r1, r1, ip, ror r6",0
"andeq r1, r1, r4, lsl 15",0
"andeq r1, r1, r4, lsl 15",0
"muleq r1, ip, r6",0
"andeq r1, r1, r4, lsl 15",0
"andeq r1, r1, r4, lsl 15",0
"andeq r1, r1, r4, lsl 15",0
"andeq r1, r1, r4, lsl 15",0
"andeq r1, r1, r4, lsl 15",0
"andeq r1, r1, r4, lsl 15",0
"andeq r1, r1, r4, lsl 15",0
"andeq r1, r1, r4, lsl 15",0
"andeq r1, r1, r4, lsl 15",0
"andeq r1, r1, r4, lsl 15",0
"andeq r1, r1, r4, lsl 15",0
"andeq r1, r1, r4, lsl 15",0
"andeq r1, r1, r4, lsl 15",0
"andeq r1, r1, r4, lsl 15",0
"andeq r1, r1, r4, lsl 15",0
"andeq r1, r1, r4, lsl 15",0
"andeq r1, r1, r4, lsl 15",0
"andeq r1, r1, r4, lsl 15",0
"andeq r1, r1, r4, lsl 15",0
"andeq r1, r1, r4, lsl 15",0
"andeq r1, r1, r4, lsl 15",0
"andeq r1, r1, r4, lsl 15",0
"andeq r1, r1, r4, lsl 15",0
"andeq r1, r1, r4, lsl 15",0
"andeq r1, r1, r4, lsl 15",0
"andeq r1, r1, r4, lsl 15",0
"andeq r1, r1, r4, lsl 15",0
"andeq r1, r1, r4, lsl 15",0
"andeq r1, r1, r4, lsl r6",0
"andeq r1, r1, r8, lsr 11",0
"andeq r1, r1, r0, lsr r6",0
"tst r7, 0x800",0
"moveq r0, 1",0
"movne r3, 0xa",0
"strbne r3, [r5, 4]",0
"movne r0, 1",0
b 0x97b8,0
"and r7, r7, 0x8400",0
"cmp r7, 0x8000",0
"moveq r3, 0xa",0
"strbeq r3, [r5, 4]",0
"moveq r0, 1",0
beq 0x97b8,0
b 0x978c,0
"mov r3, 0xb",0
"strb r3, [r5, 4]",0
"mov r0, 1",0
b 0x97b8,0
"ldr r3, [0x000097c0]        ; [0x97c0:4]=0x402",0
"and r3, r7, r3",0
"cmp r3, 0",0
"movne r0, 1",0
"moveq r3, 0x12",0
"strbeq r3, [r5, 4]",0
"moveq r0, 1",0
b 0x97b8,0
"ldr r3, [0x000097c0]        ; [0x97c0:4]=0x402",0
"and r3, r7, r3",0
"cmp r3, 0",0
"movne r0, 1",0
"moveq r3, 0x13",0
"strbeq r3, [r5, 4]",0
"moveq r0, 1",0
b 0x97b8,0
"and r7, r7, 0x1200",0
"cmp r7, 0x1200",0
"moveq r3, 0x17",0
"strbeq r3, [r5, 4]",0
"moveq r0, 1",0
beq 0x97b8,0
b 0x9794,0
"and r7, r7, 0x1200",0
"cmp r7, 0x1200",0
"moveq r3, 0x18",0
"strbeq r3, [r5, 4]",0
"moveq r0, 1",0
beq 0x97b8,0
b 0x979c,0
"tst r7, 0x2000",0
"moveq r0, 1",0
"movne r3, 8",0
"strbne r3, [r5, 4]",0
"movne r0, 1",0
b 0x97b8,0
"tst r7, 0x2000",0
"moveq r0, 1",0
"movne r3, 9",0
"strbne r3, [r5, 4]",0
"movne r0, 1",0
b 0x97b8,0
"mov r3, 0x14",0
"strb r3, [r5, 4]",0
"mov r0, 1",0
b 0x97b8,0
"mov r3, 5",0
"strb r3, [r5, 4]",0
"mov r0, 1",0
b 0x97b8,0
"ldr r3, [0x000097c4]        ; [0x97c4:4]=0x800008",0
"and r3, r7, r3",0
"cmp r3, 0",0
bne 0x96dc,0
"ldr r3, [r4, 0x28]",0
"cmp r3, 0",0
beq 0x96dc,0
"ldr r2, [r4, 4]",0
"add r3, r2, r3",0
"ldrb r3, [r3, -1]",0
"tst r7, 0x800",0
"moveq r0, 1",0
beq 0x97b8,0
"cmp r3, 0xa",0
"movne r0, 1",0
bne 0x97b8,0
"mov r3, 0xc",0
"strb r3, [r5, 4]",0
"mov r3, 0x10",0
"str r3, [r5]",0
"mov r0, 1",0
b 0x97b8,0
"tst r7, 8",0
bne 0x9744,0
"ldr r3, [r4, 0x28]",0
"add r3, r3, 1",0
"ldr r2, [r4, 0x30]",0
"cmp r3, r2",0
beq 0x9744,0
"str r3, [r4, 0x28]",0
"mov r0, sp",0
"mov r1, r4",0
"mov r2, r7",0
bl 0x8db8,0
"ldr r3, [r4, 0x28]",0
"sub r3, r3, 1",0
"str r3, [r4, 0x28]",0
"ldrb r3, [sp, 4]",0
"sub r3, r3, 9",0
"cmp r3, 1",0
"movhi r0, 1",0
bhi 0x97b8,0
"mov r3, 0xc",0
"strb r3, [r5, 4]",0
"mov r3, 0x20",0
"str r3, [r5]",0
"mov r0, 1",0
b 0x97b8,0
"mov r0, 2",0
b 0x97b8,0
"mov r0, 2",0
b 0x97b8,0
"mov r0, 2",0
b 0x97b8,0
"mov r0, 2",0
b 0x97b8,0
"mov r0, 2",0
b 0x97b8,0
"mov r0, 1",0
b 0x97b8,0
"mov r0, 1",0
b 0x97b8,0
"mov r0, 1",0
b 0x97b8,0
"mov r0, 1",0
b 0x97b8,0
"ldr r1, [r4]",0
"ldr r3, [r4, 0x18]",0
"add r2, r1, r2",0
"ldrb r6, [r2, r3]",0
b 0x8ef4,0
"add sp, sp, 8",0
"pop {r4, r5, r6, r7, r8, pc}",0
"andeq r0, r0, r2, lsl 8",0
"addeq r0, r0, r8",0
"push {r3, r4, r5, lr}",0
"mov r4, r1",0
"ldr r5, [r1, 0x28]",0
bl 0x8db8,0
"add r0, r0, r5",0
"str r0, [r4, 0x28]",0
"pop {r3, r4, r5, pc}",0
"push {r4, r5, r6, r7, r8, lr}",0
"mov r7, r0",0
"mov r4, r1",0
"mov r6, r2",0
"mvn r5, 0",0
"mvn r8, 1",0
b 0x9800,0
"mov r0, r4",0
"mov r1, r7",0
"mov r2, r6",0
bl 0x97c8,0
"ldrb ip, [r4]",0
"ldrb r3, [r4, 4]",0
"cmp r3, 2",0
beq 0x9878,0
"cmp r3, 0x18",0
beq 0x987c,0
"cmp ip, 0x2c",0
beq 0x987c,0
"cmp r3, 1",0
"movne r5, r8",0
bne 0x9800,0
"sub r3, ip, 0x30",0
"cmp r3, 9",0
"movhi r5, r8",0
bhi 0x9800,0
"cmn r5, 2",0
beq 0x9800,0
"cmn r5, 1",0
"moveq r5, r3",0
beq 0x9800,0
"sub ip, ip, 0x30",0
"add r5, r5, r5, lsl 2",0
"add r5, ip, r5, lsl 1",0
"cmp r5, 0x8000",0
"movhs r5, 0x8000",0
b 0x9800,0
"mvn r5, 1",0
"mov r0, r5",0
"pop {r4, r5, r6, r7, r8, pc}",0
"push {r4, r5, r6, r7, r8, sb, sl, fp, lr}",0
"sub sp, sp, 0x14",0
"str r0, [sp, 0xc]",0
"mov r8, r1",0
"mov r5, r2",0
"mov r6, r3",0
"ldr r3, [r2, 4]",0
"cmp r3, 0",0
"moveq r7, 0",0
"streq r7, [r0]",0
beq 0x9b20,0
"mov r0, r2",0
"mov r1, r6",0
bl 0x56f0,0
"mov sl, r0",0
"ldr r3, [r8, 0x44]",0
"and r3, r0, r3",0
"add r3, r3, r3, lsl 1",0
"lsl r3, r3, 2",0
"ldr r2, [r8, 0x20]",0
"add r1, r2, r3",0
"ldr fp, [r2, r3]",0
"cmp fp, 0",0
beq 0x9930,0
"ldr sb, [r1, 8]",0
"sub sb, sb, 4",0
"mov r4, 0",0
"ldr r7, [sb, 4]!",0
"ldr r3, [r7]",0
"cmp r3, sl",0
bne 0x9924,0
"ldrb r3, [r7, 0x34]",0
"and r3, r3, 0xf",0
"cmp r3, r6",0
bne 0x9924,0
"ldr r0, [r7, 0x28]",0
"mov r1, r5",0
bl 0x558c,0
"cmp r0, 0",0
bne 0x9b20,0
"add r4, r4, 1",0
"cmp r4, fp",0
bne 0x98f0,0
"mov r0, 0x38                ; '8'",0
"mov r1, 1",0
bl 0x1194,0
"subs r7, r0, 0",0
beq 0x9b10,0
"add fp, r7, 4",0
"mov r0, fp",0
"mov r1, r5",0
bl 0x7ab0,0
"cmp r0, 0",0
beq 0x9968,0
"mov r0, r7",0
bl 0x1230,0
b 0x9b10,0
"ldrb r3, [r7, 0x34]",0
"and r2, r6, 0xf",0
"bic r3, r3, 0xf",0
"orr r3, r2, r3",0
"strb r3, [r7, 0x34]",0
"str fp, [r7, 0x28]",0
"ldr r3, [r5, 4]",0
"cmp r3, 0",0
beq 0x9af0,0
"mov sb, 0",0
"mov r4, sb",0
"and r2, r6, 4",0
"str r2, [sp, 4]",0
"and r3, r6, 2",0
"str r3, [sp]",0
"and r6, r6, 1",0
"str sl, [sp, 8]",0
"mov sl, r6",0
"ldr r3, [r5, 8]",0
"ldr r2, [r3, r4, lsl 2]",0
"ldr r3, [r8]",0
"add r3, r3, r2, lsl 3",0
"ldrb r2, [r3, 4]",0
"ldr r6, [r3, 4]",0
"lsl r6, r6, 0xe",0
"lsrs r6, r6, 0x16",0
"movne r1, 0",0
"moveq r1, 1",0
"cmp r2, 1",0
"movne r1, 0",0
"andeq r1, r1, 1",0
"cmp r1, 0",0
bne 0x9adc,0
"ldrb r0, [r3, 6]",0
"ldrb r3, [r7, 0x34]",0
"lsr r1, r3, 5",0
"orr r1, r1, r0, lsr 4",0
"and r1, r1, 1",0
"bic r3, r3, 0x20",0
"orr r3, r3, r1, lsl 5",0
"strb r3, [r7, 0x34]",0
"cmp r2, 2",0
"andeq r3, r3, 0xff",0
"orreq r3, r3, 0x10",0
"strbeq r3, [r7, 0x34]",0
beq 0x9a30,0
"cmp r2, 4",0
"ldrbeq r3, [r7, 0x34]",0
"orreq r3, r3, 0x40",0
"strbeq r3, [r7, 0x34]",0
"cmp r6, 0",0
beq 0x9adc,0
"ldr r3, [r7, 0x28]",0
"cmp fp, r3",0
bne 0x9a84,0
"mov r0, 0xc",0
bl 0x1344,0
"str r0, [r7, 0x28]",0
"cmp r0, 0",0
bne 0x9a64,0
"mov r0, r7",0
bl 0x65d8,0
b 0x9b10,0
"mov r1, r5",0
bl 0x7ab0,0
"cmp r0, 0",0
bne 0x9b10,0
"ldrb r3, [r7, 0x34]",0
"orr r3, r3, 0x80",0
"strb r3, [r7, 0x34]",0
"mov sb, 0",0
"tst r6, 1",0
beq 0x9a94,0
"cmp sl, 0",0
beq 0x9acc,0
"tst r6, 2",0
beq 0x9aa4,0
"cmp sl, 0",0
bne 0x9acc,0
"tst r6, 0x10",0
beq 0x9ab8,0
"ldr r2, [sp]",0
"cmp r2, 0",0
beq 0x9acc,0
"tst r6, 0x40",0
beq 0x9adc,0
"ldr r3, [sp, 4]",0
"cmp r3, 0",0
bne 0x9adc,0
"mov r0, fp",0
"rsb r1, sb, r4",0
bl 0x56a8,0
"add sb, sb, 1",0
"add r4, r4, 1",0
"ldr r3, [r5, 4]",0
"cmp r4, r3",0
blo 0x99b0,0
"ldr sl, [sp, 8]",0
"mov r0, r8",0
"mov r1, r7",0
"mov r2, sl",0
bl 0x6d98,0
"cmp r0, 0",0
beq 0x9b20,0
"mov r0, r7",0
bl 0x65d8,0
"mov r3, 0xc",0
"ldr r2, [sp, 0xc]",0
"str r3, [r2]",0
"mov r7, 0",0
"mov r0, r7",0
"add sp, sp, 0x14",0
"pop {r4, r5, r6, r7, r8, sb, sl, fp, pc}",0
"push {r4, r5, r6, r7, r8, sb, sl, fp, lr}",0
"sub sp, sp, 0xc",0
"mov r8, r0",0
"mov r6, r1",0
"mov sl, r2",0
"ldr r7, [r0, 0x54]",0
"ldr r3, [r1, 4]",0
"cmp r3, 0",0
beq 0x9c3c,0
"mov r4, 0",0
"mov sb, 1",0
"mov fp, 0x18",0
"ldr r3, [r6, 8]",0
"ldr r5, [r3, r4, lsl 2]",0
"ldr r3, [r7]",0
"add r2, r3, r5, lsl 3",0
"ldrb r2, [r2, 4]",0
"cmp r2, 8",0
bne 0x9c24,0
"ldr r3, [r3, r5, lsl 3]",0
"cmp r3, 0x1f",0
bhi 0x9c24,0
"ldr r2, [r7, 0x50]",0
"lsr r3, r2, r3",0
"tst r3, 1",0
beq 0x9c24,0
"ldr r1, [r8, 0x7c]",0
"ldr r3, [r8, 0x80]",0
"cmp r1, r3",0
bne 0x9bcc,0
"lsl r2, r1, 1",0
"str r2, [sp]",0
"ldr r0, [r8, 0x84]",0
"lsl r1, r1, 3",0
bl 0x12b4,0
"cmp r0, 0",0
beq 0x9c44,0
"str r0, [r8, 0x84]",0
"ldr r3, [sp]",0
"str r3, [r8, 0x80]",0
"ldr r2, [r8, 0x7c]",0
"str r2, [sp]",0
"ldr r3, [r8, 0x84]",0
"str r3, [sp, 4]",0
"mov r0, sb",0
"mov r1, fp",0
bl 0x1194,0
"ldr r2, [sp]",0
"ldr r3, [sp, 4]",0
"str r0, [r3, r2, lsl 2]",0
"ldr r2, [r8, 0x7c]",0
"ldr r3, [r8, 0x84]",0
"ldr r3, [r3, r2, lsl 2]",0
"cmp r3, 0",0
beq 0x9c44,0
"str r5, [r3, 4]",0
"ldr r3, [r8, 0x7c]",0
"ldr r2, [r8, 0x84]",0
"ldr r2, [r2, r3, lsl 2]",0
"str sl, [r2]",0
"add r3, r3, 1",0
"str r3, [r8, 0x7c]",0
"add r4, r4, 1",0
"ldr r3, [r6, 4]",0
"cmp r3, r4",0
bhi 0x9b5c,0
"mov r0, 0",0
b 0x9c48,0
"mov r0, 0",0
b 0x9c48,0
"mov r0, 0xc",0
"add sp, sp, 0xc",0
"pop {r4, r5, r6, r7, r8, sb, sl, fp, pc}",0
"push {r3, r4, r5, r6, r7, r8, sb, sl, fp, lr}",0
"mov fp, r0",0
"mov sb, r1",0
"mov r7, r2",0
"ldr r3, [r2, 4]",0
"cmp r3, 0",0
"moveq r5, 0",0
"streq r5, [r0]",0
beq 0x9e2c,0
"mov r0, r2",0
"mov r1, 0",0
bl 0x56f0,0
"mov r8, r0",0
"ldr r3, [sb, 0x44]",0
"and r3, r0, r3",0
"add r3, r3, r3, lsl 1",0
"lsl r3, r3, 2",0
"ldr r2, [sb, 0x20]",0
"add r1, r2, r3",0
"ldr sl, [r2, r3]",0
"cmp sl, 0",0
beq 0x9ce4,0
"ldr r6, [r1, 8]",0
"sub r6, r6, 4",0
"mov r4, 0",0
"ldr r5, [r6, 4]!",0
"ldr r3, [r5]",0
"cmp r3, r8",0
bne 0x9cd8,0
"add r0, r5, 4",0
"mov r1, r7",0
bl 0x558c,0
"cmp r0, 0",0
bne 0x9e2c,0
"add r4, r4, 1",0
"cmp r4, sl",0
bne 0x9cb4,0
"mov r0, 0x38                ; '8'",0
"mov r1, 1",0
bl 0x1194,0
"subs r5, r0, 0",0
beq 0x9e20,0
"add r4, r5, 4",0
"mov r0, r4",0
"mov r1, r7",0
bl 0x7ab0,0
"cmp r0, 0",0
beq 0x9d1c,0
"mov r0, r5",0
bl 0x1230,0
b 0x9e20,0
"str r4, [r5, 0x28]",0
"ldr r3, [r7, 4]",0
"cmp r3, 0",0
beq 0x9dd8,0
"mov r3, 0",0
"ldr ip, [0x00009e34]        ; [0x9e34:4]=0x3ff00",0
"ldr r2, [r7, 8]",0
"ldr r1, [r2, r3, lsl 2]",0
"ldr r2, [sb]",0
"add r1, r2, r1, lsl 3",0
"ldrb r2, [r1, 4]",0
"cmp r2, 1",0
bne 0x9d60,0
"ldr r2, [r1, 4]",0
"tst r2, ip",0
beq 0x9dc8,0
b 0x9dfc,0
"ldrb r4, [r1, 6]",0
"ldrb r0, [r5, 0x34]",0
"lsr lr, r0, 5",0
"orr lr, lr, r4, lsr 4",0
"and lr, lr, 1",0
"bic r0, r0, 0x20",0
"orr r0, r0, lr, lsl 5",0
"strb r0, [r5, 0x34]",0
"cmp r2, 2",0
"andeq r2, r0, 0xff",0
"orreq r2, r2, 0x10",0
"strbeq r2, [r5, 0x34]",0
beq 0x9dc8,0
"cmp r2, 4",0
"ldrbeq r2, [r5, 0x34]",0
"orreq r2, r2, 0x40",0
"strbeq r2, [r5, 0x34]",0
beq 0x9dc8,0
"cmp r2, 0xc",0
beq 0x9dbc,0
"ldr r2, [r1, 4]",0
"tst r2, ip",0
beq 0x9dc8,0
"ldrb r2, [r5, 0x34]",0
"orr r2, r2, 0x80",0
"strb r2, [r5, 0x34]",0
"add r3, r3, 1",0
"ldr r2, [r7, 4]",0
"cmp r3, r2",0
blo 0x9d34,0
"mov r0, sb",0
"mov r1, r5",0
"mov r2, r8",0
bl 0x6d98,0
"cmp r0, 0",0
beq 0x9e2c,0
"mov r0, r5",0
bl 0x65d8,0
b 0x9e20,0
"ldrb r2, [r5, 0x34]",0
"ldrb r0, [r1, 6]",0
"lsr r0, r0, 4",0
"orr r0, r0, r2, lsr 5",0
"and r0, r0, 1",0
"bic r2, r2, 0x20",0
"orr r2, r2, r0, lsl 5",0
"strb r2, [r5, 0x34]",0
b 0x9db0,0
"mov r3, 0xc",0
"str r3, [fp]",0
"mov r5, 0",0
"mov r0, r5",0
"pop {r3, r4, r5, r6, r7, r8, sb, sl, fp, pc}",0
"andeq pc, r3, r0, lsl 30",0
"push {r4, r5, r6, r7, r8, sb, sl, fp, lr}",0
"sub sp, sp, 0x24",0
"mov sl, r0",0
"mov r7, r1",0
"mov r8, r2",0
"str r3, [sp, 0xc]",0
"ldr sb, [r0, 0x54]",0
"mov r1, r2",0
bl 0x5cb4,0
"cmn r0, 1",0
"moveq r4, 0",0
beq 0xa04c,0
"add r0, r0, r0, lsl 2",0
"lsl r0, r0, 2",0
"str r0, [sp, 8]",0
"ldr r4, [sl, 0x74]",0
"ldr r3, [sp, 8]",0
"add r4, r4, r3",0
"add r4, r4, 0x14",0
"mov r5, r4",0
"ldr fp, [r4, -0x14]",0
"mov r0, r7",0
"mov r1, fp",0
bl 0x5608,0
"cmp r0, 0",0
beq 0xa034,0
"ldr r6, [r4, -8]",0
"add r6, r8, r6",0
"ldr r3, [r4, -0xc]",0
"rsb r6, r3, r6",0
"cmp r6, r8",0
bne 0x9f48,0
"ldr r3, [sb, 0x14]",0
"add fp, fp, fp, lsl 1",0
"add fp, r3, fp, lsl 2",0
"ldr r3, [fp, 8]",0
"ldr r6, [r3]",0
"mov r0, r7",0
"mov r1, r6",0
bl 0x5608,0
"cmp r0, 0",0
bne 0xa034,0
"add r0, sp, 0x10",0
"mov r1, r6",0
bl 0x61e8,0
"str r0, [sp, 0x1c]",0
"mov r0, sb",0
"add r1, sp, 0x10",0
"ldr r2, [sp, 0xc]",0
"ldr r3, [sp, 0x48]",0
bl 0x7260,0
"mov r4, r0",0
"mov r0, r7",0
"add r1, sp, 0x10",0
bl 0x6e90,0
"mov r5, r0",0
"ldr r0, [sp, 0x18]",0
bl 0x1230,0
"ldr r3, [sp, 0x1c]",0
"orr r2, r4, r5",0
"orrs r2, r2, r3",0
beq 0x9e74,0
"cmp r3, 0",0
"movne r4, r3",0
bne 0xa04c,0
"cmp r4, 0",0
"moveq r4, r5",0
b 0xa04c,0
"ldr r3, [sb, 0xc]",0
"ldr r3, [r3, fp, lsl 2]",0
"str r3, [sp, 4]",0
"ldr r3, [sl, 0x64]",0
"ldr fp, [r3, r6, lsl 2]",0
"cmp fp, 0",0
beq 0x9fcc,0
"add fp, fp, 4",0
"mov r0, fp",0
"ldr r1, [sp, 4]",0
bl 0x5608,0
"cmp r0, 0",0
bne 0xa034,0
"add r0, sp, 0x10",0
"mov r1, fp",0
bl 0x7ab0,0
"str r0, [sp, 0x1c]",0
"add r0, sp, 0x10",0
"ldr r1, [sp, 4]",0
bl 0x7044,0
"eor r0, r0, 1",0
"ldr r3, [sp, 0x1c]",0
"cmp r3, 0",0
"moveq r3, r0",0
"orrne r3, r0, 1",0
"tst r3, 0xff",0
beq 0x9fe4,0
"ldr r0, [sp, 0x18]",0
bl 0x1230,0
"ldr r4, [sp, 0x1c]",0
"cmp r4, 0",0
"moveq r4, 0xc",0
b 0xa04c,0
"add r0, sp, 0x10",0
"ldr r1, [sp, 4]",0
bl 0x61e8,0
"str r0, [sp, 0x1c]",0
"cmp r0, 0",0
bne 0xa024,0
"ldr fp, [sl, 0x64]",0
"add r0, sp, 0x1c",0
"mov r1, sb",0
"add r2, sp, 0x10",0
bl 0x9c50,0
"str r0, [fp, r6, lsl 2]",0
"ldr r0, [sp, 0x18]",0
bl 0x1230,0
"ldr r3, [sl, 0x64]",0
"ldr r3, [r3, r6, lsl 2]",0
"cmp r3, 0",0
bne 0xa034,0
"ldr r3, [sp, 0x1c]",0
"cmp r3, 0",0
beq 0xa034,0
b 0xa02c,0
"mov r4, r0",0
b 0xa04c,0
"mov r4, r3",0
b 0xa04c,0
"add r4, r4, 0x14",0
"ldrb r3, [r5, -4]",0
"cmp r3, 0",0
bne 0x9e84,0
"mov r4, 0",0
b 0xa04c,0
"mov r0, r4",0
"add sp, sp, 0x24",0
"pop {r4, r5, r6, r7, r8, sb, sl, fp, pc}",0
"push {r4, r5, r6, r7, r8, sl, lr}",0
"sub sp, sp, 0x14",0
"mov sl, r0",0
"mov r7, r2",0
"subs r8, r3, 0",0
beq 0xa0fc,0
"mov r6, r1",0
"mov r4, 0",0
"mov r5, r4",0
"ldr r1, [r6], 4",0
"cmp r1, 0",0
"ldreq r3, [r7, r4]",0
"streq r3, [r6, -4]",0
beq 0xa0e4,0
"ldr r2, [r7, r4]",0
"cmp r2, 0",0
beq 0xa0e4,0
"mov r0, sp",0
"add r1, r1, 4",0
"add r2, r2, 4",0
bl 0x7b58,0
"str r0, [sp, 0xc]",0
"cmp r0, 0",0
bne 0xa100,0
"add r0, sp, 0xc",0
"mov r1, sl",0
"mov r2, sp",0
bl 0x9c50,0
"str r0, [r6, -4]",0
"ldr r0, [sp, 8]",0
bl 0x1230,0
"ldr r3, [sp, 0xc]",0
"cmp r3, 0",0
"movne r0, r3",0
bne 0xa100,0
"add r5, r5, 1",0
"add r4, r4, 4",0
"cmp r5, r8",0
bne 0xa07c,0
"mov r0, 0",0
b 0xa100,0
"mov r0, 0",0
"add sp, sp, 0x14",0
"pop {r4, r5, r6, r7, r8, sl, pc}",0
"push {r4, r5, r6, r7, r8, sb, sl, lr}",0
"mov r8, r0",0
"mov sb, r1",0
"mov r7, r2",0
"mov r6, r3",0
"ldr sl, [r0]",0
"add r3, sl, r1, lsl 3",0
"ldrb r5, [r3, 4]",0
"cmp r5, 7",0
bne 0xa22c,0
"ldr r2, [r2, 4]",0
"add r0, r2, r6",0
"ldrb r3, [r2, r6]",0
"cmp r3, 0xc1",0
"movls r4, 0",0
bls 0xa41c,0
"ldr r1, [r7, 0x30]",0
"add ip, r6, 2",0
"cmp ip, r1",0
"movhi r4, 0",0
bhi 0xa41c,0
"ldrb r2, [r0, 1]",0
"cmp r3, 0xdf",0
bhi 0xa180,0
"sub r2, r2, 0x80",0
"and r2, r2, 0xff",0
"cmp r2, 0x3f",0
"movls r4, 2",0
"movhi r4, 0",0
b 0xa41c,0
"cmp r3, 0xef",0
bhi 0xa19c,0
"cmp r2, 0x9f",0
"cmpls r3, 0xe0",0
"movne r4, 3",0
bne 0xa1f4,0
b 0xa3c4,0
"cmp r3, 0xf7",0
bhi 0xa1b8,0
"cmp r2, 0x8f",0
"cmpls r3, 0xf0",0
"movne r4, 4",0
bne 0xa1f4,0
b 0xa3cc,0
"cmp r3, 0xfb",0
bhi 0xa1d4,0
"cmp r2, 0x87",0
"cmpls r3, 0xf8",0
"movne r4, 5",0
bne 0xa1f4,0
b 0xa3d4,0
"cmp r3, 0xfd",0
"movhi r4, 0",0
bhi 0xa41c,0
"cmp r2, 0x83",0
"cmpls r3, 0xfc",0
"moveq r4, 0",0
beq 0xa41c,0
"mov r4, 6",0
"mov r2, r4",0
"add r6, r4, r6",0
"cmp r1, r6",0
"movhs r3, 1",0
bhs 0xa220,0
b 0xa3dc,0
"ldrb r1, [r0, r3]",0
"eor r1, r1, 0x80",0
"cmp r1, 0x3f",0
bhi 0xa3e4,0
"add r3, r3, 1",0
"cmp r3, r2",0
blo 0xa20c,0
b 0xa41c,0
"mov r0, r2",0
"mov r1, r6",0
bl 0x5440,0
"mov r4, r0",0
"cmp r5, 5",0
bne 0xa28c,0
"cmp r0, 1",0
"movle r4, 0",0
ble 0xa41c,0
"ldr r3, [r8, 0x80]",0
"tst r3, 0x40",0
bne 0xa270,0
"ldr r2, [r7, 4]",0
"ldrb r2, [r2, r6]",0
"cmp r2, 0xa",0
"moveq r4, 0",0
beq 0xa41c,0
"tst r3, 0x80",0
beq 0xa41c,0
"ldr r3, [r7, 4]",0
"ldrb r3, [r3, r6]",0
"cmp r3, 0",0
"moveq r4, 0",0
b 0xa41c,0
"cmp r0, 1",0
"movle r4, 0",0
ble 0xa41c,0
"cmp r5, 6",0
"movne r4, 0",0
bne 0xa41c,0
"ldr r8, [sl, sb, lsl 3]",0
"ldr r3, [r8, 0x20]",0
"cmp r3, 0",0
bne 0xa2d4,0
"ldr r3, [r8, 0x24]",0
"cmp r3, 0",0
bne 0xa2d4,0
"ldr r3, [r8, 0x14]",0
"cmp r3, 0",0
"moveq r5, 0",0
beq 0xa358,0
b 0xa404,0
"mov r0, r7",0
"mov r1, r6",0
bl 0x54b4,0
"mov r5, r0",0
"ldr r0, [r8, 0x14]",0
"cmp r0, 0",0
beq 0xa320,0
"ldr r2, [r8]",0
"ldr r3, [r2]",0
"cmp r5, r3",0
beq 0xa3a0,0
"mov r3, 0",0
b 0xa314,0
"ldr r1, [r2, 4]!",0
"cmp r5, r1",0
beq 0xa3a0,0
"add r3, r3, 1",0
"cmp r3, r0",0
bne 0xa308,0
"ldr r3, [r8, 0x24]",0
"cmp r3, 0",0
beq 0xa358,0
"mov r6, 0",0
"ldr r3, [r8, 0xc]",0
"mov r0, r5",0
"ldr r1, [r3, r6, lsl 2]",0
bl 0x11d0,0
"cmp r0, 0",0
bne 0xa3a0,0
"add r6, r6, 1",0
"ldr r3, [r8, 0x24]",0
"cmp r3, r6",0
bhi 0xa330,0
"ldr r0, [r8, 0x20]",0
"cmp r0, 0",0
beq 0xa3f4,0
"ldr ip, [r8, 4]",0
"mov r3, 0",0
"mov r2, r3",0
"ldr r1, [ip, r3]",0
"cmp r5, r1",0
blo 0xa38c,0
"ldr r1, [r8, 8]",0
"ldr r1, [r1, r3]",0
"cmp r5, r1",0
bls 0xa3a0,0
"add r2, r2, 1",0
"add r3, r3, 4",0
"cmp r2, r0",0
bne 0xa370,0
b 0xa3f4,0
"ldrb r3, [r8, 0x10]",0
"tst r3, 1",0
beq 0xa41c,0
"cmp r4, 0",0
"movgt r4, 0",0
bgt 0xa41c,0
"cmp r4, 1",0
"movlt r4, 1",0
b 0xa41c,0
"mov r4, 0",0
b 0xa41c,0
"mov r4, 0",0
b 0xa41c,0
"mov r4, 0",0
b 0xa41c,0
"mov r4, 0",0
b 0xa41c,0
"mov r4, 0",0
b 0xa41c,0
"mov r4, 0",0
b 0xa41c,0
"ldrb r3, [r8, 0x10]",0
"tst r3, 1",0
bne 0xa3b8,0
b 0xa3ec,0
"mov r0, r7",0
"mov r1, r6",0
bl 0x54b4,0
"mov r5, r0",0
"ldr r0, [r8, 0x14]",0
b 0xa2f0,0
"mov r0, r4",0
"pop {r4, r5, r6, r7, r8, sb, sl, pc}",0
"push {r3, r4, r5, r6, r7, r8, sl, lr}",0
"mov r8, r0",0
"mov r6, r1",0
"mov r4, r2",0
"mov r7, r3",0
"ldr r5, [sp, 0x20]",0
"ldr r3, [sp, 0x24]",0
"tst r3, 0x400000",0
beq 0xa47c,0
"mov r0, r5",0
"ldr r1, [0x0000ac2c]        ; [0xac2c:4]=0x1c748",0
bl 0x11e8,0
"cmp r0, 0",0
beq 0xa478,0
"mov r0, r5",0
"ldr r1, [0x0000ac30]        ; [0xac30:4]=0x1c750",0
bl 0x11e8,0
"ldr r3, [0x0000ac34]        ; [0xac34:4]=0x1c740",0
"cmp r0, 0",0
"moveq r5, r3",0
b 0xa47c,0
"ldr r5, [0x0000ac34]        ; [0xac34:4]=0x1c740",0
"ldr r3, [r7]",0
"ldr r2, [r4, 0x24]",0
"cmp r3, r2",0
bne 0xa4b0,0
"lsl r3, r3, 1",0
"add sl, r3, 1",0
"ldr r0, [r4, 0xc]",0
"lsl r1, sl, 2",0
bl 0x12b4,0
"cmp r0, 0",0
beq 0xac1c,0
"str r0, [r4, 0xc]",0
"str sl, [r7]",0
"ldr r7, [r4, 0x24]",0
"ldr sl, [r4, 0xc]",0
"mov r0, r5",0
bl 0x11ac,0
"str r0, [sl, r7, lsl 2]",0
"add r7, r7, 1",0
"str r7, [r4, 0x24]",0
"mov r0, r5",0
"ldr r1, [0x0000ac38]        ; [0xac38:4]=0x1c758",0
bl 0x11e8,0
"cmp r0, 0",0
bne 0xa568,0
"cmp r8, 0",0
beq 0xa528,0
bl 0x1398,0
"mov r5, r0",0
"mov r4, 0",0
"ldr r2, [r5]",0
"lsl r3, r4, 1",0
"ldrh r3, [r2, r3]",0
"tst r3, 8",0
beq 0xa514,0
"mov r0, r6",0
"ldrb r1, [r8, r4]",0
bl 0x538c,0
"add r4, r4, 1",0
"cmp r4, 0x100",0
bne 0xa4f4,0
"mov r0, 0",0
"pop {r3, r4, r5, r6, r7, r8, sl, pc}",0
bl 0x1398,0
"mov r5, r0",0
"mov r4, 0",0
"ldr r2, [r5]",0
"lsl r3, r4, 1",0
"ldrh r3, [r2, r3]",0
"tst r3, 8",0
beq 0xa554,0
"mov r0, r6",0
"mov r1, r4",0
bl 0x538c,0
"add r4, r4, 1",0
"cmp r4, 0x100",0
bne 0xa534,0
"mov r0, 0",0
"pop {r3, r4, r5, r6, r7, r8, sl, pc}",0
"mov r0, r5",0
"ldr r1, [0x0000ac3c]        ; [0xac3c:4]=0x1c760",0
bl 0x11e8,0
"cmp r0, 0",0
bne 0xa604,0
"cmp r8, 0",0
beq 0xa5c4,0
bl 0x1398,0
"mov r5, r0",0
"mov r4, 0",0
"ldr r2, [r5]",0
"lsl r3, r4, 1",0
"ldrh r3, [r2, r3]",0
"tst r3, 2",0
beq 0xa5b0,0
"mov r0, r6",0
"ldrb r1, [r8, r4]",0
bl 0x538c,0
"add r4, r4, 1",0
"cmp r4, 0x100",0
bne 0xa590,0
"mov r0, 0",0
"pop {r3, r4, r5, r6, r7, r8, sl, pc}",0
bl 0x1398,0
"mov r5, r0",0
"mov r4, 0",0
"ldr r2, [r5]",0
"lsl r3, r4, 1",0
"ldrh r3, [r2, r3]",0
"tst r3, 2",0
beq 0xa5f0,0
"mov r0, r6",0
"mov r1, r4",0
bl 0x538c,0
"add r4, r4, 1",0
"cmp r4, 0x100",0
bne 0xa5d0,0
"mov r0, 0",0
"pop {r3, r4, r5, r6, r7, r8, sl, pc}",0
"mov r0, r5",0
"ldr r1, [0x0000ac30]        ; [0xac30:4]=0x1c750",0
bl 0x11e8,0
"cmp r0, 0",0
bne 0xa6a0,0
"cmp r8, 0",0
beq 0xa660,0
bl 0x1398,0
"mov r5, r0",0
"mov r4, 0",0
"ldr r2, [r5]",0
"lsl r3, r4, 1",0
"ldrh r3, [r2, r3]",0
"tst r3, 0x200",0
beq 0xa64c,0
"mov r0, r6",0
"ldrb r1, [r8, r4]",0
bl 0x538c,0
"add r4, r4, 1",0
"cmp r4, 0x100",0
bne 0xa62c,0
"mov r0, 0",0
"pop {r3, r4, r5, r6, r7, r8, sl, pc}",0
bl 0x1398,0
"mov r5, r0",0
"mov r4, 0",0
"ldr r2, [r5]",0
"lsl r3, r4, 1",0
"ldrh r3, [r2, r3]",0
"tst r3, 0x200",0
beq 0xa68c,0
"mov r0, r6",0
"mov r1, r4",0
bl 0x538c,0
"add r4, r4, 1",0
"cmp r4, 0x100",0
bne 0xa66c,0
"mov r0, 0",0
"pop {r3, r4, r5, r6, r7, r8, sl, pc}",0
"mov r0, r5",0
"ldr r1, [0x0000ac40]        ; [0xac40:4]=0x1c768",0
bl 0x11e8,0
"cmp r0, 0",0
bne 0xa73c,0
"cmp r8, 0",0
beq 0xa6fc,0
bl 0x1398,0
"mov r5, r0",0
"mov r4, 0",0
"ldr r2, [r5]",0
"lsl r3, r4, 1",0
"ldrh r3, [r2, r3]",0
"tst r3, 0x2000",0
beq 0xa6e8,0
"mov r0, r6",0
"ldrb r1, [r8, r4]",0
bl 0x538c,0
"add r4, r4, 1",0
"cmp r4, 0x100",0
bne 0xa6c8,0
"mov r0, 0",0
"pop {r3, r4, r5, r6, r7, r8, sl, pc}",0
bl 0x1398,0
"mov r5, r0",0
"mov r4, 0",0
"ldr r2, [r5]",0
"lsl r3, r4, 1",0
"ldrh r3, [r2, r3]",0
"tst r3, 0x2000",0
beq 0xa728,0
"mov r0, r6",0
"mov r1, r4",0
bl 0x538c,0
"add r4, r4, 1",0
"cmp r4, 0x100",0
bne 0xa708,0
"mov r0, 0",0
"pop {r3, r4, r5, r6, r7, r8, sl, pc}",0
"mov r0, r5",0
"ldr r1, [0x0000ac34]        ; [0xac34:4]=0x1c740",0
bl 0x11e8,0
"cmp r0, 0",0
bne 0xa7d8,0
"cmp r8, 0",0
beq 0xa798,0
bl 0x1398,0
"mov r5, r0",0
"mov r4, 0",0
"ldr r2, [r5]",0
"lsl r3, r4, 1",0
"ldrh r3, [r2, r3]",0
"tst r3, 0x400",0
beq 0xa784,0
"mov r0, r6",0
"ldrb r1, [r8, r4]",0
bl 0x538c,0
"add r4, r4, 1",0
"cmp r4, 0x100",0
bne 0xa764,0
"mov r0, 0",0
"pop {r3, r4, r5, r6, r7, r8, sl, pc}",0
bl 0x1398,0
"mov r5, r0",0
"mov r4, 0",0
"ldr r2, [r5]",0
"lsl r3, r4, 1",0
"ldrh r3, [r2, r3]",0
"tst r3, 0x400",0
beq 0xa7c4,0
"mov r0, r6",0
"mov r1, r4",0
bl 0x538c,0
"add r4, r4, 1",0
"cmp r4, 0x100",0
bne 0xa7a4,0
"mov r0, 0",0
"pop {r3, r4, r5, r6, r7, r8, sl, pc}",0
"mov r0, r5",0
"ldr r1, [0x0000ac44]        ; [0xac44:4]=0x1c770",0
bl 0x11e8,0
"cmp r0, 0",0
bne 0xa874,0
"cmp r8, 0",0
beq 0xa834,0
bl 0x1398,0
"mov r5, r0",0
"mov r4, 0",0
"ldr r2, [r5]",0
"lsl r3, r4, 1",0
"ldrh r3, [r2, r3]",0
"tst r3, 0x800",0
beq 0xa820,0
"mov r0, r6",0
"ldrb r1, [r8, r4]",0
bl 0x538c,0
"add r4, r4, 1",0
"cmp r4, 0x100",0
bne 0xa800,0
"mov r0, 0",0
"pop {r3, r4, r5, r6, r7, r8, sl, pc}",0
bl 0x1398,0
"mov r5, r0",0
"mov r4, 0",0
"ldr r2, [r5]",0
"lsl r3, r4, 1",0
"ldrh r3, [r2, r3]",0
"tst r3, 0x800",0
beq 0xa860,0
"mov r0, r6",0
"mov r1, r4",0
bl 0x538c,0
"add r4, r4, 1",0
"cmp r4, 0x100",0
bne 0xa840,0
"mov r0, 0",0
"pop {r3, r4, r5, r6, r7, r8, sl, pc}",0
"mov r0, r5",0
"ldr r1, [0x0000ac48]        ; [0xac48:4]=0x1c778",0
bl 0x11e8,0
"cmp r0, 0",0
bne 0xa910,0
"cmp r8, 0",0
beq 0xa8d0,0
bl 0x1398,0
"mov r5, r0",0
"mov r4, 0",0
"ldr r2, [r5]",0
"lsl r3, r4, 1",0
"ldrh r3, [r2, r3]",0
"tst r3, 0x4000",0
beq 0xa8bc,0
"mov r0, r6",0
"ldrb r1, [r8, r4]",0
bl 0x538c,0
"add r4, r4, 1",0
"cmp r4, 0x100",0
bne 0xa89c,0
"mov r0, 0",0
"pop {r3, r4, r5, r6, r7, r8, sl, pc}",0
bl 0x1398,0
"mov r5, r0",0
"mov r4, 0",0
"ldr r2, [r5]",0
"lsl r3, r4, 1",0
"ldrh r3, [r2, r3]",0
"tst r3, 0x4000",0
beq 0xa8fc,0
"mov r0, r6",0
"mov r1, r4",0
bl 0x538c,0
"add r4, r4, 1",0
"cmp r4, 0x100",0
bne 0xa8dc,0
"mov r0, 0",0
"pop {r3, r4, r5, r6, r7, r8, sl, pc}",0
"mov r0, r5",0
"ldr r1, [0x0000ac2c]        ; [0xac2c:4]=0x1c748",0
bl 0x11e8,0
"cmp r0, 0",0
bne 0xa9ac,0
"cmp r8, 0",0
beq 0xa96c,0
bl 0x1398,0
"mov r5, r0",0
"mov r4, 0",0
"ldr r2, [r5]",0
"lsl r3, r4, 1",0
"ldrh r3, [r2, r3]",0
"tst r3, 0x100",0
beq 0xa958,0
"mov r0, r6",0
"ldrb r1, [r8, r4]",0
bl 0x538c,0
"add r4, r4, 1",0
"cmp r4, 0x100",0
bne 0xa938,0
"mov r0, 0",0
"pop {r3, r4, r5, r6, r7, r8, sl, pc}",0
bl 0x1398,0
"mov r5, r0",0
"mov r4, 0",0
"ldr r2, [r5]",0
"lsl r3, r4, 1",0
"ldrh r3, [r2, r3]",0
"tst r3, 0x100",0
beq 0xa998,0
"mov r0, r6",0
"mov r1, r4",0
bl 0x538c,0
"add r4, r4, 1",0
"cmp r4, 0x100",0
bne 0xa978,0
"mov r0, 0",0
"pop {r3, r4, r5, r6, r7, r8, sl, pc}",0
"mov r0, r5",0
"ldr r1, [0x0000ac4c]        ; [0xac4c:4]=0x1c780",0
bl 0x11e8,0
"cmp r0, 0",0
bne 0xaa48,0
"cmp r8, 0",0
beq 0xaa08,0
bl 0x1398,0
"mov r5, r0",0
"mov r4, 0",0
"ldr r2, [r5]",0
"lsl r3, r4, 1",0
"ldrh r3, [r2, r3]",0
"tst r3, 1",0
beq 0xa9f4,0
"mov r0, r6",0
"ldrb r1, [r8, r4]",0
bl 0x538c,0
"add r4, r4, 1",0
"cmp r4, 0x100",0
bne 0xa9d4,0
"mov r0, 0",0
"pop {r3, r4, r5, r6, r7, r8, sl, pc}",0
bl 0x1398,0
"mov r5, r0",0
"mov r4, 0",0
"ldr r2, [r5]",0
"lsl r3, r4, 1",0
"ldrh r3, [r2, r3]",0
"tst r3, 1",0
beq 0xaa34,0
"mov r0, r6",0
"mov r1, r4",0
bl 0x538c,0
"add r4, r4, 1",0
"cmp r4, 0x100",0
bne 0xaa14,0
"mov r0, 0",0
"pop {r3, r4, r5, r6, r7, r8, sl, pc}",0
"mov r0, r5",0
"ldr r1, [0x0000ac50]        ; [0xac50:4]=0x1c788",0
bl 0x11e8,0
"cmp r0, 0",0
bne 0xaae4,0
"cmp r8, 0",0
beq 0xaaa4,0
bl 0x1398,0
"mov r5, r0",0
"mov r4, 0",0
"ldr r2, [r5]",0
"lsl r3, r4, 1",0
"ldrsh r3, [r2, r3]",0
"cmp r3, 0",0
bge 0xaa90,0
"mov r0, r6",0
"ldrb r1, [r8, r4]",0
bl 0x538c,0
"add r4, r4, 1",0
"cmp r4, 0x100",0
bne 0xaa70,0
"mov r0, 0",0
"pop {r3, r4, r5, r6, r7, r8, sl, pc}",0
bl 0x1398,0
"mov r5, r0",0
"mov r4, 0",0
"ldr r2, [r5]",0
"lsl r3, r4, 1",0
"ldrsh r3, [r2, r3]",0
"cmp r3, 0",0
bge 0xaad0,0
"mov r0, r6",0
"mov r1, r4",0
bl 0x538c,0
"add r4, r4, 1",0
"cmp r4, 0x100",0
bne 0xaab0,0
"mov r0, 0",0
"pop {r3, r4, r5, r6, r7, r8, sl, pc}",0
"mov r0, r5",0
"ldr r1, [0x0000ac54]        ; [0xac54:4]=0x1c790",0
bl 0x11e8,0
"cmp r0, 0",0
bne 0xab80,0
"cmp r8, 0",0
beq 0xab40,0
bl 0x1398,0
"mov r5, r0",0
"mov r4, 0",0
"ldr r2, [r5]",0
"lsl r3, r4, 1",0
"ldrh r3, [r2, r3]",0
"tst r3, 4",0
beq 0xab2c,0
"mov r0, r6",0
"ldrb r1, [r8, r4]",0
bl 0x538c,0
"add r4, r4, 1",0
"cmp r4, 0x100",0
bne 0xab0c,0
"mov r0, 0",0
"pop {r3, r4, r5, r6, r7, r8, sl, pc}",0
bl 0x1398,0
"mov r5, r0",0
"mov r4, 0",0
"ldr r2, [r5]",0
"lsl r3, r4, 1",0
"ldrh r3, [r2, r3]",0
"tst r3, 4",0
beq 0xab6c,0
"mov r0, r6",0
"mov r1, r4",0
bl 0x538c,0
"add r4, r4, 1",0
"cmp r4, 0x100",0
bne 0xab4c,0
"mov r0, 0",0
"pop {r3, r4, r5, r6, r7, r8, sl, pc}",0
"mov r0, r5",0
"ldr r1, [0x0000ac58]        ; [0xac58:4]=0x1c798",0
bl 0x11e8,0
"cmp r0, 0",0
bne 0xac24,0
"cmp r8, 0",0
beq 0xabdc,0
bl 0x1398,0
"mov r5, r0",0
"mov r4, 0",0
"ldr r2, [r5]",0
"lsl r3, r4, 1",0
"ldrh r3, [r2, r3]",0
"tst r3, 0x1000",0
beq 0xabc8,0
"mov r0, r6",0
"ldrb r1, [r8, r4]",0
bl 0x538c,0
"add r4, r4, 1",0
"cmp r4, 0x100",0
bne 0xaba8,0
"mov r0, 0",0
"pop {r3, r4, r5, r6, r7, r8, sl, pc}",0
bl 0x1398,0
"mov r5, r0",0
"mov r4, 0",0
"ldr r2, [r5]",0
"lsl r3, r4, 1",0
"ldrh r3, [r2, r3]",0
"tst r3, 0x1000",0
beq 0xac08,0
"mov r0, r6",0
"mov r1, r4",0
bl 0x538c,0
"add r4, r4, 1",0
"cmp r4, 0x100",0
bne 0xabe8,0
"mov r0, 0",0
"pop {r3, r4, r5, r6, r7, r8, sl, pc}",0
"mov r0, 0xc",0
"pop {r3, r4, r5, r6, r7, r8, sl, pc}",0
"mov r0, 4",0
"pop {r3, r4, r5, r6, r7, r8, sl, pc}",0
"andeq ip, r1, r8, asr 14",0
"andeq ip, r1, r0, asr r7",0
"andeq ip, r1, r0, asr 14",0
"andeq ip, r1, r8, asr r7",0
"andeq ip, r1, r0, ror 14",0
"andeq ip, r1, r8, ror 14",0
"andeq ip, r1, r0, ror r7",0
"andeq ip, r1, r8, ror r7",0
"andeq ip, r1, r0, lsl 15",0
"andeq ip, r1, r8, lsl 15",0
"muleq r1, r0, r7",0
"muleq r1, r8, r7",0
"push {r4, r5, r6, r7, r8, sb, sl, lr}",0
"sub sp, sp, 0x18",0
"mov r6, r0",0
"mov sl, r1",0
"mov sb, r2",0
"mov r4, r3",0
"ldrb r8, [sp, 0x38]",0
"mov r3, 0",0
"str r3, [sp, 0x14]",0
"mov r0, 0x20",0
"mov r1, 1",0
bl 0x1194,0
"mov r5, r0",0
"mov r0, 0x28                ; '('",0
"mov r1, 1",0
bl 0x1194,0
"mov r7, r0",0
"cmp r5, 0",0
"cmpne r0, 0",0
bne 0xacc0,0
"mov r3, 0xc",0
"ldr r2, [sp, 0x3c]",0
"str r3, [r2]",0
"mov r4, 0",0
b 0xae10,0
"cmp r8, 0",0
"ldrbne r3, [r0, 0x10]",0
"orrne r3, r3, 1",0
"strbne r3, [r0, 0x10]",0
"str sb, [sp]",0
"mov r3, 0",0
"str r3, [sp, 4]",0
"mov r0, sl",0
"mov r1, r5",0
"mov r2, r7",0
"add r3, sp, 0x14",0
bl 0xa424,0
"subs sl, r0, 0",0
bne 0xad08,0
"ldrb r1, [r4]",0
"cmp r1, 0",0
bne 0xad28,0
b 0xad3c,0
"mov r0, r5",0
bl 0x1230,0
"mov r0, r7",0
bl 0x6770,0
"ldr r3, [sp, 0x3c]",0
"str sl, [r3]",0
"mov r4, 0",0
b 0xae10,0
"mov r0, r5",0
bl 0x538c,0
"ldrb r1, [r4, 1]!",0
"cmp r1, 0",0
bne 0xad28,0
"cmp r8, 0",0
beq 0xad4c,0
"mov r0, r5",0
bl 0x53dc,0
"ldr r3, [r6, 0x5c]",0
"cmp r3, 1",0
ble 0xad64,0
"mov r0, r5",0
"ldr r1, [r6, 0x3c]",0
bl 0x541c,0
"mov r3, 3",0
"strb r3, [sp, 0x10]",0
"add r3, sp, 0x18",0
"str r5, [r3, -0xc]!",0
"mov r0, r6",0
"mov r1, 0",0
"mov r2, r1",0
bl 0x622c,0
"subs r4, r0, 0",0
beq 0xadf0,0
"ldr r3, [r6, 0x5c]",0
"cmp r3, 1",0
ble 0xade4,0
"mov r3, 6",0
"strb r3, [sp, 0x10]",0
"add r3, sp, 0x18",0
"str r7, [r3, -0xc]!",0
"ldrb r2, [r6, 0x58]",0
"orr r2, r2, 2",0
"strb r2, [r6, 0x58]",0
"mov r0, r6",0
"mov r1, 0",0
"mov r2, r1",0
bl 0x622c,0
"subs r2, r0, 0",0
beq 0xadf0,0
"mov r0, r6",0
"mov r1, r4",0
"mov r3, 0xa",0
bl 0x63a0,0
"mov r4, r0",0
b 0xae10,0
"mov r0, r7",0
bl 0x6770,0
b 0xae10,0
"mov r0, r5",0
bl 0x1230,0
"mov r0, r7",0
bl 0x6770,0
"mov r3, 0xc",0
"ldr r2, [sp, 0x3c]",0
"str r3, [r2]",0
"mov r4, 0",0
"mov r0, r4",0
"add sp, sp, 0x18",0
"pop {r4, r5, r6, r7, r8, sb, sl, pc}",0
"push {r4, r5, r6, r7, r8, sb, sl, fp, lr}",0
"sub sp, sp, 0x9c",0
"str r0, [sp, 0x20]",0
"mov r4, r1",0
"str r2, [sp, 0x14]",0
"str r3, [sp, 0x1c]",0
"ldr r6, [sp, 0xc0]",0
"ldr r5, [r1]",0
"ldrb r3, [r2, 4]",0
"sub r2, r3, 1",0
"cmp r2, 0x23",0
"ldrls pc, [pc, r2, lsl 2]   ; [0xae50:4]=0x12ee0",0
b 0xbf60,0
"andeq r2, r1, r0, ror 29",0
"andeq r3, r1, r0, ror 30",0
"andeq r3, r1, r0, ror 30",0
"andeq r3, r1, r8, asr r7",0
"andeq r3, r1, ip, lsr 21",0
"andeq r3, r1, r0, ror 30",0
"andeq r3, r1, r0, ror 30",0
"strheq r2, [r1], -r8",0
"andeq r3, r1, ip, asr r8",0
"andeq r3, r1, r0, ror 30",0
"strdeq r3, r4, [r1], -r8",0
"strheq r3, [r1], -ip",0
"andeq r3, r1, r0, ror 30",0
"andeq r3, r1, r0, ror 30",0
"andeq r3, r1, r0, ror 30",0
"andeq r3, r1, r0, ror 30",0
"andeq r3, r1, r0, ror 30",0
"strdeq r3, r4, [r1], -r8",0
"strdeq r3, r4, [r1], -r8",0
"muleq r1, r8, r0",0
"andeq r3, r1, r0, ror 30",0
"andeq r3, r1, r0, ror 30",0
"ldrdeq r3, r4, [r1], -r8",0
"andeq r3, r1, r4, lsl 17",0
"andeq r3, r1, r0, ror 30",0
"andeq r3, r1, r0, ror 30",0
"andeq r3, r1, r0, ror 30",0
"andeq r3, r1, r0, ror 30",0
"andeq r3, r1, r0, ror 30",0
"andeq r3, r1, r0, ror 30",0
"andeq r3, r1, r0, ror 30",0
"andeq r3, r1, ip, ror 21",0
"andeq r3, r1, ip, ror 21",0
"andeq r3, r1, ip, lsr fp",0
"andeq r3, r1, ip, lsr fp",0
"andeq r3, r1, ip, lsl 23",0
"mov r0, r5",0
"mov r1, 0",0
"mov r2, r1",0
"ldr r3, [sp, 0x14]",0
bl 0x622c,0
"subs r4, r0, 0",0
"moveq r3, 0xc",0
"ldreq r2, [sp, 0xc4]",0
"streq r3, [r2]",0
beq 0xc1ac,0
"ldr r3, [r5, 0x5c]",0
"cmp r3, 1",0
bgt 0xaf78,0
b 0xbba0,0
"mov r0, sb",0
"mov r1, r6",0
"ldr r2, [sp, 0x1c]",0
bl 0x97c8,0
"mov r0, r5",0
"mov r1, r8",0
"mov r2, r8",0
"mov r3, sb",0
bl 0x622c,0
"mov sl, r0",0
"mov r0, r5",0
"mov r1, r4",0
"mov r2, sl",0
"mov r3, r7",0
bl 0x63a0,0
"mov r4, r0",0
"cmp sl, 0",0
"cmpne r0, 0",0
bne 0xaf88,0
"mov r3, 0xc",0
"ldr ip, [sp, 0xc4]",0
"str r3, [ip]",0
"mov r4, 0",0
b 0xc1ac,0
"mov r8, 0",0
"mov r7, 0x10",0
"ldr r6, [sp, 0x20]",0
"ldr sb, [sp, 0x14]",0
"ldr r2, [r6, 0x28]",0
"ldr r3, [r6, 0x38]",0
"cmp r3, r2",0
bls 0xbba0,0
"ldr r3, [r6, 0x1c]",0
"cmp r2, r3",0
beq 0xbba0,0
"ldr r3, [r6, 8]",0
"ldr r3, [r3, r2, lsl 2]",0
"cmn r3, 1",0
beq 0xaf18,0
b 0xbba0,0
"add r6, r6, 1",0
"ldr r7, [r1, 0x18]",0
"add r3, r7, 1",0
"str r3, [r1, 0x18]",0
"ldr r0, [sp, 0x14]",0
"ldr r1, [sp, 0x20]",0
"ldr r3, [sp, 0x1c]",0
"orr r2, r3, 0x800000",0
bl 0x97c8,0
"ldr ip, [sp, 0x14]",0
"ldrb r3, [ip, 4]",0
"cmp r3, 9",0
beq 0xb054,0
"str r6, [sp]",0
"ldr r2, [sp, 0xc4]",0
"str r2, [sp, 4]",0
"ldr r0, [sp, 0x20]",0
"mov r1, r4",0
"mov r2, ip",0
"ldr r3, [sp, 0x1c]",0
bl 0xc2f8,0
"mov r1, r0",0
"ldr ip, [sp, 0xc4]",0
"ldr r3, [ip]",0
"cmp r3, 0",0
bne 0xbf78,0
"ldr r2, [sp, 0x14]",0
"ldrb r3, [r2, 4]",0
"cmp r3, 9",0
beq 0xb058,0
"cmp r0, 0",0
beq 0xb044,0
"ldr r1, [0x0000c00c]        ; [0xc00c:4]=0xe7d0",0
"mov r2, 0",0
bl 0x60d4,0
"mov r3, 8",0
"ldr ip, [sp, 0xc4]",0
"str r3, [ip]",0
b 0xbf78,0
"mov r1, 0",0
"cmp r7, 8",0
"ldrls r3, [r5, 0x54]",0
"movls r2, 1",0
"orrls r3, r3, r2, lsl r7",0
"strls r3, [r5, 0x54]",0
"mov r0, r5",0
"mov r2, 0",0
"mov r3, 0x11",0
bl 0x63a0,0
"subs r4, r0, 0",0
"strne r7, [r4, 0x14]",0
bne 0xbba0,0
"mov r3, 0xc",0
"ldr r2, [sp, 0xc4]",0
"str r3, [r2]",0
b 0xbf78,0
"mov r3, 0",0
"str r3, [sp, 0x3c]",0
"mov r0, 0x20",0
"mov r1, 1",0
bl 0x1194,0
"mov sl, r0",0
"mov r0, 0x28                ; '('",0
"mov r1, 1",0
bl 0x1194,0
"mov sb, r0",0
"cmp sl, 0",0
"cmpne r0, 0",0
bne 0xb0ec,0
"mov r0, sl",0
bl 0x1230,0
"mov r0, sb",0
bl 0x1230,0
"mov r3, 0xc",0
"ldr ip, [sp, 0xc4]",0
"str r3, [ip]",0
b 0xc0f0,0
"ldr r0, [sp, 0x14]",0
"ldr r1, [sp, 0x20]",0
"ldr r2, [sp, 0x1c]",0
bl 0x5824,0
"mov fp, r0",0
"ldr r2, [sp, 0x14]",0
"ldrb r3, [r2, 4]",0
"cmp r3, 2",0
"ldreq ip, [sp, 0xc4]",0
"streq r3, [ip]",0
beq 0xb744,0
"cmp r3, 0x19",0
"movne r2, 0",0
"strne r2, [sp, 0x30]",0
bne 0xb194,0
"ldrb r3, [sb, 0x10]",0
"orr r3, r3, 1",0
"strb r3, [sb, 0x10]",0
"ldr r2, [sp, 0x1c]",0
"tst r2, 0x100",0
beq 0xb14c,0
"mov r0, sl",0
"mov r1, 0xa",0
bl 0x538c,0
"ldr ip, [sp, 0x20]",0
"ldr r3, [ip, 0x28]",0
"add r3, r3, fp",0
"str r3, [ip, 0x28]",0
"ldr r0, [sp, 0x14]",0
"mov r1, ip",0
"ldr r2, [sp, 0x1c]",0
bl 0x5824,0
"mov fp, r0",0
"ldr r2, [sp, 0x14]",0
"ldrb r3, [r2, 4]",0
"cmp r3, 2",0
"ldreq ip, [sp, 0xc4]",0
"streq r3, [ip]",0
beq 0xb744,0
b 0xb18c,0
"mov r3, 1",0
"str r3, [sp, 0x30]",0
"ldr ip, [sp, 0x14]",0
"ldrb r3, [ip, 4]",0
"cmp r3, 0x15",0
"moveq r3, 1",0
"strbeq r3, [ip, 4]",0
"mov r2, 0",0
"str r2, [sp, 0x28]",0
"mov r3, 1",0
"str r2, [sp, 0x2c]",0
"mov r8, r2",0
"str r5, [sp, 0x18]",0
"ldr r5, [sp, 0x20]",0
"add ip, sp, 0x58",0
"str ip, [sp, 0x44]",0
"ldr r2, [sp, 0x18]",0
"str r2, [sp]",0
"ldr ip, [sp, 0x1c]",0
"str ip, [sp, 4]",0
"str r3, [sp, 8]",0
"add r0, sp, 0x40",0
"mov r1, r5",0
"ldr r2, [sp, 0x14]",0
"mov r3, fp",0
bl 0x5e48,0
"cmp r0, 0",0
"ldrne r5, [sp, 0x18]",0
"ldrne r2, [sp, 0xc4]",0
"strne r0, [r2]",0
bne 0xb744,0
"ldr r0, [sp, 0x14]",0
"mov r1, r5",0
"ldr r2, [sp, 0x1c]",0
bl 0x5824,0
"mov fp, r0",0
"ldr r3, [sp, 0x40]",0
"cmp r3, 2",0
"cmpne r3, 4",0
beq 0xbfc8,0
"ldr ip, [sp, 0x14]",0
"ldrb r3, [ip, 4]",0
"cmp r3, 2",0
bne 0xb250,0
"ldr r5, [sp, 0x18]",0
"mov r3, 7",0
"ldr r2, [sp, 0xc4]",0
"str r3, [r2]",0
b 0xb744,0
"cmp r3, 0x16",0
bne 0xbfc8,0
"ldr r3, [r5, 0x28]",0
"add r3, r3, r0",0
"str r3, [r5, 0x28]",0
"add r0, sp, 0x50",0
"mov r1, r5",0
"ldr r2, [sp, 0x1c]",0
bl 0x5824,0
"mov r3, r0",0
"ldrb r2, [sp, 0x54]",0
"cmp r2, 2",0
bne 0xb298,0
"ldr r5, [sp, 0x18]",0
"mov r3, 7",0
"ldr ip, [sp, 0xc4]",0
"str r3, [ip]",0
b 0xb744,0
"cmp r2, 0x15",0
bne 0xbf80,0
"ldr r3, [r5, 0x28]",0
"rsb r4, fp, r3",0
"str r4, [r5, 0x28]",0
"mov r3, 1",0
"ldr r2, [sp, 0x14]",0
"strb r3, [r2, 4]",0
b 0xbfc8,0
"ldr r0, [sp, 0x14]",0
"mov r1, r5",0
"ldr r2, [sp, 0x1c]",0
bl 0x5824,0
"mov fp, r0",0
"ldr ip, [sp, 0x18]",0
"ldr r4, [ip, 0x5c]",0
"cmp r4, 1",0
"movgt r4, sb",0
"movle r4, 0",0
"ldr r7, [sp, 0x40]",0
"cmp r7, 2",0
"cmpne r7, 4",0
beq 0xc000,0
"ldr r6, [sp, 0x48]",0
"cmp r6, 2",0
beq 0xc040,0
"cmp r6, 4",0
beq 0xc04c,0
"cmp r7, 3",0
"movne r2, 0",0
"moveq r2, 1",0
"str r2, [sp, 0x24]",0
"cmp r2, 0",0
beq 0xbfec,0
"ldr r0, [sp, 0x44]",0
bl 0x13b0,0
"cmp r0, 1",0
bls 0xbfec,0
"ldr r5, [sp, 0x18]",0
"mov r3, 3",0
b 0xc078,0
"ldr r0, [sp, 0x4c]",0
bl 0x13b0,0
"cmp r0, 1",0
bls 0xbff4,0
"ldr r5, [sp, 0x18]",0
"mov r3, 3",0
b 0xc078,0
"ldrb r0, [sp, 0x44]",0
b 0xb374,0
"ldr r3, [sp, 0x24]",0
"cmp r3, 0",0
"ldrne r3, [sp, 0x44]",0
"ldrbne r0, [r3]",0
"moveq r0, r8",0
"cmp r6, 0",0
"ldrbeq r6, [sp, 0x4c]",0
beq 0xb390,0
"cmp r6, 3",0
"ldreq r3, [sp, 0x4c]",0
"ldrbeq r6, [r3]",0
"movne r6, r8",0
"ldr ip, [sp, 0x24]",0
"cmp r7, 0",0
"orreq ip, ip, 1",0
"cmp ip, 0",0
beq 0xb3b0,0
bl 0x1410,0
"mov r7, r0",0
b 0xb3b4,0
"ldr r7, [sp, 0x44]",0
"ldr r3, [sp, 0x48]",0
"cmp r3, 0",0
"cmpne r3, 3",0
bne 0xb3d4,0
"mov r0, r6",0
bl 0x1410,0
"mov r6, r0",0
b 0xb3d8,0
"ldr r6, [sp, 0x4c]",0
"cmn r6, 1",0
"cmnne r7, 1",0
beq 0xc058,0
"ldr r2, [sp, 0x1c]",0
"tst r2, 0x10000",0
beq 0xb3f8,0
"cmp r7, r6",0
bhi 0xc064,0
"cmp r4, 0",0
beq 0xb478,0
"ldr r3, [r4, 0x20]",0
"ldr ip, [sp, 0x28]",0
"cmp r3, ip",0
bne 0xb458,0
"lsl r3, r3, 1",0
"add r3, r3, 1",0
"str r3, [sp, 0x28]",0
"lsl r2, r3, 2",0
"str r2, [sp, 0x24]",0
"ldr r0, [r4, 4]",0
"mov r1, r2",0
bl 0x12b4,0
"str r0, [sp, 0x34]",0
"ldr r0, [r4, 8]",0
"ldr r1, [sp, 0x24]",0
bl 0x12b4,0
"ldr ip, [sp, 0x34]",0
"cmp ip, 0",0
"cmpne r0, 0",0
beq 0xc070,0
"str ip, [r4, 4]",0
"str r0, [r4, 8]",0
"ldr r2, [r4, 0x20]",0
"ldr r3, [r4, 4]",0
"str r7, [r3, r2, lsl 2]",0
"ldr r3, [r4, 0x20]",0
"ldr r2, [r4, 8]",0
"str r6, [r2, r3, lsl 2]",0
"add r3, r3, 1",0
"str r3, [r4, 0x20]",0
"mov r4, r8",0
"cmp r6, r4",0
"movlo r3, 0",0
"movhs r3, 1",0
"cmp r7, r4",0
"movhi r3, 0",0
"cmp r3, 0",0
beq 0xb4a4,0
"mov r0, sl",0
"mov r1, r4",0
bl 0x538c,0
"add r4, r4, 1",0
"cmp r4, 0x100",0
bne 0xb47c,0
b 0xc084,0
"mov r0, sl",0
"ldrb r1, [sp, 0x44]",0
bl 0x538c,0
b 0xb5bc,0
"ldr r3, [sb, 0x14]",0
"ldr r2, [sp, 0x2c]",0
"cmp r3, r2",0
bne 0xb4f8,0
"lsl r3, r3, 1",0
"add r3, r3, 1",0
"str r3, [sp, 0x2c]",0
"ldr r0, [sb]",0
"lsl r1, r3, 2",0
bl 0x12b4,0
"cmp r0, 0",0
beq 0xb734,0
"str r0, [sb]",0
"ldr r3, [sb, 0x14]",0
"ldr r2, [sb]",0
"ldr r1, [sp, 0x44]",0
"str r1, [r2, r3, lsl 2]",0
"add r3, r3, 1",0
"str r3, [sb, 0x14]",0
b 0xb5bc,0
"ldr r4, [sp, 0x44]",0
"mov r0, r4",0
bl 0x13b0,0
"cmp r0, 1",0
bne 0xc090,0
"mov r0, sl",0
"ldrb r1, [r4]",0
bl 0x538c,0
"ldr r3, [sp, 0xc4]",0
"str r8, [r3]",0
b 0xb5bc,0
"ldr r4, [sp, 0x44]",0
"mov r0, r4",0
bl 0x13b0,0
"cmp r0, 1",0
bne 0xc0a4,0
"mov r0, sl",0
"ldrb r1, [r4]",0
bl 0x538c,0
"ldr ip, [sp, 0xc4]",0
"str r8, [ip]",0
b 0xb5bc,0
"ldr r0, [r5, 0x40]",0
"ldr r3, [sp, 0x44]",0
"str r3, [sp]",0
"ldr r2, [sp, 0x1c]",0
"str r2, [sp, 4]",0
"mov r1, sl",0
"mov r2, sb",0
"add r3, sp, 0x3c",0
bl 0xa424,0
"ldr r3, [sp, 0xc4]",0
"str r0, [r3]",0
"cmp r0, 0",0
beq 0xb5bc,0
"ldr r5, [sp, 0x18]",0
b 0xb744,0
"ldr r0, [0x0000c010]        ; [0xc010:4]=0x1c7a0",0
"ldr r1, [0x0000c014]        ; [0xc014:4]=0x1c6d8",0
"ldr r2, [0x0000c018]        ; [0xc018:4]=0xcd9",0
"ldr r3, [0x0000c01c]        ; [0xc01c:4]=0x1c494",0
bl 0x14f4,0
"ldr ip, [sp, 0x14]",0
"ldrb r3, [ip, 4]",0
"cmp r3, 2",0
bne 0xb5e0,0
"ldr r5, [sp, 0x18]",0
"mov r3, 7",0
"ldr r2, [sp, 0xc4]",0
"str r3, [r2]",0
b 0xb744,0
"cmp r3, 0x15",0
"movne r3, r8",0
bne 0xb1c4,0
"ldr r5, [sp, 0x18]",0
"ldr ip, [sp, 0x20]",0
"ldr r3, [ip, 0x28]",0
"add r3, r3, fp",0
"str r3, [ip, 0x28]",0
"ldr r2, [sp, 0x30]",0
"cmp r2, 0",0
beq 0xb614,0
"mov r0, sl",0
bl 0x53dc,0
"ldr r3, [r5, 0x5c]",0
"cmp r3, 1",0
ble 0xb62c,0
"mov r0, sl",0
"ldr r1, [r5, 0x3c]",0
bl 0x541c,0
"ldr r3, [sb, 0x14]",0
"cmp r3, 0",0
bne 0xb680,0
"ldr r3, [sb, 0x18]",0
"cmp r3, 0",0
bne 0xb680,0
"ldr r3, [sb, 0x1c]",0
"cmp r3, 0",0
bne 0xb680,0
"ldr r3, [sb, 0x20]",0
"cmp r3, 0",0
bne 0xb680,0
"ldr r3, [r5, 0x5c]",0
"cmp r3, 1",0
ble 0xb700,0
"ldr r3, [sb, 0x24]",0
"cmp r3, 0",0
bne 0xb680,0
"ldrb r3, [sb, 0x10]",0
"tst r3, 1",0
beq 0xb700,0
"ldrb r3, [r5, 0x58]",0
"orr r3, r3, 2",0
"strb r3, [r5, 0x58]",0
"mov r3, 6",0
"strb r3, [sp, 0x7c]",0
"add r3, sp, 0x98",0
"str sb, [r3, -0x20]!",0
"mov r0, r5",0
"mov r1, 0",0
"mov r2, r1",0
bl 0x622c,0
"subs r4, r0, 0",0
beq 0xb738,0
"ldr r3, [sl]",0
"cmp r3, 0",0
bne 0xc0c4,0
"mov r2, sl",0
"mov r3, 1",0
"ldr r1, [r2, 4]!",0
"cmp r1, 0",0
bne 0xc0c4,0
"add r3, r3, 1",0
"cmp r3, 8",0
bne 0xb6c8,0
b 0xc0b8,0
"mov r0, r5",0
"mov r2, r4",0
"mov r3, 0xa",0
bl 0x63a0,0
"subs r4, r0, 0",0
bne 0xbba0,0
b 0xb738,0
"mov r0, sb",0
bl 0x6770,0
"mov r3, 3",0
"strb r3, [sp, 0x7c]",0
"add r3, sp, 0x98",0
"str sl, [r3, -0x20]!",0
"mov r0, r5",0
"mov r1, 0",0
"mov r2, r1",0
bl 0x622c,0
"subs r4, r0, 0",0
bne 0xbba0,0
b 0xb738,0
"ldr r5, [sp, 0x18]",0
"mov r3, 0xc",0
"ldr ip, [sp, 0xc4]",0
"str r3, [ip]",0
"mov r0, sl",0
bl 0x1230,0
"mov r0, sb",0
bl 0x6770,0
b 0xc0f0,0
"ldr r2, [sp, 0x14]",0
"ldr r3, [r2]",0
"mov r2, 1",0
"lsl r3, r2, r3",0
"ldr r2, [r5, 0x54]",0
"tst r3, r2",0
bne 0xb788,0
"mov r3, 6",0
"ldr ip, [sp, 0xc4]",0
"str r3, [ip]",0
"mov r4, 0",0
b 0xc1ac,0
"ldr r2, [r5, 0x50]",0
"orr r3, r2, r3",0
"str r3, [r5, 0x50]",0
"mov r0, r5",0
"mov r1, 0",0
"mov r2, r1",0
"ldr r3, [sp, 0x14]",0
bl 0x622c,0
"subs r4, r0, 0",0
"moveq r3, 0xc",0
"ldreq r2, [sp, 0xc4]",0
"streq r3, [r2]",0
beq 0xc1ac,0
"ldr r3, [r5, 0x4c]",0
"add r3, r3, 1",0
"str r3, [r5, 0x4c]",0
"ldrb r3, [r5, 0x58]",0
"orr r3, r3, 2",0
"strb r3, [r5, 0x58]",0
b 0xbba0,0
"ldr ip, [sp, 0x1c]",0
"tst ip, 0x1000000",0
beq 0xb7f8,0
"mov r3, 0xd",0
"ldr r2, [sp, 0xc4]",0
"str r3, [r2]",0
"mov r4, 0",0
b 0xc1ac,0
"ldr ip, [sp, 0x1c]",0
"tst ip, 0x20",0
beq 0xb818,0
"mov r3, 0xd",0
"ldr r2, [sp, 0xc4]",0
"str r3, [r2]",0
"mov r4, 0",0
b 0xc1ac,0
"ldr ip, [sp, 0x1c]",0
"tst ip, 0x10",0
beq 0xb85c,0
"ldr r0, [sp, 0x14]",0
"ldr r1, [sp, 0x20]",0
"mov r2, ip",0
bl 0x97c8,0
"str r6, [sp]",0
"ldr r2, [sp, 0xc4]",0
"str r2, [sp, 4]",0
"ldr r0, [sp, 0x20]",0
"mov r1, r4",0
"ldr r2, [sp, 0x14]",0
"ldr r3, [sp, 0x1c]",0
bl 0xae1c,0
"mov r4, r0",0
b 0xc1ac,0
"cmp r3, 9",0
bne 0xb884,0
"ldr r3, [sp, 0x1c]",0
"tst r3, 0x20000",0
bne 0xb884,0
"mov r3, 0x10",0
"ldr ip, [sp, 0xc4]",0
"str r3, [ip]",0
"mov r4, 0",0
b 0xc1ac,0
"mov r3, 1",0
"ldr r2, [sp, 0x14]",0
"strb r3, [r2, 4]",0
"mov r0, r5",0
"mov r1, 0",0
"mov r2, r1",0
"ldr r3, [sp, 0x14]",0
bl 0x622c,0
"subs r4, r0, 0",0
bne 0xbba0,0
"mov r3, 0xc",0
"ldr ip, [sp, 0xc4]",0
"str r3, [ip]",0
b 0xc1ac,0
"ldr r3, [sp, 0x14]",0
"ldr r2, [r3]",0
"ldr r3, [0x0000c020]        ; [0xc020:4]=0x30f",0
"and r3, r2, r3",0
"cmp r3, 0",0
beq 0xb990,0
"ldrb r3, [r5, 0x58]",0
"tst r3, 0x10",0
bne 0xb990,0
"orr r3, r3, 0x10",0
"strb r3, [r5, 0x58]",0
"tst r3, 8",0
bne 0xc108,0
"mov r3, 0",0
"str r3, [r5, 0x60]",0
"ldr r3, [0x0000c024]        ; [0xc024:4]=0x3ff0000",0
"str r3, [r5, 0x64]",0
"mvn r3, 0x78000001",0
"str r3, [r5, 0x68]",0
"mvn r3, 0xf8000001",0
"str r3, [r5, 0x6c]",0
"ldrb r3, [r5, 0x58]",0
"tst r3, 4",0
beq 0xc114,0
"add r0, r5, 0x70",0
"mov r1, 0",0
"mov r2, 0x10",0
bl 0x13f8,0
b 0xb990,0
"ldr r7, [r0]",0
"ldrh r7, [r7, ip]",0
"tst r7, 8",0
bne 0xb94c,0
"add r7, r3, r4",0
"cmp r7, 0x5f",0
bne 0xb958,0
"ldr r7, [lr, 0x60]",0
"orr r7, r7, sb, lsl r3",0
"str r7, [lr, 0x60]",0
"add r3, r3, 1",0
"add ip, ip, 2",0
"cmp r3, 0x20",0
bne 0xb930,0
"add r4, r4, 0x20",0
"add r6, r6, 1",0
"add r2, r2, 4",0
"add r1, r1, 0x40",0
"cmp r6, 7",0
bgt 0xb990,0
"add lr, r8, r2",0
"mov ip, r1",0
"mov r3, sl",0
b 0xb930,0
"ldr ip, [sp, 0x14]",0
"ldr r3, [ip]",0
"cmp r3, 0x100",0
"movne r2, 0",0
"moveq r2, 1",0
"cmp r3, 0x100",0
"cmpne r3, 0x200",0
bne 0xba70,0
"cmp r2, 0",0
beq 0xb9e8,0
"mov r3, 6",0
"str r3, [ip]",0
"mov r0, r5",0
"mov r1, 0",0
"mov r2, r1",0
"mov r3, ip",0
bl 0x622c,0
"mov r6, r0",0
"mov r3, 9",0
"ldr r2, [sp, 0x14]",0
"str r3, [r2]",0
b 0xba18,0
"mov r3, 5",0
"ldr ip, [sp, 0x14]",0
"str r3, [ip]",0
"mov r0, r5",0
"mov r1, 0",0
"mov r2, r1",0
"mov r3, ip",0
bl 0x622c,0
"mov r6, r0",0
"mov r3, 0xa",0
"ldr r2, [sp, 0x14]",0
"str r3, [r2]",0
"mov r0, r5",0
"mov r1, 0",0
"mov r2, r1",0
"ldr r3, [sp, 0x14]",0
bl 0x622c,0
"mov r7, r0",0
"mov r0, r5",0
"mov r1, r6",0
"mov r2, r7",0
"mov r3, 0xa",0
bl 0x63a0,0
"mov r4, r0",0
"cmp r6, 0",0
"cmpne r7, 0",0
beq 0xba5c,0
"cmp r0, 0",0
bne 0xba98,0
"mov r3, 0xc",0
"ldr ip, [sp, 0xc4]",0
"str r3, [ip]",0
"mov r4, 0",0
b 0xc1ac,0
"mov r0, r5",0
"mov r1, 0",0
"mov r2, r1",0
"ldr r3, [sp, 0x14]",0
bl 0x622c,0
"subs r4, r0, 0",0
"moveq r3, 0xc",0
"ldreq r2, [sp, 0xc4]",0
"streq r3, [r2]",0
beq 0xc1ac,0
"ldr r0, [sp, 0x14]",0
"ldr r1, [sp, 0x20]",0
"ldr r2, [sp, 0x1c]",0
bl 0x97c8,0
b 0xc1ac,0
"mov r0, r5",0
"mov r1, 0",0
"mov r2, r1",0
"ldr r3, [sp, 0x14]",0
bl 0x622c,0
"subs r4, r0, 0",0
"moveq r3, 0xc",0
"ldreq ip, [sp, 0xc4]",0
"streq r3, [ip]",0
beq 0xc1ac,0
"ldr r3, [r5, 0x5c]",0
"cmp r3, 1",0
"ldrbgt r3, [r5, 0x58]",0
"orrgt r3, r3, 2",0
"strbgt r3, [r5, 0x58]",0
b 0xbba0,0
"ldr r2, [sp, 0x20]",0
"ldr r1, [r2, 0x40]",0
"cmp r3, 0x21",0
"movne r3, 0",0
"moveq r3, 1",0
"str r3, [sp]",0
"ldr r3, [sp, 0xc4]",0
"str r3, [sp, 4]",0
"mov r0, r5",0
"ldr r2, [0x0000c028]        ; [0xc028:4]=0x1c758",0
"ldr r3, [0x0000c02c]        ; [0xc02c:4]=0x1c7a4",0
bl 0xac5c,0
"mov r4, r0",0
"ldr ip, [sp, 0xc4]",0
"ldr r3, [ip]",0
"cmp r3, 0",0
beq 0xbba0,0
"cmp r0, 0",0
bne 0xbba0,0
b 0xc1ac,0
"ldr r2, [sp, 0x20]",0
"ldr r1, [r2, 0x40]",0
"cmp r3, 0x23",0
"movne r3, 0",0
"moveq r3, 1",0
"str r3, [sp]",0
"ldr r3, [sp, 0xc4]",0
"str r3, [sp, 4]",0
"mov r0, r5",0
"ldr r2, [0x0000c030]        ; [0xc030:4]=0x1c768",0
"ldr r3, [0x0000c034]        ; [0xc034:4]=0x1bd74",0
bl 0xac5c,0
"mov r4, r0",0
"ldr ip, [sp, 0xc4]",0
"ldr r3, [ip]",0
"cmp r3, 0",0
beq 0xbba0,0
"cmp r0, 0",0
bne 0xbba0,0
b 0xc1ac,0
"mov r3, 5",0
"ldr r2, [sp, 0xc4]",0
"str r3, [r2]",0
"mov r4, 0",0
b 0xc1ac,0
"ldr r0, [sp, 0x14]",0
"ldr r1, [sp, 0x20]",0
"ldr r2, [sp, 0x1c]",0
bl 0x97c8,0
"mov fp, 0xa",0
b 0xbf2c,0
"ldr ip, [sp, 0x20]",0
"ldr r7, [ip, 0x28]",0
"add r2, sp, 0x78",0
"ldr ip, [sp, 0x14]",0
"ldm ip, {r0, r1}",0
"stm r2, {r0, r1}",0
"cmp r3, 0x17",0
bne 0xbd3c,0
"ldr r0, [sp, 0x20]",0
"ldr r1, [sp, 0x14]",0
"ldr r2, [sp, 0x1c]",0
bl 0x97e4,0
"mov r8, r0",0
"cmn r0, 1",0
bne 0xbc20,0
"ldr r2, [sp, 0x14]",0
"ldrb r3, [r2, 4]",0
"cmp r3, 1",0
bne 0xbc14,0
"ldrb r3, [r2]",0
"cmp r3, 0x2c",0
"moveq r6, 0",0
beq 0xbc44,0
"ldr r3, [sp, 0xc4]",0
"str fp, [r3]",0
b 0xc194,0
"cmn r0, 2",0
beq 0xbc74,0
"ldr ip, [sp, 0x14]",0
"ldrb r3, [ip, 4]",0
"cmp r3, 0x18",0
beq 0xbcd8,0
"cmp r3, 1",0
"moveq r6, r0",0
bne 0xbc74,0
"ldr r2, [sp, 0x14]",0
"ldrb r3, [r2]",0
"cmp r3, 0x2c",0
bne 0xbc74,0
"ldr r0, [sp, 0x20]",0
"mov r1, r2",0
"ldr r2, [sp, 0x1c]",0
bl 0x97e4,0
"mov r8, r0",0
"cmn r0, 2",0
"cmnne r6, 2",0
bne 0xbcc8,0
"ldr r3, [sp, 0x1c]",0
"tst r3, 0x200000",0
bne 0xbca4,0
"ldr ip, [sp, 0x14]",0
"ldrb r3, [ip, 4]",0
"cmp r3, 2",0
"moveq r3, 9",0
"ldreq r2, [sp, 0xc4]",0
"streq r3, [r2]",0
"ldrne r3, [sp, 0xc4]",0
"strne fp, [r3]",0
b 0xc194,0
"ldr ip, [sp, 0x20]",0
"str r7, [ip, 0x28]",0
"add r3, sp, 0x78",0
"ldm r3, {r0, r1}",0
"ldr r2, [sp, 0x14]",0
"stm r2, {r0, r1}",0
"mov r3, 1",0
"strb r3, [r2, 4]",0
b 0xbee0,0
"cmn r0, 1",0
"cmpne r0, r6",0
bhs 0xbcdc,0
b 0xbcec,0
"mov r6, r0",0
"ldr ip, [sp, 0x14]",0
"ldrb r3, [ip, 4]",0
"cmp r3, 0x18",0
beq 0xbcf8,0
"ldr r2, [sp, 0xc4]",0
"str fp, [r2]",0
b 0xc194,0
"cmn r8, 1",0
bne 0xbd14,0
"ldr ip, [0x0000c038]        ; [0xc038:4]=0x7fff",0
"cmp r6, ip",0
"movls r3, 0",0
"movhi r3, 1",0
b 0xbd24,0
"ldr r2, [0x0000c038]        ; [0xc038:4]=0x7fff",0
"cmp r8, r2",0
"movls r3, 0",0
"movhi r3, 1",0
"cmp r3, 0",0
beq 0xbd50,0
"mov ip, 0xf",0
"ldr r3, [sp, 0xc4]",0
"str ip, [r3]",0
b 0xc194,0
"cmp r3, 0x13",0
"mvnne r8, 0",0
bne 0xbd50,0
"mov r8, 1",0
b 0xbd50,0
"ldr r0, [sp, 0x14]",0
"ldr r1, [sp, 0x20]",0
"ldr r2, [sp, 0x1c]",0
bl 0x97c8,0
"cmp r4, 0",0
beq 0xc194,0
"orrs r2, r8, r6",0
bne 0xbd84,0
"mov r0, r4",0
"ldr r1, [0x0000c00c]        ; [0xc00c:4]=0xe7d0",0
"mov r2, 0",0
bl 0x60d4,0
b 0xc194,0
"cmp r6, 0",0
"moveq r3, 0",0
"streq r3, [sp, 0x18]",0
beq 0xbe10,0
"cmp r6, 1",0
bls 0xbdec,0
"mov r7, r4",0
"mov sl, 2",0
"mov sb, 0x10",0
"mov r0, r7",0
"mov r1, r5",0
bl 0x62e0,0
"mov r7, r0",0
"mov r0, r5",0
"mov r1, r4",0
"mov r2, r7",0
"mov r3, sb",0
bl 0x63a0,0
"mov r4, r0",0
"cmp r7, 0",0
"cmpne r0, 0",0
beq 0xbed0,0
"add sl, sl, 1",0
"cmp r6, sl",0
bhs 0xbda8,0
b 0xbdf0,0
"mov r7, r4",0
"cmp r6, r8",0
beq 0xbee0,0
"mov r0, r7",0
"mov r1, r5",0
bl 0x62e0,0
"str r4, [sp, 0x18]",0
"mov r4, r0",0
b 0xbe10,0
"ldrb r3, [r4, 0x18]",0
"cmp r3, 0x11",0
bne 0xbe2c,0
"mov r0, r4",0
"ldr r1, [0x0000c03c]        ; [0xc03c:4]=0xd9b4",0
"ldr r2, [r4, 0x14]",0
bl 0x60d4,0
"cmn r8, 1",0
bne 0xc174,0
b 0xc154,0
"add r6, r6, 2",0
"cmp r8, r6",0
blo 0xbea4,0
"mov sl, 0x10",0
"mov sb, 0",0
"mov r0, r4",0
"mov r1, r5",0
bl 0x62e0,0
"mov r4, r0",0
"mov r0, r5",0
"mov r1, r7",0
"mov r2, r4",0
"mov r3, sl",0
bl 0x63a0,0
"mov r1, r0",0
"cmp r4, 0",0
"cmpne r0, 0",0
beq 0xbed0,0
"mov r0, r5",0
"mov r2, sb",0
"mov r3, fp",0
bl 0x63a0,0
"subs r7, r0, 0",0
beq 0xbed0,0
"add r6, r6, 1",0
"cmp r8, r6",0
bhs 0xbe4c,0
"ldr ip, [sp, 0x18]",0
"cmp ip, 0",0
"moveq r4, r7",0
beq 0xbee0,0
"mov r0, r5",0
"mov r1, ip",0
"mov r2, r7",0
"mov r3, 0x10",0
bl 0x63a0,0
"mov r4, r0",0
b 0xbee0,0
"mov r3, 0xc",0
"ldr r2, [sp, 0xc4]",0
"str r3, [r2]",0
b 0xc194,0
"ldr ip, [sp, 0xc4]",0
"ldr r3, [ip]",0
"cmp r3, 0",0
beq 0xbef8,0
"cmp r4, 0",0
beq 0xc1ac,0
"ldr r2, [sp, 0x1c]",0
"tst r2, 0x1000000",0
beq 0xbf2c,0
"ldr ip, [sp, 0x14]",0
"ldrb r3, [ip, 4]",0
"cmp r3, 0xb",0
"cmpne r3, 0x17",0
bne 0xbf2c,0
"mov r3, 0xd",0
"ldr r2, [sp, 0xc4]",0
"str r3, [r2]",0
"mov r4, 0",0
b 0xc1ac,0
"ldr ip, [sp, 0x14]",0
"ldrb r3, [ip, 4]",0
"cmp r3, 0x12",0
"movne r6, 0",0
"moveq r6, 1",0
"cmp r3, 0x12",0
"cmpne r3, 0xb",0
beq 0xbbb8,0
"cmp r3, 0x13",0
beq 0xbd48,0
"cmp r3, 0x17",0
beq 0xc138,0
b 0xc1ac,0
"mov r4, 0",0
b 0xc1ac,0
"mov r4, 0",0
b 0xc1ac,0
"mov r4, 0",0
b 0xc1ac,0
"mov r4, 0",0
b 0xc1ac,0
"add r2, sp, 0x78",0
"str r2, [sp, 0x4c]",0
"ldr ip, [sp, 0x18]",0
"str ip, [sp]",0
"ldr r2, [sp, 0x1c]",0
"str r2, [sp, 4]",0
"mov r2, 1",0
"str r2, [sp, 8]",0
"add r0, sp, 0x48",0
"mov r1, r5",0
"add r2, sp, 0x50",0
bl 0x5e48,0
"cmp r0, 0",0
beq 0xb2bc,0
"ldr r5, [sp, 0x18]",0
"ldr r3, [sp, 0xc4]",0
"str r0, [r3]",0
b 0xb744,0
"ldr r3, [sp, 0x40]",0
"cmp r3, 4",0
"ldrls pc, [pc, r3, lsl 2]   ; [0xbfd8:4]=0x134b4",0
b 0xb5a8,0
"strheq r3, [r1], -r4",0
"andeq r3, r1, r4, asr 9",0
"andeq r3, r1, r4, lsl r5",0
"andeq r3, r1, r0, asr 10",0
"andeq r3, r1, ip, ror 10",0
"cmp r6, 3",0
beq 0xb33c,0
"cmp r7, 0",0
beq 0xb358,0
b 0xb360,0
"ldr r5, [sp, 0x18]",0
"mov r3, 0xb",0
b 0xc078,0
"ldrdeq lr, pc, [r0], -r0    ; [0xc014:4]=0x1c6d8",0
"andeq ip, r1, r0, lsr 15",0
"ldrdeq ip, sp, [r1], -r8",0
"ldrdeq r0, r1, [r0], -sb",0
"muleq r1, r4, r4",0
"andeq r0, r0, pc, lsl 6",0
invalid,0
"andeq ip, r1, r8, asr r7",0
"andeq ip, r1, r4, lsr 15",0
"andeq ip, r1, r8, ror 14",0
"andeq fp, r1, r4, ror sp",0
"strdeq r7, r8, [r0], -pc",0
"strheq sp, [r0], -r4",0
"ldr r5, [sp, 0x18]",0
"mov r3, 0xb",0
b 0xc078,0
"ldr r5, [sp, 0x18]",0
"mov r3, 0xb",0
b 0xc078,0
"ldr r5, [sp, 0x18]",0
"mov r3, 3",0
b 0xc078,0
"ldr r5, [sp, 0x18]",0
"mov r3, 0xb",0
b 0xc078,0
"ldr r5, [sp, 0x18]",0
"mov r3, 0xc",0
"ldr ip, [sp, 0xc4]",0
"str r3, [ip]",0
b 0xb744,0
"ldr r2, [sp, 0xc4]",0
"str r8, [r2]",0
b 0xb5bc,0
"ldr r5, [sp, 0x18]",0
"mov r3, 3",0
"ldr ip, [sp, 0xc4]",0
"str r3, [ip]",0
b 0xb744,0
"ldr r5, [sp, 0x18]",0
"mov r3, 3",0
"ldr r2, [sp, 0xc4]",0
"str r3, [r2]",0
b 0xb744,0
"mov r0, sl",0
bl 0x1230,0
b 0xbba0,0
"mov r3, 3",0
"strb r3, [sp, 0x7c]",0
"add r3, sp, 0x98",0
"str sl, [r3, -0x20]!",0
"mov r0, r5",0
"mov r1, 0",0
"mov r2, r1",0
bl 0x622c,0
"subs r1, r0, 0",0
bne 0xb6e4,0
b 0xb738,0
"ldr ip, [sp, 0xc4]",0
"ldr r3, [ip]",0
"cmp r3, 0",0
bne 0xbf68,0
"mov r4, 0",0
b 0xbba0,0
"mov r4, 0",0
"mov r6, r4",0
b 0xc11c,0
"mov r4, 0x80",0
"mov r6, 4",0
bl 0x1398,0
"lsl r1, r4, 1",0
"add r8, r5, r6, lsl 2",0
"mov r2, 0",0
"mov sl, r2",0
"mov sb, 1",0
b 0xb980,0
"ldr r2, [sp, 0x20]",0
"ldr r7, [r2, 0x28]",0
"add r3, sp, 0x78",0
"ldr ip, [sp, 0x14]",0
"ldm ip, {r0, r1}",0
"stm r3, {r0, r1}",0
b 0xbbd8,0
"mov r0, r5",0
"mov r1, r4",0
"mov r2, 0",0
"mov r3, 0xb",0
bl 0x63a0,0
"subs r7, r0, 0",0
bne 0xbea4,0
b 0xbed0,0
"mov r0, r5",0
"mov r1, r4",0
"mov r2, 0",0
"mov r3, fp",0
bl 0x63a0,0
"subs r7, r0, 0",0
bne 0xbe38,0
b 0xbed0,0
"ldr r2, [sp, 0xc4]",0
"ldr r3, [r2]",0
"cmp r3, 0",0
bne 0xbf70,0
"mov r4, 0",0
b 0xbef8,0
"mov r0, r4",0
"add sp, sp, 0x9c",0
"pop {r4, r5, r6, r7, r8, sb, sl, fp, pc}",0
"push {r4, r5, r6, r7, r8, sb, sl, fp, lr}",0
"sub sp, sp, 0x14",0
"mov sb, r0",0
"mov sl, r1",0
"mov r8, r2",0
"mov fp, r3",0
"ldr r7, [sp, 0x38]",0
"ldr r6, [sp, 0x3c]",0
"ldr ip, [r1]",0
"str ip, [sp, 0xc]",0
"str r7, [sp]",0
"str r6, [sp, 4]",0
bl 0xae1c,0
"mov r4, r0",0
"ldr r3, [r6]",0
"cmp r3, 0",0
beq 0xc2c8,0
"cmp r0, 0",0
bne 0xc2c8,0
b 0xc2e8,0
"str r7, [sp]",0
"str r6, [sp, 4]",0
"mov r0, sb",0
"mov r1, sl",0
"mov r2, r8",0
"mov r3, fp",0
bl 0xae1c,0
"mov r5, r0",0
"ldr r3, [r6]",0
"cmp r3, 0",0
beq 0xc25c,0
"cmp r0, 0",0
bne 0xc25c,0
"cmp r4, 0",0
beq 0xc2e8,0
"mov r0, r4",0
"ldr r1, [0x0000c2f4]        ; [0xc2f4:4]=0xe7d0",0
"mov r2, 0",0
bl 0x60d4,0
"mov r4, 0",0
b 0xc2e8,0
"cmp r5, 0",0
"cmpne r4, 0",0
beq 0xc2b8,0
"ldr r0, [sp, 0xc]",0
"mov r1, r4",0
"mov r2, r5",0
"mov r3, 0x10",0
bl 0x63a0,0
"cmp r0, 0",0
bne 0xc2c4,0
"ldr r7, [0x0000c2f4]        ; [0xc2f4:4]=0xe7d0",0
"mov r0, r5",0
"mov r1, r7",0
"mov r2, 0",0
bl 0x60d4,0
"mov r0, r4",0
"mov r1, r7",0
"mov r2, 0",0
bl 0x60d4,0
"mov r3, 0xc",0
"str r3, [r6]",0
"mov r4, 0",0
b 0xc2e8,0
"cmp r4, 0",0
"moveq r4, r5",0
b 0xc2c8,0
"mov r4, r0",0
"ldrb r3, [r8, 4]",0
"and r2, r3, 0xf7",0
"cmp r2, 2",0
beq 0xc2e8,0
"cmp r7, 0",0
beq 0xc208,0
"cmp r3, 9",0
bne 0xc208,0
"mov r0, r4",0
"add sp, sp, 0x14",0
"pop {r4, r5, r6, r7, r8, sb, sl, fp, pc}",0
"ldrdeq lr, pc, [r0], -r0    ; [0xc2fc:4]=0xe24dd014",0
"push {r4, r5, r6, r7, r8, sb, sl, fp, lr}",0
"sub sp, sp, 0x14",0
"mov r6, r0",0
"str r1, [sp, 8]",0
"mov r4, r2",0
"str r3, [sp, 0xc]",0
"ldr r7, [sp, 0x38]",0
"ldr r8, [sp, 0x3c]",0
"ldr fp, [r1]",0
"str r7, [sp]",0
"str r8, [sp, 4]",0
bl 0xc1b8,0
"mov r5, r0",0
"ldr r3, [r8]",0
"cmp r3, 0",0
beq 0xc3dc,0
"cmp r0, 0",0
bne 0xc3dc,0
b 0xc3fc,0
"mov r0, r4",0
"mov r1, r6",0
"mov r2, sb",0
bl 0x97c8,0
"ldrb r3, [r4, 4]",0
"and r2, r3, 0xf7",0
"cmp r2, 2",0
beq 0xc3ac,0
"cmp r7, 0",0
beq 0xc374,0
"cmp r3, 9",0
beq 0xc3b4,0
"str r7, [sp]",0
"str r8, [sp, 4]",0
"mov r0, r6",0
"ldr r1, [sp, 8]",0
"mov r2, r4",0
"ldr r3, [sp, 0xc]",0
bl 0xc1b8,0
"mov r2, r0",0
"ldr r3, [r8]",0
"cmp r3, 0",0
beq 0xc3b8,0
"cmp r0, 0",0
bne 0xc3b8,0
b 0xc3f8,0
"mov r2, 0",0
b 0xc3b8,0
"mov r2, 0",0
"mov r0, fp",0
"mov r1, r5",0
"mov r3, sl",0
bl 0x63a0,0
"subs r5, r0, 0",0
bne 0xc3e8,0
"mov r3, 0xc",0
"str r3, [r8]",0
b 0xc3fc,0
"ldr r3, [sp, 0xc]",0
"orr sb, r3, 0x800000",0
"mov sl, 0xa",0
"ldrb r3, [r4, 4]",0
"cmp r3, 0xa",0
beq 0xc344,0
b 0xc3fc,0
"mov r5, 0",0
"mov r0, r5",0
"add sp, sp, 0x14",0
"pop {r4, r5, r6, r7, r8, sb, sl, fp, pc}",0
"push {r4, r5, r6, r7, r8, sb, sl, fp, lr}",0
"sub sp, sp, 0x8c",0
"str r0, [sp, 8]",0
"str r1, [sp, 0x18]",0
"str r2, [sp, 0x10]",0
"str r3, [sp, 0x14]",0
"mov r3, 0",0
"str r3, [sp, 0x84]",0
"ldrb r2, [r0, 0x1c]",0
"ldr r1, [sp, 0x14]",0
"str r1, [r0, 0xc]",0
"str r3, [r0, 8]",0
"str r3, [r0, 0x18]",0
"and r3, r2, 0x90",0
"strb r3, [r0, 0x1c]",0
"ldr r5, [r0]",0
"ldr r3, [r0, 4]",0
"cmp r3, 0x9f",0
bhi 0xc478,0
"mov r0, r5",0
"mov r1, 0xa0",0
bl 0x12b4,0
"subs r5, r0, 0",0
beq 0xcf80,0
"mov r3, 0xa0",0
"ldr r2, [sp, 8]",0
"str r3, [r2, 4]",0
"str r5, [r2]",0
"mov r2, 0xa0",0
"ldr r3, [sp, 8]",0
"str r2, [r3, 8]",0
"mov r0, r5",0
"mov r1, 0",0
bl 0x13f8,0
"mov r3, 0x1f",0
"str r3, [r5, 0x40]",0
"ldr r3, [0x0000d0a0]        ; [0xd0a0:4]=0xaaaaaa9",0
"ldr r0, [sp, 0x10]",0
"cmp r0, r3",0
bhi 0xcfa0,0
"add r1, r0, 1",0
"str r1, [sp, 0x1c]",0
"str r1, [r5, 4]",0
"lsl r0, r1, 3",0
bl 0x1344,0
"str r0, [r5]",0
"ldr r2, [sp, 0x10]",0
"cmp r2, 0",0
beq 0xc4e4,0
"mov r4, 1",0
"mov r3, r2",0
"lsl r4, r4, 1",0
"cmp r3, r4",0
bhs 0xc4d4,0
b 0xc4e8,0
"mov r4, 1",0
"mov r0, 0xc",0
"mov r1, r4",0
bl 0x1194,0
"str r0, [r5, 0x20]",0
"sub r4, r4, 1",0
"str r4, [r5, 0x44]",0
bl 0x12f0,0
"str r0, [r5, 0x5c]",0
"mov r0, 0xe",0
bl 0x1488,0
"ldrb r3, [r0]",0
"and r3, r3, 0xdf",0
"cmp r3, 0x55",0
bne 0xc574,0
"ldrb r3, [r0, 1]",0
"and r3, r3, 0xdf",0
"cmp r3, 0x54",0
bne 0xc574,0
"ldrb r3, [r0, 2]",0
"and r3, r3, 0xdf",0
"cmp r3, 0x46",0
bne 0xc574,0
"ldrb r3, [r0, 3]",0
"cmp r3, 0x2d",0
"movne r3, 3",0
"moveq r3, 4",0
"add r2, r0, r3",0
"ldrb r3, [r0, r3]",0
"cmp r3, 0x38",0
bne 0xc574,0
"ldrb r3, [r2, 1]",0
"cmp r3, 0",0
"ldrbeq r3, [r5, 0x58]",0
"orreq r3, r3, 4",0
"strbeq r3, [r5, 0x58]",0
"ldrb r3, [r5, 0x58]",0
"bic r3, r3, 8",0
"strb r3, [r5, 0x58]",0
"ldr r3, [r5, 0x5c]",0
"cmp r3, 1",0
ble 0xc638,0
"ldrb r3, [r5, 0x58]",0
"tst r3, 4",0
"ldrne r3, [0x0000d0a4]      ; [0xd0a4:4]=0x1c454",0
"strne r3, [r5, 0x3c]",0
bne 0xc638,0
"mov r0, 0x20",0
"mov r1, 1",0
bl 0x1194,0
"str r0, [r5, 0x3c]",0
"cmp r0, 0",0
beq 0xcfa0,0
"mov r7, 0",0
"str r7, [sp, 0xc]",0
"mov fp, 1",0
b 0xc628,0
"mov r8, r4",0
"rsb r6, sb, r4",0
"mov r0, r4",0
bl 0x1410,0
"cmn r0, 1",0
"ldrne r3, [r5, 0x3c]",0
"ldrne r2, [r3, r7]",0
"orrne r6, r2, fp, lsl r6",0
"strne r6, [r3, r7]",0
"bics r3, r4, 0x7f",0
bne 0xc604,0
"cmp r0, r4",0
"ldrbne r3, [r5, 0x58]",0
"orrne r3, r3, 8",0
"strbne r3, [r5, 0x58]",0
"add r4, r4, 1",0
"cmp r4, sl",0
bne 0xc5c8,0
"ldr r0, [sp, 0xc]",0
"add r0, r0, 0x20",0
"str r0, [sp, 0xc]",0
"add r7, r7, 4",0
"cmp r0, 0x100",0
beq 0xc638,0
"ldr sb, [sp, 0xc]",0
"add sl, sb, 0x20",0
"mov r4, sb",0
b 0xc5c8,0
"ldr r3, [r5]",0
"cmp r3, 0",0
beq 0xcfa0,0
"ldr r3, [r5, 0x20]",0
"cmp r3, 0",0
bne 0xcf88,0
b 0xcfa0,0
"add r0, r5, 0x88",0
"mov r1, 0",0
bl 0x1260,0
"cmp r0, 0",0
"movne r3, 0xc",0
"strne r3, [sp, 0x84]",0
bne 0xc67c,0
"ldr r3, [sp, 0x84]",0
"cmp r3, 0",0
beq 0xc69c,0
"mov r0, r5",0
bl 0x67e4,0
"mov r3, 0",0
"ldr r1, [sp, 8]",0
"str r3, [r1]",0
"str r3, [r1, 4]",0
"ldr r0, [sp, 0x84]",0
b 0xd098,0
"ldr r2, [sp, 8]",0
"ldr r6, [r2, 0x14]",0
"ldr r3, [sp, 0x14]",0
"ands sl, r3, 0x400000",0
"moveq r4, 0",0
"movne r4, 1",0
"add r0, sp, 0x30",0
"mov r1, 0",0
"mov r2, 0x54                ; 'T'",0
bl 0x13f8,0
"str r4, [sp]",0
"str r5, [sp, 4]",0
"ldr r0, [sp, 0x18]",0
"ldr r1, [sp, 0x10]",0
"add r2, sp, 0x30",0
"mov r3, r6",0
bl 0x54d0,0
"ldr r0, [sp, 0x10]",0
"cmp r0, 0",0
beq 0xc700,0
"add r0, sp, 0x30",0
"ldr r1, [sp, 0x1c]",0
bl 0x6c88,0
"cmp r0, 0",0
bne 0xd00c,0
"ldrb r3, [sp, 0x7b]",0
"cmp r3, 0",0
"ldrne r1, [sp, 0x34]",0
"strne r1, [sp, 0x18]",0
"ldr r2, [sp, 0x18]",0
"str r2, [sp, 0x34]",0
"cmp r4, 0",0
beq 0xc788,0
"ldr r3, [r5, 0x5c]",0
"cmp r3, 1",0
ble 0xc77c,0
"ldr r4, [sp, 0x10]",0
"add r0, sp, 0x30",0
bl 0x85a8,0
"cmp r0, 0",0
bne 0xd00c,0
"ldr r3, [sp, 0x50]",0
"cmp r4, r3",0
bls 0xcfac,0
"ldr r1, [sp, 0x54]",0
"ldr r2, [r5, 0x5c]",0
"ldr r3, [sp, 0x4c]",0
"add r3, r2, r3",0
"cmp r1, r3",0
bhi 0xcfac,0
"add r0, sp, 0x30",0
"lsl r1, r1, 1",0
bl 0x6c88,0
"cmp r0, 0",0
beq 0xc730,0
b 0xd00c,0
"add r0, sp, 0x30",0
bl 0x8b9c,0
b 0xcfac,0
"ldr r3, [r5, 0x5c]",0
"cmp r3, 1",0
ble 0xc7a0,0
"add r0, sp, 0x30",0
bl 0x7534,0
b 0xcfac,0
"cmp r6, 0",0
beq 0xc7b4,0
"add r0, sp, 0x30",0
bl 0x5534,0
b 0xcfac,0
"ldr r3, [sp, 0x54]",0
"str r3, [sp, 0x4c]",0
"str r3, [sp, 0x50]",0
b 0xcfac,0
"ldr r0, [sp, 8]",0
bl 0x6958,0
"add r0, sp, 0x30",0
bl 0x6740,0
"ldr r3, [0x0000d0a8]        ; [0xd0a8:4]=0",0
"cmp r3, 0",0
beq 0xc7e8,0
"add r0, r5, 0x88",0
bl 0x120c,0
"mov r0, r5",0
bl 0x67e4,0
"mov r3, 0",0
"ldr r0, [sp, 8]",0
"str r3, [r0]",0
"str r3, [r0, 4]",0
"ldr r0, [sp, 0x84]",0
b 0xd098,0
"cmp r7, 0",0
bne 0xd014,0
b 0xd030,0
"mov r0, r6",0
"mov r1, 0",0
"mov r2, r1",0
"mov r3, 2",0
bl 0x63a0,0
"mov r4, r0",0
"cmp r7, 0",0
"moveq r0, r0",0
beq 0xc850,0
"mov r0, r6",0
"mov r1, r7",0
"mov r2, r4",0
"mov r3, 0x10",0
bl 0x63a0,0
b 0xc850,0
"rsbs r2, r0, 1",0
"movlo r2, 0",0
"cmp r0, 0",0
"cmpne r4, 0",0
"moveq r3, 0xc",0
"streq r3, [sp, 0x84]",0
beq 0xd030,0
"str r0, [r5, 0x34]",0
"cmp r2, 0",0
bne 0xc7c4,0
"ldr r1, [sp, 8]",0
"ldr r4, [r1]",0
"ldr r6, [r4, 4]",0
"lsl r7, r6, 2",0
"mov r0, r7",0
bl 0x1344,0
"mov r8, r0",0
"str r0, [r4, 0xc]",0
"mov r0, r7",0
bl 0x1344,0
"mov r7, r0",0
"str r0, [r4, 0x10]",0
"add r6, r6, r6, lsl 1",0
"lsl r6, r6, 2",0
"mov r0, r6",0
bl 0x1344,0
"mov sb, r0",0
"str r0, [r4, 0x14]",0
"mov r0, r6",0
bl 0x1344,0
"str r0, [r4, 0x18]",0
"cmp r8, 0",0
beq 0xd048,0
"cmp r7, 0",0
beq 0xd050,0
"cmp sb, 0",0
beq 0xd058,0
"cmp r0, 0",0
beq 0xd060,0
"ldr r2, [sp, 8]",0
"ldr r0, [r2, 0x18]",0
"lsl r0, r0, 2",0
bl 0x1344,0
"str r0, [r4, 0x84]",0
"cmp r0, 0",0
beq 0xc9a0,0
"ldr r0, [sp, 8]",0
"ldr r3, [r0, 0x18]",0
"cmp r3, 0",0
beq 0xc938,0
"mov r3, 0",0
"mov r1, r0",0
"ldr r2, [r4, 0x84]",0
"str r3, [r2, r3, lsl 2]",0
"add r3, r3, 1",0
"ldr r2, [r1, 0x18]",0
"cmp r3, r2",0
blo 0xc920,0
"ldr r0, [r4, 0x34]",0
"ldr r1, [0x0000d0ac]        ; [0xd0ac:4]=0xd720",0
"mov r2, r4",0
bl 0x6148,0
"ldr r2, [sp, 8]",0
"ldr r1, [r2, 0x18]",0
"cmp r1, 0",0
beq 0xc990,0
"ldr r0, [r4, 0x84]",0
"ldr r3, [r0]",0
"cmp r3, 0",0
bne 0xc9a0,0
"mov r2, 0",0
b 0xc97c,0
"ldr r2, [r0, r3, lsl 2]",0
"cmp r2, r3",0
bne 0xc988,0
"add r3, r2, 1",0
"cmp r1, r3",0
bhi 0xc970,0
"cmp r1, r3",0
bne 0xc9a0,0
"ldr r0, [r4, 0x84]",0
bl 0x1230,0
"mov r3, 0",0
"str r3, [r4, 0x84]",0
"ldr r0, [r4, 0x34]",0
"ldr r1, [0x0000d0b0]        ; [0xd0b0:4]=0xe554",0
"ldr r2, [sp, 8]",0
bl 0x60d4,0
"cmp r0, 0",0
bne 0xd06c,0
"ldr r0, [r4, 0x34]",0
"ldr r1, [0x0000d0b4]        ; [0xd0b4:4]=0x1050c",0
"mov r2, r4",0
bl 0x60d4,0
"cmp r0, 0",0
bne 0xd06c,0
"ldr r0, [r4, 0x34]",0
"ldr r1, [0x0000d0b8]        ; [0xd0b8:4]=0xd7b8",0
"mov r2, r4",0
bl 0x6148,0
"ldr r0, [r4, 0x34]",0
"ldr r1, [0x0000d0bc]        ; [0xd0bc:4]=0xea60",0
"mov r2, r4",0
bl 0x6148,0
"cmp r0, 0",0
bne 0xd06c,0
"mov r8, 0",0
"mov r6, r8",0
"mov sb, r8",0
"mov fp, 1",0
"ldr r3, [r4, 8]",0
"cmp r3, r6",0
bne 0xca24,0
"cmp r8, 0",0
beq 0xca80,0
"mov r8, sb",0
"mov r6, sb",0
"add r7, r6, r6, lsl 1",0
"lsl r7, r7, 2",0
"ldr r3, [r4, 0x18]",0
"add r3, r3, r7",0
"ldr r3, [r3, 4]",0
"cmp r3, 0",0
bne 0xca94,0
"add r0, sp, 0x24",0
"mov r1, r4",0
"mov r2, r6",0
"mov r3, fp",0
bl 0x82d4,0
"cmp r0, 0",0
bne 0xd06c,0
"ldr r3, [r4, 0x18]",0
"add r7, r3, r7",0
"ldr r3, [r7, 4]",0
"cmp r3, 0",0
bne 0xca94,0
"ldr r0, [sp, 0x2c]",0
bl 0x1230,0
"mov r8, fp",0
b 0xca94,0
"ldr r0, [sp, 8]",0
"ldrb r3, [r0, 0x1c]",0
"tst r3, 0x10",0
beq 0xca9c,0
b 0xcab8,0
"add r6, r6, 1",0
b 0xca08,0
"ldr r1, [sp, 8]",0
"ldr r3, [r1, 0x18]",0
"cmp r3, 0",0
beq 0xcab8,0
"ldrb r3, [r4, 0x58]",0
"tst r3, 1",0
bne 0xcac4,0
"ldr r3, [r4, 0x4c]",0
"cmp r3, 0",0
beq 0xd03c,0
"ldr r3, [r4, 8]",0
"add r0, r3, r3, lsl 1",0
"lsl r0, r0, 2",0
bl 0x1344,0
"str r0, [r4, 0x1c]",0
"cmp r0, 0",0
beq 0xd068,0
"ldr r3, [r4, 8]",0
"cmp r3, 0",0
beq 0xd080,0
"mov r1, 0",0
"mov r0, r1",0
"mov r2, r1",0
"ldr ip, [r4, 0x1c]",0
"add r3, ip, r1",0
"strb r2, [ip, r1]",0
"strb r2, [r3, 1]",0
"add r3, r3, 2",0
"strb r2, [r3], 1",0
"strb r2, [r3], 1",0
"strb r2, [r3], 1",0
"strb r2, [r3], 1",0
"strb r2, [r3], 1",0
"strb r2, [r3], 1",0
"strb r2, [r3], 1",0
"strb r2, [r3], 1",0
"strb r2, [r3], 1",0
"strb r2, [r3]",0
"add r0, r0, 1",0
"add r1, r1, 0xc",0
"ldr r3, [r4, 8]",0
"cmp r0, r3",0
blo 0xcaf8,0
"cmp r3, 0",0
beq 0xd080,0
"mov r8, 0",0
"mov sb, r8",0
"mov fp, r8",0
"ldr r3, [r4, 0x18]",0
"add r3, r3, r8",0
"ldr r7, [r3, 8]",0
"ldr r3, [r3, 4]",0
"cmp r3, 0",0
beq 0xcbb4,0
"sub r7, r7, 4",0
"mov r6, fp",0
"ldr r0, [r7, 4]!",0
"add r0, r0, r0, lsl 1",0
"ldr r3, [r4, 0x1c]",0
"add r0, r3, r0, lsl 2",0
"mov r1, sb",0
bl 0x6d34,0
"cmp r0, 0",0
beq 0xd08c,0
"add r6, r6, 1",0
"ldr r3, [r4, 0x18]",0
"add r3, r3, r8",0
"ldr r3, [r3, 4]",0
"cmp r6, r3",0
blo 0xcb7c,0
"add sb, sb, 1",0
"add r8, r8, 0xc",0
"ldr r3, [r4, 8]",0
"cmp sb, r3",0
blo 0xcb5c,0
b 0xd080,0
"ldrb r3, [r5, 0x58]",0
"tst r3, 4",0
beq 0xcd6c,0
"cmp sl, 0",0
bne 0xcd6c,0
"ldr r2, [sp, 8]",0
"ldr r3, [r2, 0x14]",0
"cmp r3, 0",0
bne 0xcd6c,0
"ldr lr, [r5, 8]",0
"cmp lr, 0",0
beq 0xcd44,0
"ldr r2, [r5]",0
"mov r0, r3",0
"mov ip, r3",0
"mov r4, 1",0
"ldrb r1, [r2, 4]",0
"sub r1, r1, 1",0
"cmp r1, 0xb",0
"ldrls pc, [pc, r1, lsl 2]   ; [0xcc20:4]=0x14c64",0
b 0xcccc,0
"andeq r4, r1, r4, ror 24",0
"ldrdeq r4, r5, [r1], -r4",0
"andeq r4, r1, r0, asr ip",0
"ldrdeq r4, r5, [r1], -r4",0
"ldrdeq r4, r5, [r1], -r0",0
"andeq r4, r1, ip, ror 26",0
"andeq r4, r1, ip, asr 25",0
"ldrdeq r4, r5, [r1], -r4",0
"ldrdeq r4, r5, [r1], -r4",0
"ldrdeq r4, r5, [r1], -r4",0
"ldrdeq r4, r5, [r1], -r4",0
"andeq r4, r1, r4, ror ip",0
"ldr r1, [r2]",0
"ldr r6, [r1, 0x10]",0
"cmp r6, 0",0
beq 0xcca4,0
b 0xcd6c,0
"ldrsb r1, [r2]",0
"cmp r1, 0",0
"movlt r0, 1",0
b 0xccd4,0
"ldr r1, [r2]",0
"cmp r1, 0x20",0
beq 0xccd4,0
bhi 0xcc90,0
"cmp r1, 0x10",0
bne 0xcd6c,0
b 0xccd4,0
"cmp r1, 0x40",0
beq 0xccd4,0
"cmp r1, 0x80",0
bne 0xcd6c,0
b 0xccd4,0
"ldr r6, [r1, 0x14]",0
"cmp r6, 0",0
bne 0xcd6c,0
"ldr r6, [r1, 0x18]",0
"cmp r6, 0",0
bne 0xcd6c,0
"ldr r1, [r1, 0x1c]",0
"cmp r1, 0",0
beq 0xccd4,0
b 0xcd6c,0
bl 0x14dc,0
"mov r3, r4",0
"add ip, ip, 1",0
"add r2, r2, 8",0
"cmp ip, lr",0
bne 0xcc0c,0
"orr r0, r3, r0",0
"tst r0, 0xff",0
beq 0xcd48,0
"mov r2, 0",0
"lsl ip, r2, 3",0
"ldr lr, [r5]",0
"add r1, lr, ip",0
"ldrb r0, [r1, 4]",0
"cmp r0, 1",0
bne 0xcd24,0
"ldrsb r0, [lr, ip]",0
"cmp r0, 0",0
"ldrblt r0, [r1, 6]",0
"biclt r0, r0, 0x20",0
"strblt r0, [r1, 6]",0
b 0xcd30,0
"cmp r0, 5",0
"moveq r0, 7",0
"strbeq r0, [r1, 4]",0
"add r2, r2, 1",0
"ldr r1, [r5, 8]",0
"cmp r2, r1",0
blo 0xccf4,0
b 0xcd48,0
"mov r3, 0",0
"mov r2, 1",0
"str r2, [r5, 0x5c]",0
"ldrb r2, [r5, 0x58]",0
"ldr r1, [r5, 0x4c]",0
"cmp r1, 0",0
"movne r3, 1",0
"and r2, r2, 0xf9",0
"orr r3, r2, r3, lsl 1",0
"strb r3, [r5, 0x58]",0
"ldr r3, [r5, 0x34]",0
"ldr r3, [r3, 0xc]",0
"ldr r3, [r3, 0x1c]",0
"str r3, [r5, 0x48]",0
"add r3, r3, r3, lsl 1",0
"ldr r1, [r5, 0x18]",0
"add r0, sp, 0x24",0
"add r1, r1, r3, lsl 2",0
bl 0x7ab0,0
"str r0, [sp, 0x20]",0
"cmp r0, 0",0
bne 0xcf2c,0
"ldr r3, [r5, 0x4c]",0
"cmp r3, 0",0
beq 0xce74,0
"ldr lr, [sp, 0x28]",0
"cmp lr, 0",0
beq 0xce74,0
"mov r4, 0",0
"mov r6, r4",0
"ldr r1, [sp, 0x2c]",0
"ldr r8, [r1, r4, lsl 2]",0
"ldr ip, [r5]",0
"add r7, ip, r8, lsl 3",0
"ldrb r3, [r7, 4]",0
"cmp r3, 4",0
bne 0xce64,0
"cmp lr, 0",0
beq 0xce64,0
"sub r1, r1, 4",0
"mov r3, r6",0
"ldr r2, [r1, 4]!",0
"add r0, ip, r2, lsl 3",0
"ldrb r0, [r0, 4]",0
"cmp r0, 9",0
bne 0xce0c,0
"ldr r0, [ip, r2, lsl 3]",0
"ldr r2, [r7]",0
"cmp r0, r2",0
beq 0xd074,0
"add r3, r3, 1",0
"cmp r3, lr",0
bne 0xcde8,0
b 0xce64,0
"ldr r3, [r5, 0x14]",0
"add r8, r8, r8, lsl 1",0
"add r3, r3, r8, lsl 2",0
"ldr r3, [r3, 8]",0
"ldr r7, [r3]",0
"add r0, sp, 0x24",0
"mov r1, r7",0
bl 0x5608,0
"cmp r0, 0",0
bne 0xce64,0
"add r7, r7, r7, lsl 1",0
"ldr r1, [r5, 0x18]",0
"add r0, sp, 0x24",0
"add r1, r1, r7, lsl 2",0
bl 0x6e90,0
"cmp r0, 0",0
bne 0xcf2c,0
"mov r4, r6",0
"add r4, r4, 1",0
"ldr lr, [sp, 0x28]",0
"cmp lr, r4",0
bhi 0xcdbc,0
"add r0, sp, 0x20",0
"mov r1, r5",0
"add r2, sp, 0x24",0
"mov r3, 0",0
bl 0x9884,0
"str r0, [r5, 0x24]",0
"cmp r0, 0",0
"ldreq r0, [sp, 0x20]",0
beq 0xcf2c,0
"ldrb r3, [r0, 0x34]",0
"tst r3, 0x80",0
"streq r0, [r5, 0x30]",0
"streq r0, [r5, 0x2c]",0
"streq r0, [r5, 0x28]",0
beq 0xcf20,0
"add r0, sp, 0x20",0
"mov r1, r5",0
"add r2, sp, 0x24",0
"mov r3, 1",0
bl 0x9884,0
"str r0, [r5, 0x28]",0
"add r0, sp, 0x20",0
"mov r1, r5",0
"add r2, sp, 0x24",0
"mov r3, 2",0
bl 0x9884,0
"str r0, [r5, 0x2c]",0
"add r0, sp, 0x20",0
"mov r1, r5",0
"add r2, sp, 0x24",0
"mov r3, 6",0
bl 0x9884,0
"str r0, [r5, 0x30]",0
"ldr r3, [r5, 0x28]",0
"cmp r3, 0",0
beq 0xcf18,0
"ldr r3, [r5, 0x2c]",0
"cmp r3, 0",0
beq 0xcf18,0
"cmp r0, 0",0
bne 0xcf20,0
"ldr r0, [sp, 0x20]",0
b 0xcf2c,0
"ldr r0, [sp, 0x2c]",0
bl 0x1230,0
"mov r0, 0",0
"str r0, [sp, 0x84]",0
"ldr r0, [sp, 8]",0
bl 0x6958,0
"add r0, sp, 0x30",0
bl 0x6740,0
"ldr r3, [sp, 0x84]",0
"cmp r3, 0",0
beq 0xcf78,0
"ldr r3, [0x0000d0a8]        ; [0xd0a8:4]=0",0
"cmp r3, 0",0
beq 0xcf60,0
"add r0, r5, 0x88",0
bl 0x120c,0
"mov r0, r5",0
bl 0x67e4,0
"mov r3, 0",0
"ldr r0, [sp, 8]",0
"str r3, [r0]",0
"str r3, [r0, 4]",0
"ldr r0, [sp, 0x84]",0
b 0xd098,0
"mov r0, 0xc",0
b 0xd098,0
"mov r3, 0",0
"str r3, [sp, 0x84]",0
"ldr r3, [0x0000d0a8]        ; [0xd0a8:4]=0",0
"cmp r3, 0",0
bne 0xc654,0
b 0xc69c,0
"mov r3, 0xc",0
"str r3, [sp, 0x84]",0
b 0xc67c,0
"mov r4, 0",0
"str r4, [sp, 0x84]",0
"ldr r1, [sp, 8]",0
"str r4, [r1, 0x18]",0
"ldr r6, [r1]",0
"ldr r2, [sp, 0x14]",0
"str r2, [r6, 0x80]",0
"add r0, sp, 0x24",0
"add r1, sp, 0x30",0
"orr r2, r2, 0x800000",0
bl 0x97c8,0
"str r4, [sp]",0
"add r3, sp, 0x84",0
"str r3, [sp, 4]",0
"add r0, sp, 0x30",0
"ldr r1, [sp, 8]",0
"add r2, sp, 0x24",0
"ldr r3, [sp, 0x14]",0
bl 0xc2f8,0
"mov r7, r0",0
"ldr r3, [sp, 0x84]",0
"cmp r3, r4",0
beq 0xc814,0
b 0xc808,0
"str r0, [sp, 0x84]",0
b 0xc7c4,0
"mov r0, r6",0
"mov r1, 0",0
"mov r2, r1",0
"mov r3, 2",0
bl 0x63a0,0
"mov r4, r0",0
b 0xc838,0
"mov r3, 0",0
"str r3, [r5, 0x34]",0
b 0xc7c4,0
"mov r3, 0",0
"str r3, [sp, 0x84]",0
b 0xcbcc,0
"mov r0, 0xc",0
b 0xd06c,0
"mov r0, 0xc",0
b 0xd06c,0
"mov r0, 0xc",0
b 0xd06c,0
"mov r0, 0xc",0
b 0xd06c,0
"mov r0, 0xc",0
"str r0, [sp, 0x84]",0
b 0xc7c4,0
"cmp r3, lr",0
bne 0xce1c,0
b 0xce64,0
"mov r3, 0",0
"str r3, [sp, 0x84]",0
b 0xcbcc,0
"mov r3, 0xc",0
"str r3, [sp, 0x84]",0
b 0xc7c4,0
"add sp, sp, 0x8c",0
"pop {r4, r5, r6, r7, r8, sb, sl, fp, pc}",0
beq 0xfeab7b4c,0
"andeq ip, r1, r4, asr r4",0
"andeq r0, r0, r0",0
"andeq sp, r0, r0, lsr 14",0
"andeq lr, r0, r4, asr r5",0
"andeq r0, r1, ip, lsl 10",0
"strheq sp, [r0], -r8",0
"andeq lr, r0, r0, ror 20",0
"push {r4, r5, r6, r7, r8, sb, sl, fp, lr}",0
"add fp, sp, 0x20",0
"sub sp, sp, 0xcc",0
"mov sl, r0",0
"str r1, [fp, -0xc0]",0
"mov r0, 0x2c00",0
bl 0x1344,0
"cmp r0, 0",0
"str r0, [fp, -0xdc]",0
beq 0xdb04,0
"str r0, [fp, -0xd0]",0
"add r4, r0, 0xc00",0
"str r4, [fp, -0xd8]",0
"mov r4, 0",0
"ldr r6, [fp, -0xc0]",0
"str r4, [r6, 0x2c]",0
"str r4, [r6, 0x30]",0
"sub r0, fp, 0xb4",0
bl 0x7a50,0
"str r4, [fp, -0xb8]",0
"str r4, [fp, -0xcc]",0
"ldr r4, [fp, -0xd8]",0
"str r4, [fp, -0xe4]",0
"sub sb, fp, 0xb4",0
"add r6, sb, 0x1c",0
"str r6, [fp, -0xe8]",0
"str sl, [fp, -0xd4]",0
"mov sl, 0",0
b 0xd5e4,0
"ldr r4, [fp, -0xcc]",0
"lsl r4, r4, 2",0
"str r4, [fp, -0xc8]",0
"ldr r6, [fp, -0xc0]",0
"ldr r3, [r6, 0xc]",0
"ldr r4, [fp, -0xcc]",0
"ldr r2, [r3, r4, lsl 2]",0
"ldr r6, [fp, -0xd4]",0
"ldr r3, [r6]",0
"add r4, r3, r2, lsl 3",0
"str r4, [fp, -0xc4]",0
"ldrb r6, [r4, 4]",0
"str r6, [fp, -0xbc]",0
"ldr r5, [r4, 4]",0
"lsl r5, r5, 0xe",0
"lsr r5, r5, 0x16",0
"cmp r6, 1",0
bne 0xd18c,0
"mov r0, sb",0
"ldrb r1, [r3, r2, lsl 3]",0
bl 0x538c,0
b 0xd274,0
"ldr r4, [fp, -0xbc]",0
"cmp r4, 3",0
bne 0xd1a8,0
"mov r0, sb",0
"ldr r1, [r3, r2, lsl 3]",0
bl 0x53f8,0
b 0xd274,0
"ldr r6, [fp, -0xbc]",0
"cmp r6, 5",0
bne 0xd220,0
"ldr r4, [fp, -0xd4]",0
"ldr r3, [r4, 0x5c]",0
"cmp r3, 1",0
ble 0xd1d4,0
"mov r0, sb",0
"ldr r1, [r4, 0x3c]",0
bl 0x53f8,0
b 0xd1e4,0
"mov r0, sb",0
"mvn r1, 0",0
"mov r2, 0x20",0
bl 0x13f8,0
"ldr r6, [fp, -0xd4]",0
"ldr r3, [r6, 0x80]",0
"tst r3, 0x40",0
bne 0xd200,0
"mov r0, sb",0
"mov r1, 0xa",0
bl 0x53a8,0
"ldr r4, [fp, -0xd4]",0
"ldr r3, [r4, 0x80]",0
"tst r3, 0x80",0
beq 0xd274,0
"mov r0, sb",0
"mov r1, 0",0
bl 0x53a8,0
b 0xd274,0
"ldr r6, [fp, -0xbc]",0
"cmp r6, 7",0
bne 0xd5d8,0
"mov r0, sb",0
"mvn r1, 0",0
"mov r2, 0x10",0
bl 0x13f8,0
"ldr r4, [fp, -0xd4]",0
"ldr r3, [r4, 0x80]",0
"tst r3, 0x40",0
bne 0xd258,0
"mov r0, sb",0
"mov r1, 0xa",0
bl 0x53a8,0
"ldr r6, [fp, -0xd4]",0
"ldr r3, [r6, 0x80]",0
"tst r3, 0x80",0
beq 0xd274,0
"mov r0, sb",0
"mov r1, 0",0
bl 0x53a8,0
"cmp r5, 0",0
beq 0xd388,0
"tst r5, 0x20",0
beq 0xd2b0,0
"mov r0, sb",0
"mov r1, 0xa",0
bl 0x53c4,0
"mov r4, r0",0
"mov r0, sb",0
bl 0x7a50,0
"cmp r4, 0",0
beq 0xd5d8,0
"mov r0, sb",0
"mov r1, 0xa",0
bl 0x538c,0
"tst r5, 0x80",0
beq 0xd2c4,0
"mov r0, sb",0
bl 0x7a50,0
b 0xd5d8,0
"tst r5, 4",0
beq 0xd380,0
"ldr r4, [fp, -0xbc]",0
"cmp r4, 1",0
bne 0xd2f4,0
"ldr r6, [fp, -0xc4]",0
"ldrb r3, [r6, 6]",0
"tst r3, 0x40",0
bne 0xd2f4,0
"mov r0, sb",0
bl 0x7a50,0
b 0xd5d8,0
"ldr r4, [fp, -0xd4]",0
"ldr r3, [r4, 0x5c]",0
"cmp r3, 1",0
ble 0xd348,0
"ldr ip, [r4, 0x3c]",0
"mov r2, r4",0
"mov r3, 0",0
"mov r1, r3",0
"ldr lr, [ip, r3]",0
"mvn lr, lr",0
"ldr r0, [r2, 0x60]",0
"orr lr, lr, r0",0
"ldr r0, [r3, sb]",0
"and r0, lr, r0",0
"str r0, [r3, sb]",0
"orr r1, r1, r0",0
"add r3, r3, 4",0
"add r2, r2, 4",0
"cmp r3, 0x20",0
bne 0xd314,0
b 0xd378,0
"ldr r2, [fp, -0xd4]",0
"sub r3, fp, 0xb8",0
"mov r1, 0",0
"ldr ip, [r2, 0x60]",0
"ldr r0, [r3, 4]",0
"and r0, ip, r0",0
"str r0, [r3, 4]!",0
"orr r1, r1, r0",0
"add r2, r2, 4",0
"ldr r6, [fp, -0xe8]",0
"cmp r3, r6",0
bne 0xd354,0
"cmp r1, 0",0
beq 0xd5d8,0
"tst r5, 8",0
bne 0xd3a4,0
"ldr r6, [fp, -0xe4]",0
"ldr r4, [fp, -0xd0]",0
"str r4, [fp, -0xe0]",0
"mov r7, r4",0
"mov r8, 0",0
"str r8, [fp, -0xb8]",0
b 0xd584,0
"ldr r6, [fp, -0xbc]",0
"cmp r6, 1",0
bne 0xd3cc,0
"ldr r4, [fp, -0xc4]",0
"ldrb r3, [r4, 6]",0
"tst r3, 0x40",0
beq 0xd3cc,0
"mov r0, sb",0
bl 0x7a50,0
b 0xd5d8,0
"ldr r6, [fp, -0xd4]",0
"ldr r3, [r6, 0x5c]",0
"cmp r3, 1",0
ble 0xd41c,0
"ldr ip, [r6, 0x3c]",0
"mov r1, r6",0
"mov r3, 0",0
"mov r2, r3",0
"ldr lr, [r1, 0x60]",0
"ldr r0, [ip, r3]",0
"and lr, lr, r0",0
"ldr r0, [r3, sb]",0
"bic r0, r0, lr",0
"str r0, [r3, sb]",0
"orr r2, r2, r0",0
"add r3, r3, 4",0
"add r1, r1, 4",0
"cmp r3, 0x20",0
bne 0xd3ec,0
b 0xd44c,0
"ldr r1, [fp, -0xd4]",0
"sub r3, fp, 0xb8",0
"mov r2, 0",0
"ldr ip, [r1, 0x60]",0
"ldr r0, [r3, 4]",0
"bic r0, r0, ip",0
"str r0, [r3, 4]!",0
"orr r2, r2, r0",0
"add r1, r1, 4",0
"ldr r4, [fp, -0xe8]",0
"cmp r3, r4",0
bne 0xd428,0
"cmp r2, 0",0
beq 0xd5d8,0
b 0xd388,0
"ldr r4, [fp, -0xbc]",0
"cmp r4, 1",0
beq 0xd474,0
"mov r4, r6",0
"mov r3, 0",0
"ldr r1, [fp, -0xb8]",0
b 0xd490,0
"mov r0, r6",0
"ldr r4, [fp, -0xc4]",0
"ldrb r1, [r4]",0
bl 0x53c4,0
"cmp r0, 0",0
bne 0xd464,0
b 0xd578,0
"ldr r0, [r4, r3]",0
"ldr r2, [r3, sb]",0
"and r2, r0, r2",0
"sub r0, fp, 0x94",0
"str r2, [r3, r0]",0
"orr r1, r1, r2",0
"add r3, r3, 4",0
"cmp r3, 0x20",0
bne 0xd490,0
"cmp r1, 0",0
beq 0xd578,0
"mov r3, 0",0
"ldr r5, [fp, -0xb8]",0
"mov ip, r5",0
"ldr r2, [r3, sb]",0
"ldr r1, [r4, r3]",0
"bic r0, r1, r2",0
"sub lr, fp, 0x74",0
"str r0, [r3, lr]",0
"orr ip, ip, r0",0
"bic r2, r2, r1",0
"str r2, [r3, sb]",0
"orr r5, r5, r2",0
"add r3, r3, 4",0
"cmp r3, 0x20",0
bne 0xd4c8,0
"cmp ip, 0",0
beq 0xd53c,0
"ldr r1, [fp, -0xd8]",0
"add r0, r1, sl, lsl 5",0
"mov r1, lr",0
bl 0x69a4,0
"mov r0, r4",0
"sub r1, fp, 0x94",0
bl 0x69a4,0
"mov r2, 0xc",0
"ldr r4, [fp, -0xd0]",0
"mla r0, r2, sl, r4",0
"mov r1, r7",0
bl 0x7ab0,0
"cmp r0, 0",0
bne 0xd568,0
"add sl, sl, 1",0
"ldr r4, [fp, -0xc0]",0
"ldr r3, [r4, 0xc]",0
"mov r0, r7",0
"ldr r4, [fp, -0xc8]",0
"ldr r1, [r3, r4]",0
bl 0x7044,0
"cmp r0, 0",0
beq 0xd568,0
"cmp r5, 0",0
bne 0xd578,0
b 0xd58c,0
"str sl, [fp, -0xb8]",0
"ldr sl, [fp, -0xd4]",0
"ldr r8, [fp, -0xb8]",0
b 0xd608,0
"add r8, r8, 1",0
"add r6, r6, 0x20",0
"add r7, r7, 0xc",0
"cmp r8, sl",0
blo 0xd458,0
"cmp r8, sl",0
bne 0xd5d8,0
"ldr r6, [fp, -0xd8]",0
"add r0, r6, r8, lsl 5",0
"mov r1, sb",0
bl 0x69a4,0
"ldr r4, [fp, -0xc0]",0
"ldr r3, [r4, 0xc]",0
"mov r6, 0xc",0
"ldr r4, [fp, -0xd0]",0
"mla r0, r6, r8, r4",0
"ldr r6, [fp, -0xc8]",0
"ldr r1, [r3, r6]",0
bl 0x61e8,0
"cmp r0, 0",0
bne 0xd604,0
"add sl, r8, 1",0
"mov r0, sb",0
bl 0x7a50,0
"ldr r4, [fp, -0xcc]",0
"add r4, r4, 1",0
"str r4, [fp, -0xcc]",0
"ldr r6, [fp, -0xc0]",0
"ldr r3, [r6, 8]",0
"ldr r4, [fp, -0xcc]",0
"cmp r3, r4",0
bhi 0xd134,0
"str sl, [fp, -0xb8]",0
"ldr sl, [fp, -0xd4]",0
b 0xd634,0
"ldr sl, [fp, -0xd4]",0
"mov r4, 0",0
"ldr r5, [fp, -0xe0]",0
b 0xd620,0
"ldr r0, [r5, -4]",0
bl 0x1230,0
"add r4, r4, 1",0
"add r5, r5, 0xc",0
"cmp r4, r8",0
bne 0xd614,0
"mvn r6, 0",0
"str r6, [fp, -0xb8]",0
"ldr r4, [fp, -0xb8]",0
"sub r3, r4, 1",0
"cmn r3, 4",0
bls 0xd678,0
"ldr r0, [fp, -0xdc]",0
bl 0x1230,0
"cmp r4, 0",0
"movne r0, 0",0
bne 0xdb0c,0
"mov r0, 4",0
"mov r1, 0x100",0
bl 0x1194,0
"ldr r6, [fp, -0xc0]",0
"str r0, [r6, 0x2c]",0
"adds r0, r0, 0",0
"movne r0, 1",0
b 0xdb0c,0
"sub r0, fp, 0x34",0
"ldr r4, [fp, -0xb8]",0
"add r1, r4, 1",0
bl 0x61b8,0
"str r0, [fp, -0x28]",0
"cmp r0, 0",0
bne 0xd700,0
"ldr r3, [0x0000db14]        ; [0xdb14:4]=0x155551aa",0
"cmp r4, r3",0
bhi 0xd700,0
"mov r0, 0xc",0
"mul r0, r4, r0",0
"add r3, r0, 0x2c00",0
"cmp r3, 0xfc0",0
bhs 0xd6d0,0
"add r3, r0, 0xe",0
"bic r3, r3, 7",0
"sub sp, sp, r3",0
"str sp, [fp, -0xcc]",0
"mov r6, 0",0
"str r6, [fp, -0xd0]",0
b 0xd744,0
bl 0x1344,0
"cmp r0, 0",0
"str r0, [fp, -0xcc]",0
beq 0xd700,0
"mov r4, 1",0
"str r4, [fp, -0xd0]",0
b 0xd744,0
"ldr r6, [fp, -0xd0]",0
"cmp r6, 0",0
beq 0xd700,0
"ldr r0, [fp, -0xcc]",0
bl 0x1230,0
"ldr r0, [fp, -0x2c]",0
bl 0x1230,0
"mov r4, 0",0
"mov r5, 0xc",0
b 0xd728,0
"ldr r6, [fp, -0xdc]",0
"mla r3, r5, r4, r6",0
"ldr r0, [r3, 8]",0
bl 0x1230,0
"add r4, r4, 1",0
"ldr r6, [fp, -0xb8]",0
"cmp r4, r6",0
bne 0xd714,0
"ldr r0, [fp, -0xdc]",0
bl 0x1230,0
"mov r0, 0",0
b 0xdb0c,0
"ldr r4, [fp, -0xcc]",0
"ldr r6, [fp, -0xb8]",0
"add r4, r4, r6, lsl 2",0
"str r4, [fp, -0xbc]",0
"ldr r4, [fp, -0xcc]",0
"add sb, r4, r6, lsl 3",0
"sub r0, fp, 0x54",0
bl 0x7a50,0
"ldr r8, [fp, -0xcc]",0
"mov r6, 0",0
"str r6, [fp, -0xc8]",0
"mov r7, r6",0
"mov r6, 0xc",0
"str sb, [fp, -0xc4]",0
"ldr sb, [fp, -0xdc]",0
b 0xd8c0,0
"mov r4, 0",0
"str r4, [fp, -0x30]",0
"mla r5, r6, r7, sb",0
b 0xd7cc,0
"ldr r3, [r5, 8]",0
"ldr r2, [r3, r4, lsl 2]",0
"ldr r3, [sl, 0xc]",0
"ldr r3, [r3, r2, lsl 2]",0
"cmn r3, 1",0
beq 0xd7c8,0
"ldr r1, [sl, 0x18]",0
"sub r0, fp, 0x34",0
"mla r1, r6, r3, r1",0
bl 0x6e90,0
"str r0, [fp, -0x28]",0
"cmp r0, 0",0
bne 0xd6ec,0
"add r4, r4, 1",0
"ldr r3, [r5, 4]",0
"cmp r3, r4",0
bhi 0xd794,0
"sub r0, fp, 0x28",0
"mov r1, sl",0
"sub r2, fp, 0x34",0
"mov r3, 0",0
bl 0x9884,0
"str r0, [r8], 4",0
"cmp r0, 0",0
bne 0xd804,0
"ldr r3, [fp, -0x28]",0
"cmp r3, 0",0
bne 0xd6ec,0
"ldrb r3, [r0, 0x34]",0
"tst r3, 0x80",0
beq 0xd898,0
"sub r0, fp, 0x28",0
"mov r1, sl",0
"sub r2, fp, 0x34",0
"mov r3, 1",0
bl 0x9884,0
"lsl r4, r7, 2",0
"ldr r1, [fp, -0xbc]",0
"str r0, [r1, r7, lsl 2]",0
"cmp r0, 0",0
bne 0xd844,0
"ldr r3, [fp, -0x28]",0
"cmp r3, 0",0
bne 0xd6ec,0
"ldr r3, [r8, -4]",0
"cmp r0, r3",0
beq 0xd864,0
"ldr r3, [sl, 0x5c]",0
"ldr r2, [fp, -0xc8]",0
"cmp r3, 1",0
"movgt r2, 1",0
"str r2, [fp, -0xc8]",0
"sub r0, fp, 0x28",0
"mov r1, sl",0
"sub r2, fp, 0x34",0
"mov r3, 2",0
bl 0x9884,0
"ldr r3, [fp, -0xc4]",0
"str r0, [r3, r4]",0
"cmp r0, 0",0
bne 0xd8ac,0
"ldr r3, [fp, -0x28]",0
"cmp r3, 0",0
beq 0xd8ac,0
b 0xd6ec,0
"ldr r4, [fp, -0xbc]",0
"str r0, [r4, r7, lsl 2]",0
"ldr r3, [r8, -4]",0
"ldr r4, [fp, -0xc4]",0
"str r3, [r4, r7, lsl 2]",0
"add r1, r7, 0x60",0
"sub r0, fp, 0x54",0
"add r1, sb, r1, lsl 5",0
bl 0x53f8,0
"add r7, r7, 1",0
"ldr r4, [fp, -0xb8]",0
"cmp r7, r4",0
bne 0xd784,0
"ldr sb, [fp, -0xc4]",0
"ldr r6, [fp, -0xc8]",0
"cmp r6, 0",0
bne 0xd99c,0
"mov r0, 4",0
"mov r1, 0x100",0
bl 0x1194,0
"mov r7, r0",0
"ldr r4, [fp, -0xc0]",0
"str r0, [r4, 0x2c]",0
"cmp r0, 0",0
beq 0xd6ec,0
"mov ip, r0",0
"mov lr, sl",0
"mov r0, 0",0
"mov r8, r0",0
"str r0, [fp, -0xc0]",0
"ldr sl, [fp, -0xbc]",0
"sub r3, fp, 0x54",0
"ldr r3, [r3, r0, lsl 2]",0
"mov r1, r8",0
"mov r2, 1",0
"ldr r6, [fp, -0xdc]",0
"add r5, r6, r0, lsl 2",0
b 0xd97c,0
"tst r3, 1",0
beq 0xd970,0
b 0xd944,0
"add r4, r4, 1",0
b 0xd948,0
"ldr r4, [fp, -0xc0]",0
"add r6, r4, 0x60",0
"ldr r6, [r5, r6, lsl 5]",0
"tst r2, r6",0
beq 0xd93c,0
"ldr r6, [lr, 0x60]",0
"tst r2, r6",0
"ldrne r4, [sl, r4, lsl 2]",0
"ldreq r6, [fp, -0xcc]",0
"ldreq r4, [r6, r4, lsl 2]",0
"str r4, [ip, r1]",0
"lsl r2, r2, 1",0
"lsr r3, r3, 1",0
"add r1, r1, 4",0
"cmp r3, 0",0
bne 0xd930,0
"add r0, r0, 1",0
"add ip, ip, 0x80",0
"add lr, lr, 4",0
"cmp r0, 8",0
bne 0xd914,0
b 0xda44,0
"mov r0, 4",0
"mov r1, 0x200",0
bl 0x1194,0
"mov r7, r0",0
"ldr r4, [fp, -0xc0]",0
"str r0, [r4, 0x30]",0
"cmp r0, 0",0
beq 0xd6ec,0
"mov r3, 0",0
"mov r5, 1",0
"mov r6, r3",0
"ldr r4, [fp, -0xcc]",0
"ldr r8, [fp, -0xbc]",0
"sub r2, fp, 0x54",0
"ldr r0, [r2, r3, lsl 2]",0
"add r1, r7, r3, lsl 7",0
"mov ip, r5",0
"ldr r2, [fp, -0xdc]",0
"add lr, r2, r3, lsl 2",0
b 0xda30,0
"tst r0, 1",0
beq 0xda24,0
b 0xda00,0
"add r2, r2, 1",0
b 0xda04,0
"mov r2, r6",0
"add sl, r2, 0x60",0
"ldr sl, [lr, sl, lsl 5]",0
"tst ip, sl",0
beq 0xd9f8,0
"ldr sl, [r4, r2, lsl 2]",0
"str sl, [r1]",0
"ldr r2, [r8, r2, lsl 2]",0
"str r2, [r1, 0x400]",0
"lsl ip, ip, 1",0
"lsr r0, r0, 1",0
"add r1, r1, 4",0
"cmp r0, 0",0
bne 0xd9ec,0
"add r3, r3, 1",0
"cmp r3, 8",0
bne 0xd9d0,0
"sub r0, fp, 0x54",0
"mov r1, 0xa",0
bl 0x53c4,0
"cmp r0, 0",0
bne 0xda98,0
b 0xdaac,0
"add r0, r4, 0x60",0
"ldr r6, [fp, -0xdc]",0
"add r0, r6, r0, lsl 5",0
"mov r1, r5",0
bl 0x53c4,0
"cmp r0, 0",0
beq 0xda90,0
"ldr r3, [sb, r4, lsl 2]",0
"str r3, [r7, 0x28]",0
"ldr r4, [fp, -0xc8]",0
"cmp r4, 0",0
"strne r3, [r7, 0x428]",0
b 0xdaac,0
"add r4, r4, 1",0
b 0xdaa0,0
"mov r4, 0",0
"mov r5, 0xa",0
"ldr r6, [fp, -0xb8]",0
"cmp r4, r6",0
bne 0xda5c,0
"ldr r4, [fp, -0xd0]",0
"cmp r4, 0",0
beq 0xdac0,0
"ldr r0, [fp, -0xcc]",0
bl 0x1230,0
"ldr r0, [fp, -0x2c]",0
bl 0x1230,0
"mov r4, 0",0
"mov r5, 0xc",0
"ldr r6, [fp, -0xdc]",0
"ldr r7, [fp, -0xb8]",0
b 0xdaec,0
"mla r3, r5, r4, r6",0
"ldr r0, [r3, 8]",0
bl 0x1230,0
"add r4, r4, 1",0
"cmp r4, r7",0
bne 0xdadc,0
"ldr r0, [fp, -0xdc]",0
bl 0x1230,0
"mov r0, 1",0
b 0xdb0c,0
"mov r0, 0",0
b 0xdb0c,0
"sub sp, fp, 0x20",0
"pop {r4, r5, r6, r7, r8, sb, sl, fp, pc}",0
"ldrbne r5, [r5, -0x1aa]",0
"push {r4, r5, r6, r7, r8, sb, sl, fp, lr}",0
"sub sp, sp, 0x1c",0
"mov r6, r0",0
"mov r7, r1",0
"mov fp, r2",0
"str r3, [sp, 4]",0
"add r5, r1, r1, lsl 1",0
"ldr r3, [r0, 0x1c]",0
"add r5, r3, r5, lsl 2",0
"mov r3, 0",0
"str r3, [sp, 0xc]",0
"str r3, [sp, 0x10]",0
"str r3, [sp, 0x14]",0
"ldr r3, [r5, 4]",0
"cmp r3, 0",0
beq 0xdc8c,0
"mov r4, 0",0
"ldr r3, [r5, 8]",0
"ldr sl, [r3, r4, lsl 2]",0
"cmp sl, r7",0
beq 0xdc2c,0
"ldr r3, [r6]",0
"add r3, r3, sl, lsl 3",0
"ldrb r3, [r3, 4]",0
"tst r3, 8",0
beq 0xdc2c,0
"add sl, sl, sl, lsl 1",0
"lsl sl, sl, 2",0
"ldr r3, [r6, 0x14]",0
"add r3, r3, sl",0
"ldr r2, [r3, 8]",0
"ldr r8, [r2]",0
"ldr r3, [r3, 4]",0
"cmp r3, 1",0
"ldrhi sb, [r2, 4]",0
"mvnls sb, 0",0
"mov r0, r5",0
"mov r1, r8",0
bl 0x5608,0
"cmp r0, 0",0
bne 0xdbd0,0
"mov r0, fp",0
"mov r1, r8",0
bl 0x5608,0
"cmp r0, 0",0
bne 0xdc04,0
"sub r3, sb, 1",0
"cmn r3, 4",0
bhi 0xdc2c,0
"mov r0, r5",0
"mov r1, sb",0
bl 0x5608,0
"cmp r0, 0",0
bne 0xdc2c,0
"mov r0, fp",0
"mov r1, sb",0
bl 0x5608,0
"cmp r0, 0",0
beq 0xdc2c,0
"ldr r2, [r6, 0x1c]",0
"add r0, sp, 0xc",0
"ldr r1, [sp, 4]",0
"add r2, r2, sl",0
bl 0x7350,0
"subs r8, r0, 0",0
beq 0xdc2c,0
"ldr r0, [sp, 0x14]",0
bl 0x1230,0
b 0xdc98,0
"add r4, r4, 1",0
"ldr r3, [r5, 4]",0
"cmp r3, r4",0
bhi 0xdb5c,0
"cmp r3, 0",0
beq 0xdc8c,0
"mov r4, 0",0
"ldr r3, [r5, 8]",0
"ldr r6, [r3, r4, lsl 2]",0
"add r0, sp, 0xc",0
"mov r1, r6",0
bl 0x5608,0
"cmp r0, 0",0
bne 0xdc7c,0
"mov r0, fp",0
"mov r1, r6",0
bl 0x5608,0
"sub r1, r0, 1",0
"mov r0, fp",0
bl 0x56a8,0
"add r4, r4, 1",0
"ldr r3, [r5, 4]",0
"cmp r3, r4",0
bhi 0xdc48,0
"ldr r0, [sp, 0x14]",0
bl 0x1230,0
"mov r8, 0",0
"mov r0, r8",0
"add sp, sp, 0x1c",0
"pop {r4, r5, r6, r7, r8, sb, sl, fp, pc}",0
"push {r4, r5, r6, r7, r8, sb, sl, fp, lr}",0
"sub sp, sp, 0x64",0
"str r0, [sp, 0x14]",0
"mov fp, r1",0
"str r2, [sp, 0xc]",0
"mov r5, r3",0
"ldr r6, [r0, 0x54]",0
"mov r3, 0",0
"str r3, [sp, 0x5c]",0
"lsl r1, r2, 2",0
"str r1, [sp, 0x2c]",0
"ldr r3, [r0, 0x64]",0
"ldr r1, [sp, 0xc]",0
"ldr r3, [r3, r1, lsl 2]",0
"cmp r3, 0",0
beq 0xe2cc,0
"add sl, r3, 4",0
"ldr r3, [r5, 4]",0
"cmp r3, 0",0
bne 0xdd10,0
b 0xdcfc,0
"mov sl, 0",0
"ldr r3, [fp]",0
"mov r2, 0",0
"ldr r1, [sp, 0xc]",0
"str r2, [r3, r1, lsl 2]",0
b 0xe000,0
"cmp sl, 0",0
beq 0xdfd8,0
"add r0, sp, 0x60",0
"mov r3, 0",0
"str r3, [r0, -0x24]!",0
"mov r1, r6",0
"mov r2, r5",0
bl 0x9c50,0
"mov r8, r0",0
"ldr r4, [sp, 0x3c]",0
"cmp r4, 0",0
bne 0xe310,0
"ldr r3, [r0, 0x1c]",0
"cmp r3, 0",0
bne 0xddac,0
"add r7, r0, 0x1c",0
"mov r0, r7",0
"ldr r1, [r5, 4]",0
bl 0x61b8,0
"str r0, [sp, 0x3c]",0
"cmp r0, 0",0
bne 0xe2e0,0
"ldr r3, [r5, 4]",0
"cmp r3, 0",0
beq 0xddac,0
"ldr r3, [r5, 8]",0
"ldr r1, [r3, r4, lsl 2]",0
"add r1, r1, r1, lsl 1",0
"ldr r3, [r6, 0x1c]",0
"mov r0, r7",0
"add r1, r3, r1, lsl 2",0
bl 0x6e90,0
"str r0, [sp, 0x3c]",0
"cmp r0, 0",0
bne 0xe2e8,0
"add r4, r4, 1",0
"ldr r3, [r5, 4]",0
"cmp r4, r3",0
blo 0xdd74,0
"mov r0, r5",0
"mov r1, sl",0
"add r2, r8, 0x1c",0
bl 0x7350,0
"mov r4, r0",0
"str r0, [sp, 0x5c]",0
"cmp r0, 0",0
bne 0xe310,0
"ldr r3, [fp, 0x14]",0
"cmp r3, 0",0
beq 0xdfd8,0
"add sb, fp, 0x10",0
"ldr r2, [sp, 0x14]",0
"ldr r2, [r2, 0x74]",0
"str r2, [sp, 0x10]",0
beq 0xe2f0,0
"str sl, [sp, 0x18]",0
"str fp, [sp, 0x20]",0
"ldr fp, [sp, 0xc]",0
"ldr r3, [sb, 8]",0
"ldr r3, [r3, r4, lsl 2]",0
"add r3, r3, r3, lsl 2",0
"ldr r1, [sp, 0x10]",0
"add r2, r1, r3, lsl 2",0
"ldr r1, [r2, 8]",0
"cmp fp, r1",0
bls 0xdfbc,0
"ldr r1, [r2, 4]",0
"cmp fp, r1",0
bhi 0xdfbc,0
"ldr ip, [r6]",0
"ldr r1, [sp, 0x10]",0
"ldr r3, [r1, r3, lsl 2]",0
"ldr r7, [ip, r3, lsl 3]",0
"ldr r3, [r2, 0xc]",0
"cmp fp, r3",0
beq 0xde54,0
"ldr r3, [r5, 4]",0
"cmp r3, 0",0
"movne r8, 0",0
bne 0xdf68,0
b 0xdfbc,0
"ldr lr, [r5, 4]",0
"cmp lr, 0",0
beq 0xdfbc,0
"ldr r3, [r5, 8]",0
"add lr, r3, lr, lsl 2",0
"mvn r8, 0",0
"mov r1, r8",0
"ldr r2, [r3], 4",0
"add r0, ip, r2, lsl 3",0
"ldrb r0, [r0, 4]",0
"cmp r0, 8",0
bne 0xde94,0
"ldr r0, [ip, r2, lsl 3]",0
"cmp r7, r0",0
"moveq r1, r2",0
b 0xdea8,0
"cmp r0, 9",0
bne 0xdea8,0
"ldr r0, [ip, r2, lsl 3]",0
"cmp r7, r0",0
"moveq r8, r2",0
"cmp r3, lr",0
bne 0xde70,0
"cmn r1, 3",0
bhi 0xded0,0
"mov r0, r6",0
"mov r2, r5",0
"ldr r3, [sp, 0x18]",0
bl 0xdb18,0
"cmp r0, 0",0
bne 0xe2fc,0
"cmn r8, 3",0
bhi 0xdfbc,0
"ldr r3, [r5, 4]",0
"cmp r3, 0",0
beq 0xdfbc,0
"mov r7, 0",0
"str sb, [sp, 0x1c]",0
"mov sb, r8",0
"ldr r3, [r5, 8]",0
"ldr r8, [r3, r7, lsl 2]",0
"add sl, r8, r8, lsl 1",0
"lsl sl, sl, 2",0
"ldr r0, [r6, 0x1c]",0
"add r0, r0, sl",0
"mov r1, sb",0
bl 0x5608,0
"cmp r0, 0",0
bne 0xdf50,0
"ldr r0, [r6, 0x18]",0
"add r0, r0, sl",0
"mov r1, sb",0
bl 0x5608,0
"cmp r0, 0",0
bne 0xdf50,0
"mov r0, r6",0
"mov r1, r8",0
"mov r2, r5",0
"ldr r3, [sp, 0x18]",0
bl 0xdb18,0
"cmp r0, 0",0
bne 0xe304,0
"sub r7, r7, 1",0
"add r7, r7, 1",0
"ldr r3, [r5, 4]",0
"cmp r7, r3",0
blo 0xdef0,0
"ldr sb, [sp, 0x1c]",0
b 0xdfbc,0
"ldr r3, [r5, 8]",0
"ldr r1, [r3, r8, lsl 2]",0
"ldr r3, [r6]",0
"add r2, r3, r1, lsl 3",0
"ldrb r2, [r2, 4]",0
"sub r2, r2, 8",0
"cmp r2, 1",0
bhi 0xdfac,0
"ldr r3, [r3, r1, lsl 3]",0
"cmp r7, r3",0
bne 0xdfac,0
"mov r0, r6",0
"mov r2, r5",0
"ldr r3, [sp, 0x18]",0
bl 0xdb18,0
"cmp r0, 0",0
bne 0xe30c,0
"add r8, r8, 1",0
"ldr r3, [r5, 4]",0
"cmp r8, r3",0
blo 0xdf68,0
"add r4, r4, 1",0
"ldr r3, [sb, 4]",0
"cmp r4, r3",0
blo 0xddf8,0
"ldr sl, [sp, 0x18]",0
"ldr fp, [sp, 0x20]",0
b 0xe2f0,0
"ldr r4, [fp]",0
"add r0, sp, 0x5c",0
"mov r1, r6",0
"mov r2, r5",0
bl 0x9c50,0
"ldr r2, [sp, 0xc]",0
"str r0, [r4, r2, lsl 2]",0
"ldr r4, [sp, 0x5c]",0
"cmp r4, 0",0
bne 0xe310,0
"cmp sl, 0",0
beq 0xe2c4,0
"ldr r1, [sp, 0x14]",0
"ldr r3, [r1, 0x64]",0
"ldr r2, [sp, 0xc]",0
"ldr r3, [r3, r2, lsl 2]",0
"ldrb r3, [r3, 0x34]",0
"tst r3, 0x40",0
"moveq r4, 0",0
beq 0xe310,0
"ldr r8, [r1, 0x54]",0
"mov r0, r1",0
"mov r1, r2",0
bl 0x5cb4,0
"str r0, [sp, 0x28]",0
"cmn r0, 1",0
"moveq r4, 0",0
beq 0xe310,0
"mov r3, 0",0
"str r3, [sp, 0x40]",0
"ldr r3, [sl, 4]",0
"cmp r3, 0",0
beq 0xe2bc,0
"add r3, r0, r0, lsl 2",0
"lsl r3, r3, 2",0
"str r3, [sp, 0x10]",0
"mov sb, 0",0
"add r2, fp, 0x10",0
"str r2, [sp, 0x30]",0
"ldr r3, [sp, 0xc]",0
"add r3, r3, 1",0
"str r3, [sp, 0x34]",0
"ldr r3, [sl, 8]",0
"ldr r5, [r3, sb, lsl 2]",0
"ldr r3, [r8]",0
"add r3, r3, r5, lsl 3",0
"ldrb r2, [r3, 4]",0
"ldr r3, [fp, 8]",0
"cmp r5, r3",0
bne 0xe0b0,0
"ldr r3, [fp, 0xc]",0
"ldr r1, [sp, 0xc]",0
"cmp r1, r3",0
beq 0xe270,0
"cmp r2, 4",0
bne 0xe270,0
"ldr r2, [sp, 0x14]",0
"ldr r4, [r2, 0x74]",0
"ldr r3, [sp, 0x10]",0
"add r4, r4, r3",0
"lsl r1, r5, 2",0
"str r1, [sp, 0x18]",0
"add r3, r5, r5, lsl 1",0
"lsl r3, r3, 2",0
"str r3, [sp, 0x1c]",0
"ldr r6, [sp, 0x10]",0
"ldr r7, [sp, 0x28]",0
"str sl, [sp, 0x20]",0
"str sb, [sp, 0x24]",0
"ldr r3, [r4]",0
"cmp r5, r3",0
bne 0xe250,0
"ldr r2, [r4, 0xc]",0
"ldr r3, [r4, 8]",0
"rsb r3, r3, r2",0
"ldr r2, [sp, 0xc]",0
"add sl, r2, r3",0
"cmp r3, 0",0
"ldrne r3, [r8, 0xc]",0
"ldrne r1, [sp, 0x18]",0
"ldrne sb, [r3, r1]",0
"ldreq r3, [r8, 0x14]",0
"ldreq r2, [sp, 0x1c]",0
"addeq r3, r3, r2",0
"ldreq r3, [r3, 8]",0
"ldreq sb, [r3]",0
"ldr r3, [fp, 0xc]",0
"cmp sl, r3",0
bhi 0xe250,0
"ldr r3, [fp]",0
"ldr r0, [r3, sl, lsl 2]",0
"cmp r0, 0",0
beq 0xe250,0
"add r0, r0, 4",0
"mov r1, sb",0
bl 0x5608,0
"cmp r0, 0",0
beq 0xe250,0
"str sb, [sp]",0
"str sl, [sp, 4]",0
"ldr r0, [sp, 0x14]",0
"ldr r1, [sp, 0x30]",0
"mov r2, r5",0
"ldr r3, [sp, 0xc]",0
bl 0x5d6c,0
"cmp r0, 0",0
bne 0xe250,0
"ldr r3, [sp, 0x40]",0
"cmp r3, 0",0
bne 0xe1bc,0
"add ip, sp, 0x40",0
"mov lr, fp",0
"ldm lr!, {r0, r1, r2, r3}",0
"stm ip!, {r0, r1, r2, r3}",0
"ldm lr, {r0, r1, r2}",0
"stm ip, {r0, r1, r2}",0
"add r0, sp, 0x50",0
"ldr r1, [sp, 0x30]",0
bl 0x7ab0,0
"cmp r0, 0",0
bne 0xe290,0
"str r5, [sp, 0x48]",0
"ldr r3, [sp, 0xc]",0
"str r3, [sp, 0x4c]",0
"add r0, sp, 0x50",0
"mov r1, r7",0
bl 0x7044,0
"cmp r0, 0",0
beq 0xe288,0
"ldr r3, [sp, 0x40]",0
"ldr r1, [sp, 0x2c]",0
"ldr r4, [r3, r1]",0
"ldr r0, [sp, 0x14]",0
"add r1, sp, 0x40",0
bl 0xe31c,0
"cmp r0, 0",0
bne 0xe298,0
"ldr r1, [fp, 4]",0
"cmp r1, 0",0
beq 0xe220,0
"mov r0, r8",0
"ldr r2, [sp, 0x40]",0
"ldr r3, [sp, 0x34]",0
bl 0xa058,0
"cmp r0, 0",0
bne 0xe2a0,0
"ldr r3, [sp, 0x40]",0
"ldr r2, [sp, 0x2c]",0
"str r4, [r3, r2]",0
"add r0, sp, 0x50",0
"mov r1, r7",0
bl 0x5608,0
"sub r1, r0, 1",0
"add r0, sp, 0x50",0
bl 0x56a8,0
"ldr r3, [sp, 0x14]",0
"ldr r4, [r3, 0x74]",0
"add r4, r4, r6",0
"add r7, r7, 1",0
"ldrb r3, [r4, 0x10]",0
"add r4, r4, 0x14",0
"add r6, r6, 0x14",0
"cmp r3, 0",0
bne 0xe0ec,0
"ldr sl, [sp, 0x20]",0
"ldr sb, [sp, 0x24]",0
"add sb, sb, 1",0
"ldr r3, [sl, 4]",0
"cmp sb, r3",0
blo 0xe080,0
"mov r4, 0",0
b 0xe2a4,0
"mov r4, 0xc",0
b 0xe2a4,0
"mov r4, r0",0
b 0xe2a4,0
"mov r4, r0",0
b 0xe2a4,0
"mov r4, r0",0
"ldr r3, [sp, 0x40]",0
"cmp r3, 0",0
beq 0xe310,0
"ldr r0, [sp, 0x58]",0
bl 0x1230,0
b 0xe310,0
"mov r4, 0",0
b 0xe310,0
"mov r4, 0",0
b 0xe310,0
"ldr r3, [r5, 4]",0
"cmp r3, 0",0
"movne sl, 0",0
bne 0xdfd8,0
b 0xdcf8,0
"mov r4, 0xc",0
b 0xe310,0
"mov r4, 0xc",0
b 0xe310,0
"mov r3, 0",0
"str r3, [sp, 0x5c]",0
b 0xdfd8,0
"mov r4, r0",0
b 0xe310,0
"mov r4, r0",0
b 0xe310,0
"mov r4, r0",0
"mov r0, r4",0
"add sp, sp, 0x64",0
"pop {r4, r5, r6, r7, r8, sb, sl, fp, pc}",0
"push {r4, r5, r6, r7, r8, sb, sl, fp, lr}",0
"sub sp, sp, 0x3c",0
"mov sb, r0",0
"mov sl, r1",0
"ldr fp, [r1, 0xc]",0
"add r0, sp, 0x2c",0
"ldr r1, [r1, 8]",0
bl 0x61e8,0
"subs r4, r0, 0",0
bne 0xe5bc,0
"mov r0, sb",0
"mov r1, sl",0
"mov r2, fp",0
"add r3, sp, 0x2c",0
bl 0xdca4,0
"cmp r0, 0",0
"str r0, [sp, 0x24]",0
beq 0xe560,0
b 0xe58c,0
"lsl r2, fp, 2",0
"str r2, [sp, 0x18]",0
"mov r3, 0",0
"str r3, [sp, 0x20]",0
"add ip, sl, 0x10",0
"str ip, [sp, 0x1c]",0
"ldr r0, [sl]",0
"ldr r2, [sp, 0x18]",0
"ldr r3, [r0, r2]",0
"cmp r3, 0",0
"ldreq r3, [sp, 0x20]",0
"addeq r3, r3, 1",0
"streq r3, [sp, 0x20]",0
"movne ip, 0",0
"strne ip, [sp, 0x20]",0
"ldr r3, [sb, 0x78]",0
"ldr r2, [sp, 0x20]",0
"cmp r2, r3",0
ble 0xe3d0,0
"mov r1, 0",0
"ldr r2, [sp, 0x18]",0
bl 0x13f8,0
"ldr r0, [sp, 0x34]",0
bl 0x1230,0
"ldr r4, [sp, 0x24]",0
b 0xe5bc,0
"mov r3, 0",0
"str r3, [sp, 0x30]",0
"sub fp, fp, 1",0
"ldr r3, [sb, 0x64]",0
"ldr ip, [sp, 0x18]",0
"add r3, r3, ip",0
"ldr r7, [r3, -4]",0
"cmp r7, 0",0
beq 0xe53c,0
"ldr r8, [sb, 0x54]",0
"ldr r3, [r7, 0x14]",0
"cmp r3, 0",0
beq 0xe53c,0
"mov r4, 0",0
"ldr r3, [r7, 0x18]",0
"ldr r5, [r3, r4, lsl 2]",0
"lsl r6, r5, 3",0
"ldr r3, [r8]",0
"add r3, r3, r6",0
"ldrb r3, [r3, 6]",0
"tst r3, 0x10",0
beq 0xe4a0,0
"ldr r2, [sl, 0xc]",0
"str r2, [sp, 0x14]",0
"ldr r3, [sb, 0x54]",0
"str r3, [sp, 0x10]",0
"mov r0, r3",0
"mov r1, r5",0
"mov r2, sb",0
"mov r3, fp",0
bl 0xa108,0
"cmp r0, 0",0
"str r0, [sp, 0xc]",0
ble 0xe494,0
"add r3, r0, fp",0
"ldr ip, [sp, 0x14]",0
"cmp ip, r3",0
blo 0xe494,0
"ldr r2, [sl]",0
"ldr r0, [r2, r3, lsl 2]",0
"cmp r0, 0",0
beq 0xe4a0,0
"ldr r2, [sp, 0x10]",0
"ldr r3, [r2, 0xc]",0
"add r0, r0, 4",0
"ldr r1, [r3, r5, lsl 2]",0
bl 0x5608,0
"cmp r0, 0",0
beq 0xe4a0,0
"ldr r3, [sp, 0xc]",0
"cmp r3, 0",0
bne 0xe5ac,0
"ldr r1, [r8]",0
"mov r0, sb",0
"add r1, r1, r6",0
"mov r2, fp",0
bl 0x7814,0
"cmp r0, 0",0
beq 0xe52c,0
"ldr r3, [sl]",0
"ldr ip, [sp, 0x18]",0
"ldr r0, [r3, ip]",0
"cmp r0, 0",0
beq 0xe52c,0
"ldr r3, [r8, 0xc]",0
"add r0, r0, 4",0
"ldr r1, [r3, r5, lsl 2]",0
bl 0x5608,0
"cmp r0, 0",0
bne 0xe5a4,0
b 0xe52c,0
"ldr r3, [r8, 0xc]",0
"ldr r2, [r3, r5, lsl 2]",0
"str r5, [sp]",0
"str fp, [sp, 4]",0
"mov r0, sb",0
"ldr r1, [sp, 0x1c]",0
"ldr ip, [sp, 0xc]",0
"add r3, ip, fp",0
bl 0x5d6c,0
"cmp r0, 0",0
bne 0xe52c,0
"add r0, sp, 0x2c",0
"mov r1, r5",0
bl 0x7044,0
"cmp r0, 0",0
beq 0xe594,0
"add r4, r4, 1",0
"ldr r3, [r7, 0x14]",0
"cmp r4, r3",0
blo 0xe408,0
"mov r0, sb",0
"mov r1, sl",0
"mov r2, fp",0
"add r3, sp, 0x2c",0
bl 0xdca4,0
"cmp r0, 0",0
beq 0xe570,0
"mov r4, r0",0
b 0xe598,0
"cmp fp, 0",0
"ldreq r4, [sp, 0x24]",0
beq 0xe598,0
b 0xe368,0
"ldr r2, [sp, 0x18]",0
"sub r2, r2, 4",0
"str r2, [sp, 0x18]",0
"cmp fp, 0",0
bne 0xe380,0
"mov r4, r0",0
b 0xe598,0
"ldr r4, [sp, 0x24]",0
b 0xe598,0
"mov r4, 0xc",0
"ldr r0, [sp, 0x34]",0
bl 0x1230,0
b 0xe5bc,0
"mov r3, 1",0
"str r3, [sp, 0xc]",0
"ldr r3, [sl, 0x14]",0
"cmp r3, 0",0
bne 0xe4ec,0
b 0xe518,0
"mov r0, r4",0
"add sp, sp, 0x3c",0
"pop {r4, r5, r6, r7, r8, sb, sl, fp, pc}",0
"push {r4, r5, r6, r7, r8, sb, sl, fp, lr}",0
"sub sp, sp, 0x1c",0
"mov r4, r0",0
"mov r6, r1",0
"mov r7, r2",0
"ldr r5, [r0, 0x18]",0
"cmp r5, r1",0
"rsbls r5, r5, r1",0
bls 0xe668,0
"ldr r3, [r0, 0x50]",0
"cmp r3, 1",0
ble 0xe61c,0
"mov r3, 0",0
"strb r3, [r0, 0x10]",0
"strb r3, [r0, 0x11]",0
"strb r3, [r0, 0x12]",0
"strb r3, [r0, 0x13]",0
"strb r3, [r0, 0x14]",0
"strb r3, [r0, 0x15]",0
"strb r3, [r0, 0x16]",0
"strb r3, [r0, 0x17]",0
"ldr r3, [r4, 0x2c]",0
"str r3, [r4, 0x30]",0
"ldr r3, [r4, 0x34]",0
"str r3, [r4, 0x38]",0
"mov r3, 0",0
"str r3, [r4, 0x1c]",0
"str r3, [r4, 0x18]",0
"str r3, [r4, 0x20]",0
"strb r3, [r4, 0x4c]",0
"and r3, r7, 1",0
"cmp r3, 0",0
"moveq r3, 6",0
"movne r3, 4",0
"str r3, [r4, 0x3c]",0
"ldrb r3, [r4, 0x4b]",0
"cmp r3, 0",0
"ldreq r3, [r4]",0
"streq r3, [r4, 4]",0
"mov r5, r6",0
"cmp r5, 0",0
beq 0xec28,0
"ldr r3, [r4, 0x20]",0
"cmp r5, r3",0
bhs 0xe8e8,0
"ldrb r3, [r4, 0x4c]",0
"cmp r3, 0",0
beq 0xe86c,0
"ldr sl, [r4, 0x1c]",0
"ldr sb, [r4, 0xc]",0
"mov r1, sl",0
"mov r2, 0",0
"add r8, r1, r2",0
"lsr r8, r8, 1",0
"ldr r3, [sb, r8, lsl 2]",0
"cmp r5, r3",0
blo 0xe6b8,0
bls 0xe6cc,0
"add r2, r8, 1",0
b 0xe6bc,0
"mov r1, r8",0
"cmp r2, r1",0
blo 0xe698,0
"cmp r5, r3",0
"addhi r8, r8, 1",0
"mov r0, r4",0
"sub r1, r8, 1",0
"mov r2, r7",0
bl 0x7700,0
"str r0, [r4, 0x3c]",0
"cmp r5, sl",0
bhs 0xe778,0
"cmp r8, r5",0
bne 0xe778,0
"lsl r1, r8, 2",0
"ldr r3, [sb, r8, lsl 2]",0
"cmp r8, r3",0
bne 0xe778,0
"ldr r3, [r4, 8]",0
"rsb r2, r8, sl",0
"mov r0, r3",0
"add r1, r3, r1",0
"lsl r2, r2, 2",0
bl 0x1224,0
"ldr r1, [r4, 4]",0
"ldr r2, [r4, 0x1c]",0
"mov r0, r1",0
"add r1, r1, r8",0
"rsb r2, r8, r2",0
bl 0x1224,0
"ldr r3, [r4, 0x1c]",0
"rsb r3, r8, r3",0
"str r3, [r4, 0x1c]",0
"ldr r3, [r4, 0x20]",0
"rsb r3, r8, r3",0
"str r3, [r4, 0x20]",0
"mov r3, 0",0
b 0xe768,0
"ldr r2, [r4, 0xc]",0
"add r1, r3, r8",0
"ldr r1, [r2, r1, lsl 2]",0
"rsb r1, r8, r1",0
"str r1, [r2, r3, lsl 2]",0
"add r3, r3, 1",0
"ldr r2, [r4, 0x1c]",0
"cmp r3, r2",0
blo 0xe750,0
b 0xec14,0
"ldr r3, [r4, 0x2c]",0
"rsb r3, r6, r3",0
"add r3, r3, r5",0
"str r3, [r4, 0x30]",0
"ldr r3, [r4, 0x34]",0
"rsb r3, r6, r3",0
"add r3, r3, r5",0
"str r3, [r4, 0x38]",0
"mov r3, 0",0
"strb r3, [r4, 0x4c]",0
"cmp r8, r3",0
beq 0xe7c4,0
"sub r3, r8, 1",0
"ldr r1, [sb, r3, lsl 2]",0
"cmp r1, r5",0
bne 0xe7c4,0
"add r3, sb, r8, lsl 2",0
"subs r8, r8, 1",0
bne 0xe7e4,0
"cmp sl, r8",0
bls 0xe810,0
"ldr r2, [r4, 8]",0
"add r3, r2, r8, lsl 2",0
"ldr r2, [r2, r8, lsl 2]",0
"cmn r2, 1",0
bne 0xe810,0
b 0xe804,0
"sub r3, r3, 4",0
"ldr r2, [r3, -4]",0
"cmp r2, r1",0
beq 0xe7bc,0
b 0xe7c4,0
"ldr r2, [r3, 4]!",0
"cmn r2, 1",0
bne 0xe810,0
"add r8, r8, 1",0
"cmp sl, r8",0
bhi 0xe7f8,0
"cmp r8, sl",0
"moveq r3, 0",0
"streq r3, [r4, 0x1c]",0
beq 0xe860,0
"ldr r3, [sb, r8, lsl 2]",0
"rsb r3, r5, r3",0
"str r3, [r4, 0x1c]",0
"cmp r3, 0",0
beq 0xe860,0
"mov r3, 0",0
"mvn r1, 0",0
"ldr r2, [r4, 8]",0
"str r1, [r2, r3, lsl 2]",0
"add r3, r3, 1",0
"ldr r2, [r4, 0x1c]",0
"cmp r2, r3",0
bhi 0xe83c,0
"ldr r0, [r4, 4]",0
"mov r1, 0xff",0
bl 0x13f8,0
"ldr r3, [r4, 0x1c]",0
"str r3, [r4, 0x20]",0
b 0xec14,0
"mov r0, r4",0
"sub r1, r5, 1",0
"mov r2, r7",0
bl 0x7700,0
"str r0, [r4, 0x3c]",0
"ldr r3, [r4, 0x50]",0
"cmp r3, 1",0
ble 0xe8a8,0
"ldr r1, [r4, 8]",0
"ldr r2, [r4, 0x1c]",0
"rsb r2, r5, r2",0
"mov r0, r1",0
"add r1, r1, r5, lsl 2",0
"lsl r2, r2, 2",0
bl 0x1224,0
"ldrb r3, [r4, 0x4b]",0
"cmp r3, 0",0
beq 0xe8cc,0
"ldr r1, [r4, 4]",0
"ldr r2, [r4, 0x1c]",0
"mov r0, r1",0
"add r1, r1, r5",0
"rsb r2, r5, r2",0
bl 0x1224,0
"ldr r3, [r4, 0x1c]",0
"rsb r3, r5, r3",0
"str r3, [r4, 0x1c]",0
"ldr r3, [r4, 0x20]",0
"rsb r3, r5, r3",0
"str r3, [r4, 0x20]",0
b 0xec14,0
"ldr fp, [r4, 0x1c]",0
"ldrb r3, [r4, 0x4c]",0
"cmp r3, 0",0
beq 0xe920,0
"ldr r3, [r4, 0x2c]",0
"rsb r3, r6, r3",0
"add r3, r3, r5",0
"str r3, [r4, 0x30]",0
"ldr r3, [r4, 0x34]",0
"rsb r3, r6, r3",0
"add r3, r3, r5",0
"str r3, [r4, 0x38]",0
"mov r3, 0",0
"strb r3, [r4, 0x4c]",0
"mov r3, 0",0
"str r3, [r4, 0x1c]",0
"ldr r2, [r4, 0x50]",0
"cmp r2, 1",0
ble 0xebb0,0
"ldrb r3, [r4, 0x49]",0
"cmp r3, 0",0
beq 0xea58,0
"ldr r3, [r4]",0
"ldr r8, [r4, 0x18]",0
"add r8, r3, r8",0
"rsb r2, r2, r5",0
"add r1, r8, r2",0
"cmp r1, r3",0
"movlo r1, r3",0
"sub r2, r5, 1",0
"add r3, r8, r2",0
"cmp r3, r1",0
blo 0xea58,0
"ldrb r2, [r8, r2]",0
"and r2, r2, 0xc0",0
"cmp r2, 0x80",0
"subeq r2, r3, 1",0
"subeq r1, r1, 1",0
beq 0xea4c,0
b 0xe99c,0
"sub r2, r2, 1",0
"ldrb r0, [r3]",0
"and r0, r0, 0xc0",0
"cmp r0, 0x80",0
beq 0xea4c,0
"mov sl, r3",0
"ldr r2, [r4, 0x30]",0
"add r2, r8, r2",0
"rsb r2, r3, r2",0
"ldr r0, [r4, 0x40]",0
"cmp r2, 6",0
"movlo r1, r2",0
"movhs r1, 6",0
"cmp r0, 0",0
bne 0xe9d8,0
b 0xe9e8,0
"ldrb ip, [r3, r1]",0
"ldrb lr, [r0, ip]",0
"add ip, sp, 8",0
"strb lr, [r1, ip]",0
"subs r1, r1, 1",0
bpl 0xe9c8,0
"add r1, sp, 8",0
b 0xe9ec,0
"mov r1, r3",0
"mov r3, 0",0
"str r3, [sp, 0x10]",0
"str r3, [sp, 0x14]",0
"add r0, sp, 4",0
"add r3, sp, 0x10",0
bl 0x1314,0
"mov sb, r0",0
"add r8, r8, r5",0
"rsb r3, sl, r8",0
"cmp r0, r3",0
blo 0xea58,0
"cmn r0, 3",0
bhi 0xea58,0
"add r0, r4, 0x10",0
"mov r1, 0",0
"mov r2, 8",0
bl 0x13f8,0
"rsb r8, r8, sl",0
"add sb, sb, r8",0
"str sb, [r4, 0x1c]",0
"ldr r8, [sp, 4]",0
"cmn r8, 1",0
bne 0xeb08,0
b 0xea58,0
"mov r3, r2",0
"cmp r2, r1",0
bne 0xe988,0
"ldr sl, [r4, 0x20]",0
"ldr r3, [r4, 0x18]",0
"add sl, sl, r3",0
"mvn r8, 0",0
"add sb, r4, 0x10",0
b 0xead8,0
"ldr r8, [r4, 0x2c]",0
"rsb r8, sl, r8",0
"ldm sb, {r0, r1}",0
"add r3, sp, 0x18",0
"stmdb r3, {r0, r1}",0
"ldr r1, [r4]",0
"add r0, sp, 4",0
"add r1, r1, sl",0
"mov r2, r8",0
"mov r3, sb",0
bl 0x1314,0
"sub r3, r0, 1",0
"cmn r3, 4",0
"ldrls r8, [sp, 4]",0
bls 0xead4,0
"cmp r8, 0",0
"cmpne r0, 0",0
"ldrne r3, [r4]",0
"ldrbne r8, [r3, sl]",0
"moveq r8, 0",0
"add r3, sp, 0x18",0
"ldmdb r3, {r0, r1}",0
"stm sb, {r0, r1}",0
"mov r0, 1",0
b 0xead4,0
"add sl, sl, r0",0
"cmp r6, sl",0
bhi 0xea70,0
"rsb sl, r6, sl",0
"str sl, [r4, 0x1c]",0
"cmn r8, 1",0
bne 0xeb08,0
"mov r0, r4",0
"sub r1, fp, 1",0
"mov r2, r7",0
bl 0x7700,0
"str r0, [r4, 0x3c]",0
b 0xeb58,0
"ldrb r3, [r4, 0x4e]",0
"cmp r3, 0",0
beq 0xeb34,0
"mov r0, r8",0
bl 0x13e0,0
"cmp r0, 0",0
"movne r3, 1",0
bne 0xeb54,0
"cmp r8, 0x5f",0
"moveq r3, 1",0
beq 0xeb54,0
"cmp r8, 0xa",0
"movne r3, 0",0
bne 0xeb54,0
"ldrb r3, [r4, 0x4d]",0
"cmp r3, 0",0
"movne r3, 2",0
"moveq r3, 0",0
b 0xeb54,0
"str r3, [r4, 0x3c]",0
"ldr r3, [r4, 0x1c]",0
"cmp r3, 0",0
beq 0xeba4,0
b 0xeb78,0
"ldr r2, [r4, 8]",0
"str r1, [r2, r3, lsl 2]",0
"add r3, r3, 1",0
b 0xeb80,0
"mov r3, 0",0
"mvn r1, 0",0
"ldr r2, [r4, 0x1c]",0
"cmp r3, r2",0
blo 0xeb68,0
"ldrb r3, [r4, 0x4b]",0
"cmp r3, 0",0
beq 0xeba4,0
"ldr r0, [r4, 4]",0
"mov r1, 0xff",0
bl 0x13f8,0
"ldr r3, [r4, 0x1c]",0
"str r3, [r4, 0x20]",0
b 0xec14,0
"ldr r2, [r4]",0
"ldr r3, [r4, 0x18]",0
"add r2, r2, r5",0
"add r3, r2, r3",0
"ldrb r7, [r3, -1]",0
"mov r3, 0",0
"str r3, [r4, 0x20]",0
"ldr r3, [r4, 0x40]",0
"cmp r3, 0",0
"ldrbne r7, [r3, r7]",0
"ldr r0, [r4, 0x44]",0
"mov r1, r7",0
bl 0x53c4,0
"cmp r0, 0",0
"movne r3, 1",0
bne 0xec10,0
"cmp r7, 0xa",0
"movne r3, 0",0
bne 0xec10,0
"ldrb r3, [r4, 0x4d]",0
"cmp r3, 0",0
"movne r3, 2",0
"moveq r3, 0",0
b 0xec10,0
"str r3, [r4, 0x3c]",0
"ldrb r3, [r4, 0x4b]",0
"cmp r3, 0",0
"ldreq r3, [r4, 4]",0
"addeq r3, r3, r5",0
"streq r3, [r4, 4]",0
"str r6, [r4, 0x18]",0
"ldr r3, [r4, 0x30]",0
"rsb r3, r5, r3",0
"str r3, [r4, 0x30]",0
"ldr r2, [r4, 0x38]",0
"rsb r5, r5, r2",0
"str r5, [r4, 0x38]",0
"ldr r2, [r4, 0x50]",0
"cmp r2, 1",0
ble 0xec7c,0
"ldrb r3, [r4, 0x48]",0
"cmp r3, 0",0
beq 0xec70,0
"mov r0, r4",0
bl 0x85a8,0
"cmp r0, 0",0
beq 0xecbc,0
b 0xecc4,0
"mov r0, r4",0
bl 0x7534,0
b 0xecbc,0
"ldrb r2, [r4, 0x4b]",0
"cmp r2, 0",0
"streq r3, [r4, 0x1c]",0
beq 0xecbc,0
"ldrb r3, [r4, 0x48]",0
"cmp r3, 0",0
beq 0xeca4,0
"mov r0, r4",0
bl 0x8b9c,0
b 0xecbc,0
"ldr r3, [r4, 0x40]",0
"cmp r3, 0",0
beq 0xecbc,0
"mov r0, r4",0
bl 0x5534,0
b 0xecbc,0
"mov r0, 0",0
"str r0, [r4, 0x28]",0
"add sp, sp, 0x1c",0
"pop {r4, r5, r6, r7, r8, sb, sl, fp, pc}",0
"push {r4, r5, r6, r7, r8, sb, sl, fp, lr}",0
"sub sp, sp, 0x5c",0
"mov fp, r0",0
"str r1, [sp, 0x2c]",0
"mov r6, r2",0
"mov r4, r3",0
"ldr r1, [r0, 0x54]",0
"str r1, [sp, 0x24]",0
"mov r3, 0",0
"str r3, [sp, 0x54]",0
"ldr r3, [r1]",0
"ldr r3, [r3, r2, lsl 3]",0
"str r3, [sp, 0x28]",0
"ldr r2, [sp, 0x2c]",0
"ldr r7, [r2, 4]",0
"ldr r5, [r0, 0x78]",0
"add r5, r5, 1",0
"ldr r3, [sp, 0x84]",0
"add r5, r5, r3",0
"cmp r7, r5",0
bhs 0xed6c,0
"mvn r3, 2",0
"rsb r3, r7, r3",0
"cmp r5, r3",0
bhi 0xf23c,0
"add r8, r5, r7",0
"cmn r8, 0xc0000001",0
bhi 0xf244,0
"ldr r0, [r2, 8]",0
"lsl r1, r8, 2",0
bl 0x12b4,0
"cmp r0, 0",0
beq 0xf24c,0
"ldr r1, [sp, 0x2c]",0
"str r0, [r1, 8]",0
"str r8, [r1, 4]",0
"add r0, r0, r7, lsl 2",0
"mov r1, 0",0
"lsl r2, r5, 2",0
bl 0x13f8,0
"ldr r2, [sp, 0x2c]",0
"ldr sb, [r2]",0
"cmp sb, 0",0
beq 0xf254,0
"ldr r3, [fp, 0x64]",0
"str r3, [sp, 0x34]",0
"ldr r1, [fp, 0x28]",0
"str r1, [sp, 0x30]",0
"ldr r7, [r2, 8]",0
"str r7, [fp, 0x64]",0
"str sb, [fp, 0x28]",0
"str fp, [sp, 0x14]",0
"mov r0, fp",0
"sub r1, sb, 1",0
"ldr r2, [fp, 0x58]",0
bl 0x7700,0
"mov r5, r0",0
"cmp sb, r4",0
bne 0xee00,0
"add r0, sp, 0x48",0
"mov r1, r6",0
bl 0x61e8,0
"str r0, [sp, 0x54]",0
"cmp r0, 0",0
bne 0xf320,0
"ldr r0, [sp, 0x24]",0
"add r1, sp, 0x48",0
"ldr r2, [sp, 0x28]",0
"ldr r3, [sp, 0x88]",0
bl 0x7260,0
"str r0, [sp, 0x54]",0
"cmp r0, 0",0
beq 0xee3c,0
"ldr r0, [sp, 0x50]",0
bl 0x1230,0
"ldr r0, [sp, 0x54]",0
b 0xf320,0
"ldr r4, [r7, sb, lsl 2]",0
"cmp r4, 0",0
beq 0xf30c,0
"ldrb r3, [r4, 0x34]",0
"tst r3, 0x40",0
beq 0xf2f8,0
"add r0, sp, 0x48",0
"add r1, r4, 4",0
bl 0x7ab0,0
"str r0, [sp, 0x54]",0
"cmp r0, 0",0
bne 0xf320,0
"ldrb r3, [r4, 0x34]",0
"tst r3, 0x40",0
beq 0xeec0,0
"ldr r3, [sp, 0x4c]",0
"cmp r3, 0",0
beq 0xee80,0
"ldr r2, [sp, 0x88]",0
"str r2, [sp]",0
"mov r0, fp",0
"add r1, sp, 0x48",0
"mov r2, sb",0
"ldr r3, [sp, 0x28]",0
bl 0x9e38,0
"str r0, [sp, 0x54]",0
"cmp r0, 0",0
beq 0xee80,0
"ldr r0, [sp, 0x50]",0
bl 0x1230,0
"ldr r0, [sp, 0x54]",0
b 0xf320,0
"add r0, sp, 0x54",0
"ldr r1, [sp, 0x24]",0
"add r2, sp, 0x48",0
"mov r3, r5",0
bl 0x9884,0
"subs r4, r0, 0",0
bne 0xeeb8,0
"ldr r3, [sp, 0x54]",0
"cmp r3, 0",0
beq 0xeeb8,0
"ldr r0, [sp, 0x50]",0
bl 0x1230,0
"ldr r0, [sp, 0x54]",0
b 0xf320,0
"ldr r3, [fp, 0x64]",0
"str r4, [r3, sb, lsl 2]",0
"ldr r3, [sp, 0x84]",0
"cmp r3, sb",0
bls 0xf1dc,0
"add r3, sb, 1",0
"lsl r3, r3, 2",0
"str r3, [sp, 0x18]",0
"mov r1, 0",0
"str r1, [sp, 0x20]",0
"mov r2, 0",0
"str r2, [sp, 0x4c]",0
"add r3, sb, 1",0
"str r3, [sp, 0x1c]",0
"ldr r3, [fp, 0x64]",0
"ldr r2, [sp, 0x18]",0
"ldr r1, [r3, r2]",0
"cmp r1, 0",0
beq 0xef2c,0
"add r0, sp, 0x48",0
"add r1, r1, 4",0
bl 0x6e90,0
"str r0, [sp, 0x54]",0
"cmp r0, 0",0
beq 0xef2c,0
"ldr r0, [sp, 0x50]",0
bl 0x1230,0
"ldr r0, [sp, 0x54]",0
b 0xf320,0
"cmp r4, 0",0
beq 0xf0ec,0
"add r8, r4, 0x10",0
"ldr r6, [fp, 0x54]",0
"mov r3, 0",0
"str r3, [sp, 0x38]",0
"str r3, [sp, 0x3c]",0
"str r3, [sp, 0x40]",0
"str r3, [sp, 0x44]",0
"ldr r3, [r4, 0x14]",0
"cmp r3, 0",0
beq 0xf0bc,0
"mov r4, 0",0
"ldr r3, [r8, 8]",0
"ldr r5, [r3, r4, lsl 2]",0
"lsl r7, r5, 3",0
"ldr r3, [r6]",0
"add r3, r3, r7",0
"ldrb r3, [r3, 6]",0
"tst r3, 0x10",0
beq 0xf06c,0
"mov r0, r6",0
"mov r1, r5",0
"ldr r2, [sp, 0x14]",0
"mov r3, sb",0
bl 0xa108,0
"mov sl, r0",0
"cmp r0, 1",0
ble 0xf064,0
"ldr r3, [r6, 0xc]",0
"ldr r3, [r3, r5, lsl 2]",0
"str r3, [sp, 0x10]",0
"add r1, r0, sb",0
"str r1, [sp, 0xc]",0
"ldr r3, [fp, 0x64]",0
"ldr r1, [r3, r1, lsl 2]",0
"mov r2, 0",0
"str r2, [sp, 0x40]",0
"cmp r1, r2",0
beq 0xeff4,0
"add r0, sp, 0x3c",0
"add r1, r1, 4",0
bl 0x6e90,0
"str r0, [sp, 0x38]",0
"cmp r0, 0",0
beq 0xeff4,0
"ldr r0, [sp, 0x44]",0
bl 0x1230,0
"ldr r3, [sp, 0x38]",0
b 0xf0d0,0
"add r0, sp, 0x3c",0
"ldr r1, [sp, 0x10]",0
bl 0x7044,0
"cmp r0, 0",0
bne 0xf014,0
"ldr r0, [sp, 0x44]",0
bl 0x1230,0
b 0xf294,0
"ldr r3, [fp, 0x64]",0
"str r3, [sp, 0x10]",0
"add r0, sp, 0x38",0
"mov r1, r6",0
"add r2, sp, 0x3c",0
bl 0x9c50,0
"ldr r1, [sp, 0xc]",0
"ldr r2, [sp, 0x10]",0
"str r0, [r2, r1, lsl 2]",0
"ldr r3, [fp, 0x64]",0
"ldr r3, [r3, r1, lsl 2]",0
"cmp r3, 0",0
bne 0xf064,0
"ldr r3, [sp, 0x38]",0
"cmp r3, 0",0
beq 0xf064,0
"ldr r0, [sp, 0x44]",0
bl 0x1230,0
"ldr r3, [sp, 0x38]",0
b 0xf0d0,0
"cmp sl, 0",0
bne 0xf088,0
"ldr r1, [r6]",0
"mov r0, fp",0
"add r1, r1, r7",0
"mov r2, sb",0
bl 0x7814,0
"cmp r0, 0",0
beq 0xf0ac,0
"ldr r3, [r6, 0xc]",0
"add r0, sp, 0x48",0
"ldr r1, [r3, r5, lsl 2]",0
bl 0x7044,0
"cmp r0, 0",0
bne 0xf0ac,0
"ldr r0, [sp, 0x44]",0
bl 0x1230,0
b 0xf294,0
"add r4, r4, 1",0
"ldr r3, [r8, 4]",0
"cmp r4, r3",0
blo 0xef60,0
"ldr r0, [sp, 0x44]",0
bl 0x1230,0
"mov r3, 0",0
"str r3, [sp, 0x54]",0
b 0xf0ec,0
"str r3, [sp, 0x54]",0
"cmp r3, 0",0
beq 0xf0ec,0
"ldr r0, [sp, 0x50]",0
bl 0x1230,0
"ldr r0, [sp, 0x54]",0
b 0xf320,0
"ldr r3, [sp, 0x4c]",0
"cmp r3, 0",0
beq 0xf160,0
"ldr r0, [sp, 0x24]",0
"add r1, sp, 0x48",0
"ldr r2, [sp, 0x28]",0
"ldr r3, [sp, 0x88]",0
bl 0x7260,0
"str r0, [sp, 0x54]",0
"cmp r0, 0",0
beq 0xf128,0
"ldr r0, [sp, 0x50]",0
bl 0x1230,0
"ldr r0, [sp, 0x54]",0
b 0xf320,0
"ldr r1, [sp, 0x88]",0
"str r1, [sp]",0
"mov r0, fp",0
"add r1, sp, 0x48",0
"ldr r2, [sp, 0x1c]",0
"ldr r3, [sp, 0x28]",0
bl 0x9e38,0
"str r0, [sp, 0x54]",0
"cmp r0, 0",0
beq 0xf160,0
"ldr r0, [sp, 0x50]",0
bl 0x1230,0
"ldr r0, [sp, 0x54]",0
b 0xf320,0
"ldr r0, [sp, 0x14]",0
"mov r1, sb",0
"ldr r2, [fp, 0x58]",0
bl 0x7700,0
"mov r3, r0",0
"add r0, sp, 0x54",0
"ldr r1, [sp, 0x24]",0
"add r2, sp, 0x48",0
bl 0x9884,0
"subs r4, r0, 0",0
bne 0xf2c0,0
"ldr r3, [sp, 0x54]",0
"cmp r3, 0",0
beq 0xf2a0,0
"ldr r0, [sp, 0x50]",0
bl 0x1230,0
"ldr r0, [sp, 0x54]",0
b 0xf320,0
"ldr r2, [sp, 0x84]",0
"ldr r3, [sp, 0x1c]",0
"cmp r2, r3",0
bls 0xf1e0,0
"ldr r1, [sp, 0x18]",0
"add r1, r1, 4",0
"str r1, [sp, 0x18]",0
"mov sb, r3",0
"ldr r3, [fp, 0x78]",0
"ldr r2, [sp, 0x20]",0
"cmp r2, r3",0
bls 0xeee0,0
b 0xf1e0,0
"str sb, [sp, 0x1c]",0
"ldr r0, [sp, 0x50]",0
bl 0x1230,0
"ldr r3, [fp, 0x64]",0
"ldr r1, [sp, 0x84]",0
"ldr r3, [r3, r1, lsl 2]",0
"cmp r3, 0",0
beq 0xf2d8,0
"ldr r2, [sp, 0x1c]",0
"ldr r1, [sp, 0x2c]",0
"str r2, [r1]",0
"ldr r2, [sp, 0x34]",0
"str r2, [fp, 0x64]",0
"ldr r1, [sp, 0x30]",0
"str r1, [fp, 0x28]",0
"adds r0, r3, 4",0
beq 0xf234,0
"ldr r1, [sp, 0x80]",0
bl 0x5608,0
"cmp r0, 0",0
"movne r0, 0",0
bne 0xf320,0
"mov r0, 1",0
b 0xf320,0
"mov r0, 0xc",0
b 0xf320,0
"mov r0, 0xc",0
b 0xf320,0
"mov r0, 0xc",0
b 0xf320,0
"ldr r2, [fp, 0x64]",0
"str r2, [sp, 0x34]",0
"ldr r3, [fp, 0x28]",0
"str r3, [sp, 0x30]",0
"ldr r1, [sp, 0x2c]",0
"ldr r3, [r1, 8]",0
"str r3, [fp, 0x64]",0
"str r4, [fp, 0x28]",0
"str fp, [sp, 0x14]",0
"mov r0, fp",0
"sub r1, r4, 1",0
"ldr r2, [fp, 0x58]",0
bl 0x7700,0
"mov r5, r0",0
"mov sb, r4",0
b 0xedb8,0
"mov r3, 0xc",0
"str r3, [sp, 0x54]",0
b 0xf0dc,0
"ldr r3, [fp, 0x64]",0
"mov r1, 0",0
"ldr r2, [sp, 0x18]",0
"str r1, [r3, r2]",0
"ldr r2, [sp, 0x20]",0
"add r2, r2, 1",0
"str r2, [sp, 0x20]",0
b 0xf1a8,0
"ldr r3, [fp, 0x64]",0
"ldr r1, [sp, 0x18]",0
"str r4, [r3, r1]",0
"mov r2, 0",0
"str r2, [sp, 0x20]",0
b 0xf1a8,0
"ldr r3, [sp, 0x1c]",0
"ldr r1, [sp, 0x2c]",0
"str r3, [r1]",0
"ldr r2, [sp, 0x34]",0
"str r2, [fp, 0x64]",0
"ldr r3, [sp, 0x30]",0
"str r3, [fp, 0x28]",0
b 0xf234,0
"mov r3, 0",0
"str r3, [sp, 0x48]",0
"str r3, [sp, 0x4c]",0
"str r3, [sp, 0x50]",0
b 0xee30,0
"mov r3, 0",0
"str r3, [sp, 0x48]",0
"str r3, [sp, 0x4c]",0
"str r3, [sp, 0x50]",0
b 0xeec0,0
"add sp, sp, 0x5c",0
"pop {r4, r5, r6, r7, r8, sb, sl, fp, pc}",0
"push {r4, r5, r6, r7, r8, sb, sl, lr}",0
"sub sp, sp, 0x10",0
"mov r4, r0",0
"mov r8, r1",0
"mov r5, r2",0
"mov r7, r3",0
"ldr r6, [sp, 0x30]",0
"ldr r2, [r2]",0
"ldr r3, [r5, 4]",0
"str r7, [sp]",0
"str r6, [sp, 4]",0
"mov r1, 8",0
"str r1, [sp, 8]",0
"add r1, r5, r1",0
bl 0xeccc,0
"cmp r0, 0",0
bne 0xf4e8,0
"ldr sl, [r8]",0
"ldr sb, [r5, 4]",0
"ldr r3, [r4, 0x70]",0
"ldr r2, [r4, 0x6c]",0
"cmp r2, r3",0
blo 0xf3dc,0
"add r1, r3, r3, lsl 2",0
"ldr r0, [r4, 0x74]",0
"lsl r1, r1, 3",0
bl 0x12b4,0
"cmp r0, 0",0
bne 0xf3ac,0
"ldr r0, [r4, 0x74]",0
bl 0x1230,0
"mov r0, 0xc",0
b 0xf4e8,0
"str r0, [r4, 0x74]",0
"ldr r3, [r4, 0x70]",0
"add r2, r3, r3, lsl 2",0
"ldr r3, [r4, 0x6c]",0
"add r3, r3, r3, lsl 2",0
"add r0, r0, r3, lsl 2",0
"mov r1, 0",0
"lsl r2, r2, 2",0
bl 0x13f8,0
"ldr r3, [r4, 0x70]",0
"lsl r3, r3, 1",0
"str r3, [r4, 0x70]",0
"ldr r3, [r4, 0x6c]",0
"cmp r3, 0",0
beq 0xf408,0
"sub r3, r3, 1",0
"add r3, r3, r3, lsl 2",0
"ldr r2, [r4, 0x74]",0
"add r3, r2, r3, lsl 2",0
"ldr r2, [r3, 4]",0
"cmp r6, r2",0
"moveq r2, 1",0
"strbeq r2, [r3, 0x10]",0
"ldr r3, [r4, 0x6c]",0
"ldr r2, [r4, 0x74]",0
"add r3, r3, r3, lsl 2",0
"str r7, [r2, r3, lsl 2]",0
"ldr r3, [r4, 0x6c]",0
"ldr r2, [r4, 0x74]",0
"add r3, r3, r3, lsl 2",0
"add r3, r2, r3, lsl 2",0
"str r6, [r3, 4]",0
"ldr r3, [r4, 0x6c]",0
"ldr r2, [r4, 0x74]",0
"add r3, r3, r3, lsl 2",0
"add r3, r2, r3, lsl 2",0
"str sl, [r3, 8]",0
"ldr r3, [r4, 0x6c]",0
"ldr r2, [r4, 0x74]",0
"add r3, r3, r3, lsl 2",0
"add r3, r2, r3, lsl 2",0
"str sb, [r3, 0xc]",0
"ldr r3, [r4, 0x6c]",0
"add r3, r3, r3, lsl 2",0
"ldr r2, [r4, 0x74]",0
"add r3, r2, r3, lsl 2",0
"cmp sl, sb",0
beq 0xf4a8,0
"mov r2, 0",0
"mov r1, r2",0
"strh r2, [r3, 0x12]",0
"ldr r3, [r4, 0x6c]",0
"ldr r2, [r4, 0x74]",0
"add r0, r3, r3, lsl 2",0
"add r2, r2, r0, lsl 2",0
"strb r1, [r2, 0x10]",0
"add r3, r3, 1",0
"str r3, [r4, 0x6c]",0
"rsb sl, sl, sb",0
"ldr r3, [r4, 0x78]",0
"cmp r3, sl",0
"strlo sl, [r4, 0x78]",0
b 0xf4d0,0
"mvn r2, 0",0
"strh r2, [r3, 0x12]",0
"ldr r3, [r4, 0x6c]",0
"ldr r2, [r4, 0x74]",0
"add r1, r3, r3, lsl 2",0
"add r2, r2, r1, lsl 2",0
"mov r1, 0",0
"strb r1, [r2, 0x10]",0
"add r3, r3, 1",0
"str r3, [r4, 0x6c]",0
"ldr r1, [r5, 4]",0
"ldr r3, [r8]",0
"rsb r1, r3, r1",0
"mov r0, r4",0
"add r1, r1, r6",0
bl 0x8d2c,0
"add sp, sp, 0x10",0
"pop {r4, r5, r6, r7, r8, sb, sl, pc}",0
"push {r4, r5, r6, r7, r8, sb, sl, fp, lr}",0
"sub sp, sp, 0x5c",0
"mov fp, r0",0
"str r1, [sp, 0x30]",0
"ldr r0, [r0, 0x54]",0
"str r0, [sp, 0x34]",0
"ldr r1, [fp, 0x28]",0
"str r1, [sp, 0x1c]",0
"ldr r2, [sp, 0x30]",0
"ldr r3, [r2, 4]",0
"cmp r3, 0",0
beq 0xfb20,0
"lsl r3, r1, 2",0
"str r3, [sp, 0x38]",0
"mov r0, 0",0
"str r0, [sp, 0x2c]",0
"ldr r1, [sp, 0x30]",0
"ldr r3, [r1, 8]",0
"ldr r2, [sp, 0x2c]",0
"ldr r3, [r3, r2, lsl 2]",0
"str r3, [sp, 0x18]",0
"ldr r3, [sp, 0x34]",0
"ldr r4, [r3]",0
"ldr r0, [sp, 0x18]",0
"add r4, r4, r0, lsl 3",0
"ldrb r3, [r4, 4]",0
"cmp r3, 4",0
bne 0xfb04,0
"ldr r3, [r4, 4]",0
"ldr r1, [0x0000fb98]        ; [0xfb98:4]=0x3ff00",0
"tst r3, r1",0
beq 0xf5cc,0
"mov r0, fp",0
"ldr r1, [sp, 0x1c]",0
"ldr r2, [fp, 0x58]",0
bl 0x7700,0
"ldr r3, [r4, 4]",0
"lsl r3, r3, 0xe",0
"lsr r3, r3, 0x16",0
"tst r3, 4",0
beq 0xf59c,0
"tst r0, 1",0
beq 0xfb04,0
"tst r3, 8",0
beq 0xf5ac,0
"tst r0, 1",0
bne 0xfb04,0
"tst r3, 0x20",0
beq 0xf5bc,0
"tst r0, 2",0
beq 0xfb04,0
"tst r3, 0x80",0
beq 0xf5cc,0
"tst r0, 8",0
beq 0xfb04,0
"ldr r2, [fp, 0x6c]",0
"str r2, [sp, 0x3c]",0
"ldr r3, [fp, 0x54]",0
"str r3, [sp, 0x24]",0
"ldr sb, [fp, 4]",0
"mov r0, fp",0
"ldr r1, [sp, 0x1c]",0
bl 0x5cb4,0
"cmn r0, 1",0
beq 0xf628,0
"add r0, r0, r0, lsl 2",0
"ldr r3, [fp, 0x74]",0
"add r3, r3, r0, lsl 2",0
"add r3, r3, 0x14",0
"ldr r0, [sp, 0x18]",0
"mov r1, r3",0
"ldr r2, [r3, -0x14]",0
"cmp r0, r2",0
beq 0xfb44,0
"add r3, r3, 0x14",0
"ldrb r2, [r1, -4]",0
"cmp r2, 0",0
bne 0xf608,0
"ldr r0, [sp, 0x24]",0
"ldr r3, [r0]",0
"ldr r1, [sp, 0x18]",0
"ldr r3, [r3, r1, lsl 3]",0
"str r3, [sp, 0x28]",0
"ldr r3, [fp, 0x7c]",0
"cmp r3, 0",0
beq 0xfb44,0
"mov r2, 0",0
"str r2, [sp, 0x20]",0
"str sb, [sp, 0x14]",0
"ldr r3, [fp, 0x84]",0
"ldr r0, [sp, 0x20]",0
"ldr r4, [r3, r0, lsl 2]",0
"ldr r2, [r4, 4]",0
"ldr r1, [sp, 0x24]",0
"ldr r3, [r1]",0
"ldr r3, [r3, r2, lsl 3]",0
"ldr r2, [sp, 0x28]",0
"cmp r2, r3",0
bne 0xf934,0
"ldr sl, [r4]",0
"ldr r3, [r4, 0x10]",0
"cmp r3, 0",0
beq 0xf784,0
"ldr r6, [sp, 0x1c]",0
"mov r8, 0",0
"mov sb, r6",0
"ldr r3, [r4, 0x14]",0
"ldr r7, [r3, r8, lsl 2]",0
"ldr r5, [r7, 4]",0
"rsb r6, sl, r5",0
"cmp r6, 0",0
ble 0xf700,0
"add r1, r6, sb",0
"ldr r3, [fp, 0x1c]",0
"cmp r1, r3",0
bls 0xf6e4,0
"ldr r3, [fp, 0x30]",0
"cmp r1, r3",0
bhi 0xf754,0
"mov r0, fp",0
bl 0x8d2c,0
"cmp r0, 0",0
bne 0xfb3c,0
"ldr r3, [fp, 4]",0
"str r3, [sp, 0x14]",0
"ldr r1, [sp, 0x14]",0
"add r0, r1, sb",0
"add r1, r1, sl",0
"mov r2, r6",0
bl 0x1290,0
"cmp r0, 0",0
bne 0xf760,0
"add sb, sb, r6",0
"ldr r2, [sp, 0x1c]",0
"str r2, [sp]",0
"mov r0, fp",0
"mov r1, r4",0
"mov r2, r7",0
"ldr r3, [sp, 0x18]",0
bl 0xf328,0
"ldr r3, [fp, 4]",0
"str r3, [sp, 0x14]",0
"cmp r0, 1",0
beq 0xf738,0
"cmp r0, 0",0
bne 0xfb3c,0
"add r8, r8, 1",0
"mov sl, r5",0
"ldr r3, [r4, 0x10]",0
"cmp r8, r3",0
blo 0xf698,0
"mov r6, sb",0
b 0xf778,0
"mov r6, sb",0
"mov r3, r8",0
b 0xf768,0
"mov r6, sb",0
"mov r3, r8",0
"ldr r2, [r4, 0x10]",0
"cmp r3, r2",0
blo 0xf934,0
"mov r5, sl",0
"cmp r8, 0",0
"addne r5, r5, 1",0
b 0xf78c,0
"ldr r6, [sp, 0x1c]",0
"mov r5, sl",0
"ldr r0, [sp, 0x1c]",0
"cmp r0, r5",0
blo 0xf934,0
"lsl r7, r5, 2",0
"mov sl, r0",0
"ldr sb, [sp, 0x14]",0
"ldr r3, [r4]",0
"rsb r3, r3, r5",0
"cmp r3, 0",0
ble 0xf7fc,0
"ldr r3, [fp, 0x1c]",0
"cmp r6, r3",0
blo 0xf7e4,0
"ldr r3, [fp, 0x30]",0
"cmp r6, r3",0
bhs 0xf928,0
"mov r0, fp",0
"add r1, r6, 1",0
bl 0x8c54,0
"cmp r0, 0",0
bne 0xfb3c,0
"ldr sb, [fp, 4]",0
"ldrb r3, [sb, r6]",0
"add r6, r6, 1",0
"add r2, sb, r5",0
"ldrb r2, [r2, -1]",0
"cmp r2, r3",0
bne 0xf930,0
"ldr r3, [fp, 0x64]",0
"ldr r1, [r3, r7]",0
"cmp r1, 0",0
beq 0xf910,0
"ldr r0, [sp, 0x24]",0
"add r1, r1, 4",0
"ldr r2, [sp, 0x28]",0
"mov r3, 9",0
bl 0x5c54,0
"mov r8, r0",0
"cmn r0, 1",0
beq 0xf910,0
"ldr r3, [r4, 8]",0
"cmp r3, 0",0
bne 0xf858,0
"ldr r1, [r4]",0
"rsb r1, r1, 1",0
"mov r0, 0xc",0
"add r1, r1, r5",0
bl 0x1194,0
"str r0, [r4, 8]",0
"cmp r0, 0",0
beq 0xfb38,0
"ldr r1, [r4, 8]",0
"ldr r2, [r4, 4]",0
"ldr r3, [r4]",0
"str r8, [sp]",0
"str r5, [sp, 4]",0
"mov r0, 9",0
"str r0, [sp, 8]",0
"mov r0, fp",0
bl 0xeccc,0
"cmp r0, 1",0
beq 0xf910,0
"cmp r0, 0",0
bne 0xfb3c,0
"ldr r3, [r4, 0x10]",0
"ldr r2, [r4, 0xc]",0
"cmp r3, r2",0
bne 0xf8c8,0
"lsl r3, r3, 1",0
"add r3, r3, 1",0
"str r3, [sp, 0x14]",0
"ldr r0, [r4, 0x14]",0
"lsl r1, r3, 2",0
bl 0x12b4,0
"cmp r0, 0",0
beq 0xfb30,0
"str r0, [r4, 0x14]",0
"ldr r1, [sp, 0x14]",0
"str r1, [r4, 0xc]",0
"mov r0, 1",0
"mov r1, 0x14",0
bl 0x1194,0
"subs r2, r0, 0",0
beq 0xfb30,0
"ldr r1, [r4, 0x10]",0
"ldr r3, [r4, 0x14]",0
"str r2, [r3, r1, lsl 2]",0
"str r8, [r2]",0
"str r5, [r2, 4]",0
"ldr r3, [r4, 0x10]",0
"add r3, r3, 1",0
"str r3, [r4, 0x10]",0
"str sl, [sp]",0
"mov r0, fp",0
"mov r1, r4",0
"ldr r3, [sp, 0x18]",0
bl 0xf328,0
"add r5, r5, 1",0
"add r7, r7, 4",0
"cmp sl, r5",0
bhs 0xf7a4,0
"str sb, [sp, 0x14]",0
b 0xf934,0
"str sb, [sp, 0x14]",0
b 0xf934,0
"str sb, [sp, 0x14]",0
"ldr r2, [sp, 0x20]",0
"add r2, r2, 1",0
"str r2, [sp, 0x20]",0
"ldr r3, [fp, 0x7c]",0
"cmp r2, r3",0
blo 0xf654,0
b 0xfb44,0
"ldr r3, [fp, 0x74]",0
"add r2, r3, r4",0
"ldr r3, [r3, r4]",0
"cmp r3, r6",0
bne 0xfaf0,0
"ldr r3, [r2, 4]",0
"cmp r3, sb",0
bne 0xfaf0,0
"ldr r7, [r2, 0xc]",0
"ldr r3, [r2, 8]",0
"subs r0, r7, r3",0
"str r0, [sp, 0x20]",0
"ldreq r2, [sl, 0x14]",0
"ldreq r1, [sp, 0x40]",0
"addeq r2, r2, r1",0
"ldreq r2, [r2, 8]",0
"ldreq r2, [r2]",0
"ldrne r2, [sl, 0xc]",0
"ldrne r0, [sp, 0x44]",0
"ldrne r2, [r2, r0]",0
"add r2, r2, r2, lsl 1",0
"ldr r1, [sl, 0x18]",0
"add r1, r1, r2, lsl 2",0
"str r1, [sp, 0x14]",0
"add r7, r7, sb",0
"rsb r7, r3, r7",0
"mov r0, fp",0
"sub r1, r7, 1",0
"ldr r2, [fp, 0x58]",0
bl 0x7700,0
"str r0, [sp, 0x24]",0
"ldr r8, [fp, 0x64]",0
"ldr r3, [r8, r7, lsl 2]",0
"ldr r1, [sp, 0x38]",0
"ldr r2, [r8, r1]",0
"cmp r2, 0",0
"ldrne r2, [r2, 8]",0
"moveq r2, 0",0
"str r2, [sp, 0x28]",0
"cmp r3, 0",0
bne 0xfa2c,0
"add r0, sp, 0x54",0
"mov r1, sl",0
"ldr r2, [sp, 0x14]",0
"ldr r3, [sp, 0x24]",0
bl 0x9884,0
"str r0, [r8, r7, lsl 2]",0
"ldr r3, [fp, 0x64]",0
"ldr r3, [r3, r7, lsl 2]",0
"cmp r3, 0",0
bne 0xfa94,0
"ldr r3, [sp, 0x54]",0
"cmp r3, 0",0
beq 0xfa94,0
b 0xfb28,0
"add r0, sp, 0x48",0
"ldr r1, [r3, 0x28]",0
"ldr r2, [sp, 0x14]",0
bl 0x7b58,0
"str r0, [sp, 0x54]",0
"cmp r0, 0",0
beq 0xfa54,0
"ldr r0, [sp, 0x50]",0
bl 0x1230,0
b 0xfb28,0
"ldr r8, [fp, 0x64]",0
"add r0, sp, 0x54",0
"mov r1, sl",0
"add r2, sp, 0x48",0
"ldr r3, [sp, 0x24]",0
bl 0x9884,0
"str r0, [r8, r7, lsl 2]",0
"ldr r0, [sp, 0x50]",0
bl 0x1230,0
"ldr r3, [fp, 0x64]",0
"ldr r3, [r3, r7, lsl 2]",0
"cmp r3, 0",0
bne 0xfa94,0
"ldr r3, [sp, 0x54]",0
"cmp r3, 0",0
bne 0xfb28,0
"ldr r3, [sp, 0x20]",0
"cmp r3, 0",0
bne 0xfaf0,0
"ldr r3, [fp, 0x64]",0
"ldr r0, [sp, 0x38]",0
"ldr r3, [r3, r0]",0
"ldr r3, [r3, 8]",0
"ldr r1, [sp, 0x28]",0
"cmp r1, r3",0
bhs 0xfaf0,0
"mov r0, fp",0
"ldr r1, [sp, 0x14]",0
"mov r2, sb",0
bl 0x9b2c,0
"str r0, [sp, 0x54]",0
"cmp r0, 0",0
bne 0xfb28,0
"mov r0, fp",0
"ldr r1, [sp, 0x14]",0
bl 0xf4f0,0
"str r0, [sp, 0x54]",0
"cmp r0, 0",0
bne 0xfb28,0
"add r5, r5, 1",0
"add r4, r4, 0x14",0
"ldr r3, [fp, 0x6c]",0
"cmp r3, r5",0
bhi 0xf950,0
"ldr r2, [sp, 0x2c]",0
"add r2, r2, 1",0
"str r2, [sp, 0x2c]",0
"ldr r0, [sp, 0x30]",0
"ldr r3, [r0, 4]",0
"cmp r3, r2",0
bhi 0xf530,0
"mov r3, 0",0
"str r3, [sp, 0x54]",0
"ldr r0, [sp, 0x54]",0
b 0xfb90,0
"mov r0, 0xc",0
b 0xfb3c,0
"mov r0, 0xc",0
"str r0, [sp, 0x54]",0
b 0xfb28,0
"mov r1, 0",0
"str r1, [sp, 0x54]",0
"ldr r3, [fp, 0x6c]",0
"ldr r2, [sp, 0x3c]",0
"cmp r2, r3",0
bhs 0xfb04,0
"ldr r0, [sp, 0x18]",0
"add r3, r0, r0, lsl 1",0
"lsl r3, r3, 2",0
"str r3, [sp, 0x40]",0
"lsl r1, r0, 2",0
"str r1, [sp, 0x44]",0
"add r4, r2, r2, lsl 2",0
"lsl r4, r4, 2",0
"ldr sl, [sp, 0x34]",0
"ldr sb, [sp, 0x1c]",0
"mov r6, r0",0
"mov r5, r2",0
b 0xf950,0
"add sp, sp, 0x5c",0
"pop {r4, r5, r6, r7, r8, sb, sl, fp, pc}",0
"andeq pc, r3, r0, lsl 30",0
"push {r4, r5, r6, r7, r8, sb, sl, lr}",0
"sub sp, sp, 0x10",0
"mov r8, r0",0
"mov r4, r1",0
"mov r5, r2",0
"ldr r7, [r1, 0x54]",0
"ldr r6, [r1, 0x28]",0
"ldr r3, [r1, 0x68]",0
"cmp r6, r3",0
"ldrhi r3, [r1, 0x64]",0
"strhi r2, [r3, r6, lsl 2]",0
"strhi r6, [r1, 0x68]",0
bhi 0xfc9c,0
"ldr r2, [r1, 0x64]",0
"ldr r3, [r2, r6, lsl 2]",0
"cmp r3, 0",0
"streq r5, [r2, r6, lsl 2]",0
beq 0xfc9c,0
"ldr r2, [r3, 0x28]",0
"cmp r5, 0",0
beq 0xfc14,0
"ldr sl, [r5, 0x28]",0
"add r0, sp, 4",0
"mov r1, sl",0
bl 0x7b58,0
"str r0, [r8]",0
"cmp r0, 0",0
"movne r5, 0",0
bne 0xfd0c,0
b 0xfc58,0
"add r5, sp, 4",0
"ldm r2, {r0, r1, r2}",0
"stm r5, {r0, r1, r2}",0
"ldr r1, [r4, 0x28]",0
"mov r0, r4",0
"sub r1, r1, 1",0
"ldr r2, [r4, 0x58]",0
bl 0x7700,0
"mov r3, r0",0
"ldr sl, [r4, 0x64]",0
"mov r0, r8",0
"mov r1, r7",0
"mov r2, r5",0
bl 0x9884,0
"mov r5, r0",0
"str r0, [sl, r6, lsl 2]",0
b 0xfc9c,0
"ldr r1, [r4, 0x28]",0
"mov r0, r4",0
"sub r1, r1, 1",0
"ldr r2, [r4, 0x58]",0
bl 0x7700,0
"mov r3, r0",0
"ldr sb, [r4, 0x64]",0
"mov r0, r8",0
"mov r1, r7",0
"add r2, sp, 4",0
bl 0x9884,0
"mov r5, r0",0
"str r0, [sb, r6, lsl 2]",0
"cmp sl, 0",0
beq 0xfc9c,0
"ldr r0, [sp, 0xc]",0
bl 0x1230,0
"ldr r3, [r7, 0x4c]",0
"cmp r3, 0",0
beq 0xfd0c,0
"cmp r5, 0",0
beq 0xfd0c,0
"add r7, r5, 4",0
"mov r0, r4",0
"mov r1, r7",0
"mov r2, r6",0
bl 0x9b2c,0
"str r0, [r8]",0
"cmp r0, 0",0
bne 0xfd00,0
"ldrb r3, [r5, 0x34]",0
"tst r3, 0x40",0
beq 0xfd0c,0
"mov r0, r4",0
"mov r1, r7",0
bl 0xf4f0,0
"str r0, [r8]",0
"cmp r0, 0",0
bne 0xfd08,0
"ldr r3, [r4, 0x64]",0
"ldr r5, [r3, r6, lsl 2]",0
b 0xfd0c,0
"mov r5, 0",0
b 0xfd0c,0
"mov r5, 0",0
"mov r0, r5",0
"add sp, sp, 0x10",0
"pop {r4, r5, r6, r7, r8, sb, sl, pc}",0
"push {r4, r5, r6, r7, r8, sb, sl, fp, lr}",0
"add fp, sp, 0x20",0
"sub sp, sp, 0x4c",0
"str r1, [fp, -0x48]",0
"str r2, [fp, -0x54]",0
"mov r8, r3",0
"ldr r0, [r0]",0
"str r0, [fp, -0x50]",0
"mov r3, 0",0
"str r3, [fp, -0x40]",0
"mov r2, 2",0
"str r2, [fp, -0x3c]",0
"str r3, [fp, -0x38]",0
"ldrb r3, [fp, 4]",0
"cmp r3, 0",0
beq 0xfd7c,0
"mov r0, 0x30                ; '0'",0
bl 0x1344,0
"str r0, [fp, -0x38]",0
"cmp r0, 0",0
"moveq r0, 0xc",0
beq 0x103ac,0
"sub r1, fp, 0x40",0
"str r1, [fp, -0x4c]",0
b 0xfd84,0
"mov r2, 0",0
"str r2, [fp, -0x4c]",0
"ldr r3, [fp, -0x50]",0
"ldr r6, [r3, 0x48]",0
"mov r3, 0",0
"str r3, [fp, -0x34]",0
"str r3, [fp, -0x30]",0
"str r3, [fp, -0x2c]",0
"ldr r1, [fp, -0x54]",0
"lsl r1, r1, 3",0
"str r1, [fp, -0x58]",0
"cmp r1, 0xfc0",0
bhs 0xfdcc,0
"add r3, r1, 8",0
"sub sp, sp, r3",0
"add r2, sp, 8",0
"str r2, [fp, -0x60]",0
"mov r3, 0",0
"str r3, [fp, -0x64]",0
b 0xfdf8,0
"ldr r0, [fp, -0x58]",0
bl 0x1344,0
"cmp r0, 0",0
"str r0, [fp, -0x60]",0
"movne r1, 1",0
"strne r1, [fp, -0x64]",0
bne 0xfdf8,0
"ldr r0, [fp, -0x4c]",0
bl 0x66dc,0
"mov r0, 0xc",0
b 0x103ac,0
"ldr r0, [fp, -0x60]",0
"mov r1, r8",0
"ldr r2, [fp, -0x58]",0
bl 0x1254,0
"ldr r3, [r8]",0
"sub r2, fp, 0x24",0
"str r3, [r2, -4]!",0
"str r2, [fp, -0x5c]",0
b 0x10350,0
"lsl r1, r6, 3",0
"ldr r3, [fp, -0x50]",0
"ldr r2, [r3]",0
"add r0, r2, r1",0
"ldrb r3, [r0, 4]",0
"cmp r3, 8",0
bne 0xfe5c,0
"ldr r3, [r2, r6, lsl 3]",0
"add r3, r3, 1",0
"ldr r1, [fp, -0x54]",0
"cmp r1, r3",0
"addhi r2, r8, r3, lsl 3",0
"strhi r4, [r8, r3, lsl 3]",0
"mvnhi r3, 0",0
"strhi r3, [r2, 4]",0
b 0xfed4,0
"cmp r3, 9",0
bne 0xfed4,0
"ldr r3, [r2, r1]",0
"add r3, r3, 1",0
"ldr r1, [fp, -0x54]",0
"cmp r1, r3",0
bls 0xfed4,0
"add r1, r8, r3, lsl 3",0
"ldr r2, [r8, r3, lsl 3]",0
"cmp r4, r2",0
bls 0xfea0,0
"str r4, [r1, 4]",0
"ldr r0, [fp, -0x60]",0
"mov r1, r8",0
"ldr r2, [fp, -0x58]",0
bl 0x1254,0
b 0xfed4,0
"ldrb r2, [r0, 6]",0
"tst r2, 8",0
beq 0xfed0,0
"ldr r2, [fp, -0x60]",0
"ldr r3, [r2, r3, lsl 3]",0
"cmn r3, 1",0
beq 0xfed0,0
"mov r0, r8",0
"mov r1, r2",0
"ldr r2, [fp, -0x58]",0
bl 0x1254,0
b 0xfed4,0
"str r4, [r1, 4]",0
"ldr r3, [r8, 4]",0
"cmp r4, r3",0
bne 0xffc4,0
"ldr r1, [fp, -0x48]",0
"ldr r3, [r1, 0x60]",0
"cmp r3, r6",0
bne 0xffc4,0
"ldr r2, [fp, -0x4c]",0
"cmp r2, 0",0
beq 0xff9c,0
"ldr r3, [fp, -0x54]",0
"cmp r3, 0",0
beq 0xff50,0
"mov r3, 0",0
"mov r2, r3",0
"ldr r0, [fp, -0x54]",0
"ldr r1, [r8, r3]",0
"cmp r1, 0",0
blt 0xff30,0
"add r1, r8, r3",0
"ldr r1, [r1, 4]",0
"cmn r1, 1",0
beq 0xff44,0
"add r2, r2, 1",0
"add r3, r3, 8",0
"cmp r2, r0",0
bne 0xff14,0
b 0xff50,0
"ldr r1, [fp, -0x54]",0
"cmp r2, r1",0
bne 0xff78,0
"ldr r0, [fp, -0x2c]",0
bl 0x1230,0
"ldr r2, [fp, -0x64]",0
"cmp r2, 0",0
beq 0xff6c,0
"ldr r0, [fp, -0x60]",0
bl 0x1230,0
"ldr r0, [fp, -0x4c]",0
bl 0x66dc,0
b 0x103ac,0
"sub r3, fp, 0x34",0
"str r3, [sp]",0
"ldr r0, [fp, -0x4c]",0
"ldr r1, [fp, -0x5c]",0
"ldr r2, [fp, -0x54]",0
"mov r3, r8",0
bl 0x69b4,0
"mov r6, r0",0
b 0xffc4,0
"ldr r0, [fp, -0x2c]",0
bl 0x1230,0
"ldr r1, [fp, -0x64]",0
"cmp r1, 0",0
"moveq r0, 0",0
beq 0x103ac,0
"ldr r0, [fp, -0x60]",0
bl 0x1230,0
"mov r0, 0",0
b 0x103ac,0
"ldr r2, [fp, -0x48]",0
"ldr r4, [r2, 0x54]",0
"lsl r5, r6, 3",0
"ldr r1, [r4]",0
"add r3, r1, r5",0
"ldrb r2, [r3, 4]",0
"tst r2, 8",0
beq 0x10150,0
"ldr r1, [fp, -0x48]",0
"ldr r3, [r1, 0x64]",0
"ldr r2, [fp, -0x28]",0
"ldr sb, [r3, r2, lsl 2]",0
"add sb, sb, 4",0
"add r2, r6, r6, lsl 1",0
"ldr r3, [r4, 0x14]",0
"add r4, r3, r2, lsl 2",0
"sub r0, fp, 0x34",0
"mov r1, r6",0
bl 0x7044,0
"cmp r0, 0",0
beq 0x102cc,0
"ldr sl, [r4, 4]",0
"cmp sl, 0",0
beq 0x102f8,0
"ldr r7, [r4, 8]",0
"sub r7, r7, 4",0
"mvn r6, 0",0
"mov r4, 0",0
"ldr r5, [r7, 4]!",0
"mov r0, sb",0
"mov r1, r5",0
bl 0x5608,0
"cmp r0, 0",0
beq 0x10140,0
"cmn r6, 1",0
beq 0x1013c,0
"sub r0, fp, 0x34",0
"mov r1, r6",0
bl 0x5608,0
"cmp r0, 0",0
bne 0x102b0,0
"ldr r2, [fp, -0x4c]",0
"cmp r2, 0",0
beq 0x102bc,0
"ldr r7, [fp, -0x28]",0
"ldr r4, [r2]",0
"add r3, r4, 1",0
"str r3, [r2]",0
"ldr r2, [r2, 4]",0
"cmp r3, r2",0
bne 0x100c0,0
"add r1, r3, r3, lsl 1",0
"ldr r2, [fp, -0x4c]",0
"ldr r0, [r2, 8]",0
"lsl r1, r1, 4",0
bl 0x12b4,0
"cmp r0, 0",0
beq 0x102cc,0
"ldr r1, [fp, -0x4c]",0
"ldr r3, [r1, 4]",0
"lsl r3, r3, 1",0
"str r3, [r1, 4]",0
"str r0, [r1, 8]",0
"add r3, r4, r4, lsl 1",0
"lsl r4, r3, 3",0
"ldr r1, [fp, -0x4c]",0
"ldr r2, [r1, 8]",0
"str r7, [r2, r3, lsl 3]",0
"ldr r3, [r1, 8]",0
"add r3, r3, r4",0
"str r5, [r3, 4]",0
"ldr r5, [r1, 8]",0
"add r5, r5, r4",0
"ldr r0, [fp, -0x58]",0
bl 0x1344,0
"str r0, [r5, 8]",0
"ldr r2, [fp, -0x4c]",0
"ldr r3, [r2, 8]",0
"add r3, r3, r4",0
"ldr r0, [r3, 8]",0
"cmp r0, 0",0
beq 0x102cc,0
"mov r1, r8",0
"ldr r2, [fp, -0x58]",0
bl 0x1254,0
"ldr r3, [fp, -0x4c]",0
"ldr r0, [r3, 8]",0
"add r0, r0, r4",0
"add r0, r0, 0xc",0
"sub r1, fp, 0x34",0
bl 0x7ab0,0
"cmp r0, 0",0
beq 0x102bc,0
b 0x102cc,0
"mov r6, r5",0
"add r4, r4, 1",0
"cmp r4, sl",0
bne 0x10034,0
b 0x102bc,0
"ldrb r3, [r3, 6]",0
"tst r3, 0x10",0
beq 0x1017c,0
"mov r0, r4",0
"mov r1, r6",0
"ldr r2, [fp, -0x48]",0
"ldr r3, [fp, -0x28]",0
bl 0xa108,0
"subs r7, r0, 0",0
bne 0x10398,0
b 0x1023c,0
"cmp r2, 4",0
bne 0x1023c,0
"ldr r3, [r1, r5]",0
"add r3, r3, 1",0
"add r2, r8, r3, lsl 3",0
"ldr r2, [r2, 4]",0
"ldr r0, [r8, r3, lsl 3]",0
"rsb r7, r0, r2",0
"ldr r1, [fp, -0x4c]",0
"cmp r1, 0",0
beq 0x101e8,0
"cmn r0, 1",0
beq 0x10304,0
"cmn r2, 1",0
beq 0x10304,0
"cmp r7, 0",0
beq 0x101f0,0
"ldr r2, [fp, -0x48]",0
"ldr r3, [r2, 4]",0
"add r0, r3, r0",0
"ldr r1, [fp, -0x28]",0
"add r1, r3, r1",0
"mov r2, r7",0
bl 0x1290,0
"cmp r0, 0",0
bne 0x10304,0
b 0x10398,0
"cmp r7, 0",0
bne 0x10398,0
"sub r0, fp, 0x34",0
"mov r1, r6",0
bl 0x7044,0
"cmp r0, 0",0
beq 0x102cc,0
"ldr r3, [r4, 0x14]",0
"add r2, r6, r6, lsl 1",0
"add r3, r3, r2, lsl 2",0
"ldr r3, [r3, 8]",0
"ldr r7, [r3]",0
"ldr r1, [fp, -0x48]",0
"ldr r3, [r1, 0x64]",0
"ldr r2, [fp, -0x28]",0
"ldr r0, [r3, r2, lsl 2]",0
"add r0, r0, 4",0
"mov r1, r7",0
bl 0x5608,0
"cmp r0, 0",0
bne 0x102b8,0
"ldr r7, [fp, -0x28]",0
"ldr r1, [r4]",0
"ldr r0, [fp, -0x48]",0
"add r1, r1, r5",0
"mov r2, r7",0
bl 0x7814,0
"cmp r0, 0",0
beq 0x102f8,0
b 0x10388,0
"str r7, [fp, -0x28]",0
"ldr r2, [fp, -0x4c]",0
"cmp r2, 0",0
beq 0x102a4,0
"ldr r1, [fp, -0x48]",0
"ldr r3, [r1, 0x5c]",0
"cmp r7, r3",0
bhi 0x10304,0
"ldr r3, [r1, 0x64]",0
"ldr r0, [r3, r7, lsl 2]",0
"cmp r0, 0",0
beq 0x10304,0
"add r0, r0, 4",0
"mov r1, r6",0
bl 0x5608,0
"cmp r0, 0",0
beq 0x10304,0
"mov r2, 0",0
"str r2, [fp, -0x30]",0
b 0x102bc,0
"mov r6, r5",0
b 0x102bc,0
"mov r6, r7",0
"cmn r6, 3",0
bls 0x10350,0
"cmn r6, 2",0
bne 0x102f8,0
"ldr r0, [fp, -0x2c]",0
bl 0x1230,0
"ldr r3, [fp, -0x64]",0
"cmp r3, 0",0
beq 0x102e8,0
"ldr r0, [fp, -0x60]",0
bl 0x1230,0
"ldr r0, [fp, -0x4c]",0
bl 0x66dc,0
"mov r0, 0xc",0
b 0x103ac,0
"ldr r1, [fp, -0x4c]",0
"cmp r1, 0",0
beq 0x10328,0
"sub r2, fp, 0x34",0
"str r2, [sp]",0
"ldr r0, [fp, -0x4c]",0
"ldr r1, [fp, -0x5c]",0
"ldr r2, [fp, -0x54]",0
"mov r3, r8",0
bl 0x69b4,0
"mov r6, r0",0
b 0x10350,0
"ldr r0, [fp, -0x2c]",0
bl 0x1230,0
"ldr r3, [fp, -0x64]",0
"cmp r3, 0",0
"moveq r0, 1",0
beq 0x103ac,0
"ldr r0, [fp, -0x60]",0
bl 0x1230,0
"mov r0, 1",0
b 0x103ac,0
"ldr r4, [fp, -0x28]",0
"ldr r3, [r8, 4]",0
"cmp r3, r4",0
bhs 0xfe1c,0
"ldr r0, [fp, -0x2c]",0
bl 0x1230,0
"ldr r1, [fp, -0x64]",0
"cmp r1, 0",0
beq 0x1037c,0
"ldr r0, [fp, -0x60]",0
bl 0x1230,0
"ldr r0, [fp, -0x4c]",0
bl 0x66dc,0
b 0x103ac,0
"ldr r3, [r4, 0xc]",0
"ldr r6, [r3, r6, lsl 2]",0
"add r7, r7, 1",0
b 0x10260,0
"ldr r3, [r4, 0xc]",0
"ldr r6, [r3, r6, lsl 2]",0
"ldr r3, [fp, -0x28]",0
"add r7, r7, r3",0
b 0x10260,0
"sub sp, fp, 0x20",0
"pop {r4, r5, r6, r7, r8, sb, sl, fp, pc}",0
"push {r4, r5, r6, r7, r8, sb, sl, fp, lr}",0
"sub sp, sp, 0x11c",0
"str r0, [sp, 0x14]",0
"str r1, [sp, 0x30]",0
"str r2, [sp, 0x3c]",0
"mov r4, r3",0
"ldr r8, [sp, 0x140]",0
"ldr r6, [sp, 0x144]",0
"ldr r5, [sp, 0x148]",0
"ldr r0, [r0]",0
"str r0, [sp, 0x10]",0
"add r0, sp, 0x8c",0
"mov r1, 0",0
"mov r2, 0x88",0
bl 0x13f8,0
"ldr r1, [sp, 0x10]",0
"str r1, [sp, 0xe0]",0
"ldr r2, [sp, 0x14]",0
"ldr r2, [r2, 0x10]",0
"str r2, [sp, 0x1c]",0
"cmp r2, 0",0
beq 0x10448,0
"ldr ip, [sp, 0x14]",0
"ldrb r3, [ip, 0x1c]",0
"tst r3, 8",0
"moveq r0, 0",0
"streq r0, [sp, 0x1c]",0
beq 0x10448,0
"cmp r4, r8",0
beq 0x10440,0
"and r3, r3, 1",0
"cmp r3, 0",0
"movne r2, 0",0
"str r2, [sp, 0x1c]",0
b 0x10448,0
"mov r1, 0",0
"str r1, [sp, 0x1c]",0
"ldr r2, [sp, 0x14]",0
"ldr r2, [r2, 0x14]",0
"str r2, [sp, 0x34]",0
"ldr ip, [sp, 0x14]",0
"ldr r3, [ip, 0x18]",0
"cmp r3, r5",0
"mvnlo r3, r3",0
"addlo r3, r5, r3",0
"strlo r3, [sp, 0x54]",0
"movhs r0, 0",0
"strhs r0, [sp, 0x54]",0
"ldr r1, [sp, 0x14]",0
"ldr r3, [r1, 8]",0
"cmp r3, 0",0
beq 0x114a8,0
"ldr r2, [sp, 0x10]",0
"ldr r3, [r2, 0x24]",0
"cmp r3, 0",0
beq 0x114b4,0
"ldr r2, [r2, 0x28]",0
"cmp r2, 0",0
beq 0x114c0,0
"ldr ip, [sp, 0x10]",0
"ldr r0, [ip, 0x2c]",0
"cmp r0, 0",0
beq 0x114cc,0
"ldr r1, [ip, 0x30]",0
"cmp r1, 0",0
beq 0x114d8,0
"ldr r3, [r3, 8]",0
"cmp r3, 0",0
bne 0x10504,0
"ldr r3, [r2, 8]",0
"cmp r3, 0",0
bne 0x10504,0
"ldr r3, [r0, 8]",0
"cmp r3, 0",0
beq 0x104f0,0
"ldr r0, [sp, 0x14]",0
"ldrb r3, [r0, 0x1c]",0
"tst r3, 0x80",0
bne 0x10504,0
"cmp r8, 0",0
"cmpne r4, 0",0
bne 0x114e4,0
"mov r8, 0",0
"mov r4, r8",0
"ldr r1, [sp, 0x54]",0
"subs r5, r5, r1",0
"str r5, [sp, 0x38]",0
"movne r3, 1",0
bne 0x1052c,0
"ldr r2, [sp, 0x10]",0
"ldr r3, [r2, 0x4c]",0
"adds r3, r3, 0",0
"movne r3, 1",0
b 0x1052c,0
"and r3, r3, 1",0
"str r3, [sp, 0x48]",0
"ldr ip, [sp, 0x10]",0
"ldr r3, [ip, 8]",0
"add r3, r3, 1",0
"ldr r2, [ip, 0x5c]",0
"ldr r0, [sp, 0x3c]",0
"add r5, r0, 1",0
"cmp r2, r3",0
"movhs r3, r2",0
"cmp r5, r3",0
"movhs r5, r3",0
"ldr r1, [sp, 0x14]",0
"ldr r3, [r1, 0xc]",0
"lsr r3, r3, 0x16",0
"and r3, r3, 1",0
"str r3, [sp]",0
"str ip, [sp, 4]",0
"ldr r0, [sp, 0x30]",0
"ldr r1, [sp, 0x3c]",0
"add r2, sp, 0x8c",0
"ldr r3, [sp, 0x34]",0
bl 0x54d0,0
"add r0, sp, 0x8c",0
"mov r1, r5",0
bl 0x6c88,0
"cmp r0, 0",0
"str r0, [sp, 0x18]",0
bne 0x1146c,0
"ldr r2, [sp, 0x10]",0
"add r3, r2, 0x60",0
"str r3, [sp, 0xd0]",0
"ldrb r3, [r2, 0x58]",0
"lsr r3, r3, 4",0
"and r3, r3, 1",0
"strb r3, [sp, 0xda]",0
"ldrb r3, [sp, 0xd7]",0
"cmp r3, 0",0
beq 0x114f0,0
"mov r3, 0",0
"str r3, [sp, 0xa8]",0
"str r3, [sp, 0xac]",0
"str r6, [sp, 0xc4]",0
"str r6, [sp, 0xc0]",0
"ldr ip, [sp, 0x14]",0
"ldrb r3, [ip, 0x1c]",0
"lsr r3, r3, 7",0
"strb r3, [sp, 0xd9]",0
"ldr r0, [sp, 0x10]",0
"ldr r5, [r0, 0x4c]",0
"ldr r1, [sp, 0x150]",0
"str r1, [sp, 0xe4]",0
"mvn r3, 0",0
"str r3, [sp, 0xe8]",0
"lsls r5, r5, 1",0
beq 0x1064c,0
"ldr r3, [0x000115f0]        ; [0x115f0:4]=0xccccccc",0
"cmp r5, r3",0
bhi 0x11514,0
"lsl r7, r5, 2",0
"add r0, r7, r5",0
"lsl r0, r0, 2",0
bl 0x1344,0
"mov r6, r0",0
"str r0, [sp, 0x100]",0
"mov r0, r7",0
bl 0x1344,0
"str r0, [sp, 0x110]",0
"cmp r6, 0",0
beq 0x11514,0
"cmp r0, 0",0
beq 0x11514,0
"str r5, [sp, 0xfc]",0
"mov r3, 1",0
"str r3, [sp, 0x104]",0
"str r5, [sp, 0x10c]",0
"ldr r2, [sp, 0x38]",0
"cmp r2, r3",0
bhi 0x10678,0
"ldr ip, [sp, 0x10]",0
"ldrb r3, [ip, 0x58]",0
"tst r3, 2",0
beq 0x106a0,0
"ldr r3, [sp, 0xb0]",0
"cmn r3, 0xc0000002",0
bhi 0x11410,0
"add r0, r3, 1",0
"lsl r0, r0, 2",0
bl 0x1344,0
"str r0, [sp, 0xf0]",0
"cmp r0, 0",0
bne 0x106a8,0
b 0x1141c,0
"mov r3, 0",0
"str r3, [sp, 0xf0]",0
"str r4, [sp, 0x114]",0
"ldr r0, [sp, 0x150]",0
"and r3, r0, 1",0
"cmp r3, 0",0
"moveq r3, 6",0
"movne r3, 4",0
"str r3, [sp, 0xc8]",0
"cmp r4, r8",0
"movls r1, 1",0
"mvnhi r1, 0",0
"str r1, [sp, 0x40]",0
"cmp r8, r4",0
"movlo r2, r8",0
"movhs r2, r4",0
"str r2, [sp, 0x2c]",0
"cmp r8, r4",0
"movhs r3, r8",0
"movlo r3, r4",0
"str r3, [sp, 0x24]",0
"ldr ip, [sp, 0x10]",0
"ldr r3, [ip, 0x5c]",0
"cmp r3, 1",0
"movne r3, 0",0
"moveq r3, 1",0
"str r3, [sp, 0x44]",0
"ldr r0, [sp, 0x1c]",0
"cmp r0, 0",0
"moveq r2, 8",0
beq 0x10770,0
"cmp r3, 0",0
"movne r2, 4",0
bne 0x10750,0
"ldr r1, [sp, 0x14]",0
"ldr r3, [r1, 0xc]",0
"tst r3, 0x400000",0
"movne r2, 0",0
bne 0x10750,0
"ldr r3, [sp, 0x34]",0
"cmp r3, 0",0
"moveq r2, 4",0
"movne r2, 0",0
b 0x10750,0
"cmp r4, r8",0
"movls r3, 2",0
"movhi r3, 0",0
"ldr ip, [sp, 0x34]",0
"cmp ip, 0",0
"orrne r2, r2, 1",0
"orr r2, r2, r3",0
b 0x10770,0
"ldr r3, [sp, 0x114]",0
"ldr r0, [sp, 0x24]",0
"ldr r1, [sp, 0x2c]",0
"cmp r3, r1",0
"cmphs r0, r3",0
blo 0x11428,0
"cmp r4, r8",0
"addls r3, sp, 0x114",0
"movhi r3, 0",0
"str r3, [sp, 0x4c]",0
"adds r3, r3, 0",0
"movne r3, 1",0
"str r3, [sp, 0x50]",0
"sub r2, r2, 4",0
"str r2, [sp, 0x28]",0
"mov sl, 0",0
"add r2, sp, 0x70",0
"str r2, [sp, 8]",0
"ldr r3, [sp, 0x28]",0
"cmp r3, 4",0
"ldrls pc, [pc, r3, lsl 2]   ; [0x107c8:4]=0x18844",0
b 0x1097c,0
"andeq r8, r1, r4, asr 16",0
"andeq r8, r1, r4, asr 16",0
"andeq r8, r1, r4, lsl r8",0
"ldrdeq r8, sb, [r1], -ip",0
"andeq r8, r1, r8, lsl sl",0
"ldr r3, [sp, 0x114]",0
"ldr ip, [sp, 0x24]",0
"cmp ip, r3",0
bls 0x108d8,0
"ldr r0, [sp, 0x30]",0
"add r2, r0, r3",0
"ldrb r1, [r0, r3]",0
"ldr ip, [sp, 0x34]",0
"ldrb r1, [ip, r1]",0
"ldr r0, [sp, 0x1c]",0
"ldrb r1, [r0, r1]",0
"cmp r1, 0",0
beq 0x10858,0
b 0x108d8,0
"ldr r3, [sp, 0x114]",0
"ldr r1, [sp, 0x24]",0
"cmp r1, r3",0
bls 0x108d8,0
"ldr ip, [sp, 0x30]",0
"add r2, ip, r3",0
"ldrb r1, [ip, r3]",0
"ldr r0, [sp, 0x1c]",0
"ldrb r1, [r0, r1]",0
"cmp r1, 0",0
beq 0x1089c,0
b 0x108d8,0
"ldr r3, [sp, 0x114]",0
"ldr r1, [sp, 0x2c]",0
"cmp r1, r3",0
bls 0x10920,0
b 0x11520,0
"add r3, r3, 1",0
"ldr sb, [sp, 0x1c]",0
"ldr ip, [sp, 0x34]",0
"ldr lr, [sp, 0x24]",0
b 0x10870,0
"mov r3, r0",0
"cmp r3, lr",0
"streq r3, [sp, 0x114]",0
beq 0x108e8,0
"ldrb r1, [r2, 1]!",0
"add r0, r3, 1",0
"ldrb r1, [ip, r1]",0
"ldrb r1, [sb, r1]",0
"cmp r1, 0",0
beq 0x1086c,0
"str r3, [sp, 0x114]",0
b 0x10a18,0
"add r3, r3, 1",0
"ldr sb, [sp, 0x1c]",0
"ldr ip, [sp, 0x24]",0
b 0x108b0,0
"mov r3, r0",0
"cmp r3, ip",0
"streq r3, [sp, 0x114]",0
beq 0x108e8,0
"ldrb r1, [r2, 1]!",0
"add r0, r3, 1",0
"ldrb r1, [sb, r1]",0
"cmp r1, 0",0
beq 0x108ac,0
"str r3, [sp, 0x114]",0
b 0x10a18,0
"ldr r3, [sp, 0x114]",0
"ldr r2, [sp, 0x24]",0
"cmp r2, r3",0
bne 0x10a18,0
"ldr r3, [sp, 0x3c]",0
"ldr ip, [sp, 0x24]",0
"cmp r3, ip",0
"ldrhi r0, [sp, 0x30]",0
"ldrbhi r3, [r0, ip]",0
"movls r3, sl",0
"ldr r1, [sp, 0x34]",0
"cmp r1, 0",0
"ldrbne r3, [r1, r3]",0
"ldr r2, [sp, 0x1c]",0
"ldrb r3, [r2, r3]",0
"cmp r3, 0",0
bne 0x10a18,0
b 0x11434,0
"ldr sb, [sp, 0x1c]",0
"ldr r1, [sp, 0x34]",0
"ldr ip, [sp, 0x2c]",0
"ldr lr, [sp, 0x30]",0
"ldr r0, [sp, 0x3c]",0
"cmp r0, r3",0
"ldrbhi r2, [lr, r3]",0
"movls r2, sl",0
"cmp r1, 0",0
"ldrbne r2, [r1, r2]",0
"ldrb r2, [sb, r2]",0
"cmp r2, 0",0
bne 0x10968,0
"sub r3, r3, 1",0
"cmp ip, r3",0
bls 0x10934,0
"str r3, [sp, 0x114]",0
b 0x11520,0
"str r3, [sp, 0x114]",0
"ldr ip, [sp, 0x2c]",0
"cmp ip, r3",0
bls 0x10a18,0
b 0x11440,0
"ldr sb, [sp, 0x1c]",0
"ldr r5, [sp, 0x40]",0
"ldr r6, [sp, 0x2c]",0
"ldr r7, [sp, 0x24]",0
"ldr r4, [sp, 0x3c]",0
"ldr r8, [sp, 0x114]",0
"ldr r2, [sp, 0xa4]",0
"rsb r2, r2, r8",0
"ldr r3, [sp, 0xac]",0
"cmp r2, r3",0
blo 0x109cc,0
"add r0, sp, 0x8c",0
"mov r1, r8",0
"ldr r2, [sp, 0x150]",0
bl 0xe5c8,0
"cmp r0, 0",0
"str r0, [sp, 0x18]",0
bne 0x1146c,0
"ldr r2, [sp, 0xa4]",0
"rsb r2, r2, r8",0
"ldr r3, [sp, 0x114]",0
"cmp r4, r3",0
"ldrhi r1, [sp, 0x90]",0
"ldrbhi r2, [r1, r2]",0
"movls r2, sl",0
"ldrb r2, [sb, r2]",0
"cmp r2, 0",0
bne 0x10a18,0
"add r3, r5, r3",0
"str r3, [sp, 0x114]",0
"cmp r6, r3",0
"movls r2, 0",0
"movhi r2, 1",0
"cmp r7, r3",0
"movhs r3, r2",0
"orrlo r3, r2, 1",0
"cmp r3, 0",0
beq 0x10990,0
b 0x1144c,0
"add r0, sp, 0x8c",0
"ldr r1, [sp, 0x114]",0
"ldr r2, [sp, 0x150]",0
bl 0xe5c8,0
"cmp r0, 0",0
"str r0, [sp, 0x18]",0
bne 0x1146c,0
"ldr r0, [sp, 0x44]",0
"cmp r0, 0",0
bne 0x10a5c,0
"ldr r3, [sp, 0xa8]",0
"cmp r3, 0",0
beq 0x10a5c,0
"ldr r3, [sp, 0x94]",0
"ldr r3, [r3]",0
"cmn r3, 1",0
beq 0x11224,0
"str sl, [sp, 0x104]",0
"str sl, [sp, 0xf8]",0
"str sl, [sp, 0xf4]",0
"ldr r5, [sp, 0xe0]",0
"ldr r1, [sp, 0xb4]",0
"str r1, [sp, 0x20]",0
"str sl, [sp, 0x68]",0
"ldr r4, [r5, 0x24]",0
"ldrb r3, [r4, 0x34]",0
"tst r3, 0x80",0
beq 0x10ae8,0
"add r0, sp, 0x8c",0
"sub r1, r1, 1",0
"ldr r2, [sp, 0xe4]",0
bl 0x7700,0
"mov r3, r0",0
"tst r0, 1",0
"ldrne r4, [r5, 0x28]",0
bne 0x10ae8,0
"cmp r0, 0",0
beq 0x10ae8,0
"and r2, r0, 6",0
"cmp r2, 6",0
"ldreq r4, [r5, 0x30]",0
beq 0x10ae8,0
"tst r0, 2",0
"ldrne r4, [r5, 0x2c]",0
bne 0x10ae8,0
"tst r0, 4",0
beq 0x10ae8,0
"add r0, sp, 0x68",0
"mov r1, r5",0
"ldr r2, [r4, 0x28]",0
bl 0x9884,0
"mov r4, r0",0
"cmp r4, 0",0
bne 0x10b10,0
"ldr r3, [sp, 0x68]",0
"cmp r3, 0xc",0
beq 0x1156c,0
"ldr r0, [0x000115f4]        ; [0x115f4:4]=0x1c7a8",0
"ldr r1, [0x000115f8]        ; [0x115f8:4]=0x1c6ac",0
"ldr r2, [0x000115fc]        ; [0x115fc:4]=0x46b",0
"ldr r3, [0x00011600]        ; [0x11600:4]=0x1c4a8",0
bl 0x14f4,0
"ldr r3, [sp, 0xf0]",0
"cmp r3, 0",0
beq 0x10b88,0
"ldr ip, [sp, 0x20]",0
"str r4, [r3, ip, lsl 2]",0
"ldr r3, [r5, 0x4c]",0
"cmp r3, 0",0
"ldreq r7, [sp, 0x50]",0
beq 0x10b94,0
"add r5, r4, 4",0
"add r0, sp, 0x8c",0
"mov r1, r5",0
"mov r2, sl",0
bl 0x9b2c,0
"str r0, [sp, 0x68]",0
"cmp r0, 0",0
"movne fp, r0",0
bne 0x1100c,0
"ldrb r3, [r4, 0x34]",0
"tst r3, 0x40",0
"moveq r7, sl",0
beq 0x10b94,0
"add r0, sp, 0x8c",0
"mov r1, r5",0
bl 0xf4f0,0
"str r0, [sp, 0x68]",0
"cmp r0, 0",0
"movne fp, r0",0
bne 0x1100c,0
b 0x10b90,0
"ldr r7, [sp, 0x50]",0
b 0x10b94,0
"mov r7, sl",0
"ldrb r3, [r4, 0x34]",0
"tst r3, 0x10",0
bne 0x10bd0,0
"mvn fp, 0",0
"mov r8, sl",0
b 0x10bc0,0
"mvn fp, 0",0
"mov r8, sl",0
b 0x10bc0,0
"ldr fp, [sp, 0x20]",0
"mov r8, 1",0
"ldr r0, [sp, 0x4c]",0
"str r0, [sp, 0xc]",0
"ldr sb, [sp, 0x48]",0
b 0x10fe0,0
"ldrb r3, [r4, 0x34]",0
"tst r3, 0x80",0
beq 0x10bf4,0
"add r0, sp, 0x8c",0
"mov r1, r4",0
"ldr r2, [sp, 0x20]",0
bl 0x7984,0
"cmp r0, 0",0
beq 0x10bac,0
"ldr r1, [sp, 0x48]",0
"cmp r1, 0",0
bne 0x10bb8,0
"ldr fp, [sp, 0x20]",0
b 0x1100c,0
"add r5, r1, 1",0
"ldr r3, [sp, 0xb0]",0
"cmp r5, r3",0
blo 0x10c24,0
"ldr r2, [sp, 0xbc]",0
"cmp r3, r2",0
blo 0x10c3c,0
"ldr r3, [sp, 0xa8]",0
"cmp r5, r3",0
blo 0x10c70,0
"ldr r2, [sp, 0xbc]",0
"cmp r3, r2",0
bhs 0x10c70,0
"add r0, sp, 0x8c",0
"add r1, r1, 2",0
bl 0x8c54,0
"str r0, [sp, 0x68]",0
"cmp r0, 0",0
beq 0x10c70,0
"cmp r0, 0xc",0
beq 0x1156c,0
"ldr r0, [0x000115f4]        ; [0x115f4:4]=0x1c7a8",0
"ldr r1, [0x000115f8]        ; [0x115f8:4]=0x1c6ac",0
"ldr r2, [0x00011604]        ; [0x11604:4]=0x4a2",0
"ldr r3, [0x00011600]        ; [0x11600:4]=0x1c4a8",0
bl 0x14f4,0
"ldrb r3, [r4, 0x34]",0
"tst r3, 0x20",0
beq 0x10e40,0
"ldr r2, [sp, 0xe0]",0
"str r2, [sp, 0x64]",0
"ldr r3, [r4, 8]",0
"cmp r3, 0",0
beq 0x11564,0
"mov r6, sl",0
"str sb, [sp, 0x58]",0
"str r8, [sp, 0x5c]",0
"str fp, [sp, 0x60]",0
"mov fp, r2",0
"ldr r3, [r4, 0xc]",0
"ldr sb, [r3, r6, lsl 2]",0
"ldr r8, [fp]",0
"add r8, r8, sb, lsl 3",0
"ldrb r3, [r8, 6]",0
"tst r3, 0x10",0
beq 0x10e20,0
"ldr r3, [r8, 4]",0
"ldr ip, [0x00011608]        ; [0x11608:4]=0x3ff00",0
"tst r3, ip",0
beq 0x10d2c,0
"add r0, sp, 0x8c",0
"ldr r1, [sp, 0xb4]",0
"ldr r2, [sp, 0xe4]",0
bl 0x7700,0
"ldr r3, [r8, 4]",0
"lsl r3, r3, 0xe",0
"lsr r3, r3, 0x16",0
"tst r3, 4",0
beq 0x10cfc,0
"tst r0, 1",0
beq 0x10e20,0
"tst r3, 8",0
beq 0x10d0c,0
"tst r0, 1",0
bne 0x10e20,0
"tst r3, 0x20",0
beq 0x10d1c,0
"tst r0, 2",0
beq 0x10e20,0
"tst r3, 0x80",0
beq 0x10d2c,0
"tst r0, 8",0
beq 0x10e20,0
"mov r0, fp",0
"mov r1, sb",0
"add r2, sp, 0x8c",0
"ldr r3, [sp, 0xb4]",0
bl 0xa108,0
"cmp r0, 0",0
beq 0x10e20,0
"ldr r8, [sp, 0xb4]",0
"add r8, r0, r8",0
"ldr r3, [sp, 0x104]",0
"cmp r3, r0",0
"strge r3, [sp, 0x104]",0
"strlt r0, [sp, 0x104]",0
"add r0, sp, 0x8c",0
"mov r1, r8",0
bl 0x8d2c,0
"str r0, [sp, 0x6c]",0
"cmp r0, 0",0
bne 0x115c4,0
"ldr r3, [fp, 0xc]",0
"ldr r2, [r3, sb, lsl 2]",0
"add r2, r2, r2, lsl 1",0
"ldr r3, [fp, 0x18]",0
"add r2, r3, r2, lsl 2",0
"ldr r3, [sp, 0xf0]",0
"ldr r3, [r3, r8, lsl 2]",0
"cmp r3, 0",0
bne 0x10dd8,0
"ldm r2, {r0, r1, r2}",0
"ldr r3, [sp, 8]",0
"stm r3, {r0, r1, r2}",0
"add r0, sp, 0x8c",0
"sub r1, r8, 1",0
"ldr r2, [sp, 0xe4]",0
bl 0x7700,0
"mov r3, r0",0
"ldr sb, [sp, 0xf0]",0
"add r0, sp, 0x6c",0
"mov r1, fp",0
"add r2, sp, 0x70",0
bl 0x9884,0
"str r0, [sb, r8, lsl 2]",0
b 0x10e04,0
"add r0, sp, 0x70",0
"ldr r1, [r3, 0x28]",0
bl 0x7b58,0
"str r0, [sp, 0x6c]",0
"cmp r0, 0",0
beq 0x1152c,0
"ldr sb, [sp, 0x58]",0
"ldr r8, [sp, 0x5c]",0
"ldr fp, [sp, 0x60]",0
"mov r3, r0",0
b 0x115e4,0
"ldr r3, [sp, 0xf0]",0
"ldr r3, [r3, r8, lsl 2]",0
"cmp r3, 0",0
bne 0x10e20,0
"ldr r3, [sp, 0x6c]",0
"cmp r3, 0",0
bne 0x115d8,0
"add r6, r6, 1",0
"ldr r3, [r4, 8]",0
"cmp r6, r3",0
blo 0x10ca4,0
"ldr sb, [sp, 0x58]",0
"ldr r8, [sp, 0x5c]",0
"ldr fp, [sp, 0x60]",0
b 0x11564,0
"ldr r3, [sp, 0xb4]",0
"ldr r2, [sp, 0x90]",0
"ldrb r6, [r2, r3]",0
"add r3, r3, 1",0
"str r3, [sp, 0xb4]",0
"ldr r3, [r4, 0x2c]",0
"cmp r3, 0",0
"ldrne r6, [r3, r6, lsl 2]",0
bne 0x10ec4,0
"ldr r3, [r4, 0x30]",0
"cmp r3, 0",0
beq 0x10ea4,0
"str r3, [sp, 0x58]",0
"add r0, sp, 0x8c",0
"ldr r1, [sp, 0xb4]",0
"sub r1, r1, 1",0
"ldr r2, [sp, 0xe4]",0
bl 0x7700,0
"tst r0, 1",0
"addne r6, r6, 0x100",0
"ldrne ip, [sp, 0x58]",0
"ldrne r6, [ip, r6, lsl 2]",0
"ldreq r0, [sp, 0x58]",0
"ldreq r6, [r0, r6, lsl 2]",0
b 0x10ec4,0
"ldr r0, [sp, 0xe0]",0
"mov r1, r4",0
bl 0xd0c0,0
"cmp r0, 0",0
bne 0x10e54,0
"mov r1, 0xc",0
"str r1, [sp, 0x68]",0
"mov r6, sl",0
"ldr r3, [sp, 0xf0]",0
"cmp r3, 0",0
beq 0x10ee4,0
"add r0, sp, 0x68",0
"add r1, sp, 0x8c",0
"mov r2, r6",0
bl 0xfb9c,0
"mov r6, r0",0
"cmp r6, 0",0
bne 0x10f7c,0
"ldr r3, [sp, 0x68]",0
"cmp r3, 0",0
bne 0x1156c,0
"ldr r3, [sp, 0xf0]",0
"cmp r3, 0",0
beq 0x10ff0,0
"eor r3, sb, 1",0
"tst r8, r3",0
bne 0x10ff0,0
"ldr r0, [sp, 0xf4]",0
"ldr r3, [sp, 0xb4]",0
"ldr r2, [sp, 0xf0]",0
"add r2, r2, r3, lsl 2",0
"add r3, r3, 1",0
"cmp r0, r3",0
blo 0x10ff0,0
"ldr r1, [sp, 0xb4]",0
"add r1, r1, 1",0
"str r1, [sp, 0xb4]",0
"ldr r1, [r2, 4]!",0
"cmp r1, 0",0
beq 0x10f20,0
"add r0, sp, 0x68",0
"add r1, sp, 0x8c",0
"mov r2, sl",0
bl 0xfb9c,0
"ldr r3, [sp, 0x68]",0
"cmp r3, 0",0
bne 0x10f70,0
"cmp r0, 0",0
beq 0x10f10,0
"mov r6, r0",0
b 0x10f7c,0
"mov r6, r0",0
"cmp r0, 0",0
beq 0x10ff0,0
"cmp r7, 0",0
beq 0x10f9c,0
"cmp r4, r6",0
"movne r7, 0",0
"ldr r2, [sp, 0x20]",0
"cmp r4, r6",0
"moveq r2, r5",0
"str r2, [sp, 0x20]",0
"ldrb r3, [r6, 0x34]",0
"tst r3, 0x10",0
beq 0x10fdc,0
"tst r3, 0x80",0
beq 0x10fc8,0
"add r0, sp, 0x8c",0
"mov r1, r6",0
"ldr r2, [sp, 0xb4]",0
bl 0x7984,0
"cmp r0, 0",0
beq 0x10fdc,0
"ldr fp, [sp, 0xb4]",0
"cmp sb, 0",0
beq 0x1100c,0
"mov r8, 1",0
"str sl, [sp, 0xc]",0
"mov r4, r6",0
"ldr r1, [sp, 0xb4]",0
"ldr r3, [sp, 0xc4]",0
"cmp r1, r3",0
blo 0x10c08,0
"ldr r3, [sp, 0xc]",0
"cmp r3, 0",0
"ldrne r3, [r3]",0
"ldrne ip, [sp, 0x20]",0
"addne r3, r3, ip",0
"ldrne r0, [sp, 0xc]",0
"strne r3, [r0]",0
"cmn fp, 1",0
beq 0x1121c,0
"cmn fp, 2",0
beq 0x11458,0
"str fp, [sp, 0xe8]",0
"ldr r1, [sp, 0x14]",0
"ldrb r4, [r1, 0x1c]",0
"ands r4, r4, 0x10",0
bne 0x1103c,0
"ldr r2, [sp, 0x38]",0
"cmp r2, 1",0
bhi 0x1104c,0
"ldr ip, [sp, 0x10]",0
"ldr r3, [ip, 0x4c]",0
"cmp r3, 0",0
beq 0x11064,0
"add r0, sp, 0x8c",0
"ldr r3, [sp, 0xf0]",0
"ldr r1, [r3, fp, lsl 2]",0
"mov r2, fp",0
bl 0x7984,0
"str r0, [sp, 0xec]",0
"cmp r4, 0",0
bne 0x11088,0
"ldr r0, [sp, 0x38]",0
"cmp r0, 1",0
bls 0x11088,0
"ldr r1, [sp, 0x10]",0
"ldrb r3, [r1, 0x58]",0
"tst r3, 1",0
bne 0x11098,0
"ldr r2, [sp, 0x10]",0
"ldr r3, [r2, 0x4c]",0
"cmp r3, 0",0
beq 0x11260,0
"ldr r8, [sp, 0xe0]",0
"ldr r6, [sp, 0xec]",0
"cmn fp, 0xc0000002",0
bhi 0x11578,0
"add r5, fp, 1",0
"lsl r5, r5, 2",0
"mov r0, r5",0
bl 0x1344,0
"subs r4, r0, 0",0
beq 0x1163c,0
"ldr r3, [r8, 0x4c]",0
"cmp r3, 0",0
beq 0x111b8,0
"mov r0, r5",0
bl 0x1344,0
"subs r5, r0, 0",0
beq 0x11640,0
"ldr sb, [sp, 0x1c]",0
"str r8, [sp, 0xc]",0
"add r7, fp, 1",0
"mov r0, r5",0
"mov r1, sl",0
"lsl r2, r7, 2",0
bl 0x13f8,0
"str fp, [sp]",0
"add r0, sp, 0x70",0
"mov r1, r4",0
"mov r2, r5",0
"mov r3, r6",0
bl 0x7a64,0
"add r0, sp, 0x8c",0
"add r1, sp, 0x70",0
bl 0xe31c,0
"mov r8, r0",0
"ldr r0, [sp, 0x88]",0
bl 0x1230,0
"cmp r8, 0",0
bne 0x1161c,0
"ldr r3, [r4]",0
"cmp r3, 0",0
bne 0x11188,0
"ldr r3, [r5]",0
"cmp r3, 0",0
bne 0x11188,0
"ldr r3, [sp, 0xf0]",0
"add r3, r3, fp, lsl 2",0
"sub fp, fp, 1",0
"cmn fp, 3",0
bhi 0x1165c,0
"ldr r1, [r3, -4]!",0
"cmp r1, 0",0
beq 0x11150,0
"ldrb r2, [r1, 0x34]",0
"tst r2, 0x10",0
beq 0x11150,0
"add r0, sp, 0x8c",0
"mov r2, fp",0
bl 0x7984,0
"mov r6, r0",0
b 0x110e4,0
"ldr r8, [sp, 0xc]",0
"mov r0, r8",0
"mov r1, r4",0
"mov r2, r5",0
"mov r3, r7",0
bl 0xa058,0
"mov r7, r0",0
"mov r0, r5",0
bl 0x1230,0
"cmp r7, 0",0
beq 0x111fc,0
b 0x1160c,0
"str fp, [sp]",0
"add r0, sp, 0x70",0
"mov r1, r4",0
"mov r2, sl",0
"mov r3, r6",0
bl 0x7a64,0
"add r0, sp, 0x8c",0
"add r1, sp, 0x70",0
bl 0xe31c,0
"mov r7, r0",0
"ldr r0, [sp, 0x88]",0
bl 0x1230,0
"cmp r7, 0",0
bne 0x11614,0
"ldr r3, [r4]",0
"cmp r3, 0",0
beq 0x11658,0
"ldr r0, [sp, 0xf0]",0
bl 0x1230,0
"str r4, [sp, 0xf0]",0
"str r6, [sp, 0xec]",0
"str fp, [sp, 0xe8]",0
b 0x11260,0
"str r7, [sp, 0x18]",0
b 0x1146c,0
"add r0, sp, 0x8c",0
bl 0x6634,0
"ldr r3, [sp, 0x114]",0
"ldr ip, [sp, 0x40]",0
"add r3, ip, r3",0
"str r3, [sp, 0x114]",0
"ldr r0, [sp, 0x2c]",0
"cmp r0, r3",0
"movls r2, 0",0
"movhi r2, 1",0
"ldr r1, [sp, 0x24]",0
"cmp r1, r3",0
"movhs r3, r2",0
"orrlo r3, r2, 1",0
"cmp r3, 0",0
beq 0x107b8,0
b 0x11464,0
"ldr r2, [sp, 0x38]",0
"cmp r2, 0",0
beq 0x1146c,0
"cmp r2, 1",0
bls 0x115ac,0
"ldr r3, [sp, 0x14c]",0
"sub r1, r3, 8",0
"add r1, r1, r2, lsl 3",0
"mvn r2, 0",0
"str r2, [r3, 0xc]",0
"str r2, [r3, 8]!",0
"cmp r3, r1",0
bne 0x11284,0
b 0x11584,0
"ldr ip, [sp, 0x10]",0
"ldrb r3, [ip, 0x58]",0
"tst r3, 1",0
"moveq r3, 0",0
beq 0x112bc,0
"ldr r3, [ip, 0x4c]",0
"adds r3, r3, 0",0
"movne r3, 1",0
b 0x112bc,0
"str r3, [sp]",0
"ldr r0, [sp, 0x14]",0
"add r1, sp, 0x8c",0
"ldr r2, [sp, 0x38]",0
"ldr r3, [sp, 0x14c]",0
bl 0xfd18,0
"cmp r0, 0",0
"str r0, [sp, 0x18]",0
bne 0x1146c,0
"ldrb r5, [sp, 0xd8]",0
"ldr r4, [sp, 0xa8]",0
"ldr lr, [sp, 0xac]",0
"ldr ip, [sp, 0x98]",0
"ldr r1, [sp, 0x114]",0
"ldr r2, [sp, 0x38]",0
"lsl r0, r2, 3",0
"mov r3, 0",0
"ldr r6, [sp, 0x14c]",0
"ldr r2, [r6, r3]",0
"cmn r2, 1",0
beq 0x1135c,0
"cmp r5, 0",0
beq 0x11340,0
"cmp r2, r4",0
"ldrne r7, [ip, r2, lsl 2]",0
"moveq r7, lr",0
"mov r2, r6",0
"str r7, [r2, r3]!",0
"ldr r7, [r2, 4]",0
"cmp r4, r7",0
"ldrne r7, [ip, r7, lsl 2]",0
"moveq r7, lr",0
"str r7, [r2, 4]",0
"ldr r7, [r6, r3]",0
"add r7, r7, r1",0
"mov r2, r6",0
"str r7, [r2, r3]!",0
"ldr r7, [r2, 4]",0
"add r7, r7, r1",0
"str r7, [r2, 4]",0
"add r3, r3, 8",0
"cmp r3, r0",0
bne 0x11304,0
"ldr r3, [sp, 0x54]",0
"cmp r3, 0",0
beq 0x113a0,0
"lsl ip, r3, 3",0
"ldr r1, [sp, 0x14c]",0
"add r0, r1, r0",0
"mov r2, 0",0
"mvn r1, 0",0
"mov r3, r0",0
"str r1, [r3, r2]!",0
"str r1, [r3, 4]",0
"add r2, r2, 8",0
"cmp r2, ip",0
bne 0x11388,0
"ldr r2, [sp, 0x10]",0
"ldr r3, [r2, 0x84]",0
"cmp r3, 0",0
beq 0x1146c,0
"ldr r2, [sp, 0x14c]",0
"ldr r3, [sp, 0x38]",0
"sub r0, r3, 1",0
"mov r3, 0",0
"ldr ip, [sp, 0x10]",0
"mov lr, r2",0
b 0x11404,0
"ldr r1, [ip, 0x84]",0
"ldr r1, [r1, r3, lsl 2]",0
"cmp r1, r3",0
beq 0x113fc,0
"add r1, r1, 1",0
"ldr r1, [lr, r1, lsl 3]",0
"str r1, [r2, 8]",0
"ldr r1, [ip, 0x84]",0
"ldr r1, [r1, r3, lsl 2]",0
"add r1, lr, r1, lsl 3",0
"ldr r1, [r1, 0xc]",0
"str r1, [r2, 0xc]",0
"add r3, r3, 1",0
"add r2, r2, 8",0
"cmp r3, r0",0
bne 0x113cc,0
b 0x1146c,0
"mov ip, 0xc",0
"str ip, [sp, 0x18]",0
b 0x1146c,0
"mov r0, 0xc",0
"str r0, [sp, 0x18]",0
b 0x1146c,0
"mov r1, 1",0
"str r1, [sp, 0x18]",0
b 0x1146c,0
"mov r2, 1",0
"str r2, [sp, 0x18]",0
b 0x1146c,0
"mov r3, 1",0
"str r3, [sp, 0x18]",0
b 0x1146c,0
"mov ip, 1",0
"str ip, [sp, 0x18]",0
b 0x1146c,0
"mov r0, 0xc",0
"str r0, [sp, 0x18]",0
b 0x1146c,0
"mov r1, 1",0
"str r1, [sp, 0x18]",0
"ldr r0, [sp, 0xf0]",0
bl 0x1230,0
"ldr r2, [sp, 0x10]",0
"ldr r3, [r2, 0x4c]",0
"cmp r3, 0",0
beq 0x1149c,0
"add r0, sp, 0x8c",0
bl 0x6634,0
"ldr r0, [sp, 0x110]",0
bl 0x1230,0
"ldr r0, [sp, 0x100]",0
bl 0x1230,0
"add r0, sp, 0x8c",0
bl 0x6740,0
b 0x11670,0
"mov r3, 1",0
"str r3, [sp, 0x18]",0
b 0x11670,0
"mov ip, 1",0
"str ip, [sp, 0x18]",0
b 0x11670,0
"mov r0, 1",0
"str r0, [sp, 0x18]",0
b 0x11670,0
"mov r1, 1",0
"str r1, [sp, 0x18]",0
b 0x11670,0
"mov r2, 1",0
"str r2, [sp, 0x18]",0
b 0x11670,0
"mov r3, 1",0
"str r3, [sp, 0x18]",0
b 0x11670,0
"ldr ip, [sp, 0x30]",0
"str ip, [sp, 0x90]",0
"ldr r0, [sp, 0x10]",0
"ldr r3, [r0, 0x5c]",0
"ldr r1, [sp, 0x3c]",0
"cmp r3, 1",0
"movgt r1, 0",0
"mov r3, r1",0
b 0x105cc,0
"mov r2, 0xc",0
"str r2, [sp, 0x18]",0
b 0x1146c,0
"mov r3, 1",0
"str r3, [sp, 0x18]",0
b 0x1146c,0
"add r0, sp, 0x8c",0
"sub r1, r8, 1",0
"ldr r2, [sp, 0xe4]",0
bl 0x7700,0
"mov r3, r0",0
"ldr sb, [sp, 0xf0]",0
"add r0, sp, 0x6c",0
"mov r1, fp",0
"add r2, sp, 0x70",0
bl 0x9884,0
"str r0, [sb, r8, lsl 2]",0
"ldr r0, [sp, 0x78]",0
bl 0x1230,0
b 0x10e04,0
"str sl, [sp, 0x68]",0
b 0x10e40,0
"mov ip, 0xc",0
"str ip, [sp, 0x18]",0
b 0x1146c,0
"mov r0, 0xc",0
"str r0, [sp, 0x18]",0
b 0x1146c,0
"mov r3, 0",0
"ldr r1, [sp, 0x14c]",0
"str r3, [r1]",0
"ldr r3, [sp, 0xe8]",0
"str r3, [r1, 4]",0
"ldr r2, [sp, 0x14]",0
"ldrb r3, [r2, 0x1c]",0
"tst r3, 0x10",0
beq 0x11298,0
b 0x112e0,0
"mov r3, 0",0
"ldr ip, [sp, 0x14c]",0
"str r3, [ip]",0
"ldr r3, [sp, 0xe8]",0
"str r3, [ip, 4]",0
b 0x112e0,0
"ldr sb, [sp, 0x58]",0
"ldr r8, [sp, 0x5c]",0
"ldr fp, [sp, 0x60]",0
"mov r3, r0",0
b 0x115e4,0
"ldr sb, [sp, 0x58]",0
"ldr r8, [sp, 0x5c]",0
"ldr fp, [sp, 0x60]",0
"str r3, [sp, 0x68]",0
"mov r6, sl",0
b 0x10ec4,0
"stcleq p12, c12, [ip], {0xcc}",0
"andeq ip, r1, r8, lsr 15",0
"andeq ip, r1, ip, lsr 13",0
"andeq r0, r0, fp, ror 8",0
"andeq ip, r1, r8, lsr 9",0
"andeq r0, r0, r2, lsr 9",0
"andeq pc, r3, r0, lsl 30",0
"mov r5, sl",0
b 0x11620,0
"mov r5, sl",0
b 0x11620,0
"mov r7, r8",0
"mov r0, r4",0
bl 0x1230,0
"mov r0, r5",0
bl 0x1230,0
"cmp r7, 1",0
beq 0x1121c,0
b 0x11214,0
"mov r5, 0",0
"mov r0, r4",0
bl 0x1230,0
"mov r0, r5",0
bl 0x1230,0
"mov r7, 0xc",0
b 0x11214,0
"mov r5, sl",0
"mov r0, r4",0
bl 0x1230,0
"mov r0, r5",0
bl 0x1230,0
b 0x1121c,0
"ldr r0, [sp, 0x18]",0
"add sp, sp, 0x11c",0
"pop {r4, r5, r6, r7, r8, sb, sl, fp, pc}",0
"push {r4, r5, r6, r7, r8, sb, sl, fp, lr}",0
"sub sp, sp, 0x13c",0
"str r0, [sp, 0x24]",0
"str r1, [sp, 0x20]",0
"mov fp, r2",0
"ldr r5, [r0]",0
"str r5, [sp, 0x1c]",0
"ldr r3, [r5, 0x5c]",0
"cmp r3, 1",0
"ldreq r3, [r0, 0xc]",0
"lsreq r3, r3, 0x16",0
"andeq r3, r3, 1",0
"movne r3, 0",0
"and sb, r3, 1",0
"ldr r5, [sp, 0x20]",0
"ldr r3, [r5, 8]",0
"cmp r3, 0",0
beq 0x11b10,0
"mov r5, 0",0
"str r5, [sp, 0x14]",0
"add r5, sp, 0x38",0
"str r5, [sp, 4]",0
"ldr r5, [sp, 0x20]",0
"ldr r3, [r5, 0xc]",0
"ldr r5, [sp, 0x14]",0
"ldr r4, [r3, r5, lsl 2]",0
"lsl r5, r4, 3",0
"str r5, [sp, 0x18]",0
"ldr r5, [sp, 0x1c]",0
"ldr r2, [r5]",0
"ldr r5, [sp, 0x18]",0
"add r3, r2, r5",0
"ldrb r3, [r3, 4]",0
"mov r5, r3",0
"cmp r3, 1",0
bne 0x11864,0
"ldrb r5, [r2, r4, lsl 3]",0
"strb r3, [fp, r5]",0
"cmp sb, 0",0
beq 0x11740,0
"add r3, r5, 0x80",0
"ldr r0, [0x00011b18]        ; [0x11b18:4]=383",0
"cmp r3, r0",0
bhi 0x11738,0
bl 0x1368,0
"ldr r3, [r0]",0
"ldr r5, [r3, r5, lsl 2]",0
"mov r3, 1",0
"strb r3, [fp, r5]",0
"ldr r5, [sp, 0x24]",0
"ldr r3, [r5, 0xc]",0
"tst r3, 0x400000",0
beq 0x11ad8,0
"ldr r5, [sp, 0x1c]",0
"ldr r3, [r5, 0x5c]",0
"cmp r3, 1",0
ble 0x11ad8,0
"ldr r3, [r5]",0
"ldrb r3, [r3, r4, lsl 3]",0
"strb r3, [sp, 0x38]",0
"add r2, r4, 1",0
"ldr r3, [r5, 8]",0
"cmp r2, r3",0
bhs 0x117fc,0
"ldr r1, [r5]",0
"add r1, r1, r2, lsl 3",0
"ldr r3, [r1, 4]",0
"bic r3, r3, 0xff000000",0
"bic r3, r3, 0xdf0000",0
"bic r3, r3, 0xff00",0
"ldr r0, [0x00011b1c]        ; [0x11b1c:4]=0x200001",0
"cmp r3, r0",0
bne 0x11804,0
"add r3, sp, 0x3a",0
"add r0, r4, 2",0
"lsl r0, r0, 3",0
"mov ip, r5",0
"ldrb r1, [r1]",0
"mov lr, r3",0
"strb r1, [r3, -1]",0
"add r2, r2, 1",0
"ldr r1, [ip, 8]",0
"cmp r2, r1",0
bhs 0x11808,0
"ldr r1, [ip]",0
"add r1, r1, r0",0
"add r3, r3, 1",0
"add r0, r0, 8",0
"ldr r4, [r1, 4]",0
"bic r4, r4, 0xff000000",0
"bic r4, r4, 0xdf0000",0
"bic r4, r4, 0xff00",0
"ldr r5, [0x00011b1c]        ; [0x11b1c:4]=0x200001",0
"cmp r4, r5",0
beq 0x117b0,0
b 0x11808,0
"add lr, sp, 0x39",0
b 0x11808,0
"add lr, sp, 0x39",0
"mov r0, 0",0
"str r0, [sp, 0x30]",0
"str r0, [sp, 0x34]",0
"ldr r5, [sp, 4]",0
"rsb r4, r5, lr",0
"add r0, sp, 0x2c",0
"add r1, sp, 0x38",0
"mov r2, r4",0
"add r3, sp, 0x30",0
bl 0x1314,0
"cmp r4, r0",0
bne 0x11ad8,0
"ldr r0, [sp, 0x2c]",0
bl 0x126c,0
"mov r1, r0",0
"add r0, sp, 0x38",0
"add r2, sp, 0x30",0
bl 0x11c4,0
"cmn r0, 1",0
"ldrbne r3, [sp, 0x38]",0
"movne r2, 1",0
"strbne r2, [fp, r3]",0
b 0x11ad8,0
"cmp r3, 3",0
bne 0x11924,0
"mov r5, 0",0
"str r5, [sp, 0x10]",0
"str r5, [sp, 0xc]",0
"mov r8, 1",0
"ldr r5, [sp, 0x1c]",0
"ldr r3, [r5]",0
"ldr r5, [sp, 0x18]",0
"ldr r3, [r3, r5]",0
"ldr r5, [sp, 0x10]",0
"ldr r7, [r3, r5]",0
"ldr r6, [sp, 0xc]",0
"lsl r5, r6, 2",0
"mov r4, 0",0
"add sl, fp, r6",0
"add r0, r6, 0x80",0
"str r0, [sp, 8]",0
"add r2, r4, r6",0
"lsr r3, r7, r4",0
"tst r3, 1",0
beq 0x118ec,0
"strb r8, [sl, r4]",0
"cmp sb, 0",0
beq 0x118ec,0
"ldr r3, [sp, 8]",0
"add r1, r3, r4",0
"ldr r0, [0x00011b18]        ; [0x11b18:4]=383",0
"cmp r1, r0",0
bhi 0x118e8,0
bl 0x1368,0
"ldr r3, [r0]",0
"ldr r2, [r3, r5]",0
"strb r8, [fp, r2]",0
"add r4, r4, 1",0
"add r5, r5, 4",0
"cmp r4, 0x20",0
bne 0x118ac,0
"ldr r5, [sp, 0xc]",0
"add r5, r5, 0x20",0
"str r5, [sp, 0xc]",0
"ldr r5, [sp, 0x10]",0
"add r5, r5, 4",0
"str r5, [sp, 0x10]",0
"ldr r5, [sp, 0xc]",0
"cmp r5, 0x100",0
bne 0x1187c,0
b 0x11ad8,0
"cmp r3, 6",0
bne 0x11a94,0
"ldr r5, [r2, r4, lsl 3]",0
"ldr r0, [sp, 0x1c]",0
"ldr r3, [r0, 0x5c]",0
"cmp r3, 1",0
bgt 0x11950,0
"ldr r3, [r5, 0x14]",0
"cmp r3, 0",0
bne 0x119c8,0
b 0x11ad8,0
"ldr r3, [r5, 0x24]",0
"cmp r3, 0",0
bne 0x11974,0
"ldrb r3, [r5, 0x10]",0
"tst r3, 1",0
bne 0x11974,0
"ldr r3, [r5, 0x20]",0
"cmp r3, 0",0
beq 0x11940,0
"mov r1, 0",0
"strb r1, [sp, 0x2c]",0
"mov r4, 0",0
"mov r5, 1",0
"str r4, [sp, 0x38]",0
"str r4, [sp, 0x3c]",0
"mov r0, r4",0
"add r1, sp, 0x2c",0
"mov r2, r5",0
"add r3, sp, 0x38",0
bl 0x1314,0
"cmn r0, 2",0
"ldrbeq r3, [sp, 0x2c]",0
"strbeq r5, [fp, r3]",0
"ldrb r3, [sp, 0x2c]",0
"add r3, r3, 1",0
"and r3, r3, 0xff",0
"strb r3, [sp, 0x2c]",0
"cmp r3, 0",0
bne 0x11984,0
b 0x11ad8,0
"mov r4, 0",0
"mov r8, r4",0
"mov sl, 1",0
"str sb, [sp, 8]",0
"ldr sb, [sp, 0x24]",0
"str r8, [sp, 0x30]",0
"str r8, [sp, 0x34]",0
"lsl r7, r4, 2",0
"ldr r3, [r5]",0
"add r0, sp, 0x38",0
"ldr r1, [r3, r4, lsl 2]",0
"add r2, sp, 0x30",0
bl 0x11c4,0
"cmn r0, 1",0
beq 0x11a38,0
"ldrb r6, [sp, 0x38]",0
"strb sl, [fp, r6]",0
"ldr r2, [sp, 8]",0
"cmp r2, 0",0
beq 0x11a38,0
"add r3, r6, 0x80",0
"ldr r0, [0x00011b18]        ; [0x11b18:4]=383",0
"cmp r3, r0",0
bhi 0x11a34,0
bl 0x1368,0
"ldr r3, [r0]",0
"ldr r6, [r3, r6, lsl 2]",0
"strb sl, [fp, r6]",0
"ldr r3, [sb, 0xc]",0
"tst r3, 0x400000",0
beq 0x11a7c,0
"ldr r1, [sp, 0x1c]",0
"ldr r3, [r1, 0x5c]",0
"cmp r3, 1",0
ble 0x11a7c,0
"ldr r3, [r5]",0
"ldr r0, [r3, r7]",0
bl 0x126c,0
"mov r1, r0",0
"add r0, sp, 0x38",0
"add r2, sp, 0x30",0
bl 0x11c4,0
"cmn r0, 1",0
"ldrbne r3, [sp, 0x38]",0
"strbne sl, [fp, r3]",0
"add r4, r4, 1",0
"ldr r3, [r5, 0x14]",0
"cmp r3, r4",0
bhi 0x119dc,0
"ldr sb, [sp, 8]",0
b 0x11ad8,0
"and r2, r3, 0xfd",0
"cmp r2, 5",0
beq 0x11aac,0
"cmp r3, 2",0
bne 0x11ad8,0
b 0x11afc,0
"mov r0, fp",0
"mov r1, 1",0
"mov r2, 0x100",0
bl 0x13f8,0
"cmp r5, 2",0
bne 0x11b10,0
"ldr r5, [sp, 0x24]",0
"ldrb r3, [r5, 0x1c]",0
"orr r3, r3, 1",0
"strb r3, [r5, 0x1c]",0
b 0x11b10,0
"ldr r5, [sp, 0x14]",0
"add r5, r5, 1",0
"str r5, [sp, 0x14]",0
"ldr r5, [sp, 0x20]",0
"ldr r3, [r5, 8]",0
"ldr r5, [sp, 0x14]",0
"cmp r3, r5",0
bhi 0x116d4,0
b 0x11b10,0
"mov r0, fp",0
"mov r1, 1",0
"mov r2, 0x100",0
bl 0x13f8,0
b 0x11ac4,0
"add sp, sp, 0x13c",0
"pop {r4, r5, r6, r7, r8, sb, sl, fp, pc}",0
"andeq r0, r0, pc, ror r1",0
"eoreq r0, r0, r1",0
"push {r3, lr}",0
"mov lr, r0",0
"mov ip, r1",0
"ldr r3, [0x00011b94]        ; [0x11b94:4]=0x257e8",0
"ldr r3, [r3]",0
"lsr r0, r3, 0x15",0
"ldrb r1, [r2, 0x1c]",0
"and r0, r0, 0x10",0
"and r1, r1, 0xef",0
"orr r1, r1, r0",0
"orr r1, r1, 0x80",0
"strb r1, [r2, 0x1c]",0
"mov r0, r2",0
"mov r1, lr",0
"mov r2, ip",0
bl 0xc408,0
"cmp r0, 0",0
beq 0x11b8c,0
"ldr r3, [0x00011b98]        ; [0x11b98:4]=0x1c454",0
"add r1, r3, 0x64",0
"add r3, r3, r0, lsl 2",0
"ldr r3, [r3, 0x1d8]",0
"mov r0, 0",0
"add r1, r1, r3",0
"mov r2, 5",0
bl 0x12a8,0
"pop {r3, pc}",0
"mov r0, 0",0
"pop {r3, pc}",0
"andeq r5, r2, r8, ror 15",0
"andeq ip, r1, r4, asr r4",0
"ldr r3, [0x00011bb0]        ; [0x11bb0:4]=0x257e8",0
"ldr r2, [r3]",0
"str r0, [r3]",0
"mov r0, r2",0
bx lr,0
"andeq r5, r2, r8, ror 15",0
"push {r4, r5, r6, lr}",0
"mov r4, r0",0
"ldr r5, [r0]",0
"ldr r6, [r0, 0x10]",0
"mov r0, r6",0
"mov r1, 0",0
"mov r2, 0x100",0
bl 0x13f8,0
"mov r0, r4",0
"ldr r1, [r5, 0x24]",0
"mov r2, r6",0
bl 0x1167c,0
"ldr r1, [r5, 0x28]",0
"ldr r3, [r5, 0x24]",0
"cmp r3, r1",0
beq 0x11c00,0
"mov r0, r4",0
"mov r2, r6",0
bl 0x1167c,0
"ldr r1, [r5, 0x2c]",0
"ldr r3, [r5, 0x24]",0
"cmp r3, r1",0
beq 0x11c1c,0
"mov r0, r4",0
"mov r2, r6",0
bl 0x1167c,0
"ldr r1, [r5, 0x30]",0
"ldr r3, [r5, 0x24]",0
"cmp r3, r1",0
beq 0x11c38,0
"mov r0, r4",0
"mov r2, r6",0
bl 0x1167c,0
"ldrb r3, [r4, 0x1c]",0
"orr r3, r3, 8",0
"strb r3, [r4, 0x1c]",0
"mov r0, 0",0
"pop {r4, r5, r6, pc}",0
"push {r4, r5, r6, r7, r8, sb, sl, fp, lr}",0
"sub sp, sp, 0x24",0
"mov r6, r0",0
"str r1, [sp, 0x1c]",0
"mov sb, r2",0
"mov sl, r3",0
"ldr r3, [sp, 0x48]",0
"ldr r4, [sp, 0x50]",0
"ldr fp, [r0]",0
"add r8, r3, sl",0
"cmp sl, r2",0
bhi 0x11ff0,0
"cmp r8, r2",0
bhi 0x11cbc,0
"cmp r8, sl",0
"movhs r2, 0",0
"movlo r2, 1",0
"cmp r3, 0",0
"movlt r2, 0",0
"cmp r2, 0",0
bne 0x11cc4,0
"cmp sl, r8",0
"movhi r2, 0",0
"movls r2, 1",0
"and r2, r2, r3, lsr 31",0
"cmp r2, 0",0
"movne r8, 0",0
b 0x11cc8,0
"mov r8, r2",0
b 0x11cc8,0
"mov r8, sb",0
"ldr r3, [0x0001201c]        ; [0x1201c:4]=0",0
"cmp r3, 0",0
beq 0x11cdc,0
"add r0, fp, 0x88",0
bl 0x123c,0
"ldrb r3, [r6, 0x1c]",0
"lsl r1, r3, 0x1a",0
"and r2, r3, 0x40",0
"cmp r2, 0",0
"movne r2, 2",0
"moveq r2, 0",0
"orr r1, r2, r1, lsr 31",0
"str r1, [sp, 0x18]",0
"cmp r8, sl",0
bls 0x11d20,0
"ldr r2, [r6, 0x10]",0
"cmp r2, 0",0
beq 0x11d20,0
"tst r3, 8",0
bne 0x11d20,0
"mov r0, r6",0
bl 0x11bb4,0
"ldrb r3, [r6, 0x1c]",0
"tst r3, 0x10",0
bne 0x11d6c,0
"cmp r4, 0",0
"moveq r5, 1",0
beq 0x11d80,0
"and r3, r3, 6",0
"cmp r3, 4",0
bne 0x11d60,0
"ldr r5, [r4]",0
"ldr r3, [r6, 0x18]",0
"cmp r5, r3",0
bhi 0x11d60,0
"cmp r5, 0",0
bne 0x11d80,0
b 0x11d78,0
"ldr r5, [r6, 0x18]",0
"add r5, r5, 1",0
b 0x11d80,0
"mov r5, 1",0
"mov r4, 0",0
b 0x11d80,0
"mov r5, 1",0
"mov r4, 0",0
"lsl r0, r5, 3",0
bl 0x1344,0
"subs r7, r0, 0",0
beq 0x11fd4,0
"str r8, [sp]",0
"ldr r3, [sp, 0x4c]",0
"str r3, [sp, 4]",0
"str r5, [sp, 8]",0
"str r7, [sp, 0xc]",0
"ldr r3, [sp, 0x18]",0
"str r3, [sp, 0x10]",0
"mov r0, r6",0
"ldr r1, [sp, 0x1c]",0
"mov r2, sb",0
"mov r3, sl",0
bl 0x103b4,0
"cmp r0, 0",0
beq 0x11dd8,0
"cmp r0, 1",0
"mvneq r4, 0",0
"mvnne r4, 1",0
b 0x11fc8,0
"cmp r4, 0",0
beq 0x12000,0
"ldrb r3, [r6, 0x1c]",0
"lsr r3, r3, 1",0
"add r8, r5, 1",0
"ands r3, r3, 3",0
bne 0x11e40,0
"lsl r3, r8, 2",0
"str r3, [sp, 0x18]",0
"mov r0, r3",0
bl 0x1344,0
"mov sb, r0",0
"str r0, [r4, 4]",0
"cmp r0, 0",0
beq 0x11f6c,0
"ldr r0, [sp, 0x18]",0
bl 0x1344,0
"str r0, [r4, 8]",0
"cmp r0, 0",0
"strne r8, [r4]",0
"movne r0, 1",0
bne 0x11ef0,0
"mov r0, sb",0
bl 0x1230,0
"mov r0, 0",0
b 0x11f78,0
"cmp r3, 1",0
bne 0x11eb0,0
"ldr r3, [r4]",0
"cmp r8, r3",0
"movls r0, 1",0
bls 0x11ef0,0
"lsl sb, r8, 2",0
"ldr r0, [r4, 4]",0
"mov r1, sb",0
bl 0x12b4,0
"cmp r0, 0",0
"str r0, [sp, 0x18]",0
beq 0x11f74,0
"ldr r0, [r4, 8]",0
"mov r1, sb",0
bl 0x12b4,0
"cmp r0, 0",0
bne 0x11e98,0
"ldr r0, [sp, 0x18]",0
bl 0x1230,0
"mov r0, 0",0
b 0x11f78,0
"ldr r3, [sp, 0x18]",0
"str r3, [r4, 4]",0
"str r0, [r4, 8]",0
"str r8, [r4]",0
"mov r0, 1",0
b 0x11ef0,0
"cmp r3, 2",0
beq 0x11ecc,0
"ldr r0, [0x00012020]        ; [0x12020:4]=0x1c7bc",0
"ldr r1, [0x00012024]        ; [0x12024:4]=0x1c6ac",0
"mov r2, 0x22c",0
"ldr r3, [0x00012028]        ; [0x12028:4]=0x1c670",0
bl 0x14f4,0
"ldr r3, [r4]",0
"cmp r5, r3",0
"movls r0, 2",0
bls 0x11ef0,0
"ldr r0, [0x0001202c]        ; [0x1202c:4]=0x1c7d0",0
"ldr r1, [0x00012024]        ; [0x12024:4]=0x1c6ac",0
"ldr r2, [0x00012030]        ; [0x12030:4]=0x22e",0
"ldr r3, [0x00012028]        ; [0x12028:4]=0x1c670",0
bl 0x14f4,0
"cmp r5, 0",0
beq 0x11f30,0
"lsl lr, r5, 2",0
"mov r1, 0",0
"mov r3, r1",0
"mov r2, r7",0
"ldr r8, [r2, r1]!",0
"ldr ip, [r4, 4]",0
"str r8, [ip, r3]",0
"ldr ip, [r2, 4]",0
"ldr r2, [r4, 8]",0
"str ip, [r2, r3]",0
"add r3, r3, 4",0
"add r1, r1, 8",0
"cmp r3, lr",0
bne 0x11f04,0
"ldr r3, [r4]",0
"cmp r3, r5",0
bls 0x11f78,0
"lsl r3, r5, 2",0
"mvn r2, 0",0
"ldr r1, [r4, 4]",0
"ldr ip, [r4, 8]",0
"str r2, [ip, r3]",0
"str r2, [r1, r3]",0
"add r5, r5, 1",0
"add r3, r3, 4",0
"ldr r1, [r4]",0
"cmp r5, r1",0
blo 0x11f44,0
b 0x11f78,0
"mov r0, 0",0
b 0x11f78,0
"mov r0, 0",0
"ldrb r3, [r6, 0x1c]",0
"and r0, r0, 3",0
"bic r3, r3, 6",0
"orr r0, r3, r0, lsl 1",0
"strb r0, [r6, 0x1c]",0
"tst r0, 6",0
bne 0x12000,0
b 0x11ff8,0
"ldr r3, [r7]",0
"cmp r3, sl",0
beq 0x11fb8,0
"ldr r0, [0x00012034]        ; [0x12034:4]=0x1c7e8",0
"ldr r1, [0x00012024]        ; [0x12024:4]=0x1c6ac",0
"ldr r2, [0x00012038]        ; [0x12038:4]=497",0
"ldr r3, [0x0001203c]        ; [0x1203c:4]=0x1c680",0
bl 0x14f4,0
"ldr r4, [r7, 4]",0
"rsb r4, r3, r4",0
b 0x11fc8,0
"ldr r4, [r7]",0
"mov r0, r7",0
bl 0x1230,0
b 0x11fd8,0
"mvn r4, 1",0
"ldr r3, [0x0001201c]        ; [0x1201c:4]=0",0
"cmp r3, 0",0
beq 0x12010,0
"add r0, fp, 0x88",0
bl 0x117c,0
b 0x12010,0
"mvn r4, 0",0
b 0x12010,0
"mvn r4, 1",0
b 0x11fc8,0
"ldrb r3, [sp, 0x54]",0
"cmp r3, 0",0
bne 0x11f98,0
b 0x11fc4,0
"mov r0, r4",0
"add sp, sp, 0x24",0
"pop {r4, r5, r6, r7, r8, sb, sl, fp, pc}",0
"andeq r0, r0, r0",0
"strheq ip, [r1], -ip",0
"andeq ip, r1, ip, lsr 13",0
"andeq ip, r1, r0, ror r6",0
"ldrdeq ip, sp, [r1], -r0",0
"andeq r0, r0, lr, lsr 4",0
"andeq ip, r1, r8, ror 15",0
"strdeq r0, r1, [r0], -r1",0
"andeq ip, r1, r0, lsl 13",0
"push {r4, r5, r6, r7, r8, sb, sl, lr}",0
"sub sp, sp, 0x10",0
"mov r8, r0",0
"mov sb, r1",0
"mov r5, r2",0
"mov sl, r3",0
"ldr r4, [sp, 0x30]",0
"adds r7, r4, r2",0
bhs 0x120fc,0
"cmp r4, 0",0
beq 0x120b4,0
"cmp r2, 0",0
"moveq r1, r3",0
"moveq r6, 0",0
beq 0x120bc,0
"mov r0, r7",0
bl 0x1344,0
"subs r6, r0, 0",0
beq 0x12104,0
"mov r0, r6",0
"mov r1, sb",0
"mov r2, r5",0
bl 0x1254,0
"add r0, r6, r5",0
"mov r1, sl",0
"mov r2, r4",0
bl 0x1254,0
"mov r1, r6",0
b 0x120bc,0
"mov r6, 0",0
b 0x120bc,0
"ldr r2, [sp, 0x38]",0
"str r2, [sp]",0
"ldr r2, [sp, 0x40]",0
"str r2, [sp, 4]",0
"ldr r2, [sp, 0x3c]",0
"str r2, [sp, 8]",0
"ldrb r2, [sp, 0x44]",0
"str r2, [sp, 0xc]",0
"mov r0, r8",0
"mov r2, r7",0
"ldr r3, [sp, 0x34]",0
bl 0x11c4c,0
"mov r4, r0",0
"mov r0, r6",0
bl 0x1230,0
b 0x12108,0
"mvn r4, 1",0
b 0x12108,0
"mvn r4, 1",0
"mov r0, r4",0
"add sp, sp, 0x10",0
"pop {r4, r5, r6, r7, r8, sb, sl, pc}",0
"push {r3, r4, r5, r6, r7, lr}",0
"mov r4, r0",0
"mov r6, r1",0
"mov r5, r2",0
"and r7, r2, 1",0
"ldr r3, [0x00012218]        ; [0x12218:4]=0x3b2fc",0
"ldr r2, [0x0001221c]        ; [0x1221c:4]=0x10102c6",0
"cmp r7, 0",0
"moveq r7, r2",0
"movne r7, r3",0
"mov r2, 0",0
"str r2, [r0]",0
"str r2, [r0, 4]",0
"str r2, [r0, 8]",0
"mov r0, 0x100",0
bl 0x1344,0
"str r0, [r4, 0x10]",0
"cmp r0, 0",0
beq 0x12210,0
"and r3, r5, 2",0
"cmp r3, 0",0
"movne r3, 0x400000",0
"moveq r3, 0",0
"orr r7, r3, r7",0
"tst r5, 4",0
"bicne r7, r7, 0x40",0
"orrne r7, r7, 0x100",0
"ldrbne r3, [r4, 0x1c]",0
"orrne r3, r3, 0x80",0
"ldrbeq r3, [r4, 0x1c]",0
"biceq r3, r3, 0x80",0
"strb r3, [r4, 0x1c]",0
"lsl r5, r5, 1",0
"ldrb r3, [r4, 0x1c]",0
"bic r3, r3, 0x10",0
"and r5, r5, 0x10",0
"orr r5, r5, r3",0
"strb r5, [r4, 0x1c]",0
"mov r3, 0",0
"str r3, [r4, 0x14]",0
"mov r0, r6",0
bl 0x13b0,0
"mov r2, r0",0
"mov r0, r4",0
"mov r1, r6",0
"mov r3, r7",0
bl 0xc408,0
"mov r5, r0",0
"cmp r0, 0x10",0
beq 0x121f4,0
"cmp r0, 0",0
bne 0x121f8,0
"mov r0, r4",0
bl 0x11bb4,0
"mov r0, 0",0
"pop {r3, r4, r5, r6, r7, pc}",0
"mov r5, 8",0
"ldr r0, [r4, 0x10]",0
bl 0x1230,0
"mov r3, 0",0
"str r3, [r4, 0x10]",0
"mov r0, r5",0
"pop {r3, r4, r5, r6, r7, pc}",0
"mov r0, 0xc",0
"pop {r3, r4, r5, r6, r7, pc}",0
"strdeq fp, ip, [r3], -ip",0
"smlabteq r1, r6, r2, r0",0
"push {r3, r4, r5, r6, r7, lr}",0
"mov r6, r2",0
"mov r5, r3",0
"cmp r0, 0x10",0
bls 0x12238,0
bl 0x14dc,0
"ldr r3, [0x00012294]        ; [0x12294:4]=0x1c454",0
"add r1, r3, 0x64",0
"add r0, r3, r0, lsl 2",0
"ldr r3, [r0, 0x1d8]",0
"mov r0, 0",0
"add r1, r1, r3",0
"mov r2, 5",0
bl 0x12a8,0
"mov r7, r0",0
bl 0x13b0,0
"add r4, r0, 1",0
"cmp r5, 0",0
beq 0x1228c,0
"cmp r4, r5",0
"subhi r2, r5, 1",0
"movhi r3, 0",0
"strbhi r3, [r6, r2]",0
"movls r2, r4",0
"mov r0, r6",0
"mov r1, r7",0
bl 0x1254,0
"mov r0, r4",0
"pop {r3, r4, r5, r6, r7, pc}",0
"andeq ip, r1, r4, asr r4",0
"push {r3, r4, r5, lr}",0
"mov r4, r0",0
"ldr r5, [r0]",0
"cmp r5, 0",0
beq 0x122c8,0
"ldr r3, [0x000122f0]        ; [0x122f0:4]=0",0
"cmp r3, 0",0
beq 0x122c0,0
"add r0, r5, 0x88",0
bl 0x120c,0
"mov r0, r5",0
bl 0x67e4,0
"mov r5, 0",0
"str r5, [r4]",0
"str r5, [r4, 4]",0
"ldr r0, [r4, 0x10]",0
bl 0x1230,0
"str r5, [r4, 0x10]",0
"ldr r0, [r4, 0x14]",0
bl 0x1230,0
"str r5, [r4, 0x14]",0
"pop {r3, r4, r5, pc}",0
"andeq r0, r0, r0",0
"push {r4, r5, r6, r7, r8, sb, sl, fp, lr}",0
"sub sp, sp, 0x1c",0
"mov r4, r0",0
"mov r7, r1",0
"mov sb, r2",0
"mov r8, r3",0
"ldr r5, [sp, 0x40]",0
"ldr r6, [r0]",0
"bics r3, r5, 7",0
"movne r0, 2",0
bne 0x123b4,0
"tst r5, 4",0
"ldrne fp, [r8]",0
"ldrne sl, [r8, 4]",0
bne 0x12340,0
"mov r0, r1",0
bl 0x13b0,0
"mov sl, r0",0
"mov fp, 0",0
"ldr r3, [0x000123bc]        ; [0x123bc:4]=0",0
"cmp r3, 0",0
beq 0x12354,0
"add r0, r6, 0x88",0
bl 0x123c,0
"ldrb r3, [r4, 0x1c]",0
"tst r3, 0x10",0
"str sl, [sp]",0
"str sl, [sp, 4]",0
"movne r3, 0",0
"strne r3, [sp, 8]",0
"strne r3, [sp, 0xc]",0
"streq sb, [sp, 8]",0
"streq r8, [sp, 0xc]",0
"str r5, [sp, 0x10]",0
"mov r0, r4",0
"mov r1, r7",0
"mov r2, sl",0
"mov r3, fp",0
bl 0x103b4,0
"mov r4, r0",0
"ldr r3, [0x000123bc]        ; [0x123bc:4]=0",0
"cmp r3, 0",0
beq 0x123a8,0
"add r0, r6, 0x88",0
bl 0x117c,0
"adds r0, r4, 0",0
"movne r0, 1",0
b 0x123b4,0
"add sp, sp, 0x1c",0
"pop {r4, r5, r6, r7, r8, sb, sl, fp, pc}",0
"andeq r0, r0, r0",0
"str lr, [sp, -4]!",0
"sub sp, sp, 0x14",0
"mov ip, 0",0
"str ip, [sp]",0
"str r2, [sp, 4]",0
"ldr ip, [sp, 0x18]",0
"str ip, [sp, 8]",0
"mov ip, 1",0
"str ip, [sp, 0xc]",0
bl 0x11c4c,0
"add sp, sp, 0x14",0
"ldm sp!, {pc}",0
"str lr, [sp, -4]!",0
"sub sp, sp, 0x14",0
"ldr ip, [sp, 0x18]",0
"str ip, [sp]",0
"str r2, [sp, 4]",0
"ldr ip, [sp, 0x1c]",0
"str ip, [sp, 8]",0
"mov ip, 0",0
"str ip, [sp, 0xc]",0
bl 0x11c4c,0
"add sp, sp, 0x14",0
"ldm sp!, {pc}",0
"str lr, [sp, -4]!",0
"sub sp, sp, 0x1c",0
"ldr ip, [sp, 0x20]",0
"str ip, [sp]",0
"ldr ip, [sp, 0x24]",0
"str ip, [sp, 4]",0
"mov ip, 0",0
"str ip, [sp, 8]",0
"ldr ip, [sp, 0x28]",0
"str ip, [sp, 0xc]",0
"ldr ip, [sp, 0x2c]",0
"str ip, [sp, 0x10]",0
"mov ip, 1",0
"str ip, [sp, 0x14]",0
bl 0x12040,0
"add sp, sp, 0x1c",0
"ldm sp!, {pc}",0
"str lr, [sp, -4]!",0
"sub sp, sp, 0x1c",0
"ldr ip, [sp, 0x20]",0
"str ip, [sp]",0
"ldr ip, [sp, 0x24]",0
"str ip, [sp, 4]",0
"ldr ip, [sp, 0x28]",0
"str ip, [sp, 8]",0
"ldr ip, [sp, 0x2c]",0
"str ip, [sp, 0xc]",0
"ldr ip, [sp, 0x30]",0
"str ip, [sp, 0x10]",0
"mov ip, 0",0
"str ip, [sp, 0x14]",0
bl 0x12040,0
"add sp, sp, 0x1c",0
"ldm sp!, {pc}",0
"cmp r2, 0",0
beq 0x124d4,0
"ldrb ip, [r0, 0x1c]",0
"bic ip, ip, 4",0
"orr ip, ip, 2",0
"strb ip, [r0, 0x1c]",0
"str r2, [r1]",0
"str r3, [r1, 4]",0
"ldr r3, [sp]",0
"str r3, [r1, 8]",0
bx lr,0
"ldrb r3, [r0, 0x1c]",0
"bic r3, r3, 6",0
"strb r3, [r0, 0x1c]",0
"mov r3, 0",0
"str r3, [r1]",0
"str r3, [r1, 8]",0
"str r3, [r1, 4]",0
bx lr,0
"push {r4, r5, r6, lr}",0
"mov r4, r0",0
bl 0x1308,0
"mov r6, r0",0
"ldr r5, [r4]",0
"and r5, r5, 0x20",0
"mov r0, r4",0
bl 0x51d0,0
"adds r0, r0, 0",0
"movne r0, 1",0
"cmp r5, 0",0
bne 0x1254c,0
"cmp r0, 0",0
beq 0x12568,0
"cmp r6, 0",0
bne 0x12570,0
bl 0x13d4,0
"ldr r3, [r0]",0
"cmp r3, 9",0
"mvnne r0, 0",0
"moveq r0, 0",0
"pop {r4, r5, r6, pc}",0
"cmp r0, 0",0
bne 0x12578,0
bl 0x13d4,0
"mov r3, 0",0
"str r3, [r0]",0
"mvn r0, 0",0
"pop {r4, r5, r6, pc}",0
"mov r0, 0",0
"pop {r4, r5, r6, pc}",0
"mvn r0, 0",0
"pop {r4, r5, r6, pc}",0
"mvn r0, 0",0
"pop {r4, r5, r6, pc}",0
"push {r4, r5, r6, r7, r8, sb, sl, fp, lr}",0
"sub sp, sp, 0x6c",0
"mov r0, 0xe",0
bl 0x1488,0
"subs r5, r0, 0",0
"ldr r3, [0x000128c0]        ; [0x128c0:4]=0x1bd74",0
"cmp r0, 0",0
"moveq r5, r3",0
"ldr r3, [0x000128c4]        ; [0x128c4:4]=0x257e4",0
"ldr r4, [r3]",0
"cmp r4, 0",0
bne 0x12830,0
"ldr r0, [0x000128c8]        ; [0x128c8:4]=0x1c834",0
bl 0x1338,0
"subs r6, r0, 0",0
beq 0x125e0,0
"ldrb r3, [r6]",0
"cmp r3, 0",0
beq 0x125ec,0
"mov r0, r6",0
bl 0x13b0,0
"subs r8, r0, 0",0
beq 0x12608,0
b 0x125f4,0
"mov r8, 0x25                ; '%'",0
"ldr r6, [0x000128cc]        ; [0x128cc:4]=0x1c804",0
b 0x125f4,0
"mov r8, 0x25                ; '%'",0
"ldr r6, [0x000128cc]        ; [0x128cc:4]=0x1c804",0
"add r3, r6, r8",0
"ldrb r3, [r3, -1]",0
"cmp r3, 0x2f",0
"movne sb, 1",0
bne 0x12610,0
"mov sb, 0",0
b 0x12610,0
"add sl, sb, r8",0
"add r0, sl, 0xe",0
bl 0x1344,0
"subs r7, r0, 0",0
beq 0x12824,0
"mov r0, r7",0
"mov r1, r6",0
"mov r2, r8",0
bl 0x1254,0
"cmp sb, 0",0
"movne r3, 0x2f              ; '/'",0
"strbne r3, [r7, r8]",0
"add r0, r7, sl",0
"ldr r1, [0x000128d0]        ; [0x128d0:4]=0x1c844",0
"mov r2, 0xe",0
bl 0x1254,0
"mov r0, r7",0
"mov r1, 0x8000",0
bl 0x132c,0
"subs r8, r0, 0",0
blt 0x1280c,0
"mov r0, r8",0
"ldr r1, [0x000128d4]        ; [0x128d4:4]=0x1c74c",0
bl 0x1188,0
"subs r6, r0, 0",0
"movne sl, 0",0
bne 0x1268c,0
"mov r0, r8",0
bl 0x14e8,0
"ldr r4, [0x000128c0]        ; [0x128c0:4]=0x1bd74",0
b 0x12818,0
"ldr r3, [r6, 4]",0
"ldr r2, [r6, 8]",0
"cmp r3, r2",0
"ldrblo r0, [r3], 1",0
"strlo r3, [r6, 4]",0
blo 0x126b0,0
"mov r0, r6",0
bl 0x1458,0
b 0x126b0,0
"cmn r0, 1",0
beq 0x127dc,0
"cmp r0, 0xa",0
"cmpne r0, 0x20",0
beq 0x1268c,0
"cmp r0, 9",0
beq 0x1268c,0
"cmp r0, 0x23",0
bne 0x12710,0
"ldr r3, [r6, 4]",0
"ldr r2, [r6, 8]",0
"cmp r3, r2",0
"ldrblo r0, [r3], 1",0
"strlo r3, [r6, 4]",0
blo 0x126f8,0
"mov r0, r6",0
bl 0x1458,0
b 0x126f8,0
"cmp r0, 0xa",0
"cmnne r0, 1",0
bne 0x126d4,0
"cmn r0, 1",0
bne 0x1268c,0
b 0x127e4,0
"mov r1, r6",0
bl 0x13c8,0
"mov r0, r6",0
"ldr r1, [0x000128d8]        ; [0x128d8:4]=0x1c854",0
"mov r2, sp",0
"add r3, sp, 0x34",0
bl 0x1404,0
"cmp r0, 1",0
ble 0x127ec,0
"mov r0, sp",0
bl 0x13b0,0
"mov sb, r0",0
"add r0, sp, 0x34",0
bl 0x13b0,0
"mov fp, r0",0
"cmp sl, 0",0
bne 0x1276c,0
"add r0, r0, sb",0
"add sl, r0, 2",0
"add r0, r0, 3",0
bl 0x1344,0
"mov r8, r0",0
b 0x12788,0
"add r1, sb, r0",0
"add r1, r1, sl",0
"add sl, r1, 2",0
"mov r0, r4",0
"add r1, r1, 3",0
bl 0x12b4,0
"mov r8, r0",0
"cmp r8, 0",0
bne 0x127a8,0
"mov r0, r4",0
bl 0x1230,0
"mov r0, r6",0
bl 0x51d0,0
"ldr r4, [0x000128c0]        ; [0x128c0:4]=0x1bd74",0
b 0x12818,0
"rsb fp, fp, sl",0
"mvn r0, 1",0
"rsb r0, sb, r0",0
"add r0, r0, fp",0
"add r0, r8, r0",0
"mov r1, sp",0
bl 0x12fc,0
"sub r0, fp, 1",0
"add r0, r8, r0",0
"add r1, sp, 0x34",0
bl 0x12fc,0
"mov r4, r8",0
b 0x1268c,0
"mov r8, r4",0
b 0x127f0,0
"mov r8, r4",0
b 0x127f0,0
"mov r8, r4",0
"mov r0, r6",0
bl 0x51d0,0
"cmp sl, 0",0
"movne r3, 0",0
"strbne r3, [r8, sl]",0
bne 0x12818,0
b 0x12814,0
"ldr r4, [0x000128c0]        ; [0x128c0:4]=0x1bd74",0
b 0x12818,0
"ldr r4, [0x000128c0]        ; [0x128c0:4]=0x1bd74",0
"mov r0, r7",0
bl 0x1230,0
b 0x12828,0
"ldr r4, [0x000128c0]        ; [0x128c0:4]=0x1bd74",0
"ldr r3, [0x000128c4]        ; [0x128c4:4]=0x257e4",0
"str r4, [r3]",0
"ldrb r6, [r4]",0
"cmp r6, 0",0
beq 0x128a4,0
"mov r0, r5",0
"mov r1, r4",0
bl 0x11e8,0
"cmp r0, 0",0
beq 0x12864,0
"cmp r6, 0x2a",0
bne 0x12878,0
"ldrb r3, [r4, 1]",0
"cmp r3, 0",0
bne 0x12878,0
"mov r0, r4",0
bl 0x13b0,0
"add r0, r0, 1",0
"add r5, r4, r0",0
b 0x128a4,0
"mov r0, r4",0
bl 0x13b0,0
"add r0, r0, 1",0
"add r6, r4, r0",0
"mov r0, r6",0
bl 0x13b0,0
"add r0, r0, 1",0
"add r4, r6, r0",0
"ldrb r6, [r6, r0]",0
"cmp r6, 0",0
bne 0x1283c,0
"ldrb r0, [r5]",0
"ldr r3, [0x000128dc]        ; [0x128dc:4]=0x1c82c",0
"cmp r0, 0",0
"movne r0, r5",0
"moveq r0, r3",0
"add sp, sp, 0x6c",0
"pop {r4, r5, r6, r7, r8, sb, sl, fp, pc}",0
"andeq fp, r1, r4, ror sp",0
"andeq r5, r2, r4, ror 15",0
"andeq ip, r1, r4, lsr r8",0
"andeq ip, r1, r4, lsl 16",0
"andeq ip, r1, r4, asr 16",0
"andeq ip, r1, ip, asr 14",0
"andeq ip, r1, r4, asr r8",0
"andeq ip, r1, ip, lsr 16",0
"subs r2, r1, 1",0
bxeq lr,0
blo 0x1297c,0
"cmp r0, r1",0
bls 0x12960,0
"tst r1, r2",0
beq 0x1296c,0
"clz r3, r1",0
"clz r2, r0",0
"sub r2, r3, r2",0
"mov r3, 1",0
"lsl r1, r1, r2",0
"lsl r3, r3, r2",0
"mov r2, 0",0
"cmp r0, r1",0
"subhs r0, r0, r1",0
"orrhs r2, r2, r3",0
"cmp r0, r1, lsr 1",0
"subhs r0, r0, r1, lsr 1",0
"orrhs r2, r2, r3, lsr 1",0
"cmp r0, r1, lsr 2",0
"subhs r0, r0, r1, lsr 2",0
"orrhs r2, r2, r3, lsr 2",0
"cmp r0, r1, lsr 3",0
"subhs r0, r0, r1, lsr 3",0
"orrhs r2, r2, r3, lsr 3",0
"cmp r0, 0",0
"lsrsne r3, r3, 4",0
"lsrne r1, r1, 4",0
bne 0x12918,0
"mov r0, r2",0
bx lr,0
"moveq r0, 1",0
"movne r0, 0",0
bx lr,0
"clz r2, r1",0
"rsb r2, r2, 0x1f",0
"lsr r0, r0, r2",0
bx lr,0
"cmp r0, 0",0
"mvnne r0, 0",0
b 0x12ae8,0
"cmp r1, 0",0
beq 0x1297c,0
"push {r0, r1, lr}",0
bl 0x128e0,0
"pop {r1, r2, lr}",0
"mul r3, r2, r0",0
"sub r1, r1, r3",0
bx lr,0
"cmp r1, 0",0
beq 0x12a74,0
"eor ip, r0, r1",0
"rsbmi r1, r1, 0",0
"subs r2, r1, 1",0
beq 0x12a40,0
"movs r3, r0",0
"rsbmi r3, r0, 0",0
"cmp r3, r1",0
bls 0x12a4c,0
"tst r1, r2",0
beq 0x12a5c,0
"clz r2, r1",0
"clz r0, r3",0
"sub r0, r2, r0",0
"mov r2, 1",0
"lsl r1, r1, r0",0
"lsl r2, r2, r0",0
"mov r0, 0",0
"cmp r3, r1",0
"subhs r3, r3, r1",0
"orrhs r0, r0, r2",0
"cmp r3, r1, lsr 1",0
"subhs r3, r3, r1, lsr 1",0
"orrhs r0, r0, r2, lsr 1",0
"cmp r3, r1, lsr 2",0
"subhs r3, r3, r1, lsr 2",0
"orrhs r0, r0, r2, lsr 2",0
"cmp r3, r1, lsr 3",0
"subhs r3, r3, r1, lsr 3",0
"orrhs r0, r0, r2, lsr 3",0
"cmp r3, 0",0
"lsrsne r2, r2, 4",0
"lsrne r1, r1, 4",0
bne 0x129f4,0
"cmp ip, 0",0
"rsbmi r0, r0, 0",0
bx lr,0
"teq ip, r0",0
"rsbmi r0, r0, 0",0
bx lr,0
"movlo r0, 0",0
"asreq r0, ip, 0x1f",0
"orreq r0, r0, 1",0
bx lr,0
"clz r2, r1",0
"rsb r2, r2, 0x1f",0
"cmp ip, 0",0
"lsr r0, r3, r2",0
"rsbmi r0, r0, 0",0
bx lr,0
"cmp r0, 0",0
"mvngt r0, 0x80000000",0
"movlt r0, 0x80000000",0
b 0x12ae8,0
"cmp r1, 0",0
beq 0x12a74,0
"push {r0, r1, lr}",0
bl 0x129b0,0
"pop {r1, r2, lr}",0
"mul r3, r2, r0",0
"sub r1, r1, r3",0
bx lr,0
"cmp r3, 0",0
"cmpeq r2, 0",0
bne 0x12acc,0
"cmp r1, 0",0
"cmpeq r0, 0",0
"movlt r1, 0x80000000",0
"movlt r0, 0",0
"mvngt r1, 0x80000000",0
"mvngt r0, 0",0
b 0x12ae8,0
"sub sp, sp, 8",0
"push {sp, lr}",0
bl 0x12af8,0
"ldr lr, [sp, 4]",0
"add sp, sp, 8",0
"pop {r2, r3}",0
bx lr,0
"push {r1, lr}",0
"mov r0, 8",0
bl 0x11b8,0
"pop {r1, pc}",0
"push {r3, r4, r5, r6, r7, lr}",0
"mov r6, r2",0
"mov r4, r0",0
"mov r5, r1",0
"mov r7, r3",0
bl 0x12b70,0
"ldr ip, [sp, 0x18]",0
"mul r3, r6, r1",0
"mla r7, r0, r7, r3",0
"umull r2, r3, r6, r0",0
"add r3, r7, r3",0
"subs r2, r4, r2",0
"sbc r3, r5, r3",0
"strd r2, r3, [ip]",0
"pop {r3, r4, r5, r6, r7, pc}",0
"push {r3, r4, r5, r6, r7, lr}",0
"mov r6, r2",0
"mov r4, r0",0
"mov r5, r1",0
"mov r7, r3",0
bl 0x12ff8,0
"ldr ip, [sp, 0x18]",0
"mul r7, r0, r7",0
"umull r2, r3, r0, r6",0
"mla r7, r6, r1, r7",0
"add r3, r7, r3",0
"subs r2, r4, r2",0
"sbc r3, r5, r3",0
"strd r2, r3, [ip]",0
"pop {r3, r4, r5, r6, r7, pc}",0
"push {r0, r1, r2, r4, r5, r6, r7, r8, sb, sl, fp, lr}",0
"subs r8, r1, 0",0
"mov r7, r0",0
"mov sl, r2",0
"mov ip, r3",0
"movge r5, 0",0
bge 0x12ba4,0
"rsbs r0, r0, 0",0
"rsc r1, r1, 0",0
"mvn r5, 0",0
"mov r7, r0",0
"mov r8, r1",0
b 0x12ba4,0
"cmp ip, 0",0
bge 0x12bc0,0
"rsbs r2, r2, 0",0
"rsc r3, r3, 0",0
"mvn r5, r5",0
"mov sl, r2",0
"mov ip, r3",0
"cmp ip, 0",0
"mov r4, sl",0
"mov sb, r7",0
"mov r6, r8",0
bne 0x12e48,0
"cmp sl, r8",0
bls 0x12ca0,0
"clz r3, sl",0
"cmp r3, 0",0
"lslne r4, sl, r3",0
"rsbne r2, r3, 0x20",0
"lsrne r2, r7, r2",0
"lslne sb, r7, r3",0
"orrne r6, r2, r8, lsl r3",0
"lsr r7, r4, 0x10",0
"uxth r8, r4",0
"mov r0, r6",0
"mov r1, r7",0
bl 0x12988,0
"mov r0, r6",0
"mov sl, r1",0
"mov r1, r7",0
bl 0x128e0,0
"lsr r3, sb, 0x10",0
"orr r3, r3, sl, lsl 16",0
"mul r2, r8, r0",0
"cmp r3, r2",0
"movhs r6, r0",0
bhs 0x12c4c,0
"adds r3, r3, r4",0
"sub r6, r0, 1",0
bhs 0x12c4c,0
"cmp r3, r2",0
"sublo r6, r0, 2",0
"addlo r3, r3, r4",0
"rsb sl, r2, r3",0
"mov r1, r7",0
"uxth sb, sb",0
"mov r0, sl",0
bl 0x12988,0
"mov r0, sl",0
"mov fp, r1",0
"mov r1, r7",0
bl 0x128e0,0
"orr sb, sb, fp, lsl 16",0
"mul r8, r8, r0",0
"cmp sb, r8",0
"movhs ip, r0",0
bhs 0x12c98,0
"adds r4, sb, r4",0
"sub ip, r0, 1",0
bhs 0x12c98,0
"cmp r4, r8",0
"sublo ip, r0, 2",0
"orr ip, ip, r6, lsl 16",0
b 0x12fc0,0
"cmp sl, 0",0
bne 0x12cb8,0
"mov r0, 1",0
"mov r1, ip",0
bl 0x128e0,0
"mov r4, r0",0
"clz r3, r4",0
"cmp r3, 0",0
"rsbeq r8, r4, r8",0
"moveq r6, 1",0
beq 0x12d98,0
"lsl r4, r4, r3",0
"rsb r1, r3, 0x20",0
"lsr fp, r8, r1",0
"lsr r1, r7, r1",0
"lsr sl, r4, 0x10",0
"orr r8, r1, r8, lsl r3",0
"mov r0, fp",0
"lsl sb, r7, r3",0
"mov r1, sl",0
"uxth r7, r4",0
bl 0x12988,0
"mov r0, fp",0
"mov r6, r1",0
"mov r1, sl",0
bl 0x128e0,0
"lsr r3, r8, 0x10",0
"orr r3, r3, r6, lsl 16",0
"mul r2, r7, r0",0
"cmp r3, r2",0
"movhs fp, r0",0
bhs 0x12d38,0
"adds r3, r3, r4",0
"sub fp, r0, 1",0
bhs 0x12d38,0
"cmp r3, r2",0
"sublo fp, r0, 2",0
"addlo r3, r3, r4",0
"rsb r6, r2, r3",0
"mov r1, sl",0
"uxth r8, r8",0
"mov r0, r6",0
bl 0x12988,0
"mov r0, r6",0
"mov r3, r1",0
"mov r1, sl",0
"str r3, [sp]",0
bl 0x128e0,0
"ldr r3, [sp]",0
"orr r1, r8, r3, lsl 16",0
"mul r7, r7, r0",0
"cmp r1, r7",0
"movhs r6, r0",0
bhs 0x12d90,0
"adds r1, r1, r4",0
"sub r6, r0, 1",0
bhs 0x12d90,0
"cmp r1, r7",0
"sublo r6, r0, 2",0
"addlo r1, r1, r4",0
"rsb r8, r7, r1",0
"orr r6, r6, fp, lsl 16",0
"lsr sl, r4, 0x10",0
"mov r0, r8",0
"uxth fp, r4",0
"mov r1, sl",0
bl 0x12988,0
"mov r0, r8",0
"mov r7, r1",0
"mov r1, sl",0
bl 0x128e0,0
"lsr r3, sb, 0x10",0
"orr r3, r3, r7, lsl 16",0
"mul r2, fp, r0",0
"cmp r3, r2",0
"movhs r7, r0",0
bhs 0x12dec,0
"adds r3, r3, r4",0
"sub r7, r0, 1",0
bhs 0x12dec,0
"cmp r3, r2",0
"sublo r7, r0, 2",0
"addlo r3, r3, r4",0
"rsb r8, r2, r3",0
"mov r1, sl",0
"uxth sb, sb",0
"mov r0, r8",0
bl 0x12988,0
"mov r0, r8",0
"mov r3, r1",0
"mov r1, sl",0
"str r3, [sp]",0
bl 0x128e0,0
"ldr r3, [sp]",0
"orr sb, sb, r3, lsl 16",0
"mul fp, fp, r0",0
"cmp sb, fp",0
"movhs ip, r0",0
bhs 0x12e40,0
"adds r4, sb, r4",0
"sub ip, r0, 1",0
bhs 0x12e40,0
"cmp r4, fp",0
"sublo ip, r0, 2",0
"orr ip, ip, r7, lsl 16",0
b 0x12fd0,0
"cmp ip, r8",0
bhi 0x12fc8,0
"clz sb, ip",0
"cmp sb, 0",0
bne 0x12e7c,0
"cmp r8, ip",0
"cmpls r7, sl",0
"movlo r6, 0",0
"movhs r6, 1",0
"movhs ip, 1",0
"movhs r6, sb",0
bhs 0x12fd0,0
b 0x12fcc,0
"rsb r1, sb, 0x20",0
"lsr r4, sl, r1",0
"lsr r2, r8, r1",0
"orr r4, r4, ip, lsl sb",0
"lsr r1, r7, r1",0
"orr r8, r1, r8, lsl sb",0
"mov r0, r2",0
"lsr fp, r4, 0x10",0
"str r2, [sp, 4]",0
"uxth r6, r4",0
"lsl sl, sl, sb",0
"mov r1, fp",0
bl 0x12988,0
"ldr r2, [sp, 4]",0
"mov r0, r2",0
"mov r3, r1",0
"mov r1, fp",0
"str r3, [sp]",0
bl 0x128e0,0
"ldr r3, [sp]",0
"lsr r1, r8, 0x10",0
"orr r1, r1, r3, lsl 16",0
"mul r2, r6, r0",0
"cmp r1, r2",0
"movhs r3, r0",0
bhs 0x12efc,0
"adds r1, r1, r4",0
"sub r3, r0, 1",0
bhs 0x12efc,0
"cmp r1, r2",0
"sublo r3, r0, 2",0
"addlo r1, r1, r4",0
"rsb ip, r2, r1",0
"mov r1, fp",0
"stm sp, {r3, ip}",0
"uxth r8, r8",0
"mov r0, ip",0
bl 0x12988,0
"ldr ip, [sp, 4]",0
"mov r0, ip",0
"mov r2, r1",0
"mov r1, fp",0
"str r2, [sp, 4]",0
bl 0x128e0,0
"ldr r2, [sp, 4]",0
"ldr r3, [sp]",0
"orr r1, r8, r2, lsl 16",0
"mul r6, r6, r0",0
"cmp r1, r6",0
"movhs ip, r0",0
bhs 0x12f60,0
"adds r1, r1, r4",0
"sub ip, r0, 1",0
bhs 0x12f60,0
"cmp r1, r6",0
"sublo ip, r0, 2",0
"addlo r1, r1, r4",0
"rsb r6, r6, r1",0
"orr ip, ip, r3, lsl 16",0
"lsr r1, ip, 0x10",0
"lsr r2, sl, 0x10",0
"bic r0, ip, r1, lsl 16",0
"bic sl, sl, r2, lsl 16",0
"mul r3, r0, sl",0
"mul sl, r1, sl",0
"mul r0, r2, r0",0
"mul r2, r1, r2",0
"adds r0, sl, r0",0
"addhs r2, r2, 0x10000",0
"adds r3, r3, r0, lsl 16",0
"adc r2, r2, r0, lsr 16",0
"cmp r2, r6",0
bhi 0x12fbc,0
"movne r6, 0",0
"moveq r6, 1",0
"cmp r3, r7, lsl sb",0
"movls r6, 0",0
"andhi r6, r6, 1",0
"cmp r6, 0",0
beq 0x12fd0,0
"sub ip, ip, 1",0
"mov r6, 0",0
b 0x12fd0,0
"mov r6, 0",0
"mov ip, r6",0
"cmp r5, 0",0
"mov r2, ip",0
"mov r3, r6",0
beq 0x12fe8,0
"rsbs r2, r2, 0",0
"rsc r3, r3, 0",0
"mov r0, r2",0
"mov r1, r3",0
"add sp, sp, 0xc",0
"pop {r4, r5, r6, r7, r8, sb, sl, fp, pc}",0
"push {r0, r1, r2, r4, r5, r6, r7, r8, sb, sl, fp, lr}",0
"cmp r3, 0",0
"mov r8, r0",0
"mov r6, r1",0
"mov r4, r2",0
"mov r7, r0",0
"mov sl, r1",0
bne 0x1327c,0
"cmp r2, r1",0
bls 0x130e4,0
"clz r3, r2",0
"cmp r3, 0",0
"lslne r4, r2, r3",0
"rsbne r2, r3, 0x20",0
"lsrne r2, r0, r2",0
"lslne r7, r0, r3",0
"orrne sl, r2, r1, lsl r3",0
"lsr r5, r4, 0x10",0
"uxth r6, r4",0
"mov r0, sl",0
"mov r1, r5",0
bl 0x12988,0
"mov r0, sl",0
"mov r8, r1",0
"mov r1, r5",0
bl 0x128e0,0
"lsr r3, r7, 0x10",0
"orr r3, r3, r8, lsl 16",0
"mul r2, r6, r0",0
"cmp r3, r2",0
"movhs r8, r0",0
bhs 0x13090,0
"adds r3, r3, r4",0
"sub r8, r0, 1",0
bhs 0x13090,0
"cmp r3, r2",0
"sublo r8, r0, 2",0
"addlo r3, r3, r4",0
"rsb sl, r2, r3",0
"mov r1, r5",0
"uxth r7, r7",0
"mov r0, sl",0
bl 0x12988,0
"mov r0, sl",0
"mov sb, r1",0
"mov r1, r5",0
bl 0x128e0,0
"orr r7, r7, sb, lsl 16",0
"mul r6, r6, r0",0
"cmp r7, r6",0
"movhs r3, r0",0
bhs 0x130dc,0
"adds r4, r7, r4",0
"sub r3, r0, 1",0
bhs 0x130dc,0
"cmp r4, r6",0
"sublo r3, r0, 2",0
"orr r0, r3, r8, lsl 16",0
b 0x133e8,0
"cmp r2, 0",0
bne 0x130fc,0
"mov r0, 1",0
"mov r1, r2",0
bl 0x128e0,0
"mov r4, r0",0
"clz r3, r4",0
"cmp r3, 0",0
"rsbeq r6, r4, r6",0
"moveq r5, 1",0
beq 0x131d4,0
"lsl r4, r4, r3",0
"rsb r1, r3, 0x20",0
"lsr sb, r6, r1",0
"lsl r7, r8, r3",0
"lsr r1, r8, r1",0
"lsr r8, r4, 0x10",0
"orr r6, r1, r6, lsl r3",0
"mov r0, sb",0
"mov r1, r8",0
"uxth sl, r4",0
bl 0x12988,0
"mov r0, sb",0
"mov r5, r1",0
"mov r1, r8",0
bl 0x128e0,0
"lsr r3, r6, 0x10",0
"orr r3, r3, r5, lsl 16",0
"mul r2, sl, r0",0
"cmp r3, r2",0
"movhs sb, r0",0
bhs 0x1317c,0
"adds r3, r3, r4",0
"sub sb, r0, 1",0
bhs 0x1317c,0
"cmp r3, r2",0
"sublo sb, r0, 2",0
"addlo r3, r3, r4",0
"rsb r5, r2, r3",0
"mov r1, r8",0
"uxth r6, r6",0
"mov r0, r5",0
bl 0x12988,0
"mov r0, r5",0
"mov fp, r1",0
"mov r1, r8",0
bl 0x128e0,0
"orr r1, r6, fp, lsl 16",0
"mul sl, sl, r0",0
"cmp r1, sl",0
"movhs r5, r0",0
bhs 0x131cc,0
"adds r1, r1, r4",0
"sub r5, r0, 1",0
bhs 0x131cc,0
"cmp r1, sl",0
"sublo r5, r0, 2",0
"addlo r1, r1, r4",0
"rsb r6, sl, r1",0
"orr r5, r5, sb, lsl 16",0
"lsr r8, r4, 0x10",0
"mov r0, r6",0
"uxth sl, r4",0
"mov r1, r8",0
bl 0x12988,0
"mov r0, r6",0
"mov sb, r1",0
"mov r1, r8",0
bl 0x128e0,0
"lsr r3, r7, 0x10",0
"orr r3, r3, sb, lsl 16",0
"mul r2, sl, r0",0
"cmp r3, r2",0
"movhs r6, r0",0
bhs 0x13228,0
"adds r3, r3, r4",0
"sub r6, r0, 1",0
bhs 0x13228,0
"cmp r3, r2",0
"sublo r6, r0, 2",0
"addlo r3, r3, r4",0
"rsb sb, r2, r3",0
"mov r1, r8",0
"uxth r7, r7",0
"mov r0, sb",0
bl 0x12988,0
"mov r0, sb",0
"mov fp, r1",0
"mov r1, r8",0
bl 0x128e0,0
"orr r7, r7, fp, lsl 16",0
"mul sl, sl, r0",0
"cmp r7, sl",0
"movhs r3, r0",0
bhs 0x13274,0
"adds r4, r7, r4",0
"sub r3, r0, 1",0
bhs 0x13274,0
"cmp r4, sl",0
"sublo r3, r0, 2",0
"orr r0, r3, r6, lsl 16",0
b 0x133f8,0
"cmp r3, r1",0
bhi 0x133f0,0
"clz r7, r3",0
"cmp r7, 0",0
bne 0x132b0,0
"cmp r1, r3",0
"cmpls r0, r2",0
"movlo r5, 0",0
"movhs r5, 1",0
"movhs r0, 1",0
"movhs r5, r7",0
bhs 0x133f8,0
b 0x133f4,0
"rsb r1, r7, 0x20",0
"lsl r5, r2, r7",0
"lsr r4, r2, r1",0
"lsr fp, r6, r1",0
"orr r4, r4, r3, lsl r7",0
"lsr r1, r0, r1",0
"orr r6, r1, r6, lsl r7",0
"mov r0, fp",0
"lsr sl, r4, 0x10",0
"uxth sb, r4",0
"mov r1, sl",0
bl 0x12988,0
"mov r0, fp",0
"mov r2, r1",0
"mov r1, sl",0
"str r2, [sp, 4]",0
bl 0x128e0,0
"ldr r2, [sp, 4]",0
"lsr ip, r6, 0x10",0
"orr ip, ip, r2, lsl 16",0
"mul r3, sb, r0",0
"cmp ip, r3",0
"movhs fp, r0",0
bhs 0x13328,0
"adds ip, ip, r4",0
"sub fp, r0, 1",0
bhs 0x13328,0
"cmp ip, r3",0
"sublo fp, r0, 2",0
"addlo ip, ip, r4",0
"rsb ip, r3, ip",0
"mov r1, sl",0
"str ip, [sp, 4]",0
"uxth r6, r6",0
"mov r0, ip",0
bl 0x12988,0
"ldr ip, [sp, 4]",0
"mov r0, ip",0
"mov r2, r1",0
"mov r1, sl",0
"str r2, [sp, 4]",0
bl 0x128e0,0
"ldr r2, [sp, 4]",0
"orr r1, r6, r2, lsl 16",0
"mul sb, sb, r0",0
"cmp r1, sb",0
"movhs r3, r0",0
bhs 0x13388,0
"adds r1, r1, r4",0
"sub r3, r0, 1",0
bhs 0x13388,0
"cmp r1, sb",0
"sublo r3, r0, 2",0
"addlo r1, r1, r4",0
"rsb sb, sb, r1",0
"orr r0, r3, fp, lsl 16",0
"lsr r1, r0, 0x10",0
"lsr r2, r5, 0x10",0
"bic ip, r0, r1, lsl 16",0
"bic r5, r5, r2, lsl 16",0
"mul r3, ip, r5",0
"mul r5, r1, r5",0
"mul ip, r2, ip",0
"mul r2, r1, r2",0
"adds ip, r5, ip",0
"addhs r2, r2, 0x10000",0
"adds r3, r3, ip, lsl 16",0
"adc r2, r2, ip, lsr 16",0
"cmp r2, sb",0
bhi 0x133e4,0
"movne r5, 0",0
"moveq r5, 1",0
"cmp r3, r8, lsl r7",0
"movls r5, 0",0
"andhi r5, r5, 1",0
"cmp r5, 0",0
beq 0x133f8,0
"sub r0, r0, 1",0
"mov r5, 0",0
b 0x133f8,0
"mov r5, 0",0
"mov r0, r5",0
"mov r1, r5",0
"add sp, sp, 0xc",0
"pop {r4, r5, r6, r7, r8, sb, sl, fp, pc}",0
"push {r3, r4, r5, r6, r7, r8, sl, lr}",0
"mov r7, r0",0
"ldr r5, [0x00013460]        ; [0x13460:4]=0x9bdc",0
"mov r8, r1",0
"ldr r6, [0x00013464]        ; [0x13464:4]=0x9bd8",0
"mov sl, r2",0
"add r5, pc, r5",0
bl 0x115c,0
"add r6, pc, r6",0
"rsb r6, r5, r6",0
"asrs r6, r6, 2",0
"popeq {r3, r4, r5, r6, r7, r8, sl, pc}",0
"sub r5, r5, 4",0
"mov r4, 0",0
"ldr r3, [r5, 4]!",0
"mov r0, r7",0
"mov r1, r8",0
"mov r2, sl",0
"add r4, r4, 1",0
blx r3,0
"cmp r4, r6",0
bne 0x1343c,0
"pop {r3, r4, r5, r6, r7, r8, sl, pc}",0
"ldrdeq sb, sl, [r0], -ip",0
"ldrdeq sb, sl, [r0], -r8",0
bx lr,0
"ldr r3, [0x00013490]        ; [0x13490:4]=0x9c7c",0
"mov r1, 0",0
"ldr r2, [0x00013494]        ; [0x13494:4]=316",0
"add r3, pc, r3",0
"ldr r3, [r3, r2]",0
"cmp r3, 0",0
"ldrne r2, [r3]",0
"moveq r2, r3",0
b 0x13ec,0
"andeq sb, r0, ip, ror ip",0
"andeq r0, r0, ip, lsr r1",0
"push {r3, lr}",0
"pop {r3, pc}",0
"andeq r0, r2, r1",1
"stcvs p13, c2, [sl], -0x94",1
invalid,1
"andeq r0, r0, r0",1
invalid,1
"rsbseq r2, r3, r4, ror 10",1
"stcvs p0, c3, [sl], -0x94",1
invalid,1
"andeq r0, r0, r0",1
"andeq fp, r1, r0, lsl pc",1
"andeq r0, r0, r1",1
"andeq r0, r0, r0",1
"andeq r0, r0, r8, rrx",1
"andeq fp, r1, r4, lsr 30",1
"andeq r0, r0, r1",1
"andeq r0, r0, r0",1
"andeq r0, r0, r2, rrx",1
"andeq fp, r1, r4, lsr pc",1
"andeq r0, r0, r1",1
"andeq r0, r0, r0",1
"andeq r0, r0, r6, rrx",1
"andeq fp, r1, r8, asr 30",1
"andeq r0, r0, r1",1
"andeq r0, r0, r0",1
"andeq r0, r0, r6, ror r0",1
"andeq fp, r1, r0, ror 30",1
"andeq r0, r0, r1",1
"andeq r0, r0, r0",1
"andeq r0, r0, sb, rrx",1
"andeq fp, r1, r0, ror pc",1
"andeq r0, r0, r0",1
"andeq r0, r0, r0",1
"andeq r0, r0, r0, ror r0",1
"andeq fp, r1, ip, ror pc",1
"andeq r0, r0, r1",1
"andeq r0, r0, r0",1
"andeq r0, r0, ip, rrx",1
"muleq r1, r0, pc",1
"andeq r0, r0, r1",1
"andeq r0, r0, r0",1
"andeq r0, r0, r3, ror r0",1
"andeq fp, r1, r4, lsr 31",1
"andeq r0, r0, r1",1
"andeq r0, r0, r0",1
"andeq r0, r0, r7, ror r0",1
"strheq fp, [r1], -r4",1
"andeq r0, r0, r1",1
"andeq r0, r0, r0",1
"andeq r0, r0, lr, rrx",1
"andeq fp, r1, r4, asr 31",1
"andeq r0, r0, r1",1
"andeq r0, r0, r0",1
"andeq r0, r0, r4, rrx",1
"ldrdeq fp, ip, [r1], -r8",1
"andeq r0, r0, r0",1
"andeq r0, r0, r0",1
invalid,1
"andeq fp, r1, r0, ror 31",1
"andeq r0, r0, r0",1
"andeq r0, r0, r0",1
invalid,1
"andeq r0, r0, r0",1
"andeq r0, r0, r0",1
"andeq r0, r0, r0",1
"andeq r0, r0, r0",1
"andeq r3, r0, ip, asr sl",1
"strbvs r6, [lr, -0x96c]!",1
"ldclvs p14, c6, [r5, -0x80]!",1
"rsbshs r6, r2, r2, ror 10",1
"rsbvc r7, r5, 0x6f00000",1
"strbvc r6, [pc, -r6, ror 24]!",1
"andeq r0, r0, r0",1
svcvs 0x727265,1
"mcrvs p0, 3, r2, c9, c2, 3",1
"strbvs r7, [r5, -r0, lsr 4]!",1
"rsbvc r6, r1, 0x7500",1
"rsbsvc r6, r8, r0, lsr 10",1
"cmnvc r3, 0x1c800000",1
"rsbhs r6, lr, sb, ror 30",1
"rsbvc r6, r1, 0x1cc00000",1
"andeq r6, r0, r3, ror 16",1
"rsbshs r7, sb, r4, asr r2",1
"rsbshs r2, r3, r7, lsr 10",1
"strbvs r2, [r8, -0xd2d]!",1
"eorhs r7, r7, ip, rrx",1
"rsbshs r6, r2, r6, ror 30",1
"ldrbvs r6, [r2, -0xf6d]!",1
"strbtvs r6, [lr], -r0, lsr 18",1
invalid,1
"mcrvs p9, 3, r6, c15, c4, 3",1
"andeq r0, r0, lr, lsr 20",1
invalid,1
"strhs r3, [r0, -0xa65]!",1
svcmi 0x5b2073,1
svcmi 0x495450,1
"cdphs p13, 2, c5, c14, c14, 2",1
"ldrbmi r2, [fp], -lr, lsr 32",1
"stclpl p12, c4, [r5, -0x124]",1
beq 0xb9eee8,1
"andeq r0, r0, r0",1
"strbtvc r7, [sb], -0x257",1
invalid,1
"strtmi r6, [r0], -r3, ror 16",1
"subhs r4, r5, sb, asr 24",1
invalid,1
"strbtvs r6, [lr], -0x174",1
"rsbhs r7, r4, r1, ror 4",1
"rsbsvc r7, r4, pc, ror 10",1
"eorhs r7, ip, r5, ror r4",1
"ldmdavs r4!, {r0, r1, r2, r4, r5, r6, r8, fp, sp, lr} ^",1
"cdpvs p12, 6, c6, c9, c0, 1",1
"strbvc r2, [lr, -0x65]!",1
"rsbvc r6, r5, 0xd0000006",1
"strbtvs r2, [r1], -0x73",1
"cdphs p5, 6, c6, c4, c4, 3",1
"strbtvc r5, [sb], -0x70a",1
svcvs 0x6e2068,1
"mcrrmi p6, 2, r4, sb, c0",1
svcvs 0x202c45,1
"ldmdavs r7!, {r1, r4, r5, r6, sp} ^",1
"strtmi r6, [r0], -r5, ror 28",1
"subhs r4, r5, sb, asr 24",1
"stchs p3, c7, [r0, -0x1a4]!",1
"ldrbvs r2, [r2, -0x2c]!",1
invalid,1
"strbtvs r6, [lr], -0x174",1
"rsbhs r7, r4, r1, ror 4",1
"ldrbvc r6, [r0, -0xe69]!",1
"andeq r2, sl, r4, ror lr",1
"cdpvs p13, 6, c4, c1, c10, 0",1
svcvs 0x746164,1
invalid,1
"ldclvs p7, c6, [r5, -0x1c8]!",1
"cmnvc r4, 0x650",1
"rsbhs r7, pc, r0, lsr 8",1
"strbvs r6, [lr, -ip, ror 30]!",1
"ldrbtvc r6, [r0], -0xf20",1
invalid,1
"ldrbvs r6, [r2, -0x120]!",1
"cdpvs p13, 6, c6, c1, c0, 1",1
svcvs 0x746164,1
"qsub16vs r7, r0, r2",1
invalid,1
"ldrbtvc r6, [r2], -0xf68",1
"ldrbtvc r6, [r0], -0xf20",1
invalid,1
svcvs 0x6f7420,1
"andeq r0, r0, lr, lsr 20",1
"eorvs r2, sp, 0x20",1
"stchs p0, c2, [sp, -0xb0]!",1
"stmdbvc r4!, {r1, r5, r6, r8, sb, sl, fp, sp, lr} ^",1
"ldclvs p14, c6, [r5, -0xb4]!",1
"ldmdbvs r2!, {r1, r5, r6, r8, sl, sp, lr} ^",1
"teqpl sp, 0x1b80000",1
"strbmi r5, [ip, -0x954]",1
"eorhs r2, r0, r0, lsr 32",1
"cmnvc r5, 0x20",1
"ldrbpl r2, [r3], -0x65",1
"subhs r4, r5, sb, asr ip",1
"rsbshs r6, r2, r6, ror 30",1
"rsbvs r7, sp, 0x1b800000",1
"cdpvs p2, 6, c7, c9, c5, 3",1
svcvs 0x622067,1
"stcvs p9, c7, [r0], -0x190",1
invalid,1
"stchs p0, c2, [r0, -0x28]!",1
"stchs p12, c2, [r0, -0x190]!",1
invalid,1
"mcrvs p9, 3, r6, c15, c4, 3",1
"stclvs p4, c6, [r5], -0xb4",1
"strbtvc r6, [sb], -0xd69",1
"teqmi sp, 0x50000006",1
"eorhs r2, r0, r3, asr 32",1
"strvc r2, [r0, -0x20]!",1
invalid,1
svcvs 0x662043,1
"ldrbvs r2, [r3, -0x72]!",1
"cmnvs r2, r0, ror r1",1
invalid,1
"strbvs r6, [pc, -r0, lsr 24]!",1
"stclvs p3, c6, [r1], -0x1a4",1
"strbvs r7, [r1, -r0, lsr 32]!",1
"andhs r7, sl, r5, ror 6",1
"stclhs p13, c2, [r6], -0x80",1
"strtvs r2, [sp], -r0, lsr 26",1
"ldrbvs r6, [r4, -0xf6f]!",1
"strbvc r2, [lr, -0xd72]!",1
"rsbvc r6, r5, 0xd0000006",1
"stcllo p14, c6, [r7, -0x1a4]!",1
"mrrcmi p4, 5, r5, sb, c3",1
"eorhs r2, r0, r5, asr 32",1
"ldrbvs r7, [r3, -0x520]!",1
"ldmdbpl r4, {r5, r8, sb, ip, lr} ^",1
"strtvs r4, [r0], -ip, asr 10",1
"cdpvs p2, 2, c7, c0, c15, 3",1
"strbvs r6, [r2, -0xd75]!",1
invalid,1
svcvs 0x6f6620,1
"rsbshs r6, r2, r4, ror r5",1
"strbvs r6, [lr, -0x96c]!",1
"andeq r0, r0, r3, ror sl",1
"stmdavs sp!, {r5, sp}",1
"stchs p0, c2, [sp, -0xb0]!",1
"strbtvs r6, [r1], -0x568",1
"cdpvs p2, 2, c7, c13, c5, 3",1
"strbvs r6, [r2, -0xd75]!",1
invalid,1
"ldmdbpl r4, {r0, r2, r3, r4, r5, r8, sb, ip, lr} ^",1
"eorhs r4, r0, ip, asr 10",1
"cmnvc r5, 0x20",1
"ldrbpl r2, [r3], -0x65",1
"subhs r4, r5, sb, asr ip",1
"rsbshs r6, r2, r6, ror 30",1
"rsbvs r7, sp, 0x1b800000",1
"cdpvs p2, 6, c7, c9, c5, 3",1
"strbvs r2, [r8, -0x67]!",1
"rsbvc r6, r5, 0x61000000",1
"cdpvs p12, 6, c6, c9, c0, 1",1
"andhs r7, sl, r5, ror 6",1
"stclhs p13, c2, [sb], -0x80",1
"stcvs p13, c2, [sp], -0x80",1
"stclhs p14, c6, [r5, -0x1a4]!",1
"rsbvc r6, r3, 0x690",1
"cdpvs p13, 6, c6, c5, c5, 3",1
"strbpl r3, [lr, -0xd74]",1
"subpl r4, r5, 0xd0000004",1
"eorhs r2, r0, r0, lsr 32",1
"cdpvs p12, 6, c6, c9, c0, 1",1
"strbvc r2, [lr, -0x65]!",1
"rsbvc r6, r5, 0xd0000006",1
invalid,1
"strbvs r6, [sp, -0x572]!",1
invalid,1
invalid,1
"stcvs p8, c6, [r0], -0x18c",1
beq 0x196f1f8,1
"stcvs p0, c2, [sp], -0x80",1
"stchs p0, c2, [sp, -0xb0]!",1
"cdpvs p15, 6, c6, c9, c10, 3",1
invalid,1
invalid,1
invalid,1
"ldclmi p14, c4, [r5, -0xf4]",1
"subshs r4, r2, r2, asr 10",1
"rsbvc r2, r7, 0x20",1
"rsbshs r7, r0, pc, ror 10",1
"cdpmi p6, 2, c6, c0, c15, 3",1
"strbmi r4, [r2, -0xd55]",1
"stclvs p0, c2, [r5, -0x148]!",1
"rsbshs r7, sb, r0, ror r4",1
"strbvs r6, [lr, -0x96c]!",1
svcvs 0x632073,1
"ldrbvs r6, [r4, -0xe75]!",1
invalid,1
"strbvs r6, [lr, -0xf20]!",1
"stchs p0, c2, [r0, -0x28]!",1
"stchs p12, c2, [r0, -0x1b8]!",1
"ldclvs p14, c6, [r5, -0xb4]!",1
"ldclhs p5, c6, [r2, -0x188]!",1
"ldclvs p15, c6, [r2, -0x198]!",1
"ldrtmi r7, [sp], -r1, ror 8",1
invalid,1
"eorhs r2, r0, r4, asr r0",1
"stmdbvs r0!, {r5, sp}",1
"rsbvc r7, r5, 0xb8000001",1
"stmdbvs ip!, {r2, r4, r5, r6, sp} ^",1
"cdpvs p5, 2, c6, c0, c14, 3",1
"strbvs r6, [r2, -0xd75]!",1
invalid,1
"rsbvc r6, pc, 0x8c000001",1
"strbvs r6, [lr, -r4, ror 18]!",1
"rsbhs r7, pc, r0, lsr 8",1
"ldclmi p15, c4, [r2, -0x118]",1
"andhs r5, sl, r1, asr 8",1
"ldclhs p13, c2, [r0], -0x80",1
"cdpvs p13, 2, c2, c13, c0, 1",1
"ldrbvs r2, [r2, -0xd6f]!",1
"rsbvs r7, sp, 0x1b800000",1
"eorhs r7, r0, r5, ror 4",1
"eorhs r2, r0, r0, lsr 32",1
"eorhs r2, r0, r0, lsr 32",1
"eorhs r2, r0, r0, lsr 32",1
"rsbhs r6, pc, r0, lsr 8",1
"rsbshs r6, r4, lr, ror 30",1
"ldrbvs r6, [r3, -0x572]!",1
"stmdbvs ip!, {r2, r4, r5, r6, sp} ^",1
"cdpvs p5, 2, c6, c0, c14, 3",1
"strbvs r6, [r2, -0xd75]!",1
invalid,1
svcvs 0x6c2074,1
invalid,1
"cmnvs r0, ip, rrx",1
beq 0x1ceced4,1
invalid,1
"stchs p0, c2, [sp, -0xb0]!",1
"rsbvs r7, sp, 0x1b800000",1
invalid,1
"rsbvc r7, r1, 0x65",1
"rsbvc r7, pc, 0x61000000",1
"subspl r5, r4, 0xf4000000",1
"subhs r4, r7, sb, asr 28",1
"strbtvs r2, [r1], -0x20",1
"ldrbpl r2, [r3], -0x64",1
"smlsldmi r4, lr, r2, sb",1
"strbtvc r6, [r6], -0x120",1
"stmdahs r0!, {r0, r2, r5, r6, sb, ip, sp, lr}",1
"cmnvc r3, 112, 30           ; 0x70",1
"strbvs r6, [ip, -0x269]!",1
"stmdbvs ip!, {r0, r3, r5, sp} ^",1
"cdpvs p5, 2, c6, c0, c14, 3",1
"strbvs r6, [r2, -0xd75]!",1
"andeq r0, r0, r2, ror sl",1
"strtvc r2, [sp], -r0, lsr 32",1
"stchs p0, c2, [sp, -0xb0]!",1
"rsbvc r7, r1, 0x73000000",1
invalid,1
"cdpvs p12, 6, c6, c9, c13, 1",1
"strbvc r2, [lr, -0xd65]!",1
"rsbvc r6, r5, 0xd0000006",1
"ldclmi p14, c4, [r5, -0xf4]",1
"subshs r4, r2, r2, asr 10",1
"rsbvc r6, sb, 32, 12",1
"stcvs p4, c7, [r0], -0x1cc",1
"rsbhs r6, r5, sb, ror 28",1
"rsbvs r7, sp, 0x1b800000",1
svcvs 0x207265,1
invalid,1
"stcvs p8, c6, [r0], -0x18c",1
invalid,1
"eorvc r6, r0, r1, ror 24",1
beq 0x196d754,1
"strvc r2, [sp, -r0, lsr 32]!",1
"stchs p0, c2, [sp, -0xb0]!",1
"rsbvs r7, sp, 0x1b800000",1
"strvc r7, [sp, -r5, ror 4]!",1
"ldmdavs r4!, {r0, r3, r5, r6, sl, sp, lr} ^",1
"ldclmi p14, c4, [r5, -0xf4]",1
"subshs r4, r2, r2, asr 10",1
"eorhs r2, r0, r0, lsr 32",1
"cmnvc r5, 0x20",1
"strbpl r2, [lr, -0x65]",1
"subpl r4, r5, 0xd0000004",1
"stclvs p3, c6, [pc], -0x80",1
invalid,1
"rsbvc r6, pc, 32, 12",1
"cdpvs p12, 6, c6, c9, c0, 1",1
"strbvc r2, [lr, -0x65]!",1
"rsbvc r6, r5, 0xd0000006",1
"andeq r0, r0, r3, ror sl",1
"eorhs r2, r0, r0, lsr 32",1
"stchs p0, c2, [sp, -0x80]!",1
"rsbvc r6, ip, r8, ror 10",1
"eorhs r2, r0, r0, lsr 32",1
invalid,1
"stmdbvc r1!, {r4, r5, r6, sl, fp, sp, lr} ^",1
"stmdbvs r8!, {r5, sl, ip, sp, lr} ^",1
"strbvs r2, [r8, -0x73]!",1
invalid,1
"strvs r6, [r0, -0x46e]!",1
beq 0x1d2e024,1
"andeq r0, r0, r0",1
"eorhs r2, r0, r0, lsr 32",1
"stchs p0, c2, [sp, -0x80]!",1
"cmnvc r2, 0x1d800000",1
"rsbhs r6, lr, sb, ror 30",1
"ldrbtvc r6, [r5], -0xf20",1
"rsbshs r7, r4, r0, ror r5",1
"cmnvc r2, 0x1d800000",1
"rsbhs r6, lr, sb, ror 30",1
svcvs 0x666e69,1
"strbtvc r6, [r1], -0xd72",1
"rsbhs r6, lr, sb, ror 30",1
"rsbhs r6, r4, r1, ror 28",1
"strbtvc r7, [sb], -0x865",1
"andeq r0, r0, sl",1
"rsbshs r4, sb, sl, lsl 4",1
invalid,1
"ldclhs p12, c6, [r4], -0x1d4",1
"stclvs p3, c7, [r5], -0x80",1
"cmnvc r4, 0x94000001",1
"cmnlo r6, r0, lsr 26",1
invalid,1
invalid,1
"ldrbtpl r2, [r3], -0xd20",1
"stchs p2, c4, [r0, -0x104]!",1
"stchs p6, c3, [r0, -0x1dc]!",1
"rsbhs r7, lr, lr, ror 4",1
"rsbhs r6, lr, sp, lsr 16",1
"rsbshs r6, r4, sp, lsr 4",1
"cdphs p6, 6, c6, c14, c13, 1",1
"movtmi r2, 0x3020",1
"ldrbvs r6, [r2, -0x120]!",1
svcvs 0x77740a,1
"stclvs p4, c6, [r5], -0x80",1
"strbtvc r6, [sb], -0xd69",1
invalid,1
"cmnvs r2, r8, ror 2",1
"rsbvc r7, r5, 0x63000000",1
svcvs 0x662073,1
"ldrbvs r2, [r3, -0x72]!",1
"cmnvs r2, r0, ror r1",1
invalid,1
"strbvs r6, [pc, -r0, lsr 24]!",1
"stclvs p3, c6, [r1], -0x1a4",1
"strbvs r7, [r1, -r0, lsr 32]!",1
"eorhs r7, ip, r5, ror 6",1
"stmdbvs sp!, {r0, r5, r6, sp} ^",1
"mcrvs p3, 3, r7, c9, c3, 3",1
"ldrbvs r0, [r3, -0xa67]!",1
"strbtvs r6, [lr], -0xf63",1
invalid,1
"strbtvc r6, [r3], -0x172",1
"stmdbvs r0!, {r0, r2, r5, r6, sb, ip, sp, lr}",1
"stmdbvs ip!, {r0, r2, r3, r5, r6, ip, sp, lr} ^",1
blo 0x8308b4,1
"strtpl r2, [r0], -0x2e",1
"rsbhs r7, r5, sb, ror r0",1
"qsaxvs r5, r0, ip",1
"stcpl p2, c7, [r0], -0x1bc",1
invalid,1
"strbmi r5, [ip, -0x954]",1
"rsbshs r6, r3, r0, lsr 18",1
"rsbhs r6, r5, pc, ror 28",1
beq 0xead500,1
"andeq r0, r0, r0",1
invalid,1
"eorhs r2, r0, r0, lsr 32",1
"eorhs r2, r0, r0, lsr 32",1
"ldclvs p14, c6, [r5, -0x80]!",1
"rsbshs r6, r2, r2, ror 10",1
"rsbhs r6, ip, r1, ror 24",1
"strbvs r6, [lr, -0x96c]!",1
"eorhs r0, r0, r3, ror sl",1
"eorhs r2, r0, r4, ror r0",1
"eorhs r2, r0, r0, lsr 32",1
"strbvc r2, [lr, -0x20]!",1
"rsbvc r6, r5, 0xd0000006",1
"stclvs p15, c6, [lr], -0x80",1
svcvs 0x6e2079,1
"rsbvc r6, sp, lr, ror 10",1
"stcvs p9, c7, [r0], -0x1d0",1
invalid,1
"cdpvs p0, 2, c2, c0, c10, 0",1
"eorhs r2, r0, r0, lsr 32",1
"eorhs r2, r0, r0, lsr 32",1
"ldclvs p14, c6, [r5, -0x80]!",1
"rsbshs r6, r2, r2, ror 10",1
"stcvs p15, c6, [r0], -0x1b8",1
invalid,1
"eorvc r2, r0, sl",1
"subhs r5, r5, r2, asr 4",1
"eorhs r2, r0, r0, lsr 32",1
"ldclvs p14, c6, [r5, -0x80]!",1
"rsbshs r6, r2, r2, ror 10",1
"stmdbvc ip!, {r0, r1, r2, r3, r5, r6, sb, sl, fp, sp, lr} ^",1
"cdpvs p12, 6, c6, c9, c0, 1",1
"strtvc r7, [r0], -0x365",1
"rsbshs r6, r4, r8, ror 2",1
"strbtvc r6, [lr], -0xf63",1
"rsbhs r6, lr, r1, ror 18",1
invalid,1
"rsbhs r6, r8, r4, ror r3",1
"rsbshs r6, r2, r6, ror 30",1
"rsbhs r6, r5, r4, ror r8",1
"ldmdbvs r3!, {r1, r5, r6, r8, sp, lr} ^",1
"ldrbvs r2, [r2, -0x63]!",1
invalid,1
"eorhs r0, r0, r2, ror sl",1
"eorhs r2, r0, r0, lsr 32",1
"eorhs r2, r0, r0, lsr 32",1
"stmdavc r5!, {r5, sp} ^",1
invalid,1
"mcrvs p9, 3, r6, c15, c3, 3",1
"subpl r2, r2, 0x2c",1
"strmi r0, [sl], -r5, asr 20",1
invalid,1
invalid,1
"strbvs r6, [lr, -0xf20]!",1
blo 0x19af8a0,1
"eorhs r0, r0, sl, lsl 20",1
"eorhs r6, r0, ip, ror 28",1
"strbtvs r6, [r5], -r0, lsr 24",1
"strbvc r2, [sl, -0x74]!",1
"uqsub16vs r7, sb, r3",1
"stclhs p5, c6, [r4], -0x1a4",1
"rsbhs r6, pc, r0, lsr 28",1
"strbtvs r6, [r1], -0x56c",1
"rsbhs r6, r7, sb, ror 28",1
svcvs 0x72657a,1
"eorhs r0, r0, r3, ror sl",1
"eorhs r6, r0, r2, ror lr",1
"strbvs r7, [sb, -r0, lsr 4]!",1
bvs 0x830df8,1
"ldmdbvs r4!, {r0, r2, r4, r5, r6, r8, sb, ip, sp, lr} ^",1
"strbtvs r6, [r5], -0x966",1
svcvs 0x6e202c,1
invalid,1
"strbvs r6, [lr, -r4, ror 18]!",1
"rsbvc r7, r5, 32, 20",1
"andhs r7, sl, pc, ror 6",1
"rsbshs r7, sl, r0, lsr 4",1
"ldmdbvs r2!, {r5, sp} ^",1
"rsbshs r6, r4, r7, ror 16",1
"ldrbtvc r7, [r3], -0x56a",1
"strbvs r6, [sb, -0x669]!",1
"stcvs p12, c2, [r0], -0x190",1
"stmdbvs r4!, {r0, r2, r5, r6, r8, sp, lr} ^",1
bvc 0x82da4c,1
invalid,1
"andeq r0, r0, sl, lsl 20",1
"rsbshs r2, r3, sl, lsl 10",1
"stmdbvs ip!, {r0, r1, r2, r3, r5, r6, sb, sl, fp, sp, lr} ^",1
"stmdavs r0!, {r1, r2, r3, r5, r6, r8, sl, sp, lr}",1
blo 0x1c2ee40,1
invalid,1
"andeq r0, r0, lr, lsr sl",1
"subshs r4, r5, r7, asr 28",1
"ldrbvs r6, [r2, -0xf63]!",1
"stclvs p4, c7, [sb], -0x1d4",1
"andeq r0, r0, r3, ror r0",1
"rsbsvc r7, r4, r8, ror 8",1
invalid,1
invalid,1
svcvs 0x2e756e,1
invalid,1
"ldrbvc r6, [r4, -pc, ror 12]!",1
svchs 0x657261,1
"ldrbvs r6, [r2, -0xf63]!",1
"stclvs p4, c7, [sb], -0x1d4",1
"andeq r2, r0, r3, ror pc",1
"subseq r6, pc, r5, ror 28",1
svcvs 0x706552,1
"strhs r7, [r0, -0x472]!",1
"rsbsvc r2, r4, 0x73",1
"ldclvs p14, c6, [r3], -0x184",1
svcvs 0x697461,1
"strbvc r2, [r2, -0x6e]!",1
"strtvc r7, [r0], -0x367",1
"ldmdavs ip!, {r0, r1, r2, r3, r5, r6, sp}",1
blo 0x1c30ee4,1
"rsbsvc r2, r4, 47, 30",1
"ldclvs p14, c6, [r3], -0x184",1
svcvs 0x697461,1
svcvs 0x72706e,1
"strbtvc r6, [r3], -0x56a",1
"ldrbvs r6, [r2, -lr, lsr 30]!",1
invalid,1
beq 0xf9fae8,1
"andeq r0, r0, r0",1
"rsbshs r6, r2, r6, asr 30",1
"rsbvc r6, sp, r3, ror 30",1
"ldrbvs r6, [r4, -0x56c]!",1
invalid,1
"mcrvs p13, 3, r6, c5, c5, 3",1
"ldmdbvs r4!, {r2, r4, r5, r6, r8, sp, lr} ^",1
"eorhs r6, ip, pc, ror 28",1
blo 0x1bb1320,1
"strbtvs r6, [lr], -r0, lsr 18",1
svcvs 0x63206f,1
"ldrbtvc r6, [r5], -0x572",1
"rsbshs r6, r3, sb, ror 24",1
"rsbshs r2, r3, r7, lsr 10",1
svcvs 0x766e69,1
"ldmdbvs r4!, {r0, r1, r5, r6, r8, sp, lr} ^",1
beq 0x9ef734,1
"andeq r0, r0, r0",1
"stclvs p8, c6, [0x00013cc4]!",1
"ldmdbvs r4!, {r0, r2, r5, r6, r8, sb, sl, fp, sp} ^",1
"cdpvs p6, 6, c6, c1, c6, 3",1
"eorvs r6, pc, 0x90000007",1
"strbtvs r6, [ip], -0x975",1
"rsbvc r6, pc, 0xbc000000",1
"ldmdbvs r4!, {r0, r2, r5, r6, r8, sl, ip, sp, lr} ^",1
svcmi 0x5f736c,1
"ldmdavs r3!, {r0, r4, r5, r8, sb, sl, fp, sp} ^",1
svchs 0x657261,1
invalid,1
"andeq r6, r0, ip, ror 10",1
"cmnvs r6, sb, ror 28",1
"rsbhs r6, r4, ip, ror 18",1
"strbtvs r6, [r1], -0x568",1
"cdpvs p2, 2, c7, c0, c5, 3",1
"strbvs r6, [r2, -0xd75]!",1
invalid,1
"ldmdbvc r4!, {r5, r8, sb, ip, sp, lr} ^",1
"eorshs r6, sl, ip, ror 10",1
"andeq r7, r0, r5, lsr 6",1
"cmnvs r6, sb, ror 28",1
"rsbhs r6, r4, ip, ror 18",1
"stmdbvc r4!, {r1, r5, r6, r8, sb, sl, fp, sp, lr} ^",1
"ldclvs p14, c6, [r5, -0x80]!",1
"ldmdbvs r2!, {r1, r5, r6, r8, sl, sp, lr} ^",1
invalid,1
"strbvs r7, [ip, -0x974]!",1
invalid,1
"andeq r0, r0, r0",1
"cmnvs r6, sb, ror 28",1
"rsbhs r6, r4, ip, ror 18",1
"strbtvc r6, [pc], -0xf66",1
"cdpvs p2, 2, c7, c0, c5, 3",1
"strbvs r6, [r2, -0xd75]!",1
invalid,1
"ldmdbvc r4!, {r5, r8, sb, ip, sp, lr} ^",1
"eorshs r6, sl, ip, ror 10",1
"andeq r7, r0, r5, lsr 6",1
"cmnvs r6, sb, ror 28",1
"rsbhs r6, r4, ip, ror 18",1
"rsbvc r7, r1, 0x73000000",1
invalid,1
"cdpvs p12, 6, c6, c9, c0, 1",1
"strbvc r2, [lr, -0x65]!",1
"rsbvc r6, r5, 0xd0000006",1
invalid,1
"andeq r0, r0, r0",1
"cmnvs r6, sb, ror 28",1
"rsbhs r6, r4, ip, ror 18",1
"strbvs r6, [lr, -0x96c]!",1
"ldclvs p14, c6, [r5, -0x80]!",1
"rsbshs r6, r2, r2, ror 10",1
"rsbvc r6, r3, 0x690",1
"cdpvs p13, 6, c6, c5, c5, 3",1
"strhs r3, [r0, -0xa74]!",1
"andeq r0, r0, r3, ror r0",1
"cmnvs r6, sb, ror 28",1
"rsbhs r6, r4, ip, ror 18",1
"rsbvs r7, sp, 0x1b800000",1
svcvs 0x207265,1
"stclvs p0, c2, [r2], -0x198",1
"rsbhs r6, fp, r1, ror 28",1
"strbvs r6, [lr, -0x96c]!",1
"strhs r3, [r0, -0xa73]!",1
"andeq r0, r0, r3, ror r0",1
"cmnvs r6, sb, ror 28",1
"rsbhs r6, r4, ip, ror 18",1
"strbvs r6, [lr, -0x96c]!",1
"ldclvs p14, c6, [r5, -0x80]!",1
"rsbshs r6, r2, r2, ror 10",1
"stclvs p9, c6, [r5], -0x198",1
"ldmdbvs r7!, {r2, r5, r6, sp} ^",1
blo 0x1a31034,1
"rsbseq r2, r3, r0, lsr 10",1
"cmnvs r6, sb, ror 28",1
"rsbhs r6, r4, ip, ror 18",1
"strbvs r6, [lr, -0x96c]!",1
"ldclvs p14, c6, [r5, -0x80]!",1
"ldmdbvs r2!, {r1, r5, r6, r8, sl, sp, lr} ^",1
"strtvs r6, [r0], -lr, ror 14",1
invalid,1
"strhs r3, [r0, -0xa74]!",1
"andeq r0, r0, r3, ror r0",1
"andeq r6, r0, lr, ror 24",1
"strbtvc r6, [pc], -0x353",1
hvc 0x2204,1
"cmnvs r2, r2, ror r4",1
"andeq r0, r0, sp, rrx",1
"ldmdbvs r6!, {r2, r6, r8, sp, lr} ^",1
invalid,1
"vnmulvs.f64 d20, d5, d19",1
"rsbeq r6, r5, sl, ror sb",1
blo 0x18a2894,1
blo 0x1da2890,1
invalid,1
invalid,1
"ldrtvs r6, [sl], -0xe3a",1
"andeq r0, r0, sl, lsr r0",1
"andeq r0, r0, sp, lsr 32",1
"andeq r0, r0, lr, rrx",1
"andeq r0, r0, sb",1
"strbtvs r6, [r1], -0x568",1
"cdpvs p2, 2, c7, c13, c5, 3",1
"strbvs r6, [r2, -0xd75]!",1
invalid,1
"andeq r0, r0, r0",1
"stmdbvc r4!, {r1, r5, r6, r8, sb, sl, fp, sp, lr} ^",1
"ldclvs p14, c6, [r5, -0xb4]!",1
"ldmdbvs r2!, {r1, r5, r6, r8, sl, sp, lr} ^",1
"andeq r6, r0, lr, ror 14",1
"strbtvc r6, [pc], -0xf66",1
"cdpvs p2, 2, c7, c13, c5, 3",1
"strbvs r6, [r2, -0xd75]!",1
invalid,1
"andeq r0, r0, r0",1
"rsbvc r7, r1, 0x73000000",1
invalid,1
"cdpvs p12, 6, c6, c9, c13, 1",1
"strbvc r2, [lr, -0xd65]!",1
"rsbvc r6, r5, 0xd0000006",1
"andeq r0, r0, r0",1
"strbvs r6, [lr, -0x96c]!",1
invalid,1
"strbvs r6, [sp, -0x572]!",1
"andeq r7, r0, lr, ror 8",1
"eorvc r6, sp, 0x1b8",1
"ldclvs p14, c6, [r5, -0x194]!",1
"rsbseq r6, r2, r2, ror 10",1
"cdpvs p15, 6, c6, c9, c10, 3",1
invalid,1
invalid,1
invalid,1
"andeq r0, r0, r0",1
"rsbvs r7, sp, 0x1b800000",1
invalid,1
"rsbvc r7, r1, 0x65",1
"rsbvc r7, pc, 0x61000000",1
"andeq r0, r0, r0",1
"rsbvs r7, sp, 0x1b800000",1
"strvc r7, [sp, -r5, ror 4]!",1
"ldmdavs r4!, {r0, r3, r5, r6, sl, sp, lr} ^",1
"andeq r0, r0, r0",1
"rsbvs r7, sp, 0x1b800000",1
"strtvs r7, [sp], -r5, ror 4",1
invalid,1
"andeq r0, r0, r4, ror r0",1
"strbtvc r6, [r3], -0x573",1
"stclhs p15, c6, [lr, -0x1a4]!",1
"stmdbvs ip!, {r2, r5, r6, r8, sl, sp, lr} ^",1
"ldrbvs r6, [r4, -0x96d]!",1
"andeq r0, r0, r2, ror r0",1
"rsbvc r6, ip, r8, ror 10",1
"andeq r0, r0, r0",1
"cmnvc r2, 0x1d800000",1
"rsbeq r6, lr, sb, ror 30",1
"eorslo r2, r2, 56, 28",1
"andeq r0, r0, r0",1
"strbtvc r7, [sb], -0x277",1
"rsbvc r2, r5, 0x65",1
"rsbseq r6, r2, r2, ror pc",1
"eorshs r7, sl, r5, lsr 6",1
"andeq r7, r0, r5, lsr 6",1
"strbpl r2, [lr, -0x41]",1
invalid,1
blpl 0x1dadddc,1
invalid,1
"eorvc r7, r0, r1, ror 6",1
"ldrbvs r7, [r3, -0x361]!",1
"ldmdavs r4!, {r2, r5, r6, sp} ^",1
invalid,1
"cdpvs p0, 6, c2, c1, c8, 3",1
"ldrbvs r6, [r8, -0x520]!",1
"ldmdbvc r3!, {r0, r1, r5, r6, sp} ^",1
"stclvs p4, c7, [r5, -0x1cc]!",1
"stclvs p3, c6, [r1], -0x80",1
"andeq r2, sl, ip, ror 28",1
"stmdbvs ip!, {r0, r1, r2, r3, r5, sb, sl, fp, sp} ^",1
"eoreq r7, pc, r2, ror 6",1
"eoreq r7, sp, ip, ror 8",1
"andeq r0, r0, r0",1
"andeq r0, r0, r1",1
"andeq r0, r0, r2",1
"andeq r0, r0, r3",1
"andeq r0, r0, r4",1
"andeq r0, r0, r5",1
"andeq r0, r0, r6",1
"andeq r0, r0, r7",1
"andeq ip, r1, r8, lsr 1",1
"strheq ip, [r1], -r0",1
"strheq ip, [r1], -r8",1
"strheq ip, [r1], -r8",1
"andeq ip, r1, r8, asr 1",1
"ldrdeq ip, sp, [r1], -r0",1
"andeq fp, r1, r0, lsr 27",1
"ldrdeq ip, sp, [r1], -r8",1
"andeq r0, r0, r0",1
"addseq r8, sb, r2, ror 1",1
"andeq sl, r0, r1, lsr 31",1
"andeq r0, r0, r7, lsr 32",1
"andeq r0, r0, r2, lsr 32",1
"rsbeq r0, r5, r1, lsr 15",1
"addseq r8, r8, r2, ror 1",1
"andeq r0, r0, r0, rrx",1
"ldrbvs r6, [r4, -0x96c]!",1
"rsbeq r6, ip, r2, ror r1",1
"stclvs p8, c6, [r5], -0x1cc",1
"andeq r0, r0, ip, rrx",1
"stclvs p8, c6, [r5], -0x1cc",1
"stclvs p13, c2, [r1], -0x1b0",1
"cmnvc sb, 0xc000001d",1
"andeq r0, r0, r0",1
invalid,1
"rsbeq r6, r5, sb, ror r2",1
invalid,1
"andeq r6, r0, r0, ror r5",1
invalid,1
"rsbeq r6, r5, r1, ror 24",1
"stmdahs r0!, {r0, r2, r5, r8, sb, ip, sp, lr}",1
"eorhs r7, sb, r5, lsr 6",1
"andeq r7, sl, r5, lsr 6",1
"strhs r7, [r0, -0x325]!",1
"andeq r0, r0, r3, ror sl",1
"eoreq r4, sb, r8, lsr 6",1
invalid,1
"ldrbvs r6, [r3, -0xe65]!",1
"mrrcmi p7, 2, r4, r0, c0",1
blo 0xae0ee4,1
"strbpl r4, [lr, -0x720]",1
"mrrcmi p7, 2, r4, r0, c0",1
"rsbvc r7, r5, 32, 12",1
"mcrvs p9, 3, r6, c15, c3, 3",1
svcvs 0x203320,1
invalid,1
"rsbshs r6, r2, r4, ror r5",1
"ldrbtvc r6, [r4], -0x83c",1
svchs 0x2f3a70,1
"cdphs p14, 7, c6, c5, c7, 3",1
svchs 0x67726f,1
"strbvs r6, [r3, -0x96c]!",1
invalid,1
"ldclvs p7, c6, [r0], -0xbc",1
"ldclvs p8, c6, [r4, -0xb8]!",1
beq 0xba3afc,1
invalid,1
"rsbshs r6, r3, r0, lsr 18",1
"strbvs r7, [r5, -0x266]!",1
"strbtvs r7, [pc], -r0, lsr 6",1
"rsbvc r7, r1, 116, 14",1
"stmdbvc r0!, {r0, r2, r5, r6, sb, fp, ip, sp}",1
invalid,1
"qsub16vs r6, r0, r2",1
"rsbhs r6, r5, r2, ror r5",1
invalid,1
"strbvs r6, [lr, -r8, ror 2]!",1
"cdpvs p0, 6, c2, c1, c5, 3",1
"ldrbvs r2, [r2, -0x64]!",1
"ldrbtvc r6, [r3], -0x964",1
"strbvc r6, [r2, -0x972]!",1
"stmdbvs r0!, {r2, r4, r5, r6, r8, sl, sp, lr}",1
"strpl r2, [sl], -0xe74",1
"ldrbvs r6, [r2, -0x568]!",1
"rsbshs r6, r3, r0, lsr 18",1
"strpl r4, [r0, -lr, asr 30]!",1
"cmpmi r2, r1, asr 4",1
"mrrchs p4, 4, r5, sb, c14",1
"rsbhs r7, pc, r0, lsr 8",1
"rsbhs r6, r5, r4, ror r8",1
"ldrbvs r7, [r4, -0x865]!",1
"eorvc r7, r0, lr, ror 8",1
"stmdbvs sp!, {r0, r2, r5, r6, sb, ip, sp, lr} ^",1
"strbtvs r7, [r5], -0x474",1
"rsbshs r6, sb, r0, lsr 4",1
"cdphs p1, 7, c6, c7, c12, 3",1
"andeq r0, r0, sl, lsl 20",1
"strbtvc r7, [sb], -0x257",1
"rsbhs r6, lr, r4, ror r5",1
"strhs r7, [r0, -0x962]!",1
"andeq r2, sl, r3, ror lr",1
"strbtvc r7, [sb], -0x257",1
"rsbhs r6, lr, r4, ror r5",1
"strhs r7, [r0, -0x962]!",1
"mcrvs p0, 3, r2, c1, c3, 3",1
invalid,1
"andeq r0, r0, lr, lsr 20",1
"strbtvc r7, [sb], -0x257",1
"rsbhs r6, lr, r4, ror r5",1
"strhs r7, [r0, -0x962]!",1
"strhs r2, [r0, -0xc73]!",1
invalid,1
"strhs r6, [r0, -0x46e]!",1
"andeq r2, sl, r3, ror lr",1
"strbtvc r7, [sb], -0x257",1
"rsbhs r6, lr, r4, ror r5",1
"strhs r7, [r0, -0x962]!",1
"strhs r2, [r0, -0xc73]!",1
"strhs r2, [r0, -0xc73]!",1
invalid,1
"strhs r6, [r0, -0x46e]!",1
"andeq r2, sl, r3, ror lr",1
"strbtvc r7, [sb], -0x257",1
"rsbhs r6, lr, r4, ror r5",1
"strhs r7, [r0, -0x962]!",1
"strhs r2, [r0, -0xc73]!",1
"strhs r2, [r0, -0xc73]!",1
"strhs r2, [sl, -0xc73]",1
invalid,1
"strhs r6, [r0, -0x46e]!",1
"andeq r2, sl, r3, ror lr",1
"strbtvc r7, [sb], -0x257",1
"rsbhs r6, lr, r4, ror r5",1
"strhs r7, [r0, -0x962]!",1
"strhs r2, [r0, -0xc73]!",1
"strhs r2, [r0, -0xc73]!",1
"strhs r2, [sl, -0xc73]",1
"strhs r2, [r0, -0xc73]!",1
invalid,1
"strhs r6, [r0, -0x46e]!",1
"andeq r2, sl, r3, ror lr",1
"strbtvc r7, [sb], -0x257",1
"rsbhs r6, lr, r4, ror r5",1
"strhs r7, [r0, -0x962]!",1
"strhs r2, [r0, -0xc73]!",1
"strhs r2, [r0, -0xc73]!",1
"strhs r2, [sl, -0xc73]",1
"strhs r2, [r0, -0xc73]!",1
"strhs r2, [r0, -0xc73]!",1
invalid,1
"strhs r6, [r0, -0x46e]!",1
"andeq r2, sl, r3, ror lr",1
"strbtvc r7, [sb], -0x257",1
"rsbhs r6, lr, r4, ror r5",1
"strhs r7, [r0, -0x962]!",1
"strhs r2, [r0, -0xc73]!",1
"strhs r2, [r0, -0xc73]!",1
"strhs r2, [sl, -0xc73]",1
"strhs r2, [r0, -0xc73]!",1
"strhs r2, [r0, -0xc73]!",1
"strhs r2, [r0, -0xc73]!",1
invalid,1
"strhs r6, [r0, -0x46e]!",1
"andeq r2, sl, r3, ror lr",1
"strbtvc r7, [sb], -0x257",1
"rsbhs r6, lr, r4, ror r5",1
"strhs r7, [r0, -0x962]!",1
"strhs r2, [r0, -0xc73]!",1
"strhs r2, [r0, -0xc73]!",1
"strhs r2, [sl, -0xc73]",1
"strhs r2, [r0, -0xc73]!",1
"strhs r2, [r0, -0xc73]!",1
"strhs r2, [r0, -0xc73]!",1
"strhs r2, [sl, -0xc73]",1
invalid,1
"strhs r6, [r0, -0x46e]!",1
"andeq r2, sl, r3, ror lr",1
"strbtvc r7, [sb], -0x257",1
"rsbhs r6, lr, r4, ror r5",1
"strhs r7, [r0, -0x962]!",1
"strhs r2, [r0, -0xc73]!",1
"strhs r2, [r0, -0xc73]!",1
"strhs r2, [sl, -0xc73]",1
"strhs r2, [r0, -0xc73]!",1
"strhs r2, [r0, -0xc73]!",1
"strhs r2, [r0, -0xc73]!",1
"strhs r2, [sl, -0xc73]",1
"strhs r2, [r0, -0xc73]!",1
invalid,1
svcvs 0x20646e,1
"rsbvc r6, r5, 116, 16",1
"andeq r2, sl, r3, ror lr",1
"rsbvc r5, r5, sl, lsl 4",1
"rsbshs r7, r4, pc, ror 4",1
invalid,1
blo 0x1bf13d4,1
beq 0x1cdd7d8,1
"andeq r0, r0, r0",1
"stclhs p5, c7, [r7, -0x188]!",1
"ldrbvs r6, [r2, -0xf63]!",1
"stclvs p4, c7, [sb], -0x1d4",1
"mcrvs p0, 3, r4, c7, c3, 3",1
"rsbvc r2, pc, 0x750",1
"andeq r0, r0, r7, rrx",1
"stmdavs r0!, {r0, r2, r5, r8, sb, ip, sp, lr}",1
"rsbhs r6, r5, pc, ror 26",1
"strbvs r6, [r7, -0x170]!",1
"ldrhs r2, [ip, -0x3a]!",1
"andeq r3, sl, r3, ror lr",1
"strbvs r6, [lr, -0x547]!",1
"rsbhs r6, ip, r2, ror r1",1
"rsbvc r6, ip, r8, ror 10",1
"ldmdbvs r3!, {r5, r8, sl, ip, sp, lr} ^",1
"strmi r6, [r0, -lr, ror 14]!",1
invalid,1
"ldrbvc r6, [r4, -pc, ror 12]!",1
blo 0x1970d2c,1
"strbtvc r3, [r8], -0xc20",1
svchs 0x3a7074,1
"ldrbvc r7, [r7, -pc, lsr 14]!",1
"strbvc r6, [lr, -0x72e]!",1
"ldrbvs r6, [r2, -lr, lsr 30]!",1
"strbtvc r6, [r5], -0x72f",1
"rsbvc r6, ip, r8, ror 10",1
"andeq r3, sl, pc, lsr 28",1
"ldmdbvc r0!, {r0, r1, r6, r8, sb, sl, fp, sp, lr} ^",1
"stmdavs r7!, {r1, r4, r5, r6, r8, fp, sp, lr} ^",1
invalid,1
"rsbhs r2, r4, r0, lsr 10",1
"strbvs r7, [r5, -0x246]!",1
"strbtvs r5, [pc], -r0, lsr 6",1
"rsbvc r7, r1, 116, 14",1
svcvs 0x462065,1
invalid,1
"mcrvs p9, 3, r6, c15, c4, 3",1
"cdpvs p0, 4, c2, c9, c12, 1",1
"andeq r2, r0, r3, ror 28",1
svcvs 0x6d656d,1
"strvs r7, [r0, -0x972]!",1
"strbvc r6, [r1, -0x878]!",1
"strbtvs r7, [r5], -0x473",1
"andeq r0, r0, r0",1
"rsbsvc r7, r4, 120, 6",1
"stclvs p15, c6, [sb, -0x1d0]!",1
"andeq r7, r0, r1, ror 16",1
"ldclo p0, c2, [ip, -0xc0]!",1
"rsbsvc r7, r4, 32, 6",1
svcpl 0x6c6f74,1
"ldrbvs r6, [r3, -0x162]!",1
"eorhs r2, r6, r0, lsr 12",1
"ldrbtvc r7, [r2], -0x473",1
"subsvs r6, pc, 0x6f00",1
"rsbhs r7, r5, r1, ror 6",1
invalid,1
"andeq r0, r0, r6, lsr r0",1
svchs 0x62696c,1
"rsbsvc r7, r4, 120, 6",1
"mcrhs p15, 3, r6, c12, c4, 3",1
"andeq r0, r0, r3, rrx",1
"rsbsvc r7, r4, 120, 6",1
"rsbeq r6, ip, r4, ror pc",1
invalid,1
invalid,1
invalid,1
invalid,1
"andeq r0, r0, r0",1
"andeq r0, r0, r0",1
"andeq r0, r0, r0",1
"andeq r0, r0, r0",1
svcpl 0x706f70,1
"stclvs p1, c6, [sb], -0x198",1
"cmnvs r4, pc, asr r3",1
"andeq r6, r0, r3, ror 22",1
blvs 0x1baea3c,1
"qdsubvs r6, pc, r6",1
"strbtvs r6, [pc], -0xe5f",1
"andeq r7, r0, r5, ror 6",1
"cmnvc r2, 112, 2            ; 0x70",1
"rsbvc r5, r2, 0x194",1
"strbvs r6, [fp, -0x361]!",1
"stmdavc r5!, {r2, r4, r5, r6, r8, sb, sl, fp, ip, lr} ^",1
"andeq r0, r0, r0, ror r0",1
invalid,1
invalid,1
"stmdbvs r8!, {r2, r4, r5, r6, r8, sb, sp, lr} ^",1
"andeq r6, r0, lr, ror 14",1
invalid,1
"rsbseq r7, r3, r5, ror 6",1
"stcvs p15, c6, [r0, -0x138]!",1
"stmdavs r3!, {r0, r5, r6, sl, ip, sp, lr} ^",1
"strbtvc r4, [lr], -r0, lsl 18",1
"strbtvs r6, [sb], -0xc61",1
"strbvs r7, [r5, -r0, lsr 4]!",1
"rsbvc r6, r1, 0x7500",1
"rsbsvc r6, r8, r0, lsr 10",1
"cmnvc r3, 0x1c800000",1
"rsbeq r6, lr, sb, ror 30",1
"cmnvs r6, sb, asr 28",1
"rsbhs r6, r4, ip, ror 18",1
"stclvs p15, c6, [ip], -0x18c",1
svcvs 0x697461,1
"stmdavs r3!, {r1, r2, r3, r5, r6, sp} ^",1
invalid,1
"rsbseq r6, r2, r4, ror r5",1
"cmnvs r6, sb, asr 28",1
"rsbhs r6, r4, ip, ror 18",1
"rsbvc r6, r1, 0x630000",1
"ldrbvs r6, [r4, -0x361]!",1
"stclvs p0, c2, [r3], -0x1c8",1
"rsbshs r7, r3, r1, ror 6",1
"strbvs r6, [sp, -0x16e]!",1
"cmnvs r2, r0, lsl 8",1
"cdpvs p12, 6, c6, c9, c9, 3",1
invalid,1
invalid,1
"rsbeq r7, r8, r1, ror 6",1
"cmnvs r6, sb, asr 28",1
"rsbhs r6, r4, ip, ror 18",1
blvs 0x18ecac8,1
"strbtvs r7, [r5], -r0, lsr 4",1
"cdpvs p2, 6, c7, c5, c5, 3",1
"strpl r6, [r0, -0x563]",1
"strbtvc r6, [r1], -0xd6e",1
"strbtvs r6, [r5], -0x863",1
svcvs 0x205b20,1
"mrcpl p0, 2, r2, c11, c2, 3",1
"stclvs p5, c5, [lr, -0]!",1
"stmdavs r3!, {r0, r5, r6, sl, ip, sp, lr} ^",1
"stmdahs r0!, {r0, r2, r5, r6, sl, sp, lr}",1
"rsbshs r6, r2, r0, lsr 30",1
"strpl r2, [r0, -0x85c]",1
"strbtvc r6, [r1], -0xd6e",1
"strbtvs r6, [r5], -0x863",1
"rsbseq r5, fp, r0, lsr 24",1
"cmnvs r6, sb, asr 28",1
"rsbhs r6, r4, ip, ror 18",1
"strbtvc r6, [lr], -0xf63",1
"rsbshs r6, r4, r5, ror 28",1
"stcpl p6, c6, [r0], -0x1bc",1
"rsbseq r5, sp, fp, ror ip",1
"cmnvs r6, sb, asr 28",1
"rsbhs r6, r4, ip, ror 18",1
invalid,1
"cdpvs p0, 6, c2, c5, c5, 3",1
"strbvs r0, [sp, -0x64]",1
"ldmdbvc r2!, {r0, r2, r3, r5, r6, r8, sb, sl, fp, sp, lr} ^",1
"ldmdavs r8!, {r5, r8, sl, sp, lr} ^",1
"ldrbtvc r7, [r3], -0x561",1
"stmdbmi r0, {r0, r2, r5, r6, sl, sp, lr}",1
"stclvs p6, c7, [r1], -0x1b8",1
"eorvc r6, r0, sb, ror 8",1
"strbvs r6, [r3, -0x572]!",1
"strbvs r6, [lr, -r4, ror 18]!",1
"strbvs r7, [r5, -r0, lsr 4]!",1
"rsbvc r6, r1, 0x7500",1
"rsbsvc r6, r8, r0, lsr 10",1
"cmnvc r3, 0x1c800000",1
"rsbeq r6, lr, sb, ror 30",1
"stclvs p2, c7, [r5, -0x140]!",1
"rsbsvc r7, r5, 0x61000000",1
"cdpvs p0, 6, c2, c5, c5, 3",1
"strbtvs r2, [pc], -r4, rrx",1
"strbvs r7, [r5, -r0, lsr 4]!",1
"rsbvc r6, r1, 0x7500",1
"rsbsvc r6, r8, r0, lsr 10",1
"cmnvc r3, 0x1c800000",1
"rsbeq r6, lr, sb, ror 30",1
"strbvc r6, [r7, -0x552]!",1
"rsbshs r6, r2, ip, ror 2",1
"rsbsvc r7, r0, 0x650000",1
"ldmdbvs r3!, {r0, r2, r5, r6, r8, sb, ip, sp, lr} ^",1
"strtvc r6, [r0], -0xe6f",1
"eorvs r6, r0, 0x1bc",1
"strpl r6, [r0, -0x769]",1
"strbtvc r6, [r1], -0xd6e",1
"strbtvs r6, [r5], -0x863",1
svcvs 0x202920,1
"ldmdbhs ip, {r1, r4, r5, r6, sp} ^",1
"andeq r0, r0, r0",1
"andeq r0, r0, r0",1
"andeq r0, r0, r8",1
"andeq r0, r0, r1, lsl r0",1
"andeq r0, r0, ip, lsr 32",1
"andeq r0, r0, r8, asr 32",1
"andeq r0, r0, r5, rrx",1
"andeq r0, r0, r8, ror r0",1
"andeq r0, r0, pc, lsl 1",1
"andeq r0, r0, r1, lsr 1",1
"strheq r0, [r0], -r3",1
"andeq r0, r0, r0, asr 1",1
"ldrdeq r0, r1, [r0], -r8",1
"andeq r0, r0, sl, ror 1",1
"strdeq r0, r1, [r0], -fp",1
"andeq r0, r0, r0, lsr 2",1
"andeq r0, r0, r4, asr 2",1
"andeq r0, r0, pc, asr r1",1
"cmpvs pc, 0x1c800000",1
svcpl 0x79706f,1
invalid,1
"andeq r0, r0, r0",1
"cmpvc pc, 0x1c800000",1
"cmnvs r2, 0x40000019",1
"ldrbtvc r5, [r3], -0xf68",1
"andeq r6, r0, r5, ror r2",1
"strbvs r2, [sb], -0x828",1
"stmdahs r0!, {r3, r4, r5, r6, r8, fp, sp}",1
"stmdbhs sp!, {r1, r2, r3, r5, r6, r8, sl, ip, sp, lr} ^",1
"stmdahs r0!, {r5, sl, fp, ip, sp}",1
"stmdavc r4!, {r3, r5, r8, fp, lr} ^",1
"eorlo r2, sp, 0x29",1
"andeq r2, r0, sb, lsr 18",1
svchs 0x62696c,1
"strbvs r6, [r7, -0x572]!",1
"mcrhs p5, 3, r6, c3, c8, 3",1
"andeq r0, r0, r3, rrx",1
"strbvs r6, [r4, -0xf6e]!",1
"strbvs r3, [lr, -0xe2d]!",1
"stclo p4, c7, [r0, -0x1e0]!",1
"stmdahs r8!, {r0, r2, r3, r4, r5, sp}",1
"strbtvs r6, [sb], -0xf76",1
"eorlo r2, sb, r0, lsr 20",1
"andeq r0, r0, sb, lsr 32",1
svchs 0x62696c,1
invalid,1
"cdphs p13, 7, c6, c0, c15, 3",1
"andeq r0, r0, r3, rrx",1
"strbvs r2, [sb], -0x828",1
"stmdahs r0!, {r3, r4, r5, r6, r8, fp, sp}",1
"strbtvc r6, [r6], -0x56c",1
"eorshs r2, ip, sb, lsr 32",1
"strbvs r2, [sb], -0x828",1
"stchs p9, c2, [r0, -0x1e0]!",1
"eoreq r2, sb, r2, lsr sb",1
"strbvs r2, [sb], -0x828",1
"stmdahs r0!, {r3, r4, r5, r6, r8, fp, sp}",1
"stmdavs r7!, {r1, r4, r5, r6, r8, fp, sp, lr} ^",1
"stclo p9, c2, [r0], -0x1d0",1
"stmdbmi r8!, {r5, fp, sp}",1
"eorhs r7, sb, r4, ror 16",1
"stmdbhs sb!, {r0, r2, r3, r5, sb, ip, sp}",1
"andeq r0, r0, r0",1
"cdpvs p8, 2, c2, c8, c1, 1",1
"stclhs p4, c6, [r5, -0x1bc]!",1
blvs 0x1bf182c,1
"strtvc r6, [lr], -0xe65",1
"stmdbhs r5!, {r0, r3, r4, r5, r6, ip, sp, lr} ^",1
"stmdalo r0!, {r5, sb, sl, sp}",1
"andeq r0, r0, sb, lsr 32",1
"ldmdavs r0!, {r0, r5, r6, sl, fp, sp, lr} ^",1
"andeq r0, r0, r1, rrx",1
"ldrbvs r7, [r0, -0x75]!",1
"andeq r0, r0, r2, ror r0",1
"ldrbvs r6, [r7, -0xf6c]!",1
"andeq r0, r0, r2, ror r0",1
"strbvc r6, [lr, -0xc61]!",1
"andeq r0, r0, sp, rrx",1
"rsbsvc r6, r4, 0x630",1
"andeq r0, r0, ip, rrx",1
invalid,1
"andeq r0, r0, r5, rrx",1
"stmdbvs r7!, {r2, r5, r6, r8, fp, sp, lr} ^",1
"andeq r0, r0, r4, ror r0",1
"mcrvs p2, 3, r7, c9, c0, 3",1
"andeq r0, r0, r4, ror r0",1
"cdpvs p12, 6, c6, c1, c2, 3",1
"andeq r0, r0, fp, rrx",1
"rsbvc r7, r1, r7, ror 4",1
"andeq r0, r0, r8, rrx",1
invalid,1
"andeq r0, r0, r4, ror r0",1
invalid,1
"andeq r7, r0, sb, ror 8",1
"andeq r0, r0, r0, lsr r0",1
"andeq r0, r0, pc, asr r0",1
"rsbshs r7, r2, r5, ror 4",1
svcpl 0x203d3d,1
svcpl 0x474552,1
"cmpmi r0, r5, asr 6",1
"andeq r4, r0, r3, asr 10",1
invalid,1
"stclvs p1, c6, [ip], -0x17c",1
"strbtvc r6, [r1], -0x36f",1
"stclo p4, c6, [r0, -0x194]!",1
"eorseq r2, r2, sp, lsr r0",1
invalid,1
"strbvc r3, [lr, -0xe2d]!",1
"ldrbvs r5, [r2, -0xf6d]!",1
"cdplo p3, 2, c7, c0, c7, 3",1
"rsbvc r2, lr, 0x3d",1
"rsbseq r6, r3, r5, ror 14",1
"strbtvc r6, [r1], -0xd70",1
"subslo r6, fp, r3, ror 16",1
"ldclvs p14, c2, [r2, -0x174]!",1
"rsbhs r7, pc, pc, asr r3",1
invalid,1
"ldrbtvc r6, [r2], -0x174",1
"andeq r0, r0, r0",1
"stclvs p8, c6, [0x00014750]!",1
"ldmdbvs r4!, {r0, r2, r5, r6, r8, sb, sl, fp, sp} ^",1
"cdpvs p6, 6, c6, c1, c6, 3",1
"eorvs r6, pc, 0x90000007",1
"strbtvs r6, [ip], -0x975",1
"rsbvc r6, pc, 0xbc000000",1
"ldmdbvs r4!, {r0, r2, r5, r6, r8, sl, ip, sp, lr} ^",1
svcmi 0x5f736c,1
"stmdbvs ip!, {r0, r4, r5, r8, sb, sl, fp, sp} ^",1
"andeq r0, r0, r2, rrx",1
"stmdbmi r3, {r0, r6, r8, sb, ip, lr} ^",1
"andeq r0, r0, sb, asr 32",1
"subpl r4, r1, 0x430000",1
"cmpmi r4, r3, asr r5",1
"movtpl r4, 0x194c",1
"subseq r4, r2, r4, asr 18",1
"rsbvc r6, r1, 0x630000",1
"mrchs p5, 3, r6, c4, c3, 3",1
invalid,1
"andeq r0, r0, r3, ror r0",1
"teqvc r0, 0x9400000",1
"eorslo r2, r5, r0, lsr 10",1
"andeq r0, r0, r3, ror r0",1
svcvc 0xfecca0,1
"andeq r0, r0, r1",1
svcvc 0xffe308,1
"adcshi r0, r1, pc, lsr 15",1
svcvc 0xffeb94,1
"andeq r0, r0, r1",1
"andeq r0, r0, r0",1
"andeq r0, r0, r0",1
"andeq r0, r0, r0",1
"andeq r0, r0, r0",1
"andeq r0, r0, r0",1
"andeq r0, r0, r0",1
"andeq r0, r0, r0",1
"andeq r0, r0, r0",1
"andeq r0, r0, r0",1
"andeq r0, r0, r0",1
"andeq r0, r0, r0",1
"andeq r0, r0, r0",1
"andeq r0, r0, r0",1
"andeq r0, r0, r0",1
"andeq r0, r0, r0",1
"andeq r0, r0, r0",1
"andeq r0, r0, r0",1
"andeq r0, r0, r0",1
"andeq r0, r0, r0",1
"andeq r0, r0, r0",1
"andeq r0, r0, r0",1
"andeq r0, r0, r0",1
"andeq r0, r0, r0",1
"andeq r0, r0, r0",1
"andeq r0, r0, r0",1
"andeq r0, r0, r0",1
"andeq r0, r0, r0",1
"andeq r0, r0, r0",1
"andeq r0, r0, r0",1
"andeq r0, r0, r0",1
"andeq r0, r0, r0",1
"andeq r0, r0, r0",1
"andeq r0, r0, r0",1
"andeq r0, r0, r0",1
"andeq r0, r0, r0",1
"andeq r0, r0, r0",1
"andeq r0, r0, r0",1
"andeq r0, r0, r0",1
"andeq r0, r0, r0",1
"andeq r0, r0, r0",1
"andeq r0, r0, r0",1
"andeq r0, r0, r0",1
"andeq r0, r0, r0",1
"andeq r0, r0, r0",1
"andeq r0, r0, r0",1
"andeq r0, r0, r0",1
"andeq r0, r0, r0",1
"andeq r0, r0, r0",1
"andeq r0, r0, r0",1
"andeq r0, r0, r0",1
"andeq r0, r0, r0",1
"andeq r0, r0, r0",1
"andeq r0, r0, r0",1
"andeq r0, r0, r0",1
"andeq r0, r0, r0",1
"andeq r0, r0, r0",1
"andeq r0, r0, r0",1
"andeq r0, r0, r0",1
"andeq r0, r0, r0",1
"andeq r0, r0, r0",1
"andeq r0, r0, r0",1
"andeq r0, r0, r0",1
"andeq r0, r0, r0",1
"andeq r0, r0, r0",1
"andeq r0, r0, r0",1
"andeq r0, r0, r0",1
"andeq r0, r0, r0",1
"andeq r0, r0, r0",1
"andeq r0, r0, r0",1
"andeq r0, r0, r0",1
"andeq r0, r0, r0",1
"andeq r0, r0, r0",1
"andeq r0, r0, r0",1
"andeq r0, r0, r0",1
"andeq r0, r0, r0",1
"andeq r0, r0, r0",1
"andeq r0, r0, r0",1
"andeq r0, r0, r0",1
"andeq r0, r0, r0",1
"andeq r0, r0, r0",1
"andeq r0, r0, r0",1
"andeq r0, r0, r0",1
"andeq r0, r0, r0",1
"andeq r0, r0, r0",1
"andeq r0, r0, r0",1
"andeq r0, r0, r0",1
"andeq r0, r0, r0",1
"andeq r0, r0, r0",1
"andeq r0, r0, r0",1
"andeq r0, r0, r0",1
"andeq r0, r0, r0",1
"andeq r0, r0, r0",1
"andeq r0, r0, r0",1
"andeq r0, r0, r0",1
"andeq r0, r0, r0",1
"andeq r0, r0, r0",1
"andeq r0, r0, r0",1
"andeq r0, r0, r0",1
"andeq r0, r0, r0",1
"andeq r0, r0, r0",1
"andeq r0, r0, r0",1
"andeq r0, r0, r0",1
"andeq r0, r0, r0",1
"andeq r0, r0, r0",1
"andeq r0, r0, r0",1
"andeq r0, r0, r0",1
"andeq r0, r0, r0",1
"andeq r0, r0, r0",1
"andeq r0, r0, r0",1
"andeq r0, r0, r0",1
"andeq r0, r0, r0",1
"andeq r0, r0, r0",1
"andeq r0, r0, r0",1
"andeq r0, r0, r0",1
"andeq r0, r0, r0",1
"andeq r0, r0, r0",1
"andeq r0, r0, r0",1
"andeq r0, r0, r0",1
"andeq r0, r0, r0",1
"andeq r0, r0, r0",1
"andeq r0, r0, r0",1
"andeq r0, r0, r0",1
"andeq r0, r0, r0",1
"andeq r0, r0, r0",1
"andeq r0, r0, r0",1
"andeq r0, r0, r0",1
"andeq r0, r0, r0",1
"andeq r0, r0, r0",1
"andeq r0, r0, r0",1
"andeq r0, r0, r0",1
"andeq r0, r0, r0",1
"andeq r0, r0, r0",1
"andeq r0, r0, r0",1
"andeq r0, r0, r0",1
"andeq r0, r0, r0",1
"andeq r0, r0, r0",1
"andeq r0, r0, r0",1
"andeq r0, r0, r0",1
"andeq r0, r0, r0",1
"andeq r0, r0, r0",1
"andeq r0, r0, r0",1
"andeq r0, r0, r0",1
"andeq r0, r0, r0",1
"andeq r0, r0, r0",1
"andeq r0, r0, r0",1
"andeq r0, r0, r0",1
"andeq r0, r0, r0",1
"andeq r0, r0, r0",1
"andeq r0, r0, r0",1
"andeq r0, r0, r0",1
"andeq r0, r0, r0",1
"andeq r0, r0, r0",1
"andeq r0, r0, r0",1
"andeq r0, r0, r0",1
"andeq r0, r0, r0",1
"andeq r0, r0, r0",1
"andeq r0, r0, r0",1
"andeq r0, r0, r0",1
"andeq r0, r0, r0",1
"andeq r0, r0, r0",1
"andeq r0, r0, r0",1
"andeq r0, r0, r0",1
"andeq r0, r0, r0",1
"andeq r0, r0, r0",1
"andeq r0, r0, r0",1
"andeq r0, r0, r0",1
"andeq r0, r0, r0",1
"andeq r0, r0, r0",1
"andeq r0, r0, r0",1
"andeq r0, r0, r0",1
"andeq r0, r0, r0",1
"andeq r0, r0, r0",1
"andeq r0, r0, r0",1
"andeq r0, r0, r0",1
"andeq r0, r0, r0",1
"andeq r0, r0, r0",1
"andeq r0, r0, r0",1
"andeq r0, r0, r0",1
"andeq r0, r0, r0",1
"andeq r0, r0, r0",1
"andeq r0, r0, r0",1
"andeq r0, r0, r0",1
"andeq r0, r0, r0",1
"andeq r0, r0, r0",1
"andeq r0, r0, r0",1
"andeq r0, r0, r0",1
"andeq r0, r0, r0",1
"andeq r0, r0, r0",1
"andeq r0, r0, r0",1
"andeq r0, r0, r0",1
"andeq r0, r0, r0",1
"andeq r0, r0, r0",1
"andeq r0, r0, r0",1
"andeq r0, r0, r0",1
"andeq r0, r0, r0",1
"andeq r0, r0, r0",1
"andeq r0, r0, r0",1
"andeq r0, r0, r0",1
"andeq r0, r0, r0",1
"andeq r0, r0, r0",1
"andeq r0, r0, r0",1
"andeq r0, r0, r0",1
"andeq r0, r0, r0",1
"andeq r0, r0, r0",1
"andeq r0, r0, r0",1
"andeq r0, r0, r0",1
"andeq r0, r0, r0",1
"andeq r0, r0, r0",1
"andeq r0, r0, r0",1
"andeq r0, r0, r0",1
"andeq r0, r0, r0",1
"andeq r0, r0, r0",1
"andeq r0, r0, r0",1
"andeq r0, r0, r0",1
"andeq r0, r0, r0",1
"andeq r0, r0, r0",1
"andeq r0, r0, r0",1
"andeq r0, r0, r0",1
"andeq r0, r0, r0",1
"andeq r0, r0, r0",1
"andeq r0, r0, r0",1
"andeq r0, r0, r0",1
"andeq r0, r0, r0",1
"andeq r0, r0, r0",1
"andeq r0, r0, r0",1
"andeq r0, r0, r0",1
"andeq r0, r0, r0",1
"andeq r0, r0, r0",1
"andeq r0, r0, r0",1
"andeq r0, r0, r0",1
"andeq r0, r0, r0",1
"andeq r0, r0, r0",1
"andeq r0, r0, r0",1
"andeq r0, r0, r0",1
"andeq r0, r0, r0",1
"andeq r0, r0, r0",1
"andeq r0, r0, r0",1
"andeq r0, r0, r0",1
"andeq r0, r0, r0",1
"andeq r0, r0, r0",1
"andeq r0, r0, r0",1
"andeq r0, r0, r0",1
"andeq r0, r0, r0",1
"andeq r0, r0, r0",1
"andeq r0, r0, r0",1
"andeq r0, r0, r0",1
"andeq r0, r0, r0",1
"andeq r0, r0, r0",1
"andeq r0, r0, r0",1
"andeq r0, r0, r0",1
"andeq r0, r0, r0",1
"andeq r0, r0, r0",1
"andeq r0, r0, r0",1
"andeq r0, r0, r0",1
"andeq r0, r0, r0",1
"andeq r0, r0, r0",1
"andeq r0, r0, r0",1
"andeq r0, r0, r0",1
"andeq r0, r0, r0",1
"andeq r0, r0, r0",1
"andeq r0, r0, r0",1
"andeq r0, r0, r0",1
"andeq r0, r0, r0",1
"andeq r0, r0, r0",1
"andeq r0, r0, r0",1
"andeq r0, r0, r0",1
"andeq r0, r0, r0",1
"andeq r0, r0, r0",1
"andeq r0, r0, r0",1
"andeq r0, r0, r0",1
"andeq r0, r0, r0",1
"andeq r0, r0, r0",1
"andeq r0, r0, r0",1
"andeq r0, r0, r0",1
"andeq r0, r0, r0",1
"andeq r0, r0, r0",1
"andeq r0, r0, r0",1
"andeq r0, r0, r0",1
"andeq r0, r0, r0",1
"andeq r0, r0, r0",1
"andeq r0, r0, r0",1
"andeq r0, r0, r0",1
"andeq r0, r0, r0",1
"andeq r0, r0, r0",1
"andeq r0, r0, r0",1
"andeq r0, r0, r0",1
"andeq r0, r0, r0",1
"andeq r0, r0, r0",1
"andeq r0, r0, r0",1
"andeq r0, r0, r0",1
"andeq r0, r0, r0",1
"andeq r0, r0, r0",1
"andeq r0, r0, r0",1
"andeq r0, r0, r0",1
"andeq r0, r0, r0",1
"andeq r0, r0, r0",1
"andeq r0, r0, r0",1
"andeq r0, r0, r0",1
"andeq r0, r0, r0",1
"andeq r0, r0, r0",1
"andeq r0, r0, r0",1
"andeq r0, r0, r0",1
"andeq r0, r0, r0",1
"andeq r0, r0, r0",1
"andeq r0, r0, r0",1
"andeq r0, r0, r0",1
"andeq r0, r0, r0",1
"andeq r0, r0, r0",1
"andeq r0, r0, r0",1
"andeq r0, r0, r0",1
"andeq r0, r0, r0",1
"andeq r0, r0, r0",1
"andeq r0, r0, r0",1
"andeq r0, r0, r0",1
"andeq r0, r0, r0",1
"andeq r0, r0, r0",1
"andeq r0, r0, r0",1
"andeq r0, r0, r0",1
"andeq r0, r0, r0",1
"andeq r0, r0, r0",1
"andeq r0, r0, r0",1
"andeq r0, r0, r0",1
"andeq r0, r0, r0",1
"andeq r0, r0, r0",1
"andeq r0, r0, r0",1
"andeq r0, r0, r0",1
"andeq r0, r0, r0",1
"andeq r0, r0, r0",1
"andeq r0, r0, r0",1
"andeq r0, r0, r0",1
"andeq r0, r0, r0",1
"andeq r0, r0, r0",1
"andeq r0, r0, r0",1
"andeq r0, r0, r0",1
"andeq r0, r0, r0",1
"andeq r0, r0, r0",1
"andeq r0, r0, r0",1
"andeq r0, r0, r0",1
"andeq r0, r0, r0",1
"andeq r0, r0, r0",1
"andeq r0, r0, r0",1
"andeq r0, r0, r0",1
"andeq r0, r0, r0",1
"andeq r0, r0, r0",1
"andeq r0, r0, r0",1
"andeq r0, r0, r0",1
"andeq r0, r0, r0",1
"andeq r0, r0, r0",1
"andeq r0, r0, r0",1
"andeq r0, r0, r0",1
"andeq r0, r0, r0",1
"andeq r0, r0, r0",1
"andeq r0, r0, r0",1
"andeq r0, r0, r0",1
"andeq r0, r0, r0",1
"andeq r0, r0, r0",1
"andeq r0, r0, r0",1
"andeq r0, r0, r0",1
"andeq r0, r0, r0",1
"andeq r0, r0, r0",1
"andeq r0, r0, r0",1
"andeq r0, r0, r0",1
"andeq r0, r0, r0",1
"andeq r0, r0, r0",1
"andeq r0, r0, r0",1
"andeq r0, r0, r0",1
"andeq r0, r0, r0",1
"andeq r0, r0, r0",1
"andeq r0, r0, r0",1
"andeq r0, r0, r0",1
"andeq r0, r0, r0",1
"andeq r0, r0, r0",1
"andeq r0, r0, r0",1
"andeq r0, r0, r0",1
"andeq r0, r0, r0",1
"andeq r0, r0, r0",1
"andeq r0, r0, r0",1
"andeq r0, r0, r0",1
"andeq r0, r0, r0",1
"andeq r0, r0, r0",1
"andeq r0, r0, r0",1
"andeq r0, r0, r0",1
"andeq r0, r0, r0",1
"andeq r0, r0, r0",1
"andeq r0, r0, r0",1
"andeq r0, r0, r0",1
"andeq r0, r0, r0",1
"andeq r0, r0, r0",1
"andeq r0, r0, r0",1
"andeq r0, r0, r0",1
"andeq r0, r0, r0",1
"andeq r0, r0, r0",1
"andeq r0, r0, r0",1
"andeq r0, r0, r0",1
"andeq r0, r0, r0",1
"andeq r0, r0, r0",1
"andeq r0, r0, r0",1
"andeq r0, r0, r0",1
"andeq r0, r0, r0",1
"andeq r0, r0, r0",1
"andeq r0, r0, r0",1
"andeq r0, r0, r0",1
"andeq r0, r0, r0",1
"andeq r0, r0, r0",1
"andeq r0, r0, r0",1
"andeq r0, r0, r0",1
"andeq r0, r0, r0",1
"andeq r0, r0, r0",1
"andeq r0, r0, r0",1
"andeq r0, r0, r0",1
"andeq r0, r0, r0",1
"andeq r0, r0, r0",1
"andeq r0, r0, r0",1
"andeq r0, r0, r0",1
"andeq r0, r0, r0",1
"andeq r0, r0, r0",1
"andeq r0, r0, r0",1
"andeq r0, r0, r0",1
"andeq r0, r0, r0",1
"andeq r0, r0, r0",1
"andeq r0, r0, r0",1
"andeq r0, r0, r0",1
"andeq r0, r0, r0",1
"andeq r0, r0, r0",1
"andeq r0, r0, r0",1
"andeq r0, r0, r0",1
"andeq r0, r0, r0",1
"andeq r0, r0, r0",1
"andeq r0, r0, r0",1
"andeq r0, r0, r0",1
"andeq r0, r0, r0",1
"andeq r0, r0, r0",1
"andeq r0, r0, r0",1
"andeq r0, r0, r0",1
"andeq r0, r0, r0",1
"andeq r0, r0, r0",1
"andeq r0, r0, r0",1
"andeq r0, r0, r0",1
"andeq r0, r0, r0",1
"andeq r0, r0, r0",1
"andeq r0, r0, r0",1
"andeq r0, r0, r0",1
"andeq r0, r0, r0",1
"andeq r0, r0, r0",1
"andeq r0, r0, r0",1
"andeq r0, r0, r0",1
"andeq r0, r0, r0",1
"andeq r0, r0, r0",1
"andeq r0, r0, r0",1
"andeq r0, r0, r0",1
"andeq r0, r0, r0",1
"andeq r0, r0, r0",1
"andeq r0, r0, r0",1
"andeq r0, r0, r0",1
"andeq r0, r0, r0",1
"andeq r0, r0, r0",1
"andeq r0, r0, r0",1
"andeq r0, r0, r0",1
"andeq r0, r0, r0",1
"andeq r0, r0, r0",1
"andeq r0, r0, r0",1
"andeq r0, r0, r0",1
"andeq r0, r0, r0",1
"andeq r0, r0, r0",1
"andeq r0, r0, r0",1
"andeq r0, r0, r0",1
"andeq r0, r0, r0",1
"andeq r0, r0, r0",1
"andeq r0, r0, r0",1
"andeq r0, r0, r0",1
"andeq r0, r0, r0",1
"andeq r0, r0, r0",1
"andeq r0, r0, r0",1
"andeq r0, r0, r0",1
"andeq r0, r0, r0",1
"andeq r0, r0, r0",1
"andeq r0, r0, r0",1
"andeq r0, r0, r0",1
"andeq r0, r0, r0",1
"andeq r0, r0, r0",1
"andeq r0, r0, r0",1
"andeq r0, r0, r0",1
"andeq sb, r0, r0, lsl 12",1
"ldrdeq sb, sl, [r0], -r8",1
"andeq r0, r0, r0",1
"andeq r0, r0, r1",1
"andeq r0, r0, r1",1
"andeq r0, r0, r1",1
"andeq r0, r0, lr, lsl 1",1
"andeq r0, r0, ip",1
"andeq sb, r0, ip, asr r1",1
"andeq r0, r0, sp",1
"muleq r1, r8, r4",1
"andeq r0, r0, sb, lsl r0",1
"andeq r5, r2, r0",1
"andeq r0, r0, fp, lsl r0",1
"andeq r0, r0, r4",1
"andeq r0, r0, sl, lsl r0",1
"andeq r5, r2, r4",1
"andeq r0, r0, ip, lsl r0",1
"andeq r0, r0, r4",1
svcvs 0xfffef5,1
"andeq r8, r0, ip, lsl 3",1
"andeq r0, r0, r5",1
"ldrdeq r8, sb, [r0], -r4",1
"andeq r0, r0, r6",1
"andeq r8, r0, r4, lsr r4",1
"andeq r0, r0, sl",1
"strdeq r0, r1, [r0], -fp",1
"andeq r0, r0, fp",1
"andeq r0, r0, r0, lsl r0",1
"andeq r0, r0, r5, lsl r0",1
"andeq r0, r0, r0",1
"andeq r0, r0, r3",1
"strdeq r5, r6, [r2], -ip",1
"andeq r0, r0, r2",1
"andeq r0, r0, r8, asr r2",1
"andeq r0, r0, r4, lsl r0",1
"andeq r0, r0, r1, lsl r0",1
"andeq r0, r0, r7, lsl r0",1
"andeq r8, r0, r4, lsl 30",1
"andeq r0, r0, r1, lsl r0",1
"andeq r8, r0, r4, asr 29",1
"andeq r0, r0, r2, lsl r0",1
"andeq r0, r0, r0, asr 32",1
"andeq r0, r0, r3, lsl r0",1
"andeq r0, r0, r8",1
svcvs 0xfffffe,1
"andeq r8, r0, r4, lsl 29",1
svcvs 0xffffff,1
"andeq r0, r0, r2",1
svcvs 0xfffff0,1
"ldrdeq r8, sb, [r0], -r0",1
"andeq r0, r0, r0",1
"andeq r0, r0, r0",1
"andeq r0, r0, r0",1
"andeq r0, r0, r0",1
"andeq r0, r0, r0",1
"andeq r0, r0, r0",1
"andeq r0, r0, r0",1
"andeq r0, r0, r0",1
"andeq r0, r0, r0",1
"andeq r0, r0, r0",1
"andeq r0, r0, r0",1
"andeq r0, r0, r0",1
"andeq r5, r2, ip",1
"andeq r0, r0, r0",1
"andeq r0, r0, r0",1
"andeq sb, r0, r8, ror 2",1
"andeq sb, r0, r8, ror 2",1
"andeq sb, r0, r8, ror 2",1
"andeq sb, r0, r8, ror 2",1
"andeq sb, r0, r8, ror 2",1
"andeq sb, r0, r8, ror 2",1
"andeq sb, r0, r8, ror 2",1
"andeq sb, r0, r8, ror 2",1
"andeq sb, r0, r8, ror 2",1
"andeq sb, r0, r8, ror 2",1
"andeq sb, r0, r8, ror 2",1
"andeq sb, r0, r8, ror 2",1
"andeq sb, r0, r8, ror 2",1
"andeq sb, r0, r8, ror 2",1
"andeq sb, r0, r8, ror 2",1
"andeq sb, r0, r8, ror 2",1
"andeq sb, r0, r8, ror 2",1
"andeq sb, r0, r8, ror 2",1
"andeq sb, r0, r8, ror 2",1
"andeq sb, r0, r8, ror 2",1
"andeq sb, r0, r8, ror 2",1
"andeq sb, r0, r8, ror 2",1
"andeq sb, r0, r8, ror 2",1
"andeq sb, r0, r8, ror 2",1
"andeq sb, r0, r8, ror 2",1
"andeq sb, r0, r8, ror 2",1
"andeq sb, r0, r8, ror 2",1
"andeq sb, r0, r8, ror 2",1
"andeq sb, r0, r8, ror 2",1
"andeq sb, r0, r8, ror 2",1
"andeq sb, r0, r8, ror 2",1
"andeq sb, r0, r8, ror 2",1
"andeq sb, r0, r8, ror 2",1
"andeq sb, r0, r8, ror 2",1
"andeq sb, r0, r8, ror 2",1
"andeq sb, r0, r8, ror 2",1
"andeq sb, r0, r8, ror 2",1
"andeq sb, r0, r8, ror 2",1
"andeq sb, r0, r8, ror 2",1
"andeq sb, r0, r8, ror 2",1
"andeq sb, r0, r8, ror 2",1
"andeq sb, r0, r8, ror 2",1
"andeq sb, r0, r8, ror 2",1
"andeq sb, r0, r8, ror 2",1
"andeq sb, r0, r8, ror 2",1
"andeq sb, r0, r8, ror 2",1
"andeq sb, r0, r8, ror 2",1
"andeq sb, r0, r8, ror 2",1
"andeq sb, r0, r8, ror 2",1
"andeq sb, r0, r8, ror 2",1
"andeq sb, r0, r8, ror 2",1
"andeq sb, r0, r8, ror 2",1
"andeq sb, r0, r8, ror 2",1
"andeq sb, r0, r8, ror 2",1
"andeq sb, r0, r8, ror 2",1
"andeq sb, r0, r8, ror 2",1
"andeq sb, r0, r8, ror 2",1
"andeq sb, r0, r8, ror 2",1
"andeq sb, r0, r8, ror 2",1
"andeq sb, r0, r8, ror 2",1
"andeq sb, r0, r8, ror 2",1
"andeq sb, r0, r8, ror 2",1
"andeq sb, r0, r8, ror 2",1
"andeq sb, r0, r8, ror 2",1
"andeq sb, r0, r8, ror 2",1
"andeq sb, r0, r8, ror 2",1
"andeq sb, r0, r8, ror 2",1
"andeq sb, r0, r8, ror 2",1
"andeq sb, r0, r8, ror 2",1
"andeq sb, r0, r8, ror 2",1
"andeq sb, r0, r8, ror 2",1
"andeq sb, r0, r8, ror 2",1
"andeq sb, r0, r8, ror 2",1
"andeq sb, r0, r8, ror 2",1
"andeq sb, r0, r8, ror 2",1
"andeq r0, r0, r0",1
"andeq r5, r2, r4, asr 4",1
"andeq r0, r0, r0",1
"andeq r0, r0, r0",1
"andeq r0, r0, r0",1
"strheq fp, [r1], -r0",1
"andeq r0, r0, r6",1
"andeq fp, r1, ip, lsl 30",1
"andeq r0, r0, r0",1
"andeq r0, r0, r1",1
"andeq r0, r0, r0",1
"andeq fp, r1, r4, lsr 11",1
"andeq r0, r0, r0",1
"andeq r0, r0, r1",1
"andeq r0, r0, r0",1
"andeq r0, r0, r1",1
"andeq r0, r0, r0",1
"andeq fp, r1, r0, asr 31",1
"andeq fp, r1, r8, lsl 30",1
"andeq r0, r0, r1",1
"andeq fp, r1, r8, lsl 30",1
"andeq fp, r1, r8, ror 31",1
"andeq r0, r0, r1",1
"muleq r2, r8, r2",1
"andeq r0, r0, r1",1
"andeq r0, r0, r0, lsl 2",1
"strheq r5, [r2], -r4",1
"andeq r0, r0, r6",1
"andeq r0, r0, r0",1
"andeq r0, r0, r0",1
"andeq r0, r0, r0",1
"andeq r0, r0, r0",1
"andeq r0, r0, r0",1
"andeq r0, r0, r0",1
"andeq r0, r0, r0",1
"andeq r0, r0, r0",1
"andeq r0, r0, r0",1
"andeq r0, r0, r0",1
"andeq r0, r0, r0",1
blo 0x10e5ff4,1
"cdpmi p8, 4, c2, c7, c0, 1",1
"strtlo r2, [r0], -0x955",1
"eorlo r3, lr, 0xb80000",1
"eorseq r4, r4, r0, lsl 2",1
"strbvs r0, [r1, -0]!",1
"rsbeq r6, sb, r1, ror 4",1
"andeq r2, r0, r1, lsl 20",1
"ldchs p5, c0, [r7, -0]!",1
beq 0x195400,1
invalid,1
"movweq r0, 0xa209",1
"ldreq r0, [r2], -0x10c",1
"tsteq r4, r3, lsl r1",1
"tsteq r7, 0x40000005",1
"tsteq sb, r8, lsl r1",1
"tsteq fp, 0xa0000001",1
"andeq r0, r0, r2, lsr 2",1
"andeq r0, r0, ip, lsl r0",1
"andeq r0, r0, r2",1
"andeq r0, r4, r0",1
"andeq r0, r0, r0",1
"andeq sb, r0, r0, lsl 10",1
"andeq r0, r0, ip, lsr r0",1
"andeq r0, r0, r0",1
"andeq r0, r0, r0",1
"andeq r0, r0, r4, lsl r0",1
"adceq r0, pc, r2",1
"andeq r0, r4, r0",1
"andeq r0, r0, r0",1
"andeq r0, r0, r0",1
"andeq r0, r0, r0",1
"andeq r0, r0, ip, lsr 32",1
"teqeq r8, r2",1
"andeq r0, r4, r0",1
"andeq r0, r0, r0",1
"andeq sb, r0, ip, lsr r5",1
"andeq r0, r0, r4, lsr 32",1
"andeq sb, r0, ip, asr r1",1
"andeq r0, r0, r8",1
"muleq r1, r8, r4",1
"andeq r0, r0, r4",1
"andeq r0, r0, r0",1
"andeq r0, r0, r0",1
"andeq r0, r0, ip, lsl r0",1
invalid,1
"andeq r0, r4, r0",1
"andeq r0, r0, r0",1
"andeq sb, r0, r4, lsr r6",1
"andeq r1, r0, r8, lsr 1",1
"andeq r0, r0, r0",1
"andeq r0, r0, r0",1
"andeq r0, r0, r4, lsl r0",1
"adcshs r0, lr, 2",1
"andeq r0, r4, r0",1
"andeq r0, r0, r0",1
"andeq r0, r0, r0",1
"andeq r0, r0, r0",1
"andeq r0, r0, ip, lsl r0",1
"movwhs r0, 2",1
"andeq r0, r4, r0",1
"andeq r0, r0, r0",1
"ldrdeq sl, fp, [r0], -ip",1
"andeq r0, r0, r8, lsl r1",1
"andeq r0, r0, r0",1
"andeq r0, r0, r0",1
"andeq r0, r0, ip, lsl r0",1
"ldmdahs r7!, {r1}",1
"andeq r0, r4, r0",1
"andeq r0, r0, r0",1
"strdeq sl, fp, [r0], -r4",1
"andeq r0, r0, r0, asr 1",1
"andeq r0, r0, r0",1
"andeq r0, r0, r0",1
"andeq r0, r0, r4, lsl r0",1
"stmdbhs pc!, {r1} ^",1
"andeq r0, r4, r0",1
"andeq r0, r0, r0",1
"andeq r0, r0, r0",1
"andeq r0, r0, r0",1
"andeq r0, r0, ip, lsl r0",1
"ldmibhs r8!, {r1} ^",1
"andeq r0, r4, r0",1
"andeq r0, r0, r0",1
"strheq sl, [r0], -r4",1
"andeq r0, r0, ip, asr r0",1
"andeq r0, r0, r0",1
"andeq r0, r0, r0",1
"andeq r0, r0, ip, lsl r0",1
"cdphs p0, 7, c0, c6, c2, 0",1
"andeq r0, r4, r0",1
"andeq r0, r0, r0",1
"andeq sl, r0, r0, lsl sb",1
"andeq r0, r0, r0, asr 2",1
"andeq r0, r0, r0",1
"andeq r0, r0, r0",1
"andeq r0, r0, ip, lsl r0",1
"ldrlo r0, [r6], 2",1
"andeq r0, r4, r0",1
"andeq r0, r0, r0",1
"andeq sl, r0, r0, asr sl",1
"strheq r0, [r0], -r8",1
"andeq r0, r0, r0",1
"andeq r0, r0, r0",1
"andeq r0, r0, ip, lsl r0",1
"ldmdblo r1, {r1}",1
"andeq r0, r4, r0",1
"andeq r0, r0, r0",1
"andeq sl, r0, r8, lsl 22",1
"andeq r1, r0, r0, lsr 13",1
"andeq r0, r0, r0",1
"andeq r0, r0, r0",1
"andeq r0, r0, ip, lsl r0",1
"ldclpl p0, c0, [r6], 8",1
"andeq r0, r4, r0",1
"andeq r0, r0, r0",1
"andeq ip, r0, r8, lsr 3",1
"andeq r0, r0, r8, ror 10",1
"andeq r0, r0, r0",1
"andeq r0, r0, r0",1
"andeq r0, r0, r4, lsl r0",1
"stmdbvs r6, {r1} ^",1
"andeq r0, r4, r0",1
"andeq r0, r0, r0",1
"andeq r0, r0, r0",1
"andeq r0, r0, r0",1
"andeq r0, r0, ip, lsl r0",1
"mrrcvs p0, 0, r0, r8, c2",1
"andeq r0, r4, r0",1
"andeq r0, r0, r0",1
"andeq ip, r0, r0, lsl r7",1
"andeq r0, r0, ip, lsr 4",1
"andeq r0, r0, r0",1
"andeq r0, r0, r0",1
"andeq r0, r0, ip, lsl r0",1
"rscsvc r0, r1, 2",1
"andeq r0, r4, r0",1
"andeq r0, r0, r0",1
"andeq ip, r0, ip, lsr sb",1
"andeq r0, r0, r0, asr 32",1
"andeq r0, r0, r0",1
"andeq r0, r0, r0",1
"andeq r0, r0, ip, lsl r0",1
"strbvc r0, [r1], -2",1
"andeq r0, r4, r0",1
"andeq r0, r0, r0",1
"andeq ip, r0, ip, ror sb",1
"andeq r0, r0, r0, asr r4",1
"andeq r0, r0, r0",1
"andeq r0, r0, r0",1
"andeq r0, r0, ip, lsl r0",1
"stcvc p0, c0, [r2], -8",1
"andeq r0, r4, r0",1
"andeq r0, r0, r0",1
"andeq ip, r0, ip, asr 27",1
"andeq r0, r0, r4, lsl 8",1
"andeq r0, r0, r0",1
"andeq r0, r0, r0",1
"andeq r0, r0, ip, lsl r0",1
"orrhi r0, sb, 2",1
"andeq r0, r4, r0",1
"andeq r0, r0, r0",1
"ldrdeq sp, lr, [r0], -r0",1
"andeq r0, r0, r8, lsr 1",1
"andeq r0, r0, r0",1
"andeq r0, r0, r0",1
"andeq r0, r0, ip, lsl r0",1
"stmdahi sb!, {r1}",1
"andeq r0, r4, r0",1
"andeq r0, r0, r0",1
"andeq sp, r0, r8, ror r2",1
"andeq r0, r0, r0, rrx",1
"andeq r0, r0, r0",1
"andeq r0, r0, r0",1
"andeq r0, r0, ip, lsl r0",1
"ldchi p0, c0, [sb], -8",1
"andeq r0, r4, r0",1
"andeq r0, r0, r0",1
"ldrdeq sp, lr, [r0], -r8",1
"strheq r0, [r0], -r4",1
"andeq r0, r0, r0",1
"andeq r0, r0, r0",1
"andeq r0, r0, ip, lsl r0",1
"subls r0, fp, r2",1
"andeq r0, r4, r0",1
"andeq r0, r0, r0",1
"andeq sp, r0, ip, lsl 7",1
"andeq sp, r0, r8, ror 2",1
"andeq r0, r0, r0",1
"andeq r0, r0, r0",1
"andeq r0, r0, ip, lsl r0",1
"subshi r0, r8, r2",1
"andeq r0, r4, r1",1
"andeq r0, r0, r0",1
"strdeq sl, fp, [r1], -r4",1
"andeq r0, r0, ip, lsl 1",1
"andeq r0, r0, r0",1
"andeq r0, r0, r0",1
"andeq r0, r0, ip, lsl r0",1
"ldrbthi r0, [sp], -2",1
"andeq r0, r4, r1",1
"andeq r0, r0, r0",1
"andeq sl, r1, r0, lsl 11",1
"andeq r0, r0, r0, ror 6",1
"andeq r0, r0, r0",1
"andeq r0, r0, r0",1
"andeq r0, r0, ip, lsl r0",1
"stmibls r8!, {r1}",1
"andeq r0, r4, r1",1
"andeq r0, r0, r0",1
"andeq sl, r1, r0, ror 17",1
"andeq r0, r0, r8, asr 1",1
"andeq r0, r0, r0",1
"andeq r0, r0, r0",1
"andeq r0, r0, ip, lsl r0",1
bls 0xfe51563c,1
"andeq r0, r4, r1",1
"andeq r0, r0, r0",1
"andeq sl, r1, r8, lsr 19",1
"strdeq r0, r1, [r0], -ip",1
"andeq r0, r0, r0",1
"andeq r0, r0, r0",1
"andeq r0, r0, ip, lsl r0",1
blls 0xfe01565c,1
"andeq r0, r4, r1",1
"andeq r0, r0, r0",1
"andeq sl, r1, r4, lsr 21",1
"andeq r0, r0, r4, asr 32",1
"andeq r0, r0, r0",1
"andeq r0, r0, r0",1
"andeq r0, r0, ip, lsl r0",1
"stclls p0, c0, [r8], -8",1
"andeq r0, r4, r1",1
"andeq r0, r0, r0",1
"andeq sl, r1, r8, ror 21",1
"andeq r0, r0, r0, lsl r0",1
"andeq r0, r0, r0",1
"andeq r0, r0, r0",1
"andeq r0, r0, ip, lsl r0",1
"ldclls p0, c0, [r4, -8]",1
"andeq r0, r4, r1",1
"andeq r0, r0, r0",1
"strdeq sl, fp, [r1], -r8",1
"andeq r0, r0, r8, ror r0",1
"andeq r0, r0, r0",1
"andeq r0, r0, r0",1
"andeq r0, r0, ip, lsl r0",1
"cdpls p0, 0xc, c0, c4, c2, 0",1
"andeq r0, r4, r1",1
"andeq r0, r0, r0",1
"andeq sl, r1, r0, ror fp",1
"andeq r0, r0, r8, lsl 9",1
"andeq r0, r0, r0",1
"andeq r0, r0, r0",1
"andeq r0, r0, ip, lsl r0",1
"ldrtge r0, [r8], 2",1
"andeq r0, r4, r1",1
"andeq r0, r0, r0",1
"strdeq sl, fp, [r1], -r8",1
"andeq r0, r0, ip, lsl 8",1
"andeq r0, r0, r0",1
"andeq r0, r0, r0",1
"andeq r0, r0, ip, lsl r0",1
bge 0x1cd56fc,1
"andeq r0, r4, r1",1
"andeq r0, r0, r0",1
"andeq fp, r1, r4, lsl 8",1
"andeq r0, r0, r8, rrx",1
"andeq r0, r0, r0",1
"andeq r0, r0, r0",1
"andeq r0, r0, ip, lsl r0",1
blge 0xfed5571c,1
"andeq r0, r4, r1",1
"andeq r0, r0, r0",1
"andeq fp, r1, ip, ror 8",1
"andeq r0, r0, ip, lsr 32",1
"andeq r0, r0, r0",1
"andeq r0, r0, r0",1
"andeq r0, r0, r4, lsr 32",1
"ldcge p0, c0, [sl], 8",1
"andeq r0, r4, r1",1
"andeq r0, r0, r0",1
"andeq sb, r0, r4, ror 2",1
"andeq r0, r0, r4",1
"muleq r1, ip, r4",1
"andeq r0, r0, r4",1
"andeq r0, r0, r0",1
"andeq r0, r0, r0",1
"andeq r0, r0, fp, lsr 1",1
"andeq r0, r0, r2",1
invalid,1
"andeq r0, r0, r0",1
"andeq sb, r0, r0, lsl 10",1
"andeq sb, r0, ip, lsr r5",1
"eorvc r2, pc, lr, lsr 28",1
"cmnvc r4, 0xf0000006",1
"cmnvc sb, 0xbc000000",1
"cmnvc r0, 100, 10           ; 0x64",1
"ldclvs p1, c6, [r2, -0xbc]!",1
"cmnvs r4, pc, lsr 6",1
invalid,1
svcvs 0x682f00,1
bvs 0xbeed44,1
blvs 0x1cb2d1c,1
"stmdbvc pc!, {r0, r2, r5, r6, sl, ip, sp, lr}",1
svcvs 0x74636f,1
"ldmdbvs r5!, {r0, r1, r2, r3, r5, sb, sp, lr} ^",1
"strtvc r6, [pc], -0x46c",1
"strvc r7, [pc, -sp, rrx]!",1
svchs 0x6b726f,1
"strbtvc r7, [sp], -r1, ror 4",1
"qasxvc r6, sp, r7",1
"cdpvs p0, 2, c7, c13, c6, 3",1
"stclhs p15, c6, [lr, -0x194]!",1
"stmdbvc fp!, {r4, r5, r6, r8, sb, sl, fp, sp, lr} ^",1
"cdpvs p12, 6, c6, c9, c13, 1",1
invalid,1
invalid,1
"strvs r6, [0x00014e6e]!",1
"rsbvs r6, sb, 0x6700",1
"cdphs p15, 3, c2, c2, c3, 3",1
"eorvc r3, sp, 0xc40000",1
invalid,1
invalid,1
invalid,1
"stmdbvs ip!, {r0, r1, r2, r4, r5, r8, sb, sl, fp, sp} ^",1
invalid,1
"smlsdxmi r0, r3, r5, r7",1
invalid,1
"mrchs p0, 1, r2, c2, c3, 2",1
invalid,1
"strhi r0, [r0, 0x100]",1
"andeq r0, r0, 0",1
"andeq r1, r0, r0, lsl 8",1
"cdpeq p4, 0, c0, c1, c0, 0",1
invalid,1
"andeq r4, r0, sl, ror 30",1
"andeq r0, r0, r1, rrx",1
"andeq r0, r0, pc, asr r0",1
invalid,1
"andeq r0, r0, 0",1
"eorseq r0, pc, r2, lsl 14",1
"streq r0, [r2], -0",1
"andeq r2, r0, r7, lsl 8",1
"streq r0, [r4, -r0, lsl 4]",1
"andeq r0, r0, pc, lsl r0",1
"movwlo r0, 0x6102",1
"andeq r0, r0, 0",1
"sbceq r0, fp, r2, lsl 10",1
"streq r0, [r3], -0",1
"strbtvc r6, [lr], -0x905",1
"streq r0, [r8, -0x200]",1
"andeq r0, r0, r0",1
bne 0x1d7864,1
"andeq r0, r0, 0",1
"andeq r0, r5, r4, lsl 10",1
"streq r0, [r2], -0",1
"andeq sp, r0, r7, lsl 10",1
"stmdaeq r1, {sb}",1
"andeq r0, r0, sl, lsr r0",1
"andeq r5, r0, r4, lsl 4",1
"tsthi r8, 0, 2",1
invalid,1
"strtlt r0, [r0], 0x305",1
"strmi r0, [r5, -r1]",1
"andeq r0, r0, r0",1
"andeq r0, r0, r6, lsr 1",1
"subseq r0, r2, r2",1
invalid,1
"andeq r0, r0, r6, lsl 1",1
"andeq r0, r0, r0",1
"eorvc r2, pc, lr, lsr 28",1
"cmnvc r4, 0xf0000006",1
"cmnvc sb, 0xbc000000",1
"cmnvc r0, 100, 10           ; 0x64",1
"ldclvs p1, c6, [r2, -0xbc]!",1
"ldrbtvc r6, [r2], -0x32f",1
"subseq r2, r3, sb, ror 28",1
"stclvs p8, c6, [0x00015804]!",1
"rsbvs r2, sl, 0x194",1
"strbvs r7, [fp, -0x275]!",1
svcvs 0x792f74,1
svchs 0x6f7463,1
"stclvs p5, c7, [sb], -0x188",1
"ldclvs p15, c2, [r4, -0x190]!",1
svcvs 0x772f70,1
invalid,1
invalid,1
"ldrbtvs r2, [r6], -r1, ror 26",1
"strbvs r2, [lr, -0xd70]!",1
"eorvc r6, sp, pc, ror 28",1
invalid,1
"strbvc r6, [lr, -0x96c]!",1
"mcrvs p13, 3, r2, c7, c8, 3",1
"rsbvs r6, r1, 0x1d400000",1
"strbvs r2, [r5, -sb, ror 30]!",1
invalid,1
invalid,1
"cmnlo r2, 0xdc0",1
"stclvs p5, c6, [r7], -0xbc",1
"stclhs p2, c6, [r3, -0x1a4]!",1
invalid,1
"rsbvs r6, sb, 0x2f00",1
invalid,1
"mcrmi p0, 2, r0, c7, c5, 3",1
"movtpl r2, 0x1055",1
"eorlo r3, lr, 32, 4",1
"eorseq r2, r1, r3, lsr lr",1
"sbcshs r8, r8, r1",1
"andeq r0, r2, r0",1
"andeq r0, r0, r4, rrx",1
"andeq r0, lr, r4, lsl 2",1
"stcne p0, c0, [r1, -0]",1
"stmdage r0, {r0, r2}",1
"strlo r0, [r0], -3",1
invalid,1
invalid,1
"andeq r0, r0, 0",1
"andseq r0, sl, r8, lsl 14",1
"streq r0, [r3, -0]",1
"streq r0, [r0], -r3",1
"ldrdeq r3, r4, [r0], -r5",1
"streq r0, [r4, -r0, lsl 4]",1
"andeq r0, r0, r4, lsr 32",1
invalid,1
"andeq r0, r0, 0",1
"eorseq r0, pc, r2, lsl 14",1
"streq r0, [r2], -0",1
"andeq r1, r0, r7, lsl 30",1
"streq r0, [r1], -r0, lsl 4",1
"andeq r0, r0, r3, lsr r0",1
blgt 0x15619c,1
"streq r0, [r0], -0",1
"cdpvs p5, 6, c0, c9, c4, 0",1
"stmdaeq r2, {r2, r4, r5, r6}",1
"andeq r0, r0, r5",1
"adceq r0, sl, 0, 6",1
"strlo r0, [r7, -r0]",1
"andeq r0, r0, r8, rrx",1
"andeq r0, r5, r3, lsl 10",1
"strhi r0, [ip, 0x700]",1
"andeq r0, r0, 0",1
"andeq r0, r5, r4, lsl 10",1
"cdpls p0, 0, c0, c3, c0, 0",1
"streq r0, [r0, -r4]",1
"andeq r6, r0, sp, lsl 31",1
"streq r0, [r4, -r0, lsl 4]",1
"ldrdeq r0, r1, [r0], -r5",1
"andeq r1, r6, r3, lsl 22",1
"ldrhi r0, [r4, 0x700]",1
"streq r0, [r0, -0]",1
"rsbeq r0, ip, 4, 6",1
"strlt r0, [r7, -0]",1
"andeq r0, r0, r1, rrx",1
"adcseq r0, ip, r6, lsl 8",1
invalid,1
"andeq r3, r0, r8, lsl 20",1
"ldrbeq r0, [sl], 0x300",1
"andlo r0, r8, r0",1
"andeq r0, r0, lr, asr 1",1
"andeq sp, r4, r7, lsl 12",1
invalid,1
"andeq r0, r0, sb, lsl 5",1
"andeq r7, sp, r8, lsl 6",1
invalid,1
"andeq r0, r0, 0",1
svcvc 0x80023,1
"stmdbeq r0, {r2}",1
"strdeq fp, ip, [r0], -ip",1
"strteq r0, [r3], -0x200",1
"andeq r4, r2, r8, lsl 2",1
"ldrbtlt r0, [sp], r0, lsl 18",1
"andeq r0, r0, 0",1
blmi 0x217ac8,1
"stmdbeq r0, {r0, r1, r2}",1
"strdeq fp, ip, [r0], -lr",1
"stceq p2, c0, [r3], -0",1
"andeq r6, sb, r8, lsl 4",1
"ldrbtlt r0, [pc], r0, lsl 18 ; [0x15a50:4]=0x8d091023",1
"andeq r0, r0, 0",1
"stchi p0, c1, [sb, -0x8c]",1
"stmdbeq r0, {r0, r1}",1
"adcseq r0, r6, r0, lsl 2",1
"movwhs r0, 0x2000",1
"bfieq r0, r4, 8, 1",1
"mrseq r0, apsr",1
"andeq fp, r0, r1, lsl 12",1
"stmdane r3!, {sb}",1
"andeq sb, r1, sb, lsl 22",1
invalid,1
"strheq r0, [r0], -r6",1
"ldmdbeq ip, {r1, r8, sb, sp}",1
"andeq r0, r0, lr, ror r2",1
"strlt r0, [r1], -sb, lsl 6",1
"andeq r0, r0, 0",1
blle 0x25db20,1
"stmdbeq r0, {r0, r1}",1
"adcseq r0, r6, r5, lsl 2",1
"movwhs r0, 0x2000",1
invalid,1
"streq r0, [sb], -r0",1
"andeq fp, r0, r1, lsl 12",1
"stmdahs r3!, {sb}",1
"andeq r5, r7, sb, lsl 18",1
"mrseq r0, apsr",1
"strheq r0, [r0], -r6",1
"stmdbeq ip!, {r1, r8, sb, sp}",1
"andeq r0, r0, r3, asr 10",1
"strgt r0, [r1, -sb, lsl 18]",1
"andeq r0, r0, 2",1
invalid,1
"stmdbeq r0, {r0}",1
"sbceq r0, sp, 0xc0000002",1
"movwhs r0, 0x2000",1
"eorseq r0, sb, 52, 18",1
"stceq p0, c0, [sb, -0]",1
"andeq r6, r0, r1, lsl 2",1
"stmdalo r3!, {sb}",1
"andeq sp, r5, sb, lsl 14",1
"tsteq r1, r0, lsl 18",1
"andeq r0, r0, r1, rrx",1
"ldmdbeq ip!, {r1, r8, sb, sp}",1
"andeq r0, r0, ip, asr 5",1
bvc 0x5a728,1
"andeq r0, r0, 0",1
bhi 0x265b98,1
"stmdbeq r0, {r1}",1
"subeq r0, r5, r7, lsl r1",1
"movwhs r0, 0x2000",1
"streq r0, [ip], -r4, asr 18",1
invalid,1
"andeq r5, r0, r1, lsl 6",1
"strtmi r0, [r3], -r0, lsl 4",1
"andeq r0, r1, sb, lsl 16",1
"tsteq sb, r0, lsl 18",1
"ldrdeq r0, r1, [r0], -r3",1
"stmdbeq r7, {r1, r8, sb, sp} ^",1
"strheq r1, [r0], -sp",1
"movw r1, 0x1d09",1
"andeq r0, r0, 2",1
"andle r4, sb, r3, lsr 16",1
"stmdbeq r0, {r1}",1
"addeq r0, ip, r6, lsr 2",1
"movwhs r0, 0x2000",1
invalid,1
svchs 0x90000,1
"andeq sl, r0, r1, lsl 18",1
"stmdapl r3!, {sb}",1
"andeq sb, r7, sb, lsl 28",1
"teqeq r0, r0, lsl 18",1
"andeq r0, r0, sb, lsr 1",1
"ldmdbeq ip, {r1, r8, sb, sp} ^",1
"strdeq r0, r1, [r0], -sb",1
"stmdbge r1, {r0, r3, r8, ip, sp}",1
"andeq r0, r0, 0",1
"stcge p0, c6, [sb, -0x8c]",1
"stmdbeq r0, {r0, r1, r2}",1
"adceq r0, sb, r2, lsr r1",1
"movwhs r0, 0x2000",1
"ldreq r0, [r4, r4, ror 18]!",1
"movwlo r0, 0x9000",1
"andeq r2, r0, r1, lsl 24",1
"stmdavs r3!, {sb}",1
"andeq r0, r4, sb, lsl 28",1
"teqeq r5, r0, lsl 18",1
"andeq r0, r0, r1, rrx",1
"stmdbeq ip!, {r1, r8, sb, sp} ^",1
"ldrdeq r0, r1, [r0], -r6",1
"stmdb r1, {r0, r3, r8, sb, sl, ip, sp}",1
"andeq r0, r0, 2",1
beq 0x31c4c,1
"strheq r0, [r0], -ip",1
"strlo sb, [r7], -sb, lsl 22",1
invalid,1
"sbceq sl, r7, 0x40000002",1
invalid,1
"stmdbeq r0, {r0, r1, r2, r3, r5}",1
"andeq ip, r2, r2, lsr 15",1
"eoreq r0, r3, r0, lsl 4",1
"andeq sl, r3, r8, lsl 4",1
"stcgt p9, c0, [r3, 0]!",1
"andeq r0, r0, 2",1
"stmdals r8, {r0, r1, r5, sl}",1
"stmdbeq r0, {r1, r2, r3, r4, r5}",1
"andeq r6, r0, r7, lsr 3",1
"stmdaeq r3!, {sb}",1
"andls r0, r4, r0, lsl 12",1
"streq r0, [r0], -r2",1
"andeq ip, r0, r4, lsl 28",1
"adcseq r0, ip, r0, lsl 22",1
"rsceq r0, r3, 0",1
"strls r0, [ip, -r0]",1
"andeq r0, r0, r0",1
"stmdbhi r4, {sb, sl}",1
bleq 0x15c28,1
"strheq r0, [r0], -ip",1
"strdeq r0, r1, [r0], -sb",1
"andeq sb, r0, ip, lsl 14",1
"stceq p7, c2, [r0, -0]",1
"ldrdeq r0, r1, [r0], -r6",1
"cdpgt p12, 0, c3, c1, c9, 0",1
"streq r0, [r0], -r0",1
"andeq r0, r3, r4, lsl 22",1
"adcseq r0, ip, r0, lsl 28",1
"cdpvs p0, 0, c0, c3, c0, 0",1
"stmdaeq r0, {r1}",1
"andeq sl, r0, r6, ror 22",1
"ldreq r0, [sp], -r0, lsl 6",1
blmi 0x295c58,1
"muleq r0, lr, r0",1
"andeq fp, r0, fp, lsl 24",1
"andeq r3, r3, r0, lsl 12",1
"addseq r0, r7, r0, lsl 24",1
"andeq r0, r7, r0",1
"andeq r6, r0, pc, lsl 2",1
"orreq r0, r6, 0, 14",1
bleq 0x415c78,1
"andeq r8, r3, sb, rrx",1
"andne r0, ip, 0, 16",1
blvs 0x2d5c84,1
"andeq r0, r0, r5, lsl 6",1
"stmdaeq r0, {r1, r8, sb, sp}",1
"andeq r0, r0, r5, lsr 15",1
"rsbeq r6, r1, fp, lsl 28",1
"movwhs r0, 0x2000",1
"ldclmi p8, c0, [r0, -0x10]!",1
svcvs 0xb0000,1
"andeq r0, r0, r0, lsl 7",1
"andne r2, r8, r2, lsl 6",1
"rsbeq r6, ip, r6, ror r1",1
"rsbeq r7, r1, fp",1
"movwhs r0, 0x2000",1
"streq r0, [r6], -0xc",1
"andeq r0, r0, r1, rrx",1
"streq r0, [r6], -0x111",1
"andeq r0, r0, r6, lsl 7",1
"orrseq r0, r4, 0x6000000",1
bleq 0x495ccc,1
"strheq r0, [r0], -ip",1
"andeq r0, r0, r5, lsr 7",1
"andeq sb, r0, ip, lsl 14",1
"movweq pc, 0xf00",1
"strheq r0, [r0], -r3",1
"rsbeq r8, r8, ip, lsl 20",1
"ldreq r0, [r3], -0",1
"strgt r4, [r1], -r4, lsl 6",1
"strne r0, [r0], -3",1
"andeq r0, r0, sl, lsl 3",1
"tsteq r2, lr, ror r4",1
"rsbseq r0, sp, r0",1
"andeq r1, sb, r3, lsl 20",1
"ldchs p13, c0, [r0], -0",1
"movweq r0, 0",1
"andeq r0, r0, r0, lsl 6",1
"eoreq r3, ip, sp, lsl 6",1
"andge r0, r3, 0",1
"stceq p0, c0, [r0, -0x20]",1
"andeq r2, r0, r7, lsr ip",1
invalid,1
svcmi 0xd0000,1
"andeq r0, r0, ip, asr 32",1
"andeq r0, r7, r5, lsl fp",1
"strge r2, [sp, -r0]",1
"andeq lr, r4, r1, lsl 14",1
blhs 0xfe518138,1
blge 0x355d3c,1
"andeq lr, r4, r1, lsl 26",1
"eoreq r0, r3, r0, lsl 4",1
"eorseq r5, r2, sb, lsl 26",1
invalid,1
"ldrdeq r0, r1, [r0], -ip",1
"stmdbeq r4, {r1, r8, sb, sp}",1
"andeq r0, r0, ip, asr r0",1
invalid,1
"andeq r0, r0, 3",1
svcls 0x90823,1
"stceq p0, c0, [r0, -0xbc]",1
invalid,1
"movwhs r0, 0x2000",1
"stmdbne r8, {r2, r3, r8, fp} ^",1
invalid,1
"andeq fp, r0, r1, lsl 12",1
"eorne r0, r3, r0, lsl 4",1
"andeq pc, r0, sb, lsl 14",1
invalid,1
"strdeq r0, r1, [r0], -r3",1
"ldmdbeq r4, {r1, r8, sb, sp}",1
"andeq r0, r0, sl, lsl 19",1
invalid,1
"andeq r0, r0, 0",1
"ldrhs r1, [r6, -0x823]",1
"stceq p0, c0, [r0, -0x24]",1
"eorseq r0, r7, r8, asr 3",1
invalid,1
"stcne p2, c0, [r3], -0x7c",1
"andeq ip, r4, r6, lsl r7",1
"bicseq r0, r3, r0, lsl 26",1
"andeq r0, r0, r7, lsr r0",1
"andseq r0, sp, 4, 4",1
"ldmdapl r6, {r0, r1, r5, sl, fp, ip}",1
"stceq p0, c0, [r0, -0x14]",1
"ldrsbteq r0, [r7], -r7",1
invalid,1
"stcne p2, c0, [r3], -0x70",1
"andeq r4, r2, r6, lsl lr",1
"bicseq r0, fp, r0, lsl 26",1
"andeq r0, r0, r7, lsr r0",1
"andseq r0, fp, 4, 2",1
"ldrvc r1, [r6], -r3, lsr 24",1
"stceq p0, c0, [r0, -8]",1
"ldrsbteq r0, [r7], -pc",1
invalid,1
"stcne p2, c0, [r3], -0x68",1
"andeq ip, r5, r6, lsl pc",1
invalid,1
"andeq r0, r0, r7, lsr r0",1
"andseq r0, sb, 4, 2",1
"ldrne r1, [r6], -0xc23",1
"stceq p0, c0, [r0, -8]",1
"eorseq r0, r7, r5, ror 3",1
invalid,1
"stcne p2, c0, [r3], -0x60",1
"ldrbteq r1, [r3], r0, lsl 14",1
"streq r0, [r1], -r0",1
"andeq lr, r4, r4, lsl 14",1
"cdplo p6, 0, c0, c4, c0, 0",1
"stceq p0, c0, [r0, -0]",1
"andeq r0, r0, r6, asr 11",1
"andne lr, r1, sp, lsl 30",1
"strne r0, [r0, -3]",1
"strdeq r0, r1, [r0], -pc",1
invalid,1
"andeq r0, r0, r0, asr 10",1
"andeq r2, r3, sb, lsl 2",1
invalid,1
"ldrdeq r0, r1, [r0], -r1",1
"stmdbeq r0, {r1, r8, sb, sp}",1
"andeq r2, r0, r0, ror 14",1
"andmi pc, r1, sp, lsl 26",1
"andeq r0, r0, 5",1
"ldrvs r0, [r8, -0x423]",1
"stceq p4, c6, [r0, -0x1b8]",1
"strbeq r0, [r0, -0x1fe]",1
"movwhs r0, 0x2000",1
"streq r0, [r6], -8",1
"strdeq r0, r1, [r0], -sb",1
"stchs p4, c0, [lr, -0x64]",1
"andeq r0, r0, r3, ror r5",1
"andeq r3, r7, r4, lsl r5",1
"ldrvs r0, [r4], -r0",1
"andeq r0, r0, 7",1
"andeq r6, r6, r4, lsl r1",1
"ldmdagt r4, {r8, sl}",1
"streq r0, [r0], -6",1
"andeq r3, sb, r4, lsl sp",1
"tstmi r4, r0, lsl 6",1
invalid,1
"strbteq r0, [r0], r0, lsl 6",1
"strlo r0, [lr], -0",1
"andeq r0, r0, r6, asr 10",1
"andeq r2, r6, r7, lsl 16",1
bne 0x3d8ebc,1
"strheq r0, [r0], -r5",1
"eoreq r2, r6, r8, lsl 28",1
invalid,1
"andeq r0, r0, 0",1
invalid,1
svceq 6,1
"andeq r2, r0, sp, lsl ip",1
"strteq r0, [r3], -0x200",1
"eoreq sb, fp, r8, lsl 8",1
"ldrlt r0, [lr], -r0, lsl 30",1
"andeq r0, r0, 0",1
bne 0x17f78,1
"andeq r0, r0, r0, lsr 8",1
"ands r1, sl, r4",1
"strne r0, [r0], -5",1
"andeq r0, r0, sb, ror 10",1
"biceq r1, pc, r0, lsl 8",1
"strne r0, [r1], -0",1
"andeq r0, r0, r8, ror 3",1
"stmdaeq pc, {r1, sl, ip} ^",1
"strne r0, [r3], -0",1
"andeq r0, r0, r4, lsl 4",1
"andhs r0, r3, r4",1
"andne r0, r0, r4",1
"andeq fp, r5, r7, lsr 10",1
"rsbeq r1, r4, 0, 20",1
invalid,1
"andeq r1, r6, ip, lsr r0",1
invalid,1
"strne r0, [r0], -0",1
"strdeq r0, r1, [r0], -r1",1
"orrseq r1, fp, 0x1000000",1
"strne r0, [r2], -0",1
"andeq r0, r0, r5, lsl 19",1
"tsteq fp, r3",1
"andeq r0, r0, r0, asr r6",1
"mrsvs r6, apsr",1
"movweq r0, 0",1
"andeq r0, r0, lr, lsr 12",1
"cmpvs pc, 28, 30            ; 0x1c",1
invalid,1
"andeq r0, r0, r0",1
"cmpeq sp, 0x40000007",1
svcpl 0x20000,1
"andeq r6, r0, r1, lsl 2",1
"stmdbpl r1, {r8, sb}",1
"cdpne p0, 0, c0, c0, c6, 0",1
"andeq r0, r0, sp, ror r3",1
"ldrbeq r5, [sb], -r2, lsl 30",1
invalid,1
"andeq r0, r0, 7",1
"andeq r0, r3, pc, asr r5",1
"streq r1, [r0], -r0, lsl 30",1
"andeq ip, r0, r4, lsl 6",1
"cdppl p13, 0, c1, c1, c0, 0",1
"andeq r0, r0, 3",1
"rsbeq r0, r1, r6, ror 2",1
"mrseq r0, apsr",1
"andeq r0, r0, pc, ror r6",1
"andeq r8, r7, lr, lsl sb",1
"strbeq r0, [r6, -0x200]!",1
svcne 3,1
"andls r1, r1, r0, lsl 22",1
"movweq r0, 6",1
"rsbeq r0, r1, r4, lsl 3",1
"stcls p0, c0, [r3, -0]",1
"cdpne p0, 0, c0, c0, c6, 0",1
"andeq r0, r0, sp, ror r3",1
"ldrbeq r8, [sb], -r3, lsl 8",1
"stcne p0, c0, [r0, -0]",1
"andeq r0, r8, r1, lsl 8",1
invalid,1
"strheq r0, [r0], -r6",1
"strbeq r0, [r7], r3, lsl 2",1
"ldrls r0, [lr, -r0]",1
"streq r0, [r0, -4]",1
"andeq fp, r0, sp, ror 12",1
"biceq r1, sb, r0, lsl 28",1
"stcvs p0, c0, [r5, -0]",1
"andeq r0, r0, r5, lsl 6",1
"andlt r1, r1, 0, 26",1
"streq r0, [r0, -1]",1
"adceq r0, sb, ip, asr 2",1
"mrseq r0, apsr",1
"strdeq r0, r1, [r0], -ip",1
"andeq sb, r4, lr, lsl r7",1
"stmdbge ip, {r8, sl} ^",1
"cdpne p0, 0, c0, c0, c0, 0",1
"andeq r0, r0, r6, ror r1",1
"rsbeq r4, r1, r5, lsl 24",1
"ldrhs r0, [lr], -r0",1
"streq r0, [r0, -5]",1
"andeq r2, r0, ip, asr 24",1
invalid,1
invalid,1
"ldreq r0, [r0, fp, ror 3]!",1
"ldrtls r0, [r4], -r0",1
"strbls r0, [r0, -r0]",1
"andeq r0, r0, r0",1
"andlt r0, r1, r0",1
invalid,1
"andeq r0, r0, r2, lsr r5",1
"ldreq lr, [r7, r1, lsl 22]!",1
"eoreq r0, r0, r0",1
invalid,1
invalid,1
"andeq fp, r7, ip, ror 27",1
"andeq r7, r0, r0, lsl 6",1
"stmdbne r8, {r8, sp} ^",1
invalid,1
"strheq r0, [r0], -r6",1
"andeq r0, r0, r7, lsr 1",1
"andeq r4, r7, r2, lsr 8",1
"strbeq r0, [lr, 0x100]!",1
"stc p0, c0, [r0, -0xc]",1
"andhs r0, r0, 0",1
"strdeq r0, r1, [r0], -r5",1
"ldreq lr, [r0, r1, lsl 30]!",1
invalid,1
invalid,1
svcvc 0x96,1
"stmdavc r0, {r2, r3, r4}",1
"strhs r0, [r0], -7",1
"strvc r5, [r2, -1]",1
"eoreq r0, r3, r0",1
"stmdals r0, {r0, r1, r2, r4, r7}",1
"andls r0, r0, 0x1c",1
"strhs r0, [r0], -7",1
"strvc r5, [r2], -0x201",1
"andpl r2, r1, r0, lsl 8",1
"andeq r7, r0, r2, lsl 10",1
"addseq r1, r7, r5, lsr 16",1
"andseq fp, ip, r0, lsl 22",1
"andpl r2, r1, 0, 8",1
"stcllt p3, c0, [r8, 0x14]",1
invalid,1
"ldrths r0, [r0], -0x151",1
"mrslo r5, apsr",1
invalid,1
"andeq r8, r5, r2, lsl 2",1
"streq r0, [r4, -0x600]",1
"streq r0, [r0], -r3",1
"andeq pc, r3, r4, lsl 4",1
"rsceq r2, ip, 0, 12",1
"cdpeq p0, 0, c0, c1, c0, 0",1
"strbls r0, [r0, -r1, lsl 2]",1
"strbls r0, [ip, r0]",1
"mrseq r0, spsr",1
blpl 0x56110,1
"strhs r0, [r0, -r8]",1
"andeq r0, r0, r7, lsr r4",1
"strge r1, [r1, -1]",1
"streq r0, [r0], -r3",1
"strpl sb, [r4, -0x354]",1
svcpl 0x280493,1
"stmdami r0, {r1, r2}",1
"mulvc r0, r7, r0",1
"swpeq r0, r7, [r0]",1
"stmdaeq r5!, {r1, r4, r8}",1
"eorvc r0, sb, 0",1
invalid,1
"strhs r0, [r0, -1]",1
"andeq sb, r0, r0, ror r7",1
"ldrdeq r1, r2, [r0], -sl",1
"cmpeq r0, r4, lsr 2",1
"stcvc p4, c2, [r2, -0xc4]",1
"ldrbteq r0, [r5], r0, lsl 6",1
"movwhs r0, 0x25",1
"andeq sb, r0, r0, lsr 15",1
"strdeq r1, r2, [r0], -r8",1
"andeq r0, r0, r6, asr 16",1
"cmpeq r2, r4, lsr 2",1
invalid,1
"strlt r0, [r8, 0x305]!",1
invalid,1
"eorseq r0, r0, r0, asr r1",1
"addseq fp, r7, r5, lsr 32",1
"andseq fp, ip, r0, lsl 22",1
"mrspl r2, apsr",1
invalid,1
"eorseq r0, r1, r0, asr r1",1
"cmpeq r0, 0, 20",1
"strhi r0, [r1, -0]",1
"strvc r0, [r1, -0x101]",1
blhs 0x161c0,1
invalid,1
"ldrbeq r0, [sb], -r5, lsl 3",1
invalid,1
"andeq r0, r0, lr, asr r2",1
"mrseq r7, apsr",1
"andeq r0, r0, fp, ror 11",1
"andeq sb, r8, r1, lsl 8",1
"strbvs r2, [ip, -0xd00]!",1
"andvc r0, r1, 0x6e",1
"andeq r2, r0, r1, lsl 24",1
"cdple p0, 2, c0, c14, c0, 0",1
invalid,1
invalid,1
"andeq r1, r3, lr, lsr 14",1
invalid,1
"stcmi p1, c0, [lr], -4",1
invalid,1
invalid,1
"andeq sl, r6, sl, lsr 28",1
"teqeq sp, r0, lsl 2",1
"ldmeq r3!, {r0, r8} ^",1
bleq 0xbd61f8,1
invalid,1
invalid,1
svchs 0x300000,1
"andeq r0, r0, r7, lsl 18",1
"streq r6, [r1, -0xa01]",1
svchs 3,1
"andeq r0, r0, sp, ror r3",1
"stmdbpl r1, {r0, sb, fp, sp, lr}",1
svchs 6,1
"andeq r0, r0, sl, lsr 11",1
invalid,1
"andeq r0, r0, r0",1
"strbeq r3, [sp, r0, lsl 2]!",1
svcls 0x10000,1
"ldreq r0, [r0, r1, lsl 2]!",1
"strbls r0, [ip, r0]",1
"stcls p0, c0, [r4], -0",1
"orreq r0, r3, r0",1
"movwlo r0, 0x1000",1
"andlo r0, r0, 0xd",1
"strdeq r0, r1, [r0], -r0",1
"streq sb, [r1, -0xf01]",1
svcge 3,1
"movwlo r0, 1",1
"andeq r0, r0, pc, ror r3",1
"stmdbpl r1, {r0, r8, sp, pc}",1
"cdpgt p0, 0, c0, c0, c6, 0",1
"strlo r0, [r0], -1",1
"ldrdeq sb, sl, [r0], -r8",1
"andeq sb, r0, r4, ror 15",1
"andeq r0, r0, r2, lsl 19",1
"andeq r0, r5, pc, lsr 26",1
invalid,1
"andeq r0, r0, ip, lsr 32",1
"andeq r5, r2, r5, lsr r5",1
invalid,1
"andeq r0, r0, ip, lsr 32",1
"ldrbls r3, [r8, r1, lsl 12]",1
"strbls r0, [r4, r0]!",1
"teqvc r3, r0",1
invalid,1
"ldceq p1, c0, [r3, -0x28c]!",1
invalid,1
invalid,1
invalid,1
"rsbeq r0, r1, r3, lsr 3",1
"andseq r0, r6, 0",1
"andeq r0, r0, r0",1
"andeq r5, r8, r7, lsr fp",1
"addseq r4, r8, r0, lsl 16",1
"andeq r2, r0, r0, lsl 16",1
invalid,1
"andeq r0, r0, r1, ror 23",1
"andeq r6, r8, sb, lsr 18",1
"andeq r6, r2, r0, lsl 30",1
"ldmeq r2!, {r8, sb, sl, ip, sp}",1
invalid,1
"subeq r0, r0, r0",1
"strls r0, [r1, -0]",1
"andeq r8, sl, r1, lsl 10",1
"rsbeq r3, r0, r0, lsl 16",1
"eorsgt r0, sb, r0",1
"streq r0, [r0, -8]",1
"subseq r3, r3, 3",1
"ldmibls r4, {sb, fp, ip, sp}",1
"strbeq r0, [r3, r0]",1
"ldrtlt r0, [sl], -0",1
bne 0x1656c,1
blo 0x16380,1
"strheq sb, [r0], -ip",1
"andeq r0, r0, r3, asr 15",1
"addseq ip, sb, sl, lsr ip",1
"andeq ip, r7, r0, lsl 6",1
"ldmibls ip, {sb, fp, ip, sp} ^",1
"ldcne p0, c0, [sl, -0]",1
"ldc p0, c0, [sl], -0",1
bne 0x16590,1
"movwhs r0, 0x1d",1
"andeq sb, r0, ip, lsl 20",1
"andeq r1, r0, r8, lsr sp",1
"andeq r0, r0, pc, lsl sl",1
"cmpeq r3, r4, lsr 2",1
"andpl r2, r1, 48, 8",1
"strhs r7, [r0], -0x502",1
invalid,1
"stcvc p4, c2, [r2, -0xc0]",1
"rsbseq r0, r5, r0, lsl 4",1
bls 0x924b58,1
"ldclne p0, c0, [r0, -0]!",1
invalid,1
invalid,1
"stmdbmi r0, {r2, r3, r4}",1
"strhs r0, [r0], -0xa",1
"strlo r5, [r1, -0x201]",1
"ldrbeq r0, [r1, -0x124]",1
"movseq ip, r3",1
"andpl r2, r1, r0, lsl 8",1
"movwhs r3, 1",1
"andeq sb, r0, r8, asr 20",1
"strheq r1, [r0], -fp",1
"andeq r0, r0, r2, ror 20",1
"subseq r0, r1, 36, 2",1
invalid,1
"eorseq r0, r1, r0, asr r1",1
"addseq r5, sl, sl, lsr r4",1
"andseq r1, sp, r0, lsl 20",1
bls 0x1724ba4,1
"strbeq r0, [r3, r0]",1
"eorvc r0, r5, r0",1
"mcrvc p0, 0, r0, c0, c10, 4",1
"strhs r0, [r0], -0x1d",1
"mrslo r5, apsr",1
invalid,1
"andeq r0, r0, r5, ror r8",1
"andeq sb, r0, ip, asr r8",1
"strdeq sb, sl, [r0], -r8",1
"andne r8, r1, r1, lsl 18",1
"strlo r0, [r0], -fp",1
"andeq sb, r0, ip, asr r8",1
"strdeq sb, sl, [r0], -r8",1
"andeq r8, r8, fp, lsr r7",1
"andeq r8, r2, r0, lsl 4",1
"stmls r0, {r8, sb, sp}",1
"stcne p0, c0, [r6, 0]!",1
beq 0xff1163ec,1
invalid,1
"ldrths r0, [r2], -0x152",1
blvc 0xaa3fc,1
"strtge r0, [r3], -0",1
invalid,1
"mcrle p0, 0, r0, c0, c13, 0",1
"strhs r0, [r0], -0xa",1
"strvc r5, [r2, -0x201]",1
"andpl r2, r1, r0, lsl 8",1
"andeq r7, r0, r2, lsl 22",1
"addseq ip, r8, r3, lsr 16",1
"andseq sl, sp, r0, lsl 12",1
"andeq pc, sl, r0, lsl 16",1
"andpl r2, r1, 0, 8",1
"strhs r7, [r0], -0x502",1
blvc 0xaa430,1
"stc p0, c0, [r5], -0",1
invalid,1
"strhs r0, [r0], -0x1d",1
"strvc r5, [r2, -0x201]",1
"andpl r2, r1, r0, lsl 8",1
"andeq r7, r0, r2, lsl 22",1
"ldrtls r0, [r7], -0",1
invalid,1
"mulhi r0, r8, r0",1
invalid,1
bleq 0x1396a88,1
"eorsne r0, ip, r0",1
"streq r0, [r0], -6",1
"mullo r0, sb, r0",1
"swpeq r0, sb, [r0]",1
"eorhs r0, sb, 0xc0000008",1
blge 0x16488,1
"strhs r0, [r0, -2]",1
"andeq sb, r0, ip, lsr 18",1
"andeq r1, r0, r8, asr 27",1
"cmpeq r1, r4, lsr 2",1
"andeq r0, r0, sl, lsr r0",1
"andeq sb, r8, r7, lsr lr",1
"addseq r3, sb, r0",1
"andeq sb, r0, r0, lsl 16",1
"orreq r0, pc, r0, lsl 2",1
"andeq r0, r0, ip, lsl 23",1
"andeq r1, r6, sp, lsr r0",1
"addseq r3, sb, r0",1
"andeq fp, r0, r0",1
invalid,1
"andeq r2, r6, sb, lsr 4",1
"andeq fp, r2, r0, lsl 30",1
"ldmdbls r8!, {r8, sl, sp}",1
"stclne p0, c0, [r8]",1
invalid,1
"eorseq r0, sl, r1, asr r1",1
invalid,1
invalid,1
"stmdagt r0, {r0, r3, r4, r7}",1
invalid,1
bleq 0xff296b1c,1
"eorsne r0, sp, r0",1
invalid,1
"mul r0, sb, r0",1
invalid,1
"eorhs r0, sb, 0xc000000d",1
svcle 6,1
"strhs r0, [r0, -2]",1
"andeq sb, r0, r4, asr 18",1
"andeq r1, r0, r8, asr 27",1
"cmpeq r1, r4, lsr 2",1
"andeq r0, r0, sl, lsr r0",1
"addseq r7, sl, r5, lsr 24",1
"andseq lr, sp, r0, lsl 24",1
"mrspl r2, apsr",1
"strhs r7, [r0], -0x702",1
bvc 0xaa518,1
invalid,1
"andeq r0, r0, pc, ror r6",1
"andeq sb, r0, r4, lsl 21",1
"andeq sb, r0, r8, lsl 21",1
invalid,1
"stmdbhs r0, {r0, r1, r3}",1
"muleq r0, r1, r6",1
"strdeq r0, r1, [r0], -pc",1
bls 0xfec23538,1
bls 0xff01653c,1
"mrrceq p0, 0, r0, r3, c0",1
"stceq p0, c0, [0x00016544]!",1
invalid,1
invalid,1
"ldrpl r0, [r3, -0]!",1
invalid,1
invalid,1
"tsteq r2, 0",1
"eorslt r0, r6, r0",1
"mulgt r0, sl, r0",1
"movwlo r0, 0x9a",1
"andeq r0, r0, r1, ror r1",1
"movwlo fp, 0x1b01",1
"strhs r0, [r0], -sp",1
"movwlo r0, 3",1
"ldrdeq r0, r1, [r0], -r8",1
invalid,1
invalid,1
"andeq r0, r0, r3",1
"ldmdals r4, {r8, sb, sp}",1
"cdpne p0, 0, c0, c15, c0, 0",1
"ldcleq p0, c0, [r1], -0",1
invalid,1
invalid,1
"strhs r0, [r0], -0x1c7",1
"mrsls r5, apsr",1
blo 0x17ed8,1
"andeq sb, r0, r0, lsr 16",1
"andeq r1, r0, r0, ror sp",1
"addseq r3, r8, r3, lsr 8",1
"andseq fp, ip, r0, lsl 22",1
"andeq sb, ip, r0, lsl 26",1
"movwpl r2, 0x1400",1
"strbeq sb, [ip], -r3, lsl 2",1
"ldrbeq r0, [r2, -0x124]",1
invalid,1
"andpl r2, r1, r0, lsl 8",1
"movwhs r3, 1",1
"andeq sb, r0, r8, asr 16",1
"andeq r1, r0, r1, lsr lr",1
"strheq r0, [r0], -r6",1
"cmpeq r1, r4, lsr 2",1
"andpl r2, r1, r2, lsr r4",1
"andeq r7, r0, r2, lsl 14",1
"addseq sb, sl, sl, lsr r4",1
"andseq r7, sp, r0",1
bls 0xfea1f1f8,1
"ldcne p0, c0, [fp], 0",1
"stcleq p0, c0, [r2], 0",1
invalid,1
"ldcmi p3, c0, [r1], {0x53}",1
"andpl r2, r1, 0x6000000",1
"stcllt p3, c0, [r8, 0x14]",1
invalid,1
"eorseq r0, r0, r0, asr r1",1
"addseq sp, sl, r3, lsr 8",1
"andseq r4, lr, r0, lsl 20",1
"andeq pc, ip, r0, lsl 12",1
"andpl r2, r1, r0, lsl 8",1
"andeq r7, r0, r2, lsl 14",1
"addseq lr, sl, r3, lsr 8",1
"andseq r5, lr, r0, lsl 30",1
"andeq r0, sp, r0, lsl 20",1
"andpl r2, r1, r0, lsl 8",1
"andeq r7, r0, r2, lsl 14",1
"addseq pc, sl, sl, lsr r4",1
"andseq r7, sp, r0",1
blls 0x21fa4c,1
"ldcne p0, c0, [fp], 0",1
invalid,1
"ldcmi p3, c0, [r1], {0x53}",1
"andpl r2, r1, 0x6000000",1
"stcllt p3, c0, [r8, 0x14]",1
invalid,1
"eorseq r0, r0, r0, asr r1",1
"stmdblo r4, {sb, sl}",1
"cdpeq p0, 0, c0, c0, c13, 0",1
"andeq r0, r0, lr, lsr r0",1
"andeq sp, r7, lr, lsr 30",1
"subeq r0, sp, 0, 8",1
"stmdble lr!, {r0, r8, sb}",1
"streq r0, [r0], -8",1
"movweq r0, 0x121d",1
"andeq r7, sb, sl, lsr 2",1
"eorseq r0, r8, 0, 8",1
"stcleq p3, c0, [sp, -4]!",1
"eorgt r0, pc, r0",1
"streq r0, [r0], -2",1
"movweq r0, 0x523d",1
"cdplo p0, 0, c0, c0, c0, 0",1
"andeq r5, r4, r1, lsl 12",1
invalid,1
"andeq sb, r0, r4, lsr 24",1
"andeq sb, r0, r8, ror 28",1
"muleq r0, ip, r3",1
"andseq r6, r1, r1, lsl 8",1
"stmdaeq r2!, {r8, sp}",1
invalid,1
"andeq r0, r0, r1, rrx",1
"strheq r0, [r0], -ip",1
"andeq r3, sp, pc, lsr lr",1
"addseq r3, ip, r0",1
"addseq r6, ip, r0, lsl 8",1
invalid,1
"stmdahs r0, {r1, r2, r3}",1
"andeq r0, r0, lr, lsr 12",1
"andeq sb, r0, ip, asr 24",1
"andeq sb, r0, r4, ror 24",1
"str r4, [r2, -0xf04]",1
"stmdbhs r0, {r0, r2, r3}",1
"andeq r0, r0, ip, asr 12",1
"strdeq r0, r1, [r0], -r0",1
"andeq r4, r6, sb, lsr 2",1
"andeq r0, r4, r0, lsl 28",1
"stclls p5, c2, [r0], -0",1
"cdpne p0, 7, c0, c8, c0, 0",1
invalid,1
"ldrths r0, [r1], -0x151",1
"strvc r5, [r2], -1",1
"strhs r0, [r0, -0]",1
"andeq sb, r0, r8, asr 24",1
"strdeq r1, r2, [r0], -r8",1
"cmpeq r2, r4, lsr 2",1
invalid,1
"strblt r0, [r4, 0x305]!",1
invalid,1
"eorseq r0, r0, r0, asr r1",1
"ldrbeq r3, [pc], -r0, lsl 30 ; [0x1673c:4]=0x9c880000",1
"ldclls p0, c0, [r8], -0",1
"stcls p0, c0, [r8], {0}",1
svcge 0x10000,1
"andeq r0, r0, pc, lsr 28",1
"andeq r7, r6, sb, lsr 4",1
"andeq r2, r4, r0, lsl 2",1
"stcls p5, c2, [r8], {0}",1
"ldclne p0, c0, [sl], {0}",1
invalid,1
"eorseq r0, r1, r0, asr r1",1
"stcleq p15, c3, [r8, -0]",1
"stcls p0, c0, [r4], 0",1
"ldcls p0, c0, [ip], 0",1
invalid,1
"andeq r0, r0, sp, ror 28",1
"addseq fp, ip, r3, lsr 8",1
"andseq pc, ip, r0, lsl 16",1
"andeq r6, lr, r0, lsl 6",1
"andpl r2, r1, 0, 8",1
invalid,1
"strge r0, [r3], -0x551",1
"strhs r0, [r0], -0x1b6",1
"andlo r5, r1, r1",1
"vldmials ip!, {s6}",1
"ldcne p0, c0, [sl, -0]",1
svclo 0,1
"andeq r0, r0, r2, asr sp",1
"andeq sb, r0, r4, ror 26",1
"andeq sb, r0, r0, lsl lr",1
svceq 0xe2e201,1
"ldrtvs r0, [r6], -0",1
"mulne r0, sp, r0",1
bllo 0x16a38,1
"andeq r0, r0, r0, ror 26",1
"andeq r0, r0, pc, lsr r4",1
"andeq r5, r6, r8, lsr 30",1
"addseq r7, sp, r0, lsl 16",1
"addseq r8, sp, r0, lsl 16",1
"eorseq r0, sl, 0, 8",1
"ldrdeq r0, r1, [r0], -r1",1
"andeq r7, r6, sb, lsr 4",1
"andeq r5, r4, r0, lsl 4",1
"stcls p5, c2, [r8]",1
"ldclne p0, c0, [sl], {0}",1
invalid,1
"andgt r0, r3, r3, asr r5",1
"strhs r0, [r0], -0x1bc",1
"movweq r5, 0x5201",1
"strheq fp, [r1], -r0",1
"cmpeq r0, r4, lsr 2",1
"stmdahs r0, {r0, r4, r5}",1
"andeq r0, r0, pc, asr r6",1
"ldrdeq sb, sl, [r0], -r4",1
"andeq sb, r0, r0, ror 27",1
"streq r4, [r2], -0x404",1
"stmdbhs r0, {r0, r1, r2, r3}",1
"andeq r0, r0, r2, ror r6",1
"andeq r0, r0, r0, ror r4",1
"addseq lr, sp, r5, lsr 32",1
"andseq sp, ip, r0, lsl 20",1
"mrspl r2, apsr",1
"strhs r7, [r0], -0x402",1
"mrslo r5, apsr",1
svcpl 0x280000,1
"streq r0, [r0], -6",1
"mulne r0, lr, r0",1
"streq r0, [r0], -0x9e",1
svceq 0x370248,1
"eorvc r0, sb, 0",1
"movwhi r0, 6",1
"strhs r0, [r0, -4]",1
"andeq sb, r0, r0, lsl lr",1
"ldrdeq r1, r2, [r0], -sl",1
"subseq r0, r1, 36, 2",1
invalid,1
"eorseq r0, r1, r0, asr r1",1
"ldclls p3, c2, [r4, -0]!",1
"ldclne p0, c0, [r8], 0",1
svceq 0x580000,1
invalid,1
"ldrths r0, [r5], -0x152",1
"movweq r5, 0x5101",1
"muleq r1, r8, ip",1
"cmpeq r0, r4, lsr 2",1
"strtls r0, [r3], -0x30",1
blls 0x16b08,1
"andvc r0, r0, lr, lsl r0",1
"strhs r0, [r0], -0xf",1
"andlo r5, r1, r1, lsl 2",1
"cmpeq r0, r4, lsr 2",1
"stmdage r3!, {r0, r2, r4, r5}",1
"stmdalt r0, {r0, r2, r3, r4, r7}",1
invalid,1
"strhs r0, [r0], -0xf",1
"movwlo r5, 0x1201",1
"ldrbeq r0, [r1, -0x124]",1
invalid,1
"eorgt r0, r3, r0",1
invalid,1
"stcge p0, c0, [r0, -0x70]",1
"strhs r0, [r0], -0xf",1
"strlo r5, [r1, -0x201]",1
"ldrbeq r0, [r1, -0x124]",1
invalid,1
"andpl r2, r1, r0, lsl 8",1
blo 0x228e8,1
"ldrdeq sb, sl, [r0], -r0",1
"ldrdeq r1, r2, [r0], -sl",1
"addseq pc, sp, r3, lsr 32",1
"andseq pc, ip, r0, lsl 16",1
"andeq sp, pc, r0, lsl 14",1
"andpl r2, r1, 0, 8",1
invalid,1
"strlo r0, [r3], -0x551",1
"strhs r0, [r0], -0x1bd",1
"andlo r5, r1, r1",1
"vmlals.f32 s6, s0, s0",1
"cdpne p0, 0xd, c0, c10, c0, 0",1
"andeq r0, r0, r0",1
"addseq r7, ip, r3, lsr 8",1
"andseq pc, ip, r0, lsl 16",1
"andseq r0, r0, r0, lsl 6",1
"andpl r2, r1, 0, 8",1
invalid,1
invalid,1
"strhs r0, [r0], -0x1b6",1
"andlo r5, r1, r1",1
"ldcls p3, c2, [r8], {0}",1
"ldclne p0, c0, [r8], 0",1
"eorne r0, r4, r0",1
invalid,1
"ldrths r0, [r5], -0x152",1
"movweq r5, 0x5101",1
"andeq fp, r1, r0, lsr r6",1
"cmpeq r0, r4, lsr 2",1
"ldrtge r0, [sl], -0x30",1
bne 0x16bd0,1
"movwhs r0, 0x1d",1
"andeq sb, r0, ip, asr 25",1
"strdeq r1, r2, [r0], -r8",1
"andeq r1, r0, lr, asr 32",1
"cmpeq r2, r4, lsr 2",1
invalid,1
"ldrbtlt r0, [r0], r5, lsl 6",1
invalid,1
"eorseq r0, r0, r0, asr r1",1
"addseq sp, ip, sl, lsr r4",1
"andseq r1, sp, r0, lsl 20",1
"stclls p3, c2, [r4], 0",1
"ldclne p0, c0, [r8], 0",1
"rsbsne r0, r8, r0",1
invalid,1
"ldrths r0, [r5], -0x152",1
"movweq r5, 0x5101",1
"andeq fp, r1, r4, asr 15",1
"cmpeq r0, r4, lsr 2",1
"ldc p0, c0, [sl], -0xc0",1
bne 0x16c24,1
"movwhs r0, 0x1d",1
"strdeq sb, sl, [r0], -ip",1
"strdeq r1, r2, [r0], -r8",1
"andeq r1, r0, r2, lsr 1",1
"cmpeq r2, r4, lsr 2",1
invalid,1
"stmiblt r0, {r0, r2, r8, sb}",1
invalid,1
"eorseq r0, r0, r0, asr r1",1
"addseq r0, sp, sl, lsr r4",1
"andseq r1, sp, r0, lsl 20",1
"ldcls p3, c2, [r4, -0]",1
"ldclne p0, c0, [r8], 0",1
"sbcne r0, ip, r0",1
invalid,1
"ldrths r0, [r5], -0x152",1
"movweq r5, 0x5101",1
"andeq fp, r1, r4, lsl sl",1
"cmpeq r0, r4, lsr 2",1
"ldcne p0, c0, [sl], -0xc0",1
bne 0x16c7c,1
"movwhs r0, 0x1d",1
"andeq sb, r0, ip, lsr 26",1
"strdeq r1, r2, [r0], -r8",1
"strdeq r1, r2, [r0], -r6",1
"cmpeq r2, r4, lsr 2",1
invalid,1
blt 0x1117638,1
invalid,1
"eorseq r0, r0, r0, asr r1",1
"addseq r3, sp, sl, lsr r4",1
"andseq r1, sp, r0, lsl 20",1
"stclls p3, c2, [r4, -0]",1
"ldclne p0, c0, [r8], 0",1
invalid,1
invalid,1
"ldrths r0, [r5], -0x152",1
"movweq r5, 0x5101",1
"andeq fp, r1, ip, ror sl",1
"cmpeq r0, r4, lsr 2",1
"ldcmi p0, c0, [sl], -0xc0",1
bne 0x16cd0,1
"movwhs r0, 0x1d",1
"andeq sb, r0, ip, asr sp",1
"strdeq r1, r2, [r0], -r8",1
"andeq r1, r0, sl, asr 2",1
"cmpeq r2, r4, lsr 2",1
invalid,1
bllt 0x111768c,1
invalid,1
"eorseq r0, r0, r0, asr r1",1
"addseq r6, sp, sl, lsr r4",1
"andseq r1, sp, r0, lsl 20",1
"cdpls p5, 1, c2, c8, c0, 0",1
"cdpne p0, 0xf, c0, c2, c0, 0",1
invalid,1
"rsbseq r0, r5, r0, asr r2",1
"mrseq r0, spsr",1
"muleq r0, r8, sb",1
invalid,1
"andeq r0, r0, r1, rrx",1
"andeq sb, r0, r8, ror 28",1
"ldrdeq sl, fp, [r0], -ip",1
"muleq r0, r6, r4",1
"andseq r7, sb, r1, lsl 18",1
"stmdbeq r2, {sb, ip, sp}",1
"strgt r0, [r1], -r0",1
"andeq r6, r0, r1, lsl 2",1
"andeq ip, r4, r0, lsl 6",1
"ldmdbeq sp, {sb, ip, sp} ^",1
"strgt r0, [r1], -r0",1
"andseq r7, sb, r1, lsl 18",1
"andeq lr, r4, r0, lsl 2",1
"rsbeq r4, r3, r0, lsl 2",1
"mrsvs ip, apsr",1
invalid,1
invalid,1
"rsbeq r6, lr, ip, ror 10",1
invalid,1
"andle r0, r0, r0",1
invalid,1
invalid,1
"ldreq r0, [r0, sl, asr 3]!",1
"streq r0, [r4], -r0",1
invalid,1
invalid,1
"stmdbpl r0, {r0, r1, r5, r7}",1
"smladhs r0, r2, r0, r0",1
"strheq r0, [r0], -r8",1
"strhi r1, [r2, -0x601]",1
"andeq r0, r0, 0",1
"stmdapl r3!, {r0, r4, r7, sl, fp, lr}",1
"streq r0, [r0, -r3, lsr 1]",1
"strne r0, [r0], -0x1f",1
"strhs r0, [r0], -0x12",1
invalid,1
"andpl r2, r1, 76, 8",1
invalid,1
"ldrths r0, [r0], -0x151",1
"streq r7, [r0, -0xd02]",1
invalid,1
"eorhi r0, r3, r0",1
invalid,1
"strlo r0, [r0, -0x1c]",1
"strhs r0, [r0], -0x12",1
"strlo r5, [r1, -0x201]",1
"ldrbeq r0, [r1, -0x124]",1
invalid,1
"andpl r2, r1, r0, lsl 8",1
blo 0x22b70,1
"muleq r0, r0, r3",1
"andeq r1, r0, sb, lsr pc",1
"adceq sl, r3, r5, lsr 8",1
"andseq fp, ip, r0, lsl 22",1
"andpl r2, r1, 0, 8",1
"strhs r7, [r0], -0xa02",1
"andlo r5, r1, r1, lsl 2",1
"cmpeq r0, r4, lsr 2",1
"strlo r0, [r0], -0x30",1
"andeq sl, r0, ip, lsr 7",1
"andeq sl, r0, ip, asr 7",1
"andeq r1, r0, sp, lsr 5",1
"andeq r0, r5, pc, lsr 26",1
"eoreq r0, r5, 0, 2",1
"andeq r0, r0, ip, lsr 32",1
"andeq r5, r2, r3, lsr r5",1
"eoreq r0, r5, 0, 2",1
"andeq r0, r0, ip, lsr 32",1
"andeq r0, r0, lr, lsl 13",1
"adceq sl, r3, r6, lsr ip",1
"adceq ip, r3, r0, lsl 24",1
"cmneq r1, r0, lsl 6",1
"strhs r0, [r1, -0]",1
"andeq r3, sp, r2, lsl 6",1
"andeq sl, r6, r0, lsl 4",1
"sbcseq r3, r8, 0, 6",1
"strhs r0, [r1, -0]",1
"andeq r6, r0, r2, lsl 2",1
"andeq ip, r6, r0, lsl 22",1
"strlo r0, [r0], -0",1
"andeq sl, r0, r0, ror 7",1
"strdeq sl, fp, [r0], -r4",1
"andeq r1, r0, r1, lsl 6",1
"andeq r0, r5, pc, lsr 26",1
"eoreq r0, r7, 0, 2",1
"andeq r0, r0, ip, lsr 32",1
"andeq r5, r2, r3, lsr r5",1
"eoreq r0, r7, 0, 2",1
"andeq r0, r0, ip, lsr 32",1
"andeq r0, r0, sb, asr r7",1
"adceq lr, r3, r6, lsr r0",1
"adceq pc, r3, r0, lsl 8",1
"cmneq r1, r0, lsl 6",1
"strhs r0, [r1, -r0]",1
"andeq r3, sp, r2, lsl 6",1
"andeq r6, r7, r0, lsl 26",1
"sbcseq r3, r8, 0, 6",1
"strhs r0, [r1, -r0]",1
"andeq r6, r0, r2, lsl 2",1
"andeq r8, r7, r0, lsl 22",1
"strlo r0, [r0], -0",1
"andeq sl, r0, ip, lsl 8",1
"andeq sl, r0, r4, lsl r4",1
"andeq r1, r0, sp, asr 6",1
"andeq r0, r5, pc, lsr 26",1
"eoreq r0, sb, 0, 2",1
"andeq r0, r0, ip, lsr 32",1
"andeq r5, r2, pc, lsr 10",1
"eoreq r0, sb, 0, 2",1
"andeq r0, r0, ip, lsr 32",1
"adceq r0, r4, r6, lsr ip",1
"adceq r1, r4, r0, lsl 8",1
"cmneq r1, r0, lsl 30",1
invalid,1
"andeq r3, sp, r2, lsl 6",1
"sbcseq r3, r8, 0, 6",1
invalid,1
"andeq r6, r0, r2, lsl 2",1
"andeq lr, r7, r0, lsl 8",1
invalid,1
"muleq r0, sp, r6",1
"andeq sl, r0, r0, lsr 10",1
"andeq sl, r0, r8, lsr 10",1
"andhi r4, r2, 0x400000",1
"andmi r0, r0, 0x13",1
"strheq r0, [r0], -fp",1
"eorlt r5, sb, r1, lsl 22",1
invalid,1
"strhs r0, [r0, -8]",1
"andeq sl, r0, r8, lsr 10",1
"andeq r1, r0, r1, asr pc",1
"subseq r0, r1, 36, 2",1
"andeq r0, r0, fp, ror r0",1
"andeq sb, r6, r8, lsr 26",1
"adceq r2, r5, r0, lsl 16",1
"adceq r3, r5, r0",1
"subeq r0, r5, 0, 2",1
"strheq r1, [r0], -r7",1
"andeq fp, r6, r2, asr 22",1
"ldmdbhs fp, {r8} ^",1
"strheq r0, [r0], -r0",1
"andeq r0, r0, pc, lsr 16",1
"adceq r3, r5, r5, lsr 32",1
"andseq r5, pc, r0, lsl 2",1
"mrspl r2, apsr",1
"andeq r7, r0, r2, lsl 22",1
"ldreq r2, [sp], r0, lsl 16",1
"ldrge r0, [r0, -0]!",1
"ldrge r0, [r8, -0]!",1
"strmi r0, [r1, -0]",1
"andseq lr, r3, r2, lsl 24",1
"ldrteq r4, [fp], r0, lsl 4",1
blpl 0x56d08,1
"andeq fp, r6, sb, lsr 32",1
"andeq r4, r8, r0, lsl 4",1
"ldrge r2, [r8, -0x500]!",1
svcne 0x720000,1
invalid,1
"rsbseq r0, fp, r1, asr r2",1
"stcls p0, c0, [r8, -0]!",1
invalid,1
"strpl r0, [r0], -0xa5",1
"smlatbeq r0, r5, r0, r0",1
"strtne r0, [r3], -0x249",1
bllt 0xa56d38,1
"strpl r0, [r0, -6]",1
"stmdbhs r0, {r3}",1
"strheq r0, [r0], -r0",1
"andeq r0, r0, r8, ror 16",1
"adceq r5, r5, r5, lsr 8",1
"andseq r5, pc, r0, lsl 2",1
"mrspl r2, apsr",1
"andeq r7, r0, r2, lsl 18",1
"ldreq r2, [sp], r0, lsl 16",1
"ldrbge r0, [r4, -0]",1
"ldrbge r0, [ip, -0]",1
invalid,1
"andseq r5, r4, r2, lsl 20",1
"ldrteq r2, [fp], r0, lsl 18",1
invalid,1
"eorlt r0, sb, r0",1
"cdphi p0, 0, c0, c0, c6, 0",1
"strhs r0, [r0, -8]",1
"andeq sl, r0, ip, asr r5",1
"andeq r1, r0, r2, ror pc",1
"subseq r0, r1, 36, 2",1
"andeq r0, r0, sb, ror r0",1
"andeq sb, r6, r8, lsr 26",1
"adceq r6, r5, r0, lsl 24",1
"adceq r7, r5, r0, lsl 8",1
"subeq r0, sp, 0, 2",1
"andeq r1, r0, sl, lsl 9",1
"andeq fp, r6, sb, lsr 22",1
"andeq sl, r8, r0, lsl 2",1
"ldrteq r2, [r0], r0, lsl 18",1
invalid,1
"ldrtvc r0, [sl], -0",1
"andvc r0, r0, 0xa5",1
"andeq r0, r0, pc, lsl r0",1
"andeq ip, r6, r8, lsr 14",1
"adceq sl, r5, r0, lsl 8",1
"adceq fp, r5, r0",1
"subseq r0, r5, 0, 2",1
"andeq r1, r0, sp, asr 9",1
"andeq pc, r6, sb, lsr 32",1
"andeq ip, r8, r0, lsl 22",1
"strbteq r4, [r5], r0, lsl 6",1
invalid,1
"ldrdeq r0, r1, [r0], -sl",1
"strdeq r0, r1, [r0], -r2",1
"adceq fp, r5, r5, lsr 32",1
"andseq sb, pc, r0, lsl 6",1
"mrspl r2, apsr",1
"strths r0, [r0], -0x802",1
"stmdbvc r2, {r0, ip, lr}",1
blo 0x16e04,1
"andeq sb, r0, r0, lsl 29",1
"strheq r1, [r0], -sb",1
"addseq r8, lr, r3, lsr 24",1
"andseq sb, lr, r0, lsl 22",1
"andseq pc, r4, r0, lsl 4",1
"mrspl r2, apsr",1
"ldcllt p3, c0, [r4, -0x14]!",1
invalid,1
"eorseq r0, r6, r0, asr r1",1
"addseq sb, lr, r3, lsr 24",1
"andseq ip, pc, r0, lsl 26",1
"andseq r0, r5, r0, lsl 30",1
"mrspl r2, apsr",1
"ldcllt p3, c0, [r8, -0x14]!",1
invalid,1
"rsbseq r0, r5, r0, asr r2",1
"cdpls p3, 0xa, c2, c4, c0, 0",1
svcne 0xea0000,1
"strne r0, [r3, -0]!",1
invalid,1
"rsbseq r0, r5, r0, asr r2",1
"vfmals.f32 s6, s24, s0",1
"andhs r0, r2, r0",1
invalid,1
invalid,1
"cdpmi p0, 0, c0, c0, c6, 0",1
"strhs r0, [r0], -0x15",1
"stmdavc r3, {r0, sb, ip, lr}",1
"smulwbeq r4, r4, r1",1
"ldrbt r0, [r8], -0x351",1
"andpl r2, r1, r0, lsl 8",1
"eorseq r7, r4, r2, lsl 14",1
"adceq pc, r0, r3, lsr 24",1
"andseq pc, ip, r0, lsl 16",1
"andseq r6, r5, r0, lsl 20",1
"andpl r2, r1, 0, 8",1
invalid,1
"stmdage r3, {r0, r4, r6, r8, sl}",1
"strheq r0, [r0], -sp",1
"adceq r0, r1, sl, lsr ip",1
"andseq r3, pc, r0, lsl 18",1
invalid,1
"ldcne p0, c0, [fp], 0",1
"ldrne r0, [r1]",1
invalid,1
"rsbseq r0, sl, r2, asr r2",1
"cmpeq r1, r4, lsr 2",1
"andpl r2, r1, r0, lsr r4",1
"movwhs r3, 1",1
"andeq sl, r0, r8, lsr r1",1
"strdeq r0, r1, [r0], -ip",1
"strheq r1, [r0], -r3",1
"cmpeq r2, 36, 2             ; 0x24",1
"strhs sl, [r3], -0x478",1
"stmdavc r3, {r0, r8, ip, lr}",1
"smlawteq r4, r4, r0, r0",1
"rsbslo r0, r7, r0, asr r2",1
"mrsge r2, SPSR_mon",1
"ldclne p0, c0, [r8], 0",1
"strbne r0, [pc]",1
invalid,1
"ldrths r0, [r5], -0x152",1
"movweq r5, 0x5101",1
"andeq fp, r1, ip, asr 27",1
"cmpge ip, r0, lsl 20",1
svcne 0x390000,1
"eorvc r0, r3, r0",1
bllt 0x17198,1
invalid,1
"strhs r0, [r0], -0x15",1
bvc 0xab724,1
"mrspl r2, apsr",1
invalid,1
"eorseq r0, r0, r0, asr r1",1
"adceq r8, r1, r3, lsr 16",1
"andeq pc, r6, r0, lsl 24",1
"andseq r1, r6, r0, lsl 14",1
"andpl r2, r1, 0, 8",1
"streq r7, [r4, 0x803]!",1
"subseq r0, r1, 36, 2",1
invalid,1
"ldcllo p2, c0, [r7], -0x140",1
"orrsge r2, ip, r0, lsl 6",1
"ldclne p0, c0, [r8], 0",1
"ldrtne r0, [r3], -r0",1
invalid,1
"ldrths r0, [r5], -0x152",1
"movweq r5, 0x5101",1
"strdeq fp, ip, [r1], -r0",1
invalid,1
svcne 0x390000,1
"eorgt r0, r3, r0",1
bllt 0x171fc,1
bpl 0x16fec,1
"strhs r0, [r0], -0x16",1
bvc 0xab788,1
"mrspl r2, apsr",1
invalid,1
"eorseq r0, r0, r0, asr r1",1
"adceq lr, r1, r3, lsr 16",1
"eoreq r1, r0, r0, lsl 22",1
"andseq r8, r6, r0, lsl 4",1
"movwpl r2, 0x1400",1
"strths r7, [r0], -0x702",1
blo 0x6b7ac,1
"cmpeq r1, r4, lsr 2",1
"stcvc p4, c2, [r2, -0xc0]",1
"strvc r0, [r3], -0x500",1
"strheq r0, [r0], -sp",1
"adceq r0, r2, r3, lsr 32",1
"andseq pc, ip, r0, lsl 16",1
"andseq sl, r6, r0, lsl 6",1
"andpl r2, r1, 0, 8",1
invalid,1
"strne r0, [r3], -0x551",1
"strhs r0, [r0], -0x1be",1
"andlo r5, r1, r1",1
"andsge r3, r0, 0, 20",1
svcne 0x390000,1
"strths r0, [r3], -0",1
bllt 0x17270,1
bgt 0x1705c,1
"strhs r0, [r0], -0x16",1
bvc 0xab7f8,1
"mrspl r2, apsr",1
invalid,1
"eorseq r0, r0, r0, asr r1",1
"adceq r4, r2, r3, lsr 24",1
"eoreq r1, r0, r0, lsl 22",1
"andseq pc, r6, r0, lsl 4",1
"movwpl r2, 0x1400",1
"ldrhs r7, [r0], -0x702",1
blo 0x6b81c,1
"cmpeq r1, r4, lsr 2",1
"stcvc p4, c2, [r2, -0xc0]",1
"strvc r0, [r3], -0x500",1
"strheq r0, [r0], -sp",1
"adceq r7, r2, r3, lsr 16",1
"andseq pc, ip, r0, lsl 16",1
"andseq r1, r7, r0, lsl 6",1
"andpl r2, r1, 0, 8",1
invalid,1
"stmdalo r3, {r0, r4, r6, r8, sl}",1
"strhs r0, [r0], -0x1be",1
"andlo r5, r1, r1",1
"addge r3, r8, 0, 20",1
svcne 0x390000,1
"stcls p0, c0, [r3], -0",1
bllt 0x172e0,1
blo 0x170cc,1
"strhs r0, [r0], -0x17",1
bvc 0xab868,1
"mrspl r2, apsr",1
invalid,1
"eorseq r0, r0, r0, asr r1",1
"adceq sp, r2, r3, lsr 32",1
"eoreq r1, r0, r0, lsl 22",1
"andseq r6, r7, r0, lsl 4",1
"movwpl r2, 0x1400",1
"strhs r7, [r0], -0xb02",1
blo 0x6b88c,1
"cmpeq r1, r4, lsr 2",1
"stcvc p4, c2, [r2, -0xc0]",1
"strvc r0, [r3], -0x500",1
"strheq r0, [r0], -sp",1
"adceq pc, r2, r3, lsr 24",1
"andseq pc, ip, r0, lsl 16",1
"andseq r8, r7, r0, lsl 6",1
"andpl r2, r1, 0, 8",1
invalid,1
invalid,1
"strhs r0, [r0], -0x1be",1
"andlo r5, r1, r1",1
"movwge r3, 0xca00",1
svcne 0x390000,1
"eorhs r0, r3, r0",1
bllt 0x17354,1
bge 0x1713c,1
"strhs r0, [r0], -0x17",1
bvc 0xab8d8,1
"mrspl r2, apsr",1
invalid,1
"eorseq r0, r0, r0, asr r1",1
"adceq r3, r4, r3, lsr 16",1
"andseq pc, ip, r0, lsl 16",1
"andseq ip, r7, r0, lsl 22",1
"andpl r2, r1, 0, 8",1
invalid,1
"strge r0, [r3], -0x551",1
"strhs r0, [r0], -0x1be",1
"andlo r5, r1, r1",1
"strbge r3, [r8], -0xa00",1
svcne 0x390000,1
"stcpl p0, c0, [r3], -0",1
bllt 0x173a0,1
"vqadd.s8 d0, d0, d12",1
"strhs r0, [r0], -0x17",1
bvc 0xab920,1
"mrspl r2, apsr",1
invalid,1
"eorseq r0, r0, r0, asr r1",1
"adceq r7, r4, r3, lsr 24",1
"andeq r6, sp, r0, lsl 26",1
"andseq r0, r8, r0, lsl 10",1
"andpl r2, r1, r0, lsl 8",1
"movwhs r3, 1",1
"strheq sl, [r0], -r0",1
"andeq r2, r0, sp, asr 32",1
"andeq r1, r0, r0, asr 16",1
"ldrbeq r0, [r2, -0x124]",1
invalid,1
"mrspl r2, apsr",1
"cdplt p3, 0xc, c0, c8, c5, 0",1
"eoreq r0, r4, 1",1
"strvc r0, [r2], -0x87d",1
"stcvc p4, c2, [r2, -0]",1
invalid,1
"strhs r0, [r0], -0x1be",1
"streq r7, [r0, -0xd02]",1
invalid,1
invalid,1
"vhadd.s8 d0, d16, d20",1
"strpl r0, [r0], -0x1e",1
"strhs r0, [r0], -0x18",1
"strvc r5, [r2], -1",1
invalid,1
"smlatbvc r0, r4, r0, r0",1
"movwhi r0, 0x20",1
"strhs r0, [r0], -0x18",1
"strvc r5, [r2, -0x301]",1
"andpl r2, r1, 32, 8",1
"cdplt p3, 0xe, c0, c12, c5, 0",1
invalid,1
"rsbseq r0, r4, r1, asr r2",1
"subseq r0, r0, 36, 2",1
"eoreq r0, r4, 0x76",1
"andlo r0, r1, sp, ror r0",1
"ldrbtge r2, [r0], 0x300",1
"stcleq p0, c0, [sp, -0]!",1
invalid,1
invalid,1
"eorseq r0, r1, r0, asr r1",1
"adceq pc, r4, sl, lsr ip",1
"andseq r7, ip, r0, lsl 30",1
"ldrge r2, [r8, -0x300]",1
"adcshs r0, r3, r0",1
invalid,1
invalid,1
"rsbseq r0, r8, r0, asr r7",1
invalid,1
"strtmi r0, [r3], -1",1
"movwlt r0, 0xa5",1
invalid,1
"strhs r0, [r0], -0x18",1
"stmdbvc r2, {r0, ip, lr}",1
"stmdavs r3!, {r0}",1
"movwlt r0, 0xa5",1
"and r0, r0, r0, lsr 32",1
"strhs r0, [r0], -0x18",1
"stmdavc r2, {r0, ip, lr}",1
"stcvc p0, c0, [r3], -4",1
blgt 0x174b0,1
"vst4.8 {d0, d1, d2, d3}, [r0:0x80], r0",1
"strhs r0, [r0], -0x18",1
"strvc r5, [r2, -1]",1
"ldrthi r0, [sl], -0xc",1
svcvc 0xa5,1
blo 0x172a4,1
"muleq r0, r8, r5",1
"strheq r2, [r0], -r3",1
"adceq pc, r5, r3, lsr 16",1
"andeq pc, r8, r0, lsl 6",1
"andseq r1, sb, r0, lsl 26",1
"andpl r2, r1, r0, lsl 8",1
svclt 0x40305,1
blo 0x17258,1
"andeq sl, r0, r8, lsl 12",1
"strdeq r0, r1, [r0], -r3",1
"adceq r4, r6, sl, lsr r8",1
"andseq r5, lr, r0, lsl 30",1
"ldrbge r3, [r4], -r0, lsl 20",1
"ldclne p0, c0, [r0, -0]!",1
invalid,1
bllt 0x1750c,1
"strpl r0, [r0], -0x1c",1
"strhs r0, [r0], -0x19",1
"movweq r5, 0x5201",1
"andeq fp, r1, r4, lsl 30",1
"cmpeq r0, r4, lsr 2",1
"strtvc r0, [r5], -0x31",1
"vhadd.s8 d0, d16, d22",1
"strhs r0, [r0], -0x1e",1
"andslo r5, r6, r1",1
invalid,1
"strbhs r4, [fp], -0x31",1
"andmi r7, r0, r2, lsr 20",1
"stchs p4, c2, [r2, -0x12c]!",1
"strne r0, [r0], -r8, lsr 2",1
invalid,1
"andeq fp, r0, r4, lsl 12",1
"streq r4, [r7, 0x400]",1
svchs 0x10000,1
"muleq r0, r0, sb",1
"ldrtlt r0, [r0], 0x305",1
"strhs r0, [lr], -r1",1
bleq 0x172d8,1
"strheq r0, [r0], -ip",1
"andeq r1, r0, r5, lsr 19",1
"andeq sb, r0, ip, lsl 14",1
"strmi r0, [r0], -0x800",1
"strheq r0, [r0], -r3",1
"ldmibne r6!, {r0, sb, ip, sp}",1
"movweq r0, 0x5000",1
"strheq fp, [r1], -r8",1
"andseq sb, sb, lr, lsl 10",1
"ldreq r4, [r4], -0x400",1
"strlo r0, [r1, -0]",1
"andeq r1, r0, ip, asr 19",1
"strtlt r0, [r4], 0x305",1
"strls r0, [lr, -1]",1
bleq 0x1736c,1
"strheq r0, [r0], -ip",1
"andeq r1, r0, r1, ror 19",1
"andeq sb, r0, ip, lsl 14",1
"strmi r0, [r0], -0x200",1
"andeq r0, r0, r7, lsl 17",1
"ldmibne r2!, {r0, fp, ip, sp} ^",1
"movweq r0, 0x5000",1
"andeq fp, r1, r4, lsr 11",1
"andseq sp, sb, lr, lsl 2",1
"strbeq r4, [lr, 0x400]!",1
"andmi r0, r1, 0",1
"andeq r0, r0, r5, lsl 6",1
"rsbspl r0, r8, 0x14000000",1
"mrslo r0, spsr",1
invalid,1
"andeq r0, r3, r5, asr 10",1
invalid,1
"strmi r0, [r0], -0x252",1
"andeq r0, r0, r1, ror r3",1
"movweq r4, 0x5801",1
"movweq r0, 0x5000",1
"andeq r5, r2, r4, lsl 5",1
"andeq r0, sb, r4, asr 26",1
"strbeq r0, [fp, -0x100]",1
"streq r0, [r0, -3]",1
"subseq r4, r3, 3",1
"ldmdaeq r7, {sl, lr}",1
"cdpmi p0, 0, c0, c1, c0, 0",1
"strdeq r0, r1, [r0], -r2",1
"movtpl r0, 0x4305",1
"stclpl p0, c0, [r4, -8]",1
invalid,1
"andeq pc, r3, r1, asr r2",1
"strvs r0, [r3], -0x500",1
"strmi r0, [r0], -0x253",1
"strheq r0, [r0], -fp",1
invalid,1
"movweq r0, 0x5000",1
"andeq r5, r2, r4, lsl 7",1
"andeq r7, r5, r4, asr 8",1
"ldrbls r0, [r7, -0x100]",1
"streq r0, [r0, -3]",1
"subseq sl, r4, 0x3000000",1
"ldmdaeq r2!, {sl, lr}",1
invalid,1
"muleq r0, r5, r3",1
invalid,1
blvc 0x11173d0,1
invalid,1
"andeq sb, r3, sb, asr r5",1
"strge r0, [r3], -0x500",1
"strmi r0, [r0], -0x255",1
"strheq r0, [r0], -r8",1
"ldreq r5, [sp, r1, lsl 24]!",1
"movweq r0, 0x5000",1
"andeq r5, r2, ip, lsr r3",1
"andeq ip, r8, r4, asr 22",1
"ldrbeq r0, [0x000172f0]     ; [0x172f0:4]=0x35010000",1
"streq r0, [r0, -3]",1
"subseq r5, r2, 3",1
invalid,1
"andvs r0, r1, 0",1
"andeq r0, r0, r5, lsl 6",1
"rsbpl r0, r0, 0x14000000",1
"stmdb r4, {r1} ^",1
invalid,1
"andeq fp, r0, r5, ror 12",1
invalid,1
"strmi r0, [r0], -0x253",1
"ldrdeq r0, r1, [r0], -pc",1
"eoreq r6, ip, r1, lsl 16",1
"movweq r0, 0x5000",1
"andeq r5, r2, r8, lsl r3",1
"andeq r2, r8, r4, asr 18",1
"strbtlt r0, [fp], -r0, lsl 2",1
"streq r0, [r0, -0]",1
"subseq r2, r3, 0x3000000",1
"rsceq r4, sl, r0, lsl 8",1
"cdpvs p0, 0, c0, c1, c0, 0",1
"andeq r0, r0, ip, lsr 32",1
invalid,1
svchs 0x440002,1
invalid,1
"andeq fp, r0, r1, ror r6",1
invalid,1
"strmi r0, [r0], -0x253",1
"andeq r0, r0, r1, asr 6",1
"eoreq r7, ip, r1, lsl 8",1
"movweq r0, 0x5000",1
"andeq r5, r2, r8, lsr 6",1
"andeq lr, r6, r4, asr 20",1
"cdpvc p1, 7, c0, c7, c0, 0",1
"streq r0, [r0, -5]",1
"subseq r0, r3, 0x300",1
"mrseq r4, spsr",1
bvc 0x57488,1
"strheq r0, [r0], -r6",1
"teqpl r8, 0x14000000",1
bvs 0x111749c,1
invalid,1
"andeq sl, r3, sp, ror r5",1
"stmdavs r3, {r8, sl}",1
"strmi r0, [r0], -0x252",1
"andeq r0, r0, r0, lsr 5",1
invalid,1
"movweq r0, 0x5000",1
"andeq r5, r2, r8, asr r2",1
"andeq r4, r8, r4, asr 2",1
"addlt r0, r3, r0, lsl 2",1
"streq r0, [r0, -7]",1
"subseq r8, r2, 3",1
"ldreq r4, [r8, -0x400]!",1
"strhi r0, [r1], -r0",1
"andeq r0, r0, r5, lsr 7",1
"rsbspl r0, r0, 0x14000000",1
"mrseq r0, spsr",1
invalid,1
"andeq r6, r0, sb, lsl 3",1
invalid,1
"strmi r0, [r0], -0x252",1
"andeq r0, r0, r0, lsr 13",1
"movweq r8, 0x5c01",1
"movweq r0, 0x5000",1
"andeq r5, r2, r8, asr 4",1
"andeq r3, r4, r4, asr 24",1
"strge r0, [0x00017600]",1
"streq r0, [r0, -3]",1
"subseq r0, r3, 3",1
"ldrbeq r4, [sb, -r0, lsl 8]!",1
"andls r0, r1, 0",1
"strheq r0, [r0], -r0",1
"movwpl r0, 0x8305",1
bllo 0x2d7524,1
"vst4.8 {d0, d1, d2, d3}, [r0], r3",1
invalid,1
"muleq r0, r7, r0",1
"strbhs r0, [r4], -sp",1
invalid,1
"mulseq ip, r4, r5",1
"strgt r0, [r3], -0x500",1
"mcreq p1, 0, r0, c0, c4, 5",1
"andeq r1, r0, r4, ror 23",1
"andeq r8, r7, r5, asr 6",1
"stcgt p8, c0, [r8, 0]!",1
invalid,1
beq 0x8e8954,1
invalid,1
"andeq r0, r0, sp, asr 5",1
"strbne r0, [r5], -r1, lsl 2",1
"stmdaeq r0, {r0, r2}",1
"andeq ip, r2, sl, lsr 27",1
"strmi r0, [r1, -0x100]",1
"andeq r0, r0, ip, asr r4",1
"adcseq r3, r6, fp, lsl 20",1
"mrseq r0, apsr",1
"andeq r6, r4, r5, asr 6",1
invalid,1
invalid,1
"biceq r4, r6, 0x400000",1
"tsteq r1, r0",1
"andeq r0, r0, r5, lsl 6",1
"cdpgt p1, 4, c0, c5, c1, 0",1
"andne r0, r0, 3",1
"andeq r3, r3, r2, lsl r6",1
"strmi r0, [r1, -0x100]",1
"andeq r0, r0, lr, lsr r1",1
"movweq r2, 0x5013",1
"mrseq r0, apsr",1
"andeq r2, r2, r5, asr 6",1
"ldrb r0, [sl, r0, lsl 26]",1
invalid,1
invalid,1
"strne r0, [r0], -5",1
invalid,1
invalid,1
"muleq r0, r8, ip",1
"andeq r0, r3, r7, asr 10",1
"mrseq r0, spsr",1
"andeq r0, r0, lr, ror 9",1
invalid,1
"andeq r0, r0, r5, lsl 6",1
"andseq fp, ip, r1, lsl 22",1
"movweq r4, 0x5700",1
"mcrrhs p0, 0, r0, r7, c0",1
"strmi r0, [r0, -r0]",1
"strheq r0, [r0], -sp",1
"mrsgt r4, apsr",1
"strne r0, [r0], -sb",1
ble 0x57aa4,1
"smladmi r0, ip, r0, r0",1
"andeq r0, r0, r1, rrx",1
"andeq r6, r0, r7, asr 2",1
"movweq r4, 0x5700",1
"andseq r0, pc, r0",1
"adcseq r0, r3, 0x40000012",1
"strpl r0, [r2, -r0]",1
"andeq r6, r0, r1, lsl 2",1
"ldclne p1, c0, [r8], 0",1
"mrsvs r0, spsr",1
"strmi r0, [r0, -r0]",1
"andeq r0, r0, r5, lsl 6",1
invalid,1
"muleq r0, r6, r2",1
invalid,1
invalid,1
"andeq r1, r0, sl, lsl sp",1
"andeq r0, r3, r7, asr 10",1
"movweq r4, 0x5700",1
"mrsvs r0, spsr",1
"andeq r0, r0, r0",1
"stmdbeq lr, {r1, r2, r6, r8} ^",1
"strle r0, [r8], -r0",1
"rsbeq r0, r1, r2, lsl 2",1
invalid,1
"smladmi r0, sp, r0, r0",1
"andeq r0, r0, r5, lsl 6",1
"andeq r5, r6, r7, asr 18",1
"mrseq r0, spsr",1
"andeq r0, r0, sb, ror r8",1
invalid,1
"strdeq r0, r1, [r0], -sb",1
"andseq r6, sp, r1, lsl 20",1
"ldreq r4, [sp, r0, lsl 14]!",1
"strbeq r0, [r7, -0]",1
"strmi r0, [r0, -r3]",1
"andeq r0, r0, r6, asr 7",1
"andeq ip, r3, r7, asr 12",1
"ldrbteq r4, [sb], 0x700",1
bvs 0x11d769c,1
"andeq r0, r0, sp, lsl r0",1
"streq r0, [r5, -0x406]",1
"mrseq r0, spsr",1
"andeq r0, r0, sp, lsl r7",1
"andhi r3, r1, pc, lsl r2",1
invalid,1
"streq r0, [r0], r6, asr 2",1
"movw r0, 0x8000",1
"eoreq r0, ip, r2, lsl 2",1
"strge r0, [r1], -r0",1
"smladmi r0, sp, r0, r0",1
"andeq r0, r0, lr, lsl 7",1
"andeq r2, r0, r7, asr 24",1
"eoreq r4, ip, r0, lsl 14",1
invalid,1
"andeq r0, r0, r6",1
"streq r0, [lr, -sb, asr 2]!",1
"tstmi r4, r0",1
"andeq r6, r0, r1, lsl 2",1
"stclne p1, c0, [r8]",1
"cdphi p0, 4, c0, c7, c0, 0",1
"strmi r0, [r0, -r3]",1
"andeq r0, r0, lr, lsl 7",1
"andeq r2, r0, r7, asr 24",1
"mrseq r0, spsr",1
"andeq r0, r0, ip, lsl 9",1
"mrseq r8, apsr",1
"andeq r0, r0, r1, rrx",1
"andseq lr, sp, r1, lsl 12",1
"stclne p7, c4, [r6, 0]!",1
"mrsvs r0, spsr",1
"andeq r0, r0, r0",1
"rscseq r0, sb, 0x6000000",1
"mrseq r0, spsr",1
"andeq r0, r0, r4, lsr 12",1
"stmdbeq r1, {r0, r1, r2, r3, ip, sp}",1
invalid,1
"andeq r1, r0, sb, lsl 28",1
"andseq r0, lr, r7, asr 18",1
"ldrbeq r4, [sb], -r0, lsl 14",1
"streq r0, [r0], -r0",1
"andeq r7, r5, r4, lsl 28",1
invalid,1
"stmdaeq r0, {r0, r2}",1
"usada8eq pc, fp, r1, r0",1
invalid,1
invalid,1
"andeq r1, r0, r1, lsr lr",1
"andeq r0, r3, r7, asr 10",1
"movweq r4, 0x5700",1
invalid,1
"andeq r8, sl, r1, lsl 2",1
invalid,1
"andseq r4, lr, r1, lsl 20",1
"ldrbeq r4, [sb], -r0, lsl 14",1
"movtvc r0, 0x7000",1
"andeq r0, r0, r5",1
"strbeq r0, [r4], -0x14c",1
"movwmi r0, 0x8000",1
svcpl 0x10103,1
"smladmi r0, lr, r0, r0",1
"andeq r0, r0, sb, asr r6",1
invalid,1
"strne r0, [r0, -r3]",1
"smlattvs r1, r1, r1, r0",1
invalid,1
"andeq r1, r0, r8, ror lr",1
"andeq r5, r6, r7, asr 18",1
"mrseq r0, spsr",1
"andeq r0, r0, r3, lsr r6",1
"mrsvs r5, apsr",1
invalid,1
"muleq r0, fp, lr",1
"andeq r5, r6, r7, asr 18",1
"rsbeq r4, r1, r0, lsl 14",1
"strbeq r0, [r7, -0]",1
svcne 3,1
"stchs p9, c4, [r1, -0]",1
"stmdane r0, {r2}",1
"adcseq r0, r6, sp, ror r1",1
invalid,1
"smladmi r0, lr, r0, r0",1
"andeq r0, r0, r1, rrx",1
"andeq r0, r3, r7, asr 10",1
"mrseq r0, spsr",1
"strheq r0, [r0], -r0",1
invalid,1
invalid,1
"ldrdeq r1, r2, [r0], -sl",1
"andeq r0, r3, r7, asr 10",1
"movweq r4, 0x5700",1
"mcrrhs p0, 0, r0, r7, c0",1
"andeq r0, r0, r0",1
"ldrbteq r0, [ip], sb, asr 2",1
bhs 0x657818,1
"andeq fp, r0, r1, lsl 12",1
"cdpne p1, 0xf, c0, c2, c0, 0",1
"strbeq r0, [r7, -0]",1
"andeq r0, r0, r3",1
"stmibeq r8, {r2, r3, r6, r8} ^",1
"cdpne p0, 1, c0, c10, c0, 0",1
"streq r0, [r1, -r2, lsl 2]",1
"smladmi r0, pc, r0, r0",1
"andeq r0, r0, r1, rrx",1
"and r4, r1, r0, lsl 18",1
"andne r0, r0, r1",1
"strbeq r0, [r0, 0x12c]!",1
"movwlo r0, 0x1000",1
"smladmi r0, pc, r0, r0",1
"andeq r0, r0, r5, lsl 6",1
"andseq r7, sb, r7, asr 18",1
"rsbeq r4, r1, r0, lsl 14",1
"movtlo r0, 0x7000",1
"smladmi r0, pc, r0, r0",1
"andeq r0, r0, r5, lsl 6",1
"strhi r0, [r4, -0x600]",1
invalid,1
"andseq r8, r1, r1, lsl 14",1
invalid,1
"andeq r0, r0, r5, lsl 6",1
"andseq r5, pc, r1, lsl 2",1
"movweq r4, 0x5700",1
"stcmi p0, c0, [r0, -0]",1
"andeq pc, r7, r1, lsl 20",1
"streq r1, [r0], -0xc00",1
invalid,1
"strheq r0, [r0], -r6",1
"andseq r7, pc, r1, lsl 4",1
"adcseq r4, r6, r0, lsl 14",1
"strbeq r0, [r7, -0]",1
"andeq r0, r0, r3",1
"ldreq r0, [sb, 0x14d]",1
"andseq r0, ip, r0",1
"andeq r0, r0, r3, lsr 11",1
"andeq fp, r0, r1, lsl 12",1
svcne 0x930100,1
"strblt r0, [r7], -r0",1
"strmi r0, [r0, -r0]",1
"andeq r0, r0, r5, lsl 6",1
"stmdage r1, {r8, sl, fp, lr}",1
invalid,1
"andeq fp, r1, r0, lsl 4",1
"adceq r0, sb, r0, lsl 2",1
invalid,1
"smladmi r0, pc, r0, r0",1
"andeq r0, r0, sb, lsr 1",1
"andeq r6, r0, r7, asr 2",1
"eorseq r4, r7, r0, lsl 14",1
invalid,1
"andeq r3, r1, r1, lsl 20",1
invalid,1
"andseq ip, pc, r1, lsl 26",1
"movweq r4, 0x5700",1
invalid,1
"andeq sp, r5, r1, lsl 30",1
"cmpeq r6, r0, lsl 10",1
"strheq r0, [r0], -r6",1
"andseq lr, pc, r1, lsl 20",1
"movweq r4, 0x5700",1
"strbeq r0, [r7, -0]",1
"andeq r0, r0, r3",1
"strbeq r0, [r3, 0x149]!",1
"andspl r0, r5, 0",1
"andeq fp, r0, r1, lsl 12",1
"andhs r0, r2, r0, lsl 2",1
"strbeq r0, [r7, -0]",1
"andeq r0, r0, r3",1
svcmi 0xab0146,1
"ldreq r0, [sl], -r0",1
"rsbeq r0, r1, r2, lsl 2",1
blne 0x57948,1
"strmi r0, [r0, -r0, lsr 32]",1
"andeq r0, r0, r8, lsl 7",1
"stmdage r1, {r8, fp, lr}",1
"andne r0, r0, r4",1
"strbeq r0, [r0, 0x12e]!",1
"strmi r0, [r1, -r0]",1
"strmi r0, [r0, -r0, lsr 32]",1
"andeq r0, r0, r5, lsl 6",1
"andseq r7, sb, r7, asr 18",1
"rsbeq r4, r1, r0, lsl 14",1
"strbmi r0, [r7, -r0]",1
"strmi r0, [r0, -r0, lsr 32]",1
"andeq r0, r0, r5, lsl 6",1
"strge r0, [r4, -0x600]",1
"stmdami r0, {r0, r1}",1
"andeq r2, r3, r1, lsl 20",1
"mrseq r1, spsr",1
"eoreq r7, r0, r1, lsl 2",1
"ldrbeq r4, [sb], -r0, lsl 14",1
"strbeq r0, [r7, -0]",1
"strmi r0, [r0, -r3]",1
"andeq r0, r0, r5, lsl 6",1
"andeq r0, r3, r7, asr 10",1
"stmdbmi r0, {r8, sb, sl, fp, ip}",1
"andeq pc, r8, r1, lsl 12",1
invalid,1
"andeq r0, r0, r1, rrx",1
"eoreq sb, r0, r1, lsl 26",1
"rsbeq r4, r1, r0, lsl 14",1
"stclls p0, c0, [r7, -0]",1
"strmi r0, [r0, -r0, lsr 32]",1
"andeq r0, r0, r5, lsl 6",1
"eoreq sl, r0, r7, asr 16",1
"orreq r4, r0, 0, 14",1
"streq r0, [r0], -r0",1
"eoreq sl, r0, r4, lsl 6",1
"adcseq r0, r6, r0, lsl 28",1
"streq r0, [r6], -0",1
"andeq r2, r0, lr, lsr 1",1
"andeq r3, r3, lr, lsl 22",1
"movwgt r4, 0x1900",1
"cdpne p0, 0, c0, c0, c8, 0",1
"adceq r0, sb, sb, lsr r1",1
blgt 0x579f8,1
"strmi r0, [r0, -r0, lsr 32]",1
"andeq r0, r0, ip, lsr 32",1
invalid,1
svceq 2,1
"strmi r0, [r1, -r2, lsr 2]",1
"andeq r1, r0, sb, lsl 28",1
"eorseq r0, lr, r0",1
"andeq r0, r2, r0",1
"andeq r0, r0, r1, asr 9",1
"andeq r0, lr, r4, lsl 2",1
"andls r0, r1, 0",1
"stmdage r0, {r0, r3}",1
"andmi r0, r0, 3",1
"andeq r0, r0, 5",1
"andeq r0, r0, r6, asr 7",1
"eoreq r0, pc, r1, lsl 4",1
"streq r0, [r1, -0]",1
"subseq r8, r2, 0x30000",1
"strlo r0, [r4, -0x300]",1
"streq r0, [r0], -0",1
"andeq r0, r0, sl, lsr r0",1
blo 0x217e64,1
"andeq r0, r0, r0",1
"andeq r0, r0, r3, lsr r5",1
"ldrbteq r0, [sp], 2",1
invalid,1
"andeq r0, r0, lr",1
"andeq r0, sl, r1, lsl 28",1
"andeq sl, r3, r0, lsl 16",1
"adceq sp, r6, r0, lsl 24",1
"adceq pc, r7, r0, lsl 8",1
"andeq r7, r5, r0",1
"streq r0, [r4, -0x200]",1
"rsbseq r6, r4, sb, ror 28",1
"andeq r0, r3, r3, lsl 10",1
"ldrblo r0, [r5, r0, lsl 4]",1
"streq r0, [r0], -0",1
"eoreq r0, r4, r4, lsl 14",1
invalid,1
"andeq r3, r0, r8, lsl 2",1
"streq r0, [r2, -r0, lsl 8]",1
"andeq r0, r0, pc, lsr r0",1
svcne 0x70404,1
"streq r0, [r0], -0",1
"eorseq r0, r3, r1, lsl 12",1
"andeq r0, r4, 0",1
"andeq ip, r0, r5, lsl 22",1
"streq r0, [r8, -0x400]",1
"andeq r0, r0, r0",1
bne 0x1d9ad0,1
"movweq r0, 0",1
"andeq r0, r0, sl, lsr 5",1
"rsbeq r3, r1, r3, lsl 14",1
"streq r0, [r3, -0]",1
"movweq r0, 5",1
"andeq r8, r0, ip, lsl 11",1
"streq r0, [r4, -0x400]",1
"andeq r0, r0, r5",1
"andeq sb, r4, r3, lsl 28",1
svcvs 0x8d0300,1
"streq r0, [r0], -0",1
"sbcseq r0, r5, r4, lsl 14",1
"streq r0, [r5], -0",1
"adceq r0, r6, r6, lsl 8",1
invalid,1
"andeq r3, r0, r8, lsl 20",1
"ldrbeq r0, [sl], 0x300",1
"andlo r0, r4, r0",1
"strheq r0, [r0], -r8",1
"andeq sp, r4, r7, lsl 12",1
invalid,1
"andeq r0, r0, r3, ror r2",1
"andeq r7, sp, r8, lsl 6",1
"ldrbhs r0, [r7, 0x500]!",1
"andeq r0, r0, 0",1
svcvc 0x80023,1
"streq r0, [r0, -4]",1
"strdeq sl, fp, [r0], -ip",1
"strteq r0, [r3], -0x200",1
"andeq r4, r2, r8, lsl 2",1
"rscsge r0, sp, r0, lsl 10",1
"andeq r0, r0, 0",1
blmi 0x219bd0,1
"streq r0, [r0, -7]",1
"strdeq sl, fp, [r0], -lr",1
"stceq p2, c0, [r3], -0",1
"andeq r6, sb, r8, lsl 4",1
"rscsge r0, pc, r0, lsl 10",1
"andeq r0, r0, 0",1
"stchi p0, c1, [sb, -0x8c]",1
"streq r0, [r0, -3]",1
"adceq r0, r0, r0, lsl 2",1
"movwhs r0, 0x2000",1
"bfieq r0, r4, 8, 1",1
"mrseq r0, apsr",1
"andeq sl, r0, r1",1
"stmdane r3!, {sb}",1
"andeq sb, r1, sb, lsl 22",1
invalid,1
"andeq r0, r0, r0, lsr 1",1
"ldmdbeq ip, {r1, r8, sb, sp}",1
"andeq r0, r0, lr, ror r2",1
"andge r0, r1, r5, lsl 6",1
"andeq r0, r0, 0",1
blle 0x25fc28,1
"streq r0, [r0, -3]",1
"adceq r0, r0, r5, lsl 2",1
"movwhs r0, 0x2000",1
invalid,1
"streq r0, [r5], -r0",1
"andeq sl, r0, r1",1
"stmdahs r3!, {sb}",1
"andeq r5, r7, sb, lsl 18",1
"mrseq r0, apsr",1
"andeq r0, r0, r0, lsr 1",1
"stmdbeq ip!, {r1, r8, sb, sp}",1
"andeq r0, r0, r3, asr 10",1
"mrslt r0, apsr",1
"andeq r0, r0, 2",1
invalid,1
"streq r0, [r0, -1]",1
"adcseq r0, r7, 0xc0000002",1
"movwhs r0, 0x2000",1
"eorseq r0, sb, 52, 18",1
"stceq p0, c0, [r5, -0]",1
"andeq r2, r0, r1, lsl 10",1
"stmdalo r3!, {sb}",1
"andeq sp, r5, sb, lsl 14",1
"tsteq r1, r0, lsl 10",1
"andeq r0, r0, r5, lsr 32",1
"ldmdbeq ip!, {r1, r8, sb, sp}",1
"andeq r0, r0, ip, asr 5",1
bvc 0x5c820,1
"andeq r0, r0, 0",1
bhi 0x267ca0,1
"streq r0, [r0, -2]",1
"subeq r0, r5, r7, lsl r1",1
"movwhs r0, 0x2000",1
"streq r0, [ip], -r4, asr 18",1
invalid,1
"andeq r5, r0, r1, lsl 6",1
"strtmi r0, [r3], -r0, lsl 4",1
"andeq r0, r1, sb, lsl 16",1
"tsteq sb, r0, lsl 10",1
"strheq r0, [r0], -sp",1
"stmdbeq r7, {r1, r8, sb, sp} ^",1
"strheq r1, [r0], -sp",1
"stcgt p13, c1, [r1, -0x14]",1
"andeq r0, r0, 2",1
"andle r4, sb, r3, lsr 16",1
"streq r0, [r0, -2]",1
"addeq r0, ip, r6, lsr 2",1
"movwhs r0, 0x2000",1
invalid,1
svchs 0x50000,1
"andeq sb, r0, r1, lsl 28",1
"stmdapl r3!, {sb}",1
"andeq sb, r7, sb, lsl 28",1
"teqeq r0, r0, lsl 10",1
"muleq r0, lr, r0",1
"ldmdbeq ip, {r1, r8, sb, sp} ^",1
"strdeq r0, r1, [r0], -sb",1
"cdpls p1, 0, c3, c1, c5, 0",1
"andeq r0, r0, 0",1
"stcge p0, c6, [sb, -0x8c]",1
"streq r0, [r0, -7]",1
"addseq r0, lr, r2, lsr r1",1
"movwhs r0, 0x2000",1
"ldreq r0, [r4, r4, ror 18]!",1
"movwlo r0, 0x5000",1
"andeq r2, r0, r1, lsl 24",1
"stmdavs r3!, {sb}",1
"andeq r0, r4, sb, lsl 28",1
"teqeq r5, r0, lsl 10",1
"andeq r0, r0, r5, lsr 32",1
"stmdbeq ip!, {r1, r8, sb, sp} ^",1
"ldrdeq r0, r1, [r0], -r6",1
"movwle r3, 0x1705",1
"andeq r0, r0, 2",1
beq 0x33d54,1
"strheq r0, [r0], -ip",1
"strlo sb, [r7], -r5, lsl 22",1
invalid,1
"adcseq sl, r1, 0x40000001",1
invalid,1
"streq r0, [r0, -0x2f]",1
"andeq fp, r2, r2, lsr 3",1
"eoreq r0, r3, r0, lsl 4",1
"andeq sl, r3, r8, lsl 4",1
"strlt r0, [r3, r0, lsl 10]!",1
"andeq r0, r0, 2",1
"stmdals r8, {r0, r1, r5, sl}",1
"streq r0, [r0, -0x3e]",1
"andeq r2, r0, r7, lsr 11",1
"stmdaeq r3!, {sb}",1
bvc 0x119508,1
"streq r0, [r0], -r2",1
"andeq fp, r0, r4, lsl 16",1
"adceq r0, r6, r0, lsl 22",1
"sbceq r0, sp, 0",1
"strls r0, [ip, -r0]",1
"andeq r0, r0, r0",1
"movwvc r0, 0x4600",1
bleq 0x17d30,1
"andeq r0, r0, r6, lsr 1",1
"andeq r0, r0, r3, ror 5",1
"andeq sb, r0, ip, lsl 14",1
"streq r2, [r0], -r0, lsl 14",1
"andeq lr, r2, r4, lsl 18",1
"adceq r0, r6, r0, lsl 26",1
"strhs r0, [lr, -0]",1
svceq 0,1
"andeq sl, sb, r1",1
invalid,1
"ldrdeq sl, fp, [r0], -ip",1
"andeq sl, r0, ip, ror 13",1
invalid,1
"andeq r0, r0, sl, lsl r3",1
"andeq pc, r7, r0, lsl r0",1
invalid,1
invalid,1
"qaddeq r0, r0, pc",1
"andeq r0, r0, sp, asr 19",1
invalid,1
invalid,1
"andeq r0, r0, 0xa6",1
invalid,1
"andne r0, r0, r3",1
"andeq r0, r0, r7, lsl 20",1
"movteq r4, 0x1e01",1
"andpl r0, r1, r0",1
"andeq r0, r1, 0, 8",1
"andeq r0, r0, r1, lsl 11",1
beq 0x7581e4,1
blvs 0x57da4,1
"adceq pc, r6, r1, lsl 24",1
"adceq pc, r7, r0, lsl 8",1
"andeq r1, sb, r0",1
"ldrteq r0, [pc], -0x100     ; [0x17db4:4]=0xb00000a7",1
invalid,1
"andlt r0, r0, r7, lsr 1",1
bne 0x1805c,1
"movwne r0, 4",1
"strheq r0, [r0], -fp",1
"rsceq r7, r3, 1",1
invalid,1
invalid,1
"strls r0, [r0, -0xa7]",1
svcls 4,1
"strne r0, [r0, -3]",1
"strlo r5, [r1, -0x201]",1
"ldrbeq r0, [r1, -0x115]",1
invalid,1
"andpl r1, r1, r0, lsl 10",1
"strne r3, [r0], -r1",1
"andeq sl, r0, r0, ror 14",1
"strheq r0, [r0], -r7",1
"adceq r6, r7, r4, lsl ip",1
"andeq ip, r4, r0, lsl 22",1
"andeq fp, r3, r0, lsl 24",1
"andpl r1, r1, r0, lsl 10",1
"andeq r7, r0, r2, lsl 10",1
"adceq r8, r7, r4, lsl r4",1
"andeq lr, r4, r0, lsl 8",1
"andeq lr, r3, r0, lsl 10",1
"andpl r1, r1, 0, 10",1
svclt 0xfc0305,1
"tsteq r5, r1",1
"rsbseq r0, r6, r1, asr r2",1
"cmpeq r0, r5, lsl r1",1
"stcvc p5, c1, [r2, -0xc0]",1
"rsbseq r0, r4, r0, lsl 4",1
"strge r1, [ip, r0, lsl 12]",1
"ldrteq r0, [r7], 0",1
"ldrge r0, [r4], -0",1
"str r0, [r0], -0xa7",1
"andne r0, r0, r4",1
"strne r0, [r0, -4]",1
"strvc r5, [r2], -0x301",1
"andpl r1, r1, 0, 10",1
"stcllt p3, c0, [r8, 0x14]",1
"tsteq r5, r1",1
"eorseq r0, r0, r0, asr r1",1
"adceq fp, r7, r6, lsl r0",1
"andeq r0, r5, r0, lsl 6",1
"andsne r0, r6, r0",1
"stmdane r0, {r0, r1, r2, r5, r7}",1
"strne r0, [r0], -r5",1
"andeq sl, r0, ip, lsr 14",1
"strheq r0, [r0], -r7",1
"adceq fp, r7, r6, lsl ip",1
"andeq r1, r5, r0, lsl 16",1
"ldrbge r1, [r0, r0, lsl 12]",1
"streq r0, [r3, -0]",1
"strne r0, [r0, -r0]",1
"strheq r0, [r0], -r1",1
"rsceq r2, r3, 0x1000000",1
"movweq r0, 0x5000",1
"andeq r5, r2, r8, lsr 13",1
"andeq sp, sb, r7, lsl lr",1
invalid,1
"streq r0, [r0, -3]",1
"subseq sl, r6, 0x300",1
"streq r1, [r3, r0, lsl 16]",1
invalid,1
"strheq r0, [r0], -r7",1
"tsths r8, 0x40000000",1
"streq r0, [r0], -0xa",1
"andeq fp, r2, sb, lsr 15",1
"stmdane r1, {r8}",1
"andeq r0, r0, r6, lsl r5",1
"adcseq sl, r7, 4, 20",1
"mrseq r0, apsr",1
"andeq ip, r3, r8, lsl lr",1
"cdp p6, 1, c0, c2, c0, 0",1
invalid,1
"strls r1, [r1], -r1, lsl 18",1
"streq r0, [r0, -r2]",1
"adceq r0, r0, r3, lsr r1",1
"strlt r0, [r1, -r0]",1
bne 0x17f0c,1
"andeq r0, r0, r3, ror 5",1
"andeq lr, r2, sl, lsl r3",1
"eoreq r1, r5, r0, lsl 20",1
blne 0x17f0c,1
"andeq r1, r7, r1, lsl 26",1
"teqeq r2, r0, lsl 24",1
"andeq r0, r0, r5, asr 9",1
"strhs r0, [r4, -0x601]",1
invalid,1
"andeq pc, sb, r1, lsl 16",1
invalid,1
"andeq sl, r0, r1",1
"strbteq r0, [r4], 0x100",1
"tst sl, 0",1
"andeq r0, r0, r2",1
"stmibeq r1, {r0, r2, r3, r4, r8} ^",1
bhs 0x257f40,1
"streq r0, [r3, -0x101]",1
"ldrhs r0, [sl, -0]",1
bne 0x17f4c,1
"andeq r0, r0, r5, lsr 32",1
"andeq lr, r2, sl, lsl r3",1
svcne 0x1e00,1
"andeq ip, sb, r1, lsl 14",1
"subseq r0, fp, 0, 20",1
"ldreq r0, [r8, -0x101]",1
"ldrhs r0, [sl, -0]",1
"andeq r0, r0, r0",1
"stmibeq fp!, {r0, r3, r4, r8} ^",1
"andeq r0, fp, 0",1
"andeq r2, r0, r1, lsl 10",1
"ldreq r0, [r0, -0x100]!",1
"andslo r0, sl, r0",1
"andeq r0, r0, r5",1
"adceq r0, sp, r6, lsl 8",1
"strlo r0, [r0], -0",1
"andeq r0, r0, 1",1
"andeq sl, r6, r0, lsl 24",1
"cdpeq p4, 0, c0, c1, c0, 0",1
invalid,1
"andeq r0, r0, r8, asr 20",1
"andeq r0, r0, r8, lsr 7",1
"strdeq sl, fp, [r0], -r4",1
"strheq sl, [r0], -r4",1
"andeq r0, r0, r3, lsr 13",1
"stmdbvs r5, {r1, sl}",1
"movweq r7, 0x46e",1
"andeq r0, r0, r5, lsl 6",1
"eorseq sp, r7, r2, lsl 10",1
"streq r0, [r4], -0",1
"andeq r2, r0, r7, lsl 8",1
"streq r0, [r4, -r0, lsl 8]",1
"ldrdeq r0, r1, [r0], -r5",1
svclo 0x70204,1
"streq r0, [r0, -0]",1
"andeq r5, r0, r4, lsl 4",1
"subseq r0, r7, r0, lsl 12",1
invalid,1
"andeq r3, r0, r8, lsl 20",1
"stmdaeq r1, {sl}",1
"andeq r0, r0, r1, lsr r0",1
"ldrbteq r0, [ip], r7, lsl 2",1
"cdpne p0, 0, c0, c1, c0, 0",1
"andeq fp, r0, r1, lsl 28",1
"adceq pc, r7, r0, lsl 8",1
"adceq r6, r8, r0, lsl 24",1
"andeq r7, sb, r0",1
"adcseq r0, lr, r0, lsl 2",1
invalid,1
invalid,1
"andeq r4, r0, lr, lsl ip",1
"andeq sb, sb, r0",1
"ldrbeq r0, [r4, -r0, lsl 18]",1
"andhs r0, r1, r0",1
"andeq r0, r0, ip, asr 32",1
"strheq r0, [r0], -r1",1
invalid,1
"andeq r4, r0, r1, lsr 24",1
"andeq ip, sb, r0, lsl 8",1
beq 0xcda43c,1
"andhs r0, r1, 0",1
"andeq r0, r0, r4, asr 1",1
"andeq r0, r0, r4, ror 19",1
"strpl r0, [r4, -r0, lsl 10]",1
"streq r0, [r0], -0",1
"streq r0, [r1, 0x201]",1
"mrseq r0, apsr",1
"andeq r0, r0, sl, lsr 20",1
invalid,1
invalid,1
"strlt r0, [r0], -0xa8",1
"movweq r0, 0xa8",1
invalid,1
"andeq r0, r0, r2, lsr 2",1
"andseq r0, r2, r8, lsl 24",1
"ldcmi p1, c0, [sl], -0",1
"movwhs r0, 0",1
bleq 0x180ac,1
"rsbeq r6, lr, ip, ror 10",1
"eoreq r3, ip, r1, lsl 24",1
"andpl r0, r1, r0",1
"andeq r3, sl, ip, lsl 26",1
"ldchs p1, c0, [sp], -0",1
"andeq r0, r0, r0",1
"adceq r7, r8, sp, lsl 16",1
"andeq r2, r1, r0, lsl 4",1
"andpl r0, r1, r0, lsl 28",1
"andeq r7, r0, r2, lsl 8",1
invalid,1
"movweq r0, 5",1
invalid,1
invalid,1
"andeq r4, r0, r0, lsl ip",1
"strhi r0, [r0, -0]",1
"andeq r0, r0, 0",1
"andeq r8, r7, r0, lsl 22",1
"cdpeq p4, 0, c0, c1, c0, 0",1
invalid,1
"andeq r0, r0, ip, asr sl",1
"andeq r0, r0, r8, lsr 7",1
"andeq r0, r0, r6, ror 14",1
"strhs r0, [r7], -0x402",1
"andeq r0, r0, 0",1
"eorseq r0, r1, r1, lsl 16",1
"andeq r0, r2, 0",1
"andeq r3, r0, r7, lsl 30",1
"streq r0, [r4, -r0, lsl 4]",1
"andeq r0, r0, pc, lsl r0",1
"movwlo r0, 0x6102",1
"andeq r0, r0, 0",1
"sbceq r0, fp, r2, lsl 10",1
"streq r0, [r3], -0",1
"strbtvc r6, [lr], -0x905",1
"streq r0, [r8, -0x200]",1
"andeq r0, r0, r0",1
bne 0x1da124,1
"andeq r0, r0, 0",1
"andeq r0, r5, r4, lsl 10",1
"streq r0, [r2], -0",1
"andeq sp, r0, r7, lsl 10",1
"stmdaeq r1, {sb}",1
"andeq r0, r0, sl, lsr r0",1
"andeq r4, r0, r4, lsl 14",1
"biceq r0, lr, 0, 10",1
invalid,1
"andeq r0, r0, r1, ror r0",1
invalid,1
"andeq r0, r0, r2, asr r2",1
"andeq r0, r0, sl, ror r4",1
"strbeq r0, [sb, r2]",1
invalid,1
"andeq r0, r0, lr",1
"andeq r8, sl, r1, lsl 18",1
"andeq sl, r3, r0, lsl 16",1
"adceq fp, r8, r0, lsl 8",1
"adceq r1, sb, r0",1
"andeq sb, r7, r0, lsl 10",1
"streq r0, [r8, -r0, lsl 4]",1
"andeq r0, r0, sl, lsl r0",1
"andeq r0, r3, r3, lsl 10",1
"ldrblo r0, [r5, r0, lsl 4]",1
"andeq r0, r0, 0",1
"eoreq r0, r4, r4, lsl 14",1
invalid,1
"andeq r3, r0, r8, lsl 2",1
"streq r0, [r2, -r0, lsl 4]",1
"andeq r0, r0, pc, lsr r0",1
svcne 0x70402,1
"andeq r0, r0, 0",1
"eorseq r0, r3, r1, lsl 12",1
"andeq r0, r2, 0",1
"andeq ip, r0, r5, lsl 22",1
"streq r0, [r4, -0x400]",1
"rsbseq r6, r4, sb, ror 28",1
"andeq r0, r5, r2, lsl 16",1
"movweq r0, 0",1
"andeq r0, r0, sl, lsr 5",1
"rsbeq r3, r8, r3, lsl 14",1
"streq r0, [r3, -0]",1
"movweq r0, 5",1
"andeq r8, r0, ip, lsl 11",1
"streq r0, [r4, -0x200]",1
"andeq r0, r0, r5",1
"andeq sb, r4, r3, lsl 28",1
svcvs 0x8d0300,1
"andeq r0, r0, 0",1
"sbcseq r0, r5, r4, lsl 14",1
"streq r0, [r5], -0",1
"adceq r0, r6, r6, lsl 8",1
invalid,1
"andeq r3, r0, r8, lsl 20",1
"ldrbeq r0, [sl], 0x300",1
"andlo r0, r4, r0",1
"strheq r0, [r0], -r8",1
"andeq sp, r4, r7, lsl 12",1
invalid,1
"andeq r0, r0, r3, ror r2",1
"andeq r7, sp, r8, lsl 6",1
invalid,1
"andeq r0, r0, 0",1
svcvc 0x80023,1
"streq r0, [r0, -4]",1
"strdeq sl, fp, [r0], -ip",1
"strteq r0, [r3], -0x200",1
"andeq r4, r2, r8, lsl 2",1
"rscsge r0, sp, r0, lsl 10",1
"andeq r0, r0, 0",1
blmi 0x21a2c8,1
"streq r0, [r0, -7]",1
"strdeq sl, fp, [r0], -lr",1
"stceq p2, c0, [r3], -0",1
"andeq r6, sb, r8, lsl 4",1
"rscsge r0, pc, r0, lsl 10",1
"andeq r0, r0, 0",1
"stchi p0, c1, [sb, -0x8c]",1
"streq r0, [r0, -3]",1
"adceq r0, r0, r0, lsl 2",1
"movwhs r0, 0x2000",1
"bfieq r0, r4, 8, 1",1
"mrseq r0, apsr",1
"andeq sl, r0, r1",1
"stmdane r3!, {sb}",1
"andeq sb, r1, sb, lsl 22",1
invalid,1
"andeq r0, r0, r0, lsr 1",1
"ldmdbeq ip, {r1, r8, sb, sp}",1
"andeq r0, r0, lr, ror r2",1
"andge r0, r1, r5, lsl 6",1
"andeq r0, r0, 0",1
blle 0x260320,1
"streq r0, [r0, -3]",1
"adceq r0, r0, r5, lsl 2",1
"movwhs r0, 0x2000",1
invalid,1
"streq r0, [r5], -r0",1
"andeq sl, r0, r1",1
"stmdahs r3!, {sb}",1
"andeq r5, r7, sb, lsl 18",1
"mrseq r0, apsr",1
"andeq r0, r0, r0, lsr 1",1
"stmdbeq ip!, {r1, r8, sb, sp}",1
"andeq r0, r0, r3, asr 10",1
"mrslt r0, apsr",1
"andeq r0, r0, 2",1
invalid,1
"streq r0, [r0, -1]",1
"adcseq r0, r7, 0xc0000002",1
"movwhs r0, 0x2000",1
"eorseq r0, sb, 52, 18",1
"stceq p0, c0, [r5, -0]",1
"andeq r6, r0, r1, lsl 2",1
"stmdalo r3!, {sb}",1
"andeq sp, r5, sb, lsl 14",1
"tsteq r1, r0, lsl 10",1
"andeq r0, r0, r1, rrx",1
"ldmdbeq ip!, {r1, r8, sb, sp}",1
"andeq r0, r0, ip, asr 5",1
bvc 0x5cf18,1
"andeq r0, r0, 0",1
bhi 0x268398,1
"streq r0, [r0, -2]",1
"subeq r0, r5, r7, lsl r1",1
"movwhs r0, 0x2000",1
"streq r0, [ip], -r4, asr 18",1
invalid,1
"andeq r5, r0, r1, lsl 6",1
"strtmi r0, [r3], -r0, lsl 4",1
"andeq r0, r1, sb, lsl 16",1
"tsteq sb, r0, lsl 10",1
"strheq r0, [r0], -sp",1
"stmdbeq r7, {r1, r8, sb, sp} ^",1
"strheq r1, [r0], -sp",1
"stcgt p13, c1, [r1, -0x14]",1
"andeq r0, r0, 2",1
"andle r4, sb, r3, lsr 16",1
"streq r0, [r0, -2]",1
"addeq r0, ip, r6, lsr 2",1
"movwhs r0, 0x2000",1
invalid,1
svchs 0x50000,1
"andeq sb, r0, r1, lsl 28",1
"stmdapl r3!, {sb}",1
"andeq sb, r7, sb, lsl 28",1
"teqeq r0, r0, lsl 10",1
"muleq r0, lr, r0",1
"ldmdbeq ip, {r1, r8, sb, sp} ^",1
"strdeq r0, r1, [r0], -sb",1
"cdpls p1, 0, c3, c1, c5, 0",1
"andeq r0, r0, 0",1
"stcge p0, c6, [sb, -0x8c]",1
"streq r0, [r0, -7]",1
"addseq r0, lr, r2, lsr r1",1
"movwhs r0, 0x2000",1
"ldreq r0, [r4, r4, ror 18]!",1
"movwlo r0, 0x5000",1
"andeq r2, r0, r1, lsl 24",1
"stmdavs r3!, {sb}",1
"andeq r0, r4, sb, lsl 28",1
"teqeq r5, r0, lsl 10",1
"andeq r0, r0, r1, rrx",1
"stmdbeq ip!, {r1, r8, sb, sp} ^",1
"ldrdeq r0, r1, [r0], -r6",1
"movwle r3, 0x1705",1
"andeq r0, r0, 2",1
beq 0x3444c,1
"strheq r0, [r0], -ip",1
"strlo sb, [r7], -r5, lsl 22",1
invalid,1
"adcseq sl, r1, 0x40000001",1
invalid,1
"streq r0, [r0, -0x2f]",1
"andeq fp, r2, r2, lsr 3",1
"eoreq r0, r3, r0, lsl 4",1
"andeq sl, r3, r8, lsl 4",1
"strlt r0, [r3, r0, lsl 10]!",1
"andeq r0, r0, 2",1
"stmdals r8, {r0, r1, r5, sl}",1
"streq r0, [r0, -0x3e]",1
"andeq r6, r0, r7, lsr 3",1
"stmdaeq r3!, {sb}",1
bvc 0x119c00,1
"streq r0, [r0], -r2",1
"andeq fp, r0, r4, lsl 16",1
"adceq r0, r6, r0, lsl 22",1
"sbceq r0, sp, 0",1
"strls r0, [ip, -r0]",1
"andeq r0, r0, r0",1
"movwvc r0, 0x4600",1
bleq 0x18428,1
"andeq r0, r0, r6, lsr 1",1
"andeq r0, r0, r3, ror 5",1
"andeq sb, r0, ip, lsl 14",1
"movweq r2, 0x700",1
"andeq r0, r0, r7, lsl 10",1
"addeq r5, ip, r4, lsl 24",1
"streq r0, [sp], -0",1
"tsteq fp, 0x180",1
"strlo r0, [lr, -0]",1
"andeq r0, r0, r7",1
"andeq r6, r7, lr, lsl 12",1
"mrsvs r0, lr_fiq",1
"streq r0, [r0, -6]",1
"andeq ip, r6, lr, lsl 16",1
"stclo p4, c0, [lr, -0]",1
"movweq r0, 9",1
"andeq r4, r6, lr, lsl 2",1
"movweq r0, 0x100",1
"andeq r0, r0, r0, ror 13",1
"rsceq r3, lr, 0x6000000",1
"mrseq r0, apsr",1
"andeq r0, r0, r2, ror sl",1
"strlt r1, [r1], -0x901",1
invalid,1
svcmi 0xa8,1
invalid,1
"strheq r0, [r0], -lr",1
"rsbeq r6, r4, r0, lsl r6",1
"rsbeq r1, r1, r1, lsl 18",1
beq 0x1ed8498,1
"tstle r1, r0",1
invalid,1
"andeq lr, r2, sb, lsl r3",1
"andeq sb, sl, r0, lsl 24",1
"strbvs r1, [ip, -0x200]!",1
"stmdbne r1, {r1, r2, r3, r5, r6}",1
"andeq r0, r0, r3, ror 5",1
"movwne sb, 0x102",1
"andeq r0, r0, fp, ror 20",1
"tsteq fp, 0x4000",1
invalid,1
"ldmge ip!, {r3, sl, ip}",1
invalid,1
svcpl 0x150000,1
"qaddeq r7, pc, r0",1
"andeq r6, r0, ip, lsl r1",1
"ldmge r4, {sb, sl, ip} ^",1
"ldrteq r0, [ip], -0",1
"ldreq r0, [r7], -r0",1
"movwpl sb, 0x4352",1
"vqshl.u8 d0, d3, d21",1
"strhs pc, [r2, -0x503]",1
"cmpeq r0, 0xc0000005",1
"smmlsrne r0, r3, r1, r0",1
"movweq r7, 0x8d02",1
invalid,1
"movweq r7, 0xd02",1
invalid,1
"mrseq r0, apsr",1
"andeq r0, r0, r1, lsl 21",1
invalid,1
"andne r0, r0, r8, lsr 1",1
"strgt r0, [r0], -0xa9",1
invalid,1
"andeq r0, r0, ip, lsl r4",1
"rsbseq r6, r0, r0, lsl r6",1
"ldreq r2, [ip], -0x101",1
beq 0xffc18530,1
blvs 0x458534,1
invalid,1
"andeq r1, r3, r1, lsr 22",1
"andeq r1, fp, r0, lsl 2",1
"ldmge r4!, {fp, ip} ^",1
"strbteq r0, [r8], -0",1
"streq r0, [sl], -0",1
"tsteq r7, r0",1
invalid,1
"ldmdaeq r6, {r4, r6}",1
"strhs r0, [r0], -sb, lsr 1",1
"strne r0, [r0, -r3]",1
"andeq r7, r8, 2, 26",1
"andeq r0, r0, r4, ror r0",1
"adceq r0, sp, r6, lsl 8",1
"tsthi sb, 0",1
"streq r0, [r0], -7",1
"andeq fp, r2, r8, lsr 15",1
"stmdbne r1, {r8}",1
"andeq r0, r0, r3, lsr 20",1
"adcseq sl, r7, 4, 18",1
"mrseq r0, apsr",1
beq 0x1ed89f4,1
"movweq r0, 0x7000",1
"andeq sb, sl, r1, lsl 14",1
"rsbeq r0, r1, r0, lsl 2",1
invalid,1
blne 0x185b0,1
"andeq r0, r0, r1, rrx",1
"andeq r8, r0, fp, lsl ip",1
"addeq r1, ip, r0, lsl 22",1
"tstvs fp, r0",1
"andeq r0, r0, r0",1
"eorseq r0, sl, 28, 2",1
bpl 0x1185bc,1
"rsbeq r0, r1, r3, lsl 2",1
blne 0x585c4,1
"andeq r0, r0, ip, lsl r4",1
"ldreq r0, [ip], -r0",1
"andeq r0, r2, r0",1
"andeq r0, r0, r3, asr 18",1
"andeq r0, lr, r4, lsl 2",1
"andlt r0, r1, 0",1
"stmdage r0, {r1, r3}",1
"andne r0, r0, r3",1
"andpl r0, r0, sb, lsr 1",1
"cdpvs p0, 0, c0, c0, c10, 5",1
"andeq r0, r0, 8",1
"andeq r0, r0, r5, lsl 6",1
"eorseq sp, r0, r4, lsl 10",1
"streq r0, [r3], -0",1
"andeq r2, r0, r7, lsl 8",1
"stmdaeq r1, {r8, sb}",1
"andeq r0, r0, r1, lsr r0",1
svclo 0x70203,1
"movweq r0, 0",1
"andseq r0, pc, r4, lsl 14",1
"mrseq r0, apsr",1
"andeq r3, r0, r6, lsl 6",1
"streq r0, [r2, -0x300]",1
"andeq r0, r0, fp, asr 1",1
"stmdbvs r5, {r2, sl}",1
"movweq r7, 0x46e",1
"andeq r0, r0, r8, lsl 10",1
invalid,1
"andeq r1, r0, r7, lsl 20",1
"adceq r0, sl, 0, 4",1
"strlo r0, [r5, -r0]",1
"andeq r0, r0, r1, rrx",1
"andeq r0, r5, r2, lsl 10",1
"strhi r0, [ip, 0x500]",1
"movweq r0, 0",1
"andeq r0, r5, r4, lsl 10",1
"cdpls p0, 0, c0, c2, c0, 0",1
"streq r0, [r0, -4]",1
"andeq r6, r0, sp, lsl 31",1
"streq r0, [r4, -r0, lsl 6]",1
"ldrdeq r0, r1, [r0], -r5",1
"streq r0, [r6], -0x405",1
"andeq r0, r0, r6, lsr 1",1
blo 0x218a80,1
"andeq r0, r0, 0",1
"ldrdeq r0, r1, [r0], -sl",1
"adcseq r3, r8, r6",1
"strle r0, [r7], -r0",1
"stmdals r0, {r2}",1
"rsbseq pc, r3, 0x700000",1
"movwvc r0, 0x8000",1
"streq r0, [r0, -sp]",1
"strdeq r5, r6, [r0], -r7",1
"eoreq r0, r3, r0, lsl 4",1
"andeq r7, r4, r8, lsl 30",1
"rscsge r0, ip, r0, lsl 14",1
"andeq r0, r0, 0",1
invalid,1
"streq r0, [r0, -r2]",1
"strdeq sl, fp, [r0], -sp",1
"stmdaeq r3!, {sb}",1
"andeq r4, r7, r8, lsl 22",1
"rscsge r0, lr, r0, lsl 14",1
"andeq r0, r0, 0",1
"andvs r0, r8, 0x2300",1
"streq r0, [r0, -sb]",1
"strdeq sl, fp, [r0], -pc",1
"eorne r0, r3, r0, lsl 4",1
"andeq r8, r3, sb, lsl 26",1
invalid,1
"andeq r0, r0, r0, lsr 1",1
"ldmdbeq r4, {r1, r8, sb, sp}",1
"andeq r0, r0, r8, asr 15",1
"andge r0, r1, r7, lsl 2",1
"andeq r0, r0, 0",1
blls 0x25e780,1
"streq r0, [r0, -r1]",1
"adceq r0, r0, r2, lsl 2",1
"movwhs r0, 0x2000",1
"rsbseq r0, lr, 28, 18",1
"movweq r0, 0x7000",1
"andeq sl, r0, r1",1
"eorhs r0, r3, r0, lsl 4",1
"andeq sp, r3, sb, lsl 22",1
invalid,1
"andeq r0, r0, r0, lsr 1",1
"stmdbeq r4!, {r1, r8, sb, sp}",1
"strheq r0, [r0], -sb",1
"andge r0, r1, r7, lsl 12",1
"andeq r0, r0, 0",1
"stmdbpl sb, {r0, r1, r5, fp, sp}",1
"streq r0, [r0, -r7]",1
"adceq r0, r0, r7, lsl 2",1
"movwhs r0, 0x2000",1
"strbeq r0, [r3, -0x92c]",1
invalid,1
"andeq fp, r2, r1, lsl 2",1
"eorlo r0, r3, r0, lsl 4",1
"andeq r0, r1, sb, lsl 2",1
invalid,1
"strheq r0, [r0], -r7",1
"ldmdbeq r4!, {r1, r8, sb, sp}",1
"andeq r0, r0, sb, lsr r2",1
bpl 0x5bb80,1
"andeq r0, r0, 0",1
"strle r3, [sb, -r3, lsr 16]",1
"streq r0, [r0, -r5]",1
"subseq r0, sl, r1, lsl r1",1
"movwhs r0, 0x2000",1
"sbceq r0, ip, 60, 18",1
"movwne r0, 0x7000",1
"andeq r7, r0, r1, lsl 20",1
"eormi r0, r3, r0, lsl 4",1
"andeq r8, r2, sb, lsl 20",1
"tsteq r7, r0, lsl 14",1
"andeq r0, r0, lr, lsr r0",1
"stmdbeq r4, {r1, r8, sb, sp} ^",1
"andeq r0, r0, ip, lsl 12",1
invalid,1
"andeq r0, r0, 0",1
"stmdaeq sb, {r0, r1, r5, sb, sl, lr}",1
"streq r0, [r0, -r1]",1
"adcseq r0, sp, 0x40000006",1
"movwhs r0, 0x2000",1
"ldcne p9, c0, [sp, 0x11c]!",1
"stcne p0, c0, [r7, -0]",1
"andeq ip, r2, r1, lsl 26",1
"stmdami r3!, {sb}",1
"andeq sp, r2, sb",1
invalid,1
"andeq r0, r0, ip, lsl 1",1
"ldmdbeq r0, {r1, r8, sb, sp} ^",1
"muleq r0, r7, r7",1
"cdpls p15, 0, c2, c1, c7, 0",1
"andeq r0, r0, 0",1
"cdpls p8, 0, c5, c9, c3, 1",1
"streq r0, [r0, -r7]",1
"addseq r0, lr, r0, lsr r1",1
"movwhs r0, 0x2000",1
"rscseq r0, sb, 92, 18",1
"mrslo r0, apsr",1
"andeq sb, r0, r1, lsl 28",1
"eorvs r0, r3, r0, lsl 4",1
"andeq sl, r7, sb, lsl 26",1
"teqeq r2, r0, lsl 14",1
"muleq r0, lr, r0",1
"stmdbeq r4!, {r1, r8, sb, sp} ^",1
"strheq r0, [r0], -r4",1
"strhs r3, [r1, -0x307]",1
"andeq r0, r0, 0",1
"cdpeq p8, 0, c6, c9, c3, 1",1
"streq r0, [r0, -r4]",1
"subseq r0, sl, r5, lsr r1",1
"movwhs r0, 0x2000",1
"ldrbeq r0, [r6, ip, ror 18]",1
"strlo r0, [r7, -r0]",1
"andeq sp, r2, r1, lsl 6",1
"eorvc r0, r3, r0, lsl 4",1
"ldrteq r0, [ip], 0xa00",1
blls 0x1d8844,1
"andeq r3, r3, r7, lsl 12",1
"mrsge r0, apsr",1
"strheq r0, [r0], -r1",1
"eoreq lr, pc, r8, lsl 18",1
invalid,1
"andeq r0, r0, 2",1
"andge r0, r8, 0x23",1
"streq r0, [r0, -r3]",1
"andeq fp, r2, r3, lsr 15",1
"strteq r0, [r3], -0x200",1
"eorseq sb, lr, r8, lsl 16",1
bpl 0xfe9da474,1
"andeq r0, r0, 0",1
"streq r0, [r0], -r3, lsr 16",1
"andeq r7, r2, r4, lsl 20",1
"stmdalt r4, {sb, sl}",1
bleq 0x18888,1
"andeq r0, r0, r6, lsr 1",1
"andeq r0, r0, sp, asr 5",1
"andeq sb, r0, ip, lsl 14",1
"streq r0, [r0], -r0",1
"andeq r7, r2, r4, lsl 6",1
"adceq r0, r6, r0, lsl 22",1
"rsceq r0, r3, 0",1
"strls r0, [ip, -r0]",1
"strhs r0, [r0, -r0]",1
"ldrbeq r0, [r6], 0xd00",1
invalid,1
"andeq fp, r0, r1, lsl 16",1
"strteq r0, [r8], -r0, lsl 14",1
invalid,1
"andeq r2, r3, sl, lsl r6",1
"strths r0, [lr], -r0, lsl 16",1
invalid,1
"andeq r0, r0, r5, lsr 32",1
"stmdaeq r0, {r1, r8, sb, sp}",1
"andeq r0, r0, r1, asr 13",1
"eoreq r1, r5, r8, lsl 26",1
"movwhs r0, 0x2000",1
blhs 0xfe51a8f4,1
"cdpne p0, 0, c0, c8, c0, 0",1
"andeq r0, r0, r0, lsr 1",1
"andeq r2, r8, r2, lsl 6",1
invalid,1
invalid,1
"andeq sb, r0, r1, lsl 28",1
blpl 0x59500,1
svceq 3,1
"muleq r0, r7, r4",1
"addseq r4, lr, r2, lsl 24",1
"strvc r0, [pc], -r0",1
"andeq r0, r0, 1",1
"andeq r5, r0, ip, asr 20",1
"streq r0, [r6, -0xf00]!",1
invalid,1
"andeq r0, r0, r5, lsr 32",1
"movwgt r1, 0x1000",1
"movweq r0, 0xa",1
"subseq r0, sl, sp, ror r1",1
invalid,1
svceq 3,1
"andeq r0, r0, sp, ror r3",1
"cmneq sb, 3, 26",1
"streq r0, [r0], -r0",1
"andeq sl, r0, r4, lsl 26",1
"stc2 p0, c1, [r1, -0]",1
"movweq r0, 0xa",1
"subseq r0, sl, pc, lsr r1",1
"stcls p0, c0, [r3, -0]",1
svceq 3,1
"ldrdeq r0, r1, [r0], -r1",1
"cmneq sb, 3, 30",1
"andne r0, r0, r0",1
"andeq sb, r6, r1",1
"orreq r0, r4, r0, lsl 6",1
"andeq r0, r0, sl, asr r0",1
"andeq fp, r3, r3, lsl 22",1
"cmneq sp, 0, 30",1
"strhi r0, [r3], -0",1
"andeq r0, r0, sb, ror r3",1
"mrs r1, apsr",1
invalid,1
"ldmdbge r0, {r0, r2, r5, r8}",1
invalid,1
"stcvc p0, c0, [r2, -0]",1
"streq r0, [r5], -0x100",1
invalid,1
invalid,1
"andeq r0, r4, r5, lsr 10",1
"cmpne r0, 0, 2",1
"andeq r0, r0, r6, lsr 6",1
"andeq sl, r0, r0, lsl sb",1
"andeq sl, r0, r0, asr sb",1
svcmi 0x142701,1
invalid,1
"andeq r4, r3, r4, lsl r4",1
invalid,1
invalid,1
invalid,1
"andeq lr, r2, r4, lsl 30",1
"and r1, r1, r0, lsl 12",1
invalid,1
"streq r0, [r5], -0x13b",1
invalid,1
bge 0xc189e8,1
bleq 0xbd89ec,1
"strhs r0, [r1, -0]",1
"strne r0, [r0, -r5]",1
"andeq r0, r0, r8, lsr 12",1
"streq r3, [r5], -0xb01",1
bleq 0x13d8a00,1
svcvc 0x170000,1
invalid,1
"andeq r7, r3, fp, lsr sb",1
"andeq sl, fp, r0, lsl 20",1
bleq 0x2de614,1
invalid,1
"andeq r0, r0, r6, lsr 1",1
"ldrdeq r0, r1, [r0], -lr",1
invalid,1
"andeq r5, r0, lr, lsr sl",1
"andeq r1, ip, r0, lsl 16",1
blhs 0xfe51ee30,1
svclo 0x10000,1
"andeq r0, r0, r0, lsr 1",1
"andeq r0, r0, fp, lsr 24",1
invalid,1
"andeq sl, r0, r0, asr 32",1
"andeq r5, ip, r0, lsl 8",1
"cdpvs p8, 6, c1, c5, c0, 0",1
invalid,1
"andeq r0, r0, r0, lsr 1",1
"muleq r0, r3, ip",1
"andeq r5, r3, sl, lsl fp",1
"adceq r6, sb, r0, lsl 24",1
"adceq r7, sb, r0",1
blge 0x10d8e68,1
blne 0x18a7c,1
"andeq r0, r0, sp, ror 6",1
"strheq r0, [r0], -r1",1
"cmneq pc, 0, 20",1
invalid,1
invalid,1
invalid,1
"ldrdeq r0, r1, [r0], -r8",1
"andeq sb, r3, fp, lsl r1",1
"andeq lr, ip, r0, lsl 10",1
"ldmibge ip, {sl, fp, ip}",1
"strbeq r0, [ip]",1
"tsteq sp, r0",1
"rsbseq r0, r6, r0, asr r2",1
"ldcls p0, c0, [sl, -0]",1
"strlt r0, [r0], -3",1
"stmdalt r0, {r0, r3, r5, r7}",1
"smlatbeq r0, sb, r0, r0",1
"andeq pc, r4, fp, asr 10",1
invalid,1
"stceq p0, c0, [r3, -0]",1
"cdpne p0, 0, c0, c0, c0, 0",1
"ldrdeq sl, fp, [r0], -r8",1
"strdeq sl, fp, [r0], -ip",1
"andeq r1, fp, sb, lsl r5",1
"ldrbhs r0, [r3, -0x100]",1
invalid,1
invalid,1
"andeq sl, r0, r8, ror 19",1
"andeq r0, r0, fp, ror 11",1
"subseq r0, r1, 0x40000007",1
"tsteq sp, sb, ror r0",1
"rsbseq r0, r8, r0, asr r2",1
"strne r0, [r0], -r0",1
"andeq r2, r6, r1, lsl 8",1
invalid,1
"andeq r0, r0, r5, lsl 8",1
"andeq sl, r0, r0, lsr sl",1
"andeq sl, r0, r0, asr 20",1
"andeq r0, r0, r4, lsr sp",1
"andeq r7, r5, r1, lsl 30",1
"strteq r1, [r8], -r0, lsl 14",1
blhs 0x58b14,1
"andeq r0, r0, r5, lsl 8",1
"andeq r0, r0, r4, asr sp",1
"andeq r7, r3, r7, lsl pc",1
"stmdbvc fp!, {r8}",1
"strvc r0, [r0, -3]",1
invalid,1
"andeq sl, r0, ip, lsr sl",1
"andeq r0, r0, fp, lsl 8",1
"cmpeq r2, sp, lsl r1",1
invalid,1
invalid,1
"cmpeq r0, 0x40000007",1
"ldrsheq r0, [r0], -0x13",1
"strge r1, [r1, -r0, lsl 30]",1
invalid,1
bge 0x10190e4,1
bge 0x1418b58,1
"ldceq p0, c0, [r6]",1
"andlt r0, r1, 0",1
"strne r0, [r0, -r5]",1
"andeq r0, r0, r8, lsr 12",1
"streq r6, [r5], -0x401",1
"ldceq p0, c0, [r6, 0]!",1
"stcmi p0, c0, [r0], -0",1
"cdpeq p0, 0, c0, c0, c10, 5",1
"andeq r0, r0, r6",1
"andeq r8, r7, r1, lsr 6",1
"strlt r0, [r8, r0, lsl 12]!",1
invalid,1
beq 0x8e0f90,1
invalid,1
"strheq r0, [r0], -r7",1
invalid,1
"strdeq r0, r1, [r0], -r5",1
"mrseq r8, apsr",1
"andeq r0, r0, sl, asr r0",1
"andeq lr, r5, r1, lsl 10",1
"strbeq r2, [r5, 0x300]!",1
"streq r0, [r0], -r0",1
"andeq lr, r2, r4, lsl 6",1
"strle r2, [r1], -r0, lsl 8",1
"stmdbeq r0, {r1, r3}",1
"addseq r0, lr, r1, asr 2",1
invalid,1
"movwhs r0, 6",1
"muleq r0, lr, r0",1
"andeq r0, r6, r3, lsr 16",1
"streq r0, [r6], -0",1
"andeq r0, r0, r5, lsr 32",1
"stcleq p1, c0, [sb, -0x94]",1
"and r0, sl, 0",1
"movwhs r0, 0x1101",1
"muleq r0, lr, r0",1
"ldrbteq r0, [r7], -0",1
"andeq r0, r2, r0",1
"andeq r0, r0, pc, asr fp",1
"andeq r0, lr, r4, lsl 2",1
"stcne p0, c0, [r1, -0]",1
"stmdage r0, {r0, r1, r3}",1
"andpl r0, r0, r3",1
"stmdaeq r0, {r1, r3, r5, r7}",1
"smlatblt r0, fp, r0, r0",1
"andeq r0, r0, 9",1
"cdpvs p5, 6, c0, c9, c4, 0",1
"streq r0, [r3, -0x74]",1
"andeq r0, r0, 3",1
"ldrdeq r3, r4, [r0], -r5",1
"streq r0, [r4, -r0, lsl 8]",1
"andeq r0, r0, r4, lsr 32",1
invalid,1
"streq r0, [r0], -0",1
"eorseq r0, pc, r2, lsl 14",1
"streq r0, [r4], -0",1
"andeq r1, r0, r7, lsl 30",1
"streq r0, [r1], -r0, lsl 8",1
"andeq r0, r0, r3, lsr r0",1
blgt 0x159458,1
"streq r0, [r0], -0",1
"andeq r0, r0, r8, lsl 10",1
invalid,1
"andeq r1, r0, r7, lsl 20",1
"adceq r0, sl, 0, 6",1
"strlo r0, [r3, -r0]",1
"andeq r0, r0, r1, rrx",1
"andeq r0, r5, r3, lsl 10",1
"strhi r0, [ip, 0x300]",1
"streq r0, [r0], -0",1
"andeq r0, r5, r4, lsl 10",1
"cdpls p0, 0, c0, c3, c0, 0",1
"movweq r0, 4",1
"andeq r6, r0, sp, lsl 31",1
"streq r0, [r4, -r0, lsl 8]",1
"ldrdeq r0, r1, [r0], -r5",1
"streq r0, [r6], -0x405",1
"andeq r0, r0, r6, lsr 1",1
blo 0x2190a4,1
"streq r0, [r0, -r0]",1
"ldrdeq r0, r1, [r0], -r6",1
"ldmvs r6!, {r3, r4, r7, sl} ^",1
"stmdaeq r0, {r1}",1
"andeq r0, r0, r3, ror sp",1
"eoreq pc, r5, r4, lsl 14",1
"movwhs r0, 0x2000",1
"ldrbteq r0, [pc], -0x800    ; [0x18cb4:4]=160",1
invalid,1
"andeq r0, r0, r0, lsr 1",1
"stmdaeq r4, {r1, r8, sb, sp}",1
"andeq r0, r0, r1, asr 4",1
"adceq pc, r0, r4, lsl 26",1
"movwhs r0, 0x2000",1
"strbeq r0, [fp, -r8, lsl 16]",1
"cdp2 p0, 0, c0, c4, c0, 0",1
"andeq r0, r0, r0, lsr 1",1
"stmdaeq ip, {r1, r8, sb, sp}",1
"andeq r0, r0, r2, ror 18",1
"adceq pc, r0, r4, lsl 30",1
"movwhs r0, 0x2000",1
"orreq r0, sp, 16, 18",1
"andeq r0, r4, r0",1
"andeq sl, r0, r1",1
"strtne r0, [r3], -0x200",1
"andeq ip, r7, sb, lsl 16",1
"mrseq r0, apsr",1
"andeq r0, r0, r0, lsr 1",1
"ldmdbeq r8, {r1, r8, sb, sp}",1
"muleq r0, fp, r1",1
"andge r0, r1, r4, lsl 4",1
"andeq r0, r0, 0",1
"cdpvc p12, 0, c1, c9, c3, 1",1
"streq r0, [r0], -2",1
"adceq r0, r0, r3, lsl 2",1
"movwhs r0, 0x2000",1
"bicseq r0, fp, 32, 18",1
"streq r0, [r4, -0]",1
"andeq sl, r0, r1",1
"strths r0, [r3], -0x200",1
"andeq fp, r1, sb, lsl 18",1
invalid,1
"andeq r0, r0, r0, lsr 1",1
"stmdbeq r8!, {r1, r8, sb, sp}",1
"andeq r0, r0, sb, asr r7",1
"andge r0, r1, r4, lsl 14",1
"andeq r0, r0, 0",1
"movwmi r2, 0x9c23",1
"streq r0, [r0], -5",1
"adceq r0, r6, 0x40000002",1
"movwhs r0, 0x2000",1
invalid,1
bleq 0x118d68,1
"andeq sl, r2, r1, lsl 24",1
"strtlo r0, [r3], -0x200",1
"andeq r3, r2, sb, lsl 18",1
"mrseq r0, apsr",1
"andeq r0, r0, r5, lsr 32",1
"ldmdbeq r8!, {r1, r8, sb, sp}",1
"ldrdeq r0, r1, [r0], -r7",1
"strhs r1, [r1, -0x104]",1
"andeq r0, r0, 0",1
invalid,1
"streq r0, [r0], -2",1
"rsbseq r0, sl, r3, lsl r1",1
"movwhs r0, 0x2000",1
"addeq r0, sl, 64, 18",1
"strne r0, [r4, -r0]",1
"andeq r4, r0, r1, lsl 10",1
"strtmi r0, [r3], -0x200",1
"andeq r0, r6, sb, lsl 24",1
"tsteq r8, r0, lsl 8",1
"andeq r0, r0, r3, asr r0",1
"stmdbeq r6, {r1, r8, sb, sp} ^",1
"andeq r0, r0, r8, lsl 2",1
"andlt r1, r1, 4, 18",1
"andeq r0, r0, 2",1
"stclt p7, c4, [sb, -0x8c]",1
"streq r0, [r0], -0x1d",1
"sbceq r0, r2, 0x40000007",1
"movwhs r0, 0x2000",1
"sbcseq r0, r0, 72, 18",1
"strhs r0, [r4], -r0",1
"andeq r8, r0, r1, lsl 24",1
"eorpl r0, r3, r0, lsl 4",1
"andeq sb, r7, sb, lsl 14",1
invalid,1
"muleq r0, lr, r0",1
"ldmdbeq r8, {r1, r8, sb, sp} ^",1
"muleq r0, lr, r7",1
"cdpls p0, 0, c3, c1, c4, 0",1
"andeq r0, r0, 0",1
invalid,1
"streq r0, [r0], -2",1
"addseq r0, lr, r1, lsr r1",1
"movwhs r0, 0x2000",1
"streq r0, [sp, r0, ror 18]!",1
"andlo r0, r4, 0",1
"andeq sb, r0, r1, lsl 28",1
"strtvs r0, [r3], -0x200",1
"andeq fp, r7, sb, lsl 8",1
"teqeq r3, r0, lsl 8",1
"andeq r0, r0, ip, lsr 32",1
"stmdbeq r8!, {r1, r8, sb, sp} ^",1
"andeq r0, r0, lr, lsl 8",1
"strhs r3, [r1, -0x504]",1
"andeq r0, r0, 0",1
"strle r6, [sb], -r3, lsr 24",1
"streq r0, [r0], -7",1
"sbceq r0, r8, 0xc000000d",1
"movwhs r0, 0x2000",1
invalid,1
"streq r0, [r0], -4",1
"teqeq r6, 0x26c0000",1
"streq r0, [ip], -0",1
"andeq sl, r2, r1, lsr 13",1
svchs 0xe90800,1
"andge r0, r4, 0",1
"andeq r0, r0, r6, lsr 5",1
"stmdaeq r0, {r1, r8, sb, sp}",1
"andeq r0, r0, r2, lsr 7",1
"adceq sl, ip, 4, 6",1
"movwhs r0, 0x2000",1
"cdplo p8, 9, c0, c8, c4, 0",1
"strge r0, [r4, -r0]",1
"andeq r0, r0, r5, lsr 32",1
"andeq r2, r8, r2, lsl 6",1
"rsbeq r0, pc, 0x6000000",1
"streq r0, [r6], -0",1
"andeq r0, r0, sp, lsr 1",1
"andeq sl, r0, fp, lsl 12",1
"andeq ip, r2, r0, lsl 4",1
"addseq r0, r7, r0, lsl 24",1
"andeq r0, r0, r0",1
"rsbeq r0, r8, 0x6000000",1
"strge r0, [fp], -r0",1
invalid,1
invalid,1
"muleq r0, r7, r0",1
"streq r0, [r6], -0x27",1
"ldrdeq r0, r1, [r0], -lr",1
"andeq sl, r0, sp, lsl 12",1
"stmdb r4, {sb, sl}",1
"cdpeq p0, 0, c0, c0, c2, 0",1
"teqeq sl, pc, lsl 2",1
"strhs r0, [r1, -r0]",1
"adceq r5, sl, r1",1
"adceq r0, fp, r0, lsl 16",1
"andeq sp, sp, r0, lsl 14",1
invalid,1
"tsthi r0, r0",1
invalid,1
"andeq sp, r2, r7, lsr 16",1
"andeq pc, sp, r0, lsl 14",1
"stclmi p1, c1, [r0, -0]!",1
"cdphs p0, 0, c0, c1, c0, 0",1
"ldrdeq r0, r1, [r0], -r8",1
"andeq r0, r0, r1, asr 28",1
"andeq r5, r7, r2, lsl r4",1
"stmdale pc!, {r8}",1
invalid,1
bge 0x1d1dc70,1
"streq r0, [r8], -0",1
"cmpeq r1, 0",1
"tsteq r4, r0",1
"smlsdlo r8, r2, r2, r0",1
"cmpeq r1, r4, lsl r1",1
"andpl r1, r1, r1, lsr r4",1
"andgt r0, r4, r5, lsl 6",1
"strne r0, [r0, -1]",1
"andeq sl, r0, r8, ror sl",1
"andeq r0, r0, r3, lsr r4",1
"adceq r8, sl, r3, lsl r4",1
"andeq r3, r4, r0, lsl 28",1
"andeq r7, r3, r0, lsl 8",1
"mrspl r1, apsr",1
"strtne r0, [pc], -0x802",1
"strvc r5, [r2], -1",1
invalid,1
invalid,1
"strls r0, [r0], -r4",1
"strne r0, [r0], -3",1
"strlo r5, [r1, -r1, lsl 4]",1
"ldrbeq r0, [r1, -0x114]",1
"biceq r3, r0, r3, lsl 24",1
"andpl r1, r1, r0, lsl 8",1
"rsbseq r7, sb, r2, lsl 10",1
"adceq ip, sl, r6, lsl r4",1
"andeq r5, r4, r0, lsl 24",1
"andpl r1, r1, 0, 8",1
"tsteq r4, r1, lsl 6",1
"strmi r0, [r3], -0x551",1
"strne r0, [r0], -0x1c0",1
"strvc r5, [r2, -1]",1
"strne r0, [r0, -r0]",1
"andeq r0, r0, lr, lsr r1",1
"sbcseq r2, r8, 0x40000000",1
"streq r0, [r1, -0]",1
"subseq fp, r6, 3",1
bleq 0x16defb4,1
"strlo r0, [r5], -r0",1
"andeq r0, r0, r0, lsr 1",1
"ldclo p1, c0, [r8, -4]",1
"streq r0, [r0, -0xb]",1
"andeq sl, r0, r6, lsr r0",1
"stmdane r1, {r8}",1
"andeq r0, r0, r3, lsl 15",1
"adceq sl, ip, 0x60000",1
"mrseq r0, apsr",1
"andeq r2, sl, r8, lsl r3",1
"stcge p6, c0, [sb], 0",1
invalid,1
"ldreq r1, [r6, -0x801]",1
bge 0x198fec,1
"andeq r0, r0, ip, lsr 5",1
"tsteq sb, r1, lsl 2",1
"andeq r0, r0, ip, lsr 22",1
bleq 0xd99018,1
"strlo r0, [r1, -r0]",1
invalid,1
"andeq r0, r0, r3, lsr r4",1
"andeq lr, r2, sl, lsl r3",1
"eorseq r1, r7, r0, lsl 20",1
"ldrlo r0, [sl, -r0]",1
bne 0x19018,1
"muleq r0, lr, r0",1
blvc 0x5fc20,1
"stmdaeq r0, {r0, r1, r3}",1
invalid,1
bleq 0x1cd949c,1
"movweq r0, 0x9000",1
"adceq r0, r0, r1, lsl 2",1
invalid,1
bne 0x1904c,1
"ldrdeq r0, r1, [r0], -r8",1
"andeq r2, r0, sl, lsl r5",1
"tsteq sp, r0",1
"strheq r0, [r0], -r0",1
"strhs r8, [r1, -0xf09]",1
invalid,1
"andeq sp, r2, sl, lsl r8",1
"sbcseq r1, r8, 0, 20",1
invalid,1
"andeq r0, r0, r0",1
"eoreq lr, r3, r0, lsl 2",1
invalid,1
"streq r0, [r0], -0xc",1
"andeq r0, r0, r1, lsl 28",1
bleq 0xff6d9478,1
invalid,1
blge 0x219080,1
"movgt r0, r0",1
beq 0xfedd9088,1
"streq r0, [r2], -0",1
"strbtvc r6, [lr], -0x905",1
"movweq r0, 0x5300",1
"strle r0, [r5, -0]",1
"andeq r0, r0, r7, lsr r0",1
"strhs r0, [r7], -0x404",1
"streq r0, [r0, -0]",1
"strdeq r0, r1, [r0], -lr",1
"strlo r4, [r1, -r5, lsl 10]",1
"streq r0, [r0], -r0",1
"andeq r0, r0, r2, lsr 30",1
"stchi p6, c0, [r0, -0x10]!",1
"streq r0, [r0, -r0]",1
"andeq r0, r0, ip, lsl 27",1
"ldcleq p7, c0, [r4, 0]!",1
"streq r0, [r1, -r0]",1
"andeq r0, r0, pc, lsr 25",1
svceq 0x200702,1
"streq r0, [r3, -r0]",1
"andeq r0, r0, r6, ror 24",1
"cdpeq p7, 3, c0, c1, c4, 0",1
"streq r0, [r5, -r0]",1
"andeq r0, r0, ip, ror lr",1
"cdpeq p7, 7, c0, c11, c6, 0",1
"streq r0, [r7, -r0]",1
"andeq r0, r0, r0, ror 28",1
invalid,1
"streq r0, [r0], -0xd",1
"adceq sp, ip, r6, lsl 6",1
b 0x1d9100,1
invalid,1
"andeq sb, lr, r7, lsl 20",1
svcle 0x70200,1
"streq r0, [r0], -0xf",1
"stmdaeq r1, {sl}",1
"andeq r0, r0, r1, lsr r0",1
svclo 0x70204,1
"streq r0, [r0], -0",1
"andseq r0, pc, r4, lsl 14",1
invalid,1
"andeq r3, r0, r6, lsl 6",1
"streq r0, [r2, -0x400]",1
"andeq r0, r0, fp, asr 1",1
"andeq r0, r5, r4, lsl 16",1
"streq r0, [r0], -0",1
"andseq r0, sl, r8, lsl 14",1
bge 0xd9144,1
"streq r0, [r0, -r2]",1
"andeq ip, r0, r7, lsr pc",1
"streq r0, [r5, -0x300]",1
invalid,1
"strdeq r0, r1, [r0], -r3",1
"streq r0, [r5, -0x404]",1
"movweq r0, 0",1
"muleq r0, lr, r4",1
"sbcseq r8, sp, r7, lsl 26",1
"streq r0, [r4], -0",1
"andeq sp, r0, r7, lsl 10",1
"ldreq r0, [fp], -r0, lsl 6",1
"strls r0, [r7], -0",1
"strdeq r0, r1, [r0], -r3",1
"streq r0, [sb], -0x408",1
"andeq r0, r0, pc, lsl r1",1
blo 0x219598,1
beq 0x1918c,1
"eorshi r1, r0, 4",1
"streq r0, [r0, -r1]",1
"muleq r0, r5, r1",1
bvc 0x1d9b9c,1
"andhi r0, r0, sp",1
"addsne r0, lr, r4, lsl 14",1
invalid,1
"andeq sp, lr, r7, lsl 26",1
"ldreq r8, [r0, -r0]",1
"strheq r0, [r0], -sb",1
invalid,1
"andhi r0, r0, lr",1
"movwls r0, 0x70c0",1
"andhi r0, r0, pc",1
"vrhadd.s8 d0, d23, d0",1
"andhi r0, r0, pc",1
"cdpmi p2, 0, c0, c7, c0, 4",1
invalid,1
"andeq sp, lr, r7, lsl 8",1
"andhi r0, r7, 0, 4",1
"streq r0, [r0], -0xf",1
"andseq r2, r1, r7, lsl 26",1
"stmdbeq r0, {fp}",1
"andeq r8, r1, r4, lsl 16",1
"adcseq r0, r3, r0, lsl 22",1
"streq r0, [sb], -0",1
"muleq r0, r3, r1",1
"andeq r1, r1, fp, lsl 30",1
"strhs r0, [r4, -0x900]",1
"movweq r0, 0",1
"andeq r0, r0, sp, lsl r6",1
invalid,1
svcne 0xc0000,1
"stmdblt r0, {r0}",1
"stceq p0, c0, [r0, -4]",1
"andeq r0, r0, r5, lsl 2",1
"streq r0, [sb], -3",1
"strheq r0, [r0], -pc",1
"ldrbeq r0, [r6], 0xf0e",1
invalid,1
"strdeq r7, r8, [r3], -r6",1
"ldcleq p0, c1, [r3, -0]!",1
invalid,1
"andeq r0, r0, r5, lsr 32",1
"andne r2, r0, r2, lsl 6",1
"andeq r0, r0, pc, ror r4",1
"tsteq sb, sb, lsl 24",1
"movwhs r0, 0x2000",1
"subeq r1, r1, 4",1
"stc2 p0, c0, [sb, -0]",1
"andeq r0, r0, sb, lsl r1",1
"andne r2, r8, r2, lsl 6",1
"andeq r0, r0, fp, asr 14",1
"tsteq sb, sb, lsl 28",1
"movwhs r0, 0x2000",1
"stmdbeq r2!, {r2, r3, ip} ^",1
invalid,1
"andeq r0, r0, sb, lsl r1",1
"tstne r0, r2, lsl 6",1
"andeq r0, r0, sp, lsl 7",1
"stmdbne r1, {r0, r3}",1
"andeq r0, r0, 1",1
"ldmdagt r1, {r0, r1, r5, sl, ip}",1
"stmdbeq r0, {r0, r1, r2}",1
"tsteq sb, r1, lsl 2",1
"movwhs r0, 0x2000",1
"orrseq r1, fp, r8, lsl r1",1
"andeq r0, sb, 0",1
"andeq r1, r1, r1, lsl 18",1
"stcne p2, c0, [r3], -0",1
"andeq r7, r2, r1, lsl lr",1
"mrseq r0, apsr",1
"andeq r0, r0, sb, lsl r1",1
invalid,1
"ldrdeq r0, r1, [r0], -fp",1
"stmdbne r1, {r0, r3, r8, sl}",1
"andeq r0, r0, 1",1
"ldmdblt r1, {r0, r1, r5, sl, sp}",1
"stmdbeq r0, {r0}",1
"tsteq sb, r6, lsl 2",1
"movwhs r0, 0x2000",1
"ldrbeq r1, [sb, -r8, lsr 2]",1
"streq r0, [sb, -r0]",1
"andeq r1, r1, r1, lsl 18",1
"stchs p2, c0, [r3], -0",1
"andeq r4, r5, r1, lsl r3",1
"mrseq r0, apsr",1
"andeq r0, r0, pc, lsl r4",1
"teqne r0, r2, lsl 6",1
"andeq r0, r0, r1, lsl 2",1
"strhs r0, [r1, -0xb09]",1
"andeq r0, r0, 4",1
"ldmdblo r1, {r0, r1, r5, sl, ip, sp}",1
"stmdbeq r0, {r1}",1
"eoreq r0, r5, sp, lsl 2",1
"movwhs r0, 0x2000",1
"ldrbeq r1, [r7, 0x138]",1
"mrsne r0, apsr",1
"andeq r2, r0, r1, lsl 10",1
"stclo p2, c0, [r3], -0",1
"andeq ip, r2, r1, lsl ip",1
"tsteq r3, r0, lsl 18",1
"andeq r0, r0, r8, ror 1",1
invalid,1
"andeq r0, r0, sl, lsl 5",1
"movwlt r1, 0x1709",1
"andeq r0, r0, 0",1
invalid,1
"stmdbeq r0, {r1, r2}",1
"sbceq r0, r1, r8, lsl r1",1
"movwhs r0, 0x2000",1
invalid,1
invalid,1
"andeq r2, r4, r1, lsl 22",1
"strmi r0, [r3, -r0, lsl 4]!",1
"andseq fp, sp, r1, lsl sp",1
"tsteq sp, r0, lsl 18",1
"andeq r0, r0, fp, lsr r4",1
invalid,1
"ldrdeq r0, r1, [r0], -r0",1
blx 0x62b94,1
"andeq r0, r0, 0",1
"ldrls r5, [r1, -r3, lsr 32]",1
"stmdbeq r0, {r0, r1, r2}",1
"tsteq r7, pc, lsr 2",1
"movwhs r0, 0x2000",1
invalid,1
"andlo r0, sb, r0",1
"andeq r1, r1, r1, lsl 14",1
"stcpl p2, c0, [r3], -0",1
"andeq pc, r2, r1, lsl sb",1
"teqeq r1, r0, lsl 18",1
"andeq r0, r0, r7, lsl r1",1
invalid,1
"andeq r0, r0, sp, lsr 15",1
"strne r3, [r1, -sb, lsl 4]",1
"andeq r0, r0, 1",1
"ldrlt r6, [r1], -0x423",1
"stmdbeq r0, {r0, r1, r2}",1
"eoreq r0, ip, r3, lsr r1",1
"movwhs r0, 0x2000",1
"streq r1, [lr], -0x168",1
"strlo r0, [sb, -0]",1
"andeq r2, r0, r1, lsl 10",1
"stcvs p2, c0, [r3], -0",1
"andeq sp, r7, r1, lsl r6",1
"teqeq r7, r0, lsl 18",1
"andeq r0, r0, r1, asr 8",1
"rsbseq r2, r0, r2, lsl 6",1
"andseq sb, r0, r5, lsl 14",1
invalid,1
"andeq r0, r0, r7, lsr r0",1
"strpl r0, [sl, -0x412]",1
"andeq r0, r0, r6, lsr 7",1
"andeq r7, lr, r3, lsl r5",1
"ldrblo r0, [r8, -r0, lsl 20]",1
"movwne r0, 0",1
"strheq r0, [r0], -sp",1
invalid,1
"strne r0, [r0], -0",1
blgt 0x149bc30,1
"andne r0, r0, r3",1
"andeq r0, r0, sl, asr 25",1
"eoreq r5, r5, sl, lsl 8",1
"movwhs r0, 0x2000",1
"cdpeq p0, 0, c1, c8, c0, 0",1
"stcpl p0, c0, [sl, -0]",1
"andeq r0, r0, r7, lsl 7",1
"andeq r2, r4, r2, lsl 6",1
"andeq r4, pc, r3, lsl 26",1
"ldrbge r0, [lr], -r0, lsl 20",1
"movweq r0, 3",1
"andeq r0, r0, pc, asr 30",1
"biceq r6, fp, 0xa000",1
invalid,1
"stmdbeq r0, {r2}",1
"teqeq r6, 0x26c",1
invalid,1
"andeq r1, r4, r1, lsr 31",1
svchs 0xe91000,1
"andge r0, sb, 0",1
"andeq r0, r0, pc, lsl r4",1
"andne r2, r0, r2, lsl 6",1
"andeq r0, r0, r2, lsr 7",1
"strteq sl, [r5], -0x309",1
"movwhs r0, 0x2000",1
"cdplo p0, 9, c1, c8, c4, 0",1
"strge r0, [sb, -r0]",1
"andeq r0, r0, r5, lsr 32",1
"andeq r2, r8, r2, lsl 6",1
invalid,1
"streq r0, [sb], -0",1
"andeq r0, r0, r0, asr 3",1
"andeq r1, r1, ip, lsl 30",1
"andeq r3, r4, r0, lsl 22",1
"mrseq r0, apsr",1
"andeq r0, r0, r0",1
invalid,1
svcne 0xc0000,1
invalid,1
"stceq p0, c0, [r0, -0x10]",1
"andeq r0, r0, r5, lsl 2",1
svcpl 0xf0027,1
"andlo r0, r0, pc",1
"strteq r3, [r4], 0x701",1
bhs 0x4194c4,1
invalid,1
"andeq r4, r0, sl, lsr sl",1
"eoreq r0, r3, r0, lsl 4",1
"andeq r7, sp, r0, lsl r4",1
"ldrhs r0, [sp, -0x100]!",1
"andeq r0, r0, 0",1
beq 0x41a56c,1
invalid,1
"andeq sl, r4, r1, asr 8",1
"stmdaeq r3!, {sb}",1
"andseq r8, r1, r0, lsl r2",1
"stclhi p1, c0, [r4, -0]",1
"andeq r0, r0, 1",1
"ldrlo r2, [r0], -0x823",1
invalid,1
"andeq r8, r1, r7, asr 26",1
"stchs p2, c0, [r3], -0",1
"eorseq r0, r7, r0, lsl 24",1
"ldrteq r0, [r4], 0",1
"streq r0, [sp, -0]",1
"streq r0, [r0, -r1]",1
svceq 0xfb1600,1
invalid,1
"strbteq r0, [r0], 0x2d3",1
"cdphs p0, 1, c0, c1, c0, 0",1
invalid,1
invalid,1
"movwhs r0, 0x2000",1
"cmnvs r6, r0, lsl 14",1
"strle r0, [r1], -ip, rrx",1
"andeq r1, r1, r2, lsl 18",1
"strteq r0, [r3], -0x200",1
"andlt r1, r1, 0, 16",1
"movweq r0, 1",1
"tsteq r7, ip, asr 2",1
"mrseq r0, apsr",1
"andeq r0, r0, r5, lsl r5",1
"andeq sb, r4, sb, lsl r7",1
"strbne r0, [ip, -r0, lsl 6]",1
"stmdbne r0, {r0}",1
"andeq r0, r0, r6, ror r1",1
"eoreq r4, r5, r3, lsl 24",1
"ldrhs r0, [sb], -r0",1
"movweq r0, 5",1
"andeq r2, r0, ip, asr 24",1
"tsteq sl, r0",1
"strheq r0, [r0], -r2",1
"stmdbne r1, {r2, sb, fp, ip, lr, pc}",1
"movweq r0, 1",1
"andeq r0, r0, r1, lsr r5",1
"streq r6, [r0], -0xe1b",1
"ldrdeq r2, r3, [r0], -sl",1
"andspl r0, ip, r0",1
invalid,1
"ldrbeq r0, [r1], -0x1b3",1
blge 0x2195a4,1
blge 0x17195a8,1
"cdpeq p0, 5, c0, c4, c0, 0",1
"strvc r0, [r1], -0",1
"stcne p0, c0, [r0, -0x14]",1
"andeq r0, r0, sl, lsr 30",1
"subeq fp, sl, r1, lsl 6",1
"cdpeq p0, 7, c0, c4, c0, 0",1
svcvs 0x1e0000,1
invalid,1
"andge r0, r0, r4",1
svcne 0xe,1
"andeq sl, r0, r4, asr fp",1
"andeq r2, r0, r0, asr 4",1
"eorne r2, r4, r0",1
"movwge r0, 0x2000",1
"andeq r2, r0, r1, lsl 10",1
"streq r0, [sl], -r0, lsl 6",1
"tstvc fp, 0",1
"movwge r0, 0x2031",1
"andeq r0, r0, sp, lsl 3",1
"eorseq r7, r2, fp, lsl r3",1
"orreq sl, sp, r2, lsl 6",1
"tstvc fp, 0",1
"andeq r3, r0, 0x32",1
"andeq r1, r1, r3, lsr 31",1
"rsbslo r1, r3, 0, 22",1
"movwge r0, 0x2031",1
"andeq r0, r0, pc, lsl r1",1
"eorslo r7, r2, 0x6c000000",1
svcne 0xa30200,1
blne 0x19624,1
"eorseq r3, r3, r3, ror r2",1
"tsteq pc, r2, lsl 6",1
"tstvc fp, 0",1
"andeq r3, r0, 0x32000000",1
"andeq r1, r1, r3, lsr 31",1
"rsbslo r1, r3, 0, 22",1
"movwge r0, 0x2035",1
"andeq r0, r0, pc, lsl r1",1
"shadd16lo r7, r2, fp",1
svcne 0xa30200,1
blne 0x19650,1
"eorseq r3, r7, r3, ror r2",1
"tsteq pc, r2, lsl 6",1
"tstvc fp, 0",1
"andeq r3, r0, 0x320000",1
"andeq r1, r1, r3, lsr 31",1
svcpl 0x222100,1
"andeq r6, r0, 0x7c000001",1
"andeq r2, r0, r5, lsr 11",1
"andhs r0, r0, r0",1
"andeq r1, r0, pc, lsr 32",1
"strhs sb, [r1, -0x502]",1
"movweq r0, 0",1
"muleq r0, r5, r6",1
"eorseq r7, r1, fp, lsl r3",1
"orreq sb, sp, r2, lsl 10",1
"tstvc fp, 0",1
"strls r0, [r2, -0x32]",1
"andeq r0, r0, sp, lsl 3",1
"teqlo r2, fp, lsl r3",1
svcne 0x950200,1
blne 0x196a4,1
"eorseq r3, r2, r3, ror r2",1
"tsteq pc, r2, lsl 10",1
"tstvc fp, 0",1
"andeq r3, r0, 0xc8000000",1
"muleq r1, r5, pc",1
"rsbslo r1, r3, 0, 22",1
"strls r0, [r2, -0x34]",1
"andeq r0, r0, pc, lsl r1",1
"ldrlo r7, [r2, -0x31b]!",1
svcne 0x950200,1
blne 0x196d0,1
"eorseq r3, r6, r3, ror r2",1
"tsteq pc, r2, lsl 10",1
"tstvc fp, 0",1
"andeq r3, r0, 0xc80000",1
"muleq r1, r5, pc",1
"rsbslo r1, r3, 0, 22",1
"strls r0, [r2, -0x38]",1
"andeq r0, r0, pc, lsl r1",1
svcpl 0x5f2221,1
"strls r0, [r2, -r3, rrx]",1
"andeq r0, r0, r5, lsr 32",1
blo 0x8196fc,1
"andeq r0, r0, 0x10",1
"eoreq r0, r5, r7, lsl 3",1
"strne r0, [r3, -0]",1
blne 0x19728,1
"andeq r3, r0, 0xc000001c",1
"andeq r8, r1, r7, lsl 27",1
"rsbslo r1, r3, 0, 22",1
"stchi p2, c0, [r7]",1
blne 0x19724,1
"eorseq r3, r2, r3, ror r2",1
"tsteq pc, r2, lsl 14",1
"tstvc fp, 0",1
"andeq r3, r0, 0xc8000000",1
"andeq r1, r1, r7, lsl 31",1
"rsbslo r1, r3, 0, 22",1
"smladxhi r2, r4, r0, r0",1
"andeq r0, r0, pc, lsl r1",1
"ldrlo r7, [r2, -0x31b]!",1
svcne 0x870200,1
blne 0x19750,1
"eorseq r3, r6, r3, ror r2",1
"tsteq pc, r2, lsl 14",1
"tstvc fp, 0",1
"andeq r3, r0, 0xc80000",1
"andeq r1, r1, r7, lsl 31",1
"rsbslo r1, r3, 0, 22",1
"smladxhi r2, r8, r0, r0",1
"andeq r0, r0, pc, lsl r1",1
svcpl 0x5f2221,1
"stmdbhi r2, {r0, r1, r5, r6}",1
"andeq r0, r0, r5, lsr 32",1
"strmi r0, [r0, -0]!",1
"andeq r0, r0, 0x10",1
"eoreq r0, r5, sb, ror r1",1
bhi 0xd9788,1
blne 0x197a8,1
"andeq r3, r0, 0xc000001c",1
"andeq r8, r1, sb, ror sp",1
"rsbslo r1, r3, 0, 22",1
"ldclhi p2, c0, [sb, -0]!",1
blne 0x197a4,1
"eorseq r3, r3, r3, ror r2",1
"tsteq pc, r2, lsl 18",1
"tstvc fp, 0",1
"andeq r3, r0, 0x32000000",1
"andeq r1, r1, sb, ror pc",1
"rsbslo r1, r3, 0, 22",1
"stmdbvc r2, {r0, r2, r4, r5}",1
"andeq r0, r0, pc, lsl r1",1
"shadd16lo r7, r2, fp",1
svcne 0x790200,1
blne 0x197d0,1
"eorseq r3, r7, r3, ror r2",1
"tsteq pc, r2, lsl 18",1
"tstvc fp, 0",1
"andeq r3, r0, 0x320000",1
"andeq r1, r1, sb, ror pc",1
svcpl 0x222100,1
"andeq r6, r0, 0x7c000001",1
"andeq r2, r0, fp, ror r5",1
"andhs r0, r0, r0",1
"andeq r0, r0, r6, lsl 24",1
"strhs r6, [r1, -0xb02]",1
"movweq r0, 0",1
"strdeq r0, r1, [r0], -r4",1
"eorseq r7, r1, fp, lsl r3",1
"orreq r6, sp, r2, lsl 22",1
"tstvc fp, 0",1
blvs 0x998d8,1
"andeq r0, r0, sp, lsl 3",1
"ldrtlo r7, [r2], -0x31b",1
svcne 0x6b0200,1
blne 0x19824,1
"eorseq r3, r5, r3, ror r2",1
"tsteq pc, r2, lsl 22",1
"tstvc fp, 0",1
"andeq r3, r0, 0x3200000",1
"andeq r1, r1, fp, ror 30",1
"rsbslo r1, r3, 0, 22",1
blvs 0x99918,1
"andeq r0, r0, pc, lsl r1",1
"ldmdalo r2!, {r0, r1, r3, r4, r8, sb, ip, sp, lr}",1
svcne 0x6b0200,1
invalid,1
"cmpvs pc, 34, 30            ; 0x22",1
"strbhs r0, [sp, -0x200]!",1
"andeq r0, r0, r0",1
invalid,1
"stcpl p0, c0, [r2, -0]",1
"andeq r2, r0, r1, lsl 10",1
"ldmdaeq r3, {r8, sb} ^",1
"tstvc fp, 0",1
"stcpl p0, c0, [r2, -0xc4]",1
"andeq r0, r0, sp, lsl 3",1
"eorseq r7, r2, fp, lsl r3",1
"orreq r5, sp, r2, lsl 26",1
"tstvc fp, 0",1
"andeq r3, r0, 0xc800000",1
"andeq r1, r1, sp, asr pc",1
"rsbslo r1, r3, 0, 22",1
"stcpl p0, c0, [r2, -0xd8]",1
"andeq r0, r0, pc, lsl r1",1
invalid,1
svcne 0x5d0200,1
blne 0x198a4,1
"eorseq r3, r8, r3, ror r2",1
"tsteq pc, r2, lsl 26",1
"eorhs r0, r1, 0",1
"rsbeq r5, r3, pc, asr pc",1
"eoreq r5, r5, r2, lsl 30",1
"andeq r0, r0, r0",1
"andseq r6, r0, r0, lsr 22",1
"mrslo r0, r8_usr",1
"andeq r0, r0, r5, lsr 32",1
"andeq sl, r8, r3, lsl 14",1
"cmnlo r3, r0, lsl 22",1
"stclhi p2, c0, [0x000198d0]",1
blne 0x198d8,1
"andeq r3, r0, 0x30000007",1
"andeq r8, r1, pc, asr 26",1
"rsbslo r1, r3, 0, 22",1
svcmi 0x20036,1
"andeq r0, r0, pc, lsl r1",1
invalid,1
svcne 0x4f0200,1
blne 0x198f8,1
"eorseq r3, r8, r3, ror r2",1
"tsteq pc, r2, lsl 30",1
"eorhs r0, r1, 0",1
"rsbeq r5, r3, pc, asr pc",1
"eoreq r5, r5, r2, lsl 2",1
"andeq r0, r0, r0",1
"andseq r7, r0, r0, lsr 12",1
"mrslo r0, r8_usr",1
"andeq r0, r0, r5, lsr 32",1
"andeq pc, r8, r3",1
"cmnlo r3, r0, lsl 22",1
"stclhi p2, c0, [r1, -0]",1
blne 0x1992c,1
"andeq r3, r0, 0x30000007",1
"andeq r8, r1, r1, asr 26",1
"rsbslo r1, r3, 0, 22",1
invalid,1
"andeq r0, r0, pc, lsl r1",1
"ldmdalo r2!, {r0, r1, r3, r4, r8, sb, ip, sp, lr}",1
svcne 0x410200,1
invalid,1
"cmpvs pc, 34, 30            ; 0x22",1
"strbhs r0, [r3, -0x200]",1
"andeq r0, r0, r0",1
"addne r2, r1, r0",1
"movwlo r0, 0x2000",1
"andeq r2, r0, r1, lsl 10",1
"stmdbeq lr!, {r8, sb}",1
"tstvc fp, 0",1
"movwlo r0, 0x2031",1
"andeq r0, r0, sp, lsl 3",1
"eorseq r7, r2, fp, lsl r3",1
"orreq r3, sp, r2, lsl 6",1
"tstvc fp, 0",1
"andeq r3, r0, 0x320000",1
"andeq r1, r1, r3, lsr pc",1
svcpl 0x222100,1
"andeq r6, r0, 0x7c000001",1
"andeq r2, r0, r5, lsr r5",1
"andhs r0, r0, r0",1
"andeq r1, r0, ip, lsl 1",1
"strhs r2, [r1, -0xd02]",1
"movweq r0, 0",1
"andeq r0, r0, r4, asr sb",1
"eorseq r7, r1, fp, lsl r3",1
"orreq r2, sp, r2, lsl 26",1
"tstvc fp, 0",1
"stchs p0, c0, [r2, -0xc8]",1
"andeq r0, r0, sp, lsl 3",1
svceq 0xd11c00,1
"mrsgt r0, apsr",1
"andeq r8, r1, r1, lsl 26",1
"adceq r5, fp, r0, lsl 24",1
"adceq lr, ip, r0, lsl 16",1
"andeq ip, lr, r0, lsl 26",1
"ldcleq p1, c0, [r8, 0]!",1
"ldc p0, c0, [sp, -0]",1
invalid,1
"andeq r8, r1, r1, asr 27",1
"andeq lr, lr, r0, lsl 26",1
"rsbseq r2, r3, r0, lsl 6",1
"subeq ip, sl, r1, lsl 2",1
svceq 0xb0000,1
"vld4.8 {d0, d1, d2, d3}, [r4], r0",1
invalid,1
"andeq r8, r1, r3, asr 27",1
"andeq r2, pc, r0, lsl 18",1
"ldcleq p4, c2, [ip], -0",1
"strgt r0, [r1], -0",1
"andeq r0, r0, sp, lsl 3",1
"andeq r0, r0, r8, ror 30",1
"andeq r7, r5, r5, lsr 8",1
"adceq r8, fp, r0, lsl 16",1
"adceq lr, fp, r0, lsl 24",1
"sbcshi r0, ip, r0, lsl 2",1
"strhs r0, [r0], -fp",1
"strdeq r0, r1, [r0], -r1",1
"andeq r0, r0, fp, ror pc",1
"andeq lr, r5, r6, lsr 12",1
"andeq r7, pc, r0, lsl 22",1
"ldrbeq r2, [fp, 0x600]",1
svceq 0x7b0000,1
"eorle r0, r6, r0",1
blvc 0x19a58,1
"strhs r0, [r0], -pc",1
"andeq r0, r0, r5, asr 11",1
"andeq r0, r0, pc, lsl 31",1
"andeq fp, r5, r6, lsr 20",1
"andeq sl, pc, r0, lsl 8",1
"streq r2, [0x0001a05c]!",1
svceq 0xb90000,1
"strtge r0, [r6], -0",1
"cdpgt p0, 0, c0, c0, c5, 0",1
"strhs r0, [r0], -pc",1
"muleq r0, sb, r5",1
"andeq r0, r0, r3, ror 31",1
"andeq r8, r5, r7, lsr 30",1
"streq r2, [r5, 0x600]",1
svceq 0x680000,1
beq 0xa19a84,1
"stmdals r0, {r1, r2}",1
invalid,1
"andeq r0, r0, 0xab",1
"ldrbteq r2, [ip], -sl, lsr 13",1
svceq 0xf80000,1
invalid,1
invalid,1
"strhs r0, [r0], -pc",1
"andeq r0, r0, r6, ror 12",1
"strdeq r0, r1, [r0], -r8",1
"andeq r5, r6, r6, lsr 22",1
"andeq pc, pc, r0, lsl 16",1
"ldrbeq r2, [r0], -r0, lsl 12",1
"andne r0, ip, r0",1
"strmi r0, [r6, -0]!",1
invalid,1
invalid,1
"andeq r0, r0, sl, lsr r6",1
"andeq r1, r0, r6, lsr r0",1
"andeq r2, r6, r6, lsr 30",1
"andseq r4, r0, r0, lsl 22",1
"strteq r2, [r5], -r0, lsl 14",1
blne 0x999ae0,1
"andvs r0, r0, r6",1
"stmdahs r0, {r4}",1
"muleq r0, r5, r6",1
"andeq sl, r0, r8, lsr 23",1
"andeq sl, r0, ip, ror 23",1
"stc2 p12, c9, [r6], -8",1
"movwvc r0, 6",1
invalid,1
"strdeq r0, r1, [r0], -r1",1
"andeq r1, r0, r3, ror r0",1
"andeq lr, r6, r6, lsr 12",1
"andseq r7, r0, r0, lsl 6",1
"ldrbeq r2, [fp], r0, lsl 12",1
"rsbsne r0, r3, r0",1
"eorle r0, r6, r0",1
"strhi r0, [r0, -r6]",1
invalid,1
"andeq r0, r0, r5, asr 13",1
"muleq r0, ip, r0",1
"andeq fp, r6, r6, lsr 20",1
"andseq fp, r0, r0, lsl 2",1
"ldrteq r2, [r0], r0, lsl 14",1
"strtge r0, [r6], -r0",1
"strgt r0, [r0], -r6",1
"stmdahs r0, {r4}",1
"andeq r0, r0, r5, lsl r7",1
"strheq sl, [r0], -ip",1
"andeq sl, r0, ip, ror 23",1
invalid,1
"stmdble r0, {r0, r1, r2}",1
invalid,1
"andeq r0, r0, r6, ror 14",1
"ldrdeq r1, r2, [r0], -sb",1
"andeq r5, r7, r6, lsr 22",1
"andseq sp, r0, r0, lsl 18",1
"ldrbeq r2, [r0, -r0, lsl 12]",1
"sbcsne r0, sb, r0",1
"strmi r0, [r6, -0]!",1
"stc p0, c0, [r0, -0x1c]",1
invalid,1
"andeq r0, r0, sl, lsr r7",1
"andeq r1, r0, r2, lsl 2",1
"andeq r3, r7, r7, lsr 32",1
"streq r2, [r6, -r0, lsl 12]!",1
"tstne r7, r0",1
bhi 0xa19b98,1
invalid,1
invalid,1
"andeq r0, r0, 0xab",1
"ldrbeq r2, [fp, r0, lsl 13]",1
invalid,1
"eorle r0, r6, r0",1
bhs 0x19bd0,1
invalid,1
"andeq r0, r0, r5, asr 15",1
"andeq r1, r0, sl, lsr 2",1
"andeq fp, r7, r6, lsr 20",1
"andseq r2, r1, r0, lsl 20",1
"streq r2, [pc, r0, lsl 12]!",1
"teqne lr, r0",1
"strge r0, [r7, -0]!",1
"strhs r0, [r0], -r7",1
"muleq r0, fp, r7",1
"andeq r1, r0, r3, asr r1",1
"andeq r0, r0, r0",1
"ldrbeq r2, [r4, -0x900]!",1
invalid,1
"rscseq r0, r8, r0",1
"cdple p0, 0, c0, c1, c0, 0",1
"ldrdeq r0, r1, [r0], -r0",1
"andeq pc, r5, r6, lsr 2",1
"andseq r6, r1, r0, lsl 12",1
"strbeq r2, [r6, 0x600]!",1
invalid,1
blle 0x999c0c,1
"strhi r0, [r0], -r5",1
invalid,1
"ldrdeq r0, r1, [r0], -r0",1
"andeq r1, r0, r8, lsr 3",1
"andeq ip, r5, r6, lsr 10",1
"andseq r8, r1, r0, lsl 12",1
"ldreq r2, [sl, 0x600]!",1
"bicne r0, sl, r0",1
svcge 0x260000,1
invalid,1
invalid,1
"andeq r0, r0, r4, lsr 11",1
"andeq r1, r0, lr, lsl 4",1
"andeq sb, r5, r6, lsr 18",1
"andseq r3, r2, r0",1
"streq r2, [0x0001a34c]",1
"strhi r0, [r6, -0]!",1
"andpl r0, r0, 5",1
"stmdahs r0, {r1, r4}",1
"andeq r0, r0, sl, lsl 12",1
"andeq sl, r0, r0, lsl ip",1
"andeq sl, r0, r4, lsl 25",1
invalid,1
"andvc r0, r0, r6",1
invalid,1
"andeq r0, r0, r1, ror r6",1
"andeq r1, r0, r0, ror r2",1
"andeq r6, r6, r6, lsr 12",1
"andseq r8, r2, r0, lsl 8",1
"ldrbeq r2, [fp], -r0, lsl 12",1
"addsne r0, sb, 0",1
"eorpl r0, r6, r0",1
"strhi r0, [r0], -6",1
invalid,1
"andeq r0, r0, r5, asr 12",1
"andeq r1, r0, lr, lsr 5",1
"andeq r3, r6, r6, lsr 20",1
"andseq ip, r2, r0, lsl 6",1
"strteq r2, [pc], -r0, lsl 12",1
"sbcsne r0, r8, 0",1
"strhs r0, [r7, -0]!",1
"strhs r0, [r0], -r6",1
"andeq r0, r0, fp, lsl r6",1
"andeq r1, r0, sp, ror 5",1
"andeq sb, r6, r8, lsr 10",1
"adceq r2, ip, r0, lsl 8",1
"adceq r8, ip, r0, lsl 8",1
"ldrhs r0, [ip], r0, lsl 4",1
"strdeq r0, r1, [r0], -ip",1
"andeq r1, r0, r0, lsl 6",1
"andeq pc, r6, r6, lsr 2",1
"andseq r0, r3, r0",1
"strbteq r2, [r6], r0, lsl 12",1
"tstne r4, 0",1
blle 0x999ce8,1
"stmdbhs r0, {r1, r2}",1
invalid,1
"ldrdeq r0, r1, [r0], -r0",1
"andeq r1, r0, r4, lsl r3",1
"andeq ip, r6, r6, lsr 10",1
"andseq r3, r3, r0, lsl 28",1
"ldrteq r2, [sl], r0, lsl 12",1
"cmpne r3, 0",1
"eorlt r0, r7, r0",1
"strhs r0, [r0], -r6",1
"andeq r0, r0, r6, lsr 13",1
"andeq r1, r0, r8, ror 6",1
"andeq r1, r7, r8, lsr 10",1
"adceq r3, ip, r0, lsl 8",1
"adceq r8, ip, r0, lsl 8",1
"strhs r0, [lr], r0, lsl 4",1
"andeq r0, r0, r1, ror r7",1
"andeq r1, r0, fp, ror r3",1
"andeq r6, r7, r6, lsr 12",1
"andseq r7, r3, r0, lsl 22",1
"ldrbeq r2, [fp, -r0, lsl 12]",1
"orrne r0, pc, 0",1
"eorpl r0, r6, r0",1
"strge r0, [r0], -7",1
invalid,1
"andeq r0, r0, r5, asr 14",1
"andeq r1, r0, pc, lsl 7",1
"andeq r3, r7, r6, lsr 20",1
"andseq fp, r3, r0, lsl 18",1
"ldreq r2, [r0, -r0, lsl 14]!",1
"strths r0, [r6], -r0",1
"cdpgt p0, 0, c0, c0, c7, 0",1
"stmdahs r0, {r0, r1, r4}",1
"andeq r0, r0, sl, lsl 15",1
"andeq sl, r0, r4, asr 24",1
"andeq sl, r0, r4, lsl 25",1
blle 0x9b9d84,1
invalid,1
invalid,1
"ldrdeq r0, r1, [r0], -r0",1
"andeq r1, r0, r1, ror 7",1
"andeq ip, r7, r6, lsr 10",1
"andseq pc, r3, r0, lsl 10",1
"ldreq r2, [sl, r0, lsl 12]!",1
"strne r0, [sl], -0",1
svcge 0x260000,1
invalid,1
"smladhs r0, r3, r0, r0",1
"andeq r0, r0, r5, lsr 15",1
"andeq sb, r7, r6, lsr 22",1
"andseq r1, r4, r0, lsl 30",1
"ldrbeq r2, [r4, r0, lsl 16]!",1
"mrrcge p0, 0, r0, r4, c0",1
"stcge p0, c0, [r4], {0}",1
"andvc r0, r2, 0",1
"andeq r3, r8, r6, lsr 20",1
"andseq r3, r4, r0, lsl 4",1
"stmdaeq pc!, {sb, sl, sp}",1
"ldrtne r0, [r2], -0",1
"strths r0, [r6], -0",1
"strmi r0, [r0], -r8",1
invalid,1
"andeq r0, r0, sb, lsl r8",1
"andeq r1, r0, fp, asr r4",1
"andeq r0, r8, r7, lsr 30",1
"stmdaeq r5, {sb, sl, sp}",1
"ldrbtne r0, [r0], -0",1
invalid,1
"strvs r0, [r0], -8",1
"strhi r0, [r0], -0xac",1
"andeq r0, r0, 0xac",1
"stmeq lr, {r2, r5, r6, sb, sl, sp}",1
"strne r0, [r3], 0",1
invalid,1
"movwhi r0, 8",1
invalid,1
"andeq r0, r0, r8, ror r8",1
"muleq r0, r7, r4",1
"andeq r6, r8, r7, lsr 28",1
"stmdaeq r4!, {sb, sl, sp} ^",1
"strtne r0, [ip], 0",1
"andeq r0, r0, r0",1
"andeq r0, r0, r0",1
blge 0x1e24638,1
"subhs r0, fp, 0",1
"stcleq p0, c0, [lr, 0]!",1
invalid,1
blhs 0xd5a390,1
"strvc r5, [r2, -0x101]",1
"andpl r2, r1, r0, lsl 22",1
svcne 0x3001,1
"andeq sl, r0, r8, lsl 23",1
"andeq r2, r0, sp, ror 4",1
"rscsne r1, r1, r0, lsl 24",1
"vhadd.s8 d0, d1, d0",1
"andeq r2, r0, r1, lsl 24",1
"adceq lr, ip, r0, lsl 16",1
"adcseq r0, sl, r0, lsl 16",1
"andseq fp, r4, r0, lsl 30",1
"orrne r0, sb, r0, lsl 2",1
"ldrls r0, [sp], -0",1
invalid,1
"strdeq r1, r2, [r1], -r2",1
"andseq lr, r4, r0, lsl 24",1
"cdpeq p13, 0xb, c1, c8, c0, 0",1
"vhadd.s8 d0, d1, d0",1
"andeq r0, r0, ip, lsr 32",1
"andeq r1, r0, ip, lsl 10",1
"ldrbvs r6, [r2, -r3, lsr 2]!",1
"ldclhi p1, c0, [r3, 0]!",1
"strpl r0, [r0], -r1",1
"stcne p0, c0, [r0, -0x54]",1
"andeq r1, r0, ip, lsl r0",1
"eoreq pc, ip, r1, lsl 6",1
"ldrne r0, [fp]",1
"andshs r0, sp, 0",1
invalid,1
"strdeq r4, r5, [r0], -r4",1
"andseq r0, r6, r0, lsl 2",1
"ldcleq p12, c2, [r4, -0]!",1
"vst4.8 {d0, d1, d2, d3}, [r1], r0",1
"andeq r0, r0, r5, lsr 32",1
invalid,1
"andeq r1, r0, sl, lsl 2",1
"orrne pc, sb, r1, lsl 10",1
invalid,1
"orrne r1, r2, r8, lsl 26",1
invalid,1
"andeq r0, r0, sp, lsl 3",1
"andeq r1, r0, sp, lsl 13",1
"andeq r3, ip, sp, lsl r4",1
"ldclhi p1, c0, [r7, 0]!",1
invalid,1
"mcrne p0, 0, r0, c0, c6, 0",1
invalid,1
"andeq r0, r0, ip, lsr 32",1
"andeq r1, r0, pc, asr 14",1
"mcrvs p12, 3, r6, c5, c14, 0",1
"ldclhs p1, c0, [sl], 0",1
"strge r0, [r0, -0]",1
"strhs r0, [r0], -0x17",1
"andeq r0, r0, r4, asr 31",1
"orreq pc, sp, r1, lsl 22",1
invalid,1
"strhi r0, [r4, -r0]!",1
invalid,1
"strdeq r2, r3, [r0], -ip",1
"andseq r3, sb, r0, lsl 6",1
"cmpne r7, r0, lsl 8",1
"stc2 p0, c0, [r1, -0]",1
"muleq r0, r4, r1",1
"andeq r1, r0, fp, lsl 19",1
"andeq r0, pc, r4, lsr 18",1
"ldrbtls r0, [lr], 0x100",1
"stcle p0, c0, [r0, -0x44]",1
"strhs r0, [r0], -0x19",1
"andeq r0, r0, sp, lsr 26",1
"orrsne pc, r4, r1, lsl 30",1
bne 0x159f64,1
"cdpmi p0, 2, c0, c13, c0, 0",1
invalid,1
"stmdblt r4, {r1, r2, r3, r7, sb} ^",1
invalid,1
invalid,1
"biclt r0, ip, 0x40000030",1
blo 0xb59f80,1
invalid,1
invalid,1
invalid,1
invalid,1
"stmdalt ip, {r1, r2, r3, r4, r5, r6, sb} ^",1
"eorge r0, sp, 0",1
invalid,1
"ldmdalt ip, {r0, r3, r4, r5, r6, sb}",1
"eorne r0, lr, r0",1
"stmdale r0, {r0}",1
svchs 0x10,1
"stmdbpl r1, {r0, r1, r5, r6}",1
"andeq sl, r0, r1, lsl 24",1
"andseq r3, sl, r0, lsl 6",1
invalid,1
bpl 0x5a14c,1
"andeq sl, r0, r1, lsl 24",1
"andseq ip, fp, r0, lsl 24",1
"ldceq p0, c3, [r1], -0",1
blpl 0x59fd0,1
"andseq sb, r1, r1, lsl 8",1
"andseq r3, ip, r0, lsl 12",1
"teqeq r0, r0, lsl 28",1
"adcne r0, r2, r0",1
"stcvs p0, c0, [0x00019fe4]!",1
"andeq r0, lr, 0, 2",1
"andeq r0, r0, ip, lsr 32",1
"andeq r1, r0, pc, asr 25",1
"andseq r7, r1, r0, lsr r8",1
"andseq r0, r0, 0, 2",1
"muleq r0, r4, r1",1
"andeq r1, r0, r3, ror sp",1
"andeq r4, r1, lr, lsr 16",1
"andseq r7, r0, r0, lsl 20",1
svceq 0x13100,1
invalid,1
"andeq sp, r3, r2, lsl 12",1
"addspl r0, r1, r0, lsl 4",1
"andeq lr, r4, r2, lsr r0",1
"adcseq fp, r4, r0, lsl 16",1
"adcseq ip, r4, r0, lsl 8",1
"andseq r0, sl, 0, 2",1
"andeq r0, r0, r3, ror 31",1
"andeq r0, r5, r6, lsr 18",1
"andseq sp, sp, r0, lsl 8",1
"ldrbteq r2, [lr], 0x600",1
"ldclne p0, c0, [r4, 0]!",1
"vhadd.u32 d0, d6, d0",1
"strne r0, [r0], -4",1
"andeq r0, r0, lr, lsl r0",1
"andeq r6, r1, lr, lsr 32",1
"andseq r5, r0, r0, lsl 10",1
"rsbseq r2, r7, r0, lsl 30",1
"cdplo p3, 0, c2, c2, c1, 0",1
"strvs r0, [r0], -r0",1
"andlo r0, r0, lr, lsl r0",1
"andeq r4, r0, sb, ror sl",1
invalid,1
"strhi r0, [r0], -r0",1
"mcrhs p0, 0, r0, c0, c14, 0",1
"andeq r0, r0, r8, ror r1",1
"andeq r1, r0, r2, lsr 32",1
invalid,1
"eoreq r0, ip, sp, lsr r2",1
"cdpne p0, 0xc, c0, c5, c0, 0",1
bhs 0x1a088,1
"andeq fp, r0, r8, lsl r5",1
"andeq r2, r0, fp, ror r2",1
"andeq r1, r0, fp, asr 32",1
"subseq r0, r3, 0xc000000a",1
invalid,1
"rsbseq r0, fp, r2, asr r5",1
blhs 0x71a280,1
"stmdavc r2, {r0, r8, ip, lr}",1
"andpl r2, r1, r0, lsl 22",1
"subeq sb, r4, r2, lsl 2",1
"adcseq r6, r6, pc, lsl r8",1
"eoreq sl, r2, r0, lsl 30",1
"strtle r0, [sl], -0",1
invalid,1
"stmdbvs r0, {r1, r5}",1
blhs 0x1a108,1
"strvc r5, [r2, -1]",1
"ldrthi r0, [r3], -0",1
"strh r0, [r0], -r6",1
blhs 0x1a160,1
invalid,1
"strlo r0, [r0], -0x48",1
"andeq fp, r0, r0, lsl r7",1
"ldrdeq fp, ip, [r0], -r4",1
"muleq r0, r8, r0",1
"andseq fp, r1, r0, lsr r0",1
"subseq r0, r6, 0, 2",1
"andeq r0, r0, ip, lsr 32",1
"ldrdeq r1, r2, [r0], -sb",1
"ldrlt r1, [r8], 0xf00",1
"movwhs r0, 0x4000",1
bhs 0x1a108,1
"andeq sl, r0, r0, ror pc",1
"andeq r2, r0, r7, asr 5",1
"strheq r1, [r0], -r6",1
"subseq r0, r0, 0xc000000a",1
"movwlo r0, 0x75",1
"andeq sl, r0, ip, lsl 31",1
"andeq r2, r0, r8, lsl r3",1
"subseq r0, r2, 0xc000000a",1
invalid,1
"ldrge r0, [r1], 0x451",1
invalid,1
"rsbseq r0, r5, r0, asr r5",1
"eoreq r0, r2, r6, ror r0",1
"stcge p15, c1, [r4, -0]",1
"teqhs sl, 0",1
"eorge r0, sl, r0",1
"strpl r0, [r0], -0xad",1
invalid,1
blhs 0x1a194,1
"mrsls r5, apsr",1
invalid,1
"strge r0, [r3], -0x550",1
"andeq r0, r0, r0, asr 3",1
"adceq fp, sp, sl, lsr 32",1
"andeq r5, sb, r0, lsl 8",1
"andseq r1, r1, r0, lsl 26",1
invalid,1
"ldrbteq sb, [r8], -r3, lsl 2",1
"ldrbeq r0, [r0, -0x12b]",1
"biceq sb, r0, r3, lsl 8",1
invalid,1
"strgt r0, [r0, -lr, lsr 1]",1
"andlo r0, r0, 0x22",1
blhs 0x1a1d4,1
"mrsls r5, apsr",1
svcne 0x608,1
"andeq sl, r0, r0, ror 28",1
"andeq r2, r0, r0, asr 4",1
"adcseq r8, sb, r3, lsr r4",1
"andeq pc, sp, r0, lsl 16",1
"movwpl r2, 0x1b00",1
blhs 0x38db8,1
"strvc r5, [r2, -0x201]",1
invalid,1
blhs 0x385c4,1
invalid,1
blhs 0x1ba034,1
"tsteq r0, 2, 26",1
blhs 0x19c410,1
"movweq r7, 0xcd02",1
blhs 0x19b418,1
invalid,1
"vstrvc d2, [r2, -0xc0]",1
"ldcvc p6, c0, [r1], {4}",1
bne 0xfff5c5fc,1
"rsbseq r0, sp, fp, lsr 4",1
"ldrbteq sb, [r8], -r3, lsl 2",1
"streq r0, [sb], -0",1
"andeq r1, r0, pc, lsl 3",1
"andeq r3, r0, fp, lsl 14",1
"andeq r0, r1, 0, 8",1
"andeq r0, r0, r1, lsl 11",1
"andseq r0, r0, r5, lsr sb",1
"rscseq r0, lr, 0, 2",1
"andeq r1, r1, r1, lsl 18",1
"adcseq r0, sl, r0, lsl 16",1
"adcseq ip, fp, r0, lsl 16",1
"andseq r0, pc, r0, lsl 4",1
"bicne r0, ip, 0, 2",1
"cdpvs p0, 3, c0, c6, c0, 0",1
"rscseq r0, lr, 0, 2",1
"andeq r0, r0, r5, lsr 32",1
"andeq r1, r0, pc, lsr 30",1
invalid,1
"rscseq r0, lr, 0, 2",1
"andeq r0, r0, sp, lsl 3",1
"andeq r1, r0, sp, asr 30",1
"andseq r1, r0, r7, lsr ip",1
"rscseq r0, lr, 0, 2",1
"andeq r0, r0, ip, lsr 32",1
"andeq r1, r0, fp, ror 30",1
"andeq r6, pc, r7, lsr r7",1
"rscseq r0, pc, 0, 2",1
"andeq r1, r0, ip, asr 7",1
"andeq r1, r0, sb, lsl 31",1
invalid,1
"eoreq r0, r5, r1, lsl 6",1
svcne 0xa70000,1
"cdpvs p0, 3, c0, c8, c0, 0",1
"movweq r0, 0x1030",1
"andeq r3, r0, r3, lsl 14",1
svchs 0x560100,1
invalid,1
"bicsne r0, r7, 4, 6",1
"subhs r0, sl, r0",1
"eorls r0, lr, r0",1
"strgt r0, [r0, -1]",1
svchs 0x12,1
invalid,1
"eoreq r0, ip, r0, lsl r3",1
"addhs r0, sb, r0",1
"eorsne r0, r0, r0",1
invalid,1
"orrsne r0, r4, r1, lsl r3",1
"adchs r0, r7, r0",1
"eors r0, r2, r0",1
"andhi r0, r0, r4",1
"strhls r0, [r0], -sl",1
"strheq r0, [r0, -sl]",1
"addne r0, r8, 0x64000000",1
invalid,1
"stmda r0, {r0, r2}",1
"strhs r0, [r0], -r0, lsr 32",1
"strdeq r0, r1, [r0], -lr",1
"andeq r2, r0, r3, lsr 2",1
"andeq pc, r4, r6, lsr 6",1
"eoreq r3, r1, r0, lsl 14",1
blt 0xfe426ee0,1
"movths r0, 0x8000",1
invalid,1
"eorseq r0, r0, r1, asr r1",1
blt 0x1921ef0,1
invalid,1
"strtvc r0, [sl], -0",1
"movwvc r0, 0xbb",1
invalid,1
blhs 0x1a34c,1
"strvc r5, [r4, -r1, lsl 2]",1
blhs 0x926f0c,1
"andlo r5, r1, r1",1
bllt 0xfe626f14,1
"cmnhs r3, 0",1
invalid,1
"rsbseq r0, r7, r1, asr r4",1
invalid,1
"rsbseq r0, r5, r0, asr r2",1
invalid,1
"stmdblt r0, {r0}",1
"andlo r0, r0, r3, lsl r0",1
"andeq r2, r0, lr, lsr 12",1
invalid,1
"strvs r0, [r0, -r0]",1
svchs 0x21,1
"rsbeq r6, ip, r6, ror r1",1
"stmdbne r3, {r0, r8, sb, sl, fp, ip}",1
"strhi r0, [r0, -1]",1
"andlo r0, r0, r1, lsr 32",1
"andeq r0, r0, r4, ror sp",1
"strhs r2, [r3, -0x101]",1
"movwge r0, 0",1
"andlo r0, r0, r1, lsr 32",1
"andeq r1, r0, r0, ror 1",1
invalid,1
"cdpgt p0, 0, c0, c0, c0, 0",1
"andlo r0, r0, 0x21",1
"andeq r0, r0, r5, lsl r5",1
"andeq fp, r0, r8, lsl fp",1
"andeq fp, r0, r4, lsr 22",1
invalid,1
invalid,1
"andeq r0, r0, r7, lsr 10",1
"andeq r2, r0, lr, ror 3",1
"adcseq r2, fp, r3, lsr r0",1
"eoreq sb, r3, r0",1
"andpl r2, r1, r0, lsl 22",1
"andeq r7, r0, r2, lsl 20",1
blt 0xffd24ba4,1
"ldcleq p0, c0, [r8, 0]!",1
"cmnne r2, 0",1
invalid,1
"rsbseq r0, fp, r3, asr r2",1
"subseq r0, r2, 0xc000000a",1
invalid,1
"rsbseq r0, sl, r1, asr r2",1
"subseq r0, r0, 0xc000000a",1
"eoreq r0, fp, 0x77",1
invalid,1
"eoreq r0, fp, 72, 12",1
invalid,1
bhs 0x1bce8,1
"andeq fp, r0, r8, lsl fp",1
"andeq r2, r0, r8, lsr 7",1
"andeq r1, r0, r6, lsl 7",1
"subseq r0, r0, 0xc000000a",1
"movwlo r0, 0x77",1
"andeq fp, r0, r4, ror 22",1
"strdeq r0, r1, [r0], -r8",1
"subseq r0, r3, 0xc000000a",1
invalid,1
"rsbseq r0, sb, r2, asr r2",1
"subseq r0, r1, 0xc000000a",1
invalid,1
"rsbseq r0, r7, r0, asr r2",1
"ldmdaeq sp!, {r0, r1, r3, r5, sb} ^",1
"strbeq sb, [r8], -r3, lsl 2",1
"ldrbteq r0, [sp], -0x22b",1
"strbeq sb, [r4], -r3, lsl 2",1
"ldrhs r0, [pc], -0          ; [0x1a420:4]=0x1f000023",1
"stclt p0, c0, [r0, -0x2e8]",1
svcne 0x23,1
"andeq fp, r0, r4, asr 20",1
"andeq r2, r0, r0, asr 4",1
"andle r0, r4, 0, 18",1
bleq 0x1a484,1
"andeq r0, r0, r1, asr r4",1
"ldrteq r0, [r4], 0x409",1
"teqeq sb, r0",1
"andeq r0, r0, sb, asr pc",1
"cdplo p12, 0, c6, c1, c1, 0",1
"stmdagt r0, {r2, r4}",1
"strheq r0, [r0], -fp",1
"strheq r0, [r0, -ip]",1
invalid,1
"andeq r1, r0, lr, lsr r4",1
invalid,1
"andseq r3, r4, ip, ror 28",1
"eoreq r2, r2, r0, lsl 2",1
"rsbeq r3, r5, r0, lsl 20",1
"eoreq r6, r5, r1, lsl 28",1
"strpl r0, [r1], -r0",1
invalid,1
"andseq r3, r4, pc, ror 28",1
svcne 0x500100,1
"ldrdeq fp, ip, [r0], -r4",1
"strheq r2, [r0], -sp",1
"adcseq pc, fp, r3, lsr r4",1
"eoreq ip, r3, r0, lsl 22",1
invalid,1
blhs 0xc1c4a4,1
"strvc r5, [r2], -1",1
invalid,1
"andeq r5, r4, r4, lsl 2",1
blne 0x690ac,1
invalid,1
"subeq r0, sl, r7, ror r1",1
invalid,1
invalid,1
"stcvc p0, c0, [r2, -0]",1
"strbtne r0, [pc], -0x100",1
svcvs 0x230000,1
"cdplo p1, 7, c0, c7, c0, 0",1
"stcmi p0, c0, [r0, -0x50]",1
"andeq r0, r0, r2, lsr 32",1
"mcreq p1, 7, r0, c6, c12, 1",1
svcvc 0x10000,1
"adcseq r1, ip, r1, lsl 16",1
"adcseq r3, ip, r0",1
"rsbseq r0, sp, r0, lsl 4",1
"andseq sb, r4, r1, lsl 30",1
"rsbeq r3, pc, r0, lsl 26",1
"ldrtne r7, [lr], -0xf01",1
"andpl r0, r1, r0",1
invalid,1
"andeq r4, r0, pc, ror sl",1
"subseq r0, r1, r0, lsl 2",1
"mcreq p1, 2, r0, c15, c9, 1",1
bhi 0x5a50c,1
"andeq r2, r0, r1, lsl 10",1
"adcseq r3, ip, r0",1
"adcseq r7, ip, r0, lsl 8",1
"eoreq r6, r2, r0, lsl 28",1
"ldrne r0, [sl, -0x100]",1
svcvs 0x230000,1
"cdplo p1, 8, c0, c10, c0, 0",1
"mcrhi p0, 0, r0, c0, c4, 0",1
"movwhs r0, 0x22",1
bhi 0x5a6c0,1
"andeq r0, r0, pc, lsl r1",1
"strheq r2, [r0], -sl",1
invalid,1
"andeq r2, r0, sl, lsl 11",1
"eoreq sp, r2, r0, lsl 22",1
"cmnvs r5, 0, 28",1
"stcge p1, c0, [ip], {0}",1
invalid,1
"cdpne p0, 0, c0, c0, c2, 1",1
"stchi p0, c0, [r1, -0x1c0]",1
"andeq r1, r0, sl, lsl r5",1
"andeq r2, r0, pc, lsl 6",1
"eoreq pc, r4, r4, lsr 22",1
"strhs r0, [0x0001a66c]",1
bllo 0x1a570,1
blo 0x1a600,1
"andls r0, r1, r2, ror r0",1
"andeq r0, r0, r5, lsr 32",1
"stmdbeq r0, {r0, ip, lr}",1
"andeq r3, r0, r4, lsl 14",1
"stmdavs r1, {r8, sb, fp, ip, sp}",1
invalid,1
"mlaeq r5, sl, r1, r0",1
"ldcllt p0, c0, [r4], -0",1
"ldclt p0, c0, [r0], {0}",1
"stcvc p0, c0, [r2, -0]",1
"strbne r0, [r1, -0x100]!",1
svcvs 0x230000,1
"cdplo p1, 9, c0, c10, c0, 0",1
"mcrmi p0, 0, r0, c0, c4, 0",1
"stclo p0, c0, [r0, -0x8c]",1
bls 0x5a758,1
"andeq r0, r0, r5, lsr 32",1
"eorsvc r5, sl, 0x40000000",1
"ldrhs r0, [ip, 0x100]",1
invalid,1
"teqeq lr, r0, asr r0",1
"andeq r0, r0, r3, asr ip",1
"andls sl, r1, r1, lsl 10",1
"strgt r0, [r0], -0xbc",1
invalid,1
invalid,1
"strheq r1, [r0], -r0",1
invalid,1
"andseq r3, r4, r5, lsr 29",1
"eoreq r8, r3, r0, lsl 24",1
"orrne r1, r2, r0, lsl 26",1
"strge r0, [r1], -r0",1
"andeq r0, r0, sp, lsl 3",1
"andeq r2, r0, r7, asr 7",1
"andeq r3, ip, sp, lsl r4",1
"stchi p1, c0, [r6, 0]!",1
"stmda r0, {r0}",1
svcne 0x23,1
"andeq fp, r0, r0, asr 25",1
"andeq r2, r0, r0, asr 4",1
svcls 0x13f00,1
invalid,1
invalid,1
"strgt r0, [r0], -0",1
"strmi r0, [r0], -0xbc",1
"stmdbeq r0, {r0, r2, r3, r4, r5, r7}",1
invalid,1
"andeq r1, r0, r3, ror r6",1
"eoreq sb, fp, r7, lsr r4",1
"adceq r0, r1, 0, 2",1
"andeq r0, r0, sb, lsl r1",1
"andeq r2, r0, r5, lsr r4",1
"andeq fp, lr, r7, lsr r8",1
"adceq r0, r1, 0, 2",1
"andeq r0, r0, ip, lsr 32",1
"andeq r2, r0, r3, asr r4",1
invalid,1
"adceq r0, r2, 0, 2",1
"andeq r0, r0, sp, lsl 3",1
"andeq r2, r0, r1, ror r4",1
"andseq r1, r0, r7, lsr ip",1
"adceq r0, r2, 0, 2",1
"andeq r0, r0, ip, lsr 32",1
"andeq r2, r0, pc, lsl 9",1
invalid,1
"bicne r0, ip, 0x3000000a",1
invalid,1
"rsbseq r3, r0, r0, lsl 16",1
invalid,1
invalid,1
"rsbeq r3, r5, r4, asr r8",1
"strhs sl, [r2, -0x601]",1
invalid,1
"rsbseq r3, r2, r6, asr r8",1
invalid,1
invalid,1
"ldcllt p15, c1, [r0], 0x140",1
invalid,1
"ldrtlo r0, [r3], -0",1
invalid,1
blhs 0x1a6ec,1
"strvc r5, [r2, -r1, lsl 6]",1
"andpl r2, r1, 0, 22",1
blhs 0x386cc,1
bvc 0xaeacc,1
"andpl r2, r1, r0, lsl 22",1
blhs 0x38ad8,1
"andeq r7, r8, 2, 26",1
"andeq r0, r0, r4, ror r8",1
"stceq p1, c0, [r0, -0xfc]",1
"stclt p0, c0, [r1, -0]",1
"tsteq sb, r2, lsl 2",1
"stcllt p0, c0, [r4, -0]",1
"cdplt p0, 2, c0, c0, c0, 0",1
"strths r0, [sp], 0",1
"cdpge p0, 0, c0, c1, c0, 0",1
invalid,1
"rsbeq r7, r7, r1, ror 4",1
"stchi p13, c11, [r2, -4]",1
ble 0x1a708,1
"strlo r0, [r0, -r4, lsr 32]",1
"andeq r1, r0, ip, lsl r0",1
invalid,1
invalid,1
"strlo r0, [r0, -r4, lsr 32]",1
"andeq r2, r0, lr, lsr 12",1
"cdpge p13, 0, c11, c2, c1, 0",1
invalid,1
"strlo r0, [r0], -r5, lsr 32",1
"cdplt p0, 0, c0, c1, c15, 3",1
"andseq ip, r3, r2, lsl 24",1
"eoreq r3, r5, r0, lsl 8",1
"rsbseq r3, r0, r0, lsl 16",1
invalid,1
invalid,1
"rsbeq r2, r5, r4, asr pc",1
"strhs ip, [r2, -0x101]",1
"strpl r0, [r0, -0]",1
invalid,1
"andeq r0, r0, r4, ror sp",1
"strhs ip, [r2, -0x301]",1
invalid,1
"mcreq p1, 6, r3, c3, c9, 2",1
"strgt r0, [r1], -0",1
"andeq r2, r0, r2, lsl 24",1
"ldmdalo fp, {r8} ^",1
"rsbeq r7, r6, r2, ror 10",1
"stmdbne r2, {r0, fp, lr, pc}",1
"andeq r0, r0, 1",1
"ldrne r2, [r2, -0x47d]!",1
"andgt r0, r0, r5",1
invalid,1
"strheq r0, [r0, -sp]",1
"strbne r0, [r1, -r8, asr 5]",1
"strbhs r0, [r1, -r0]",1
invalid,1
"stcllt p3, c3, [r8, 0x16c]",1
"orrshs r0, r0, 0",1
invalid,1
"rsbseq r0, fp, r0, asr r2",1
invalid,1
"stclt p0, c0, [r0, -0x2f4]",1
bhs 0x1a83c,1
"strheq fp, [r0], -r8",1
"strdeq r0, r1, [r0], -r8",1
"andeq r1, r0, ip, ror r7",1
"subseq r0, r3, 0xc000000a",1
invalid,1
"rsbseq r0, r8, r2, asr r2",1
"cmpeq r1, fp, lsr 2",1
"andpl r2, r1, r0, lsr fp",1
"eoreq r3, fp, 1",1
bvc 0x9c9cc,1
"vstrvc d2, [r2, -0]",1
"rsbseq r0, sb, r4, lsl 4",1
"ldcllt p3, c3, [ip, 0]!",1
"ldcleq p0, c0, [r8, 0]!",1
invalid,1
"rsbseq r0, r7, r3, asr r2",1
"subseq r0, r2, 0xc000000a",1
invalid,1
"rsbseq r0, fp, r1, asr r2",1
"cmpeq r0, 0xc000000a",1
blhs 0x1ada48,1
"andeq r7, r8, 2, 26",1
"eoreq r0, fp, 0x7a",1
"stmdbvc r2, {r0, r2, r3, r4, r5, r6, sl}",1
invalid,1
"andeq r2, r0, r4, lsl 24",1
svclt 0x13f00,1
invalid,1
"stmdbne r1, {r4, r5, r7, sb}",1
"andhs r0, r0, r1",1
"strlo r0, [r0], -0xbe",1
invalid,1
invalid,1
"andeq r1, r0, r6, lsr 16",1
invalid,1
"adcseq r0, r0, 0, 2",1
"andeq r0, r0, sp, lsl 3",1
"andeq r2, r0, ip, lsr 11",1
"andseq r1, r0, r7, lsr ip",1
"adcseq r0, r0, 0, 2",1
"andeq r0, r0, ip, lsr 32",1
"andeq r2, r0, sp, asr 11",1
invalid,1
"bicne r0, ip, 0x1000000b",1
"strbhs r0, [lr, 0]!",1
"eorslo r0, r3, r0",1
"movwvc r0, 0xbe",1
blhs 0x1a8c8,1
"vcgt.u8 d5, d3, d1",1
invalid,1
blhs 0xc1adc4,1
"vrhadd.u8 d5, d3, d1",1
invalid,1
invalid,1
"andmi r0, r0, 0x50",1
"andeq r4, sp, r1",1
"rsceq r0, r1, 0, 2",1
"adcseq r3, lr, r1, lsl 8",1
"adcseq sp, lr, r0, lsl 16",1
"eoreq r1, r6, r0, lsl 20",1
"ldmdane pc!, {r8} ^",1
"teqvc r8, 0",1
"movw r0, 0x1076",1
"andseq sp, r3, r2, lsl 14",1
svchs 0x570100,1
"str r0, [r1], -0x69",1
"andeq r3, r0, r2, lsl 14",1
"eoreq r3, r6, r0, lsl 20",1
"cdplt p15, 6, c1, c0, c0, 0",1
invalid,1
invalid,1
"stmdage r0, {r1, r2, r3, r4, r5, r7}",1
"movwlo r0, 0x23",1
"strheq fp, [r0], -r0",1
"andeq r2, r0, r8, lsr 7",1
"subseq r0, r0, 0xc000000a",1
"andeq r0, r0, r7, ror r0",1
"rscne r0, r6, pc, lsr r1",1
blo 0x5a8ec,1
"tsteq sb, r3, lsl 2",1
"cdplt p0, 0xd, c0, c8, c0, 0",1
"cdplt p0, 0xf, c0, c0, c0, 0",1
"ldrbhs r0, [sb], -r0",1
"str r0, [r1], -0",1
invalid,1
blo 0x5aac0,1
"andeq r2, r0, r3, lsl 10",1
"eoreq r7, r6, r0, lsl 18",1
"rsbvc r3, r1, 0, 12",1
blo 0x5aab4,1
"andeq r8, r1, r3, lsl 26",1
"eoreq sb, r6, r0, lsl 20",1
"cdplt p3, 0xe, c3, c8, c0, 0",1
"orrsne r0, fp, r0",1
invalid,1
"strlt r0, [r3], -0x553",1
blhs 0x1b290,1
"stmdbeq r2, {r0, sb, ip, lr}",1
"strdpl r2, r3, [r1, -pc]",1
invalid,1
"cmpeq r0, 0xc000000a",1
"ldrsheq r0, [r0], -0x13",1
"stmdbvs r1, {r8, sb, sl, fp, ip, sp}",1
invalid,1
"stmdbne r1, {r6, r8, sb}",1
invalid,1
"streq r0, [r0], -0xbe",1
bllt 0x1ac5c,1
invalid,1
"andeq r1, r0, sl, asr sb",1
invalid,1
"eoreq r0, r5, r0, asr 6",1
"ldrbhs r0, [fp], r0",1
"teqvs r6, r0",1
invalid,1
"orreq r0, sp, r0, asr 6",1
"ldrbths r0, [ip], r0",1
"ldcne p0, c0, [r7], -0",1
invalid,1
"eoreq r0, ip, r0, asr 6",1
"ldrhs r0, [sp, -r0]",1
"ldc2 p0, c0, [r3], -0",1
blls 0x1ac94,1
blhs 0x1a9e4,1
"movweq r5, 0x5301",1
"strheq r5, [r2], -r4",1
"cmpeq r2, 0xc000000a",1
blhs 0x149b17c,1
"vrhadd.u8 d5, d3, d1",1
invalid,1
invalid,1
svclo 0x50,1
"andseq fp, r0, r1, lsl 12",1
"movteq r0, 0x6100",1
"andeq r1, r1, r1, lsl 18",1
"adcseq r0, pc, r0, lsl 8",1
"adcseq r1, pc, r0, lsl 16",1
"eoreq r3, r7, r0, lsl 28",1
"stmibne r0!, {r8}",1
"teqvs r6, r0",1
invalid,1
"orreq r0, sp, r6, asr 6",1
"ldrbhs r0, [lr, -r0]",1
"ldrtne r0, [r3], -0",1
svcvc 0xbf,1
blhs 0x1aa58,1
"vrhadd.u8 d5, d3, d1",1
invalid,1
"eorseq r0, r0, r0, asr r1",1
svcge 0x13f00,1
invalid,1
"stmdbne r1, {r2, r3, r6, r8, sb}",1
"stmdane r0, {r0}",1
"strlo r0, [r0], -0xbf",1
bhi 0x1ad18,1
invalid,1
"strdeq r1, r2, [r0], -sp",1
invalid,1
"movteq r0, 0xc100",1
"andeq r0, r0, sp, lsl 3",1
"andeq r2, r0, sl, lsr 15",1
"andseq r1, r0, r7, lsr ip",1
"movteq r0, 0xc100",1
"andeq r0, r0, ip, lsr 32",1
"ldrdeq r2, r3, [r0], -r6",1
"adcseq r3, pc, r3, lsr r0",1
"andseq lr, r8, r0, lsl 8",1
"andpl r2, r1, 0, 22",1
invalid,1
"cmpeq r1, 0xc000000a",1
blhs 0x141b228,1
"andlo r5, r1, r1",1
"teqeq pc, r0",1
"andeq r0, r0, sl, asr 23",1
invalid,1
"andeq r0, r0, sb, lsl r1",1
"andeq fp, r0, r4, lsr pc",1
"andeq fp, r0, r8, ror 30",1
"andeq r2, r0, r2, lsl 16",1
"andseq sb, sl, r1, lsl 6",1
"rsbeq r3, lr, r0, lsl 12",1
"strhs r5, [r3, -0x201]",1
svchs 0,1
"strlo r0, [r0], -r8, lsr 32",1
"andpl r0, r1, 0x73",1
"andeq r4, r0, r3, lsl 20",1
"eoreq r4, r8, r0, lsl 26",1
"rsbvc r3, r1, 0, 12",1
"andpl r0, r1, 0x67",1
"andeq r8, r1, r3, lsl 26",1
"eoreq r6, r8, r0, lsl 28",1
"rsbeq r3, pc, r0, lsl 16",1
"andle r5, r3, 0x1000000",1
"andeq r0, r0, 0x13",1
"stcmi p0, c4, [sl], -0x244",1
"strhlo r0, [r0, -pc]",1
"andvc r0, r0, r5",1
blhs 0x1ab30,1
"vrhadd.u8 d5, d3, d1",1
invalid,1
"rsbseq r0, sp, r0, asr r2",1
svclt 0x603300,1
"orrsne r0, fp, r0",1
invalid,1
"rsbseq r0, sp, r3, asr r2",1
"subseq r0, r2, 0xc000000a",1
invalid,1
"rsbseq r0, r4, r1, asr r2",1
"subseq r0, r0, 0xc000000a",1
"andeq r0, r0, r5, ror r0",1
invalid,1
invalid,1
"tsteq sb, r3, lsl 2",1
svclt 0x680000,1
svclt 0xa00000,1
invalid,1
invalid,1
invalid,1
"stmdbpl r1, {r1, r2, r3, r5, r6}",1
"andeq r2, r0, r3, lsl 10",1
"eoreq fp, r8, r0, lsl 18",1
"rsbseq r3, r3, r0, lsl 12",1
bmi 0xf0f30,1
"strle r0, [r0, -r0]",1
"strlo r0, [r0], -r8, lsr 32",1
"rsbeq r7, r7, r1, ror 4",1
"vstrhi s10, [r3, -4]",1
invalid,1
"strlo r0, [r0, -r8, lsr 32]",1
"andeq r1, r0, ip, lsl r0",1
invalid,1
"strne r0, [r0], -r0",1
"stmdalo r0, {r0, r3, r5}",1
invalid,1
"andseq sp, r3, r3, lsl 4",1
"addsmi r0, r1, r0, lsl 4",1
"adcseq r8, pc, sl, lsr 8",1
"andeq r3, r5, r0, lsl 2",1
"andseq r1, fp, r0, lsl 12",1
invalid,1
invalid,1
"subseq r0, r0, 0xc000000a",1
"movwlo r0, 0x7d",1
"muleq r0, r8, pc",1
"muleq r0, fp, r1",1
"subseq r0, r3, 0xc000000a",1
invalid,1
"rsbseq r0, r4, r2, asr r2",1
"subseq r0, r1, 0xc000000a",1
invalid,1
"rsbseq r0, r6, r0, asr r2",1
"teqeq pc, r0",1
"andeq r0, r0, r8, lsl 25",1
"mrseq r6, apsr",1
"andeq r0, r0, sb, lsl r1",1
"andeq fp, r0, r0, lsr 31",1
"strheq fp, [r0], -ip",1
"andeq r2, r0, r4, lsr sb",1
"andseq sb, fp, r1, lsl 8",1
"rsbseq r3, r3, r0, lsl 12",1
bmi 0xf2fc8,1
"strpl r0, [r0], -0",1
"strlo r0, [r0], -sb, lsr 32",1
"rsbeq r7, r7, r1, ror 4",1
"stchi p1, c6, [r3, -4]",1
"andhi r0, r0, r1",1
"movwlo r0, 0x29",1
"strheq fp, [r0], -r8",1
"strdeq r1, r2, [r0], -sp",1
"cmpeq r2, 0xc000000a",1
blhs 0x145b3b8,1
"vrhadd.u8 d5, d3, d1",1
invalid,1
"eorseq r0, r0, r0, asr r1",1
"andmi r3, r1, r0, lsl 30",1
invalid,1
"stmdbne r1, {r0, r1, r2, r5, r6, r8, sb}",1
invalid,1
"strh r0, [r0], -pc",1
invalid,1
invalid,1
"andeq r1, r0, r6, lsl 24",1
invalid,1
"subeq r0, sl, r7, ror 6",1
invalid,1
"teqvs r6, r0",1
invalid,1
"orreq r0, sp, r7, ror 6",1
invalid,1
"ldcne p0, c0, [r7], -0",1
invalid,1
"eoreq r0, ip, r7, ror 6",1
bhs 0x91ac44,1
"ldcle p0, c0, [r3], -0",1
"movwls r0, 0xbf",1
blhs 0x1acb8,1
"vcgt.u8 d5, d3, d1",1
invalid,1
invalid,1
"qaddpl r2, r1, r1",1
"andpl pc, r1, r3, lsl 6",1
"cmpeq r0, fp, lsr 2",1
svclo 0x30,1
"andseq sb, r1, r1, lsl 28",1
invalid,1
"andeq r1, r1, r1, lsl 18",1
"adcseq lr, pc, r0",1
"sbceq r4, r0, r0, lsl 8",1
"eoreq r5, sl, r0",1
"stcne p1, c0, [r4], 0",1
"teqvs r6, r0",1
invalid,1
"orreq r0, sp, sp, ror 6",1
bhs 0x1f5ac98,1
"ldcne p0, c0, [r7], -0",1
invalid,1
"eoreq r0, ip, sp, ror 6",1
bhs 0xfe6daca8,1
"teqvs r6, 0",1
"stcvs p0, c0, [r1, -0x1a0]",1
"andeq r1, r1, r3, lsl 30",1
"eoreq fp, sl, r0, lsl 18",1
svceq 0x673100,1
svcvs 0x10000,1
"andeq r5, r4, r3, lsl 2",1
"addsmi r0, r1, r0, lsl 4",1
"sbceq r2, r0, sl, lsr 8",1
"andseq sb, r4, r0, lsl 30",1
"andseq r8, ip, r0, lsl 4",1
"andpl r2, r1, 0, 22",1
invalid,1
"rsbseq r0, r6, r1, asr r2",1
"subseq r0, r0, 0xc000000a",1
"movwlo r0, 0x7d",1
"andeq ip, r0, r8, lsr r0",1
"muleq r0, fp, r1",1
"subseq r0, r3, 0xc000000a",1
invalid,1
"rsbseq r0, r4, r2, asr r2",1
"subseq r0, r1, 0xc000000a",1
invalid,1
"eorseq r0, r0, r0, asr r1",1
"movwgt r3, 0x1f00",1
invalid,1
"stmdbne r1, {r1, r2, r4, r5, r6, r8, sb}",1
"strmi r0, [r0], -1",1
"stmdapl r0, {r6, r7}",1
ble 0x1b020,1
invalid,1
"strdeq r1, r2, [r0], -sl",1
invalid,1
"cmneq r6, 0, 2",1
"andeq r0, r0, sp, lsl 3",1
"strdeq r2, r3, [r0], -sl",1
"rsbeq r6, r8, r6, lsr r3",1
svcne 0x37601,1
blne 0x1ad48,1
"movwlo r0, 0x2b",1
"andeq ip, r0, r4, asr r0",1
"andeq r1, r0, r6, lsl 24",1
"subseq r0, r1, 0xc000000a",1
invalid,1
invalid,1
svclo 0x50,1
"andeq pc, sb, r1, lsl 16",1
"cmneq ip, 0, 2",1
"andeq r1, r1, r1, lsl 18",1
"sbceq r5, r0, r0, lsl 16",1
"sbceq r6, r0, r0, lsl 16",1
"eoreq r3, fp, r0, lsl 24",1
"stclne p1, c0, [r1, -0]",1
"teqvs r6, r0",1
invalid,1
"orreq r0, sp, ip, ror r3",1
blhs 0x171ad8c,1
"ldrtvs r0, [r3], -0",1
"strge r0, [r0], -0xc0",1
blhs 0x1ae08,1
"stmdaeq r2, {r0, r8, ip, lr}",1
"andpl r2, r1, sl, lsr fp",1
"andpl pc, r1, r3, lsl 6",1
"teqeq pc, r0",1
"andeq r1, r0, sl, lsl r1",1
invalid,1
"andeq r0, r0, sb, lsl r1",1
"andeq ip, r0, r8, rrx",1
"andeq ip, r0, r8, ror r0",1
"andeq r2, r0, sp, ror fp",1
"andseq sb, sp, r1, lsl 30",1
"rsbvc r3, r1, 0, 12",1
"andhi r0, r1, 0x67",1
"andeq r8, r1, r3, lsl 26",1
"eoreq sb, fp, r0, lsl 26",1
"andsne r3, ip, r0, lsl 14",1
"andhi r0, r1, 0",1
"andeq r2, r0, r3, lsl 24",1
"eoreq fp, fp, r0, lsl 28",1
"rsbsgt r3, r4, r0, lsl 6",1
invalid,1
invalid,1
blo 0x21b73c,1
"cmpeq r1, 0xc000000a",1
blhs 0x145b5c8,1
"vhadd.u8 d5, d3, d1",1
"andeq r5, r0, r1",1
"ldcleq p1, c0, [r2], {0x3f}",1
"andls r0, r1, r0",1
"tsteq sb, r3, lsl 2",1
"rsbsgt r0, r8, r0",1
"rscgt r0, r0, r0",1
blhs 0xff7dae1c,1
"stcpl p0, c0, [r1, -0]",1
invalid,1
"andls r0, r1, lr, rrx",1
"andeq r2, r0, r3, lsl 10",1
"eoreq r0, ip, r0, lsl 24",1
"orrne r3, r2, r0, lsl 14",1
"andls r0, r1, r0",1
"andeq r8, r1, r3, lsl 26",1
"eoreq r2, ip, r0, lsl 20",1
"ldceq p7, c3, [r4], -0",1
"mrsls r0, apsr",1
"andeq r8, r1, r3, lsl 26",1
"eoreq r4, ip, r0, lsl 16",1
"rsbvc r3, r1, 0, 12",1
"andls r0, r1, 0x67",1
"andeq r8, r1, r3, lsl 26",1
"eoreq r6, ip, r0, lsl 12",1
"andsne r4, ip, r0, lsl 6",1
"andls r0, r1, 0",1
"andeq r2, r0, r3, lsl 24",1
"addseq r0, r1, r0, lsl 4",1
invalid,1
"ldrbeq r0, [r1], -0x394",1
"mrsls r0, apsr",1
invalid,1
"smlabtvs r0, r0, r0, r0",1
"stmdblo r0, {r0, r2, r4}",1
blhs 0x1af04,1
"strvc r5, [r2], -r1, lsl 4",1
invalid,1
blhs 0x38aa0,1
"stcvc p0, c5, [r2, -4]",1
"ldrtle r0, [r3], -0",1
blls 0x1b1a4,1
blhs 0x1aeec,1
"stcvc p3, c5, [r2, -4]",1
"andpl r2, r1, 0, 22",1
"ldrbteq sb, [r8], -r3, lsl 2",1
"subseq r0, r1, 0xc000000a",1
invalid,1
"rsbseq r0, r5, r0, asr r2",1
"teqeq pc, r0",1
"andeq r1, r0, lr, asr 1",1
"mrseq r8, apsr",1
"andeq r0, r0, sb, lsl r1",1
"andeq ip, r0, r0, ror 1",1
"strdeq ip, sp, [r0], -ip",1
"andeq r2, r0, r4, lsl 25",1
"andseq lr, lr, r1, lsl 16",1
"rsbeq r3, lr, r0, lsl 12",1
"strhs r8, [r3, -0x801]",1
"andlt r0, r0, r0",1
"strlo r0, [r0, -ip, lsr 32]",1
"andeq r1, r0, r2, lsl 3",1
"stchi p8, c8, [r3, -4]",1
invalid,1
"strlo r0, [r0, -ip, lsr 32]",1
"andeq r0, r0, r4, lsr ip",1
"stchi p9, c8, [r3, -4]",1
"vhadd.s8 d0, d0, d1",1
"strlo r0, [r0], -ip, lsr 32",1
"rsbeq r7, r7, r1, ror 4",1
"stchi p9, c8, [r3, -4]",1
"movwne r0, 1",1
"movwlo r0, 0x2d",1
"strdeq ip, sp, [r0], -r4",1
"muleq r0, pc, sp",1
"cmpeq r3, 0xc000000a",1
blhs 0x14db6fc,1
"vhsub.u8 d5, d3, d1",1
invalid,1
invalid,1
"andpl r2, r1, r1, asr fp",1
"andpl pc, r1, r3, lsl 6",1
"rsbseq r0, sp, fp, lsr 4",1
"rscseq r0, pc, r2, lsl 18",1
"str r3, [r1], -0xf00",1
invalid,1
"stmdbne r1, {r1, r3, r4, r7, r8, sb}",1
invalid,1
"andhs r0, r0, r0, asr 1",1
"strlo r0, [r0], -0xc1",1
invalid,1
"andeq r1, r0, ip, asr pc",1
"andseq r8, r1, r7, lsr r2",1
"orrseq r0, sl, 0, 2",1
"andeq r0, r0, sp, lsl 3",1
"andeq r2, r0, r4, asr sp",1
"andeq r3, ip, r7, lsr r4",1
"orrseq r0, sl, 0, 2",1
"andeq r0, r0, sp, lsl 3",1
"andeq r2, r0, r0, lsl 27",1
invalid,1
"orrseq r0, fp, 0, 2",1
"andeq r0, r0, sp, lsl 3",1
"andeq r2, r0, ip, lsr 27",1
"sbceq r1, r1, r3, lsr ip",1
"andseq r5, lr, r0, lsl 26",1
"movwpl r2, 0x1b00",1
"andpl pc, r1, 0xc000000",1
"cmpeq r2, 0xc000000a",1
blhs 0x145b780,1
"vrhadd.u8 d5, d3, d1",1
invalid,1
"eorseq r0, r0, r0, asr r1",1
"stcne p15, c3, [r1, -0]",1
invalid,1
"stmdbne r1, {r0, r5, r7, r8, sb}",1
"andhs r0, r0, r1",1
"strpl r0, [r0], -0xc1",1
"stmdale r0, {r0, r6, r7}",1
invalid,1
"andeq r1, r0, r7, ror 31",1
"andseq r8, r1, r7, lsr r2",1
invalid,1
"andeq r0, r0, sp, lsl 3",1
"andeq r2, r0, r4, lsl 28",1
"andeq r3, ip, r7, lsr r4",1
invalid,1
"andeq r0, r0, sp, lsl 3",1
"andeq r2, r0, r2, lsr 28",1
invalid,1
invalid,1
"andeq r0, r0, sp, lsl 3",1
"andeq r2, r0, lr, asr 28",1
"andseq r1, r0, r7, lsr ip",1
invalid,1
"andeq r0, r0, ip, lsr 32",1
"andeq r2, r0, sl, ror lr",1
"sbceq r4, r1, r3, lsr ip",1
"andseq sb, sp, r0, lsl 30",1
"movwpl r2, 0x1b00",1
"andpl pc, r1, 0xc000000",1
"cmpeq r2, 0xc000000a",1
blhs 0x145b804,1
"strvc r5, [r2], -0x101",1
"andpl r2, r1, r0, lsl 22",1
"eoreq r3, fp, 1",1
invalid,1
"andeq r5, r0, r1, lsl 6",1
"stcleq p1, c0, [r8], 0xfc",1
"movwlt r0, 0x1000",1
"orreq r0, sp, r3, lsl 2",1
"cmpgt r4, r0",1
invalid,1
"cdphs p0, 0xa, c0, c7, c0, 0",1
"stcpl p0, c0, [r1, -0]",1
"strlo r0, [r0], -r0, lsr 32",1
"movwlt r0, 0x106e",1
"andeq r2, r0, r3, lsl 10",1
"eoreq ip, lr, r0, lsl 14",1
"rsbvc r3, r1, 0, 12",1
"movwlt r0, 0x1067",1
"andeq r8, r1, r3, lsl 26",1
"eoreq lr, lr, r0, lsl 16",1
"andsne r3, ip, r0, lsl 14",1
"movwlt r0, 0x1000",1
"andeq r2, r0, r3, lsl 24",1
"eoreq r0, pc, r0, lsl 18",1
invalid,1
"orrsne r0, fp, r0",1
invalid,1
"andge r0, r3, r3, asr r5",1
blhs 0x1b9f4,1
"vhsub.u8 d5, d3, d1",1
invalid,1
invalid,1
"andpl r2, r1, r1, asr fp",1
"andpl pc, r1, r3, lsl 6",1
"teqeq pc, r0",1
"andeq r0, r0, r0, lsr pc",1
"mrseq fp, apsr",1
"andeq r0, r0, sp, lsl 3",1
"andeq ip, r0, r8, ror 2",1
"andeq ip, r0, r4, lsl 3",1
"andeq r2, r0, sl, lsr 30",1
"eoreq fp, r0, r1, lsl 20",1
"rsbvc r3, r1, 0, 12",1
"stmdblt r1, {r0, r1, r2, r5, r6}",1
"andeq r8, r1, r3, lsl 26",1
"eoreq r4, pc, r0, lsl 20",1
"andsne r3, ip, r0, lsl 14",1
invalid,1
"andeq r2, r0, r3, lsl 24",1
"eoreq r7, pc, r0, lsl 12",1
"orrgt r3, r0, r0, lsl 6",1
svcne 0xe70000,1
invalid,1
invalid,1
"qaddpl r2, r1, r1",1
"andpl pc, r1, r3, lsl 6",1
"cmpeq r0, fp, lsr 2",1
svclo 0x30,1
"andseq r8, r1, r1, lsl 26",1
invalid,1
"andeq r8, r1, r1, lsl 26",1
"sbceq r8, r1, r0, lsl 8",1
"sbceq sb, r1, r0, lsl 8",1
"eoreq sl, pc, r0, lsl 4",1
"tsths r6, r0, lsl 2",1
"cdpvs p0, 3, c0, c6, c0, 0",1
invalid,1
"andeq r0, r0, r5, lsr 32",1
"andeq r2, r0, r2, asr 31",1
invalid,1
invalid,1
"andeq r0, r0, sp, lsl 3",1
"andeq r2, r0, r3, ror 31",1
"sbceq sb, r1, r3, lsr r0",1
"andseq lr, pc, r0, lsl 14",1
"andpl r2, r1, 0, 22",1
blhs 0xfffdd574,1
"vrhadd.u8 d5, d3, d1",1
invalid,1
invalid,1
svclo 0x50,1
"andseq r8, r1, r1, lsl 14",1
"biceq r0, r5, 0, 2",1
"andeq r8, r1, r1, lsl 26",1
"sbceq sb, r1, r0, lsl 8",1
"sbceq sl, r1, r0, lsl 16",1
"eorseq r0, r0, r0, lsl 8",1
"cmphs ip, r0, lsl 2",1
"teqvs r6, r0",1
invalid,1
"orreq r0, sp, r5, asr 7",1
"eorlo r0, r4, r0",1
"ldrtge r0, [r3], -0",1
blt 0x1b4b4,1
blhs 0x1b234,1
"vrhadd.u8 d5, d3, d1",1
invalid,1
"eorseq r0, r0, r0, asr r1",1
"teqne r6, r0, lsl 8",1
"strvs r0, [r1], -r0",1
"andeq r0, r0, r1, asr r4",1
"ldrpl r0, [r4, r5, lsl 6]!",1
svcne 0xc0002,1
"stcvc p0, c0, [r0, -4]",1
"stceq p0, c0, [r0, -0x84]",1
"andeq r0, r0, r5, lsl 2",1
"teqeq r1, 0xff",1
invalid,1
"ldrdhs r0, r1, [sp, -0x2b]!",1
"movweq r0, 0x5000",1
"strheq r5, [r2], -r4",1
"andeq sb, fp, r1, lsr r8",1
"sbcseq r0, ip, 0, 2",1
"andeq r0, r0, r7, lsr r0",1
"addspl r0, r4, 0x14000000",1
blgt 0xc5b210,1
invalid,1
"ldrteq r0, [r4], 0x2dd",1
"movweq r0, 0x5000",1
"muleq r2, r8, r2",1
"andeq pc, pc, r1, lsr fp",1
"sbcseq r0, lr, 0, 2",1
"ldrdeq r1, r2, [r0], -r7",1
"addspl r0, r0, 0x14000000",1
"stchi p0, c0, [ip, -8]",1
"strle r0, [r0, -1]",1
"stceq p0, c0, [r0, -0x84]",1
"andeq r0, r0, r5, lsl 2",1
svcvs 0x450008,1
invalid,1
"eoreq lr, r1, fp, asr 14",1
"movweq r0, 0x5100",1
"andeq ip, r1, r8, rrx",1
"eoreq ip, r1, fp, lsl 10",1
"subeq r0, sl, r0, lsl 24",1
invalid,1
"streq r0, [sp, -0]",1
"streq r0, [r0, -r1]",1
"ldcleq p5, c4, [r1]",1
invalid,1
"andeq r2, r0, lr, lsl 4",1
"stmdami r3, {r0, r8, sl}",1
bleq 0x1b974,1
"andeq r2, r0, ip, ror 3",1
"andeq sb, pc, r6, asr 24",1
invalid,1
"andeq r0, r0, r1, asr r4",1
"andge r0, r3, r1, lsl 10",1
"smlsdmi r0, r2, r2, r0",1
"andeq r0, r0, r3, lsl 15",1
"strteq sl, [r5], -0x80b",1
"mrseq r0, apsr",1
"andeq r2, sl, r7, asr 6",1
"strhs r0, [sb, 0xb00]!",1
invalid,1
blvc 0x6d2ac,1
invalid,1
invalid,1
"addseq r0, r6, 0x40000012",1
"movwlo r0, 0xc000",1
"andeq r1, r1, r1, lsl 18",1
"rsbhs r0, sp, 0, 2",1
"stclhi p0, c0, [sl, -0]",1
bmi 0x1b2cc,1
"andeq r0, r0, sp, lsl 3",1
"andeq r2, r0, sl, asr 10",1
"mrseq r0, spsr",1
"andeq r1, r0, r7, lsr 1",1
"stchi p0, c2, [r1, -0x3c]",1
invalid,1
svceq 0x8b014c,1
"stcvs p0, c0, [sl, -0]",1
"eoreq r0, ip, r1, lsl 2",1
"movwge r0, 0x1000",1
bmi 0x1b37c,1
"andeq r2, r0, r3, lsr 5",1
"andeq r8, r1, sl, asr 26",1
"eoreq r4, ip, r0, lsl 20",1
invalid,1
"andeq r0, r0, r2, lsr 32",1
"eorseq r0, lr, sb, lsl 8",1
"streq r0, [sb], -0",1
"ldrdeq r0, r1, [r0], -r6",1
"cdpeq p1, 4, c0, c6, c9, 2",1
invalid,1
"andeq r2, r0, r1, lsl 10",1
"sbchs r0, r7, 0, 2",1
blvc 0x129b328,1
"andeq r0, r0, r3",1
"ldrbeq r0, [r8, 0x14c]!",1
blhi 0x39b334,1
"eoreq r0, ip, r1, lsl 2",1
"and r0, r1, r0",1
bmi 0x1b3c8,1
"andeq r0, r0, sp, lsl 3",1
"stmdane r1, {sl, fp, lr}",1
beq 0x1b388,1
"strhs r0, [r1, -0x169]",1
invalid,1
"strdeq r2, r3, [r0], -sb",1
"eoreq pc, r2, sl, asr 18",1
"streq r0, [sb], -0",1
"strdeq r2, r3, [r0], -pc",1
"andeq sp, r3, fp, lsl 12",1
invalid,1
"andne r0, r0, fp",1
"tsths r2, 80, 2             ; 0x50",1
invalid,1
"andeq r8, r1, r4, lsl 4",1
"cdphs p9, 0, c4, c1, c0, 0",1
"cdpeq p0, 0, c0, c0, c7, 0",1
"eoreq r0, r5, r1, asr 2",1
blo 0x5b38c,1
bmi 0x1b41c,1
"strheq r0, [r0], -sb",1
"andeq fp, r1, sl, asr 18",1
"eoreq r4, ip, r0, lsl 20",1
blmi 0x1b3a0,1
"andeq sl, sp, r1, lsl 4",1
"orreq r1, fp, r0, lsl 2",1
"andeq r0, r0, ip, lsr 32",1
"andlt r4, r1, 1, 26",1
invalid,1
"andeq r0, r0, r7, lsl r1",1
invalid,1
"strbne r0, [sl, -r0]",1
bmi 0x1b3c8,1
"andeq r0, r0, r5, lsr 32",1
"andeq r0, r1, sl, asr 10",1
"mrseq r0, spsr",1
"muleq r0, r7, ip",1
invalid,1
"stceq p1, c0, [r3, 0x124]",1
svclo 0x40000,1
"andeq r1, r1, r1, lsl 14",1
"orrshs r0, r0, 0, 2",1
"strbne r0, [sl, -r0]",1
bmi 0x1b3f4,1
"andeq r0, r0, ip, lsr 32",1
"movwgt r4, 0x1900",1
"streq r0, [r0], -8",1
"tsteq r7, sb, lsr r1",1
invalid,1
bmi 0x1b494,1
"andeq r0, r0, ip, lsr 32",1
"stmdbmi r1, {r8, sb, sl, fp, lr}",1
invalid,1
"smlatteq r1, r2, r1, r0",1
"strheq r2, [r0], -sp",1
"andeq r1, r1, sl, asr 14",1
"mrseq r0, spsr",1
"andeq r0, r0, sp, lsl r7",1
"stmdals r1, {r1, r4, sb, ip, sp}",1
invalid,1
"mrceq p1, 5, r0, c0, c0, 2",1
"andmi r0, r4, 0",1
"andeq r1, r1, r1, lsl 14",1
"stmdblt sl, {r8} ^",1
bmi 0x1b448,1
"andeq r0, r0, ip, lsr 32",1
"mcrreq p0, 0, r0, ip, c0",1
"andeq r0, r2, r0",1
"andeq r1, r0, lr, lsr 3",1
"andeq r0, lr, r4, lsl 2",1
b 0x5b45c,1
"stmdage r0, {r0, r4}",1
"stmdage r0, {r0, r1}",1
"andne r0, r0, r1, asr 1",1
"stcvc p0, c0, [r0, -0x31c]",1
"andeq r0, r0, 0xf",1
"andeq r1, r0, r0, asr r2",1
"eorseq r2, r0, r3, lsl 16",1
"mrsne r0, apsr",1
"streq r0, [r0], -0x12",1
"subeq r0, sl, r7",1
"cdpvs p0, 0, c0, c4, c0, 0",1
bmi 0x1b4d4,1
"andeq r0, r0, 0",1
"andeq r0, r1, r3, lsr 32",1
"movwne r0, 0x2405",1
"movweq r0, 0x12",1
"andeq r2, r0, r6, ror 10",1
"movweq r0, 0x5200",1
"strle r0, [r4, -0]",1
"andeq r0, r0, r2, rrx",1
"strhs r0, [r7], -0x406",1
"streq r0, [r0], -r0",1
"eorseq r0, r1, r1, lsl 16",1
"andeq r0, r6, 0",1
"andeq r3, r0, r7, lsl 30",1
"streq r0, [r4, -r0, lsl 12]",1
"andeq r0, r0, pc, lsl r0",1
"movwlo r0, 0x6106",1
"streq r0, [r0], -r0",1
"sbceq r0, fp, r2, lsl 10",1
"streq r0, [r7], -0",1
"strbtvc r6, [lr], -0x905",1
"streq r0, [r8, -0x600]",1
"andeq r0, r0, r0",1
bne 0x1dd500,1
"andeq r0, r0, 0",1
"andeq r0, r0, sl, lsr 5",1
"addseq r3, r3, r5, lsl 14",1
"streq r0, [r2, -0]",1
"streq r0, [r0, -5]",1
"andeq fp, r0, ip, lsl 15",1
"streq r0, [r4, -0x600]",1
"andeq r0, r0, r5",1
"andeq sb, r4, r2, lsl 28",1
"orrge r0, sp, r0, lsl 10",1
"streq r0, [r0], -r0",1
"sbcseq r0, r5, r4, lsl 14",1
"streq r0, [r8], -0",1
"ldrdeq r0, r1, [r0], -r6",1
blo 0x21b93c,1
"andeq r0, r0, 0",1
"ldrdeq r0, r1, [r0], -sl",1
"rsceq r3, r8, r6",1
"strle r0, [r3], -r0",1
"stmdals r0, {r2}",1
"adceq pc, r3, 8, 12",1
"movwvc r0, 0x9000",1
"stmdaeq r0, {r0, r2, r3}",1
"strdeq r8, sb, [r0], -r7",1
"eoreq r0, r3, r0, lsl 4",1
"andeq r7, r4, sb, lsl 30",1
"rscsle r0, ip, r0, lsl 16",1
"andeq r0, r0, 0",1
invalid,1
"stmdaeq r0, {r1}",1
"strdeq sp, lr, [r0], -sp",1
"stmdaeq r3!, {sb}",1
"andeq r4, r7, sb, lsl 22",1
"rscsle r0, lr, r0, lsl 16",1
"andeq r0, r0, 0",1
"andvs r0, sb, 0x2300",1
"stmdaeq r0, {r0, r3}",1
"strdeq sp, lr, [r0], -pc",1
"eorne r0, r3, r0, lsl 4",1
"andeq r8, r3, sl, lsl 26",1
invalid,1
"ldrdeq r0, r1, [r0], -r0",1
beq 0x52419c,1
"andeq r0, r0, r8, asr 15",1
"andle r0, r1, r8, lsl 2",1
"andeq r0, r0, 0",1
blls 0x2a1630,1
"stmdaeq r0, {r0}",1
"sbcseq r0, r0, r2, lsl 2",1
"movwhs r0, 0x2000",1
"rsbseq r0, lr, 28, 20",1
"movweq r0, 0x8000",1
"andeq sp, r0, r1",1
"eorhs r0, r3, r0, lsl 4",1
"andeq sp, r3, sl, lsl 22",1
"mrseq r0, apsr",1
"ldrdeq r0, r1, [r0], -r0",1
beq 0x9241d8,1
"strheq r0, [r0], -sb",1
"andle r0, r1, r8, lsl 12",1
"andeq r0, r0, 0",1
"stmdbpl sl, {r0, r1, r5, fp, sp}",1
"stmdaeq r0, {r0, r1, r2}",1
"sbcseq r0, r0, r7, lsl 2",1
"movwhs r0, 0x2000",1
"strbeq r0, [r3, -0xa2c]",1
invalid,1
"andeq lr, r2, r1, lsl 2",1
"eorlo r0, r3, r0, lsl 4",1
"andeq r0, r1, sl, lsl 2",1
"mrseq r0, apsr",1
"andeq r0, r0, r7, ror 5",1
beq 0xd24214,1
"andeq r0, r0, sb, lsr r2",1
invalid,1
"andeq r0, r0, 0",1
"strle r3, [sl, -r3, lsr 16]",1
"stmdaeq r0, {r0, r2}",1
"addeq r0, ip, r1, lsl r1",1
"movwhs r0, 0x2000",1
"sbceq r0, ip, 60, 20",1
"movwne r0, 0x8000",1
"andeq sl, r0, r1, lsl 24",1
"eormi r0, r3, r0, lsl 4",1
"andeq r8, r2, sl, lsl 20",1
"tsteq r7, r0, lsl 16",1
"andeq r0, r0, r0, ror r0",1
beq 0x1124250,1
"andeq r0, r0, ip, lsl 12",1
"cdpvc p8, 0, c1, c1, c8, 0",1
"andeq r0, r0, 0",1
"stmdaeq sl, {r0, r1, r5, sb, sl, lr}",1
"stmdaeq r0, {r0}",1
"rsceq r0, sp, 0x40000006",1
"movwhs r0, 0x2000",1
invalid,1
"stcne p0, c0, [r8, -0]",1
"andeq pc, r2, r1, lsl 26",1
"stmdami r3!, {sb}",1
"andeq sp, r2, sl",1
invalid,1
"strheq r0, [r0], -lr",1
beq 0x142428c,1
"muleq r0, r7, r7",1
bmi 0x672ac,1
"andeq r0, r0, 0",1
"cdpls p8, 0, c5, c10, c3, 1",1
"stmdaeq r0, {r0, r1, r2}",1
"subeq r0, sl, r0, lsr r1",1
"movwhs r0, 0x2000",1
"rscseq r0, sb, 92, 20",1
invalid,1
"andeq r4, r0, r1, lsl 20",1
"eorvs r0, r3, r0, lsl 4",1
"andeq sl, r7, sl, lsl 26",1
"teqeq r2, r0, lsl 16",1
"andeq r0, r0, sl, asr 32",1
beq 0x19242c8,1
"strheq r0, [r0], -r4",1
"strpl r3, [r1, -r8, lsl 6]",1
"andeq r0, r0, 0",1
"cdpeq p8, 0, c6, c10, c3, 1",1
"stmdaeq r0, {r2}",1
"addeq r0, ip, r5, lsr r1",1
"movwhs r0, 0x2000",1
"ldrbeq r0, [r6, ip, ror 20]",1
"strlo r0, [r8, -r0]",1
"andeq r0, r3, r1, lsl 6",1
"eorvc r0, r3, r0, lsl 4",1
"ldrteq r0, [ip], 0xb00",1
blls 0x21b6f4,1
"andeq r3, r3, r3, lsl 12",1
invalid,1
"andeq r0, r0, r1, ror 5",1
"eoreq lr, pc, sb, lsl 18",1
invalid,1
"andeq r0, r0, 2",1
"andge r0, sb, 0x23",1
"stmdaeq r0, {r0, r1}",1
"andeq lr, r2, r3, lsr 15",1
"strteq r0, [r3], -0x200",1
"eorseq sb, lr, sb, lsl 16",1
"stchi p8, c0, [r7], 0",1
"andeq r0, r0, 0",1
"stmdaeq r0, {r0, r1, r5, fp}",1
"andeq sl, r2, r4, lsl 20",1
"stmda r4, {fp}",1
invalid,1
"ldrdeq r0, r1, [r0], -r6",1
"strdeq r0, r1, [r0], -sp",1
"andeq ip, r0, sp, lsl 18",1
invalid,1
"andeq sl, r2, r4, lsl 6",1
"sbcseq r0, r6, r0, lsl 24",1
"tsteq r3, 0",1
invalid,1
"strhs r0, [r0, -r0]",1
"stmdbne r4, {fp}",1
"cdpeq p0, 0, c0, c0, c3, 0",1
"ldrdeq r0, r1, [r0], -r6",1
"stmdbhs r1, {r0, r1, r2, r3, sl}",1
"andeq r0, r0, lr, lsr 6",1
"andseq r1, r2, r0, lsl fp",1
"andeq sp, pc, r0, lsl 26",1
"cmpeq sp, 0x40000004",1
svcpl 0x20000,1
"andeq r8, r0, r1, lsl 24",1
"stmdbpl r1, {r8, sb}",1
"andne r0, r0, 3",1
"andeq r0, r0, sp, ror r3",1
"cmpeq sb, 2, 30",1
invalid,1
"andeq r0, r0, 7",1
"andeq r1, r3, pc, asr r3",1
"stmdaeq r0, {r8, sb, ip}",1
"andeq sp, r0, r4, lsl 26",1
"cdppl p1, 0, c1, c1, c0, 0",1
"andeq r0, r0, 3",1
"addeq r0, ip, r6, ror 2",1
"mrseq r0, apsr",1
"andeq r0, r0, pc, ror r3",1
"andeq r8, r7, r2, lsl sb",1
invalid,1
"movwne r0, 3",1
ble 0x607cc,1
invalid,1
invalid,1
"strgt r0, [r8, 0]!",1
"subslo r0, r0, r0",1
"andle r0, r1, r0",1
"strne r0, [r0, -8]",1
"andeq r0, r0, pc, ror r3",1
"cmpeq sb, 1, 28",1
"rsbslo r0, ip, r0",1
"ldreq r0, [r5], -0",1
invalid,1
"andeq r1, r3, pc, lsr r3",1
"eorseq fp, r0, r0",1
invalid,1
svclo 0x10000,1
"andeq r0, r0, r3, lsl r3",1
"andeq r3, r0, r0, lsl 2",1
"andseq r4, r2, r5, lsl r8",1
"movtne r0, 0x100",1
"andpl r0, r0, r3",1
invalid,1
"strheq r1, [r0], -r7",1
"ldmeq r0, {r0, r8, lr} ^",1
invalid,1
invalid,1
"mrsmi r0, apsr",1
"andeq r0, r0, r7, asr r0",1
"strne sb, [r4, -r2, lsl 2]",1
"andeq r0, r0, lr, lsr 6",1
"andeq ip, r0, r8, asr 3",1
"andeq ip, r0, r4, ror 3",1
"strbeq r4, [ip], -0x401",1
invalid,1
"andge r0, r0, 3",1
"stmdane r0, {r0, r4, r5}",1
"andeq r0, r0, r1, asr 6",1
"strheq r3, [r0], -sl",1
"sbceq lr, r1, sb, lsl r0",1
"andeq ip, fp, r0, lsl 14",1
"movwpl r1, 0x1a00",1
invalid,1
"ldrbeq r0, [r2, -0x11a]",1
"biceq lr, r0, r3",1
invalid,1
"tsteq sl, r1, lsl 2",1
"rsbseq r0, r5, r0, asr r2",1
"ldrbteq r0, [sp], -0x21a",1
"movwpl pc, 0x1303",1
"rsbseq r0, sp, sl, lsl r2",1
"andpl pc, r1, 0xc000000",1
"cdphs p0, 1, c0, c7, c0, 0",1
"str r0, [r0], -3",1
invalid,1
"smlabteq r0, r1, r0, r0",1
"andeq sb, r4, r6, asr 30",1
"movteq r1, 0xc800",1
"bicslo r0, r8, r0",1
"tstmi r8, r0",1
invalid,1
"stmdbne r0, {r0, r4, r5}",1
"strdeq ip, sp, [r0], -r8",1
"andeq r0, r0, r7, asr 23",1
"cmpeq r3, 0x80000006",1
bne 0x149c098,1
"movweq r5, 0x5201",1
"andeq ip, r1, ip, ror 1",1
"cmpeq r1, sl, lsl r1",1
"andpl r1, r1, r1, lsr sl",1
bne 0x38ce8,1
"movweq r7, 0xd02",1
"ldrsheq r0, [r3], -0x13",1
invalid,1
"andgt r0, ip, 0",1
"eorgt r0, r4, 0",1
"strpl r0, [r1], -0",1
"ldrdeq r0, r1, [r0], -ip",1
"andeq r4, r3, fp, lsl ip",1
"movteq r1, 0x1c00",1
"strpl r0, [r1, -0]",1
"sbceq r2, r2, sb, lsl r4",1
"andeq ip, fp, r0, lsl 14",1
invalid,1
"tsteq sl, r1, lsl 2",1
"rsbseq r0, r5, r0, asr r2",1
"rsbseq r0, sp, sl, lsl r2",1
"ldrbeq r0, [sp, r3, lsl 20]",1
"cdphs p0, 1, c0, c7, c0, 0",1
"stmdahi r0, {r0, r1}",1
invalid,1
"smlabteq r0, r2, r0, r0",1
"andeq r1, r5, r6, ror 14",1
"movteq r1, 0xc800",1
"andlo r0, lr, 0",1
"tstmi r8, r0",1
invalid,1
"stmdbne r0, {r1, r4, r5}",1
"muleq r0, r8, r2",1
"andeq r0, r0, r7, asr 23",1
"cmpeq r1, sl, lsl r1",1
"andpl r1, r1, r1, lsr sl",1
"andeq r7, r0, r2, lsl 10",1
invalid,1
"adcsgt r0, r0, 0",1
"sbcgt r0, ip, 0",1
bvs 0x5b970,1
"andeq r0, r0, r2, asr r5",1
"andeq r4, r3, r8, lsl ip",1
"eorseq r3, r2, r0, lsl 30",1
"movteq r1, 0x1800",1
"subslo r0, sp, 0",1
invalid,1
"strgt r0, [r0, -r2, asr 1]",1
bne 0x1b9bc,1
"mrslo r5, apsr",1
"subseq r0, r0, 0x80000006",1
"andeq r0, r0, r5, ror r0",1
"andeq r2, r3, r7, lsl lr",1
"sbceq lr, r2, r0",1
"sbceq r0, r3, r0, lsl 8",1
"stclhi p1, c0, [lr, -0]!",1
"stmdane r0, {r0, r2}",1
"andeq r0, r0, ip, asr 6",1
"andeq r3, r0, r0, ror r2",1
"andeq r4, r3, r8, lsl r1",1
"eorseq r8, r2, r0, lsl 28",1
"movwgt r1, 0x900",1
bleq 0xff1db9c8,1
"tsteq sl, r0",1
bne 0xc5bf14,1
"strvc r5, [r2, -1]",1
"strne r0, [r0, -r0]",1
"andeq r0, r0, lr, lsr 6",1
"andeq ip, r0, r8, lsl r3",1
"andeq ip, r0, r4, asr 6",1
"strbeq r7, [r8, 0x501]",1
invalid,1
invalid,1
"stmdane r0, {r1, r4, r5}",1
"andeq r0, r0, r1, asr 6",1
"strheq r3, [r0], -pc",1
"sbceq r4, r3, sb, lsl r0",1
"andeq ip, fp, r0, lsl 14",1
invalid,1
"tsteq sl, r1, lsl 2",1
"rsbseq r0, r5, r0, asr r2",1
"cdphs p0, 1, c0, c7, c0, 0",1
"stmdapl r0, {r0, r1}",1
invalid,1
"smlabteq r0, r3, r0, r0",1
"andeq r0, r6, ip, ror r3",1
"movteq r1, 0xc800",1
"sbcslo r0, r2, 0",1
"tstmi r8, r0",1
invalid,1
"stmdbne r0, {r1, r4, r5}",1
"andeq ip, r0, r8, lsl 7",1
"andeq r0, r0, r7, asr 23",1
"cmpeq r1, sl, lsl r1",1
"andpl r1, r1, r1, lsr sl",1
"andeq r7, r0, r2, lsl 10",1
invalid,1
"movgt r0, 0",1
"bicsgt r0, ip, 0",1
"movwhi r0, 0x1000",1
"andeq r0, r0, lr, lsr r6",1
"andeq r4, r3, r8, lsl ip",1
"eorseq r0, r3, r0, lsl 6",1
"movteq r1, 0x1800",1
invalid,1
invalid,1
"strgt r0, [r0, -r3, asr 1]",1
bne 0x1baa8,1
"mrslo r5, apsr",1
"subseq r0, r0, 0x80000006",1
"andeq r0, r0, r5, ror r0",1
"andeq r2, r3, r7, lsl lr",1
"sbceq pc, r3, r0",1
"sbceq r3, r4, r0, lsl 8",1
"stmibvc fp, {r8}",1
"stmdane r0, {r1, r2}",1
"andeq r0, r0, ip, asr 6",1
"andeq r3, r0, r4, lsr r3",1
"andeq r4, r3, r8, lsl r1",1
"eorseq r5, r3, r0, lsl 4",1
"ldrtgt r1, [r0], -0x900",1
bleq 0xff1dbab4,1
"tsteq sl, r0",1
bne 0xc5c000,1
"strvc r5, [r2, -1]",1
"strne r0, [r0, -r0]",1
"andeq r0, r0, lr, lsr 6",1
"andeq ip, r0, r8, asr 8",1
"muleq r0, r4, r4",1
"ldrteq sb, [r4], r1, lsl 6",1
invalid,1
"strvs r0, [r0, -3]",1
"stmdane r0, {r0, r1, r4, r5}",1
"andeq r0, r0, r1, asr 6",1
"andeq r3, r0, r3, lsl 7",1
"sbceq sb, r4, sb, lsl r0",1
"andeq ip, fp, r0, lsl 14",1
invalid,1
"tsteq sl, r1, lsl 2",1
"rsbseq r0, r5, r0, asr r2",1
"cdphs p0, 1, c0, c7, c0, 0",1
"stmdage r0, {r0, r1}",1
invalid,1
"smlabteq r0, r4, r0, r0",1
"muleq r6, ip, pc",1
"movteq r1, 0xc800",1
"orrslo r0, r6, 0",1
"tstmi r8, r0",1
"strlt r0, [r0], -3",1
"stmdbne r0, {r0, r1, r4, r5}",1
"strdeq ip, sp, [r0], -r8",1
"andeq r0, r0, r7, asr 23",1
"cmpeq r1, sl, lsl r1",1
"andpl r1, r1, r1, lsr sl",1
"andeq r7, r0, r2, lsl 10",1
invalid,1
"ldrgt r0, [r0, -0]",1
"strbgt r0, [r0, -0]!",1
"strge r0, [r1, -r0]",1
"andeq r0, r0, sl, lsr 14",1
"andeq r4, r3, r8, lsl ip",1
"eorseq ip, r3, r0, lsl 14",1
"movteq r1, 0x1800",1
invalid,1
"andsvs r0, sb, r0",1
"strgt r0, [r0, -r5, asr 1]",1
bne 0x1bb94,1
"mrslo r5, apsr",1
"subseq r0, r0, 0x80000006",1
"andeq r0, r0, r5, ror r0",1
"sbceq r0, r2, sp, lsl r8",1
"andeq lr, fp, r0, lsl 20",1
"andeq r4, r7, r0, lsl 22",1
"andpl r1, r1, 0, 20",1
"tsteq sl, r1, lsl 10",1
"vst3.16 {d0, d2, d4}, [r3:0x40], r1",1
bne 0x1c290,1
"andlo r5, r1, r1",1
"eorsgt r1, r4, 0, 26",1
bleq 0xffa9bb9c,1
"strbeq r0, [ip, -r0]!",1
"tsteq sl, r0",1
bne 0xd5c0f0,1
"movweq r5, 0x5101",1
"strdeq ip, sp, [r1], -r8",1
"cmpeq r0, sl, lsl r1",1
invalid,1
invalid,1
"andhi r0, r0, ip",1
bne 0x1bbe0,1
"strvc r5, [r2, -0x101]",1
"ldrvc r0, [lr], -0",1
bhs 0x1bed8,1
"stcne p0, c0, [r0, -0x30]",1
"andeq ip, r0, r4, lsl 5",1
"andeq r0, r0, sl, ror 23",1
"andeq r0, r0, sl, lsr 15",1
"cmpeq r2, sl, lsl r1",1
invalid,1
"bicgt r0, r4, r5, lsl 6",1
"tsteq sl, r1",1
"eorseq r0, r0, r0, asr r1",1
"sbceq sl, r2, sp, lsl ip",1
"andeq lr, fp, r0, lsl 20",1
"andeq ip, r7, r0, lsl 22",1
"andpl r1, r1, 0, 20",1
"tsteq sl, r1, lsl 10",1
"strle r0, [r3], -0x551",1
bne 0x1c314,1
"andlo r5, r1, r1",1
"sbcsgt r1, ip, 0, 26",1
bleq 0xffa9bc1c,1
"strbeq r0, [ip, r0]!",1
"tsteq sl, r0",1
bne 0xd5c170,1
"movweq r5, 0x5101",1
"andeq ip, r1, ip, ror 3",1
"cmpeq r0, sl, lsl r1",1
"ldrne r0, [sp], -0x30",1
b 0x1bf48,1
"stceq p0, c0, [r0, -0x2c]",1
bne 0x1bc64,1
"strlo r5, [r1, -0x201]",1
"ldrbeq r0, [r1, -0x11a]",1
"biceq r0, r2, r3, lsl 16",1
"andpl r1, r1, r0, lsl 20",1
"stcne p0, c3, [r0, -4]",1
"andeq ip, r0, r4, asr r3",1
"andeq r0, r0, sl, ror 23",1
"andeq r0, r0, lr, lsr 16",1
"cmpeq r2, sl, lsl r1",1
invalid,1
"eorgt r0, r8, 0x14000000",1
"tsteq sl, r1",1
"eorseq r0, r0, r0, asr r1",1
"sbceq sb, r3, sp, lsl ip",1
"andeq lr, fp, r0, lsl 20",1
"andeq r4, r8, r0, lsl 30",1
"andpl r1, r1, 0, 20",1
"tsteq sl, r1, lsl 10",1
invalid,1
bne 0x1c39c,1
"andlo r5, r1, r1",1
invalid,1
bleq 0xffa9bca0,1
invalid,1
"tsteq sl, r0",1
bne 0xd5c1f4,1
"movweq r5, 0x5101",1
"andeq ip, r1, r4, ror r2",1
"cmpeq r0, sl, lsl r1",1
"ldrmi r0, [sp], -0x30",1
b 0x1bfd0,1
invalid,1
bne 0x1bce8,1
"strlo r5, [r1, -0x201]",1
"ldrbeq r0, [r1, -0x11a]",1
"biceq sl, r2, r3",1
"andpl r1, r1, r0, lsl 20",1
"stcne p0, c3, [r0, -4]",1
"andeq ip, r0, r4, lsr 9",1
"andeq r0, r0, sl, ror 23",1
"strheq r0, [r0], -r2",1
"cmpeq r2, sl, lsl r1",1
invalid,1
"sbcsgt r0, r0, 0x14000000",1
"tsteq sl, r1",1
"eorseq r0, r0, r0, asr r1",1
"sbceq r0, r5, sb, lsl ip",1
"andeq lr, fp, r0, lsl 20",1
"andpl r1, r1, 0, 20",1
"tsteq sl, r1, lsl 10",1
"streq r0, [r3], -0x551",1
bne 0x1c420,1
"andlo r5, r1, r1",1
"streq r0, [r8], -0",1
"ldrdeq r0, r1, [r0], -r6",1
"andeq r1, r3, lr, lsl 6",1
"movwvc r1, 0x1400",1
invalid,1
"strgt r0, [r8, 0x1b4]!",1
"ldrbgt r0, [r4, 0]!",1
invalid,1
"andvs r0, r1, r0",1
"strne r0, [r0, -9]",1
"andeq r0, r0, pc, ror r3",1
"cmpeq sb, 0x1000000",1
"strtlo r0, [r4], -0",1
"ldreq r0, [r5], -0",1
invalid,1
"strheq r1, [r3], -r5",1
"eorseq r4, r4, r0, lsl 10",1
invalid,1
"strlt r0, [r1, -0]",1
"andeq r0, r0, r3, lsl r3",1
"andeq r3, r0, r6, ror 8",1
"andseq r4, r2, r5, lsl r8",1
invalid,1
"strhi r0, [r0, -r3]",1
invalid,1
"strheq r1, [r0], -r7",1
"ldmeq r0, {r0, sb, sl, ip, sp, pc} ^",1
invalid,1
invalid,1
invalid,1
"andeq r0, r0, r7, asr r0",1
"andeq r3, r0, r8, lsr 9",1
"sbceq lr, r5, sb, lsl ip",1
"andeq r7, r3, r0, lsl 30",1
"vstrvc s2, [r2, -0]",1
"rsbseq r0, r5, r0, lsl 4",1
"tsteq r4, r0",1
"andeq r1, r0, pc, asr r2",1
"vst3.8 {d12, d13, d14}, [r1], r1",1
invalid,1
"movwle r0, 0xc6",1
invalid,1
"strdeq r0, r1, [r0], -r4",1
"andeq r7, r3, r5, lsl pc",1
"stmibpl r4, {r8} ^",1
"andeq r0, r0, r3",1
"strne r0, [r0, -0x35]",1
"andeq r1, r0, r4, lsl 4",1
"tsteq r3, 0x400000",1
"strlo r0, [r1, -0]!",1
invalid,1
invalid,1
"andeq r1, r3, r5, asr 7",1
"eorseq r4, r5, r0, lsl 4",1
"subne r1, r8, 0, 10",1
"strgt r0, [r1], -r0",1
"andeq r0, r0, r3, lsl r3",1
"andeq r3, r0, r3, ror 10",1
"andseq fp, r1, r5, lsl r7",1
"stclmi p1, c0, [r6], {0}",1
"strhi r0, [r0], -0",1
svcne 0x35,1
"strheq r1, [r0], -r5",1
"subseq ip, r7, r1, lsl 16",1
"ldrlo r0, [r6, 0]!",1
bhs 0x81be20,1
invalid,1
"andeq pc, sb, sb, asr 9",1
"ldmmi r1, {sb}",1
"sbceq r5, r6, sb, lsl r4",1
"andeq r7, r3, r0, lsl 30",1
"vstrvc s2, [r2, -0]",1
"addsmi r0, r1, r0, lsl 4",1
"movwne r0, 0xc000",1
"streq r0, [r0], -3",1
"stceq p0, c0, [r0, -0x28]",1
"andeq r0, r0, sb, asr 1",1
"tsteq r4, sb",1
"andeq r0, r0, sl, lsr 6",1
invalid,1
invalid,1
"smlabt r0, r6, r0, r0",1
invalid,1
"muleq r0, r6, sl",1
"andeq r7, r3, r5, lsl pc",1
"stmibpl r3!, {r8} ^",1
"stmdbne r0, {r0, r1}",1
"strne r0, [r0, -0x36]",1
"andeq r1, r0, r4, lsl 4",1
"tsteq r3, 0x1000000",1
"ldrtlo r0, [sl], -r0",1
invalid,1
invalid,1
"andeq r1, r3, r4, ror 7",1
"eorseq r5, r6, r0, lsl 22",1
"subne r1, r8, 0, 12",1
"str r0, [r1, -0]",1
"andeq r0, r0, r3, lsl r3",1
"cmnne ip, 0x80000000",1
"andseq fp, r1, r0, lsr 14",1
"stclmi p1, c0, [r7], 0",1
"andeq r0, r0, 0",1
invalid,1
"andvs r0, r0, r6, asr 1",1
bne 0x1bee0,1
invalid,1
"tsteq sl, ip, ror 12",1
invalid,1
"qaddpl r1, r2, r1",1
invalid,1
"cmpeq r0, 0x80000006",1
bne 0x141c6a4,1
"andeq r7, r0, 2, 26",1
"muleq r0, r1, r0",1
invalid,1
svc 0x10000,1
"sbceq r8, r6, r1, lsl 24",1
"sbceq r1, r7, r0",1
"eorseq r7, r6, r0, lsl 24",1
bleq 0xfe41c2f8,1
svcpl 0x170000,1
"strge r0, [r0], -3",1
"andlt r0, r0, r6, asr 1",1
"smlabteq r0, r6, r0, r0",1
"strdeq lr, pc, [sl], -r5",1
"cmneq r2, 0, 16",1
"ldrlo r0, [ip], r0",1
"andslt r0, sb, r0",1
"strlo r0, [r0, -0xc6]",1
bne 0x1bf50,1
"movweq r5, 0x5201",1
"andeq ip, r1, r8, asr r3",1
"cmpeq r0, sl, lsl r1",1
"smladxne r0, r1, r0, r0",1
"andeq r0, r0, pc, asr r3",1
"andeq ip, r0, r4, asr 13",1
"ldrdeq ip, sp, [r0], -r4",1
bleq 0x91ab44,1
"andsvc r0, r8, 0",1
blt 0x1bf54,1
"stmdbne r0, {r1, r2, r4, r5}",1
"ldrdeq ip, sp, [r0], -r4",1
"andeq r0, r0, r5, lsr ip",1
"ldrbeq r0, [r3, -0x11a]",1
"movseq ip, r3",1
"andpl r1, r1, 0, 20",1
"ldclt p3, c0, [r0], 0x14",1
"tsteq sl, r1",1
"eorseq r0, r1, r0, asr r1",1
"strtgt r1, [r0], r0, lsl 26",1
bleq 0xffa9bf74,1
bleq 0x111bf78,1
"tsteq sl, r0",1
bne 0xd5c4c8,1
"movweq r5, 0x5101",1
"andeq ip, r1, r0, asr 6",1
"cmpeq r0, sl, lsl r1",1
"andsgt r0, sp, r0, lsr r0",1
b 0x1c2ac,1
"strvs r0, [r0, -0xb]",1
bne 0x1bfc8,1
"strlo r5, [r1, -0x201]",1
"ldrbeq r0, [r1, -0x11a]",1
"biceq r7, r3, r3",1
"andpl r1, r1, r0, lsl 20",1
"stcne p0, c3, [r0, -4]",1
"andeq ip, r0, r4, ror 13",1
"andeq r0, r0, sl, ror 23",1
"andeq r0, r0, r6, lsl 23",1
"cmpeq r2, sl, lsl r1",1
invalid,1
"orrgt r0, r4, 0x14000000",1
"tsteq sl, r1",1
"eorseq r0, r0, r0, asr r1",1
"sbceq pc, r6, lr, lsl r0",1
"andeq r0, ip, r0, lsl 24",1
invalid,1
"streq r0, [r0], -r7",1
"andeq lr, r2, r8, lsr 15",1
"mrshs r0, apsr",1
"andeq r0, r0, r3, lsr 20",1
"rsceq sl, r7, 0x18000",1
"mrseq r0, apsr",1
"andeq sp, r0, ip, lsl 12",1
"andeq fp, fp, r0, lsl 10",1
"mrshs r2, r8_usr",1
"andeq r1, r0, r2, lsr r2",1
bleq 0xff0a482c,1
"mrseq r0, apsr",1
"andeq sl, fp, lr, lsl 20",1
"movwlo r2, 0x1300",1
"andeq r0, r0, 6",1
"addeq r0, ip, r5, asr r1",1
b 0x5c020,1
"strhs r0, [r0], -0xb",1
"andeq r0, r0, sb, asr r3",1
"andeq r8, r0, r4, lsr 24",1
"tsteq r3, 0, 8",1
"andseq r0, r3, r0",1
"addseq r0, r6, 0xc0000008",1
"movwlo r0, 0xa000",1
"andeq sp, r0, r1",1
invalid,1
invalid,1
"strhs r0, [r0], -3",1
"andeq r0, r0, r3, lsl r3",1
"andeq r8, r0, r4, lsr 24",1
invalid,1
"andeq r0, r0, lr, asr 18",1
invalid,1
"andeq r0, r0, ip, lsl 1",1
"andeq r2, ip, r1, lsl 20",1
"tsteq r3, 0, 8",1
invalid,1
"andeq r0, r0, r3",1
bleq 0x1edc510,1
"andeq r0, fp, 0",1
"strhs r0, [r1, -r2, lsl 2]",1
"andeq fp, r2, r1, lsl 6",1
"cmpeq r7, r0, lsl 4",1
"andeq r0, r0, ip, lsl 1",1
"addeq r2, ip, r1, lsl 8",1
invalid,1
"movwne r0, 3",1
"movweq r0, 0xe000",1
"andeq r0, r2, r0",1
"andeq r1, r0, ip, lsr 7",1
"andeq r0, lr, r4, lsl 2",1
"andhi r0, r1, 0",1
"stmdage r0, {r1, r4}",1
"strpl r0, [r0, -3]",1
"andeq r0, r0, 0x11",1
"movweq r0, 0x5304",1
"strle r0, [r1, -0]",1
"andeq r0, r0, sl, lsr 32",1
"strhs r0, [r7], -0x404",1
"streq r0, [r0], -0",1
"eorseq r0, r1, r1, lsl 16",1
"andeq r0, r4, 0",1
"andeq r3, r0, r7, lsl 30",1
"streq r0, [r4, -r0, lsl 8]",1
"andeq r0, r0, pc, lsl r0",1
"movwlo r0, 0x6104",1
"streq r0, [r0], -0",1
"sbceq r0, fp, r2, lsl 10",1
"streq r0, [r5], -0",1
"strbtvc r6, [lr], -0x905",1
"streq r0, [r8, -0x400]",1
"andeq r0, r0, r0",1
bne 0x1de110,1
"movweq r0, 0",1
"andeq r0, r0, sl, lsr 5",1
"subseq r3, fp, r2, lsl 14",1
"streq r0, [r3, -0]",1
"andeq r0, r0, 5",1
"andeq r7, r0, ip, lsl 31",1
"streq r0, [r4, -0x400]",1
"andeq r0, r0, r5",1
"andeq sb, r4, r3, lsl 28",1
"stmibvs sp, {sb}",1
"streq r0, [r0], -0",1
"sbcseq r0, r5, r4, lsl 14",1
"streq r0, [r6], -0",1
"muleq r0, lr, r0",1
blo 0x21c54c,1
"streq r0, [r0, -r0]",1
"ldrdeq r0, r1, [r0], -r6",1
"smlalsvs r0, r6, r8, r3",1
"stmdaeq r0, {r1}",1
"andeq r0, r0, r3, ror sp",1
"subseq pc, r4, r3, lsl 14",1
"movwhs r0, 0x2000",1
"ldrbteq r0, [pc], -0x800    ; [0x1c15c:4]=152",1
invalid,1
"muleq r0, r8, r0",1
"stmdaeq r4, {r1, r8, sb, sp}",1
"andeq r0, r0, r1, asr 4",1
"addseq pc, r8, r3, lsl 26",1
"movwhs r0, 0x2000",1
"strbeq r0, [fp, -r8, lsl 16]",1
"cdp2 p0, 0, c0, c3, c0, 0",1
"muleq r0, r8, r0",1
"stmdaeq ip, {r1, r8, sb, sp}",1
"andeq r0, r0, r2, ror 18",1
"addseq pc, r8, r3, lsl 30",1
"movwhs r0, 0x2000",1
"orreq r0, sp, 16, 18",1
"andeq r0, r3, r0",1
"andeq sb, r0, r1, lsl 16",1
"strtne r0, [r3], -0x200",1
"andeq ip, r7, sb, lsl 16",1
"mrseq r0, sp_irq",1
"muleq r0, r8, r0",1
"ldmdbeq r8, {r1, r8, sb, sp}",1
"muleq r0, fp, r1",1
"stmdals r1, {r0, r1, sb}",1
"andeq r0, r0, 0",1
"cdpvc p12, 0, c1, c9, c3, 1",1
"movweq r0, 2",1
"addseq r0, r8, r3, lsl 2",1
"movwhs r0, 0x2000",1
"bicseq r0, fp, 32, 18",1
"streq r0, [r3, -0]",1
"andeq sb, r0, r1, lsl 16",1
"strths r0, [r3], -0x200",1
"andeq fp, r1, sb, lsl 18",1
"mrseq r0, lr_und",1
"muleq r0, r8, r0",1
"stmdbeq r8!, {r1, r8, sb, sp}",1
"andeq r0, r0, sb, asr r7",1
"stmdals r1, {r0, r1, r8, sb, sl}",1
"andeq r0, r0, 0",1
"movwmi r2, 0x9c23",1
"movweq r0, 5",1
"addseq r0, lr, 0x40000002",1
"movwhs r0, 0x2000",1
invalid,1
bleq 0xdc210,1
"andeq sl, r2, r1, lsl 8",1
"strtlo r0, [r3], -0x200",1
"andeq r3, r2, sb, lsl 18",1
"mrseq r0, sp_mon",1
"andeq r0, r0, r4, asr r0",1
"ldmdbeq r8!, {r1, r8, sb, sp}",1
"ldrdeq r0, r1, [r0], -r7",1
"strpl r1, [r1], -0x103",1
"andeq r0, r0, 0",1
invalid,1
"movweq r0, 2",1
"rsbseq r0, r4, r3, lsl r1",1
"movwhs r0, 0x2000",1
"addeq r0, sl, 64, 18",1
"strne r0, [r3, -r0]",1
"andeq r3, r0, r1, lsl 16",1
"strtmi r0, [r3], -0x200",1
"andeq r0, r6, sb, lsl 24",1
"tsteq r8, r0, lsl 6",1
"andeq r0, r0, r6, asr 32",1
"stmdbeq r6, {r1, r8, sb, sp} ^",1
"andeq r0, r0, r8, lsl 2",1
bge 0x62678,1
"andeq r0, r0, 2",1
"stclt p7, c4, [sb, -0x8c]",1
"movweq r0, 0x1d",1
"adcseq r0, sl, 0x40000007",1
"movwhs r0, 0x2000",1
"sbcseq r0, r0, 72, 18",1
"strhs r0, [r3], -r0",1
"andeq r8, r0, r1, lsl 12",1
"eorpl r0, r3, r0, lsl 4",1
"andeq sb, r7, sb, lsl 14",1
invalid,1
"andeq r0, r0, sp, lsl r0",1
"ldmdbeq r8, {r1, r8, sb, sp} ^",1
"muleq r0, lr, r7",1
"stcne p0, c3, [r1, -0xc]",1
"andeq r0, r0, 0",1
invalid,1
"movweq r0, 2",1
"andseq r0, sp, r1, lsr r1",1
"movwhs r0, 0x2000",1
"streq r0, [sp, r0, ror 18]!",1
"andlo r0, r3, 0",1
"andeq r1, r0, r1, lsl 26",1
"strtvs r0, [r3], -0x200",1
"andeq fp, r7, sb, lsl 8",1
"teqeq r3, r0, lsl 6",1
"andeq r0, r0, pc, lsl r0",1
"stmdbeq r8!, {r1, r8, sb, sp} ^",1
"andeq r0, r0, lr, lsl 8",1
"strpl r3, [r1], -0x503",1
"andeq r0, r0, 0",1
"strle r6, [sb], -r3, lsr 24",1
"movweq r0, 7",1
"sbceq r0, r0, 0xc000000d",1
"movwhs r0, 0x2000",1
invalid,1
"movweq r0, 4",1
"teqeq r6, 0x26c0000",1
"movweq r0, 0xc000",1
"andeq sb, r2, r1, lsr 29",1
svchs 0xe90800,1
"andge r0, r3, 0",1
"muleq r0, lr, r2",1
"stmdaeq r0, {r1, r8, sb, sp}",1
"andeq r0, r0, r2, lsr 7",1
"adceq sl, r4, 0xc000000",1
"movwhs r0, 0x2000",1
"cdplo p8, 9, c0, c8, c4, 0",1
"strge r0, [r3, -r0]",1
"andeq r0, r0, r4, asr r0",1
"andeq r2, r8, r2, lsl 6",1
"rsbeq r0, r7, 0x6000000",1
"streq r0, [r6], -0",1
"andeq r0, r0, r5, lsr 1",1
"andeq sb, r0, fp, lsl 28",1
"andeq fp, r2, r0, lsl 20",1
"addseq r0, r1, r0, lsl 24",1
"andeq r0, r0, r0",1
"rsbeq r0, r0, 0x6000000",1
"cdpls p0, 0, c0, c11, c0, 0",1
"andle r0, r0, r0",1
invalid,1
"muleq r0, r1, r0",1
"movwhi r0, 0xd027",1
"streq r0, [r0], -7",1
"andeq sl, r2, r8, lsr 9",1
"stceq p1, c0, [r1, -0]",1
"andeq r0, r0, r3, lsr 20",1
"adceq sl, r4, 4, 18",1
"mrseq r0, apsr",1
"andeq sb, r0, fp, lsl 28",1
"andeq pc, r2, r0, lsl 20",1
"addseq r0, r1, r0, lsl 24",1
"eoreq r0, lr, r0",1
"andseq r3, r2, lr, lsl 4",1
invalid,1
invalid,1
"bicgt r0, r4, 0x14000000",1
b 0x3dc3ac,1
"andeq r0, r0, r2",1
"muleq r0, r5, r6",1
"strbtne r0, [r2], -2",1
invalid,1
"andeq r0, r0, lr",1
"andseq sl, r2, r1, lsl 18",1
"andeq sl, r3, r0, lsl 16",1
"sbceq r1, r7, r0",1
"sbceq r3, sb, r0, lsl 24",1
"andseq r0, r2, r0, lsl 18",1
"streq r0, [r4, -0x200]",1
"rsbseq r6, r4, sb, ror 28",1
"andeq r0, r3, r3, lsl 10",1
"ldrblo r0, [r5, r0, lsl 12]",1
"streq r0, [r0], -0",1
"eoreq r0, r4, r4, lsl 14",1
invalid,1
"andeq r3, r0, r8, lsl 2",1
"streq r0, [r2, -r0, lsl 8]",1
"andeq r0, r0, pc, lsr r0",1
svcne 0x70404,1
"streq r0, [r0], -0",1
"eorseq r0, r3, r1, lsl 12",1
"andeq r0, r4, 0",1
"andeq ip, r0, r5, lsl 22",1
"streq r0, [r8, -0x400]",1
"andeq r0, r0, r0",1
bne 0x1de428,1
"streq r0, [r0], -0",1
"andeq r0, r5, r4, lsl 10",1
"streq r0, [r4], -0",1
"andeq sp, r0, r7, lsl 10",1
"streq r0, [r4], -r0, lsl 10",1
"andeq r8, r0, r4, lsl 10",1
"stmdaeq r1, {sl}",1
"andeq r0, r0, sl, lsr r0",1
"addseq r0, r2, r6, lsl 8",1
"strhi r0, [r7, -0]",1
"streq r0, [r0], -r0",1
"andeq sb, r0, r4, lsl 26",1
"streq r0, [sb], -0x800",1
"adceq r1, sp, r1, lsl 30",1
"strlt r0, [sl, -r0]",1
invalid,1
"andlt r0, r1, 0, 22",1
"movweq r0, 1",1
"rsbseq r0, sp, ip, asr 2",1
"mrseq r0, apsr",1
"andeq r0, r0, r2, ror 1",1
"andeq sb, r4, ip, lsl 14",1
"stclvc p3, c0, [ip, -0]",1
invalid,1
"andeq r0, r0, r6, ror r1",1
"eoreq r4, r5, r3, lsl 24",1
"strhs r0, [ip], -r0",1
"movweq r0, 5",1
"andeq r2, r0, ip, asr 24",1
"mrseq r0, apsr",1
"andeq r1, r0, r7, asr 5",1
"stcvc p0, c3, [r1, -0xc]",1
"movweq r0, 0",1
"andeq r1, r1, r1, lsl 14",1
"ldreq r0, [r7], 0xc00",1
"andlo r0, r3, r0",1
"andeq r0, r0, sp, ror r0",1
"andeq ip, r1, ip, lsl 18",1
"ldrls r0, [r0, -r0, lsl 6]!",1
invalid,1
"andeq r0, r0, r6, lsr 10",1
"eoreq r3, ip, r3",1
"stceq p0, c0, [r0, -0]",1
"andeq ip, r8, r1, lsl 6",1
invalid,1
"andeq r0, r0, sp, ror r0",1
"andeq ip, r0, r0, lsl r7",1
"andeq ip, r0, r4, asr 14",1
"ldrdeq r3, r4, [r0], -r8",1
"andeq r6, r1, r1, lsl 26",1
"rsbeq r0, lr, r0, lsl 28",1
"eoreq r2, ip, r1, lsl 14",1
"ldrbtlo r0, [r8], r0",1
"andvc r0, pc, r0",1
"stcvc p1, c0, [sb, -0]!",1
"strne r0, [r0], -r0",1
"andne r0, r0, r7, lsr r0",1
"andeq ip, r0, ip, lsl r7",1
"andeq r0, r0, sp, asr 11",1
"andeq r0, r0, r3, ror 2",1
"subseq r0, r0, 0x40000004",1
"andne r0, r0, 0x74",1
"andeq ip, r0, ip, lsr r7",1
"andeq r0, r0, r6, ror 11",1
"andlt r0, r1, 0, 26",1
"andeq r0, r0, 0xf",1
"ldrsbteq r0, [pc], -0x1a    ; [0x1c524:4]=0xc7500000",1
"strbgt r0, [r4, -r0]",1
"ldrbgt r0, [r0, -r0]",1
"ldrlo r0, [0x0001c530]!     ; [0x1c530:4]=0xe000001",1
bge 0x5c534,1
"cdpeq p0, 0, c0, c0, c1, 0",1
ble 0x9c6f4,1
"andeq r0, r0, ip, lsr 32",1
"andeq r3, r0, pc, asr r7",1
"sbceq r4, r7, r3, lsl ip",1
"andeq r1, r1, r0, lsl 14",1
"andpl r1, r1, r0, lsl 2",1
"andpl pc, r1, r3, lsl 6",1
"tsteq r4, r0",1
"andeq r1, r0, r0, lsr 5",1
"stcvc p7, c6, [r1, -8]",1
"andpl r0, r0, r0",1
invalid,1
"andhi r0, r0, r7, asr 1",1
invalid,1
"strdeq r0, r1, [r0], -pc",1
"andeq r6, r0, 14, 28",1
"andeq r2, r0, r7, ror 24",1
"eorseq sl, r7, r0",1
"rsbseq r0, r3, r0, lsl 28",1
"eoreq r6, ip, r2, lsl 14",1
"ldrlo r0, [lr, r0]!",1
"andsvc r0, r2, r0",1
"str r0, [r0], -r7, asr 1",1
"movwne r0, 5",1
"andeq ip, r0, r8, ror r7",1
"andeq r0, r0, r7, lsl r1",1
"ldrbeq r0, [r0, -0x111]",1
"rsbseq r0, r5, r4, ror r0",1
"stceq p0, c0, [r0, -0x78]",1
"andeq r8, sp, r1, lsl 6",1
"teqeq r3, r0, lsl 2",1
"andeq r0, r0, sp, ror r0",1
"andeq ip, r0, ip, ror r7",1
"ldrdeq ip, sp, [r0], -r8",1
"ldrdeq r3, r4, [r0], -ip",1
"andeq r6, r2, r1, lsl 20",1
"rsbseq r0, r0, r0, lsl 28",1
"rsbseq r3, sp, r1, lsl 6",1
"ldrblo r0, [ip, r0]!",1
"cdpvs p0, 0, c0, c14, c0, 0",1
"ldchs p1, c0, [r3], -0",1
invalid,1
"andne r0, r0, r8, lsr r0",1
"andeq ip, r0, r0, lsr 15",1
"strdeq r0, r1, [r0], -r0",1
"andeq r0, r0, ip, asr 4",1
"cmpeq r0, 0x40000004",1
"ldrsheq r0, [r0], -0x13",1
"sbceq fp, r7, r0, lsl r0",1
"andeq r0, r6, r0, lsl 10",1
"andeq r6, r2, r0",1
"mrspl r1, apsr",1
"andeq r7, r0, r2, lsl 8",1
"sbceq sp, r7, r2, lsl r0",1
"andeq lr, r5, r0, lsl 12",1
"tsteq r5, r0",1
"andeq r1, r0, lr, asr 5",1
"stcvc p3, c11, [r1, -8]",1
"movweq r0, 0",1
"strheq r0, [r0], -r0",1
"andeq r7, r0, 0x16",1
"strheq r7, [r0], -r3",1
"cdpvs p6, 7, c1, c0, c0, 0",1
"adcslt r0, r3, r0, lsl 4",1
"strne r0, [r0], -r2",1
"movwlt r0, 0x2073",1
"andeq r0, r0, ip, lsr 32",1
"andeq r6, r0, 0x170",1
"strheq r2, [r0], -r5",1
"ldreq r1, [sb], -0x800",1
"vpmax.f32 d11, d10, d2",1
"andgt r0, r0, r2, lsl r0",1
"andeq r0, r0, r0",1
"eoreq r0, ip, r6, lsl 8",1
bvs 0x69c664,1
"stmdale r0, {r1}",1
invalid,1
bvs 0x1c990,1
invalid,1
"andeq r0, r0, ip, lsl r3",1
"andeq r7, r2, fp, lsl ip",1
"eorseq r8, r8, r0, lsl 20",1
"addeq r1, r5, 0, 22",1
invalid,1
svchi 0x1b0000,1
"vhadd.s8 d0, d0, d2",1
invalid,1
"muleq r0, r8, r2",1
"andeq r3, r0, r6, lsr 18",1
"sbceq pc, r7, sp, lsl r8",1
"sbceq r1, r8, r0, lsl 8",1
"ldmdagt r4!, {sb, ip}",1
"strbeq r0, [r6, 0]!",1
"ldrmi r0, [r3], -0",1
invalid,1
invalid,1
"strvc r5, [r5], -r1, lsl 2",1
"cdpne p4, 0, c7, c0, c0, 0",1
"subseq r0, r0, 0x40000004",1
"andeq r0, r0, r7, ror r0",1
"rscne r0, r1, 20, 2",1
"strvc r0, [r2], -0",1
"andeq r7, r0, r1, lsl 26",1
"sbceq r4, r8, r0, lsl 24",1
"sbceq r8, r8, r0, lsl 8",1
"eorseq r5, sb, r0, lsl 20",1
"orreq r0, r4, 0, 2",1
"andvc r0, lr, r0",1
"ldclvc p2, c0, [r4, -0]!",1
bvc 0x1c6f0,1
"mcreq p0, 0, r0, c0, c9, 1",1
"strvc r0, [r2], -0x6e",1
"andeq r0, r0, ip, lsr 32",1
"muleq r0, r8, sb",1
"andeq r7, r0, 0x38000000",1
"andeq r2, r0, r4, ror ip",1
"eorseq fp, sb, r0, lsl 12",1
"ldmdagt r4!, {sb, ip} ^",1
"strbeq r0, [r6, 0]!",1
"andshi r0, r3, r0",1
invalid,1
invalid,1
"strvc r5, [r5, -0x101]",1
"cdpne p4, 0, c7, c0, c0, 0",1
"subseq r0, r0, 0x40000004",1
"andeq r0, r0, r6, ror r0",1
beq 0xff59cb68,1
bmi 0x5c738,1
"andeq r7, r0, r1, lsl 26",1
"sbceq r8, r8, r0, lsl 8",1
"sbceq ip, r8, r0, lsl 24",1
"eorseq sp, sb, r0, lsl 8",1
"streq r0, [fp], -0x100",1
"andvc r0, lr, r0",1
"stclvc p1, c0, [sl, -0]",1
"vst4.8 {d0, d1, d2, d3}, [r0], r0",1
"mcreq p0, 0, r0, c0, c9, 1",1
invalid,1
"andeq fp, r2, sl, asr 32",1
"eorseq r2, sl, r0, lsl 28",1
"rsbeq r1, sl, 0, 28",1
invalid,1
invalid,1
invalid,1
"andeq r8, r2, pc, lsl pc",1
"ldrhi r0, [fp, -0x100]",1
"stmdavs r0, {r1}",1
blne 0x1c870,1
"andeq r0, r0, ip, ror r2",1
"andeq r3, r0, r2, lsr 21",1
"sbceq r8, r8, r0, lsr 16",1
"sbceq ip, r8, r0, lsl 8",1
"addseq r1, r8, 0, 24",1
blo 0xff71c7a0,1
invalid,1
"str r0, [r0], -r8, asr 1",1
"andne r0, r0, 5",1
"andeq ip, r0, r4, asr 17",1
"strdeq r0, r1, [r0], -pc",1
"stceq p0, c0, [r0, -0]",1
"andseq sb, r2, r1, lsl 16",1
"cmpeq r4, r0, lsl 2",1
"andeq r0, r0, sp, ror r0",1
"andeq ip, r0, ip, asr 17",1
"andeq ip, r0, r8, ror 17",1
"andeq r3, r0, sp, lsl fp",1
"andeq r8, r4, r1, lsl 12",1
"rsbseq r0, r3, r0, lsl 28",1
"eoreq r5, ip, r1, lsl 8",1
bllo 0xf5c7e0,1
"stcge p0, c0, [r1, -0]!",1
invalid,1
"str r0, [r0], -0xc8",1
"smlabteq r0, r8, r0, r0",1
"andeq r7, r4, r6, asr r5",1
"sbcseq r2, r6, r0, lsl 4",1
"strpl r0, [r1], -0",1
"andeq ip, r0, pc, lsl fp",1
"andsgt r0, fp, r0",1
blpl 0x1c808,1
"movwne r0, 0x3b",1
"andeq ip, r0, r4, ror 17",1
"andeq r0, r0, r3, lsr 12",1
"subseq r0, r2, 0x40000004",1
"tsteq r1, r4, ror r0",1
"eorseq r0, r0, r1, asr r1",1
"ldmgt r8, {r8, sb, ip} ^",1
"tsteq r7, r0",1
"tsteq r1, r0",1
"rsbseq r0, r4, r0, asr r2",1
"mrseq r0, apsr",1
"andeq r1, r0, fp, ror 5",1
"stcvc p13, c5, [r1, -4]",1
invalid,1
invalid,1
"cdpvs p0, 0, c0, c0, c8, 6",1
invalid,1
"strdeq r0, r1, [r0], -r1",1
invalid,1
"andeq r2, r0, sp, asr ip",1
"eorseq r8, fp, r0, lsl 28",1
"rsbseq r0, r3, r0, lsl 28",1
"eoreq r5, ip, r1, lsl 26",1
bllo 0xfebdc868,1
"andvc r0, pc, r0",1
"ldclvc p1, c0, [0x0001c870]",1
"andle r0, r0, r0",1
"andne r0, r0, fp, lsr r0",1
"strdeq ip, sp, [r0], -r0",1
"andeq r0, r0, r4, asr 12",1
"andeq r0, r0, r7, ror 9",1
"cmpeq r1, 0x40000004",1
"ldrshne r0, [r1, -0x13]",1
"vhadd.u8 d5, d3, d1",1
"andne r5, r0, 1",1
"strdeq ip, sp, [r0], -ip",1
"andeq r0, r0, r6, ror 11",1
"andlt r0, r1, r0, lsl 26",1
invalid,1
"rsbseq r0, sp, pc, ror 2",1
invalid,1
invalid,1
bllo 0xff8dc8b4,1
blvc 0x5c8b8,1
"cdpeq p0, 0, c0, c0, c5, 0",1
svcvs 0x10070,1
"muleq r0, r7, r0",1
"andeq r3, r0, r3, lsl 24",1
invalid,1
"andeq r2, r0, pc, ror 24",1
"eorseq r2, ip, r0, lsl 2",1
"rsceq r2, r2, r0, lsl 2",1
invalid,1
invalid,1
"mrsvc r0, apsr",1
"andeq r0, r0, sl, ror 10",1
"andeq r0, r1, r2, lsr 22",1
"subshs r0, r4, 0, 2",1
"andeq r0, r0, r0, lsl 2",1
invalid,1
svclo 0,1
"movwne r0, 0x3c",1
"andeq ip, r0, ip, lsl sb",1
"andeq r0, r0, r2, ror 12",1
"subseq r0, r2, 0x40000004",1
"tsteq r1, r4, ror r0",1
"rsbseq r0, r5, r1, asr r2",1
"andsne r0, r3, r0",1
"strne r0, [r0, -sb, asr 1]",1
invalid,1
"strvc r5, [r2], -1",1
"stceq p0, c0, [r0, -0]",1
"andseq sp, r2, r1, lsl 18",1
"cmneq r7, r0, lsl 2",1
"andeq r0, r0, pc, ror r0",1
"andeq ip, r0, r0, lsr 18",1
"andeq ip, r0, ip, lsr sb",1
"andeq r3, r0, r2, asr ip",1
"andeq ip, r5, r1, lsl 26",1
svceq 0xca2300,1
"strvc r0, [r1, -r0]",1
"andeq r0, r0, ip, lsl 1",1
"andeq r3, r0, r2, ror ip",1
"sbceq r2, sb, r0, lsl ip",1
"andeq r8, r6, r0, lsl 6",1
"andeq fp, r5, r0, lsl 24",1
"andpl r1, r1, r0, lsl 2",1
"andeq r7, r0, r2, lsl 8",1
"sbceq r3, sb, r3, lsl r8",1
"andeq pc, r4, r0, lsl 2",1
"andpl r1, r1, r0, lsl 2",1
"andeq r7, r0, r2, lsl 8",1
"andge r2, r1, 0, 8",1
"streq r0, [r0], -0x12",1
"stcvc p1, c0, [r1, -0x344]",1
invalid,1
"andeq r0, r0, r6, ror 11",1
"andeq r2, r0, r5, lsr 24",1
invalid,1
"muleq r0, r7, ip",1
invalid,1
"stcleq p1, c0, [sb, -0x9c]",1
"and r0, r4, 0",1
"streq r0, [r1, -0x101]",1
"strhs r0, [r0, -6]",1
"andeq r0, r0, sp, ror r0",1
"stmdale r1, {sl, sp}",1
"streq r0, [r0], -0xa",1
"stcvc p1, c0, [r1, -0x37c]",1
invalid,1
"andeq r0, r0, r3, lsr 12",1
"andeq r7, r0, r5, lsr 26",1
"eoreq r2, ip, r0, lsl 10",1
invalid,1
"andeq fp, r1, r1, lsl 4",1
"rsbseq r0, sp, r0, lsl 2",1
"mrseq r0, apsr",1
"andeq r0, r0, r4, asr 12",1
"andeq r7, r0, r5, lsr 26",1
"eoreq r2, r5, r0, lsl 10",1
"strtvc r0, [r5], -r0",1
"andeq r0, r0, r0",1
"rscne r0, ip, 36, 2",1
"movwle r0, 0x4000",1
"rsbseq r0, sp, r1, lsl 2",1
"andvs r0, r1, 0",1
"strhs r0, [r0, -6]",1
"andeq r0, r0, ip, lsr 32",1
"andeq r2, r0, r5, lsr 24",1
invalid,1
"andeq r1, r0, r7, asr 5",1
"andeq r7, r0, r1, lsl 26",1
"movwhi r0, 0x1100",1
"strhs r0, [r0, -6]",1
"andeq r0, r0, sp, ror r0",1
"andeq sb, r0, r5, lsr 14",1
"rsbseq r2, r6, r0, lsl 10",1
invalid,1
"andeq pc, r5, r1, lsl 16",1
"orreq r0, fp, r0, lsl 10",1
"andeq r2, r0, r1, lsl 24",1
"stchi p1, c0, [r5], -0",1
"andeq r0, r0, r0",1
"andeq r4, r1, r0, lsl 24",1
"andls r0, r0, r0, lsl 4",1
"streq r0, [r0], -0x16",1
"andeq r0, r0, r1, lsl 28",1
"movwne r0, 0x2100",1
invalid,1
invalid,1
invalid,1
"movtne r0, 0x9000",1
"streq r0, [r2], -0",1
"strbtvc r6, [lr], -0x905",1
"streq r0, [r4, -r0, lsl 6]",1
"andeq r0, r0, r4, lsr 32",1
invalid,1
"movweq r0, 0",1
"eorseq r0, pc, r2, lsl 14",1
"streq r0, [r3], -0",1
"andeq r1, r0, r7, lsl 30",1
"streq r0, [r1], -r0, lsl 6",1
"andeq r0, r0, r3, lsr r0",1
blgt 0x15d2a4,1
"movweq r0, 0",1
"andeq r0, r0, r8, lsl 10",1
invalid,1
"andeq r1, r0, r7, lsl 20",1
"streq r0, [r4, -0x300]",1
"andeq r0, r0, r5",1
"strle r0, [r7, -0x403]",1
"streq r0, [r0], -0",1
"andeq r7, r0, r4, lsl 16",1
"stmdaeq r1, {r8, sb}",1
"andeq r0, r0, sl, lsr r0",1
"addeq r0, r5, r4, lsl 8",1
invalid,1
"streq r0, [r0], -r0",1
"andeq r0, r0, r5, lsr 32",1
"ldceq p1, c0, [r7], {7}",1
"andhs r0, r1, r0",1
"sbceq r3, sb, r1, lsl 24",1
"sbceq r7, sb, r0, lsl 24",1
"eorseq sb, ip, r0",1
"rscseq r0, r6, r0, lsl 2",1
invalid,1
"movweq r0, 0xc9",1
bgt 0x1cafc,1
invalid,1
"strlo r5, [r1, -0x201]",1
"ldrbeq r0, [r1, -0x109]",1
"biceq pc, r3, r3, lsl 8",1
"andpl r0, r1, r0, lsl 18",1
"stmdaeq r0, {r0, ip, sp}",1
"andeq ip, r0, ip, ror 18",1
"andeq r0, r0, r5, lsr 2",1
"andeq r0, r0, ip, ror 1",1
"ldrbeq r0, [r2, -0x109]",1
invalid,1
"mrspl r0, apsr",1
"mrseq r3, apsr",1
"rsbseq r0, r4, r0, asr r2",1
"ldmdbgt r0!, {sb, fp} ^",1
"mrseq r0, spsr",1
bleq 0x1cb3c,1
"andeq r0, r0, lr, asr 7",1
"addeq r1, sl, r2, lsl 4",1
"mrseq r0, apsr",1
"addseq r0, r6, 12, 2",1
"movwlo r0, 0x3000",1
"andeq r7, r0, r1, lsl 4",1
invalid,1
svcvc 0xd0000,1
"stceq p0, c0, [r0, -0]",1
"andeq r0, r0, pc, ror r0",1
"andeq r2, r0, sp, lsl 10",1
invalid,1
"andeq r0, r0, r1, asr 19",1
invalid,1
"andeq r0, r0, r4, asr 2",1
"andeq r2, r0, sp, lsl 10",1
"eoreq r0, r5, r0, lsl 26",1
svcvc 0xd0000,1
svceq 0,1
blvc 0x60b8c,1
"streq r0, [r0, -0xb]",1
invalid,1
"andeq sp, r7, r0, lsl 26",1
"strvs r0, [r0, -0x200]",1
"streq r0, [r0], -0x17",1
"andeq r0, r0, r1, lsl 28",1
invalid,1
invalid,1
invalid,1
"stclgt p0, c0, [ip]",1
"bicne r0, fp, 0",1
invalid,1
"andeq r3, r0, r8, lsl 2",1
"streq r0, [r2, -r0, lsl 4]",1
"andeq r0, r0, pc, lsr r0",1
"strhs r0, [r7], -0x402",1
"andeq r0, r0, 0",1
"andseq r0, pc, r4, lsl 14",1
invalid,1
"andeq r3, r0, r6, lsl 6",1
"streq r0, [r2, -0x200]",1
"andeq r0, r0, fp, asr 1",1
"stmdbvs r5, {r0, r1, sl}",1
"andeq r7, r0, 0x6e000000",1
"andeq r0, r0, r8, lsl 10",1
invalid,1
"andeq r1, r0, r7, lsl 20",1
"adceq r0, sl, 0, 8",1
"strlo r0, [r3, -r0]",1
"andeq r0, r0, r6, asr r0",1
"andeq r0, r5, r4, lsl 10",1
bvc 0xfe31d80c,1
"andeq r0, r0, 0",1
"andeq r0, r5, r4, lsl 10",1
"cdpls p0, 0, c0, c4, c0, 0",1
"movweq r0, 4",1
"andeq r6, r0, sp, lsl 9",1
"streq r0, [r4, -r0, lsl 4]",1
"ldrdeq r0, r1, [r0], -r5",1
"streq r0, [r6], -0x405",1
"muleq r0, fp, r0",1
blo 0x21d03c,1
"streq r0, [r0, -r0]",1
"cdp2 p9, 3, c0, c0, c4, 0",1
invalid,1
"muleq r0, r5, r1",1
bvc 0x21d648,1
"andhi r0, r0, sp",1
"addsne r0, lr, r4, lsl 16",1
invalid,1
"andeq sp, lr, r8, lsl 26",1
"ldmdaeq r0, {pc}",1
"strheq r0, [r0], -sb",1
invalid,1
"andhi r0, r0, lr",1
"movwls r0, 0x80c0",1
"andhi r0, r0, pc",1
"vrhadd.s8 d0, d24, d0",1
"andhi r0, r0, pc",1
"cdpmi p2, 0, c0, c8, c0, 4",1
invalid,1
"andeq sp, lr, r8, lsl 8",1
"andhi r0, r8, 0, 4",1
"streq r0, [r0], -0xf",1
"andseq r2, r1, r8, lsl 26",1
"streq r0, [r0], -r0, lsl 16",1
"andeq r0, r1, r4, lsl 8",1
"addseq r0, fp, r0, lsl 18",1
"streq r0, [r6], -0",1
"andeq r0, r0, pc, asr 32",1
"andeq fp, r4, r4, lsl 6",1
"strpl r0, [sl], r0, lsl 8",1
beq 0x1ccb0,1
"andeq r0, r0, r0, lsr 8",1
"ldrmi r0, [sl, -0x504]",1
"stmdaeq r0, {r0}",1
"andeq r0, r0, sb, ror 10",1
"biceq r0, pc, r0, lsl 16",1
invalid,1
"andeq r0, r0, r8, ror 3",1
"stmdaeq pc, {r1, fp} ^",1
invalid,1
"andeq r0, r0, r4, lsl 4",1
"andhs r0, r4, r4",1
"streq r0, [r0, -4]",1
"andeq r1, r1, r7, lsr 20",1
"movweq r0, 0x5400",1
"strle r0, [r6, -0]",1
"andeq r0, r0, r3, lsr r0",1
"andeq sp, r4, fp, lsl 12",1
invalid,1
"andeq r0, r0, r6, lsl r3",1
"andeq r7, sp, ip, lsl 6",1
svcmi 0xf70700,1
"andeq r0, r0, 0",1
svcvc 0xc0023,1
"streq r0, [r0, -r4]",1
"strdeq sb, sl, [r0], -ip",1
"strteq r0, [r3], -0x200",1
"andeq r4, r2, ip, lsl 2",1
"ldrbls r0, [sp, 0x700]!",1
"andeq r0, r0, 0",1
blmi 0x31edb4,1
"streq r0, [r0, -r7]",1
"strdeq sb, sl, [r0], -lr",1
"stceq p2, c0, [r3], -0",1
"andeq r6, sb, ip, lsl 4",1
"ldrbls r0, [0x0001d43c]!    ; [0x1d43c:4]=0x8208000",1
"andeq r0, r0, 0",1
"stchi p0, c1, [sp, -0x8c]",1
"streq r0, [r0, -r3]",1
"addseq r0, r5, r0, lsl 2",1
"movwhs r0, 0x2000",1
"bfieq r0, r4, 8, 1",1
"mrseq r0, apsr",1
"andeq sb, r0, r1, lsl 10",1
"stmdane r3!, {sb}",1
"andeq sb, r1, sp, lsl 22",1
invalid,1
"muleq r0, r5, r0",1
"ldceq p3, c2, [ip, -8]",1
"andeq r0, r0, lr, ror r2",1
"strls r0, [r1, -0x307]",1
"andeq r0, r0, 0",1
blle 0x364e0c,1
"streq r0, [r0, -r3]",1
"addseq r0, r5, r5, lsl 2",1
"movwhs r0, 0x2000",1
invalid,1
"streq r0, [r7], -r0",1
"andeq sb, r0, r1, lsl 10",1
"stmdahs r3!, {sb}",1
"andeq r5, r7, sp, lsl 18",1
invalid,1
"muleq r0, r5, r0",1
"stceq p3, c2, [ip, -8]!",1
"andeq r0, r0, r3, asr 10",1
"strpl r0, [r1], -0x907",1
"andeq r0, r0, 3",1
invalid,1
"streq r0, [r0, -r1]",1
"cmpeq sl, 0xc0000002",1
"movwhs r0, 0x2000",1
"eorseq r0, sb, 52, 26",1
"stceq p0, c0, [r7, -0]",1
"andeq r4, r0, r1, lsl 30",1
"stmdalo r3!, {sb}",1
"andeq sp, r5, sp, lsl 14",1
"tsteq r1, r0, lsl 14",1
"andeq r0, r0, pc, asr 32",1
"ldceq p3, c2, [ip, -8]!",1
"andeq r0, r0, ip, asr 5",1
svcvs 0x11307,1
"andeq r0, r0, 0",1
bhi 0x36ce84,1
"streq r0, [r0, -r2]",1
"eoreq r0, ip, r7, lsl r1",1
"movwhs r0, 0x2000",1
"streq r0, [ip], -r4, asr 26",1
invalid,1
"andeq r4, r0, r1, lsl 2",1
"strtmi r0, [r3], -r0, lsl 4",1
"andeq r0, r1, sp, lsl 16",1
"tsteq sb, r0, lsl 14",1
"andeq r0, r0, r0, ror 6",1
"stcleq p3, c2, [r7, -8]",1
"strheq r1, [r0], -sp",1
"andvc r1, r1, r7, lsl 26",1
"andeq r0, r0, 3",1
"andle r4, sp, r3, lsr 16",1
"streq r0, [r0, -r2]",1
"addeq r0, r1, r6, lsr 2",1
"movwhs r0, 0x2000",1
invalid,1
svchs 0x70000,1
"andeq sb, r0, r1, lsl 6",1
"stmdapl r3!, {sb}",1
"andeq sb, r7, sp, lsl 28",1
"teqeq r0, r0, lsl 14",1
"muleq r0, r3, r0",1
"ldcleq p3, c2, [ip, -8]",1
"strdeq r0, r1, [r0], -sb",1
"movwls r3, 0x1107",1
"andeq r0, r0, 0",1
"stcge p0, c6, [sp, -0x8c]",1
"streq r0, [r0, -r7]",1
"addseq r0, r3, r2, lsr r1",1
"movwhs r0, 0x2000",1
"ldreq r0, [r4, r4, ror 26]!",1
"movwlo r0, 0x7000",1
"andeq r5, r1, r1",1
"stmdavs r3!, {sb}",1
"andeq r0, r4, sp, lsl 28",1
"teqeq r5, r0, lsl 14",1
"andeq r0, r0, pc, asr 32",1
"stcleq p3, c2, [ip, -8]!",1
"ldrdeq r0, r1, [r0], -r6",1
"strvc r3, [r1], -r7, lsl 14",1
"andeq r0, r0, 3",1
"cdpeq p0, 0, c7, c0, c3, 1",1
"strheq r0, [r0], -ip",1
"strlo sb, [fp], -r7, lsl 22",1
invalid,1
"cmpeq r4, 0xc0000001",1
invalid,1
"streq r0, [r0, -pc, lsr 32]",1
"andeq r5, r3, r2, lsr 9",1
"eoreq r0, r3, r0, lsl 4",1
"andeq sl, r3, ip, lsl 4",1
bpl 0xfe8dead4,1
"andeq r0, r0, 3",1
"stmdals ip, {r0, r1, r5, sl}",1
"smladxeq r0, lr, r0, r0",1
"andeq r4, r0, r7, lsr 31",1
"stmdaeq r3!, {sb}",1
"stcne p6, c0, [r4, -0]",1
"streq r0, [r0], -r3",1
"andeq r5, r1, r4, lsl 22",1
"addseq r0, fp, r0, lsl 30",1
"cmneq r0, 0",1
invalid,1
"andeq r0, r0, r0",1
"strne r0, [r4], -r0, lsl 12",1
svceq 3,1
"muleq r0, fp, r0",1
"andeq r0, r0, r6, lsl 7",1
"andeq r8, r0, r0, lsl ip",1
invalid,1
"andeq sl, r4, r1, lsl 18",1
"orreq r0, r0, r0, lsl 4",1
"andeq r0, r1, r1, lsl 30",1
invalid,1
"tstls r2, r0",1
"andeq r0, r0, 0x13",1
"rscseq r0, lr, r0, lsl 3",1
invalid,1
"andeq r0, r0, 0x13",1
invalid,1
"ldrpl r0, [r2], -0",1
"andeq r0, r0, 7",1
"subeq r0, pc, r0, lsl 3",1
"streq r0, [r0], -r0",1
"andeq sb, r0, r4, lsl 10",1
invalid,1
invalid,1
"andeq r4, r1, r1, lsl 10",1
"sbceq r7, sb, r0, lsl 24",1
"sbceq r1, sl, r0, lsl 16",1
"eorseq fp, ip, r0",1
invalid,1
invalid,1
"cdp2 p1, 3, c0, c12, c0, 0",1
"andle r0, r0, r3",1
"strne r0, [r0, -0x3c]",1
"andeq r1, r0, sb, asr 6",1
"subeq r3, pc, r1, lsl 24",1
"stcllo p0, c0, [lr], 0",1
"streq r0, [r0], -r0",1
"andeq r0, r1, r4, lsl 30",1
"teqne r6, 0, 12",1
"stcmi p0, c0, [r1, -0]",1
"andeq r4, r1, r1, lsl 10",1
"sbceq r1, sl, r0, lsl 16",1
"sbceq r5, sl, r0, lsl 24",1
"eorseq r0, sp, r0, lsl 24",1
"ldrbteq r0, [r2], -0x100",1
invalid,1
"cdp2 p1, 4, c0, c13, c0, 0",1
invalid,1
"strne r0, [r0, -0x3d]",1
"andeq r0, r0, r4, asr r7",1
"subeq r4, pc, r1, lsl 26",1
"stcllo p0, c0, [r0, -0]!",1
"tstmi r5, 0",1
invalid,1
"andeq r4, r0, sp, asr 30",1
"eorseq sb, sp, r0, lsl 8",1
"rsbvc r1, r5, 0, 14",1
svcmi 0x10072,1
"andeq r0, r0, r5, asr 2",1
"andeq r3, r0, r1, asr 27",1
"sbceq r4, sl, r8, lsl r0",1
"andeq ip, r3, r0, lsl 8",1
"mrspl r1, apsr",1
"stmdbne r0, {r1, r8, sb, sl, ip, sp, lr}",1
"strvc r5, [r2], -r1",1
bne 0x1d008,1
"andeq sl, r4, r1, lsl 16",1
"cmpeq r8, r0, lsl 2",1
"andeq r0, r0, r5, asr 2",1
"andeq ip, r0, ip, asr sl",1
"andeq ip, r0, ip, asr 27",1
"andeq r3, r0, ip, ror 27",1
"andeq r3, r7, r1, lsl 14",1
"rsbseq r1, r3, r0, lsl 8",1
"rscseq r5, lr, r1, lsl 16",1
"cdplo p0, 1, c0, c8, c0, 0",1
"andsvc r0, r4, r0",1
invalid,1
"andeq fp, r3, r8, asr lr",1
"eorseq r7, lr, r0, lsl 6",1
"cmpne r6, 0, 10",1
invalid,1
"andeq r0, r0, pc, asr 32",1
"andeq r3, r0, sp, lsr 29",1
"stclvs p6, c7, [r1], -0x50",1
"cdp2 p1, 5, c0, c9, c0, 0",1
invalid,1
blne 0x1d15c,1
"andeq r1, r0, r3, lsl r3",1
"rscseq r5, lr, r1, lsl 18",1
invalid,1
"cmnne r3, 0, 24",1
blpl 0x5d074,1
"muleq r0, r5, r0",1
"ldclne p1, c9, [ip, -8]",1
invalid,1
"strheq r0, [r0], -lr",1
"ldrvc r5, [sp], -0x601",1
invalid,1
"andeq r0, r1, sp, asr pc",1
"ldmmi r1, {sb}",1
"rsbsvc r6, r2, 0x5c00000",1
"ldrbmi r0, [lr, -0x100]",1
"strpl r0, [r0, -1]",1
"mcrne p0, 0, r0, c0, c15, 1",1
"andeq r1, r0, r2, lsr 6",1
"andeq r0, r0, r7, asr 14",1
"stmdaeq r3, {r0, r8, sl}",1
svcne 0x1c4,1
"andeq r0, r0, r6, lsl 7",1
"andeq ip, r0, ip, lsr 21",1
"andeq ip, r0, r4, asr 21",1
"strbeq r6, [ip, -0xf01]!",1
invalid,1
blhi 0x1d0d8,1
invalid,1
"andeq r0, r0, r5, lsr 7",1
"stmdbls r0!, {r0, sb, sl, ip, lr}",1
"cdple p0, 0, c0, c0, c3, 0",1
"stmdane r0, {r0, r1, r2, r3, r4, r5}",1
"strheq ip, [r0], -ip",1
"andeq r0, r0, r6, ror 14",1
"cmpeq r3, sb, lsl r1",1
"andpl r1, r1, 48, 18",1
"stmdbne r0, {r1, r8, sl, ip, sp, lr}",1
"strvc r5, [r2], -r1, lsl 2",1
"andpl r1, r1, r0, lsl 18",1
"andeq r7, r0, r2, lsl 16",1
blgt 0x1525904,1
"stcgt p0, c0, [r4, 0]!",1
"strbteq r0, [lr], r0",1
"strtpl r0, [r3], -0",1
invalid,1
"andeq r4, r0, ip, lsl 31",1
"subeq r1, r0, r0, lsl 16",1
"tstne sb, 0, 6",1
"stchi p0, c0, [r1, -0]",1
"andeq r0, r0, pc, asr 32",1
"strheq r4, [r0], -r2",1
"andeq r8, r4, r3, lsr 28",1
"strmi r0, [lr, 0x100]",1
invalid,1
"strhs r0, [r0], -0x40",1
"andeq ip, r0, r0, ror 22",1
"andeq r0, r0, lr, lsl 15",1
"andeq r0, r0, r0, asr 11",1
"subseq r0, r1, 0x40000006",1
"tsteq sb, r8, ror r0",1
"rsbseq r0, r7, r0, asr r2",1
blgt 0xfe026158,1
"streq r0, [lr, r0]",1
"ldrbeq r0, [sl]",1
"tsteq sb, r0",1
"andlo r0, r8, r1, asr r2",1
"subseq r0, r0, 0x40000006",1
"strhs r0, [r0], -0x77",1
"ldrdeq ip, sp, [r0], -r0",1
"andeq r0, r0, r4, asr 7",1
"strdeq r0, r1, [r0], -r5",1
"cmpeq r1, 0x40000006",1
"stmdbne r2, {r1, r3}",1
"stcvc p0, c5, [r2, -4]",1
"eor r0, r4, r0",1
"strgt r0, [r0], -0xcc",1
"andne r0, r0, r3",1
"stmdbne r0, {r1, r2}",1
beq 0xf15a0,1
"tsteq sb, r0, lsl 8",1
"rsbseq r0, sp, r0, asr r2",1
"ldclgt p4, c2, [r0], 0",1
"streq r0, [r4], -0",1
"strteq r0, [sb], -r0",1
"tsteq sb, r0",1
"ldmdbne r6!, {r1, r4, r6, r8}",1
"stcvc p0, c5, [r2, -4]",1
"eoreq r0, r4, r0",1
"streq r0, [r0], -0xcd",1
"andmi r0, r0, 4",1
"stmdbne r0, {r1, r2}",1
"movwlo r5, 0x1201",1
"subseq r0, r0, 0x40000006",1
"strhs r0, [r0], -0x7d",1
"andeq ip, r0, r0, lsl sp",1
"andeq r0, r0, r4, lsl 8",1
"andeq r0, r0, fp, asr r6",1
"cmpeq r2, sb, lsl r1",1
"andpl r1, r1, r1, lsr sb",1
"andeq r7, r0, r2, lsl 26",1
"sbceq r2, sp, r4, lsr 32",1
"andeq r0, r4, r0, lsl 8",1
"andeq r7, r6, r0, lsl 8",1
"andpl r1, r1, 0, 18",1
"tsteq sb, r1, lsl 4",1
"rsbseq r0, sp, r0, asr r2",1
"ldcgt p4, c2, [r0, -0]!",1
"streq r0, [r4], -0",1
"streq r0, [sp], r0",1
"tsteq sb, r0",1
"ldmdbne r5!, {r1, r4, r6, r8}",1
"stcvc p0, c5, [r2, -4]",1
"eormi r0, r4, r0",1
"streq r0, [r0], -0xcd",1
"strge r0, [r0], -r4",1
"stmdbne r0, {r1, r2}",1
"strlo r5, [r1], -0x201",1
"subseq r0, r0, 0x40000006",1
"strhs r0, [r0], -0x7d",1
"andeq ip, r0, r0, asr sp",1
"andeq r0, r0, r4, asr 7",1
"strheq r0, [r0], -pc",1
"cmpeq r1, sb, lsl r1",1
"andpl r1, r1, r2, lsr sb",1
"andeq r7, r0, r2, lsl 26",1
"sbceq r6, sp, r4, lsr 32",1
"andeq r0, r4, r0, lsl 8",1
"andeq sp, r6, r0, lsl 16",1
"andpl r1, r1, 0, 18",1
"tsteq sb, r1, lsl 16",1
"rsbseq r0, sp, r0, asr r2",1
"ldclgt p8, c1, [r0, -0]!",1
"streq r0, [r4], -0",1
"tsteq sb, r0",1
"ldmdbne r7!, {r1, r4, r6, r8}",1
"stcvc p0, c5, [r2, -4]",1
"strhs r0, [r0], -0",1
"muleq r0, r0, sl",1
"andeq r0, r0, pc, lsr 15",1
"andeq r0, r0, sp, lsl r7",1
"ldrbeq r0, [r3, -0x119]",1
"biceq r0, r4, r3, lsl 16",1
"andpl r1, r1, 0, 18",1
"stmdbne r0!, {r1, fp} ^",1
"movweq r5, 0x5101",1
"andeq ip, r1, ip, lsr r4",1
"ldrbeq r0, [r0, -0x119]",1
"biceq r1, r4, r3, lsl 8",1
"eorge r0, r5, r0",1
"andle r0, r0, 0xca",1
"stmdane r0, {r0, r1, r2}",1
"strdeq ip, sp, [r0], -r8",1
"andeq r0, r0, lr, lsl 15",1
"subseq r0, r0, 0x40000006",1
"andeq r0, r0, r7, ror r0",1
"andeq sb, r0, pc, lsl 22",1
"andeq r4, r7, r0, lsl 14",1
"addeq r1, ip, r0",1
"andeq r0, sl, r0",1
"andeq r3, r7, sb, lsl 14",1
"streq r2, [r3, r0, lsl 12]",1
invalid,1
"andeq r0, r0, sl, asr r3",1
invalid,1
"stmdaeq r0, {r1, r3}",1
"andeq r5, r3, sb, lsr 21",1
"strhs r0, [r1, -r0, lsl 2]",1
"andseq sl, r3, r1, lsl 8",1
"cmneq sl, r0, lsl 4",1
"andeq r5, r0, r1, lsl 12",1
"streq r0, [lr, r0, lsl 2]",1
"cdp2 p0, 2, c0, c8, c0, 0",1
invalid,1
"strheq r0, [r0], -lr",1
"andeq r4, r0, r8, lsr 30",1
"subeq r2, pc, r0, lsl 16",1
invalid,1
"andseq r8, r3, r1",1
bhi 0x1fb2c,1
invalid,1
"muleq r0, r5, r0",1
"andeq sl, r7, r1, lsl 30",1
"rscseq r2, lr, r0, lsl 16",1
svcmi 0x280000,1
"andeq r0, r0, r0",1
"orrsne r0, r6, 0x8000000a",1
"strmi r0, [fp], -0",1
"ldrbeq r0, [r2, r1, lsl 2]",1
"cdp2 p0, 2, c0, c8, c0, 0",1
invalid,1
"strdeq r0, r1, [r0], -lr",1
"andeq r3, r0, r8, lsr 6",1
"rscseq r2, lr, r0, lsl 16",1
blhs 0x1d368,1
"andeq r1, r7, r1, lsl 26",1
"teqeq r2, r0, lsl 24",1
"andeq r0, r0, sb, lsl 2",1
"strbeq r0, [r3, -r1]!",1
"andeq r0, r2, r0",1
"ldrdeq r1, r2, [r0], -r2",1
"andeq r0, lr, r4, lsl 2",1
"mrsgt r0, apsr",1
"stmdage r0, {r0, r1, r4}",1
invalid,1
"andle r0, r0, sp, asr 1",1
blvc 0x1d6dc,1
"andeq r0, r0, 0x15",1
"eorseq r0, r1, r1, lsl 16",1
"andeq r0, r2, 0",1
"andeq r3, r0, r7, lsl 30",1
"streq r0, [r4, -r0, lsl 4]",1
"andeq r0, r0, r4, lsr 32",1
svcne 0x70402,1
"andeq r0, r0, 0",1
"eorseq r0, r3, r1, lsl 12",1
"andeq r0, r2, 0",1
"andeq ip, r0, r5, lsl 22",1
"streq r0, [r4, -0x300]",1
"rsbseq r6, r4, sb, ror 28",1
"andeq r0, r5, r2, lsl 16",1
"andeq r0, r0, 0",1
"andseq r0, sl, r8, lsl 14",1
bge 0x11d3dc,1
"andeq r0, r0, 2",1
"andeq r5, r0, r7, lsr r6",1
"streq r0, [r5, -0x400]",1
invalid,1
"andeq r0, r0, sl, ror r0",1
"streq r0, [r5, -0x402]",1
"streq r0, [r0], -0",1
"muleq r0, lr, r4",1
"rsbeq r8, r4, r2, lsl 26",1
"streq r0, [r2], -0",1
"andeq sp, r0, r7, lsl 10",1
"streq r0, [r4], -r0, lsl 10",1
"andeq sb, r0, r4, lsl 22",1
"stmdaeq r1, {sb}",1
"andeq r0, r0, sl, lsr r0",1
"andlo r0, sb, r7, lsl 8",1
"strdeq r0, r1, [r0], -lr",1
"andseq sb, r1, r8, lsl 10",1
"stmdaeq r2, {pc}",1
"andeq r0, r0, sl, ror sp",1
"cdpls p4, 0, c0, c8, c0, 4",1
"andhi r0, r0, r0, lsl r0",1
"cdpeq p8, 0xd, c0, c13, c8, 0",1
"addne r0, r0, r0",1
"andeq fp, sp, r8, lsl 18",1
"stmdaeq r0!, {pc}",1
"strdeq r0, r1, [r0], -r8",1
"stmdaeq r0, {r7, lr, pc}",1
"muleq r0, r3, pc",1
"stmdaeq r1, {r7, pc}",1
"strdeq r0, r1, [r0], -r2",1
"stmdaeq r2, {r7, pc}",1
"andeq r1, r0, lr, asr 2",1
"cdpeq p8, 0xd, c0, c4, c1, 0",1
invalid,1
"andeq r0, r0, r2, lsl 31",1
invalid,1
"andeq r0, r8, r0",1
invalid,1
blls 0x25d47c,1
"streq r0, [r0], -r0",1
"andeq r4, r0, r4, lsl 30",1
"strteq r0, [r0], -0xa00",1
"movweq r0, 0x4000",1
"andeq r3, r1, sl, lsl sl",1
"strbeq r0, [sb, -0x800]!",1
invalid,1
"andeq r0, r0, pc, asr 3",1
invalid,1
invalid,1
"andeq r0, r0, pc, asr 16",1
"andeq r0, r4, 0x30000",1
"andeq r0, r4, r0",1
"andeq r2, r4, r4",1
svceq 0x270300,1
"streq r0, [r0], -1",1
"andeq r0, r0, r5, lsl 6",1
"eorseq sp, r3, r4, lsl 10",1
"strle r0, [fp], -r0",1
"stmdals r0, {r2}",1
"movweq pc, 0xb605",1
"movwvc r0, 0xc000",1
"streq r0, [r0, -0xd]",1
"strdeq r4, r5, [r0], -r7",1
"eoreq r0, r3, r0, lsl 4",1
"andeq r7, r4, ip, lsl 30",1
"ldrbls r0, [ip, 0x500]!",1
"andeq r0, r0, 0",1
invalid,1
"streq r0, [r0, -2]",1
"strdeq sb, sl, [r0], -sp",1
"stmdaeq r3!, {sb}",1
"andeq r4, r7, ip, lsl 22",1
"ldrbls r0, [lr, 0x500]!",1
"andeq r0, r0, 0",1
"andvs r0, ip, 0x2300",1
"streq r0, [r0, -9]",1
"strdeq sb, sl, [r0], -pc",1
"eorne r0, r3, r0, lsl 4",1
"andeq r8, r3, sp, lsl 26",1
invalid,1
"muleq r0, r5, r0",1
"ldceq p3, c2, [r4, -8]",1
"andeq r0, r0, r8, asr 15",1
"strls r0, [r1, -0x105]",1
"andeq r0, r0, 0",1
blls 0x3635c4,1
"streq r0, [r0, -1]",1
"addseq r0, r5, r2, lsl 2",1
"movwhs r0, 0x2000",1
"rsbseq r0, lr, 28, 26",1
"movweq r0, 0x5000",1
"andeq sb, r0, r1, lsl 10",1
"eorhs r0, r3, r0, lsl 4",1
"andeq sp, r3, sp, lsl 22",1
"mrseq r0, apsr",1
"muleq r0, r5, r0",1
"stceq p3, c2, [r4, -8]!",1
"strheq r0, [r0], -sb",1
"strls r0, [r1, -0x605]",1
"andeq r0, r0, 0",1
"stmdbpl sp, {r0, r1, r5, fp, sp}",1
"streq r0, [r0, -7]",1
"addseq r0, r5, r7, lsl 2",1
"movwhs r0, 0x2000",1
"strbeq r0, [r3, -0xd2c]",1
invalid,1
"andeq r4, r3, r1, lsl 18",1
"eorlo r0, r3, r0, lsl 4",1
"andeq r0, r1, sp, lsl 2",1
"mrseq r0, apsr",1
"andeq r0, r0, pc, asr 6",1
"ldceq p3, c2, [r4, -8]!",1
"andeq r0, r0, sb, lsr r2",1
svcmi 0x10d05,1
"andeq r0, r0, 0",1
"strle r3, [sp, -r3, lsr 16]",1
"streq r0, [r0, -5]",1
"subeq r0, pc, r1, lsl r1",1
"movwhs r0, 0x2000",1
"sbceq r0, ip, 60, 26",1
"movwne r0, 0x5000",1
"andeq r6, r0, r1, lsl 30",1
"eormi r0, r3, r0, lsl 4",1
"andeq r8, r2, sp, lsl 20",1
"tsteq r7, r0, lsl 10",1
"andeq r0, r0, ip, lsr 32",1
"stcleq p3, c2, [r4, -8]",1
"andeq r0, r0, ip, lsl 12",1
"mrsmi r1, apsr",1
"andeq r0, r0, 0",1
"stmdaeq sp, {r0, r1, r5, sb, sl, lr}",1
"streq r0, [r0, -1]",1
"cmpeq r5, 0x40000006",1
"movwhs r0, 0x2000",1
"ldcne p13, c0, [sp, 0x11c]!",1
"stcne p0, c0, [r5, -0]",1
"andeq r6, r3, r1, lsl 10",1
"stmdami r3!, {sb}",1
"andeq sp, r2, sp",1
invalid,1
"andeq r0, r0, r1, lsl 1",1
"ldcleq p3, c2, [r0, -8]",1
"muleq r0, r7, r7",1
"movwls r2, 0x1f05",1
"andeq r0, r0, 0",1
"cdpls p8, 0, c5, c13, c3, 1",1
"streq r0, [r0, -7]",1
"addseq r0, r3, r0, lsr r1",1
"movwhs r0, 0x2000",1
"rscseq r0, sb, 92, 26",1
"mrslo r0, apsr",1
"andeq sb, r0, r1, lsl 6",1
"eorvs r0, r3, r0, lsl 4",1
"andeq sl, r7, sp, lsl 26",1
"teqeq r2, r0, lsl 10",1
"muleq r0, r3, r0",1
"stcleq p3, c2, [r4, -8]!",1
"strheq r0, [r0], -r4",1
"strmi r3, [r1, -0x305]",1
"andeq r0, r0, 1",1
"cdpeq p8, 0, c6, c13, c3, 1",1
"streq r0, [r0, -4]",1
"subeq r0, pc, r5, lsr r1",1
"movwhs r0, 0x2000",1
"ldrbeq r0, [r6, ip, ror 26]",1
"strlo r0, [r5, -r0]",1
"andeq r6, r3, r1, lsl 22",1
"eorvc r0, r3, r0, lsl 4",1
"ldrteq r0, [ip], 0xe00",1
blls 0x15d688,1
"andeq r3, r3, fp, lsl 12",1
"mrsge r0, apsr",1
"andeq r0, r0, sb, asr 6",1
"eoreq lr, pc, ip, lsl 18",1
"stmibmi r2!, {r8, sl}",1
"andeq r0, r0, 3",1
"andge r0, ip, 0x23",1
"streq r0, [r0, -3]",1
"andeq r4, r3, r3, lsr 31",1
"strteq r0, [r3], -0x200",1
"eorseq sb, lr, ip, lsl 16",1
svcmi 0xa70500,1
"andeq r0, r0, 0",1
"streq r0, [r0], -r3, lsr 16",1
"andeq r1, r3, r4, lsl 4",1
"andpl r0, r4, r0, lsl 12",1
svceq 1,1
"muleq r0, fp, r0",1
"andeq r0, r0, r5, ror 6",1
"andeq r8, r0, r0, lsl ip",1
"streq r0, [r0], -r0",1
"andeq r0, r3, r4, lsl 22",1
"addseq r0, fp, r0, lsl 30",1
"cmneq fp, 0",1
invalid,1
"strhs r0, [r0, -r0]",1
"addseq r0, fp, r0, lsl 30",1
"orreq r0, fp, 0",1
invalid,1
"streq r0, [r0, -r0]",1
invalid,1
invalid,1
"andeq r3, r1, r1, lsl 20",1
"sbceq ip, sp, r0, lsl 24",1
"sbceq r2, lr, r0, lsl 16",1
"subeq r5, r1, r0, lsl 26",1
"biceq r0, r5, 0, 2",1
invalid,1
"ldrgt r0, [ip, -0x100]!",1
"stcvc p0, c0, [r0, -0xc]",1
"movwne r0, 0x41",1
"andeq r1, r0, sb, asr 6",1
"subeq r3, pc, r1, lsl 24",1
"orrsmi r0, fp, r0",1
"streq r0, [r0], -r0",1
"andeq r7, r0, r4, lsl 20",1
"teqne r6, 0, 8",1
"stcmi p0, c0, [r1, -0]",1
"andeq r3, r1, r1, lsl 20",1
"sbceq r2, lr, r0, lsl 16",1
"sbceq r6, lr, r0, lsl 24",1
"subeq fp, r1, r0, lsl 18",1
"ldrteq r0, [sb], -0x100",1
invalid,1
"strbgt r0, [sp, -0x100]",1
"stmdble r0, {r0, r1}",1
"movwne r0, 0x41",1
"andeq r0, r0, r4, asr r7",1
"subeq r4, pc, r1, lsl 26",1
"andmi r0, sp, 0",1
"tstmi r3, 0",1
invalid,1
"andeq r4, r0, sp, asr 30",1
"subeq r4, r2, r0, lsl 2",1
"rsbvc r1, r5, 0, 10",1
svcmi 0x10072,1
"andeq r0, r0, sl, lsr r1",1
"andeq r4, r0, lr, ror 4",1
"sbceq r5, lr, r6, lsl r0",1
"andeq r8, r3, r0, lsl 22",1
invalid,1
"strne r7, [r0, -r2, lsl 14]",1
"strvc r5, [r2], -r1",1
invalid,1
"andeq lr, r1, r1",1
"cmpeq r8, r0, lsl 2",1
"andeq r0, r0, sl, lsr r1",1
"andeq ip, r0, ip, ror 28",1
"ldrdeq sp, lr, [r0], -r0",1
"muleq r0, sb, r2",1
"andeq sp, r6, r1, lsl 2",1
"rsbseq r1, r3, r0, lsl 4",1
"rscseq r5, lr, r1, lsl 16",1
"sbcmi r0, r5, 0",1
"andsvc r0, r2, r0",1
invalid,1
"andeq sp, r6, r8, asr r1",1
"subeq r2, r3, r0",1
"cmpne r6, 0, 6",1
invalid,1
"andeq r0, r0, pc, asr 32",1
"andeq r4, r0, sl, asr r3",1
"stclvs p6, c7, [r1], -0x48",1
"ldrbgt r0, [sb, -0x100]",1
"cdpgt p0, 0, c0, c0, c3, 0",1
"stmdbne r0, {r0, r1, r6}",1
"andeq r1, r0, r3, lsl r3",1
"rscseq r5, lr, r1, lsl 18",1
invalid,1
"cmnne r3, 0, 20",1
blpl 0x5d81c,1
"muleq r0, r5, r0",1
blne 0x1741c2c,1
invalid,1
"ldrdeq r0, r1, [r0], -r1",1
"ldrvc r5, [r5], -0x401",1
invalid,1
"andeq r7, r0, sp, asr sl",1
"subeq r0, r4, r0, lsl 4",1
"rsbvc r1, r5, 0, 10",1
"mcrpl p0, 0, r0, c1, c2, 3",1
"andeq r0, r0, sl, lsr r1",1
"andeq r4, r0, r1, lsr 8",1
"andseq r2, r3, ip, lsl r2",1
"andeq sp, r6, r0, lsl 14",1
"movweq r0, 0x5100",1
"andeq ip, r1, ip, asr 8",1
"sbceq r5, pc, sp, lsl r8",1
"sbcseq sl, r1, r0, lsl 16",1
"andeq r6, r6, r0, lsl 16",1
"ldrbeq r1, [r4, -r0, lsl 28]",1
invalid,1
"andeq r0, r0, pc, asr 32",1
"andeq r4, r0, r7, asr r4",1
"andseq r1, r3, lr, lsl sb",1
svcmi 0x8d0100,1
cps 0,1
"cdpne p0, 0, c0, c0, c4, 2",1
"andeq r0, r0, lr, lsl 9",1
"teqeq sl, r1, lsl 28",1
"ldrmi r0, [r0, -0]",1
"ldrvs r0, [pc], -0          ; [0x1d898:4]=0x3a000006",1
invalid,1
blo 0x1d8b8,1
"strne r0, [r0, -r5]",1
"strvc r5, [r2], -r1, lsl 2",1
"andpl r1, r1, r0, lsl 14",1
"andeq r7, r0, r2, lsl 16",1
"sbceq r8, pc, pc, lsl r4",1
"andeq pc, r6, r0, lsl 12",1
"andeq r5, r5, r0, lsl 8",1
invalid,1
"ldrne r0, [r0, -r2, lsl 16]!",1
"stmdavc r2, {r0, ip, lr}",1
"ldrle r0, [pc], -0          ; [0x1d8cc:4]=0x6f000003",1
blhi 0x1dc10,1
svcvs 3,1
"strne r0, [r0, -r5]",1
beq 0xf1ce0,1
"tsteq r7, r0, lsl 4",1
"rsbseq r0, sp, r0, asr r2",1
"rscle r1, r4, r0, lsl 30",1
"orreq r0, fp, 0",1
"streq r0, [sl]",1
"tsteq r7, r0",1
"andeq r0, sl, r1, asr r3",1
"andpl r1, r1, r4, lsl 14",1
"andeq r7, r0, r2, lsl 26",1
"sbcseq pc, r0, pc, lsl r4",1
"andeq ip, r3, r0, lsl 22",1
"andeq sl, r5, r0, lsl 6",1
"andpl r1, r1, 0, 14",1
"tsteq r7, r1, lsl 12",1
"rsbseq r0, sp, r0, asr r2",1
invalid,1
"biceq r0, fp, 0",1
"ldreq r0, [ip, 0]!",1
"tsteq r7, r0",1
invalid,1
"stcvc p0, c5, [r2, -4]",1
"ldrne r0, [pc], -0          ; [0x1d934:4]=0xd5000003",1
blgt 0x1dc7c,1
"strle r0, [r0, -3]",1
"strne r0, [r0, -r5]",1
invalid,1
"subseq r0, r0, 0xc0000005",1
svcne 0x7d,1
"andeq sp, r0, r4, lsr 2",1
"andeq r0, r0, fp, asr 7",1
"andeq r0, r0, lr, ror 11",1
"cmpeq r2, r7, lsl r1",1
"andpl r1, r1, r2, lsr r7",1
"andeq r7, r0, r2, lsl 26",1
"sbcseq r3, r1, pc, lsl r4",1
"andeq ip, r3, r0, lsl 22",1
"andeq r0, r6, r0, lsl 14",1
"andpl r1, r1, 0, 14",1
"tsteq r7, r1, lsl 10",1
"rsbseq r0, sp, r0, asr r2",1
invalid,1
"biceq r0, fp, 0",1
"strteq r0, [r0], -r0",1
"tsteq r7, r0",1
invalid,1
"stcvc p0, c5, [r2, -4]",1
"ldrpl r0, [pc], -0          ; [0x1d998:4]=0x39000003",1
blhi 0x1dce0,1
"stmdblo r0, {r0, r1}",1
"strne r0, [r0, -r6]",1
"andlo r5, r1, 0x40000000",1
"subseq r0, r0, 0xc0000005",1
svcne 0x7d,1
"andeq sp, r0, r4, ror 2",1
"andeq r0, r0, fp, asr 7",1
"andeq r0, r0, r2, asr r6",1
"cmpeq r2, r7, lsl r1",1
"andpl r1, r1, r8, lsr r7",1
"andeq r7, r0, r2, lsl 26",1
"sbcseq r7, r1, r6, lsl r4",1
"andeq ip, r3, r0, lsl 22",1
"andpl r1, r1, 0, 14",1
"tsteq r7, r1, lsl 14",1
"rsbseq r0, sp, r0, asr r2",1
"andsge r0, pc, r0",1
"strne r0, [r0, -lr, asr 1]",1
"strls r0, [r0, -r7]",1
"strne r0, [r0, -r6]",1
"movweq r5, 0x5301",1
"andeq ip, r1, ip, asr 8",1
"subseq r0, r2, 0xc0000005",1
"tsteq r7, r8",1
invalid,1
"strne r0, [r0, -r4, asr 3]",1
"movweq r5, 0x5001",1
"andeq ip, r1, r4, lsl r4",1
"cdpgt p0, 0xb, c2, c0, c0, 0",1
"ldreq r0, [sl, -r0]!",1
invalid,1
"stmdami r0, {r1, r2, r3, r6, r7}",1
"andgt r0, r0, r7",1
"strne r0, [r0, -r6]",1
"strvc r5, [r2, -0x201]",1
invalid,1
"strne r7, [r0, -r2, lsl 8]",1
"strvc r5, [r2], -r1",1
"andseq r0, r6, r0",1
invalid,1
"strne r0, [r0, -r6]",1
"stmdavc r2, {r0, ip, lr}",1
"streq r0, [r0], -r0",1
"andeq sb, r0, r4, lsl 10",1
"cmneq fp, 0, 18",1
invalid,1
"streq r0, [r0], -r7",1
"andeq r4, r3, r8, lsr 31",1
"mrshs r0, apsr",1
"andeq r0, r0, r3, lsr 20",1
"movteq sl, 0xf906",1
"mrseq r0, apsr",1
"orrne r0, r0, 0x80000008",1
"andeq r0, sl, r0",1
"andeq r1, r0, sl, lsl 7",1
"andeq sb, r0, r1, lsl 10",1
"ldreq r0, [r7, -r0, lsl 2]",1
"cdp2 p0, 2, c0, c3, c0, 0",1
"movwhs r0, 0",1
"andeq r0, r0, pc, asr 32",1
"strls r2, [r1], -r0, lsl 8",1
"smladeq r0, r3, r0, r0",1
blo 0x5dfa8,1
"movwhs r0, 7",1
"strdeq r0, r1, [r0], -lr",1
"andeq pc, r0, r3, lsr 28",1
"eorseq r2, r3, r0, lsl 6",1
"cdp2 p0, 2, c0, c3, c0, 0",1
"andeq r0, r0, r0",1
"ldreq r0, [sp, -r5, lsr 2]",1
"andlo r0, fp, 0",1
"andeq r0, r1, r1, lsl 18",1
invalid,1
"andeq r0, r0, r1, ror 3",1
bvc 0x8b6e8,1
invalid,1
"andeq pc, r0, r3, lsr 28",1
"ldrbeq r2, [r1], r0, lsl 6",1
svcmi 0x230000,1
"andeq r0, r0, r0",1
"andeq sb, r4, r0, lsl 24",1
invalid,1
"streq r0, [r0], -0x1b",1
"andeq r0, r0, r1, lsl 28",1
invalid,1
invalid,1
"bicsle r0, r0, r0",1
"rsbsle r0, r8, 0",1
"ldrne r0, [r2, -r0]",1
"streq r0, [r2, -0]",1
"andeq r0, r0, 3",1
"ldrdeq r3, r4, [r0], -r5",1
"streq r0, [r4, -r0, lsl 6]",1
"andeq r0, r0, r4, lsr 32",1
invalid,1
"movweq r0, 0",1
"eorseq r0, pc, r2, lsl 14",1
"streq r0, [r3], -0",1
"andeq r1, r0, r7, lsl 30",1
"streq r0, [r1], -r0, lsl 6",1
"andeq r0, r0, r3, lsr r0",1
blgt 0x15e340,1
"streq r0, [r0], -0",1
"cdpvs p5, 6, c0, c9, c4, 0",1
"stmdaeq r3, {r2, r4, r5, r6}",1
"andeq r0, r0, r5",1
"streq r0, [r8, -r0, lsl 6]",1
"andeq r0, r0, sl, lsl r0",1
"andeq sl, r2, r2, lsl 20",1
"teqvs r7, r0, lsl 6",1
"andeq r0, r0, 0",1
"andeq r0, r0, r5, lsl 10",1
"addeq r8, r5, r3, lsl 24",1
"streq r0, [r3], -0",1
"andeq r0, r0, r5, lsl 10",1
"ldreq r0, [lr], 0x200",1
"stchi p0, c0, [r3, -0]",1
"andeq r0, r0, pc, rrx",1
"strle r0, [r7, -0x403]",1
"streq r0, [r0, -0]",1
"strge r0, [r4], -r4, lsl 12",1
"movweq r0, 0",1
"eorseq r0, sl, r1, lsl 16",1
ble 0x9db8c,1
"streq r0, [r0], -4",1
"andeq fp, r0, r0, lsr r8",1
"ldrbeq r0, [r6], 0x700",1
"ldreq r0, [r8]",1
"strdeq r7, r8, [r2], -r6",1
"ldcleq p8, c0, [r3, -0]!",1
invalid,1
"andeq r0, r0, sl, asr r0",1
"stmdaeq r0, {r1, r8, sb, sp}",1
"andeq r0, r0, pc, ror r4",1
"adceq pc, r0, r5, lsl 24",1
"movwhs r0, 0x2000",1
"subeq r0, r1, 4, 16",1
"stc2 p0, c0, [r5, -0]",1
"andeq r0, r0, r0, lsr 1",1
"stmdaeq r8, {r1, r8, sb, sp}",1
"andeq r0, r0, fp, asr 14",1
"adceq pc, r0, r5, lsl 28",1
"movwhs r0, 0x2000",1
"stmdbeq r2!, {r2, r3, fp} ^",1
invalid,1
"andeq r0, r0, r0, lsr 1",1
"ldmdbeq r0, {r1, r8, sb, sp}",1
"andeq r0, r0, sp, lsl 7",1
"andge r0, r1, r5",1
"andeq r0, r0, 0",1
"stmdagt sb, {r0, r1, r5, sl, ip}",1
"streq r0, [r0, -7]",1
"adceq r0, r0, r1, lsl 2",1
"movwhs r0, 0x2000",1
"orrseq r0, fp, r8, lsl sb",1
"andeq r0, r5, 0",1
"andeq sl, r0, r1",1
"stcne p2, c0, [r3], -0",1
"andeq r7, r2, sb, lsl 28",1
"mrseq r0, apsr",1
"andeq r0, r0, r0, lsr 1",1
"stmdbeq r0!, {r1, r8, sb, sp}",1
"ldrdeq r0, r1, [r0], -fp",1
"andge r0, r1, r5, lsl 10",1
"andeq r0, r0, 0",1
"stmdblt sb, {r0, r1, r5, sl, sp}",1
"streq r0, [r0, -1]",1
"adceq r0, r0, r6, lsl 2",1
"movwhs r0, 0x2000",1
"ldrbeq r0, [sb, -r8, lsr 18]",1
"streq r0, [r5, -r0]",1
"andeq sl, r0, r1",1
"stchs p2, c0, [r3], -0",1
"andeq r4, r5, sb, lsl 6",1
"mrseq r0, apsr",1
"strheq r0, [r0], -r1",1
"ldmdbeq r0!, {r1, r8, sb, sp}",1
"andeq r0, r0, r1, lsl 2",1
"strlt r0, [r1, -r5, lsl 22]",1
"andeq r0, r0, 2",1
"stmdblo sb, {r0, r1, r5, sl, ip, sp}",1
"streq r0, [r0, -2]",1
"subseq r0, sl, sp, lsl 2",1
"movwhs r0, 0x2000",1
"ldrbeq r0, [r7, 0x938]",1
"mrsne r0, apsr",1
"andeq r5, r0, r1, lsl 20",1
"stclo p2, c0, [r3], -0",1
"andeq ip, r2, sb, lsl 24",1
"tsteq r3, r0, lsl 10",1
"andeq r0, r0, sl, ror r0",1
"stmdbeq r0, {r1, r8, sb, sp} ^",1
"andeq r0, r0, sl, lsl 5",1
"cdplo p7, 0, c1, c1, c5, 0",1
"andeq r0, r0, 0",1
invalid,1
"streq r0, [r0, -6]",1
"subeq r0, ip, r8, lsl r1",1
"movwhs r0, 0x2000",1
invalid,1
invalid,1
"andeq fp, r2, r1, lsl 26",1
"strmi r0, [r3, -r0, lsl 4]!",1
"andseq fp, sp, sb, lsl 26",1
"tsteq sp, r0, lsl 10",1
"andeq r0, r0, sp, asr 5",1
"stmdbeq r8, {r1, r8, sb, sp} ^",1
"ldrdeq r0, r1, [r0], -r0",1
invalid,1
"andeq r0, r0, 0",1
"strls r5, [sb, -r3, lsr 32]",1
"streq r0, [r0, -7]",1
"addseq r0, lr, pc, lsr 2",1
"movwhs r0, 0x2000",1
invalid,1
"andlo r0, r5, r0",1
"andeq sb, r0, r1, lsl 28",1
"stcpl p2, c0, [r3], -0",1
"andeq pc, r2, sb, lsl 18",1
"teqeq r1, r0, lsl 10",1
"muleq r0, lr, r0",1
"stmdbeq r0!, {r1, r8, sb, sp} ^",1
"andeq r0, r0, sp, lsr 15",1
"cdpls p2, 0, c3, c1, c5, 0",1
"andeq r0, r0, 0",1
"strlt r6, [sb], -0x423",1
"streq r0, [r0, -7]",1
"eoreq r0, r5, r3, lsr r1",1
"movwhs r0, 0x2000",1
"streq r0, [lr], -0x968",1
"strlo r0, [r5, -0]",1
"andeq r5, r0, r1, lsl 20",1
"stcvs p2, c0, [r3], -0",1
"andeq sp, r7, sb, lsl 12",1
"teqeq r7, r0, lsl 10",1
"ldrdeq r0, r1, [r0], -r3",1
"rsbseq r2, r0, r2, lsl 6",1
"andeq fp, r4, sl, lsl 24",1
"ldreq r0, [fp, r0, lsl 10]",1
"andeq r0, r0, r6, lsr r3",1
invalid,1
"stmdaeq r0, {r1}",1
"andeq r2, r0, sb, ror 31",1
"adcseq sl, r1, 0x50000000",1
"movwhs r0, 0x2000",1
invalid,1
"movwge r0, 0x5000",1
"strheq r0, [r0], -r7",1
"stmdaeq r4, {r1, r8, sb, sp}",1
"muleq r0, r8, lr",1
"subseq sl, sl, r5, lsl 14",1
"movwhs r0, 0x2000",1
"streq r0, [r6], -8",1
"andeq r0, r0, sl, ror r2",1
"adcseq r0, r8, r6, lsl 8",1
"strge r0, [fp], -r0",1
"stcgt p0, c0, [r0, -0]",1
invalid,1
"muleq r0, r7, r0",1
"streq r0, [r6], -0",1
"andeq r0, r0, r3, ror r2",1
"andeq sl, r0, fp, lsl 12",1
"andeq lr, r2, r0, lsl 6",1
"addseq r0, r7, r0, lsl 24",1
"eoreq r0, r7, r0",1
"movweq r0, 0xc10d",1
"mrs r0, apsr",1
"subseq r0, sl, r1, lsl 2",1
"bicsle r0, r0, r0",1
"rsbsle r0, r8, 0",1
"ldrmi r0, [ip]",1
"and r0, r1, 0",1
"cdpeq p0, 0, c0, c0, c3, 0",1
invalid,1
"andeq lr, r3, r8, lsr r2",1
"subeq ip, r5, r0, lsl 16",1
"strne r0, [r0], -0xf00",1
blo 0x5ddf4,1
"andeq r0, r0, sl, asr r0",1
"andeq r4, r0, r6, ror 11",1
"rsbeq r6, r4, r0, lsl r6",1
"subseq r3, sl, r1, lsl 22",1
"ldrmi r0, [r1], -r0",1
ble 0x3dde0c,1
invalid,1
"andeq r5, r0, ip, lsr sl",1
"subeq r2, r6, r0, lsl 30",1
"mvnle r1, r0, lsl 2",1
"streq r0, [r2], -0",1
"cmpeq r0, 0",1
"tsteq r2, r0",1
"rsbseq r0, r4, r0, asr r2",1
"mvnsle r1, r0, lsl 2",1
"ldreq r0, [fp], -0",1
invalid,1
"tsteq r2, r0",1
"rsbseq r0, r4, r0, asr r2",1
invalid,1
"ldrteq r0, [r3], -0",1
"cmneq r8, 0",1
"tsteq r2, r0",1
"rsbseq r0, r4, r0, asr r2",1
"andle r1, ip, 0, 2",1
"streq r0, [r2], -0",1
"orreq r0, ip, 0",1
"tsteq r2, r0",1
"rsbseq r0, r4, r0, asr r2",1
"eorle r1, r0, 0, 2",1
"strbeq r0, [fp], -0",1
"moveq r0, 0",1
"andseq r0, r2, 0",1
invalid,1
"eorsle r1, ip, 0, 2",1
"ldrbteq r0, [r2], -0",1
invalid,1
"tsteq r2, r0",1
"rsbseq r0, r4, r0, asr r2",1
"suble r1, r8, 0, 6",1
"streq r0, [fp], 0",1
invalid,1
blne 0x1e1e8,1
invalid,1
"andne r0, r0, 3",1
"strvc r5, [r2], -1",1
"andsvc r0, r4, r0",1
blne 0x1e1fc,1
"andne r0, r0, 4",1
"strvc r5, [r2], -1",1
"streq r0, [r0], -r0",1
"andeq sl, r0, r4, lsl 26",1
"streq r1, [r3, r0, lsl 10]",1
invalid,1
"strheq r0, [r0], -r7",1
"tsths r5, 0x40000000",1
"streq r0, [r0], -0xa",1
"andeq fp, r2, sb, lsr 15",1
"strne r0, [r1], -r0, lsl 2",1
"andeq r3, r2, r1, lsl 20",1
"cmpeq sl, 0, 8",1
"andeq r5, r0, r1, lsl 20",1
"ldreq r0, [fp], -0x100",1
"ands r0, r7, 0",1
"andeq r0, r0, r3",1
"tsteq r0, 24, 2             ; 0x18",1
"stc p0, c0, [r4, -0]",1
"andeq r5, r0, r1, lsl 20",1
"ldrteq r0, [r3], -0x100",1
"ands r0, r7, 0",1
"andeq r0, r0, r3",1
"bicne r0, pc, 24, 2",1
"movwlo r0, 0x6000",1
"andeq r5, r0, r1, lsl 20",1
"strbeq r0, [fp], -0x100",1
"ands r0, r7, 0",1
"andeq r0, r0, r3",1
invalid,1
invalid,1
"andseq pc, r3, r1, lsl 16",1
"addeq r0, ip, r0, lsl 2",1
"andvc r0, r1, 0",1
"strne r0, [r0, -r4]",1
"andeq r0, r0, sl, asr r0",1
"andeq r8, r0, r7, lsl ip",1
"subseq r1, sl, r0, lsl 14",1
"strne r0, [r0], -r0",1
"andseq sp, r3, r1, lsl 20",1
"andeq r0, sp, 0, 14",1
"andeq r5, r0, r1, lsl 20",1
"streq r0, [fp], 0x100",1
"ands r0, r7, 0",1
"andeq r0, r0, r3",1
invalid,1
"andlo r0, sb, 0",1
"andeq sb, r4, r1, lsl 18",1
"streq r0, [r6], -0x100",1
"andeq r0, r0, sl, asr r0",1
"andeq r0, r4, r0, lsl 24",1
"cdpvs p2, 0, c0, c0, c0, 0",1
"streq r0, [r0], -0x1d",1
"andeq r0, r0, r1, lsl 28",1
"strne r0, [ip], -0x100",1
invalid,1
"rsbsle r0, r8, 0",1
"sbcsle r0, r8, 0",1
invalid,1
"streq r0, [r2, -0]",1
"andeq r0, r0, 3",1
"ldrdeq r3, r4, [r0], -r5",1
"streq r0, [r4, -r0, lsl 6]",1
"andeq r0, r0, r4, lsr 32",1
invalid,1
"movweq r0, 0",1
"eorseq r0, pc, r2, lsl 14",1
"streq r0, [r3], -0",1
"andeq r1, r0, r7, lsl 30",1
"streq r0, [r1], -r0, lsl 6",1
"andeq r0, r0, r3, lsr r0",1
blgt 0x15e7e0,1
"streq r0, [r0], -0",1
"cdpvs p5, 6, c0, c9, c4, 0",1
"stmdaeq r3, {r2, r4, r5, r6}",1
"andeq r0, r0, r5",1
"streq r0, [r8, -r0, lsl 6]",1
"andeq r0, r0, sl, lsl r0",1
"andeq sl, r2, r2, lsl 20",1
"teqvs r7, r0, lsl 6",1
"andeq r0, r0, 0",1
"andeq r0, r0, r5, lsl 10",1
"addeq r8, r5, r3, lsl 24",1
"streq r0, [r3], -0",1
"andeq r0, r0, r5, lsl 10",1
"ldreq r0, [lr], 0x200",1
"stchi p0, c0, [r3, -0]",1
"andeq r0, r0, pc, rrx",1
"strle r0, [r7, -0x403]",1
"streq r0, [r0, -0]",1
"strge r0, [r4], -r4, lsl 12",1
"movweq r0, 0",1
"eorseq r0, sl, r1, lsl 16",1
ble 0x9e02c,1
"streq r0, [r0], -4",1
"andeq fp, r0, r0, lsr r8",1
"ldrbeq r0, [r6], 0x700",1
"ldreq r0, [r8]",1
"strdeq r7, r8, [r2], -r6",1
"ldcleq p8, c0, [r3, -0]!",1
invalid,1
"andeq r0, r0, sl, asr r0",1
"stmdaeq r0, {r1, r8, sb, sp}",1
"andeq r0, r0, pc, ror r4",1
"adceq pc, r0, r5, lsl 24",1
"movwhs r0, 0x2000",1
"subeq r0, r1, 4, 16",1
"stc2 p0, c0, [r5, -0]",1
"andeq r0, r0, r0, lsr 1",1
"stmdaeq r8, {r1, r8, sb, sp}",1
"andeq r0, r0, fp, asr 14",1
"adceq pc, r0, r5, lsl 28",1
"movwhs r0, 0x2000",1
"stmdbeq r2!, {r2, r3, fp} ^",1
invalid,1
"andeq r0, r0, r0, lsr 1",1
"ldmdbeq r0, {r1, r8, sb, sp}",1
"andeq r0, r0, sp, lsl 7",1
"andge r0, r1, r5",1
"andeq r0, r0, 0",1
"stmdagt sb, {r0, r1, r5, sl, ip}",1
"streq r0, [r0, -7]",1
"adceq r0, r0, r1, lsl 2",1
"movwhs r0, 0x2000",1
"orrseq r0, fp, r8, lsl sb",1
"andeq r0, r5, 0",1
"andeq sl, r0, r1",1
"stcne p2, c0, [r3], -0",1
"andeq r7, r2, sb, lsl 28",1
"mrseq r0, apsr",1
"andeq r0, r0, r0, lsr 1",1
"stmdbeq r0!, {r1, r8, sb, sp}",1
"ldrdeq r0, r1, [r0], -fp",1
"andge r0, r1, r5, lsl 10",1
"andeq r0, r0, 0",1
"stmdblt sb, {r0, r1, r5, sl, sp}",1
"streq r0, [r0, -1]",1
"adceq r0, r0, r6, lsl 2",1
"movwhs r0, 0x2000",1
"ldrbeq r0, [sb, -r8, lsr 18]",1
"streq r0, [r5, -r0]",1
"andeq sl, r0, r1",1
"stchs p2, c0, [r3], -0",1
"andeq r4, r5, sb, lsl 6",1
"mrseq r0, apsr",1
"strheq r0, [r0], -r1",1
"ldmdbeq r0!, {r1, r8, sb, sp}",1
"andeq r0, r0, r1, lsl 2",1
"strlt r0, [r1, -r5, lsl 22]",1
"andeq r0, r0, 2",1
"stmdblo sb, {r0, r1, r5, sl, ip, sp}",1
"streq r0, [r0, -2]",1
"subseq r0, sl, sp, lsl 2",1
"movwhs r0, 0x2000",1
"ldrbeq r0, [r7, 0x938]",1
"mrsne r0, apsr",1
"andeq r5, r0, r1, lsl 20",1
"stclo p2, c0, [r3], -0",1
"andeq ip, r2, sb, lsl 24",1
"tsteq r3, r0, lsl 10",1
"andeq r0, r0, sl, ror r0",1
"stmdbeq r0, {r1, r8, sb, sp} ^",1
"andeq r0, r0, sl, lsl 5",1
"cdplo p7, 0, c1, c1, c5, 0",1
"andeq r0, r0, 0",1
invalid,1
"streq r0, [r0, -6]",1
"subeq r0, ip, r8, lsl r1",1
"movwhs r0, 0x2000",1
invalid,1
invalid,1
"andeq fp, r2, r1, lsl 26",1
"strmi r0, [r3, -r0, lsl 4]!",1
"andseq fp, sp, sb, lsl 26",1
"tsteq sp, r0, lsl 10",1
"andeq r0, r0, sp, asr 5",1
"stmdbeq r8, {r1, r8, sb, sp} ^",1
"ldrdeq r0, r1, [r0], -r0",1
invalid,1
"andeq r0, r0, 0",1
"strls r5, [sb, -r3, lsr 32]",1
"streq r0, [r0, -7]",1
"addseq r0, lr, pc, lsr 2",1
"movwhs r0, 0x2000",1
invalid,1
"andlo r0, r5, r0",1
"andeq sb, r0, r1, lsl 28",1
"stcpl p2, c0, [r3], -0",1
"andeq pc, r2, sb, lsl 18",1
"teqeq r1, r0, lsl 10",1
"muleq r0, lr, r0",1
"stmdbeq r0!, {r1, r8, sb, sp} ^",1
"andeq r0, r0, sp, lsr 15",1
"cdpls p2, 0, c3, c1, c5, 0",1
"andeq r0, r0, 0",1
"strlt r6, [sb], -0x423",1
"streq r0, [r0, -7]",1
"eoreq r0, r5, r3, lsr r1",1
"movwhs r0, 0x2000",1
"streq r0, [lr], -0x968",1
"strlo r0, [r5, -0]",1
"andeq r5, r0, r1, lsl 20",1
"stcvs p2, c0, [r3], -0",1
"andeq sp, r7, sb, lsl 12",1
"teqeq r7, r0, lsl 10",1
"ldrdeq r0, r1, [r0], -r3",1
"rsbseq r2, r0, r2, lsl 6",1
"andeq fp, r4, sl, lsl 24",1
"ldreq r0, [fp, r0, lsl 10]",1
"andeq r0, r0, r6, lsr r3",1
invalid,1
"stmdaeq r0, {r1}",1
"andeq r2, r0, sb, ror 31",1
"adcseq sl, r1, 0x50000000",1
"movwhs r0, 0x2000",1
invalid,1
"movwge r0, 0x5000",1
"strheq r0, [r0], -r7",1
"stmdaeq r4, {r1, r8, sb, sp}",1
"muleq r0, r8, lr",1
"subseq sl, sl, r5, lsl 14",1
"movwhs r0, 0x2000",1
"streq r0, [r6], -8",1
"andeq r0, r0, sl, ror r2",1
"adcseq r0, r8, r6, lsl 8",1
"strge r0, [fp], -r0",1
"stcgt p0, c0, [r0, -0]",1
invalid,1
"muleq r0, r7, r0",1
"streq r0, [r6], -0",1
"andeq r0, r0, r3, ror r2",1
"andeq sl, r0, fp, lsl 12",1
"andeq lr, r2, r0, lsl 6",1
"addseq r0, r7, r0, lsl 24",1
"eoreq r0, r7, r0",1
"andeq r0, r5, r2, lsl 14",1
"mrrchi p4, 0, r0, ip, c0",1
"stceq p0, c0, [r0, -0]",1
"andeq r1, r0, sb, lsl r4",1
"mrseq r2, apsr",1
"andeq r0, r0, r6, lsl 6",1
"rsbseq r6, r0, lr, lsl 12",1
"movweq r2, 0x6801",1
"streq r0, [r0], -r0",1
"andeq sl, r0, r4, lsl 26",1
ble 0x61e8c,1
invalid,1
bpl 0x5eac8,1
invalid,1
"stmdale r0, {r1, r4, r6, r7}",1
invalid,1
invalid,1
"andeq r0, r0, r6, lsr 7",1
"andeq r7, r3, r0, lsl pc",1
"ldrbteq r0, [ip], -r0, lsl 2",1
"movwls r0, 3",1
invalid,1
"andeq r0, r0, lr, ror 5",1
"andeq sp, r0, r4, lsr 5",1
"andeq sp, r0, r8, asr 5",1
invalid,1
blx 0x49e2ce,1
invalid,1
"movwne r0, 0x46",1
"andeq sp, r0, r8, asr 5",1
"andeq r0, r0, r0, asr 7",1
"subseq r0, r0, 20, 2",1
"andseq r0, r4, 0x74",1
invalid,1
"andsls r0, r5, r0",1
"movw r0, 0xd2",1
invalid,1
"strne r0, [r0], -3",1
"strvc r5, [r2], -1",1
"andsge r0, r5, r0",1
blx 0x1e64e,1
"strls r0, [r0, -3]",1
"strne r0, [r0], -3",1
"strvc r5, [r2], -1",1
"andsle r0, r3, r0",1
blx 0x1e662,1
"strne r0, [r0], -3",1
"strvc r5, [r2], -1",1
"strne r0, [r0], -r0",1
"andeq r0, r0, r3, lsl 15",1
"adcseq sl, r7, 4, 16",1
"mrseq r0, apsr",1
"andeq r2, sl, r6, lsl r3",1
"strlt r0, [sb, r0, lsl 8]!",1
invalid,1
invalid,1
invalid,1
bpl 0x5efb0,1
invalid,1
"andeq r0, r0, r3, ror 7",1
"andeq r0, r3, r8, lsl r6",1
"rsceq r1, r3, 0, 16",1
bpl 0x61e35c,1
"andeq r0, r0, r0",1
"bicne r0, pc, 0x40000006",1
"movwlo r0, 0x7000",1
"andeq r5, r0, r1, lsl 20",1
invalid,1
"ldreq r0, [r8], -r0",1
"andeq r0, r0, r3",1
"bicsne r0, lr, 0x80000006",1
"vhadd.s8 d0, d4, d0",1
"andeq r5, r0, r1, lsl 20",1
"ldreq r0, [r8], -r0, lsl 2",1
"andeq r0, r0, r3",1
"andeq r0, r4, r0, lsl 28",1
blle 0x1eb94,1
"streq r0, [r0], -0x1e",1
"andeq r0, r0, r1, lsl 28",1
"strbne r0, [ip], -0x100",1
invalid,1
"sbcsle r0, r8, 0",1
"orrle r0, ip, 0",1
invalid,1
invalid,1
"andeq r1, r0, r7, lsl 20",1
"movweq r0, 0x5300",1
"strle r0, [r2, -0]",1
"andeq r0, r0, r7, lsr r0",1
"strhs r0, [r7], -0x402",1
"andeq r0, r0, 0",1
"eorseq r0, r1, r1, lsl 16",1
"andeq r0, r2, 0",1
"andeq r3, r0, r7, lsl 30",1
"streq r0, [r4, -r0, lsl 4]",1
"andeq r0, r0, pc, lsl r0",1
"movwlo r0, 0x6102",1
"andeq r0, r0, 0",1
"sbceq r0, fp, r2, lsl 10",1
"streq r0, [r4], -0",1
"strbtvc r6, [lr], -0x905",1
"streq r0, [r8, -0x200]",1
"andeq r0, r0, r0",1
"andeq sl, r2, r3, lsl 20",1
"ldmdavs r7!, {r8, sb}",1
"movweq r0, 0",1
"andeq r0, r0, r5, lsl 10",1
"addeq r8, r5, r3, lsl 24",1
"streq r0, [r2], -0",1
"andeq r0, r0, r5, lsl 10",1
"ldreq r0, [lr], 0x300",1
"stchi p0, c0, [r3, -0]",1
"andeq r0, r0, pc, rrx",1
"strle r0, [r7, -0x402]",1
"streq r0, [r0, -0]",1
"strge r0, [r4], -r4, lsl 12",1
"andeq r0, r0, 0",1
"eorseq r0, sl, r1, lsl 16",1
ble 0xde43c,1
"streq r0, [r0], -4",1
"andeq fp, r0, r0, lsr r8",1
"ldrbeq r0, [r6], 0x700",1
"ldreq r0, [r8]",1
"strdeq r7, r8, [r2], -r6",1
"ldcleq p8, c0, [r3, -0]!",1
invalid,1
"andeq r0, r0, r1, rrx",1
"stmdaeq r0, {r1, r8, sb, sp}",1
"andeq r0, r0, pc, ror r4",1
"adceq pc, r0, r5, lsl 24",1
"movwhs r0, 0x2000",1
"subeq r0, r1, 4, 16",1
"stc2 p0, c0, [r5, -0]",1
"andeq r0, r0, r0, lsr 1",1
"stmdaeq r8, {r1, r8, sb, sp}",1
"andeq r0, r0, fp, asr 14",1
"adceq pc, r0, r5, lsl 28",1
"movwhs r0, 0x2000",1
"stmdbeq r2!, {r2, r3, fp} ^",1
invalid,1
"andeq r0, r0, r0, lsr 1",1
"ldmdbeq r0, {r1, r8, sb, sp}",1
"andeq r0, r0, sp, lsl 7",1
"andge r0, r1, r5",1
"andeq r0, r0, 0",1
"stmdagt sb, {r0, r1, r5, sl, ip}",1
"streq r0, [r0, -7]",1
"adceq r0, r0, r1, lsl 2",1
"movwhs r0, 0x2000",1
"orrseq r0, fp, r8, lsl sb",1
"andeq r0, r5, 0",1
"andeq sl, r0, r1",1
"stcne p2, c0, [r3], -0",1
"andeq r7, r2, sb, lsl 28",1
"mrseq r0, apsr",1
"andeq r0, r0, r0, lsr 1",1
"stmdbeq r0!, {r1, r8, sb, sp}",1
"ldrdeq r0, r1, [r0], -fp",1
"andge r0, r1, r5, lsl 10",1
"andeq r0, r0, 0",1
"stmdblt sb, {r0, r1, r5, sl, sp}",1
"streq r0, [r0, -1]",1
"adceq r0, r0, r6, lsl 2",1
"movwhs r0, 0x2000",1
"ldrbeq r0, [sb, -r8, lsr 18]",1
"streq r0, [r5, -r0]",1
"andeq sl, r0, r1",1
"stchs p2, c0, [r3], -0",1
"andeq r4, r5, sb, lsl 6",1
"mrseq r0, apsr",1
"strheq r0, [r0], -r1",1
"ldmdbeq r0!, {r1, r8, sb, sp}",1
"andeq r0, r0, r1, lsl 2",1
"strlt r0, [r1, -r5, lsl 22]",1
"andeq r0, r0, 2",1
"stmdblo sb, {r0, r1, r5, sl, ip, sp}",1
"streq r0, [r0, -2]",1
"rsbeq r0, r1, sp, lsl 2",1
"movwhs r0, 0x2000",1
"ldrbeq r0, [r7, 0x938]",1
"mrsne r0, apsr",1
"andeq r6, r0, r1, lsl 2",1
"stclo p2, c0, [r3], -0",1
"andeq ip, r2, sb, lsl 24",1
"tsteq r3, r0, lsl 10",1
"andeq r0, r0, sl, ror r0",1
"stmdbeq r0, {r1, r8, sb, sp} ^",1
"andeq r0, r0, sl, lsl 5",1
"strmi r1, [r1, -0x705]",1
"andeq r0, r0, 0",1
invalid,1
"streq r0, [r0, -6]",1
"subseq r0, r3, r8, lsl r1",1
"movwhs r0, 0x2000",1
invalid,1
invalid,1
"andeq fp, r2, r1, lsl 26",1
"strmi r0, [r3, -r0, lsl 4]!",1
"andseq fp, sp, sb, lsl 26",1
"tsteq sp, r0, lsl 10",1
"andeq r0, r0, sp, asr 5",1
"stmdbeq r8, {r1, r8, sb, sp} ^",1
"ldrdeq r0, r1, [r0], -r0",1
invalid,1
"andeq r0, r0, 0",1
"strls r5, [sb, -r3, lsr 32]",1
"streq r0, [r0, -7]",1
"addseq r0, lr, pc, lsr 2",1
"movwhs r0, 0x2000",1
invalid,1
"andlo r0, r5, r0",1
"andeq sb, r0, r1, lsl 28",1
"stcpl p2, c0, [r3], -0",1
"andeq pc, r2, sb, lsl 18",1
"teqeq r1, r0, lsl 10",1
"muleq r0, lr, r0",1
"stmdbeq r0!, {r1, r8, sb, sp} ^",1
"andeq r0, r0, sp, lsr 15",1
"cdpls p2, 0, c3, c1, c5, 0",1
"andeq r0, r0, 0",1
"strlt r6, [sb], -0x423",1
"streq r0, [r0, -7]",1
"eoreq r0, ip, r3, lsr r1",1
"movwhs r0, 0x2000",1
"streq r0, [lr], -0x968",1
"strlo r0, [r5, -0]",1
"andeq r6, r0, r1, lsl 2",1
"stcvs p2, c0, [r3], -0",1
"andeq sp, r7, sb, lsl 12",1
"teqeq r7, r0, lsl 10",1
"ldrdeq r0, r1, [r0], -r3",1
"rsbseq r2, r0, r2, lsl 6",1
"andeq fp, r4, sl, lsl 24",1
"ldreq r0, [fp, r0, lsl 10]",1
"andeq r0, r0, r6, lsr r3",1
invalid,1
"stmdaeq r0, {r1}",1
"andeq r2, r0, sb, ror 31",1
"adcseq sl, r1, 0x50000000",1
"movwhs r0, 0x2000",1
invalid,1
"movwge r0, 0x5000",1
"strheq r0, [r0], -r7",1
"stmdaeq r4, {r1, r8, sb, sp}",1
"muleq r0, r8, lr",1
"rsbeq sl, r1, r5, lsl 14",1
"movwhs r0, 0x2000",1
"streq r0, [r6], -8",1
"andeq r0, r0, sl, ror r2",1
"adcseq r0, r8, r6, lsl 8",1
"strge r0, [fp], -r0",1
"stcgt p0, c0, [r0, -0]",1
invalid,1
"muleq r0, r7, r0",1
"streq r0, [r6], -0",1
"andeq r0, r0, r3, ror r2",1
"andeq sl, r0, fp, lsl 12",1
"andeq lr, r2, r0, lsl 6",1
"addseq r0, r7, r0, lsl 24",1
"eoreq r0, r7, r0",1
"andeq r0, r5, r3, lsl 14",1
"mrrchi p4, 0, r0, ip, c0",1
"stceq p0, c0, [r0, -0]",1
"andseq r4, r4, r1, lsl 2",1
"tsteq sl, 0, 12",1
"andeq r6, r0, r1, lsl 2",1
"sbcseq sp, r2, r0, lsl 16",1
"sbcseq r8, r3, r0, lsl 24",1
"subeq ip, r6, r0, lsl 8",1
"orreq r0, lr, 0, 2",1
"strvs r0, [lr], -r0",1
invalid,1
"andeq r0, r0, lr, lsl 7",1
"strdeq r4, r5, [r0], -r0",1
"andeq sp, r2, pc, lsl 2",1
"tst ip, 0, 2",1
"strhs r0, [r0], -2",1
"andne r0, r0, r7, asr 32",1
"andeq r1, r0, sb, asr r4",1
"rsbeq r1, r1, r1, lsl 24",1
invalid,1
"biceq r1, r0, r0, lsl 2",1
"cmneq r6, 0",1
"andsvc r0, r2, r0",1
invalid,1
"andeq lr, r2, r3, ror r3",1
"subeq r4, r7, r0, lsl 24",1
invalid,1
invalid,1
invalid,1
"tsteq r4, r0",1
"rsbseq r0, r6, r0, asr r2",1
"teqle r0, 0, 10",1
"biceq r0, r7, 0",1
"andseq r0, r4, 0",1
"smlsdxvc r2, sp, r0, r0",1
"strne r0, [r0, -0]",1
"andeq sp, r0, ip, ror r3",1
"andeq r0, r0, lr, ror 7",1
"subseq r0, r0, 20, 2",1
"andseq r0, r4, 0x76",1
"smlsdxvc r2, sp, r0, r0",1
"streq r0, [r0], -r0",1
"andeq sl, r0, r4, lsl 26",1
"streq r1, [r3, r0, lsl 12]",1
invalid,1
"strheq r0, [r0], -r7",1
"tsths r6, 0x40000000",1
"streq r0, [r0], -0xa",1
"andeq fp, r2, sb, lsr 15",1
"strne r0, [r1, -r0, lsl 2]",1
"andeq r3, r2, r1, lsl 20",1
"cmpeq sl, 0, 8",1
"andeq r6, r0, r1, lsl 2",1
"biceq r0, r7, 0, 2",1
"cdphi p0, 1, c0, c8, c0, 0",1
"andeq r0, r0, r3",1
invalid,1
"mrspl r0, apsr",1
"andseq pc, r3, r1, lsl 16",1
"addeq r0, ip, r0, lsl 2",1
"cdp p0, 0, c0, c1, c0, 0",1
"stmdane r0, {r0, r1}",1
"andeq r0, r0, r1, rrx",1
"andeq r8, r0, r8, lsl ip",1
"rsbeq r1, r1, r0, lsl 16",1
bne 0x1e77c,1
"andseq r4, r4, r1, lsl 10",1
"movweq r0, 0xd400",1
"andeq r1, r0, r0, ror 8",1
"andeq r6, r0, r1, lsl 2",1
"cdphi p1, 1, c0, c8, c0, 0",1
"stmdane r0, {r0, r1}",1
"andeq r0, r0, ip, lsl 1",1
"andeq r6, r0, r8, lsl r1",1
invalid,1
"andeq r0, r0, 0xf0",1
"eoreq r4, r0, r0, lsl 24",1
"cdpeq p4, 0, c0, c1, c0, 0",1
invalid,1
"andeq r1, r0, r5, lsr 29",1
"andeq r0, r0, r8, lsr 7",1
"andeq sp, r0, ip, lsl 7",1
"strdeq sl, fp, [r1], -r4",1
"strdeq r1, r2, [r0], -lr",1
invalid,1
"andeq r0, r0, 0",1
"eorseq r0, pc, r2, lsl 14",1
"streq r0, [r2], -0",1
"andeq r2, r0, r7, lsl 8",1
"streq r0, [r4, -r0, lsl 4]",1
"andeq r0, r0, pc, lsl r0",1
"movwlo r0, 0x6102",1
"andeq r0, r0, 0",1
"sbceq r0, fp, r2, lsl 10",1
"strlt r0, [r3, -0]",1
"stmdbeq r0, {r0, r1, r2, r3, r4, r5}",1
"andeq r5, r0, r8, lsr 20",1
"streq r0, [r4, -0x400]",1
"rsbseq r6, r4, sb, ror 28",1
"andeq r0, r5, r2, lsl 16",1
"andeq r0, r0, 0",1
"andseq r0, sl, r8, lsl 14",1
bge 0xde810,1
"stmdbeq r0, {r1}",1
"andeq r6, r0, r7, lsr r1",1
"streq r0, [r5, -0x300]",1
invalid,1
"andeq r0, r0, r5, lsl 1",1
"streq r0, [r5, -0x402]",1
"movweq r0, 0",1
"muleq r0, lr, r4",1
"rsbeq r8, pc, sb, lsl 26",1
"streq r0, [r2], -0",1
"andeq sp, r0, r7, lsl 10",1
"ldreq r0, [fp], -r0, lsl 6",1
"strls r0, [sb], -0",1
"andeq r0, r0, r5, lsl 1",1
invalid,1
"stmdbeq r0, {r1}",1
"strheq r5, [r0], -r5",1
invalid,1
"andeq r0, r0, 0",1
"eorseq r0, sl, r1, lsl 16",1
"cdpvs p0, 0, c0, c3, c0, 0",1
beq 0x1e870,1
"andeq sl, r0, sp, ror 22",1
"ldreq r0, [sp], -r0, lsl 6",1
blmi 0x2de874,1
"muleq r0, lr, r0",1
"andeq r0, r3, r3, lsl 10",1
"bicslo r0, r5, 0, 24",1
"streq r0, [r0, -r0]",1
"andeq r3, r0, r1, ror 13",1
invalid,1
invalid,1
"andeq r2, r0, r8, ror 31",1
"rscseq r3, pc, sp, lsl 10",1
"movwhs r0, 0x2000",1
"streq r0, [r6], -0",1
"andeq r0, r0, r4, ror 1",1
"eoreq r1, lr, r3, lsl 2",1
"ldrt r0, [r6], -0xd00",1
invalid,1
svchs 0x460d04,1
beq 0x1e8bc,1
"andeq r3, r0, lr, lsl 21",1
"subseq r4, sl, sp, lsl 16",1
invalid,1
"stceq p0, c0, [r0, -0x10c]",1
"andeq r0, r1, sb, asr 10",1
"stc2 p0, c0, [r7, -0]",1
"stmdane r0, {r2, r4}",1
"orreq r3, sl, sp, lsl 26",1
invalid,1
"stceq p0, c0, [r0, -0x74]",1
"andeq r5, r0, pc, lsr sl",1
"eoreq r0, r3, r0, lsl 4",1
"andeq ip, ip, r8, lsl 20",1
"movtlo r0, 0xd00",1
"andeq r0, r0, 0",1
"stcls p4, c0, [r8, -0x8c]",1
"stceq p0, c0, [r0, -0x70]",1
"andeq r5, r0, r1, asr 20",1
"stmdaeq r3!, {sb}",1
"eoreq sp, r2, r8, lsl 2",1
bpl 0x1121d0c,1
"andeq r0, r0, 0",1
invalid,1
"stceq p0, c0, [r0, -0xe8]",1
"andeq r3, r0, r5, asr 6",1
"eorne r0, r3, r0, lsl 4",1
"andeq r1, r1, fp",1
"strtne r0, [r3], -0x200",1
"ldceq p9, c0, [r8, -0]",1
"andeq fp, r1, fp, lsr r4",1
"sbchs r0, sl, r0, lsl 20",1
blmi 0x35e938,1
"andeq r0, r0, pc, lsr 2",1
"eoreq r2, r6, sl, lsl 24",1
"strblt r0, [ip], -0xd00",1
beq 0x1e94c,1
"andeq r1, r0, sp, lsr 9",1
"addeq r4, r5, sp, lsl 26",1
invalid,1
"strheq r0, [r0], -ip",1
"andeq r0, r0, r4, asr 3",1
"andeq sb, r0, sp, lsl 14",1
"movweq r1, 0x700",1
"andeq r2, r0, r4, lsr 3",1
"orreq r4, sl, sp, lsl 28",1
"streq r0, [sb], -0",1
invalid,1
invalid,1
"stceq p0, c0, [r0, -0x98]",1
"andeq lr, r1, r2, asr lr",1
"strtne r0, [sp], 0xa00",1
"movwpl r0, 0xd000",1
"andeq r0, r0, r5, lsl 1",1
"adcseq r0, ip, r0, lsl 24",1
invalid,1
"strls r0, [sp, -r0]",1
"movweq r0, 0",1
"sbclo r0, r7, r0, lsl 6",1
"strpl r0, [sp], -0",1
"andeq r0, r0, pc, asr 3",1
"andeq r1, sb, r3, lsl 20",1
"ldmdble r0!, {sb, sl, fp}",1
"movweq r0, 0",1
"andeq r0, r0, r0, lsl 6",1
"sbcseq r3, sb, lr, lsl 6",1
"andge r0, r3, 0",1
"cdpeq p0, 0, c0, c0, c8, 0",1
"andeq sp, r0, r7, lsr sb",1
invalid,1
svcmi 0xe0000,1
"andeq r0, r0, sl, lsr r0",1
"strvs r0, [lr, -0x40e]",1
"andeq sl, r2, r1, lsl 22",1
"strne r0, [lr, r0, lsl 30]",1
svceq 0x7f0000,1
"strdeq r3, r4, [r0], -r7",1
"stmdbne r1!, {r8, sb, sl, fp} ^",1
svceq 0x10000,1
"andeq r3, r0, r6, asr 10",1
svclo 0x20f02,1
svceq 0x30000,1
"strdeq r2, r3, [r0], -sb",1
"adcshs r0, sp, r4, lsl 30",1
svceq 0x50000,1
"andeq r2, r0, ip, ror 16",1
"strlo r0, [r6, -r6, lsl 30]",1
svceq 0x70000,1
"ldrdeq r2, r3, [r0], -r3",1
"ldrbtlo r0, [sl], r8, lsl 30",1
svceq 0x90000,1
"ldrdeq r2, r3, [r0], -sp",1
svcne 0x6d0f0a,1
svceq 0xb0000,1
"strdeq r2, r3, [r0], -r7",1
"ldrne r0, [r7], ip, lsl 30",1
svceq 0xd0000,1
"andeq r1, r0, r3, asr r7",1
"sbcsmi r0, lr, lr, lsl 30",1
svceq 0xf0000,1
"andeq r2, r0, r1, lsl r7",1
"tstmi r0, 0x10",1
"mcreq p0, 0, r0, c0, c4, 1",1
"eorseq r0, r5, 0x4000001f",1
bleq 0x45ea58,1
"andhs r0, r0, r7",1
invalid,1
"andne r0, r0, 3",1
"muleq r0, r4, fp",1
invalid,1
"andeq r0, r0, 5",1
"ldcpl p0, c0, [r2, -0x8c]",1
"mcreq p0, 0, r0, c0, c2, 1",1
"andseq r0, pc, 0x8000002b",1
"movwhs r0, 0x2000",1
"subseq r1, ip, r4, lsl 4",1
invalid,1
"andeq r1, r2, r1, lsl 30",1
"stmdaeq r3!, {sb}",1
"eoreq sb, pc, r2, lsl pc",1
invalid,1
"andeq r0, r0, sl, lsr 4",1
"andne r2, ip, 0x8000000",1
"andeq r1, r0, r8, asr 18",1
"strlt fp, [r1], -lr, lsl 18",1
"andeq r0, r0, 0",1
invalid,1
"cdpeq p0, 0, c0, c0, c0, 0",1
"ldreq r0, [r2, 0x1bf]!",1
"movwhs r0, 0x2000",1
"stmibeq sl, {r2, r4, sb, ip}",1
"andgt r0, lr, 0",1
"andeq sp, r0, r1, lsl 18",1
"stmdane r3!, {sb}",1
"andeq r2, sb, r3, lsl r5",1
"biceq r0, r8, r0, lsl 28",1
"andeq r0, r0, r3, lsr r0",1
"andseq r0, pc, 4, 2",1
"ldrgt r1, [r3, -r3, lsr 24]",1
"cdpeq p0, 0, c0, c0, c4, 0",1
"ldrsbteq r0, [r3], -r3",1
"andeq r0, r4, 0",1
"stcne p2, c0, [r3], -0x74",1
"andeq r5, r5, r3, lsl r8",1
"bicseq r0, r7, r0, lsl 28",1
"andeq r0, r0, r3, lsr r0",1
"andseq r0, ip, 4, 2",1
"cdpmi p12, 1, c1, c3, c3, 1",1
"cdpeq p0, 0, c0, c0, c2, 0",1
"ldrsbteq r0, [r3], -fp",1
invalid,1
"stcne p2, c0, [r3], -0x6c",1
"andeq r7, r2, r3, lsl r6",1
"bicseq r0, pc, r0, lsl 28",1
"andeq r0, r0, r3, lsr r0",1
"andseq r0, sl, 4, 2",1
svcgt 0x131c23,1
"cdpeq p0, 0, c0, c0, c5, 0",1
"eorseq r0, r3, r2, ror 3",1
invalid,1
"stcne p2, c0, [r3], -0x64",1
"andeq r1, r2, r3, lsl r4",1
invalid,1
"andeq r0, r0, r3, lsr r0",1
"andseq r0, r8, 4, 2",1
invalid,1
"strdeq r0, r1, [r0], -r3",1
"adcseq r0, r7, 160, 2",1
"andeq r0, r0, ip, lsr 11",1
"subeq sl, r3, r2, lsl lr",1
"adcseq r0, sb, 0, 2",1
"andeq r1, r0, sp, lsr lr",1
"andne r2, r0, 0x8000000",1
"andeq r2, r0, r8, lsl sp",1
"stmdble r2, {r0, sb, fp, ip, sp, pc}",1
"andeq r0, r0, 0",1
"ldrge r0, [r2], -0x423",1
invalid,1
"ldrheq r0, [sb], 0x2b",1
"movwhs r0, 0x2000",1
svcne 0x1c1208,1
invalid,1
"andseq r6, r4, r2, lsl 18",1
"stceq p2, c0, [r3], -0",1
"eorseq r1, r2, r2, lsl sl",1
"adcseq r0, sp, 0, 2",1
"andeq r1, r0, sb, ror 8",1
"andsne r2, r0, 0x8000000",1
"andeq r3, r0, r6, ror 3",1
blpl 0xce3b0,1
"andeq r0, r0, 0x1a",1
"ldrne r1, [r2, -0x423]",1
invalid,1
bne 0x16df6b8,1
"movwhs r0, 0x2000",1
blne 0xffae3424,1
"andgt r0, r1, r0",1
"andseq r5, sl, r2, lsl 22",1
"stcne p2, c0, [r3], -0",1
"eoreq r0, r0, r2, lsl r6",1
"sbceq r0, r1, 0, 2",1
"andeq r1, r0, r3, asr 28",1
"eorne r2, r0, 0x8000000",1
"andeq r3, r0, r0, asr sp",1
blt 0xcf3ec,1
"andeq r0, r0, 0x1a",1
bne 0x4a7c7c,1
invalid,1
bne 0xfee9f704,1
"movwhs r0, 0x2000",1
"tsths r3, r8, lsr 4",1
"strgt r0, [r1], -0",1
"andseq fp, sl, r2, lsl 20",1
"stchs p2, c0, [r3], -0",1
"subeq ip, r4, r2, lsl r3",1
"sbceq r0, r5, 0, 2",1
"strheq r1, [r0], -sl",1
"eorsne r2, r0, 0x8000000",1
"andeq r2, r0, sl, lsl 16",1
"stmdbmi r2, {r0, sb, sl, lr, pc}",1
"andeq r0, r0, 0x1e",1
"ldrge r3, [r2], -r3, lsr 8",1
invalid,1
"cdpne p2, 4, c0, c15, c7, 6",1
"movwhs r0, 0x2000",1
invalid,1
invalid,1
"andseq fp, r3, r2, lsl 22",1
"stclo p2, c0, [r3], -0",1
"andseq r2, r8, r2, lsl r0",1
"sbceq r0, sb, 0, 2",1
"andeq r0, r0, sl, asr r0",1
"subne r2, r0, 0x8000000",1
"andeq r1, r0, ip, lsr 24",1
bhi 0xd1c64,1
"andeq r0, r0, 0x13",1
"ldrlo r4, [r2, -0x423]",1
invalid,1
"cmnne pc, 0xd000000c",1
"movwhs r0, 0x2000",1
invalid,1
"cdpgt p0, 0, c0, c1, c0, 0",1
"andseq r7, r3, r2, lsl 30",1
"stcmi p2, c0, [r3], -0",1
"eorseq r6, sp, r2, lsl fp",1
"sbcseq r0, r1, 0, 2",1
"muleq r0, r5, r3",1
"subsne r2, r0, 0x8000000",1
"andeq r3, r0, r4, asr 11",1
"strls sp, [r2, -0x201]",1
"andeq r0, r0, 0x13",1
"ldrgt r5, [r3, -r3, lsr 8]",1
invalid,1
"ldrsbteq r0, [r3], -r4",1
invalid,1
"stmdapl r3!, {r0, r1, r2, r3, r4, sb}",1
"eorseq pc, sb, r3, lsl ip",1
"sbcseq r0, r8, 0, 2",1
"andeq r0, r0, r3, lsr r0",1
"andseq r0, lr, 4, 2",1
bmi 0x4f4d54,1
invalid,1
"ldrsbteq r0, [r3], -sb",1
invalid,1
"stmdapl r3!, {r0, r2, r3, r4, sb}",1
"eorseq sl, pc, r3, lsl r8",1
"sbcseq r0, sl, 0, 2",1
"andeq r0, r0, r3, lsr r0",1
"andseq r0, ip, 4, 2",1
"ldmdbeq r3, {r0, r1, r5, fp, ip, lr}",1
invalid,1
"ldrsbteq r0, [r3], -fp",1
invalid,1
"stmdapl r3!, {r0, r1, r3, r4, sb}",1
"andeq sl, sp, r2, lsl lr",1
"sbcseq r0, ip, 0, 2",1
"andeq r0, r0, sl, asr r0",1
"subsne r2, ip, 0x8000000",1
"strheq r4, [r0], -r3",1
"andge sp, r2, r1, lsl 26",1
"andeq r0, r0, 0x13",1
svcls 0x126023,1
invalid,1
"eoreq r0, sl, 0xe000000d",1
"movwhs r0, 0x3000",1
"cdpgt p1, 1, c0, c2, c0, 4",1
invalid,1
"strbtne r0, [sb], -0x2df",1
"movwhs r0, 0x3000",1
"cdplt p1, 1, c0, c2, c4, 4",1
invalid,1
"biceq r0, r4, r3, ror 5",1
"movwhs r0, 0x3000",1
"streq r0, [r0], -r8, lsl 3",1
"andeq sl, r3, r4, lsl 24",1
"strhs r0, [r4, -0x600]",1
"andne r0, r0, r0",1
"strdeq r1, r2, [r0], -ip",1
"strlt lr, [r1, -lr, lsl 16]",1
"andne r0, r0, r2",1
"andeq r0, r0, r6, asr 11",1
"movwgt lr, 0x1f0e",1
invalid,1
"strdeq r0, r1, [r0], -pc",1
invalid,1
"andeq r0, r0, fp, lsl 12",1
"andeq r2, r3, r2, lsl r1",1
invalid,1
"andeq r0, r0, r4, lsl r2",1
"andne r2, r0, 0x8000000",1
"andeq r2, r0, r0, ror 14",1
bleq 0x9e1cc,1
"andeq r0, r0, 6",1
"ldrvs r0, [r4, -0x423]",1
"cdpeq p4, 0, c6, c0, c14, 3",1
invalid,1
"movwhs r0, 0x2000",1
"streq r0, [r6], -8",1
"andeq r0, r0, r4, asr 11",1
"mcreq p8, 0, r0, c14, c5, 0",1
"andeq r3, r6, r2, lsl 18",1
"stmiblo ip, {sb, ip}",1
"andne r0, lr, r0",1
"andeq ip, r5, r2, lsl 8",1
"eoreq r0, r3, r0, lsl 4",1
"eoreq pc, ip, r2, lsl r3",1
"andseq r0, r1, 0, 28",1
"andeq r0, r0, r4, asr 11",1
"andeq r2, r4, r2, lsl 6",1
"eoreq r5, r2, r0, lsl r0",1
"andseq r0, r2, 0, 28",1
"andeq r0, r0, r1, lsl r6",1
"andlo r0, r7, r6, lsl r4",1
"andeq r0, r0, r1, lsr 13",1
"andseq sb, r1, pc, lsl 10",1
svceq 0x28000,1
"andeq r0, r0, sl, ror sp",1
"cdpls p4, 0, c0, c15, c0, 4",1
"andhi r0, r0, r0, lsl r0",1
"cdpeq p15, 0xd, c0, c13, c8, 0",1
"addne r0, r0, r0",1
"andeq fp, sp, pc, lsl 18",1
svceq 0x208000,1
"strdeq r0, r1, [r0], -r8",1
svceq 0xc080,1
"muleq r0, r3, pc",1
svceq 0x18080,1
"strdeq r0, r1, [r0], -r2",1
svceq 0x28080,1
"andeq r1, r0, lr, asr 2",1
"cdpeq p15, 0xd, c0, c4, c1, 0",1
svceq 0x20000,1
"andeq r0, r0, r2, lsl 31",1
invalid,1
"andeq r0, r8, r0",1
"strteq r0, [r7], r6, lsl 8",1
invalid,1
"streq r0, [r0], -r0",1
"andeq fp, r6, r4, lsl 4",1
"adcseq r1, ip, r0, lsl 14",1
"strle r0, [r7], -r0",1
"stmdals r0, {r2}",1
"ldmdaeq r2!, {r0, r1, r2, r3, sb, sl, ip, sp, lr, pc} ^",1
"movwvc r0, 0x8000",1
svceq 0xd,1
"strdeq r5, r6, [r0], -r7",1
"eoreq r0, r3, r0, lsl 4",1
"andeq r7, r4, r8, lsl 30",1
"ldrbtlt r0, [ip], r0, lsl 30",1
"andeq r0, r0, 0",1
invalid,1
svceq 2,1
"strdeq fp, ip, [r0], -sp",1
"stmdaeq r3!, {sb}",1
"andeq r4, r7, r8, lsl 22",1
"ldrbtlt r0, [lr], r0, lsl 30",1
"andeq r0, r0, 0",1
"andvs r0, r8, 0x2300",1
svceq 9,1
"strdeq fp, ip, [r0], -pc",1
"eorne r0, r3, r0, lsl 4",1
"andeq r8, r3, r2, lsl sp",1
invalid,1
"strheq r0, [r0], -r6",1
"andsne r2, r4, 0x8000000",1
"andeq r0, r0, r8, asr 15",1
"strlt r0, [r1], -pc, lsl 2",1
"andeq r0, r0, 0",1
blls 0x4a4f54,1
svceq 1,1
"adcseq r0, r6, r2, lsl 2",1
"movwhs r0, 0x2000",1
"rsbseq r1, lr, 28, 4",1
"movweq r0, 0xf000",1
"andeq fp, r0, r1, lsl 12",1
"eorhs r0, r3, r0, lsl 4",1
"andeq sp, r3, r2, lsl fp",1
invalid,1
"strheq r0, [r0], -r6",1
"eorne r2, r4, 0x8000000",1
"strheq r0, [r0], -sb",1
"strlt r0, [r1], -pc, lsl 12",1
"andeq r0, r0, 0",1
"ldmdbpl r2, {r0, r1, r5, fp, sp}",1
svceq 7,1
"adcseq r0, r6, r7, lsl 2",1
"movwhs r0, 0x2000",1
"strbeq r1, [r3, -0x22c]",1
invalid,1
"andeq pc, r8, r1, lsl 30",1
"eorlo r0, r3, r0, lsl 4",1
"andeq r0, r1, r2, lsl r1",1
invalid,1
"andeq r0, r0, r5, lsl 18",1
"eorsne r2, r4, 0x8000000",1
"andeq r0, r0, sb, lsr r2",1
bpl 0x62374,1
"andeq r0, r0, 0",1
"ldrle r3, [r2, -r3, lsr 16]",1
svceq 5,1
"subseq r0, sl, r1, lsl r1",1
"movwhs r0, 0x2000",1
"sbceq r1, ip, 60, 4",1
"movwne r0, 0xf000",1
"andeq r7, r0, r1, lsl 20",1
"eormi r0, r3, r0, lsl 4",1
"andeq r8, r2, r2, lsl sl",1
"tsteq r7, r0, lsl 30",1
"andeq r0, r0, ip, lsr 32",1
"subne r2, r4, 0x8000000",1
"andeq r0, r0, ip, lsl 12",1
"mrsmi r1, apsr",1
"andeq r0, r0, 0",1
"ldmdaeq r2, {r0, r1, r5, sb, sl, lr}",1
svceq 1,1
"stmdbeq fp, {r0, r3, r4, r8}",1
"movwhs r0, 0x2000",1
"ldcne p2, c1, [sp, 0x11c]!",1
"stcne p0, c0, [0x0001ef90]",1
"andeq r1, sb, r1, lsl 22",1
"stmdami r3!, {sb}",1
"andeq sp, r2, r2, lsl r0",1
invalid,1
"andeq r0, r0, ip, lsl 1",1
"subsne r2, r0, 0x8000000",1
"muleq r0, r7, r7",1
"stmdbge r1, {r0, r1, r2, r3, r8, sb, sl, fp, sp}",1
"andeq r0, r0, 0",1
"cdpls p8, 1, c5, c2, c3, 1",1
svceq 7,1
"adceq r0, sb, r0, lsr r1",1
"movwhs r0, 0x2000",1
"rscseq r1, sb, 92, 4",1
"mrslo r0, apsr",1
"andeq sl, r0, r1, lsl 18",1
"eorvs r0, r3, r0, lsl 4",1
"andeq sl, r7, r2, lsl sp",1
"teqeq r2, r0, lsl 30",1
"andeq r0, r0, sb, lsr 1",1
"rsbne r2, r4, 0x8000000",1
"strheq r0, [r0], -r4",1
"stmdble r1, {r0, r1, r2, r3, r8, sb, ip, sp}",1
"andeq r0, r0, 0",1
"cdpeq p8, 1, c6, c2, c3, 1",1
svceq 4,1
"subseq r0, sl, r5, lsr r1",1
"movwhs r0, 0x2000",1
"ldrbeq r1, [r6, ip, ror 4]",1
"strlo r0, [0x0001f008]",1
"andeq r2, sb, r1, lsl 2",1
"eorvc r0, r3, r0, lsl 4",1
"stmdaeq r4, {r8, fp}",1
"andeq sb, r8, r5, asr r1",1
"vaddeq.f32 s1, s10, s0",1
invalid,1
"andeq r0, r0, r3, lsr r0",1
"andeq fp, pc, sl, lsl 26",1
"cdp p8, 5, c0, c12, c0, 0",1
"andeq r0, r0, r1",1
"andpl r0, r8, 24, 16",1
"strheq r0, [r0], -r6",1
"andeq ip, ip, r8, lsl 20",1
bpl 0x1521040,1
"andeq r0, r0, 0",1
"stmdaeq r8, {r0, r1, r5}",1
"stmdaeq r0, {r1, r2, r3}",1
"andeq r7, r8, sp, asr r2",1
"strteq r0, [r3], -0x200",1
svceq 0x4d0300,1
"cdppl p0, 0, c0, c8, c0, 0",1
"muleq r0, r1, r8",1
"andeq fp, r4, sb, lsl ip",1
"ldreq r0, [fp, r0, lsl 30]",1
"andeq r0, r0, r6, lsr r3",1
invalid,1
"stmdaeq r0, {r3}",1
"andeq r2, r0, sb, ror 31",1
"ldmeq pc!, {r0, r1, r2, r3, sb, sp, pc} ^",1
"movwhs r0, 0x2000",1
invalid,1
"movwge r0, 0xf000",1
"andeq r0, r0, r5, lsl 18",1
"stmdaeq r4, {r1, r8, sb, sp}",1
"muleq r0, r8, lr",1
"subseq sl, sl, pc, lsl 14",1
"movwhs r0, 0x2000",1
"streq r0, [r6], -8",1
"andeq r0, r0, r8, asr 17",1
"ldrteq r0, [r7], r6, lsl 8",1
invalid,1
blne 0x1f0b0,1
"stceq p0, c0, [r0, -0x24]",1
"muleq r0, r7, r0",1
"streq r0, [r6], -0",1
"andeq r0, r0, r1, asr 17",1
"andeq fp, r0, ip, lsl 24",1
"andeq r3, sb, r0, lsl 2",1
"addseq r0, r7, r0, lsl 26",1
"eoreq r0, r7, r0",1
"andeq pc, fp, r0, lsl lr",1
"mrseq r0, spsr",1
"andeq r0, r0, r3, lsr r0",1
"stmdbeq r3, {r1, r2, sl} ^",1
invalid,1
"andeq r0, r0, r5, lsr 32",1
"andeq r0, r0, r4, asr sb",1
"andeq sb, r0, sp, lsl 14",1
"movweq r0, 0x500",1
"andeq r1, r0, r7, asr sp",1
"subseq r2, sl, r0, lsl r4",1
"ldreq r0, [r6], -0",1
"movtne r2, 0x7a11",1
"strne r0, [0x0001f108]",1
"andhi r0, r0, r0, lsr r0",1
"andhs r0, pc, 128, 16",1
invalid,1
svchs 0xf0880,1
"andhi r0, r0, 0x30",1
invalid,1
"movwhi r0, 0x30",1
"stmdbmi pc, {r7, fp}",1
"strhi r0, [r0], -0x30",1
"strpl r0, [pc], -r0, lsl 17",1
"strhi r0, [r0, -0x30]",1
"movwvs r0, 0xf880",1
invalid,1
"strne r0, [pc, -r0, lsl 17]",1
"smladxhi r0, r0, r0, r0",1
"strhs r0, [pc], -0x880",1
"stmdahi r0, {r4, r5}",1
"smlabblo pc, r0, r8, r0",1
"stmdbhi r0, {r4, r5}",1
"cdplo p8, 0, c0, c15, c0, 4",1
bhi 0x1f21c,1
blmi 0x3e1360,1
blhi 0x1f224,1
"stmdapl pc, {r7, fp}",1
invalid,1
"strvs r0, [0x0001e8f0]",1
"stchi p0, c0, [r0, -0xc0]",1
"cdphs p8, 0, c0, c15, c0, 4",1
"mcrhi p0, 0, r0, c0, c5, 0",1
"andne r0, pc, 128, 16",1
svchi 0x31,1
bllo 0x3e1388,1
"andls r0, r0, r5, lsl r0",1
"stmdami pc, {r7, fp}",1
invalid,1
"strpl r0, [0x0001e918]",1
"andls r0, r0, 0x15",1
"andvs r0, pc, 128, 16",1
"movwls r0, 0x15",1
svcvs 0xf0880,1
"strls r0, [r0], -0x15",1
invalid,1
"strls r0, [r0, -0x15]",1
"stmdbhi pc, {r7, fp}",1
invalid,1
"cdple p8, 0, c0, c15, c0, 4",1
"smladls r0, r5, r0, r0",1
invalid,1
"stmdals r0, {r0, r2, r4}",1
blx 0x3e13d0,1
"stmdbls r0, {r0, r2, r4}",1
"andlo r0, pc, r0, lsl 17",1
bls 0x1f230,1
"strne r0, [pc], -0x880",1
blls 0x1f2a8,1
"stclo p8, c0, [0x0001efe8]",1
invalid,1
bmi 0x3e13f0,1
"stcls p0, c0, [r0, -0x54]",1
"strpl r0, [pc, -r0, lsl 17]",1
"mcrls p0, 0, r0, c0, c5, 0",1
"strvs r0, [pc], -0x880",1
svcls 0x15,1
"smlabbvc pc, r0, r8, r0",1
"andge r0, r0, r5, lsl r0",1
"cdpvc p8, 0, c0, c15, c0, 4",1
invalid,1
blhi 0x3e1418,1
"andge r0, r0, 0x15",1
"and r0, pc, r0, lsl 17",1
"movwge r0, 0x15",1
"cdp p8, 0, c0, c15, c0, 4",1
"strge r0, [r0], -0x15",1
invalid,1
"strge r0, [r0, -0x15]",1
svcvs 0xf0880,1
"strge r0, [r0], -ip, lsr 32",1
"cdphs p8, 0, c0, c15, c0, 4",1
"strge r0, [r0, -sl, lsr 32]",1
"movwge r0, 0xf880",1
"stmdage r0, {r0, r2, r3, r5}",1
"stmdals pc, {r7, fp}",1
"stmdbge r0, {r0, r2, r3, r4}",1
"str r0, [pc], -0x880",1
bge 0x1f2bc,1
"cdpvs p8, 0, c0, c15, c0, 4",1
blge 0x1f344,1
"ldrmi r0, [fp, -0x880]",1
invalid,1
"stcls p8, c0, [0x0001f070]",1
"stcge p0, c0, [r0, -0x9c]",1
"stmdbne pc, {r7, fp}",1
"mcrge p0, 0, r0, c0, c4, 1",1
invalid,1
svcge 0x40,1
bls 0x3e1488,1
"andlt r0, r0, r4, asr 32",1
"cdphi p8, 0, c0, c15, c0, 4",1
invalid,1
"smlabbpl pc, r0, r8, r0",1
"andlt r0, r0, 0x3c",1
"andhs r0, pc, r0, lsl 17",1
"movwlt r0, 0x33",1
"andne r0, pc, r0, lsl 17",1
"strlt r0, [r0], -0x30",1
"stcne p8, c0, [0x0001f0b0]",1
"strlt r0, [r0, -0x30]",1
bhs 0x3e14b8,1
invalid,1
"strlo r0, [pc, -r0, lsl 17]",1
"smladxlt r0, r0, r0, r0",1
"strmi r0, [pc], -0x880",1
"stmdalt r0, {r4, r5}",1
"smlabbpl pc, r0, r8, r0",1
"stmdblt r0, {r4, r5}",1
"cdppl p8, 0, c0, c15, c0, 4",1
blt 0x1f39c,1
invalid,1
bllt 0x1f3e8,1
"strmi r0, [pc, -r0, lsl 17]",1
invalid,1
"andpl r0, pc, 128, 16",1
"stclt p0, c0, [r0, -0x104]",1
"stcpl p8, c0, [0x0001f0f8]",1
"cdplt p0, 0, c0, c0, c1, 2",1
"stmdavs pc, {r7, fp}",1
svclt 0x41,1
"movwvc r0, 0xf880",1
"andgt r0, r0, r1, asr 32",1
"cdpvc p8, 0, c0, c15, c0, 4",1
invalid,1
"stmdbhs pc, {r7, fp}",1
"andgt r0, r0, 0x15",1
"stceq p8, c0, [0x0001f120]",1
"movwgt r0, 0x31",1
"strlo r0, [pc], -r0, lsl 17",1
"strgt r0, [r0], -0x15",1
"movwmi r0, 0xf880",1
"strgt r0, [r0, -0x15]",1
"andpl r0, pc, r0, lsl 17",1
invalid,1
"stcpl p8, c0, [0x0001f140]",1
"smladgt r0, r5, r0, r0",1
bvs 0x3e1548,1
"stmdagt r0, {r0, r2, r4}",1
"strvc r0, [pc, -r0, lsl 17]",1
"stmdbgt r0, {r0, r2, r4}",1
"strhi r0, [pc], -0x880",1
bgt 0x1f3b0,1
"stmdble pc, {r7, fp}",1
blgt 0x1f3b8,1
"str r0, [pc, -r0, lsl 17]",1
invalid,1
invalid,1
"stcgt p0, c0, [r0, -0x54]",1
invalid,1
"cdpgt p0, 0, c0, c0, c5, 1",1
"strmi r0, [pc, -r0, lsl 17]",1
svcgt 0x25,1
"andpl r0, pc, 128, 16",1
"andle r0, r0, r5, lsr 32",1
"stcpl p8, c0, [0x0001f190]",1
invalid,1
"stmdavs pc, {r7, fp}",1
"andle r0, r0, 0x25",1
"movwvc r0, 0xf880",1
"movwle r0, 0x25",1
"cdpvc p8, 0, c0, c15, c0, 4",1
"strle r0, [r0], -0x25",1
"stmdbhi pc, {r7, fp}",1
"strle r0, [r0, -0x25]",1
"strls r0, [pc], -0x880",1
"strle r0, [r0], -r5, lsr 32",1
"strlt r0, [0x0001eb40]",1
"smladle r0, r5, r0, r0",1
"smlabbgt pc, r0, r8, r0",1
"stmdale r0, {r0, r2, r4}",1
"stcgt p8, c0, [0x0001f1d0]",1
"stmdble r0, {r0, r2, r4}",1
bvs 0x3e15d8,1
ble 0x1f48c,1
"stmdbhs pc, {r7, fp}",1
blle 0x1f48c,1
"cdpls p8, 0, c0, c15, c0, 4",1
invalid,1
"movwls r0, 0xf880",1
"stcle p0, c0, [r0, -0x74]",1
svc 0xf0880,1
"mcrle p0, 0, r0, c0, c13, 0",1
"stmdbvs pc, {r7, fp}",1
svcle 0x38,1
bhi 0x3e1608,1
"and r0, r0, r2, asr 32",1
"strne r0, [pc], -0x880",1
invalid,1
"vst2.32 {d0, d1}, [pc], r0",1
"and r0, r0, 0x40",1
"strls r0, [0x0001eba0]",1
"movw r0, 0x44",1
"stmdbhi pc, {r7, fp}",1
"str r0, [r0], -0x34",1
"movwhs r0, 0xf880",1
"str r0, [r0, -0x47]",1
"movwvc r0, 0xf880",1
invalid,1
"andgt r0, pc, 128, 16",1
"str r0, [r0, -r5, lsr 32]",1
"andpl r0, pc, 128, 16",1
"stmda r0, {r0, r1, r3, r5}",1
svcge 0xf0880,1
"stmdb r0, {r3, r4, r5}",1
"andle r0, pc, 128, 16",1
b 0x1f4ac,1
"strvs r0, [pc], -r0, lsl 17",1
bl 0x1f520,1
"str r0, [pc], -r0, lsl 17",1
invalid,1
"smlabb pc, r0, r8, r0",1
"stc p0, c0, [r0, -0xd4]",1
"movwlo r0, 0xf880",1
"mcr p0, 0, r0, c0, c12, 1",1
"movwne r0, 0xf880",1
svc 0x47,1
"vsub.i8 d0, d31, d0",1
"andhi r0, r0, r8, lsr r0",1
"smlabbgt pc, r0, ip, r0",1
invalid,1
"streq r0, [pc, -r0, lsl 25]",1
"andhi r0, r0, 0x38",1
blhi 0x3e26a0,1
"movwhi r0, 0x47",1
"stmdale pc, {r7, sl, fp}",1
"strhi r0, [r0], -0x25",1
"strge r0, [0x0001e830]",1
"strhi r0, [r0, -0x1c]",1
"strhi r0, [pc, -r0, lsl 25]",1
"strhi r0, [r0], -sl, asr 32",1
"stmdals pc, {r7, sl, fp}",1
"strhi r0, [r0, -sl, asr 32]",1
"stmdbge pc, {r7, sl, fp}",1
"stmdahi r0, {r1, r3, r6}",1
"andlt r0, pc, r0, lsl 25",1
"stmdbhi r0, {r1, r3, r4}",1
"strls r0, [pc, -r0, lsl 25]",1
bhi 0x1f540,1
"stmdavc pc, {r7, sl, fp}",1
blhi 0x1f5a0,1
invalid,1
invalid,1
svcpl 0xf0c80,1
"stchi p0, c0, [r0, -0x74]",1
"stcls p12, c0, [0x0001f2f8]",1
"mcrhi p0, 0, r0, c0, c5, 1",1
"movwlo r0, 0xfc80",1
svchi 0x23,1
blhs 0x3e2708,1
"andls r0, r0, r6, lsr r0",1
invalid,1
invalid,1
"str r0, [pc, -r0, lsl 25]",1
"andls r0, r0, 0x17",1
"strhs r0, [pc, -r0, lsl 25]",1
"movwls r0, 0x49",1
"strne r0, [0x0001e8a8]",1
"andeq r0, r0, r3, lsr 32",1
"eoreq r3, r0, pc, lsl 24",1
bllt 0x3df934,1
"andeq r0, r0, 0x2b",1
"eorseq r2, r5, pc, lsl 10",1
bgt 0x3e0140,1
"streq r0, [r0], -0x2b",1
"subeq ip, r7, pc, lsl 16",1
"stmdble pc, {r8, sl}",1
"streq r0, [r0], -fp, lsr 32",1
"eoreq lr, fp, pc, lsl 16",1
"movwgt r0, 0xf700",1
"stmdaeq r0, {r0, r3, r4, r5}",1
"eoreq r0, ip, pc, lsl 6",1
"andvs r0, pc, r0, lsl 18",1
beq 0x1f64c,1
"eoreq pc, r5, pc, lsl 2",1
"strlt r0, [pc, -r0, lsl 22]",1
invalid,1
"andseq pc, lr, pc, lsl 16",1
"strhi r0, [pc], -r0, lsl 26",1
"cdpeq p0, 0, c0, c0, c8, 1",1
"eorseq ip, ip, pc, lsl 28",1
"stmdblt pc, {sb, sl, fp}",1
svceq 0x27,1
"eoreq sb, r0, pc, lsl 26",1
"andpl r1, pc, 0",1
invalid,1
"subeq lr, r3, pc",1
"strle r1, [pc], -r0, lsl 4",1
"movwne r0, 0x29",1
"eorseq pc, r2, pc, lsl 12",1
svcmi 0xf1400,1
"strne r0, [r0, -0x16]",1
"eorseq r7, r0, pc, lsl 8",1
"andeq r1, pc, r0, lsl 12",1
"strne r0, [r0, -ip, asr 32]",1
"eoreq sl, lr, pc, lsl 4",1
"andne r1, pc, r0, lsl 16",1
"stmdbne r0, {r0, r3, r6}",1
"eoreq sb, ip, pc, lsl 28",1
invalid,1
blne 0x1f6ec,1
"eoreq pc, sb, pc",1
"stcvc p12, c1, [0x0001f5dc]",1
"stcne p0, c0, [r0, -0x114]",1
"subeq r4, r5, pc, lsl 14",1
invalid,1
svcne 0x3c,1
"andseq sl, pc, pc, lsl 10",1
"andls r2, pc, 0",1
invalid,1
"andseq r7, sp, pc, lsl 24",1
"mrslo r2, r11_usr",1
"movwhs r0, 0x37",1
"andseq sp, sl, pc, lsl 18",1
"stmdavc pc, {sl, sp}",1
"strhs r0, [r0, -0x35]",1
"andseq r1, sb, pc, lsl 18",1
"movw r2, 0xf600",1
"smladxhs r0, r3, r0, r0",1
"andseq sb, r7, pc, lsl 20",1
"strge r2, [pc], -r0, lsl 16",1
"stmdbhs r0, {r0, r1, r2, r3, r5}",1
"subeq r1, fp, pc, lsl 14",1
invalid,1
blhs 0x1f6e8,1
"subeq r0, r8, pc, lsl 16",1
"stmdbvs pc, {sl, fp, sp}",1
"stchs p0, c0, [r0, -0xac]",1
"subeq r8, r6, pc, lsl 4",1
blhs 0x3eae48,1
svchs 0x29,1
"subeq r3, r4, pc, lsl 28",1
"strmi r3, [pc], -0",1
invalid,1
"eorseq sp, ip, pc, lsl 12",1
"stchi p2, c3, [0x0001f660]",1
"movwlo r0, 0x38",1
"andseq r7, ip, pc, lsl 16",1
"andhi r3, pc, 0, 8",1
"strlo r0, [r0, -0x36]",1
"andseq r5, sl, pc, lsl 14",1
"andle r3, pc, r0, lsl 12",1
"smladxlo r0, r4, r0, r0",1
"andseq r8, r8, pc, lsl 28",1
"andvs r3, pc, r0, lsl 16",1
"stmdblo r0, {r0, r1, r4, r5}",1
"andseq fp, r6, pc, lsl 14",1
invalid,1
bllo 0x1f754,1
"andseq r7, r4, pc, lsl 4",1
"stcgt p12, c3, [0x0001f69c]",1
"stclo p0, c0, [r0, -0xe0]",1
"subeq sb, r5, pc, lsl 8",1
invalid,1
svclo 0x46,1
"subeq r6, r3, pc, lsl 26",1
svceq 0xc000,1
"ldrdeq r4, r5, [r0], -r5",1
"andhi r0, pc, 0xc1",1
"andgt r0, r0, 0x22",1
blmi 0xba32c4,1
"sbceq r0, r3, r0",1
"eorseq lr, lr, pc, lsl 8",1
svceq 0xc400,1
"andeq r4, r0, lr, asr r0",1
blmi 0x3df9ec,1
"strgt r0, [r0], -sl, lsr 32",1
svcne 0x420f00,1
"sbceq r0, r7, r0",1
"subeq sb, sb, pc, lsl 6",1
svceq 0xc800,1
"andeq r1, r0, r6, asr 25",1
"stmdbge pc, {r0, r3, r6, r7}",1
bgt 0x1f81c,1
"ldmibmi pc!, {r8, sb, sl, fp}",1
"sbceq r0, fp, r0",1
"subeq sp, sb, pc, lsl 10",1
svceq 0xcc00,1
"andeq r4, r0, fp, ror 19",1
"smlabteq pc, sp, r0, r0",1
"cdpgt p0, 0, c0, c0, c10, 2",1
bmi 0x5e3318,1
"sbceq r0, pc, r0",1
"subeq r2, sl, pc, lsl 26",1
svceq 0xd000,1
"andeq r4, r0, pc, lsl r8",1
invalid,1
"andle r0, r0, 0x48",1
"stmdami sp, {r8, sb, sl, fp} ^",1
"sbcseq r0, r3, r0",1
"subeq r6, r8, pc, lsl 8",1
svceq 0xd400,1
"andeq r4, r0, fp, ror r8",1
"stcls p0, c0, [0x0001f3f4]",1
invalid,1
invalid,1
"addhi r0, r0, r0",1
bhs 0x5e3398,1
"addhi r0, r1, r0",1
blne 0xfe3633a0,1
"addhi r0, r2, r0",1
"rsbmi r0, ip, 16, 30",1
"addhi r0, r3, r0",1
"orrmi r0, sb, r0, lsl pc",1
"addhi r0, r4, r0",1
"ldcllo p15, c0, [fp, -0x40]",1
"addhi r0, r5, r0",1
"submi r0, r6, r0, lsl pc",1
"addhi r0, r6, r0",1
"cmnlo pc, r0, lsl pc",1
"addhi r0, r7, r0",1
svchs 0xef0f10,1
"addhi r0, r8, r0",1
"rschs r0, ip, r0, lsl pc",1
"addhi r0, sb, r0",1
bllo 0x233e0,1
"addhi r0, sl, r0",1
"rscsmi r0, r4, 16, 30",1
"addhi r0, fp, r0",1
"stmibne r5, {r4, r8, sb, sl, fp} ^",1
"addhi r0, ip, r0",1
"mcrne p15, 0, r0, c8, c0, 0",1
"addhi r0, sp, r0",1
"cmpmi r5, 16, 30            ; 0x10",1
"addhi r0, lr, r0",1
"ldcne p15, c0, [sp, -0x40]",1
"addhi r0, pc, r0",1
invalid,1
"addshi r0, r0, r0",1
blne 0x5a3418,1
"addshi r0, r1, r0",1
"adcsmi r0, sl, r0, lsl pc",1
"addshi r0, r2, r0",1
blo 0xfebe3428,1
"addshi r0, r3, r0",1
"mrclo p15, 1, r0, c9, c0, 0",1
"addshi r0, r4, r0",1
"stchs p15, c0, [r0], -0x40",1
"addshi r0, r5, r0",1
svclo 0xd60f10,1
"addshi r0, r6, r0",1
"ldmmi r0, {r4, r8, sb, sl, fp} ^",1
"addshi r0, r7, r0",1
"smmlalo r7, r0, pc, r0",1
"addshi r0, r8, r0",1
"strmi r0, [pc], -0xf10",1
"addshi r0, sb, r0",1
invalid,1
"addshi r0, sl, r0",1
"strtlo r0, [r3], -0xf10",1
"addshi r0, fp, r0",1
invalid,1
"addshi r0, ip, r0",1
bhs 0xfede3478,1
"addshi r0, sp, r0",1
invalid,1
"addshi r0, lr, r0",1
invalid,1
"addshi r0, pc, r0",1
"teqlo pc, r0, lsl pc",1
"adchi r0, r0, r0",1
"addslo r0, r2, 16, 30",1
"adchi r0, r1, r0",1
invalid,1
"adchi r0, r2, r0",1
svcne 0xdf0f10,1
"adchi r0, r3, r0",1
"ldrths r0, [r2], -0xf10",1
"adchi r0, r4, r0",1
blmi 0x17a34b8,1
"adchi r0, r5, r0",1
"eorslo r0, sp, 16, 30",1
"adchi r0, r6, r0",1
"mcrne p15, 6, r0, c9, c0, 0",1
"adchi r0, r7, r0",1
"ldrblo r0, [r0, 0xf10]!",1
"adchi r0, r8, r0",1
"stclo p15, c0, [r7, -0x40]!",1
"adchi r0, sb, r0",1
"sbcshs r0, r8, 16, 30",1
"adchi r0, sl, r0",1
"mcrrhs p15, 1, r0, ip, c0",1
"adchi r0, fp, r0",1
svcne 0x790f10,1
"adchi r0, ip, r0",1
invalid,1
"adchi r0, sp, r0",1
"ldclhs p15, c0, [sp, 0x40]!",1
"adchi r0, lr, r0",1
invalid,1
"addhi r0, r0, r0",1
"ldchs p15, c0, [r2], -0x10",1
"addhi r0, r0, r0",1
"adcslo r0, r7, r4, lsl 30",1
"addhi r0, r1, r0",1
"stmne r6, {r2, r8, sb, sl, fp}",1
"addhi r0, r1, r0",1
"stmdbne r8, {r2, r8, sb, sl, fp}",1
"addhi r0, r2, r0",1
bne 0x6e3500,1
"addhi r0, r3, r0",1
"strtmi r0, [r6], 0xf04",1
"addhi r0, r4, r0",1
"stcllo p15, c0, [r2], {4}",1
"addhi r0, r5, r0",1
"strbmi r0, [r3, -r4, lsl 30]!",1
"addhi r0, r6, r0",1
"strtlo r0, [r1], -r4, lsl 30",1
"addhi r0, r0, r0",1
"ldrtmi r0, [r5], -0xf14",1
"addhi r0, r1, r0",1
invalid,1
"addhi r0, r2, r0",1
"uhadd16lo r0, r4, r4",1
"addhi r0, r3, r0",1
blmi 0x1fe3580,1
"addhi r0, r4, r0",1
"stclo p15, c0, [lr], 0x50",1
"addhi r0, r5, r0",1
svclo 0x100f14,1
"addhi r0, r0, r0",1
"movwmi r0, 0x4f1c",1
"addhi r0, r1, r0",1
svchs 0x110f1c,1
"addhi r0, r2, r0",1
invalid,1
"addhi r0, r3, r0",1
"ldmdahs sl, {r2, r3, r4, r8, sb, sl, fp} ^",1
"addhi r0, r0, r0",1
"strbhs r0, [r1], r0, lsr 30",1
"addhi r0, r1, r0",1
"ldclmi p15, c0, [sl], -0x80",1
"addhi r0, r2, r0",1
blne 0xff6635f8,1
"addhi r0, r3, r0",1
"strhs r0, [r5], r0, lsr 30",1
"addhi r0, r4, r0",1
"stcmi p15, c0, [fp], {0x20}",1
"addhi r0, r5, r0",1
"ldmdbne r0, {r5, r8, sb, sl, fp} ^",1
"addhi r0, r6, r0",1
"sbcsmi r0, r1, 32, 30",1
"addhi r0, r7, r0",1
"strbmi r0, [r2, -r0, lsr 30]",1
"addhi r0, r0, r0",1
blne 0xfeb23638,1
"addhi r0, r1, r0",1
"cmnlo r7, 36, 30            ; 0x24",1
"addhi r0, r2, r0",1
"ldmhs sl, {r2, r5, r8, sb, sl, fp} ^",1
"addhi r0, r3, r0",1
"ldmhs r2!, {r2, r5, r8, sb, sl, fp} ^",1
"addhi r0, r4, r0",1
"ldrbths r0, [r4], -0xf24",1
"addhi r0, r5, r0",1
"stmdbmi ip!, {r2, r5, r8, sb, sl, fp} ^",1
"addhi r0, r6, r0",1
invalid,1
"addhi r0, r7, r0",1
"rscshs r0, pc, 36, 30",1
"addhi r0, r8, r0",1
"cdplo p15, 5, c0, c6, c4, 1",1
"addhi r0, sb, r0",1
"ldrlo r0, [sp, r4, lsr 30]",1
"addhi r0, sl, r0",1
"ldmibne r6, {r2, r5, r8, sb, sl, fp} ^",1
"addhi r0, fp, r0",1
svcne 0x220f24,1
"addhi r0, ip, r0",1
"stclne p15, c0, [r5], -0x90",1
"addhi r0, sp, r0",1
"ldmne r0, {r2, r5, r8, sb, sl, fp} ^",1
"addhi r0, r0, r0",1
"adcmi r0, r0, r8, lsr 30",1
"addhi r0, r1, r0",1
"strbmi r0, [r7, 0xf28]",1
"addhi r0, r2, r0",1
"stmdbhs r2, {r3, r5, r8, sb, sl, fp} ^",1
"addhi r0, r3, r0",1
"ldclo p15, c0, [r8, 0xa0]!",1
"addhi r0, r4, r0",1
invalid,1
"addhi r0, r5, r0",1
"eorsmi r0, sp, 40, 30",1
"addhi r0, r0, r0",1
"ldmne r8!, {r2, r3, r5, r8, sb, sl, fp}",1
"addhi r0, r1, r0",1
bllo 0xff623700,1
"addhi r0, r2, r0",1
blo 0x223708,1
"addhi r0, r0, r0",1
svclo 0x4b0f30,1
"addhi r0, r1, r0",1
blne 0x1363728,1
"addhi r0, r2, r0",1
"ldrtlo r0, [r5], 0xf30",1
"addhi r0, r3, r0",1
"sasxne r0, r6, r0",1
"addhi r0, r4, r0",1
"ldrmi r0, [r0, 0xf30]!",1
"addhi r0, r5, r0",1
"mcrhs p15, 4, r0, c11, c0, 1",1
"addhi r0, r6, r0",1
"ldchs p15, c0, [r5, 0xc0]!",1
"addhi r0, r7, r0",1
blmi 0xff423758,1
"addhi r0, r8, r0",1
bmi 0x12e3760,1
"addhi r0, sb, r0",1
"ldclne p15, c0, [r8], 0xc0",1
"addhi r0, sl, r0",1
bllo 0xfe9e3770,1
"addhi r0, fp, r0",1
svcne 0xbc0f30,1
"addhi r0, ip, r0",1
"ldclo p15, c0, [fp, 0xc0]",1
"addhi r0, sp, r0",1
svchs 0x4a0f30,1
"addhi r0, lr, r0",1
"mrrcmi p15, 3, r0, r4, c0",1
"addhi r0, pc, r0",1
"biclo r0, r3, r0, lsr pc",1
"addshi r0, r0, r0",1
invalid,1
"addshi r0, r1, r0",1
invalid,1
invalid,1
"eorseq r0, r3, r2, ror 2",1
svcmi 0x30000,1
"stmdaeq r0, {r0, r1, r2, r3}",1
"andeq fp, r8, sl, ror 12",1
"ldmiblo r2, {r8, sb} ^",1
"ldrlo r0, [r2], -0",1
"andeq r0, r0, sl, lsr r0",1
invalid,1
svcmi 0x170000,1
"movweq r0, 0",1
"strheq r3, [r0], -pc",1
"eorseq r8, r3, r3, lsl r0",1
invalid,1
invalid,1
"muleq r2, r8, sb",1
bhs 0xffb6072c,1
"strlt r0, [r1], -0",1
"andeq r0, r0, r4, lsl r2",1
"andseq sb, pc, r3, lsl 14",1
blo 0xfee1ff3c,1
"movweq r0, 0",1
"strheq r4, [r0], -pc",1
invalid,1
"strls r0, [ip, -0]",1
bllt 0x1fb9c,1
"stceq p0, c0, [r0, -0x4c]",1
"muleq r0, r7, r0",1
"strhi r0, [r3], -7",1
invalid,1
"ldrsbeq ip, [r3], -lr",1
"strls r0, [r4, -0x600]",1
"movweq r0, 0x13",1
"andeq r2, r0, ip, ror 13",1
"bicsne sp, r7, 1, 30",1
"streq r0, [r6], -0",1
"ldrdeq r1, r2, [r0], -sp",1
"andseq sb, r3, r7, lsl r5",1
invalid,1
"andseq r2, r4, sp, ror 23",1
"cdpne p15, 0xb, c0, c1, c0, 0",1
svceq 0x50000,1
"andeq r1, r0, r5, asr 23",1
"cdpne p15, 0xe, c0, c3, c6, 0",1
svceq 0x90000,1
"muleq r0, sp, r8",1
bllo 0x18237cc,1
svceq 0x100000,1
"andeq r2, r0, r0, lsl 16",1
"sbcmi r0, r7, 32, 30",1
"sbceq r0, r0, r0",1
"subeq r1, r0, pc, lsl 10",1
svceq 0x18000,1
"andeq r2, r0, sb, lsl 26",1
"streq r0, [0x0001f944]",1
"andhi r0, r0, sp, lsr 32",1
invalid,1
invalid,1
"ldrsheq lr, [r3], -r8",1
invalid,1
"ldrsheq r6, [r4], -sl",1
"strmi r0, [r4, r0, lsl 16]!",1
invalid,1
"andeq r1, r0, pc, ror r3",1
"stmdaeq r0, {r1, r8, sb, sp}",1
"andeq r2, r0, sl, ror sl",1
"cmnne pc, 1, 26",1
"movwhs r0, 0x2000",1
"addsmi r0, sl, r4, lsl 16",1
"cdp2 p0, 0, c0, c1, c0, 0",1
"andeq r1, r0, sb, ror 8",1
"andeq r2, r8, r2, lsl 6",1
"cmnne pc, 0x6000000",1
"mrsmi r0, apsr",1
invalid,1
"ldrsheq r3, [r4], -pc",1
invalid,1
"ldrbne r0, [r0, -0x102]",1
"cdpvc p0, 0, c0, c15, c0, 0",1
"andeq r0, r0, sl, lsl r0",1
"eorseq r5, r3, pc, lsl 12",1
"strvc r0, [pc], -r0, lsl 2",1
"andeq r0, r0, 0x2c",1
"eorseq r7, r7, pc, lsl 16",1
"stc2 p3, c0, [0x0001fc3c]",1
"streq r0, [r0], -0x2f",1
"eorseq sb, r7, pc, lsl 6",1
"andpl r0, pc, r0, lsl 10",1
invalid,1
"andseq lr, r6, pc, lsl 24",1
"stmdbvc pc, {r8, sb, sl}",1
"stmdaeq r0, {r0, r1, r2, r4}",1
"eoreq sp, r0, pc, lsl 24",1
"stcvc p9, c0, [0x0001fc60]",1
beq 0x1fce4,1
"subeq ip, sl, pc, lsl 4",1
"vmlage.f64 d0, d15, d0",1
invalid,1
"eorseq r0, r0, pc, lsl 18",1
"str r1, [0x0001fc78]",1
invalid,1
"eorseq r6, r1, pc, lsl 4",1
beq 0x3e4484,1
"movwne r0, 0x29",1
"eoreq ip, r8, pc, lsl 20",1
"strmi r1, [pc], -r0, lsl 8",1
"strne r0, [r0, -0x1a]",1
"subeq sb, fp, pc, lsl 26",1
blo 0x3e549c,1
"strne r0, [r0, -sb, asr 32]",1
"eorseq sp, sb, pc, lsl 22",1
"strls r1, [0x0001f4a8]",1
"stmdbne r0, {r0, r1, r3, r4, r5}",1
"andseq r0, fp, pc, lsl 8",1
blge 0x3e64b4,1
blne 0x1fd58,1
"eoreq r1, r8, pc, lsl 6",1
"streq r1, [0x0001f0c0]",1
"stcne p0, c0, [r0, -0x98]",1
"eorseq r0, lr, pc, lsl 30",1
"andvs r1, pc, r0, lsl 28",1
svcne 0x24,1
"eorseq fp, r3, pc, lsl 30",1
"mrseq r2, apsr",1
invalid,1
"eorseq sb, ip, pc, lsl 12",1
"movw r2, 0xf200",1
"movwhs r0, 0x1d",1
"eorseq r6, pc, pc, lsl 28",1
"andne r2, r0, r0, lsl 8",1
"andeq r4, r0, r7, lsr 5",1
bvc 0x6c4fc,1
"strne r0, [r0, -0x14]",1
"teqeq r5, r8, lsr 2",1
"strdeq r1, r2, [r0], -pc",1
"andseq r6, fp, r2, lsl ip",1
"teqeq r8, r0, lsl 2",1
"strdeq r1, r2, [r0], -pc",1
"andne r2, r0, 0x8000000",1
"andeq r2, r0, r8, ror 9",1
invalid,1
"andeq r0, r0, 0x15",1
svcvs 0x120423,1
invalid,1
"ldrbne r0, [0x0001fe76]!    ; [0x1fe76:4]=51",1
"movwhs r0, 0x2000",1
"ldmdbhs lr, {r3, sb, ip}",1
"cdpmi p0, 0, c0, c1, c0, 0",1
"andseq r0, r6, r1, lsl 10",1
"stceq p2, c0, [r3], -0",1
"andseq ip, sl, r3, lsl pc",1
"cmpeq r1, r0, lsl 2",1
"andeq r0, r0, r3, lsr r0",1
"andseq r0, pc, 4, 2",1
blx 0x4a3de0,1
invalid,1
"cmnne pc, 84, 2             ; 0x54",1
"movwhs r0, 0x2000",1
"adcslo r1, r6, 20, 4",1
"strpl r0, [r1, -r0]",1
"andseq r7, r3, r1, lsl 30",1
"stmdane r3!, {sb}",1
"eorseq fp, r3, r2, lsl r0",1
"cmpeq sl, r0, lsl 2",1
"andeq r1, r0, pc, ror r3",1
"andsne r2, ip, 0x8000000",1
"andeq r1, r0, sl, lsr pc",1
svcvc 0x15d01,1
"andeq r0, r0, 0x13",1
"ldcls p0, c2, [r2, -0x8c]",1
invalid,1
"cmnne pc, 96, 2             ; 0x60",1
"movwhs r0, 0x2000",1
"streq r0, [r6], -0x24",1
"andeq r0, r0, r1, lsr sb",1
"cmpne lr, 0x6000000",1
"cdpmi p0, 1, c0, c0, c0, 0",1
invalid,1
"ldrbne r0, [ip, -0x161]",1
"ldreq r0, [sp], -0",1
blpl 0x795c0,1
"mcrne p0, 0, r0, c0, c6, 0",1
"stmdavs r1, {r0, r1, r5, r6}",1
"andeq r2, r0, r1, lsl 10",1
"rsclo r1, pc, r0, lsl 30",1
invalid,1
"andseq fp, r3, r1, lsl 22",1
"ldclo p15, c1, [r0, -0]",1
blvs 0x5fddc,1
"andseq r5, r6, r1, lsl 22",1
"strbtvs r1, [sb], -0xe00",1
"stcvs p0, c0, [r1, -0x1e0]",1
"andseq r7, r3, r1, lsl 30",1
svclo 0xc51f00,1
"cdpvs p0, 0, c0, c1, c0, 0",1
"andseq r2, r4, r1, lsl 22",1
"streq r0, [r6], -0",1
"andeq r1, r0, fp, lsl 12",1
"strvs r0, [r1], -0x815",1
"andseq pc, r6, r1, lsl 16",1
"rsbvc r1, pc, r0, lsl 8",1
svcvs 0x10072,1
"andseq r1, r6, r1, lsl 14",1
"eoreq r0, r3, r0, lsl 4",1
"subeq r1, pc, r3, lsl r4",1
"cmneq r1, r0, lsl 2",1
"andeq r1, r0, r0, asr r5",1
"andseq r0, r8, 4, 16",1
"ldr r0, [r3], -0x423",1
invalid,1
"eorseq r0, r3, r5, ror r1",1
beq 0x11fe38,1
"strteq r0, [r3], -0x20e",1
"subeq r2, r1, r3, lsl r7",1
"cmneq r6, r0, lsl 2",1
"andeq r0, r0, r3, lsr r0",1
"andeq r0, sp, 4, 2",1
"ldcls p4, c0, [r3, -0x8c]",1
invalid,1
"eorseq r0, r3, r7, ror r1",1
invalid,1
"strteq r0, [r3], -0x20c",1
"andseq fp, sb, r3, lsl r1",1
"cmneq sb, r0, lsl 2",1
"andeq r0, r0, r3, lsr r0",1
"andeq r0, fp, 4, 2",1
blle 0x4e0f00,1
invalid,1
"eorseq r0, r3, ip, ror r1",1
invalid,1
"strteq r0, [r3], -0x20a",1
"subeq fp, fp, r3, lsl r3",1
"cmneq lr, r0, lsl 2",1
"andeq r0, r0, r3, lsr r0",1
"andeq r0, sb, 4, 2",1
"andne r0, r0, r3, lsr 8",1
"andeq r4, r0, sp, lsr r3",1
invalid,1
invalid,1
"andeq r3, r0, r4, lsr 7",1
"orreq r0, r3, r4, asr r1",1
"andeq r1, r0, sb, lsl 17",1
"subeq pc, r1, r2, lsl r2",1
"orreq r0, r7, r0, lsl 2",1
"andeq r1, r0, sb, lsl 17",1
"strne r2, [r0], -0x302",1
"rsbseq r6, r3, sp, ror 4",1
"andlt r8, r1, 0x400",1
"andeq r0, r0, 5",1
"ldrvc r0, [r4, -r3, lsr 8]",1
invalid,1
"ldmne r4, {r1, r2, r3, r7, r8}",1
"movwhs r0, 0x2000",1
"strlo r1, [fp, r8, lsl 4]",1
svchi 0x10000,1
"andseq r6, r4, r1, lsl 18",1
"stceq p2, c0, [r3], -0",1
"eoreq r6, lr, r2, lsl r6",1
"orrseq r0, r0, r0, lsl 2",1
"andeq r1, r0, r3, asr r3",1
"andsne r2, r0, 0x8000000",1
"andeq r4, r0, r3, ror 8",1
svcvc 0x19401,1
"andeq r0, r0, 0x13",1
blx 0x4a5f98,1
invalid,1
"cmnne pc, 0x80000025",1
"movwhs r0, 0x2000",1
bne 0xe2478c,1
invalid,1
"andseq r7, r3, r1, lsl 30",1
"eorhs r0, r3, r0, lsl 4",1
"eoreq sb, r3, r2, lsl sb",1
"orrseq r0, sl, r0, lsl 2",1
"andeq r1, r0, pc, ror r3",1
"eorne r2, r4, 0x8000000",1
"andeq r3, r0, lr, lsr r5",1
svcvc 0x19c01,1
"andeq r0, r0, 0x13",1
"cdplo p8, 1, c2, c2, c3, 1",1
invalid,1
"cmnne pc, 0x80000027",1
"movwhs r0, 0x2000",1
"strbvs r1, [ip, -0x42c]!",1
"andge r0, r1, lr, rrx",1
"andseq r7, r3, r1, lsl 30",1
"eorlo r0, r3, r0, lsl 4",1
"andseq sb, sl, r2, lsl r2",1
invalid,1
"andeq r1, r0, pc, ror r3",1
"eorsne r2, r4, 0x8000000",1
"muleq r0, r6, sl",1
svcvc 0x1a601,1
"andeq r0, r0, 0x13",1
"ldrvc r3, [r2], -r3, lsr 16",1
invalid,1
"eorseq r0, r3, fp, lsr 3",1
"movwhs r0, 0x2000",1
"eormi r1, r3, 60, 4",1
"stcge p0, c0, [r1, -0]",1
"andeq fp, r5, r1, lsl 4",1
"eormi r0, r3, r0, lsl 4",1
"subeq fp, fp, r2, lsl r3",1
invalid,1
"andeq r1, r0, ip, asr 7",1
"subne r2, r4, 0x8000000",1
"strheq r3, [r0], -pc",1
"strhs fp, [r1, -0x101]",1
"andeq r0, r0, 0",1
bmi 0x4b204c,1
invalid,1
invalid,1
"movwhs r0, 0x2000",1
svclo 0xa81249,1
"movwlt r0, 0x1000",1
"andeq r2, r0, r1, lsl 10",1
bmi 0x8e07dc,1
"eorseq r5, r2, r2, lsl sb",1
invalid,1
"andeq r0, r0, r5, lsr 32",1
"subne r2, fp, 0x8000000",1
"andeq r2, r0, r1, lsl 10",1
"strhs fp, [r1, -0x501]",1
"andeq r0, r0, 0",1
"ldrne r4, [r2], -0xc23",1
invalid,1
invalid,1
"movwhs r0, 0x2000",1
blmi 0x264940,1
"strlt r0, [r1, -r0]",1
"andeq r2, r0, r1, lsl 10",1
"cdpmi p2, 2, c0, c3, c0, 0",1
"andeq sl, sp, r2, lsl lr",1
invalid,1
"andeq r0, r0, sl, asr r0",1
"subseq r2, r0, r2, lsl 6",1
"stmne pc, {r1, r2, sl}",1
"ldrhs r0, [r7, -0]",1
"streq r0, [r0], -r0",1
"andseq r4, r3, r4, lsl 14",1
invalid,1
blt 0x60040,1
"andseq r0, r7, r1, lsl 8",1
"ldrbteq r1, [r3], r0",1
"cdplt p0, 0, c0, c1, c0, 0",1
"andeq sl, r3, r1, lsl 24",1
"ldmibhs r6!, {r8, ip}",1
invalid,1
"stmdbne sb!, {r3, sb}",1
invalid,1
invalid,1
"stmdbne sb!, {r1, r3, sb}",1
"movwhs r0, 0x2000",1
"stmdane r7, {sb, ip} ^",1
bleq 0x60074,1
"andseq r2, sb, r2, lsl 18",1
"strteq r0, [r3], -0x200",1
"andseq r4, r2, r2, lsl r2",1
"andeq r0, ip, 0, 2",1
"andeq r1, r0, sb, lsr 18",1
"andne r2, r8, 0x8000000",1
"andeq r2, r0, r4, lsr lr",1
"stmdbhs r2, {r0, r8, sl, fp}",1
"andeq r0, r0, 0x19",1
b 0x4a3128,1
invalid,1
"stmdbne sb!, {r1, r2, r3, sb}",1
"movwhs r0, 0x2000",1
"stcllo p2, c1, [r5, 0x40]!",1
"andne r0, r1, r0",1
"andseq pc, r6, r2, lsl 16",1
"strtne r0, [r3], -0x200",1
"subeq r3, r5, r2, lsl lr",1
"andseq r0, r4, 0, 2",1
"andeq r1, r0, pc, ror r3",1
"andseq r2, ip, r2, lsl 6",1
"ldmne r2!, {r1, r2, sl}",1
"ldrlt r0, [r0], -r0",1
invalid,1
"ldmne r2!, {r1, r2, r4, sb}",1
"strtge r0, [r0], -0",1
"str r0, [r0], -0x25",1
"andseq r0, fp, 0xc0000000",1
"andeq r1, r0, r8, ror 18",1
"eoreq lr, pc, r2, lsl sl",1
"andseq r0, sp, 0, 2",1
"andeq r1, r0, r8, ror 18",1
"andne r2, r0, 0x8000000",1
"andeq r2, r0, ip, asr 1",1
"cdpvs p14, 0, c1, c2, c1, 0",1
"andeq r0, r0, 0x19",1
"streq r0, [r0], -r3, lsr 8",1
"andseq r3, sb, r4, lsl 22",1
"stmdbne pc!, {sl, fp}",1
invalid,1
"strls r0, [sp, -r0]",1
"cdpne p0, 0, c0, c0, c0, 0",1
"strhs r1, [r4, 0]!",1
"andhs r0, r1, r0",1
"andseq r3, sb, r2, lsl 22",1
"bicsmi r1, r2, 0, 2",1
"teqeq r8, r0",1
bne 0x16e0a2c,1
svchs 0x120000,1
invalid,1
"orrne r0, sl, 64, 4",1
"movwhs r0, 0x2000",1
invalid,1
"mrsmi r0, apsr",1
"andseq r6, r4, r2, lsl 30",1
"strteq r0, [r3], -0x200",1
"andseq pc, sp, r2, lsl sl",1
"subeq r0, r2, 0, 2",1
"andeq r1, r0, pc, ror 8",1
"andsne r2, r0, 0x8000000",1
"andeq r2, r0, r2, lsr 19",1
svcvs 0x24301,1
"andeq r0, r0, 0x14",1
"andseq r1, r2, 0x2300",1
invalid,1
bne 0x16e0a8c,1
"movwhs r0, 0x2000",1
"strths r1, [sb], r8, lsr 4",1
"strmi r0, [r1, -0]",1
"andseq r6, sl, r2, lsl 2",1
"stchs p2, c0, [r3], -0",1
"eoreq fp, lr, r2, lsl lr",1
"subeq r0, r5, 0, 2",1
"andeq r1, r0, r1, ror 20",1
"teqne r0, 0x8000000",1
"strdeq r3, r4, [r0], -fp",1
"movwlo r4, 0x2601",1
"streq r0, [r0], -0",1
"movwhs r1, 0x2c04",1
"ldrbtlo r1, [r7], 0x334",1
"strmi r0, [r1, -r0]",1
"andeq r3, r0, r2, lsl 6",1
blne 0x611c0,1
"teqne r4, 0x8000000",1
"strheq r1, [r0], -r1",1
"movwlo r4, 0x2b01",1
"streq r0, [r0], -0",1
"movwhs r1, 0x2a01",1
invalid,1
"stcmi p0, c0, [r1, -0]",1
"andeq r3, r0, r2, lsl 6",1
"stmdbne r1, {sl}",1
"teqne r4, 0x8000000",1
"andeq r2, r0, r0, ror 15",1
"movwlo r4, 0x2e01",1
"streq r0, [r0], -0",1
"movwhs r1, 0x2801",1
"streq r0, [r6], -0x34",1
"andeq r1, r0, pc, ror 8",1
bne 0x19e121c,1
"streq r0, [r6], -0",1
"andeq r1, r0, sl, lsl 19",1
"subeq sp, r3, r0, lsl r2",1
"subseq r0, r0, 0, 2",1
"andeq r1, r0, sl, lsl 19",1
"eoreq r8, sp, r1, lsl sb",1
"andpl r0, r1, 0, 24",1
"andseq fp, sl, r2, lsl 8",1
"strbvc r1, [lr, -0x400]!",1
"strpl r0, [r1], -0x6d",1
"andseq r7, r3, r2, lsl 30",1
"eoreq r0, r3, r0, lsl 4",1
"subeq sl, r7, r2, lsl r4",1
"subseq r0, r5, 0, 2",1
"andeq r1, r0, pc, ror r3",1
"andne r2, r4, 0x8000000",1
"andeq r3, r0, r7, lsr 16",1
"strlt r5, [r2], -0x601",1
"andeq r0, r0, 0x1a",1
"streq r0, [r0], -r3, lsr 16",1
"andseq fp, sl, r4, lsl 20",1
"stcvs p6, c0, [r4, -0]",1
"strne r0, [r0, -0x1a]",1
"subseq r0, fp, 12, 2",1
"strdeq r1, r2, [r0], -r7",1
"subeq sb, fp, r2, lsl r4",1
"subseq r0, sp, 0, 2",1
"andeq r1, r0, pc, ror r3",1
"andne r2, r0, 0x8000000",1
"andeq r4, r0, r4, lsr 15",1
svcvc 0x25e01,1
"andeq r0, r0, 0x13",1
"ldrhs r0, [r2, -r3, lsr 8]",1
invalid,1
bne 0xfed20c0c,1
"movwhs r0, 0x2000",1
"cdpvs p0, 1, c0, c0, c8, 0",1
invalid,1
bne 0xff020c20,1
"ldrne r0, [r5], -0",1
blo 0xb92ac,1
"andne r0, r0, 0x1b",1
"andeq r3, r0, r3, lsl 20",1
svcvc 0x26601,1
"andeq r0, r0, 0x13",1
svcvc 0x120023,1
invalid,1
"cmnne pc, 0x70000006",1
"movwhs r0, 0x2000",1
"stclmi p2, c1, [r4], 0x10",1
invalid,1
"andseq pc, sl, r2, lsl 14",1
"stmdaeq r3!, {sb}",1
"ldrtlo r1, [r7], r0",1
invalid,1
"andseq r0, fp, r2, lsl 6",1
"tsteq r8, r0, lsl 10",1
blne 0xfeaa0ca8,1
svcvc 0x120000,1
invalid,1
"cmnne pc, 0x10000007",1
"movwhs r0, 0x2000",1
blo 0xe4b00,1
"andvc r0, r1, 0",1
"andseq r7, r3, r2, lsl 30",1
"strteq r0, [r3], -0x200",1
"subeq lr, ip, r2, lsl r4",1
"rsbseq r0, r3, 0, 2",1
"andeq r1, r0, sl, lsr 23",1
"andne r2, r8, 0x8000000",1
"andeq r1, r0, r0, ror 28",1
svcvc 0x27401,1
"andeq r0, r0, 0x13",1
"ldrgt r0, [r2, -r3, lsr 24]",1
invalid,1
"cmnne pc, 0x50000007",1
"movwhs r0, 0x2000",1
"mcrne p2, 3, r1, c1, c0, 0",1
"strvc r0, [r1], -r0",1
"andseq fp, fp, r2",1
"strtne r0, [r3], -0x200",1
invalid,1
invalid,1
"andseq fp, fp, r4, lsl 12",1
blo 0x121b58,1
"andne r0, r0, fp, lsl r0",1
"strdeq r4, r5, [r0], -r5",1
"strmi r7, [r2], -r1, lsl 14",1
invalid,1
"andeq r3, r0, r4, lsr pc",1
"rsbseq r0, sb, 20, 2",1
"andeq r1, r0, pc, lsr ip",1
"eorseq r0, sl, r2, lsl r3",1
"rsbseq r0, fp, 0, 2",1
"andeq r1, r0, pc, ror r3",1
"andne r2, r0, 0x8000000",1
"andeq r3, r0, pc, ror r8",1
svcvc 0x27c01,1
"andeq r0, r0, 0x13",1
"ldcpl p4, c0, [r2, -0x8c]",1
invalid,1
"cmnne pc, 0xd0000007",1
"movwhs r0, 0x2000",1
"ldrtmi r1, [sl], -r8, lsl 4",1
"cdpvc p0, 0, c0, c1, c0, 0",1
"andseq r7, r3, r2, lsl 30",1
"stceq p2, c0, [r3], -0",1
"eoreq r8, sp, r2, lsl r4",1
"rsbseq r0, pc, 0, 2",1
"strheq r0, [r0], -ip",1
"andsne r2, r0, 0x8000000",1
"andeq r2, r0, r6, ror r7",1
invalid,1
"andeq r0, r0, 0",1
"ldrne r1, [r2, -r3, lsr 2]",1
invalid,1
"eoreq r0, ip, r1, lsl 5",1
"movwhs r0, 0x2000",1
"ldmdahi r5, {r1, r4}",1
"stcne p4, c8, [r2, -4]",1
"andne r0, r0, 0x1d",1
"andeq r3, r0, ip, ror 8",1
bls 0xc1ff4,1
"andeq r0, r0, 0x18",1
"ldrvs r0, [r4], -0x23",1
invalid,1
"ldcne p2, c0, [sp, -0x224]",1
"movwhs r0, 0x2000",1
invalid,1
"cdphi p0, 0, c0, c1, c0, 0",1
"andeq r5, r0, r2, lsl 20",1
"stmdapl r3!, {sb}",1
"eoreq sp, r0, r2, lsl r1",1
"addseq r0, r0, 0, 2",1
"andeq r1, r0, pc, ror r3",1
"subsne r2, ip, 0x8000000",1
"andeq r1, r0, sl, ror 17",1
svcvc 0x29101,1
"andeq r0, r0, 0x13",1
blls 0x4b84c0,1
invalid,1
bne 0xfed20e88,1
"movwhs r0, 0x2000",1
bhs 0xfe024dd4,1
"strls r0, [r1], -0",1
"andseq r7, r3, r2, lsl 30",1
"stmdavs r3!, {sb}",1
"andseq sp, sp, r2, lsl r7",1
"addseq r0, r6, 0, 2",1
"andeq r1, r0, pc, ror r3",1
"rsbne r2, ip, 0x8000000",1
"strheq r3, [r0], -r7",1
svcvc 0x29701,1
"andeq r0, r0, 0x13",1
"ldmdalt r2, {r0, r1, r5, ip, sp, lr}",1
invalid,1
"stcne p2, c0, [sp, -0x260]!",1
"movwhs r0, 0x2000",1
invalid,1
invalid,1
"andeq r5, r0, r2, lsl 20",1
"stmdavc r3!, {sb}",1
"eoreq fp, pc, r2, lsl sp",1
"addseq r0, sl, 0, 2",1
"andeq r1, r0, pc, ror r3",1
"rsbsne r2, ip, 0x8000000",1
"andeq r2, r0, r7, lsl 22",1
svcvc 0x29b01,1
"movweq r0, 0x13",1
"andne r8, r1, 0x23",1
"andeq r2, r0, r8, lsl 22",1
"movwlo sb, 0x2c01",1
"movweq r0, 0x1d",1
"andeq r8, r1, r3, lsr 8",1
"andseq r2, sp, r7, lsl r2",1
"stmdahs r4, {sb, sl}",1
"smladne r0, sp, r0, r0",1
"andeq r1, r0, r6, lsr 17",1
blne 0xff2214e8,1
"streq r0, [r6], -0",1
"andeq r1, r0, sb, lsr sp",1
blne 0xfef214f4,1
"ldc p0, c0, [r0, -0]",1
invalid,1
"ldcne p2, c0, [pc], -0x274",1
invalid,1
"andge sb, r2, r1, lsl 30",1
"andne r0, r0, 0x1d",1
"andeq r1, r0, sb, lsr 13",1
"strlt sl, [r2], -0x101",1
"andeq r0, r0, 0x1a",1
"ldrvs r0, [r2, -0x23]",1
invalid,1
bne 0xfed20f94,1
"movwhs r0, 0x2000",1
"stmne sl!, {r2, sb, ip} ^",1
"movwge r0, 0x1000",1
"andseq r7, r3, r2, lsl 30",1
"stmdaeq r3!, {sb}",1
"eoreq sl, fp, r2, lsl lr",1
"adceq r0, r4, 0, 2",1
"andeq r1, r0, pc, ror r3",1
"andne r2, ip, 0x8000000",1
"andeq r4, r0, r6, lsr r2",1
svcvs 0x2a501,1
"andeq r0, r0, 0x14",1
"andne r1, r0, r3, lsr 32",1
"andeq r2, r0, fp, lsr r6",1
blmi 0xc9d4c,1
invalid,1
"andeq r3, r0, r1, asr 5",1
"adceq r0, r8, 24, 2",1
"strdeq r1, r2, [r0], -r6",1
"stmdavc r4!, {r2, r4, r8, fp, sp, lr} ^",1
"adceq r0, sl, 0, 2",1
"andeq r1, r0, pc, ror r3",1
"andne r2, r0, 0x8000000",1
"andeq r3, r0, r3, lsl 20",1
svcvc 0x2ab01,1
"andeq r0, r0, 0x13",1
"ldrlo r0, [r2, -r3, lsr 8]",1
invalid,1
"ldclne p2, c0, [r6, 0x2b0]!",1
"movwhs r0, 0x2000",1
"strhs r1, [pc, r8, lsl 4]",1
"stcge p0, c0, [r1, -0]",1
"andseq r6, r4, r2, lsl 30",1
"stceq p2, c0, [r3], -0",1
"stmdblo r4, {sb, sl}",1
invalid,1
"andeq r2, r0, r3, lsr 9",1
"adcseq r0, r0, 12, 2",1
"andeq r1, r0, r7, lsr lr",1
"ldclvs p14, c6, [r5, -0x50]!",1
"adcseq r0, r2, 0, 2",1
"andeq r1, r0, pc, ror r3",1
"andne r2, r0, 0x8000000",1
"andeq r4, r0, r4, lsr 15",1
svcvc 0x2b301,1
"andeq r0, r0, 0x13",1
"ldchs p4, c0, [r2, -0x8c]",1
invalid,1
"mrcne p2, 1, r0, c7, c4, 5",1
"movwhs r0, 0x2000",1
"streq r0, [r6], -8",1
"andeq r1, r0, ip, lsr 27",1
"ldrbtne r0, [r8], r6, lsl 8",1
"streq r0, [r6], -0",1
"andeq r1, r0, sb, ror sl",1
"stmdbne pc!, {r1, r2, sl}",1
"streq r0, [r6], -0",1
"andeq r1, r0, lr, ror sb",1
"cdp p4, 0, c0, c1, c14, 0",1
"andseq r7, lr, r2, lsl 26",1
"rsbshs r0, sl, 0, 30",1
svceq 0,1
"muleq r0, r0, r3",1
"strhs r0, [lr], -r1, lsl 30",1
svceq 0x20000,1
"strheq r4, [r0], -fp",1
"strbths r0, [sb], -0xf03",1
"andeq r0, r4, r0",1
"andseq ip, r7, r0, lsl r5",1
"rscseq r0, r4, 0, 2",1
"andeq r1, r0, r5, asr lr",1
invalid,1
"andseq fp, lr, r2, lsl 12",1
"stmdavs r3!, {sb, sl, fp, ip} ^",1
"rscseq r0, fp, 0, 2",1
"andeq r0, r0, r5, lsr 32",1
"andseq r0, r2, pc, lsl ip",1
"rscseq r0, ip, 0, 2",1
"strheq r0, [r0], -r2",1
"stmdavs r3!, {r1, r2, r3, r4, r8, sb, sl, ip, sp, lr} ^",1
"rscseq r0, sp, 0, 2",1
"andeq r0, r0, r1, lsr sb",1
invalid,1
"mrcne p2, 6, r0, c14, c6, 7",1
"ldrne r0, [r2], -0",1
invalid,1
"mrcne p2, 3, r0, c13, c8, 7",1
"movwhs r0, 0x2000",1
"rsbvc r1, pc, r0, lsl 8",1
"mcr2 p0, 0, r0, c1, c2, 3",1
"andseq r8, lr, r2, lsl 18",1
"strteq r0, [r3], -0x200",1
blne 0xae4680,1
invalid,1
"andseq fp, lr, r2, lsl 12",1
"andlt r2, r1, 0, 2",1
"streq r0, [r0, -1]",1
"adceq r0, sb, ip, asr 2",1
"mrseq r0, apsr",1
"andeq r1, r0, pc, lsl pc",1
"andeq sb, r4, r2, lsr 14",1
"stmdbge ip, {r8, sl} ^",1
"andhs r0, r0, 0",1
"andeq r0, r0, r6, ror r1",1
"subseq r4, sl, r5, lsl 24",1
"strths r0, [r2], -r0",1
"streq r0, [r0, -5]",1
"andeq sp, r0, ip, asr 18",1
invalid,1
"andeq r1, r0, r7, asr 5",1
"stmdbge r1, {r0, r2, ip, sp}",1
"movweq r0, 0",1
"andseq r5, pc, r1, lsl 8",1
"ldreq r2, [r7], 0x200",1
"andlo r0, r5, r0",1
"andeq r0, r0, sb, lsr 1",1
"andeq ip, r1, r2, lsr 18",1
"ldclo p5, c0, [r0, -0]!",1
"andhs r0, r0, 9",1
"andeq r0, r0, r6, lsr 10",1
"sbcseq r3, sb, r5",1
"movwhs r0, 0",1
"andseq ip, sp, r1, lsl 30",1
"bicseq r0, r8, r0, lsl 14",1
"andeq r0, r0, sl, asr r0",1
"andseq r7, pc, r3, lsl 4",1
svcpl 0x5f2400,1
"stmdale r7, {r0, r1, r5, r6}",1
"andeq r0, r0, sl, asr r0",1
"streq r2, [r1], -0x500",1
"streq r0, [r0], -r0, asr 32",1
"stmdble r1, {r3, r4, r5, r7, r8}",1
"movweq r0, 0",1
"andseq sl, pc, r1, lsl 22",1
svcpl 0x5f2600,1
"stmdalt r6, {r0, r1, r4, r5, r6}",1
"andeq fp, r0, r1, lsl 12",1
"strbhs r2, [r6, -r0, lsl 14]!",1
invalid,1
"andeq r3, sb, r1, lsl 2",1
"strlo r2, [r7, -0x700]",1
invalid,1
"andseq sl, pc, r1, lsl 22",1
"streq r0, [r6], -0",1
"andeq r1, r0, r3, asr r3",1
invalid,1
"cdple p0, 0, c0, c7, c0, 0",1
"andeq r5, r0, r1, lsl 20",1
svcne 0xcf0300,1
svcpl 0x240000,1
"smlsdeq r0, pc, r3, r6",1
"ldrdeq r5, r6, [r0], -lr",1
invalid,1
"andeq r1, r0, pc, lsr r8",1
"stmdbge r1, {r0, r2, r8, sb, sl, ip, sp}",1
"movweq r0, 0",1
"eoreq r0, r0, r1, lsl 8",1
"ldreq r2, [r7], 0x200",1
"strlo r0, [r5, -r0]",1
"andeq r0, r0, sb, lsr 1",1
"andeq ip, r1, r2, lsr 18",1
"ldclo p5, c0, [r7, -0]!",1
"andhs r0, r0, 9",1
"andeq r0, r0, r6, lsr 10",1
"sbcseq r3, sb, r5, lsl 14",1
invalid,1
"andeq r2, r0, r0, ror lr",1
invalid,1
"strheq r1, [r0], -sl",1
"eoreq r5, r0, r3, lsl 10",1
"rsbvc r2, r5, 0, 12",1
"andlo r0, r4, r2, ror r0",1
"eoreq r5, r0, r4, lsl 10",1
"strbhs r2, [ip, 0x700]!",1
"andlo r0, r4, r0",1
"eoreq r5, r0, r4, lsl 22",1
"strbtvs r2, [sb], -0x600",1
invalid,1
"andseq r7, r3, r4, lsl 30",1
"strbtvs r2, [r4], -r0, lsl 18",1
"movwlo r0, 0x4061",1
"andseq r1, sp, r4, lsl 26",1
blx 0xaeafea,1
"streq r0, [r0], -0x3d",1
"eorseq r0, r3, r6, lsr r4",1
"andeq r0, r0, r0",1
"adceq r0, fp, 0x6000000",1
"streq r0, [r6], -0",1
"andeq r2, r0, r1, rrx",1
"andseq r3, sp, r7, lsl pc",1
"stmdbgt r1, {sl, fp, sp}",1
"stmdaeq r0, {r0, r1, r2, r4, r5}",1
"strmi r0, [r1, -r4, lsl 3]",1
"movweq r0, 0x13",1
"andeq r2, r0, r6, lsl 1",1
"cmpvs pc, 38, 30            ; 0x26",1
"orreq r0, r4, r0, lsl 16",1
"andeq r0, r0, sl, asr r0",1
"strne r2, [r8], r0, lsl 26",1
invalid,1
"strle r0, [r3], -0x101",1
"strhs r0, [r0, -r0, lsr 32]",1
"andeq r1, r0, r8, asr 18",1
"strlt r2, [r1], -r3, lsl 16",1
"strhs r0, [r0, -r0]",1
"strheq r3, [r0], -pc",1
"strle r2, [r1], -0x803",1
"strhs r0, [r0], -r0, lsr 32",1
"movweq r6, 0x863",1
"subseq r0, sl, r8, lsr 2",1
blhs 0xaa0858,1
"muleq r0, r7, ip",1
bpl 0x6b86c,1
bhs 0x20864,1
"cmpvs pc, 41, 30            ; 0x29",1
invalid,1
"andeq r0, r0, sl, asr r0",1
"andeq r0, r0, 0",1
"streq r0, [r1, 0x201]",1
"strlt r0, [lr, -r0]!",1
invalid,1
invalid,1
"stmdage r0, {r0, r1, r4, r6, r7}",1
"andeq r0, r0, 0xd3",1
invalid,1
svchs 0x21,1
"rsbseq r6, r4, r3, ror r5",1
"strgt r0, [r3], -r1, lsl 10",1
invalid,1
"rsbeq r3, sb, r0, asr r0",1
svcvc 0x30501,1
"strvc r0, [r0], -0x13",1
"andeq r0, r0, r7, asr 32",1
"subeq r8, r3, lr, lsr 14",1
"movweq r0, 0xb100",1
"sbcseq sl, r3, r1, lsl 16",1
"sbcseq ip, r3, r0, lsl 8",1
"rsbseq r0, sp, r0, lsl 4",1
"eoreq r4, r1, r1, lsl 14",1
"ldrbvs r2, [r3, -0xf00]!",1
bleq 0x60aa0,1
"andseq ip, r3, r3, lsl 12",1
"subslo r0, r0, r0, lsl 2",1
bleq 0x60a80,1
"andseq r7, r3, r3, lsl 30",1
"subeq sb, r7, r0, lsl 10",1
"eorshi r0, r1, r0",1
invalid,1
"strle r0, [r1], -0x311",1
"strgt r0, [r0], -0x20",1
invalid,1
"andeq r0, r0, 0xd3",1
"movwhi r0, 0x107d",1
"andlo r0, r0, r1, lsr 32",1
"rsbseq r6, r4, r3, ror r5",1
"strle r1, [r3, -r1, lsl 2]",1
invalid,1
"andlo r0, r0, r7, asr 32",1
invalid,1
"andseq r7, r3, r3, lsl 30",1
"subeq sp, r7, r0, lsl 14",1
"strgt r0, [lr, -r0]!",1
invalid,1
invalid,1
invalid,1
"andeq r0, r0, 0xd3",1
"stclt p0, c0, [r1, -0x1f4]",1
"andlo r0, r0, r1, lsr 32",1
"rsbseq r6, r4, r3, ror r5",1
"strgt r2, [r3], -r1, lsl 24",1
invalid,1
"andlo r0, r0, 0x47",1
"andeq r4, r0, sl, asr r4",1
bpl 0xec158,1
invalid,1
"andeq r0, r0, r8, asr 32",1
"subeq r4, r3, lr, lsr 16",1
"teqeq r8, 0, 2",1
"sbcseq pc, r3, r1, lsl 16",1
"sbcseq r1, r4, r0, lsl 24",1
"rsbseq r0, sp, r0, lsl 4",1
"eoreq r0, r2, r1, lsl 6",1
"ldreq r3, [sb], 0x300",1
invalid,1
"andseq ip, r3, r3, lsl 12",1
svchs 0x500100,1
"rsbeq r7, r3, r3, ror r2",1
"strle r3, [r3, -r1, lsl 16]",1
invalid,1
"ldrbmi r3, [sl], -0x251",1
blo 0x60998,1
"andeq r5, r0, r3, lsl 20",1
"subeq r2, r8, r0, lsl 24",1
"strgt r0, [lr, -r0]!",1
invalid,1
invalid,1
"ldrdmi r0, r1, [r0], -r4",1
"andeq r0, r0, 0xd4",1
"stmdbmi r1, {r0, r2, r3, r4, r5, r6}",1
"movwlo r0, 0x22",1
"muleq r0, sb, r4",1
"strgt r4, [r3], -r1",1
invalid,1
"rsbsvc r2, r3, 80, 30",1
"andmi r0, r1, r3, rrx",1
"andseq sp, r3, r3, lsl 14",1
"subslo r0, r1, 0, 2",1
"andeq r4, r0, sl, asr r4",1
bpl 0xf11e4,1
"andmi r0, r0, r0",1
"andeq r0, r0, r8, asr 32",1
"eoreq r2, fp, r1, lsr r1",1
"movteq r0, 0xb100",1
"andeq r5, r0, r1, lsl 20",1
"sbcseq r4, r4, r0",1
"sbcseq fp, r4, r0, lsl 8",1
"rsbseq r0, sp, r0, lsl 4",1
"eoreq sb, r2, r1, lsl 14",1
"ldrhs r3, [0x00020e08]      ; [0x20e08:4]=0",1
blmi 0x60a0c,1
"eoreq sb, r2, r3, lsl 14",1
"subeq r5, r8, r0, lsl 8",1
"strbtvs r3, [sb], -0",1
blmi 0x60bfc,1
"andseq r7, r3, r3, lsl 30",1
"subeq sl, r8, r0, lsl 14",1
"stclhs p2, c3, [r8, 0]!",1
"stcmi p0, c0, [r1, -0]",1
"andeq r5, r0, r3, lsl 20",1
"subeq sp, r8, r0, lsl 6",1
"streq r0, [r6], -0",1
"muleq r0, sp, r2",1
"andseq sb, r8, r7, lsl sl",1
"ldrbne r3, [fp, r0, lsl 2]!",1
invalid,1
"movtne r0, 0x7103",1
"ldrtle r0, [r4], 0",1
"ldrble r0, [r0], 0",1
"stcvc p0, c0, [r2, -0]",1
"sbcshs r0, lr, 0, 2",1
svcls 0x340000,1
invalid,1
"addshs r0, r7, 88, 6",1
invalid,1
invalid,1
invalid,1
"cmnne pc, 88, 6             ; 0x58",1
"mrspl r0, apsr",1
"ldmdbne ip!, {r8, sl, ip, sp} ^",1
invalid,1
"sbcseq sp, r4, r1",1
"sbcseq r3, r5, r0, lsl 8",1
"subeq r2, sb, r0, lsl 20",1
"movths r0, 0xa100",1
"teqvc r6, 0",1
"andeq r7, r0, 116, 4",1
"andeq sl, r6, ip, lsr 25",1
"ldrblo r0, [r0], -r0, lsl 2",1
"rsbeq r6, lr, ip, ror 10",1
"cmnne pc, 0x200",1
"mrspl r0, apsr",1
"eoreq sb, r5, r7, lsr pc",1
bmi 0xfeb212b8,1
invalid,1
"eormi r3, r3, 0x520000",1
"stcge p0, c0, [r2, -0]",1
"strheq r0, [r0], -r2",1
"andeq r4, r0, sl, asr 18",1
"eorseq fp, pc, r7, lsr pc",1
"strtle r0, [sp], 0x200",1
"andeq r0, r0, 0x20",1
"ldrtvs r0, [r6], -0x91",1
"andeq r6, r0, 0x80000019",1
"andseq r2, sp, lr, lsr 5",1
"ldreq r0, [r1], 0x200",1
bls 0x1222ec,1
"mcrhs p0, 0, r0, c0, c8, 0",1
"andeq r2, r0, r0, lsl 23",1
invalid,1
"andeq sp, r0, r4, lsr r5",1
"andeq sp, r0, ip, lsl 11",1
invalid,1
"andeq r2, r0, pc, lsr 7",1
"eoreq sb, r5, r3, lsr pc",1
"eoreq r0, ip, 0, 4",1
"andeq r2, r0, sl, asr 6",1
bvc 0xcb4b1c,1
"andeq r0, r0, 0x46",1
"cmnne pc, 0xe0000002",1
invalid,1
svcvs 0x390000,1
"andeq r0, r0, 0x44",1
"cmnne pc, 0xe0000002",1
invalid,1
"sbcseq r5, r5, sl, lsr r0",1
"sbcseq r7, r5, r0",1
"stmdavs r3!, {r8, sb, fp, ip, sp} ^",1
"eorseq r0, r3, 0, 4",1
"andeq r0, r0, sl, asr r0",1
"andeq r4, r0, sp, ror sb",1
invalid,1
"andeq r0, r0, 0x18",1
"strle r0, [r1], -0x550",1
invalid,1
"stmdaeq r0, {r0, r2, r4, r6, r7}",1
"ldrd r0, r1, [r0], -r6",1
invalid,1
"strdeq r2, r3, [r0], -ip",1
"subeq r8, r2, r4, lsr r0",1
"ldrbeq r0, [r0, -0x200]",1
"strdeq r2, r3, [r0], -ip",1
"andeq r4, r0, r0, lsl 20",1
"subeq r8, r2, r4, lsr r5",1
"ldrbeq r0, [r0, -0x200]",1
"strdeq r2, r3, [r0], -ip",1
"andeq r4, r0, lr, lsl sl",1
"andeq r6, r0, 0xec000",1
"cmnne pc, 0x14800000",1
bmi 0x14a0b98,1
"streq r0, [r0], -r0",1
"eoreq r0, r4, r4, lsl 4",1
"strbtne r1, [pc], -0x700",1
"ldrvs r0, [ip, -r0]!",1
"andeq r0, r0, 0x32",1
svcvc 0x1055f,1
"stmdaeq r0, {r0, r1, r4}",1
"stmdage r0, {r1, r2, r4, r6, r7}",1
"ldrdvc r0, r1, [r0], -r6",1
invalid,1
"andeq r2, r0, r4, ror r4",1
"strbtvc r7, [r5], -0x330",1
"ldrbeq r0, [0x000209cc]     ; [0x209cc:4]=0x13d703",1
"strdeq r2, r3, [r0], -ip",1
"muleq r0, r0, sl",1
"eorseq r1, r3, r3, lsr fp",1
"ldrbeq r0, [0x000209dc]     ; [0x209dc:4]=0x40000000",1
"andeq r1, r0, pc, ror r3",1
"ldmdbvs fp!, {r0, r8, ip, lr}",1
"andeq r7, r0, 100, 16",1
"andseq r0, r4, 0x18400000",1
bmi 0xff2a0bf0,1
"eorsmi r0, r2, 0",1
"andeq r0, r0, 0x12",1
"andseq r0, r4, 0x18400000",1
bmi 0xffa20c00,1
"ldcvs p0, c0, [fp, -0]!",1
"andeq r6, r0, 0x69000000",1
"andseq r0, r4, 0x18400000",1
blmi 0x1a0c10,1
"cdphs p0, 0, c0, c0, c0, 0",1
"andeq r1, r0, r6, ror 16",1
"mrseq r7, apsr",1
"andeq sp, r0, r8, lsr 13",1
"strdeq sp, lr, [r0], -r0",1
invalid,1
"andeq r2, r0, ip, lsr 9",1
"strbtvc r7, [r5], -0x32f",1
"ldrbeq r0, [r5, -0x200]!",1
"andeq r1, r0, fp, asr sl",1
"ldmdbvs r0!, {r0, ip, lr}",1
"andeq r7, r0, 100, 16",1
"cmnne pc, 0x1d400000",1
blmi 0x16e0c48,1
invalid,1
"andeq r2, r0, r4, lsr 26",1
invalid,1
"andeq r1, r0, sl, lsl 7",1
"strdeq sp, lr, [r0], -r0",1
"andeq sp, r0, r0, lsr 14",1
invalid,1
"andeq r2, r0, r6, lsl 10",1
"subeq sl, r3, r4, lsr lr",1
"ldreq r0, [r7, 0x200]!",1
"strdeq r2, r3, [r0], -ip",1
"andeq r4, r0, r6, lsl 23",1
"eorseq pc, sp, r4, lsr fp",1
"ldreq r0, [r7, 0x200]!",1
"andeq r0, r0, r3, lsr r0",1
"andeq r4, r0, r7, lsr 23",1
"eoreq r2, sp, sb, lsr pc",1
"ldreq r0, [sb, 0x200]!",1
"andeq r1, r0, sl, lsl 7",1
"ldmdbvs fp!, {r0, r8, ip, lr}",1
"ldreq r0, [sl, 0x200]!",1
"andeq r1, r0, pc, ror r3",1
"andeq r4, r0, r8, asr 23",1
bhs 0xfe3ad0a8,1
"strhs r0, [r3], -r0",1
"adceq r0, fp, 0x40000001",1
"strle r0, [r0, -r0]!",1
"ldrle r0, [r8, r0]!",1
"stcvc p0, c0, [r2, -0]",1
"strhs r0, [ip, 0x100]",1
bleq 0xd20cc4,1
"movweq r0, 0x2f",1
"adceq r0, sb, r6, lsr 10",1
blmi 0xff720cd0,1
"teqeq r4, 0",1
"movweq r0, 0x3a",1
"cdpne p5, 4, c0, c9, c6, 1",1
blmi 0xfff60ce0,1
"ldrtvs r0, [fp], -0",1
"movweq r6, 0x166",1
"strhs r0, [ip, 0x528]",1
blmi 0xff720cf0,1
invalid,1
"strpl r0, [r0], -0xd7",1
"ldrdvc r0, r1, [r0, -r7]",1
bllo 0x20d94,1
"rsbseq r6, r8, sb, ror 8",1
bpl 0x16bd14,1
"strlo r0, [r0, -r0]",1
"andeq r0, r0, ip, asr 32",1
"sbcseq r7, r7, sl, lsr r8",1
"sbcseq fp, r7, r0",1
"andshs r3, r2, r0, lsl 4",1
"strlo r0, [r3], -0",1
"andseq r7, r3, r5, lsl 30",1
"subeq r5, ip, r0, lsl 20",1
"streq r0, [r0], -r0",1
"andseq sl, r8, r4, lsl 12",1
"movwlo r3, 0xd100",1
"strls r0, [r3], -r0",1
"adceq r0, fp, 0x40000001",1
"ldrle r0, [r8, r0]!",1
invalid,1
"stcvc p0, c0, [r2, -0]",1
"strbhs r0, [lr, 0x100]",1
bleq 0xd20d50,1
"movweq r0, 0x2f",1
"umlaleq r0, sb, r6, r5",1
"ldclmi p0, c0, [pc], -0",1
"teqeq r3, 0",1
"movweq r0, 0x3a",1
"mcrne p5, 2, r0, c9, c6, 4",1
"mrspl r0, apsr",1
"stmdalo sp!, {sl, fp, ip, sp}",1
"streq r0, [r3, -r0]",1
"subseq r0, sl, r8, lsl 2",1
invalid,1
invalid,1
"stcmi p0, c0, [r0], 0",1
"mrsvc r0, apsr",1
"strlo r0, [r0], -0x26",1
"andeq r3, r0, r5, ror 27",1
"stclo p7, c0, [r8, -0xc]",1
"andgt r0, r0, lr, lsl r0",1
"strlo r0, [r0], -0x4c",1
"andeq r3, r0, ip, ror 8",1
bmi 0x2229b0,1
blx 0x20e34,1
"strlo r0, [r0], -0x4c",1
"muleq r0, pc, pc",1
bhs 0x2229c0,1
"strlo r0, [r0], -2",1
bllo 0x20ef0,1
"stmdbeq r3, {r0, r1, r5, r6}",1
"andeq r2, r0, r8, lsl 10",1
"subeq r6, sp, r0, lsl 28",1
"stmle ip!, {r8, sl, fp, ip, sp}",1
invalid,1
"strbhs r0, [r7], -r0",1
"teqvs fp, 0",1
svcne 0x30032,1
"andeq r2, r0, r8, lsl 10",1
"subeq fp, sp, r0, lsl 30",1
"ldrtle r0, [sl], -0",1
"stmdapl r0, {r3, r4, r6, r7}",1
bllo 0x21154,1
"movweq r3, 0x263",1
"eoreq r0, r5, r8, lsr 16",1
"ldclmi p0, c0, [r7]",1
svcge 0x320000,1
"movweq r0, 0x27",1
"subseq r0, sl, sb, lsr 16",1
"ldclmi p0, c0, [r4, 0]!",1
"andeq r0, r0, r0",1
"eorseq sb, r4, r1, lsr r8",1
svceq 0xa0300,1
"andeq sl, r2, r1, lsl 22",1
"sbcseq fp, sb, r0, lsl 8",1
"sbcseq sp, sb, r0, lsl 24",1
"rsbseq r0, sp, r0, lsl 4",1
"eoreq fp, r6, r1, lsl 26",1
svchs 0xb3400,1
beq 0xe0e34,1
"andeq sl, r0, pc, lsl 18",1
"subeq r1, lr, r0, lsl 8",1
blo 0xeda40,1
beq 0xe0e44,1
"andseq r4, lr, pc, lsl 18",1
bllo 0x146124c,1
"rsbseq r6, r8, sb, ror 8",1
svcvc 0xf0c03,1
"strne r0, [r0], -0x13",1
"andeq r0, r0, lr, asr 32",1
"andseq sp, ip, ip, lsr ip",1
"ldreq r0, [r0, r0, lsl 8]!",1
"andeq r5, r0, r1, lsl 20",1
"sbcseq sp, sb, r0, lsl 24",1
"sbcseq sp, fp, r0, lsl 24",1
"subeq r3, lr, r0, lsl 10",1
"ldrbhs r0, [r1, r0, lsl 2]",1
"ldc p0, c0, [r4], -0",1
"streq r0, [r0], -0x25",1
"ldrhhs r0, [fp], -0x70",1
"cdpmi p0, 6, c0, c2, c0, 0",1
"ldrtgt r0, [r4], -0",1
"streq r0, [r0], -0x1a",1
"ldrheq r0, [sl], -0x70",1
"cdpmi p0, 8, c0, c2, c0, 0",1
bmi 0xd20e9c,1
"streq r0, [r0], -0x49",1
"cmnne pc, 0x2c40000",1
"cdpmi p0, 0xa, c0, c2, c0, 0",1
"ldrtne r0, [r4], -0",1
"streq r0, [r0], -0x22",1
"cmnne pc, 0x2c40000",1
"cdpmi p0, 0xc, c0, c0, c0, 0",1
svcvs 0x330000,1
"streq r0, [r0], -0x26",1
"cmnne pc, 0x2c40000",1
invalid,1
"strbtvs r3, [r4], -r0, lsl 28",1
"movwlt r0, 0x4061",1
"andseq r1, sp, r7, lsl 26",1
"ldmdblo sl, {r8} ^",1
"andeq r3, r0, r5, lsl fp",1
invalid,1
invalid,1
"ldrmi r3, [lr, -0x258]!",1
"strlt r0, [r4, -0]",1
"andseq r7, r3, r7, lsl 30",1
"subeq lr, lr, r0",1
"bicseq r3, r8, r0, lsl 30",1
"teqeq r2, 0",1
"streq r0, [r0], -0x3a",1
"cmnne pc, 0x2ec0000",1
"cdpmi p0, 0xf, c0, c15, c0, 0",1
invalid,1
bllo 0x20f14,1
"rsbseq r6, r4, r5, ror 28",1
"stchs p1, c12, [r7, -0x10]",1
"stcne p0, c0, [r0, -0x74]",1
svclo 0x4f,1
"andeq r0, r0, r0, lsl r2",1
"ldrbtvc r6, [r3], -0x43b",1
"strbeq r0, [r4, r0, lsl 8]",1
"andeq r1, r0, pc, ror r3",1
"andeq r4, r0, r6, asr 30",1
"eorseq r4, sl, r2, lsr sl",1
"strbeq r0, [r5, r0, lsl 8]",1
"andeq r0, r0, sl, asr r0",1
"andeq r4, r0, r7, ror pc",1
"sbcseq r2, fp, r0, asr 32",1
"eoreq fp, r6, r0, lsl 26",1
"andpl r4, r1, 0, 2",1
invalid,1
invalid,1
"strhmi r7, [r6, -r8]",1
invalid,1
"strhmi r7, [r6, -r0]",1
"movweq r7, 0xd02",1
"muleq r6, r1, r8",1
"andeq r0, r0, r0",1
"eorseq r8, lr, ip, lsr r3",1
"stmdaeq r2, {sl}",1
"andeq r5, r0, r1, lsl 20",1
"sbcseq sp, fp, r0, lsl 24",1
"sbcseq r5, ip, r0, lsl 8",1
"subeq sl, pc, r0",1
"stmhs lr, {r8}",1
"ldc p0, c0, [r4], -0",1
"streq r0, [r0], -0x25",1
"subshs r0, fp, r2, lsl 16",1
svcmi 0xcc0000,1
"ldcvc p0, c0, [r4], -0",1
"streq r0, [r0], -0x36",1
"cmnne pc, 0x20000",1
"andpl r0, r6, r0",1
bmi 0xd20fb0,1
"streq r0, [r0], -0x49",1
"cmnne pc, 0x30000",1
"eorpl r0, r7, r0",1
"ldrtne r0, [r4], -0",1
"streq r0, [r0], -0x22",1
"cmnne pc, 0x30000",1
"rsbpl r0, r1, r0",1
svcvc 0x330000,1
"streq r0, [r0], -0x38",1
"cmnne pc, 0x30000",1
invalid,1
"strbths r3, [pc], -r0, lsl 6",1
"streq r0, [r4], -0",1
"andseq r7, r3, r8, lsl 30",1
"ldreq r0, [r1], 0x200",1
"stclvs p12, c6, [sb, -0xec]!",1
"stmdaeq r6, {sl}",1
"andeq r1, r0, sp, lsr 26",1
"muleq r0, fp, r0",1
"andseq ip, sl, r2, lsr r4",1
"stmdaeq r7, {sl}",1
"andeq r0, r0, sl, asr r0",1
"strdeq r5, r6, [r0], -r1",1
"sbcseq r4, ip, r0, asr 32",1
"eoreq fp, r6, r0, lsl 26",1
"movwpl r4, 0x1100",1
"movwpl pc, 0x1303",1
"cmpeq r2, 0x40000010",1
"ldrshmi r0, [r2, -0x13]",1
"movweq r7, 0xd02",1
"muleq r6, r1, ip",1
"strmi r3, [r8], -r0, lsl 24",1
"strpl r0, [r4, -r0]",1
"cmnne pc, 0xc0000002",1
"mrrcle p0, 0, r0, r4, c0",1
"ldcle p0, c0, [r4], 0",1
"tstpl r4, r0",1
svcne 0x10000,1
"andlo r0, r0, sb, lsr 32",1
"rsbeq r6, r1, r4, ror 12",1
"andhs r5, fp, 4, 14",1
"strlo r0, [r0], -0x1d",1
"strlo r0, [r0], -0x51",1
"andeq r4, r0, lr, lsr 7",1
invalid,1
"cdpvs p0, 0, c0, c0, c3, 1",1
"movwlo r0, 0x51",1
"andeq r4, r0, sl, asr 18",1
svcvc 0xb5804,1
invalid,1
svcmi 0x143352,1
invalid,1
"andeq r5, r0, fp, lsl 20",1
"subslo r0, r3, 0, 2",1
"andeq r3, r0, r4, lsl 27",1
svcvc 0xb5a04,1
"stmdage r0, {r0, r1, r4}",1
svclo 0x51,1
"andeq r0, r0, r8, lsr r2",1
"eoreq sb, r0, r2, lsr r4",1
bleq 0x17620a4,1
"andeq r1, r0, pc, ror r3",1
"ldrdeq r5, r6, [r0], -r3",1
"eorseq r0, sl, r2, lsr r3",1
bleq 0x17a20b4,1
"andeq r2, r0, pc, lsl sb",1
"strdeq r5, r6, [r0], -r2",1
"streq r0, [r6], -0",1
"andeq r2, r0, r5, lsr 18",1
"andseq pc, r6, r7, lsl r8",1
"bicsmi r3, fp, r0, lsl 24",1
b 0x1210d0,1
"cmnne pc, 16, 2             ; 0x10",1
"ldcle p0, c0, [r4], 0",1
"stclle p0, c0, [ip, -0]!",1
"eorpl r0, sl, 0",1
"strge r0, [r1, -0]",1
"strlo r0, [r0], -0x29",1
"andeq r2, r0, ip, ror 11",1
blpl 0x45b900,1
bmi 0x21174,1
"movwlo r0, 0x52",1
"andeq r3, r0, pc, ror r8",1
svcvc 0x10ea04,1
invalid,1
"stmdane r7, {r0, r4, r6, sb, ip, sp} ^",1
invalid,1
"andseq r7, r3, r0, lsl pc",1
"subseq r6, r2, r0, lsl 16",1
"subne r3, r2, 0, 4",1
invalid,1
"andseq r7, r3, r0, lsl pc",1
"subseq sb, r2, r0, lsl 4",1
"stmdbvs sp!, {r8, sb, fp, ip, sp} ^",1
invalid,1
"andseq r7, r3, r0, lsl pc",1
"subseq fp, r2, r0, lsl 22",1
"strhs r3, [r1, r0, lsl 18]",1
invalid,1
"andseq r7, r3, r0, lsl pc",1
"subseq r0, r6, r0, lsl 2",1
"eoreq pc, r1, ip, lsr r0",1
"streq r0, [ip, r0, lsl 8]",1
"eoreq sp, r0, r1, lsl 8",1
"sbcseq r6, sp, r0, lsl 24",1
"sbcseq r4, lr, r0, lsl 16",1
"subseq r1, r3, r0",1
blhs 0xde1560,1
"ldc p0, c0, [r4], -0",1
"streq r0, [r0], -0x25",1
"subshs r0, fp, ip, lsl 15",1
"teqpl ip, 0",1
"ldrtlo r0, [r4], -r0",1
"streq r0, [r0], -0x42",1
invalid,1
"cmppl sl, 0",1
"cdpls p0, 3, c0, c4, c0, 0",1
"streq r0, [r0], -0x1d",1
"cmnne pc, 0x2340000",1
"cmnpl r8, 0",1
"ldrt r0, [r4], -0",1
"streq r0, [r0], -0x16",1
"cmnne pc, 0x2340000",1
"orrspl r0, r7, 0",1
"ldrvs r0, [r3, -0]!",1
"streq r0, [r0], -0x3f",1
"cmnne pc, 0x2340000",1
invalid,1
"strbhs r3, [lr, -r0, lsl 6]!",1
"stchi p0, c0, [r4, -0]",1
"andseq r7, r3, r7, lsl 30",1
"ldreq r0, [r1], 0x200",1
invalid,1
"streq r0, [pc, r0, lsl 8]",1
"andeq r1, r0, sp, lsl sp",1
"teqle r2, 0x4000",1
"streq r0, [r0], -0x41",1
"cmnne pc, 144, 14           ; 0x90",1
invalid,1
"ldcne p0, c0, [r2], -0",1
"streq r0, [r0], -0x20",1
"cmnne pc, 144, 14           ; 0x90",1
"mvnpl r0, 0",1
"ldc p0, c0, [r2, -0]!",1
"streq r0, [r0], -0x45",1
"cmnne pc, 144, 14           ; 0x90",1
invalid,1
"eorsgt r0, r2, 0",1
"streq r0, [r0], -0x4b",1
"cmnne pc, 0x2480000",1
"strtpl r0, [r7], -0",1
blvs 0xca1210,1
"streq r0, [r0], -0x26",1
"cmnne pc, 0x24c0000",1
"strbpl r0, [r5], -0",1
"subpl r0, r2, r0",1
"streq r0, [r0, -2]",1
"andlo r0, r0, 0x2b",1
"andeq r4, r0, sl, asr 18",1
svcvc 0x79604,1
blvc 0x21280,1
bllo 0x21388,1
"rsbseq r6, r4, r5, ror 28",1
"stchs p7, c9, [r7, -0x10]",1
"stmdbls r0, {r0, r2, r3, r4}",1
"movwmi r0, 0x54",1
"andeq sp, r0, r8, ror 27",1
"ldrdeq r2, r3, [r0], -r1",1
"ldrdeq r2, r3, [r0], -r7",1
"cmpeq r3, 0x40000010",1
"swpmi r4, r1, [r6]",1
"strvc r5, [r2, -r1, lsl 4]",1
"andpl r4, r1, r0, lsl 2",1
invalid,1
"andeq r7, r4, 2, 26",1
"subeq r0, r1, 0x7b",1
"stmdavc r2, {r0, r2, r3, r4, r5, r6}",1
"strbne r0, [r0], -0",1
"ldrdle r0, r1, [r0, -lr]",1
invalid,1
invalid,1
hvc 0x1068,1
"rsbseq r0, r7, r2, asr r2",1
"subseq r0, r0, 0x40000010",1
"subeq r0, r1, 0x74",1
invalid,1
"subeq r0, r1, 72, 12",1
invalid,1
"andeq r0, r0, ip, ror r6",1
"sbcseq sb, sp, r3, asr 32",1
"eoreq r2, sb, r0, lsl 20",1
"eoreq r1, fp, r0, lsl 30",1
"mrspl r4, apsr",1
invalid,1
"strvc r5, [r2], -1",1
"subge r0, r0, r0",1
bhs 0x21638,1
invalid,1
"mrsls r5, apsr",1
hvc 0x106c,1
"rsbseq r0, r4, r0, asr r2",1
"strtvc r0, [r8], -r0",1
"movweq r0, 0x47",1
blge 0x64850,1
invalid,1
"andeq r2, r0, pc, lsl 23",1
"eorseq r1, r3, r7, lsr 22",1
"ldcleq p3, c0, [ip, -0]",1
"andeq r2, r0, pc, lsl 23",1
"andeq sp, r6, r7, lsr 18",1
"ldcleq p3, c0, [ip, -0]",1
"andeq r2, r0, sl, asr 6",1
"eorseq lr, sp, r7, lsr 10",1
"ldcleq p3, c0, [sp, -0]",1
"andeq r1, r0, sp, lsr lr",1
"rsbeq r6, r8, sb, lsr 6",1
"strhs r5, [sp, -0xf03]",1
blhs 0x21318,1
"andeq r0, r0, pc, ror 21",1
"strhs r5, [sp, -0xf03]",1
invalid,1
"andvs r0, r3, sb, rrx",1
"andeq r5, r0, sp, lsl 20",1
"streq r0, [r6], -0",1
"ldrdeq r1, r2, [r0], -lr",1
"eoreq r4, sp, r8, lsr 8",1
invalid,1
"andeq r2, r0, r1, lsl 10",1
blhs 0xff361744,1
svcls 0x270000,1
"andeq r0, r0, 0x25",1
"movths r0, 0xa36d",1
invalid,1
"rsbeq r6, r6, pc, ror 12",1
svcvc 0x37502,1
"stmdbhs r0, {r0, r1, r4}",1
"andeq r6, r0, 0x630000",1
"subseq r0, sl, r6, ror r3",1
"andeq r0, r0, r0",1
"eoreq r5, r6, ip, lsr r5",1
"ldceq p3, c0, [r3, -0]!",1
"andeq sl, r2, r1, lsl 22",1
"sbcseq r4, lr, r0, lsl 16",1
"rsceq sp, r0, r0, lsl 8",1
"subseq fp, r4, r0, lsl 10",1
"stclhs p1, c0, [lr, -0]!",1
blne 0xd2138c,1
"movweq r0, 0x33",1
blhs 0xfe3e4860,1
"strbtpl r0, [r1], 0",1
invalid,1
"movweq r0, 6",1
"movths r0, 0xad33",1
"ldrbtpl r0, [pc], 0         ; [0x213a8:4]=0x300003d",1
"ldr r0, [r4, -0]!",1
"movweq r0, 0x3d",1
"mrcne p13, 1, r0, c13, c4, 1",1
"strpl r0, [r8, -0]!",1
svcge 0x340000,1
"movweq r0, 0x27",1
"subseq r0, sl, r4, lsr sp",1
"strbpl r0, [r6, -0]",1
"strtvs r0, [pc], -0",1
"movweq r6, 0x166",1
"strhs r0, [ip, 0xd35]",1
invalid,1
svchs 0x9f3300,1
"strlo r0, [r3], -r0",1
"andeq r2, r2, sp, lsl 20",1
"ldreq r0, [r1], 0x200",1
"andseq r5, ip, r3, lsr r7",1
"ldceq p3, c0, [r6, -0]!",1
"ldrdeq r2, r3, [r0], -r4",1
"andlo sb, r8, 0x80000000",1
"andeq r3, r0, sb, lsr 19",1
bpl 0x36f80c,1
blhi 0x21404,1
"strmi r0, [r0], -0x55",1
"andeq r2, r0, r7, lsr fp",1
"andeq sp, r0, r8, asr 29",1
"andeq lr, r0, r4, lsl 1",1
"stmdbeq sp, {r0, r1, sb, sl, lr}",1
"strmi r0, [r0, -0x2d]",1
"andeq r2, r0, r1, ror 22",1
"ldrdeq r5, r6, [r0], -r5",1
"eoreq r5, fp, r5, asr 10",1
"subseq lr, r5, r0, lsl 16",1
blhs 0x1272830,1
"ldrbpl r0, [fp, 0]!",1
invalid,1
"strhi r0, [r0], -0xde",1
"strmi r0, [r0], -r0, ror 1",1
"andeq r2, r0, sp, ror 22",1
"andeq r5, r0, lr, lsl 12",1
"eoreq r7, fp, r6, asr 16",1
"subseq r4, r6, r0",1
blhs 0xfe132c54,1
"ldrbpl r0, [pc], -r0        ; [0x21458:4]=0xec00002b",1
"strbls r0, [r7, -0]",1
invalid,1
invalid,1
"movweq r0, 0xdf",1
"strbge r0, [r5, -r8, ror 26]",1
"stmdbhi r0, {r0, r1, r3, r5}",1
blo 0x215cc,1
"andeq sp, r0, ip, lsl pc",1
"muleq r0, ip, pc",1
"eoreq fp, fp, r6, asr 8",1
"subseq sb, r6, r0, lsl 24",1
blhs 0xff032c88,1
"ldrbpl r0, [fp], r0",1
"subls r0, r0, r0",1
"stmdbmi r0, {r0, r1, r2, r3, r4, r6, r7}",1
invalid,1
bvc 0xb58a0,1
"andpl r4, r1, r0, lsl 2",1
"andeq r7, r0, r2, lsl 8",1
"andeq r0, r0, r0",1
"rsceq sb, r0, sp, lsr ip",1
"rsceq fp, r0, r0, lsl 24",1
"eoreq r4, sp, r0, lsl 6",1
svcne 0xd83900,1
blmi 0xe14bc,1
"andseq pc, r6, sp, lsl 16",1
"ldmpl r1, {sb}",1
"rsceq sl, r0, r0, asr 24",1
"eoreq ip, r5, r0, lsl 28",1
"andpl r4, r1, 0, 2",1
"ldrbteq sb, [ip], -r3, lsl 2",1
"subseq r0, r1, 0x40000010",1
hvc 0x1004,1
"rsbseq r0, sp, r0, asr r2",1
"subvc r0, r3, r0",1
"stmdbmi r0, {r1, r2, r3, r4, r6, r7}",1
"stcpl p0, c0, [r0, -0x88]",1
invalid,1
"stmdavc r2, {r0, r8, ip, lr}",1
"andpl r4, r1, r0, lsl 2",1
"andeq r7, r0, r2, lsl 8",1
"sbcseq sb, lr, r0, asr 32",1
"eoreq sl, r2, r0, lsl 4",1
"andpl r4, r1, r0, lsl 2",1
"andeq r7, r0, r2, lsl 8",1
"ldcllo p12, c3, [sl, -0]!",1
"str r0, [r3, -0]",1
"adceq r0, fp, 4, 2",1
"sbcs r0, r4, r0",1
"mrs r0, spsr",1
"ldrpl r0, [sb, -r0]",1
invalid,1
"strlo r0, [r0], -0x2e",1
"andeq r2, r0, r4, lsl r5",1
"stmdbmi r4, {r0, r1, r8, sl, sp, lr, pc}",1
"stmdblo r0, {r1, r2, r3, r4}",1
"andlo r0, r0, r7, asr r0",1
"movweq r6, 0xe66",1
"cdphs p4, 1, c0, c13, c5, 7",1
"ldrbpl r0, [sl, -r0]",1
bleq 0xd2154c,1
"movweq r0, 0x2f",1
"adceq r0, sb, r6, ror 9",1
"ldrbpl r0, [r8, -r0]!",1
"teqeq r2, 0",1
"movweq r0, 0x3a",1
"cdpne p4, 4, c0, c9, c8, 7",1
"ldrpl r0, [r6, r0]",1
invalid,1
"movweq r0, 0x4b",1
"cdpne p4, 4, c0, c9, c8, 7",1
"ldrbpl r0, [r5, r0]",1
"ldceq p0, c0, [sl], -0",1
invalid,1
bllo 0x21908,1
"rsbseq r7, r2, r5, ror 4",1
blge 0x15ed98,1
"stmda r0, {r1}",1
"stmdami r0, {r0, r1, r2, r4, r6}",1
"andeq lr, r0, r8, lsl r1",1
"subseq r0, r1, 0x40000010",1
hvc 0x1004,1
"rsbseq r0, r5, r0, asr r2",1
invalid,1
"andeq sl, r2, r1, lsl 22",1
"eoreq r1, lr, r0, lsl 26",1
"adceq r4, sb, r0, lsl 20",1
invalid,1
"andeq r0, r0, lr, lsl r0",1
"cdphs p4, 0, c0, c8, c6, 0",1
"ldceq p0, c0, [ip], -0",1
"movweq r0, 0x40",1
blge 0x629e0,1
"stmdami r0, {r1}",1
"stmdalt r0, {r0, r5, r6, r7}",1
"streq r0, [r0], -r1, ror 1",1
"qaddeq r0, r8, r0",1
"andeq r2, r0, r7, asr 29",1
"eoreq r1, r5, r4, lsr r4",1
"streq r0, [r5, -0x300]",1
"andeq r1, r0, sb, asr 28",1
"andeq r5, r0, r6, lsr 16",1
"rsbeq r6, lr, r0, lsr r6",1
"stcne p5, c0, [r5, -0xc]",1
"strmi r0, [r0, -lr, lsr 32]",1
"strlo r0, [r0], -0x58",1
"andeq r2, r0, fp, lsl 30",1
"stmdbge r5, {r0, r1, sb, sl}",1
"strvs r0, [r0, -0]",1
"andlo r0, r0, 0x58",1
"andeq r3, r0, r3, lsl 20",1
"stmdbmi r5, {r0, r1, fp}",1
"movwhi r0, 0x1e",1
svclo 0x58,1
"andeq r0, r0, r8, ror 4",1
"rsbsvc r6, r2, 0xec00000",1
"streq r0, [ip, -0x300]",1
"andeq r0, r0, fp, lsr 5",1
"strheq r5, [r0], -r7",1
"rsceq r8, r1, sp, lsr ip",1
"rsceq fp, r1, r0, lsl 16",1
"eoreq fp, lr, r0, lsl 6",1
blmi 0x166de44,1
"strne r0, [r3, -0]",1
"andseq r4, lr, r5, lsl 18",1
"subseq sp, r8, r0, lsl 10",1
"subvc r0, r8, r0",1
"smlattmi r0, r1, r0, r0",1
"strvc r5, [r2], -0x101",1
"andpl r4, r1, r0, lsl 2",1
"andeq r7, r0, r2, lsl 10",1
"cdpgt p0, 3, c0, c12, c0, 0",1
"andeq r0, r0, 0x3d",1
blge 0x625a8,1
"stmdalt r0, {r1}",1
"stmda r0, {r0, r5, r6, r7}",1
invalid,1
"qaddeq r0, r8, r0",1
"andeq r2, r0, sb, lsl pc",1
"strbtvc r7, [r5], -0x330",1
"biceq r0, lr, 0, 4",1
"andeq r1, r0, fp, asr sl",1
"andeq r5, r0, r3, lsl sb",1
"eoreq r2, r6, r4, lsr lr",1
"biceq r0, lr, 0, 4",1
"andeq r1, r0, pc, ror r3",1
"andeq r5, r0, r1, lsr sb",1
"rsceq sp, r1, r0, asr 8",1
"rsceq r7, ip, r0",1
"andpl r4, r1, r0, lsl 2",1
invalid,1
"andeq r2, r0, r2, lsr r4",1
"eorseq r7, pc, ip, lsr sb",1
"bicseq r0, sl, 0, 4",1
"andeq sl, r2, r1, lsl 22",1
"rsceq lr, r1, r0, lsl 16",1
"rsceq r2, r2, r0, lsl 24",1
"subseq r5, sb, r0, lsl 4",1
svchs 0x670100,1
"teqvc r0, 0",1
"andeq r7, r0, 0x65000000",1
bne 0x16e2648,1
invalid,1
blne 0xd216e8,1
"andeq r0, r0, 0x33",1
"cmnne pc, 0x68000003",1
invalid,1
invalid,1
"andvc r0, r0, r2, ror 1",1
"smlattmi r0, ip, r0, r0",1
"strlo r5, [r1], -1",1
"teqlo ip, 0",1
"movweq r0, 0x1d",1
"stmdbmi r1, {r0, r2, r5, r6, r7, sb, sl, fp}",1
invalid,1
"and r0, r0, r2, ror 1",1
"cdpge p0, 0, c0, c0, c2, 7",1
"qaddeq r0, sb, r0",1
"strdeq r2, r3, [r0], -sp",1
invalid,1
"cdpeq p3, 0xe, c0, c5, c0, 0",1
"andeq r2, r0, ip, lsl 11",1
"andeq r5, r0, lr, asr 19",1
"andseq r4, r8, r4, lsr r7",1
"cdpeq p3, 0xe, c0, c5, c0, 0",1
"andeq r1, r0, sb, asr 28",1
"andeq r5, r0, r3, lsl sl",1
"andseq r4, r2, r4, lsr r2",1
"cdpeq p3, 0xe, c0, c5, c0, 0",1
"andeq r1, r0, sb, asr 28",1
"andeq r5, r0, r1, lsr sl",1
"eorseq lr, sp, r4, lsr r5",1
"cdpeq p3, 0xe, c0, c6, c0, 0",1
"andeq r2, r0, pc, lsl sb",1
"andeq r5, r0, pc, asr 20",1
"andseq r6, r4, r2, lsr sp",1
"cdpeq p3, 0xe, c0, c8, c0, 0",1
"andeq r1, r0, sb, asr 28",1
"andeq r5, r0, sp, ror 20",1
"andeq r8, r2, pc, lsr r0",1
"strtlo r3, [pc], r0, lsl 4",1
bl 0xe1780,1
"andseq r4, lr, lr, lsl 30",1
"subseq r8, sl, r0",1
"subs r4, r4, 0",1
"ldcl p0, c0, [r0], -0",1
"mrseq r0, spsr",1
"str r0, [sl], -0x350",1
"andeq r0, r0, r3",1
"eorseq r0, sb, ip, lsr sp",1
svceq 0x320300,1
"andseq r4, lr, r1, lsl 18",1
"rsceq lr, r2, r0",1
"rsceq sl, r3, r0",1
"subseq sb, sl, r0, lsl 28",1
"adcslo r0, r6, r0, lsl 2",1
"ldrtne r0, [r4], -0",1
"movweq r0, 0x25",1
"adcslo r0, r6, r2, lsr pc",1
bpl 0xff2a17c8,1
"ldrtvs r0, [r0], -0",1
"movweq r6, 0x166",1
"strhs r0, [ip, 0xf32]",1
bpl 0xffae17d8,1
"teqeq r2, 0",1
"movweq r0, 0x3a",1
"adcslo r0, r6, r4, lsr pc",1
blpl 0x2617e8,1
"eorsne r0, r2, r0",1
"movweq r0, 0x25",1
"mcrne p15, 2, r0, c9, c5, 1",1
blpl 0x1fe17f8,1
"teqne r2, 0",1
"movweq r0, 0x19",1
"sbclo r0, r1, r6, lsr pc",1
blpl 0xfe7e1808,1
"ldrtvs r0, [sb], -0",1
"movweq r0, 0x1f",1
"mcrne p15, 2, r0, c9, c6, 1",1
"strpl r0, [r1, -0]",1
"andeq sb, r2, r2, asr 16",1
"eorseq sb, r0, r0, lsl 6",1
blmi 0x166e024,1
bmi 0xe1828,1
"eorseq fp, r0, pc, lsl 12",1
"subseq fp, fp, r0, lsl 30",1
"subne r0, r0, r0",1
"strvs r0, [r0, -r3, ror 1]",1
invalid,1
"strvc r5, [r2], -0x301",1
"andpl r4, r1, 20, 2",1
invalid,1
"strvc r5, [r2, -r1, lsl 2]",1
"andpl r4, r1, r0, lsl 2",1
"andeq r7, r0, r2, lsl 16",1
invalid,1
"smladxne r0, r0, r0, r0",1
"andeq r1, r0, pc, lsr 18",1
"cdpne p4, 4, c0, c9, c6, 0",1
"teqeq ip, 0",1
"movweq r0, 0x3e",1
"stmdbmi r1, {r2, r3, r4, r6, r7, sb, sl, fp}",1
"andge r0, r0, lr, lsl r0",1
invalid,1
"stmda r0, {r0, r1, r5, r6, r7}",1
"qaddeq r0, fp, r0",1
"andeq r3, r0, r8, asr r1",1
invalid,1
"cdpeq p3, 0xd, c0, c12, c0, 0",1
"andeq r2, r0, ip, lsl 11",1
"andeq r5, r0, r4, lsl ip",1
"andseq r4, r8, r4, lsr r7",1
"cdpeq p3, 0xd, c0, c12, c0, 0",1
"andeq r1, r0, sb, asr 28",1
"andeq r5, r0, r5, lsr ip",1
"andseq r4, r2, r4, lsr r2",1
"cdpeq p3, 0xd, c0, c12, c0, 0",1
"andeq r1, r0, sb, asr 28",1
"andeq r5, r0, r6, asr ip",1
"subeq r1, pc, r4, lsr r4",1
"cdpeq p3, 0xd, c0, c13, c0, 0",1
"andeq r1, r0, r0, asr r5",1
"andeq r5, r0, r7, ror ip",1
"movweq r7, 0x43e",1
"usatne r0, 0x18, pc, asr 0x1d",1
invalid,1
invalid,1
svchs 0x670000,1
"mrseq r0, spsr",1
"rsbseq r0, sp, r3, asr r2",1
"cmpeq r2, 0x40000010",1
"ldrshmi r0, [r2, -0x13]",1
"vrhadd.u8 d5, d3, d1",1
"mrseq r5, spsr",1
invalid,1
invalid,1
"andeq r2, r0, sl, lsr 21",1
invalid,1
"andeq r1, r0, sb, asr 28",1
"strheq lr, [r0], -ip",1
"andeq lr, r0, r4, asr r5",1
"muleq r0, r8, ip",1
"eorseq r1, r3, r1, lsl 24",1
"rsbvc r3, r5, 0",1
blpl 0xe1ae4,1
"eoreq r5, r0, r5, lsl 10",1
"subseq fp, ip, r0, lsl 16",1
blmi 0x12e928,1
blpl 0xe192c,1
"eorseq r1, r3, r5, lsl 24",1
"subseq r0, sp, r0, lsl 4",1
blo 0xee938,1
blpl 0xe193c,1
"andseq r4, lr, r5, lsl 18",1
"subseq r5, sp, r0, lsl 10",1
"strbtvs r3, [r4], -r0, lsl 28",1
"stcpl p0, c0, [r3, -0x184]",1
"eoreq r8, r5, r5, lsl 24",1
"subslo r0, r7, 0, 2",1
"andeq r0, r0, ip, lsl r3",1
"stmdbmi r5, {r0, r1, sb, sl, fp, ip, lr}",1
svcls 0x1e,1
bllo 0x21ad8,1
"movweq r7, 0x6f",1
"mcrne p5, 2, r0, c9, c15, 2",1
"ldcpl p0, c0, [sp, 0]!",1
"teqvs fp, 0",1
"movweq r7, 0x36c",1
"mcrne p5, 2, r0, c9, c15, 2",1
"cdppl p0, 0, c0, c7, c0, 0",1
invalid,1
"movweq r0, 0x17",1
"mcrne p5, 2, r0, c9, c15, 2",1
"cdppl p0, 3, c0, c11, c0, 0",1
"ldcvs p0, c0, [r2, -0]!",1
"movweq r0, 0x14",1
"mcrne p5, 2, r0, c9, c15, 2",1
"cdppl p0, 4, c0, c14, c0, 0",1
"mcrrne p0, 0, r0, r3, c0",1
"strgt r0, [r0, -r4, ror 1]",1
invalid,1
invalid,1
"stmdalo r1, {r0, r8, sb, ip, lr}",1
"cmpeq r2, r1, asr 2",1
invalid,1
"mrseq r3, spsr",1
"rsbseq r0, r7, r0, asr r2",1
"ldrt r4, [r4], -0x300",1
"sbclo r0, r7, r0",1
"sublo r0, sb, 0",1
"mrseq r0, spsr",1
"teqmi sb, r3, asr r1",1
"andlo r5, r1, r1, lsl 4",1
"cmpeq r1, r1, asr 2",1
"andpl r4, r1, r0, lsr r1",1
"andeq r7, r0, r2, lsl 14",1
"rsceq r5, r4, r3, asr 16",1
"eorseq ip, r0, r0, lsl 14",1
"eorseq r6, r2, r0, lsl 28",1
"movwpl r4, 0x1100",1
"mrseq r4, spsr",1
"rsbseq r0, r6, r2, asr r2",1
"subseq r0, r1, 0x40000010",1
hvc 0x1008,1
"rsbseq r0, r7, r0, asr r2",1
"ldrbt r4, [r4], -0x300",1
"sbclo r0, r7, r0",1
"addslo r0, r3, 0",1
"mrseq r0, spsr",1
"qdaddmi r0, r3, r0",1
"stmdavc r2, {r0, sb, ip, lr}",1
"mrspl r4, apsr",1
invalid,1
"strvc r5, [r2, -r1]",1
"vst4.8 {d16, d17, d18, d19}, [r3], r0",1
"strgt r0, [r0, -r4, ror 1]",1
invalid,1
invalid,1
"stmdalo r1, {r0, r8, sb, ip, lr}",1
"cmpeq r2, r1, asr 2",1
invalid,1
"mrseq r3, spsr",1
"rsbseq r0, r7, r0, asr r2",1
"str r4, [ip, -0x300]",1
"sbclo r0, r7, r0",1
"sbcslo r0, sb, 0",1
"mrseq r0, spsr",1
"teqmi sb, r3, asr r1",1
"andlo r5, r1, r1, lsl 4",1
"cmpeq r1, r1, asr 2",1
"andpl r4, r1, r0, lsr r1",1
"andeq r7, r0, r2, lsl 14",1
"rsceq r2, r5, r3, asr 16",1
"eorseq ip, r0, r0, lsl 14",1
"eorseq pc, r2, r0, lsl 24",1
"movwpl r4, 0x1100",1
"mrseq r3, spsr",1
"teqmi r0, r2, asr r1",1
"andlo r5, r1, r1, lsl 2",1
"subseq r0, r0, 0x40000010",1
"andmi r0, r0, r7, ror r0",1
"andeq lr, r0, r0, asr 10",1
"andeq r3, r0, r7, asr 1",1
"cmpeq r3, r1, asr 2",1
"andpl r4, r1, 0x4000000e",1
"mrseq r3, spsr",1
"teqmi r0, r1, asr r1",1
"strvc r5, [r2, -r1]",1
"streq r0, [r0], -r0",1
"andeq fp, r5, r4, lsl 16",1
"ldcne p12, c3, [ip], -0",1
"strmi r0, [r3, -0]",1
"adceq r0, fp, 0x40000001",1
"ldrb r0, [r4, -0]",1
"ldrb r0, [r8]",1
"cdppl p0, 6, c0, c1, c0, 0",1
"andlt r0, r1, r0",1
"strlo r0, [r0], -0x33",1
"andeq r2, r0, fp, lsl 30",1
"stmdbge r5, {r0, r1, r8, sl, lr}",1
"stchi p0, c0, [r0, -0]",1
"strlo r0, [r0], -0x5e",1
"andeq r3, r0, r3, lsl 20",1
"stmdbmi r5, {r0, r1, r8, sl, lr}",1
blge 0x21b74,1
"andlo r0, r0, 0x5e",1
"andeq r4, r0, r4, lsl 22",1
invalid,1
"stmdbgt r0, {r0, r1, r4, r5}",1
"mcrlo p0, 0, r0, c0, c14, 2",1
"rsbseq r7, r2, r5, ror 4",1
blge 0x173b24,1
"andeq r0, r0, 2",1
"umaalls r6, r3, r1, r4",1
"stmdapl r0, {r0, r2, r5, r6, r7}",1
"stmdbls r0, {r0, r4, r5}",1
invalid,1
"strvc r5, [r2, -0x101]",1
"andpl r4, r1, r0, lsl 2",1
"rsbeq sb, r4, r2, lsl 2",1
"rsceq ip, r5, r0, asr 32",1
"eorseq r5, r1, r0, lsl 16",1
"mrspl r4, apsr",1
invalid,1
invalid,1
blmi 0x21ce0,1
"andeq r2, r0, r1, ror 4",1
invalid,1
"ldrdeq lr, pc, [r0], -r8    ; [0x21b5c:4]=0x5ee7",1
"andeq lr, r0, r4, lsr r6",1
"andeq r5, r0, r7, ror 29",1
"eorseq r2, r4, r1, lsl 20",1
blo 0xfe22eb6c,1
"strmi r0, [r2, -r0]",1
"andseq fp, sl, r6, lsl 20",1
"subseq r0, pc, r0, lsl 14",1
"strb r4, [r8, 0xc00]!",1
"stc p0, c0, [sb], {0}",1
invalid,1
"stmdbhi r0, {r0, r2, r5, r6, r7}",1
invalid,1
"andeq lr, r0, r8, lsl 12",1
"andeq lr, r0, sb, lsl 25",1
"rsceq r1, r6, ip, asr 32",1
"rsceq r8, ip, r0, lsl 18",1
"ldr r4, [r8], -r0, lsl 24",1
"stc p0, c0, [sb], {0}",1
"subhs r0, ip, r0",1
"stmdbhi r0, {r1, r2, r5, r6, r7}",1
invalid,1
"andeq lr, r0, r8, lsr 12",1
"andeq lr, r0, sb, lsl 25",1
"rsceq r3, r6, r0, asr 32",1
"rsceq r8, ip, r0, lsl 18",1
"andpl r4, r1, r0, lsl 2",1
"andeq r7, r0, r2, lsl 8",1
"ldrhs r4, [sb, -0xb00]",1
invalid,1
"shadd16 r0, r4, r0",1
"ldrb r0, [ip], r0",1
svcpl 0x250000,1
setend le,1
"strlo r0, [r0], -0x34",1
"andeq r2, r0, ip, ror 11",1
invalid,1
"strmi r0, [r0, -0x34]",1
"andlo r0, r0, 0x5f",1
"andeq r4, r0, r6, ror 11",1
svcvc 0x108e04,1
"movwvs r0, 0x13",1
blo 0x21d80,1
"andeq lr, r0, ip, asr 12",1
"strheq lr, [r0], -ip",1
"eorseq r8, sp, r2, lsr ip",1
"addsne r0, r1, r0, lsl 8",1
"andeq r1, r0, pc, ror r3",1
"andeq r5, r0, r2, lsl 31",1
"rsbvc r7, pc, fp, lsr r4",1
"addsne r0, r2, r0, lsl 8",1
"andeq r1, r0, sb, lsr sp",1
"andeq r5, r0, r1, lsr 31",1
"rsceq r6, r6, sp, lsr r8",1
"rsceq r8, r6, r0",1
"eorseq ip, r4, r0, lsl 8",1
"strhs r3, [r1, r0, lsl 4]",1
"strls r0, [r4, -0]",1
"andseq fp, fp, r0, lsl r6",1
"subseq fp, pc, r0, lsl 8",1
"ldrbt r4, [r8], -r0, lsl 24",1
"stc p0, c0, [sb], {0}",1
"subhi r0, r0, r0",1
"stmdbhi r0, {r1, r2, r5, r6, r7}",1
"smlattmi r0, ip, r0, r0",1
"strvc r5, [r2, -1]",1
invalid,1
"muleq r0, r8, r6",1
"andeq lr, r0, sb, lsl 25",1
"rsceq sl, r6, ip, asr 24",1
"rsceq r8, ip, r0, lsl 18",1
"ldrt r4, [r4], r0, lsl 24",1
"stc p0, c0, [sb], {0}",1
"mcrrlt p0, 0, r0, r0, c0",1
"stmdbhi r0, {r1, r2, r5, r6, r7}",1
"smlattmi r0, ip, r0, r0",1
"strvc r5, [r2], -r1",1
"andeq r0, r0, r0",1
"ldcne p4, c0, [0x00021c7c]!",1
"cdpne p0, 3, c0, c12, c0, 0",1
"streq r0, [r0], -0x40",1
blge 0x634c0,1
invalid,1
"andmi r0, r0, r6, ror 1",1
"strgt r0, [r0, -r7, ror 1]",1
"qaddeq r0, pc, r0",1
"andeq r3, r0, sl, asr r5",1
"rsbseq r6, r3, r0, lsr r6",1
bpl 0x1a3ccc,1
"smladx r0, r5, r0, r0",1
blo 0x21e40,1
"andeq lr, r0, r8, ror 13",1
"andeq lr, r0, r8, lsr r7",1
"eoreq sl, r7, r2, lsr r8",1
"streq r0, [ip], -r0, lsl 8",1
"andeq r1, r0, pc, ror r3",1
"andeq r6, r0, r5",1
"rsceq r0, r7, ip, asr 24",1
"rsceq r8, ip, r0, lsl 18",1
"ldr r4, [ip, -r0, lsl 24]",1
"stc p0, c0, [sb], {0}",1
invalid,1
"stmdbhi r0, {r0, r1, r2, r5, r6, r7}",1
"andeq r0, r0, ip, ror 1",1
invalid,1
blmi 0x21d74,1
"andeq r4, r0, r7, lsr 10",1
invalid,1
"andeq lr, r0, r0, asr 14",1
"andeq lr, r0, r0, ror r7",1
"andeq r6, r0, r4, lsr 32",1
"eorseq sl, r5, r1, lsl 12",1
"ldrhs r3, [0x0002211c]      ; [0x2211c:4]=0x1c690",1
"movwls r0, 0x2000",1
"eoreq r4, r3, r3, lsl 20",1
"rsbeq r4, r0, r0, lsl 8",1
"ldrb r4, [r0, -r0, lsl 24]",1
"stc p0, c0, [sb], {0}",1
invalid,1
"stmdbhi r0, {r0, r1, r2, r5, r6, r7}",1
invalid,1
"andeq lr, r0, ip, ror 14",1
"andeq lr, r0, sb, lsl 25",1
"ldrlo r4, [sb], r0, lsl 22",1
invalid,1
"ldrb r0, [r0, -lr, lsl 2]!",1
"ldr r0, [r4, r0]",1
"rsbvs r0, r2, r0",1
"vhadd.u8 d0, d1, d0",1
"strlo r0, [r0], -0x35",1
"andeq r3, r0, r2, lsl sp",1
blpl 0x3d4174,1
"andhi r0, r0, 0x16",1
invalid,1
"andeq lr, r0, r0, lsl 15",1
"andeq lr, r0, sb, lsl 25",1
"rsceq r8, r7, ip, asr 16",1
"rsceq r8, ip, r0, lsl 18",1
"ldr r4, [r0, r0]",1
"stc p0, c0, [sb], {0}",1
"mrseq r0, spsr",1
"rsbseq r0, r4, r0, asr r2",1
"sub r0, fp, r0",1
"movweq r0, 0x3d",1
"strls r0, [r1], -0xf16",1
"andle r0, r0, r7, ror 1",1
"andge r0, r0, r7, ror 1",1
invalid,1
"andeq r3, r0, r0, lsr r6",1
"eorseq r0, sl, r4, lsr r3",1
svceq 0x160300,1
"andeq r1, r0, sp, lsr lr",1
"andeq r6, r0, r0, asr 1",1
"rsceq fp, r7, ip, asr 8",1
"eorseq sl, r5, r0, lsl 12",1
"strb r4, [r8, r0, lsl 24]",1
"stc p0, c0, [sb], {0}",1
invalid,1
"andeq r1, r0, r4, ror fp",1
"mrseq r2, apsr",1
"andeq r0, r0, fp, lsr 5",1
"ldrdeq lr, pc, [r0], -r0    ; [0x21de0:4]=0x60fa",1
"andeq lr, r0, r4, ror 15",1
"strdeq r6, r7, [r0], -sl",1
"eorseq r8, r6, r1, lsl 4",1
svchs 0xb3400,1
"strhs r0, [r3, -0]",1
"andeq sl, r0, pc, lsl 18",1
"rsbeq r1, r1, r0, lsl 20",1
blo 0xeee00,1
"strhs r0, [r3, -0]",1
"andseq r4, lr, pc, lsl 18",1
"rsbeq r3, r1, r0, lsl 22",1
"ldrb r4, [ip, r0]",1
"ldrblo r0, [r3, 0]!",1
"mrseq r0, spsr",1
invalid,1
"andseq r2, r4, r1, asr r3",1
"eorsmi r4, r5, r0, lsl 22",1
"movwvs r0, 0x3000",1
"strb r0, [r4, r2, lsl 2]!",1
invalid,1
"cmpvs ip, r0",1
"movwls r0, 0x1000",1
"andlo r0, r0, r7, lsr r0",1
"rsbeq r6, r1, r4, ror 12",1
invalid,1
invalid,1
bllo 0x21fd0,1
"strvs r0, [r3, -0x69]",1
"andseq r7, r3, r2, lsl 30",1
"rsbeq sb, r1, r0, lsl 20",1
"rsbeq r3, sl, r0, lsl 22",1
svcvc 0x26503,1
blle 0x21eb0,1
"stclo p0, c0, [r0, -0x184]",1
"ldrdeq lr, pc, [r0], -r0    ; [0x21e6c:4]=0x3716",1
"andeq lr, r0, r0, lsl sb",1
"andeq r3, r0, r6, lsl r7",1
"subeq r0, sb, r2, lsr sl",1
"rsbseq r0, ip, 0, 6",1
"andeq r1, r0, r3, asr 28",1
"strdeq r6, r7, [r0], -sl",1
"rsceq lr, r8, sp, lsr ip",1
"rsceq pc, r8, r0, lsl 16",1
"eorseq r0, r7, r0, lsl 24",1
blo 0xfe22e694,1
svcvc 0x30000,1
"andseq fp, sl, r2, lsl 20",1
"rsbeq r0, r2, r0, lsl 26",1
"ldm r8!, {sl, fp, lr} ^",1
"movslo r0, 0",1
invalid,1
"andeq lr, r0, r0, lsl sb",1
"andeq lr, r0, sb, lsl 25",1
"ldmda r4, {sl, fp, lr}",1
"ldrblo r0, [r3, 0]!",1
"mcrrhs p0, 0, r0, ip, c0",1
"stmdbhi r0, {r3, r5, r6, r7}",1
invalid,1
"andeq lr, r0, r8, asr r8",1
"andeq lr, r0, sb, lsl 25",1
"rsceq r7, r8, ip, asr 32",1
"rsceq r8, ip, r0, lsl 18",1
"stm r8, {sl, fp, lr}",1
"stc p0, c0, [sb], {0}",1
"strbge r0, [ip], -0",1
"stmdbhi r0, {r3, r5, r6, r7}",1
invalid,1
"andeq lr, r0, ip, lsr 17",1
"andeq lr, r0, sb, lsl 25",1
"rsceq fp, r8, ip, asr 8",1
"rsceq r8, ip, r0, lsl 18",1
"ldm ip!, {sl, fp, lr}",1
"stc p0, c0, [sb], {0}",1
"mcrrhs p0, 0, r0, ip, c0",1
"stmdbhi r0, {r0, r3, r5, r6, r7}",1
invalid,1
"andeq lr, r0, r0, asr 18",1
"andeq lr, r0, sb, lsl 25",1
"rsceq r4, sb, ip, asr 16",1
"rsceq r8, ip, r0, lsl 18",1
"ldmdb r0, {lr} ^",1
"stc p0, c0, [sb], {0}",1
"mrseq r0, spsr",1
"rsbseq r0, r6, r0, asr r2",1
"strble r0, [fp, -r0]",1
"movweq r0, 0x2a",1
"stmdapl r1, {r1, r2, r3, r5, r6, r7, r8, sb}",1
"strge r0, [r0], -0xe9",1
"strhs r0, [r0, -sb, ror 1]",1
invalid,1
"strdeq r3, r4, [r0], -lr",1
"subeq r0, fp, r4, lsr r4",1
invalid,1
"andeq r3, r0, ip, lsl r3",1
"andeq r6, r0, r7, asr 4",1
invalid,1
"mvnseq r0, 0, 6",1
"andeq r2, r0, ip, lsl 11",1
svcge 0x325501,1
"movweq r0, 0x36",1
"mcrne p3, 2, r0, c15, c1, 7",1
"rsbvs r0, r8, 0",1
b 0xca1f7c,1
"movweq r0, 0x2f",1
"mcrne p3, 2, r0, c15, c1, 7",1
"addsvs r0, r1, 0",1
"strbvc r0, [ip], -0",1
"stmdbhi r0, {r0, r3, r5, r6, r7}",1
invalid,1
"muleq r0, ip, sb",1
"andeq lr, r0, sb, lsl 25",1
"ldrne r4, [r1, -r0, lsl 22]",1
"strhs r0, [r1], -r0",1
"stmib r4!, {r0, r1, r8}",1
invalid,1
"adcvs r0, r4, 0",1
"andhi r0, r1, r0",1
"strlo r0, [r0], -0x38",1
"muleq r0, sb, r4",1
"strgt r2, [r3], -r1, lsl 12",1
"strgt r0, [r0], -0x13",1
"andlo r0, r0, r2, rrx",1
"rsbeq r7, r3, r3, ror r2",1
"strle r2, [r3, -r1, lsl 12]",1
"str r0, [r0, -0x13]",1
"strmi r0, [r0, -r2, rrx]",1
"andeq r1, r0, pc, lsl pc",1
"andeq lr, r0, r8, lsr 19",1
"strheq lr, [r0], -r4",1
"stcmi p8, c2, [r3, -4]",1
"andeq r1, r0, r8, asr 30",1
svcne 0x3d4520,1
"movwvs r0, 0x6000",1
"sublo r0, r5, 0",1
"smladhs r0, pc, r0, r0",1
"andmi r0, r0, r3, rrx",1
"strheq lr, [r0], -r0",1
"muleq r0, lr, ip",1
"subseq r0, r2, 0x40000010",1
"mrseq r2, spsr",1
invalid,1
"andpl r4, r1, r1, asr r1",1
"andpl pc, r1, r3, lsl 6",1
invalid,1
"andeq r2, r0, pc, lsl 25",1
"mrseq r8, apsr",1
"andeq r1, r0, pc, ror r3",1
"strheq lr, [r0], -r4",1
"andeq lr, r0, r0, ror 20",1
"andeq r6, r0, r8, asr 6",1
"eorseq sb, sb, r1, lsl 18",1
invalid,1
"streq r0, [sb, 0x400]",1
"andeq r3, r0, sl, asr r5",1
"andeq r6, r0, r8, ror 6",1
"andseq sl, sb, r4, lsr ip",1
"streq r0, [sb, 0x400]",1
"andeq r1, r0, sb, ror 8",1
"muleq r0, ip, r3",1
"eorseq sl, pc, r4, lsr r2",1
"streq r0, [sb, 0x400]",1
"andeq r1, r0, pc, ror r3",1
"ldrdeq r6, r7, [r0], -r6",1
"subeq r3, r1, r4, lsr r7",1
"streq r0, [sl, 0x400]",1
"strdeq r1, r2, [r0], -r6",1
"andeq r6, r0, r0, lsl r4",1
"eoreq r8, r7, r3, lsr pc",1
"streq r0, [sl, 0x400]",1
"andeq r1, r0, fp, asr sl",1
bllo 0x46494,1
"rsbeq r7, sp, lr, ror 10",1
svcvc 0x58c04,1
bmi 0x220e4,1
"cdpmi p0, 0, c0, c0, c4, 3",1
"andeq r1, r0, r2, lsr 6",1
"andeq r3, r0, sb, lsr 19",1
"strvc r0, [r3], -0x501",1
"strmi r0, [r0], -0x1c4",1
"andeq r1, r0, pc, lsl pc",1
"andeq lr, r0, r4, lsl 20",1
"andeq lr, r0, r4, lsl sl",1
"strpl r8, [r5], -r4, lsl 30",1
"strmi r0, [r0, -0x39]",1
"andeq r1, r0, r8, asr 30",1
"andeq r6, r0, r5, ror r4",1
"andseq r3, pc, r5, asr 26",1
"rsbeq sl, r4, r0, lsl 14",1
svcne 0x324500,1
"strbvs r0, [r1], 0",1
"strbne r0, [r0], -0",1
"cdpls p0, 0, c0, c0, c10, 7",1
"smlattmi r0, ip, r0, r0",1
"vhsub.u8 d5, d5, d1",1
"ldrths r5, [r3], -0x201",1
"cmpeq r0, 0x40000010",1
"ldrsheq r0, [r3], -0x13",1
"stmib r8!, {r8, sb, lr} ^",1
"ldc p0, c0, [pc], 0",1
invalid,1
"mrseq r0, spsr",1
"strvc r0, [r3], -0x553",1
"smlabtmi r0, r4, r1, r0",1
beq 0xf6914,1
"smlalbbeq r0, r1, sp, r5",1
invalid,1
"smlabtmi r0, r6, r1, r0",1
"movweq r5, 0x5001",1
"muleq r1, r0, r6",1
b 0x735128,1
"stc p0, c0, [sb], {0}",1
"mcrrhs p0, 0, r0, ip, c0",1
"stmdbhi r0, {r1, r3, r5, r6, r7}",1
"andeq r0, r0, ip, ror 1",1
"andeq fp, r0, ip, lsl 24",1
"eorseq sl, sb, r0, lsl 18",1
"addseq r0, r7, r0, lsl 26",1
"andeq r0, lr, r0",1
"eorseq sb, sb, r7, lsl sb",1
"bicshs r2, sp, r0, lsl 16",1
b 0xa2154,1
"adceq r0, fp, 0xc0000000",1
"str r0, [r1, -0]",1
invalid,1
"rsbseq r6, r4, r3, ror r5",1
blpl 0x11c970,1
"smladhs r0, sl, r0, r0",1
"andeq r1, r0, r7, lsl sp",1
svcvc 0x3ea02,1
"smladhs r0, r3, r0, r0",1
"andeq r2, r0, r4, asr 2",1
svcvc 0x3ea02,1
"andeq r0, r0, r3, lsl r0",1
"subeq sl, r3, ip, lsr r5",1
"streq r0, [sp, 0x300]!",1
"andeq sl, r2, r1, lsl 22",1
"rsceq r6, sl, r0",1
"rsceq r8, ip, r0, lsl 16",1
"rsbeq lr, r4, r0, lsl 4",1
bllo 0xfe6e25a0,1
bleq 0xd221a4,1
"movweq r0, 0x2f",1
"adceq r0, sb, sp, lsr 11",1
"strvs r0, [r2, -0]",1
"teqeq r4, 0",1
"movweq r0, 0x3a",1
"cdpne p5, 4, c0, c9, c13, 5",1
"ldrvs r0, [sp], -r0",1
"ldrtvs r0, [fp], -0",1
"movweq r6, 0x166",1
"strhs r0, [ip, 0x5af]",1
"ldrbvs r0, [pc], r0         ; [0x221d0:4]=0x3007864",1
invalid,1
"movweq r7, 0x864",1
"cmnne pc, 176, 10           ; 0xb0",1
"ldrbvs r0, [sl, r0]!",1
"ldrvs r0, [fp, -0]!",1
"movweq r7, 0x272",1
"adceq r0, fp, 0x2c400000",1
invalid,1
"subhs r0, lr, 0",1
blls 0x22244,1
invalid,1
"strgt r0, [r4], 0x305",1
"ldmdale sp!, {r0}",1
invalid,1
invalid,1
"andlo r0, r0, 0x3b",1
"andeq r1, r0, r7, asr 16",1
svcvc 0x5bf03,1
ble 0x22268,1
"andlo r0, r0, 0x68",1
"andeq r1, r0, r2, asr 4",1
svcvc 0x5bf03,1
"stc p0, c0, [r0, -0x4c]",1
"strmi r0, [r0], -0x68",1
"andeq r3, r0, lr, lsr 19",1
"andeq lr, r0, r4, asr fp",1
"strheq lr, [r0], -ip",1
svcgt 0x5cb03,1
"strmi r0, [r0, -0x3a]",1
"ldrdeq r3, r4, [r0], -r8",1
"andeq r6, r0, r0, lsl 18",1
"eorseq ip, sb, r5, asr 24",1
"rsbeq r1, sb, r0, lsl 6",1
"stmiblo r0, {r8, sl, lr} ^",1
invalid,1
"strbvs r0, [r0], -0",1
"andvc r0, r0, fp, ror 1",1
"smlattmi r0, ip, r0, r0",1
"stmdalo r1, {r0, ip, lr}",1
invalid,1
svclt 0xeb,1
invalid,1
invalid,1
"movweq r5, 0x5301",1
"andeq ip, r1, r4, lsl 9",1
"cmpeq r2, 0x40000010",1
"mrsmi ip, apsr",1
"movweq r5, 0x5101",1
"ldrdeq ip, sp, [r1], -r8",1
"ldrbeq r0, [r0, -0x141]",1
"biceq lr, r6, r3, lsl 16",1
"strbmi r0, [r0], -0",1
svclt 0xeb,1
"smlattmi r0, ip, r0, r0",1
"movweq r5, 0x5301",1
"andeq ip, r1, r4, lsl 9",1
"cmpeq r2, 0x40000010",1
invalid,1
"movweq r5, 0x5101",1
"ldrdeq ip, sp, [r1], -r8",1
"ldrbeq r0, [r0, -0x141]",1
"biceq r0, r7, r3, lsl 8",1
"movwmi r0, 0",1
"ldrdeq lr, pc, [r0], -r8    ; [0x222d0:4]=0x3b5c",1
"strheq lr, [r0], -pc",1
"andeq r3, r0, ip, asr fp",1
"ldrbeq r0, [r3, -0x141]",1
"biceq r8, r4, r3, lsl 8",1
"andpl r4, r1, 0, 2",1
"ldreq r0, [sb, 0xa03]!",1
"ldrbeq r0, [r1, -0x141]",1
"biceq sp, r6, r3, lsl 16",1
"andpl r4, r1, r0, lsl 2",1
"ldrtgt r0, [ip], r5, lsl 6",1
invalid,1
"ldrdeq lr, pc, [r0], -r8    ; [0x22300:4]=0xec104c",1
"andeq r2, r0, sb, lsl pc",1
"rsceq r1, ip, ip, asr 32",1
"eoreq r1, pc, r0, lsl 18",1
"ldc p0, c4, [r0], -0",1
"ldc p0, c0, [pc], 0",1
"mrseq r0, spsr",1
"strhi r0, [r3], -0x553",1
"smlabtmi r0, r4, r1, r0",1
beq 0xf6b28,1
"ldrdeq r0, r1, [r1, -0x5c]",1
"stmdale r3, {r0, r4, r6, r8, sl}",1
"smlabtmi r0, r6, r1, r0",1
"movweq r5, 0x5001",1
"andeq ip, r1, r4, lsr 14",1
invalid,1
svcmi 0x39,1
"andeq r1, r0, r6, lsl lr",1
blge 0x83350,1
"stmdahi r0, {r1}",1
"strlo r0, [r0], -0xec",1
"stmdblo r0, {r0, r2, r3, r5, r6, r7}",1
invalid,1
"andeq r3, r0, r2, ror 24",1
"eoreq sb, r5, r8, lsr pc",1
bmi 0xfe122b64,1
"stmdbpl r0, {r0, r1, r5}",1
"stmdalo r0, {r0, r3, r5, r6}",1
"strheq r1, [r0], -sp",1
"cmnne pc, 0x2000000",1
invalid,1
"sublt r0, r2, r0",1
invalid,1
"andpl r0, r0, ip, lsr r0",1
"andeq r2, r0, sp, asr 12",1
"ldmne r4, {r1, r8, fp, pc}",1
invalid,1
"ldclvs p0, c0, [r0, -0]",1
"andeq r0, r0, 0x45",1
"eorseq r6, ip, ip, lsl 5",1
"rsbeq lr, sb, r0, lsl 22",1
"sbceq r4, r8, 0, 4",1
"stclo p0, c0, [fp], -0",1
"ldrbhi r0, [r0, -r0]",1
"andeq r0, r0, 0x37",1
"mulseq r4, r6, sb",1
"rsbeq r0, sl, r0, lsl 22",1
"ldcl p0, c4, [r8], {0}",1
"stcl p0, c0, [r2], 0",1
"mrseq r0, spsr",1
"rsbseq r0, r6, r1, asr r2",1
invalid,1
"and r0, r0, 0xec",1
"smlattmi r0, ip, r0, r0",1
"strvc r5, [r2], -r1, lsl 2",1
svclo 0,1
"andeq r0, r0, r0, ror 5",1
"eoreq r3, r7, r0, asr r4",1
"addslt r0, pc, 0, 4",1
"stmdbhs r0, {r0, r2}",1
"andmi r0, r0, sl, rrx",1
"strdeq lr, pc, [r0], -ip",1
"andeq lr, r0, r2, ror 25",1
"subseq r0, r1, 0x40000010",1
"andeq r0, r0, r5, ror r0",1
"sbcseq r1, sb, r0, lsl 14",1
"ldrths r0, [ip], -0",1
"andeq r0, r0, 0x20",1
"strle r0, [r1], -0x539",1
"strlo r0, [r0], -0x20",1
"stmdals r0, {r0, r2, r3, r5, r6, r7}",1
"strmi r0, [r0, -sp, ror 1]",1
invalid,1
"andeq r3, r0, r5, asr 25",1
"strbtvc r7, [r5], -0x330",1
"ldreq r0, [sb, -0x200]!",1
"andeq r1, r0, fp, asr sl",1
"andeq r6, r0, r7, ror 20",1
"eorseq r1, r3, r4, lsr fp",1
"ldreq r0, [sb, -0x200]!",1
"andeq r1, r0, pc, ror r3",1
"andeq r6, r0, r5, lsl 21",1
"andeq pc, r2, pc, lsr r8",1
"addsmi r3, r6, r0, lsl 4",1
"cdplo p0, 0, c0, c2, c0, 0",1
"andseq r6, r4, r5, lsl 18",1
"rsbeq sl, sl, r0, lsl 6",1
"stcl p12, c4, [r8, -0]!",1
"stcl p0, c0, [r2], 0",1
"andeq r0, r0, r0",1
"andseq sb, r5, ip, lsr r1",1
"strteq r0, [r4], -r0, lsl 4",1
"andeq sl, r2, r1, lsl 22",1
"rsceq sb, sp, r0, lsl 16",1
"rsceq sb, lr, r0",1
"rsbeq ip, sl, r0, lsl 2",1
"stclo p1, c0, [0x00022480]!",1
"ldrtvs r0, [r0], -0",1
"andeq r6, r0, 0x80000019",1
"stcne p6, c0, [r2, -0x90]!",1
bvs 0xff862490,1
"ldrtmi r0, [r4], -0",1
"andeq r0, r0, 0x1b",1
bne 0xfeea3d2c,1
blvs 0x9a24a0,1
svchs 0x340000,1
"andeq r0, r0, 0x2d",1
"orrne r0, sl, 0x2500000",1
blvs 0x11224b0,1
"teqlt r2, 0",1
"andeq r0, r0, 0x3d",1
"cdpne p6, 4, c0, c3, c7, 1",1
blvs 0xfe2624c0,1
"ldrvs r0, [fp, -0]!",1
"andeq r7, r0, 0x20000007",1
"adceq r0, fp, 40, 12",1
blvs 0xfe9e24d0,1
invalid,1
"strteq r0, [sb], -r0, lsl 4",1
"andeq r1, r0, pc, ror r3",1
"andeq r6, r0, r5, asr 23",1
"andeq r1, r3, r2, asr 32",1
"eorseq r6, sp, r0, lsl 22",1
"tstlo fp, 0, 4",1
invalid,1
"andseq r7, r3, r6, lsl 30",1
"rsbeq lr, fp, r0, lsl 8",1
"ldcl p0, c4, [r8, 0]!",1
"stcllo p0, c0, [r7], -0",1
"mrseq r0, spsr",1
"rsbseq r0, r7, r0, asr r2",1
invalid,1
"cdpls p0, 0, c0, c0, c3, 0",1
"andlo r0, r0, 0x3d",1
"andeq r2, r0, lr, lsl r2",1
svcvc 0x63a02,1
invalid,1
"andlo r0, r0, 0x6b",1
"strheq r1, [r0], -fp",1
"strlt r3, [r6], -0xb02",1
"strne r0, [r0, -0x1a]",1
invalid,1
"andeq lr, r0, ip, asr 28",1
"andeq lr, r0, r2, ror 25",1
"ldc p0, c4, [ip, 0]!",1
"cdphs p0, 0xc, c0, c7, c0, 0",1
"mrseq r0, spsr",1
"rsbseq r0, r7, r0, asr r2",1
bpl 0xf22550,1
"andeq r0, r0, 0x34",1
blge 0x6381c,1
"andls r0, r0, r2",1
"strmi r0, [r0], -0xee",1
"movwlo r0, 0xf0",1
invalid,1
"andeq r3, r0, r6, lsl 30",1
"andeq sb, r4, r4, lsr sb",1
"ldrteq r0, [r1], 0x200",1
"andeq r1, r0, fp, asr sl",1
"andeq r6, r0, r3, asr ip",1
"cmnvs r2, 48, 6             ; 0x30",1
"ldrteq r0, [r1], 0x200",1
"strdeq r2, r3, [r0], -ip",1
"muleq r0, sp, ip",1
"rsbseq r6, r3, fp, lsr sb",1
svcvc 0x4b302,1
"stc p0, c0, [r0, -0x4c]",1
bllo 0x2274c,1
"andeq r6, r0, 0x69000000",1
"cmnne pc, 0xb3000000",1
"ldcvs p0, c0, [r4, -0]!",1
svceq 0x320000,1
"andeq r0, r0, 0x15",1
"cmnne pc, 0xb3000000",1
"ldclvs p0, c0, [r5, -0]!",1
blpl 0xca25bc,1
"andeq r0, r0, 0x22",1
"cmnne pc, 0xb3000000",1
"ldcvs p0, c0, [r3]",1
"submi r0, r2, r0",1
"cdppl p0, 0, c0, c0, c3, 0",1
"andlo r0, r0, 0x3e",1
"andeq r2, r0, lr, lsl r2",1
svcvc 0x4b802,1
"stmdble r0, {r0, r1, r4}",1
"andlo r0, r0, 0x6d",1
"muleq r0, pc, sl",1
"stmdbvs r4, {r1, r8, fp, ip, sp, pc}",1
invalid,1
invalid,1
"ldrdeq lr, pc, [r0], -r4    ; [0x225f8:4]=0x1f1f4400",1
"andeq lr, r0, r2, ror 25",1
svcne 0x1f4400,1
"cdp p0, 0xf, c0, c12, c0, 0",1
svc 0xc0000,1
"movwgt r0, 0x2000",1
"eorseq sb, lr, r4, lsl 14",1
svcne 0x484500,1
"cdpvs p0, 1, c0, c5, c0, 0",1
"stcllo p0, c0, [r5, -0]",1
"stmdalo r0, {r0, r1, r2, r3, r4}",1
"strmi r0, [r0, -0x6e]",1
"andeq r1, r0, r2, lsr pc",1
"andeq r6, r0, ip, asr 28",1
"rsceq r0, pc, ip, asr 24",1
"rsceq sb, ip, r0, lsl 28",1
svcne 0x440000,1
invalid,1
invalid,1
"andeq r0, r0, 0xef",1
"mrclo p4, 6, r0, c0, c9, 6",1
invalid,1
"andvs r0, r0, pc, lsl r0",1
"strmi r0, [r0, -0x6e]",1
"andeq r1, r0, sp, lsr pc",1
"andeq r6, r0, r2, lsl 29",1
"andseq r3, pc, r5, asr 4",1
"rsbeq sb, lr, r0, lsl 12",1
svc 0x9c4c00,1
"ldc p0, c0, [lr], {0}",1
"strmi r0, [r0, -r0]",1
"andeq r1, r0, pc, lsl pc",1
"andeq pc, r0, r4",1
"andeq pc, r0, ip, lsl r0",1
"strmi pc, [r4, -0x502]",1
"andeq r1, r0, r8, asr 30",1
"strheq r6, [r0], -r1",1
"andseq r3, pc, r5, asr 26",1
"rsbeq sp, lr, r0, lsl 6",1
svcne 0x324500,1
"cdpvs p0, 0xf, c0, c15, c0, 0",1
"strbne r0, [ip], -0",1
"mcrls p0, 0, r0, c0, c0, 7",1
"andeq r0, r0, ip, ror 1",1
"cdphs p12, 0xd, c3, c3, c0, 0",1
"streq r0, [r2, -0]",1
"sbcshs r0, r4, r5, lsl 2",1
invalid,1
invalid,1
svcvs 0x1d0000,1
"cdphi p0, 0, c0, c1, c0, 0",1
"andlo r0, r0, pc, lsr r0",1
"rsbseq r6, r4, r3, ror r5",1
blpl 0x163ad4,1
"stclo p0, c0, [r0, -0x68]",1
"strlo r0, [r0], -0x6f",1
"andeq r3, r0, fp, lsl r3",1
svcvc 0x50502,1
"smladhi r0, r3, r0, r0",1
bllo 0x228a0,1
"rsbseq r6, r8, sb, ror 8",1
svcvc 0x50702,1
"strge r0, [r0, -0x13]",1
"andmi r0, r0, 0x6f",1
"andeq r0, r0, r8, asr r3",1
"andeq r3, r0, r7, ror pc",1
"subeq sb, r0, r2, lsr r6",1
"ldreq r0, [r7, -0x200]",1
"andeq r1, r0, sb, ror 8",1
"andeq r6, r0, r7, ror 31",1
"rscseq fp, r0, ip, asr 8",1
"rsceq lr, ip, r0, lsl 4",1
"strbvs r0, [r0], -0",1
"stmdbne r0, {r4, r5, r6, r7}",1
invalid,1
"strvc r5, [r2, -0x101]",1
"andpl r4, r1, r0, lsl 2",1
"andeq r7, r0, r2, lsl 8",1
"ldclhs p12, c3, [lr, -0]",1
invalid,1
"adceq r0, fp, 12, 2",1
invalid,1
"vhadd.s32 d16, d0, d0",1
"andvc r0, r5, r0",1
invalid,1
"andlo r0, r0, r0, asr 32",1
"rsbeq r6, r1, r4, ror 12",1
"andhs sb, ip, 4, 16",1
invalid,1
"strlo r0, [r0], -0x70",1
"andeq r4, r0, sb, asr r7",1
blpl 0x348774,1
svcmi 0x1a,1
"strlo r0, [r0], -0x70",1
"andeq r2, r0, sb, asr 4",1
svcvc 0xc9904,1
"stcvs p0, c0, [r0, -0x4c]",1
"strlo r0, [r0], -0x70",1
"andeq r2, r0, r1, lsr 2",1
svcvc 0xc9904,1
"mcrhi p0, 0, r0, c0, c3, 0",1
"movwlo r0, 0x70",1
"andeq r4, r0, r4, lsl pc",1
bpl 0x348ba4,1
"andeq r0, r0, 0",1
"mrcmi p0, 1, r0, c2, c1, 4",1
"streq r0, [r0], -0x1d",1
"cmnne pc, 0x9b00",1
"adcvc r0, ip, r0",1
"subvc r0, r2, r0",1
"strls r0, [r0, -3]",1
bllo 0x228b4,1
"streq r6, [r0], -0xb6f",1
"smullshs r0, r4, lr, ip",1
"sbcsvc r0, r5, r0",1
"ldc2 p0, c0, [sp], -0",1
"strdhs r0, r1, [r0], -r1",1
"strvs r0, [r0], -0xf2",1
bllo 0x228d0,1
"rsbseq r7, r2, r5, ror 4",1
blge 0x34efe8,1
"cdp2 p0, 0, c0, c0, c2, 0",1
"andmi r0, r0, r0, ror r0",1
"andeq pc, r0, r8, lsl r2",1
"andeq r3, r0, lr, lsl 31",1
"subseq r0, r3, 0x40000010",1
hvc 0x1008,1
"rsbseq r0, r6, r1, asr r2",1
"subseq r0, r0, 0x40000010",1
"subeq r0, r1, 0x75",1
"smlsdxvc r2, sp, r0, r0",1
"movwmi r0, 0",1
"strheq pc, [r0], -r4",1
"andeq r3, r0, r6, lsl 30",1
"andeq r4, r0, lr, ror r0",1
"subseq r0, r1, 0x40000010",1
hvc 0x1004,1
"rsbseq r0, r6, r0, asr r2",1
invalid,1
svclo 0x60000,1
"mrseq r0, spsr",1
"rsbseq r0, r4, r1, asr r2",1
"subseq r0, r0, 0x40000010",1
"andeq r0, r0, r6, ror r0",1
"rscseq r3, r2, r0, asr 24",1
"eoreq r0, r4, r0, lsl 14",1
"mrspl r4, apsr",1
invalid,1
"strvc r5, [r2], -r1",1
invalid,1
"andeq r2, r0, fp, asr r0",1
invalid,1
"andeq r0, r0, fp, lsr 5",1
"andeq pc, r0, r0, ror 4",1
"andeq pc, r0, r0, asr r3",1
"andeq r7, r0, r1, lsl r1",1
"subeq r1, r2, r1, lsl 8",1
"strbtvs r3, [r4], -r0",1
"movwvs r0, 0x4061",1
"andseq r2, sp, ip, lsl 4",1
"rsbseq r3, r1, r0, lsl 28",1
"addlo r3, r8, 0, 8",1
"movwvs r0, 0x4000",1
"andseq r5, sl, ip, lsl 22",1
"rsbseq r5, r1, r0, lsl 24",1
invalid,1
"strvs r0, [r4], -0",1
"andseq r7, r3, ip, lsl 30",1
"rsbseq r7, r1, r0, lsl 20",1
svcmi 0x143400,1
"strvs r0, [r4], -0",1
"andeq r5, r0, ip, lsl 20",1
"rsbseq sb, r1, r0, lsl 16",1
"rsbvc r3, r5, 0, 22",1
invalid,1
"andeq sl, r2, ip, lsl 22",1
"rsbseq fp, r1, r0, lsl 12",1
"strbtvs r3, [sb], -0xb00",1
"smlsdxvs r4, r8, r0, r0",1
"andseq r7, r3, ip, lsl 30",1
"rsbseq r0, r2, r0",1
"ldrbhs r3, [r3], -0x200",1
"strvs r0, [r4, -r0]",1
"andseq r7, r3, ip, lsl 30",1
"rsbseq r1, r2, r0, lsl 30",1
"rscmi r3, r1, 0, 18",1
invalid,1
"andseq r6, r4, ip, lsl 30",1
"ldcmi p2, c0, [r1], {0}",1
"rscseq sb, r2, sp, lsr ip",1
"rscseq r2, r3, r0",1
"subeq pc, r1, r0, lsl 12",1
"stclne p2, c3, [lr, -0]",1
"strvc r0, [r4], -0",1
"andseq r7, r3, ip, lsl 30",1
"rsbseq r3, r2, r0, lsl 26",1
"ldcllo p2, c3, [r2], 0",1
"strvc r0, [r4, -0]",1
"eoreq pc, r3, ip, lsl 24",1
"rsbseq r5, r2, r0, lsl 22",1
"vsubw.s8 q10, q2, d0",1
invalid,1
"orrsmi r0, ip, r0",1
"mrseq r0, spsr",1
"rsbseq r0, sb, r3, asr r2",1
"subseq r0, r2, 0x40000010",1
hvc 0x100a,1
"rsbseq r0, r7, r1, asr r2",1
"subseq r0, r0, 0x40000010",1
"movwmi r0, 0x76",1
invalid,1
"andeq r3, r0, pc, lsr 27",1
"strheq r4, [r0], -r6",1
"subseq r0, r1, 0x40000010",1
hvc 0x1007,1
"ldrmi r0, [r1], 0x250",1
"vmull.s32 q10, d8, d0",1
"stc p0, c0, [sb], {0}",1
invalid,1
"mcrhi p0, 0, r0, c0, c3, 7",1
invalid,1
invalid,1
bvc 0xb7574,1
"andpl r4, r1, 0, 2",1
invalid,1
invalid,1
"andpl r4, r1, r4, asr 2",1
invalid,1
"andeq r7, r0, 2, 26",1
invalid,1
"andeq pc, r0, r8, lsl r3",1
"andeq lr, r0, sb, lsl 25",1
"vsubw.s8 q2, q2, d0",1
"cdphs p0, 0xc, c0, c7, c0, 0",1
"andmi r0, sl, 0",1
"mrseq r0, spsr",1
"ldrmi r0, [r1], 0x250",1
invalid,1
"stc p0, c0, [sb], {0}",1
invalid,1
"andeq r2, r0, r8, lsr fp",1
invalid,1
"andeq r0, r0, fp, lsr 5",1
"andeq pc, r0, r0, asr r3",1
"andeq pc, r0, r4, lsr r5",1
"andeq r7, r0, lr, ror 4",1
"subeq r3, r3, r1",1
"ldreq r3, [sb], 0x400",1
invalid,1
"andseq r5, sl, r4, lsl 22",1
"rsbseq r8, r2, r0, lsl 28",1
"orrsmi r3, r8, r0, lsl 8",1
invalid,1
"eoreq pc, r3, r4, lsl 24",1
"rsbseq sp, r2, r0, lsl 16",1
"orrsmi r3, sp, r0, lsl 8",1
"andhs r0, r2, 0",1
"eoreq pc, r3, r4, lsl 24",1
"rsbseq r0, r3, r0, lsl 24",1
invalid,1
"strteq r0, [r4], -0x200",1
"andeq r1, r0, pc, ror r3",1
"andeq r7, r0, r0, asr 6",1
"eorseq r6, r2, fp, lsr sb",1
svcvc 0x42402,1
"mcrpl p0, 0, r0, c0, c3, 0",1
bllo 0x22bec,1
"andeq r7, r0, 0xa4000001",1
"cmnne pc, 36, 8             ; 0x24",1
"cmnvc ip, 0",1
invalid,1
"strhs r0, [r2], -0x64",1
"andseq r7, r3, r4, lsl 30",1
"rsbseq r8, r3, r0, lsl 30",1
"subshs r3, fp, 0, 4",1
"strhs r0, [r2], -0",1
"andseq r7, r3, r4, lsl 30",1
"rsbseq fp, r3, r0, lsl 16",1
"strne r3, [0x00022850]",1
"strhs r0, [r2], -0",1
"andseq r7, r3, r4, lsl 30",1
"rsbseq lr, r3, r0, lsl 6",1
"orreq r4, r8, 0, 4",1
"rscsmi r0, sl, 0",1
"cdpne p0, 3, c0, c2, c0, 0",1
"andeq r0, r0, 0x22",1
"cmnne pc, 44, 8             ; 0x2c",1
"strvc r0, [r1], -0",1
"ldrtls r0, [r2], -r0",1
"andeq r0, r0, 0x40",1
"strbtne r0, [sb], -0x42d",1
"ldrvc r0, [pc], -0          ; [0x22a84:4]=0xe20000f3",1
"subge r0, r0, r0",1
"and r0, r0, 0xf3",1
"smlattmi r0, ip, r0, r0",1
"strvc r5, [r4], -0x101",1
"eoreq r3, r4, r0, lsl 4",1
svcne 0x1f4700,1
invalid,1
invalid,1
"andvc r0, r2, 0",1
svcne 0x484504,1
"ldrtvc r0, [sp], -0",1
"stcllo p0, c0, [r5, -0]",1
svcpl 0x1f,1
"strmi r0, [r0, -0x74]",1
"andeq r1, r0, r2, lsr pc",1
"andeq r7, r0, sb, ror r4",1
"rscseq r0, r5, ip, asr 8",1
"rsceq sb, ip, r0, lsl 28",1
"strlo r0, [r0, -0]",1
"andeq r2, r0, ip, asr 9",1
"strlo ip, [r1], -0xc02",1
"strdeq r0, r1, [r0], -r5",1
invalid,1
invalid,1
"andeq r4, r0, lr, lsl 8",1
"eoreq sb, r5, r8, lsr pc",1
bmi 0xff3232f0,1
"stmdblt r0, {r0, r1, r5}",1
invalid,1
"rsbeq r7, r6, r2, ror 10",1
"strmi sp, [lr], -0x202",1
"mrsls r0, apsr",1
ble 0x14c2988,1
"andeq r0, r0, 0x2c",1
"ldrsbeq r5, [r3], -r4",1
"ldmls r1, {r8, sb}",1
"stclhs p0, c5, [r8, 0x1fc]!",1
"strle r0, [r2, -0]",1
"andeq r1, r0, pc, ror r3",1
"ldrdeq r7, r8, [r0], -r7",1
"subeq r6, r4, r2, asr pc",1
svcvc 0xd50200,1
invalid,1
"sbchs r5, r6, 0x56",1
"strle r0, [r2, -0]",1
"andeq r1, r0, pc, ror r3",1
"andeq r7, r0, r0, lsl 10",1
"andseq sp, r7, r0, asr r7",1
"ldmible r6, {sb} ^",1
"cdphs p0, 0, c0, c0, c0, 0",1
svclo 0x75,1
"andeq r0, r0, r0, lsr 7",1
"rsbeq r7, r3, r3, asr r7",1
"ldmdbeq r1!, {r1, r8, sl, fp, ip, lr, pc}",1
"strbvc r0, [r3, -0]!",1
"subsvc r0, r3, r0",1
"ldclge p2, c0, [lr], {0}",1
"andls r0, r0, r6",1
"andmi r0, r0, 0x75",1
"strheq r0, [r0], -r8",1
"strdeq r4, r5, [r0], -r5",1
"andeq r6, r0, 0x14c000",1
"andeq r5, r0, r5, ror 21",1
"rsbseq sl, r5, r0, lsl 28",1
"stmdavs r3!, {r8, sb, ip, lr} ^",1
bpl 0xff96338c,1
"str r0, [r0], -0",1
"andeq r0, r0, r5, ror r0",1
"rscseq r3, r6, r0, asr 32",1
"rsceq r0, sp, r0",1
"movwpl r4, 0x1100",1
"tstmi r0, r2, lsl 8",1
"mrsls r5, apsr",1
"andeq r7, r0, ip, lsl 31",1
"eoreq r0, r5, r0, lsl 24",1
"ldrmi r0, [lr], -0",1
"strls r0, [sp, -r0]",1
svclo 0,1
"orrslo r3, r1, r0, lsl 24",1
invalid,1
"eorseq r0, r3, r3, lsl 2",1
invalid,1
invalid,1
"strvc r0, [sb], -r0",1
"strgt r0, [r1], -0",1
"strlo r0, [r0], -0x44",1
"andeq r3, r0, ip, ror 8",1
"strls sl, [r3, -r2, lsl 2]",1
"stmdbhs r0, {r1, r5}",1
"andlo r0, r0, r6, ror r0",1
"rsbseq r6, r8, sb, ror 8",1
svcvc 0x3a102,1
svcls 0x13,1
"strlo r0, [r0], -0x76",1
"strheq r4, [r0], -r4",1
bpl 0x10b00c,1
"cdp2 p0, 0, c0, c0, c0, 0",1
bllo 0x22de4,1
"movwge r0, 0x2063",1
"andeq r5, r0, r3, lsl 20",1
"rsbseq r6, r7, r0, lsl 20",1
"bicseq r4, r8, 0, 4",1
"ldrtmi r0, [r3], 0",1
"ldrvc r0, [fp, -r0]!",1
"cdpge p0, 0, c0, c2, c3, 3",1
"andseq r4, r3, r3, lsl 14",1
"rsbseq sb, r7, r0, lsl 4",1
invalid,1
svcge 0x20000,1
"andseq r7, r3, r3, lsl 30",1
"rsbseq fp, r7, r0",1
invalid,1
"stc p0, c0, [r8, -0]!",1
"mrseq r0, spsr",1
"rsbseq r0, r4, r0, asr r2",1
invalid,1
invalid,1
invalid,1
"strvc r5, [r2], -0x101",1
invalid,1
"andeq r4, r0, r3, lsl 9",1
"mrseq pc, apsr",1
"ldrdeq r2, r3, [r0], -r4",1
"andeq pc, r0, r4, lsl r8",1
"andeq pc, r0, r4, lsl 19",1
"andeq r7, r0, lr, asr 15",1
"subeq r5, r5, r1, lsl 22",1
"strbhs r3, [ip, 0x400]!",1
invalid,1
"eoreq r5, r0, pc, lsl 22",1
"rsbseq lr, r7, r0, lsl 28",1
blo 0xefc94,1
invalid,1
"eoreq r1, sb, pc, lsl 30",1
"rsbseq sb, r8, r0",1
"strbtvs r3, [sb], -0",1
invalid,1
"andseq r7, r3, pc, lsl 30",1
"rsbseq sl, r8, r0, lsl 28",1
"stmdavs r3!, {r8, sb, fp, ip, sp} ^",1
svceq 0xf80400,1
"andeq r0, r0, r5, lsr 32",1
"strdeq r7, r8, [r0], -r8",1
"andeq pc, r3, r2, asr 32",1
"subeq r5, r5, r0, lsl 2",1
"ldcllo p2, c3, [fp, 0]!",1
bne 0x122cd0,1
"andeq r3, r0, r0, lsl r3",1
"rsbseq sp, sb, r0, lsl 30",1
invalid,1
"ldrmi r0, [lr], -0",1
"mrseq r0, spsr",1
"rsbseq r0, r6, r1, asr r2",1
"subseq r0, r0, 0x40000010",1
"andeq r0, r0, r5, ror r0",1
"rscseq r7, r8, ip, asr 8",1
"eoreq r4, r1, r0, lsl 14",1
bl 0xa22cfc,1
"streq r0, [r0], -0x3d",1
"strle r0, [r1], -0x4df",1
invalid,1
"andeq r4, r0, sl, lsr 11",1
invalid,1
"ldrbeq r0, [pc], 0x400      ; [0x22d14:4]=0x3a0327",1
"andeq r1, r0, r2, lsr 26",1
"eorseq r0, sl, r7, lsr 6",1
"ldrbeq r0, [pc], 0x400      ; [0x22d20:4]=0x3dfb27",1
"andeq r1, r0, pc, ror r3",1
"eorseq pc, sp, r7, lsr 22",1
"ldrbeq r0, [pc], 0x400      ; [0x22d2c:4]=0x4f142b",1
"andeq r0, r0, r3, lsr r0",1
"subeq r1, pc, fp, lsr 8",1
"strbteq r0, [r1], 0x400",1
"andeq r1, r0, r0, asr r5",1
"eoreq lr, r7, fp, lsr 8",1
"strbteq r0, [r2], 0x400",1
"andeq r0, r0, r3, lsr r0",1
"strlo r3, [ip, -0xc00]",1
"vhadd.s8 d0, d4, d0",1
"cmnne pc, 4, 2",1
invalid,1
blx 0x1422d5c,1
bvc 0x7a2d60,1
"cdpvs p0, 0, c0, c1, c0, 0",1
"strlo r0, [r0], -0x46",1
"andeq r2, r0, ip, ror 11",1
blpl 0x15f580,1
"cdplo p0, 0, c0, c0, c0, 1",1
"strlo r0, [r0], -0x7a",1
"andeq r3, r0, r8, lsl 21",1
"cdpvs p3, 0, c15, c4, c4, 0",1
"movwhi r0, 0x46",1
"andlo r0, r0, sl, ror r0",1
"rsbseq r6, r8, sb, ror 8",1
svcvc 0x4f304,1
"stmdagt r0, {r0, r1, r4}",1
bllo 0x22f80,1
invalid,1
"andseq r7, r3, r4, lsl 30",1
"rsbseq pc, sl, r0, lsl 8",1
"ldcllo p2, c3, [fp, 0]!",1
invalid,1
"andeq r3, r0, r4, lsl 6",1
"rsbseq r1, fp, r0, lsl 30",1
"ldrbmi r5, [fp, -0x400]",1
invalid,1
"streq r0, [r8], -0",1
invalid,1
"subeq r5, r6, r4, lsl 12",1
"strmi r5, [r5, 0x500]",1
invalid,1
"stclo p0, c0, [r0, -0x114]",1
"strpl r0, [r0, -0x7b]",1
"andeq r4, r0, sp, ror 10",1
"andeq r2, r4, pc, lsr r8",1
"ldrmi r4, [r1, 0x600]",1
blvc 0x19e2de8,1
"stclls p0, c0, [r6, -0]",1
"strls r0, [r0, -r5, asr 32]",1
"andeq r0, r0, fp, ror r0",1
invalid,1
"ldrmi r0, [lr], -0",1
"mrseq r0, spsr",1
invalid,1
"andpl r4, r1, r2, asr r1",1
"andeq r7, r0, r2, lsl 8",1
"strvc r0, [r4], -0x600",1
"strne r0, [r0, -r6, asr 32]",1
"andeq r1, r0, sp, ror 20",1
"eorseq sl, r4, fp, asr 16",1
"tsteq r7, 0, 2",1
"rscseq r5, sl, r1",1
"rscseq r6, sl, r0, lsl 8",1
"rsbseq ip, fp, r0, lsl 2",1
"strbtmi r0, [r6], r0, lsl 2",1
"teqvc r0, 0",1
invalid,1
"bicne r0, r6, 0x5c000000",1
blvc 0xff862e40,1
b 0x11e2e44,1
"strpl r0, [r0], -0x1e",1
"strvs r0, [r0], -0xfa",1
"strdeq r0, r1, [r0, -sl]",1
"movtne r0, 0xd319",1
"andhs r0, r0, pc, lsl r0",1
"andseq r0, pc, sp, asr 16",1
"stc2l p0, c0, [r5, -0]",1
"andeq r0, r0, 0x1e",1
"andmi r0, r0, ip, ror r0",1
"andeq pc, r0, r0, ror 20",1
"andeq lr, r0, r0, asr 26",1
"subseq r0, r2, 0x40000010",1
"mrseq r2, spsr",1
"teqmi r0, r1, asr r1",1
"vhadd.u8 d5, d3, d1",1
"andeq r5, r0, r1",1
"strbtmi r2, [pc], 0xe00",1
blo 0x122e8c,1
blx 0x19232d4,1
blx 0xfec22e94,1
"stcvc p0, c0, [r2, -0]",1
"strbmi r0, [pc, -r0, lsl 2]!",1
"ldchi p0, c0, [r3, -0]!",1
"streq r0, [r0], -0x1a",1
invalid,1
"andpl r0, r1, r0",1
"eorseq ip, lr, r3, lsr pc",1
"teqne sl, r0, lsl 8",1
"strheq r1, [r0], -r4",1
"cdplt p1, 3, c5, c3, c1, 0",1
"streq r0, [r0], -0x28",1
bne 0xfed273b0,1
"andpl r0, r1, 0",1
"andseq lr, r8, r4, lsr sl",1
"teqne fp, r0, lsl 8",1
"andeq r1, r0, pc, ror r3",1
"andeq r7, r0, r3, lsr 24",1
"eoreq sl, fp, r3, lsr lr",1
"teqne fp, r0, lsl 8",1
"andeq r1, r0, pc, ror r3",1
"strmi sb, [r0, -r2, lsl 2]",1
"andeq r1, r0, sl, ror 29",1
"andeq pc, r0, r8, ror sl",1
"strheq pc, [r0], -r0",1
"ldcmi p1, c4, [r1, -0x10]",1
"andeq r1, r0, r3, lsl pc",1
svcne 0x84d0c,1
"strpl r0, [r0], -r0",1
"strdeq r1, r2, [r0], -sp",1
svcls 0x107003,1
"streq r0, [r6], -0",1
"andeq r1, r0, r0, lsr 27",1
"eoreq r2, r2, ip, lsr r8",1
"streq r0, [r8], -0x200",1
"andeq sl, r2, r1, lsl 22",1
"rscseq fp, sl, r0",1
"rscseq r5, fp, r0, lsl 16",1
"rsbseq r4, ip, r0, lsl 4",1
"ldmdami lr, {r8}",1
invalid,1
"andeq r0, r0, 4",1
bne 0x16e3f5c,1
"stclvc p0, c0, [r2], -0",1
"teqvc r0, 0",1
"andeq r6, r0, 0xc8000001",1
invalid,1
"stcvc p0, c0, [r0], {0}",1
svcne 0x440000,1
"andeq r0, r0, pc, lsl r0",1
"strne r0, [r0], -0xfb",1
"andeq r0, r0, 0xfb",1
invalid,1
invalid,1
"stmdbge r0, {r0, r1, r2, r3, r4}",1
"strmi r0, [r0, -0x7c]",1
"andeq r1, r0, sp, lsr pc",1
"andeq r7, r0, ip, asr 25",1
"andseq r3, pc, r5, asr 4",1
"rsbseq lr, ip, r0",1
blx 0x335f86,1
"ldc p0, c0, [lr], {0}",1
"strmi r0, [r0], -0",1
"andeq r1, r0, sl, ror 29",1
"andeq pc, r0, r4, lsl fp",1
"andeq pc, r0, r4, asr fp",1
"strne r1, [r4], -0x702",1
"stcmi p0, c0, [r0, -0x120]",1
"andeq r1, r0, r3, lsl pc",1
svcne 0x84d0c,1
"strpl r0, [r0], -r0",1
"strdeq r1, r2, [r0], -sp",1
invalid,1
invalid,1
"andeq lr, r0, r0, ror ip",1
"eorlo r3, r6, 0, 24",1
invalid,1
"adceq r0, fp, 4, 2",1
blx 0x1622fce,1
"stc2 p0, c0, [r4, -0]",1
"ldclvc p0, c0, [r3], 0",1
"strvc r0, [r1, -0]",1
"strlo r0, [r0], -0x49",1
"muleq r0, sb, r4",1
blpl 0x141fec,1
"movwne r0, 0x1a",1
"strlo r0, [r0], -0x7d",1
"muleq r0, r8, r1",1
invalid,1
"movwvc r0, 0x23",1
"strlo r0, [r0], -0x7d",1
"muleq r0, sp, r1",1
invalid,1
"movwle r0, 0x23",1
bllo 0x23200,1
"andeq r3, r0, 0x4000001a",1
"cmnne pc, 0x7f000000",1
"cdpvc p0, 1, c0, c13, c0, 0",1
invalid,1
svcvc 0x20032,1
"andseq r7, r3, r4, lsl 30",1
"rsbseq r3, lr, r0, lsl 22",1
"strbtvs r3, [sb], -0xb00",1
"ldrbteq r0, [pc], -0x200    ; [0x23030:4]=0x7e59",1
"andeq r1, r0, pc, ror r3",1
"andeq r7, r0, sb, asr lr",1
"andseq lr, lr, r4, asr 20",1
"rscseq lr, fp, r0",1
"rscseq r1, ip, r0, lsl 24",1
"streq r0, [lr], 0x200",1
"andeq r4, r0, sb, asr 17",1
"andseq r1, pc, r5, asr 6",1
"rsbseq sb, lr, r0, lsl 20",1
svcne 0x84500,1
"cdpvc p0, 0xa, c0, c14, c0, 0",1
"stc2l p0, c0, [r5, -0]",1
"andgt r0, r0, 0x1e",1
"andeq r0, r0, lr, ror r0",1
"andseq r1, pc, r4, asr 30",1
"rscseq r8, ip, r0, lsl 24",1
"rscseq sb, ip, r0, lsl 24",1
"ldreq r0, [lr], 0x200",1
"andeq r4, r0, r2, lsl 18",1
"andseq r4, pc, r5, asr 16",1
"rsbseq lr, lr, r0",1
svcne 0x3d4500,1
svcvc 0x180000,1
"sublo r0, r5, 0",1
"movwlo r0, 0x1f",1
invalid,1
"muleq r0, ip, ip",1
"muleq r0, lr, ip",1
svcne 0x1f4400,1
"stc2l p0, c0, [r4], {0}",1
"ldc2l p0, c0, [r4], {0}",1
"strge r0, [r2], -0",1
"subeq r3, sb, r4, lsl 22",1
svcne 0x484500,1
svcvc 0x4e0000,1
"stcllo p0, c0, [r5, -0]",1
"movwvc r0, 0x1f",1
"strmi r0, [r0, -0x7f]",1
"andeq r1, r0, r2, lsr pc",1
"andeq r7, r0, lr, lsl 31",1
"rscseq sp, ip, ip, asr 8",1
"rsceq sb, ip, r0, lsl 28",1
"mcrrls p0, 0, r0, ip, c0",1
"strdvc r0, r1, [r0], -fp",1
"movwmi r0, 0xec",1
invalid,1
"andeq r4, r0, r5, ror r7",1
"andeq r4, r0, lr, asr sb",1
"subseq r0, r1, 0x40000010",1
hvc 0x1004,1
"rsbseq r0, r6, r0, asr r2",1
"stc2 p0, c4, [r0, -0]",1
"ldrbmi r0, [r5, -r0]!",1
"mrseq r0, spsr",1
"rsbseq r0, r5, r1, asr r2",1
"subseq r0, r0, 0x40000010",1
"andeq r0, r0, r6, ror r0",1
"eoreq r3, sl, ip, lsr fp",1
"streq r0, [r7, 0x200]",1
"andseq r7, r3, r1, lsl 30",1
"rscseq r0, sp, r0, lsl 8",1
"rscseq r2, pc, r0",1
"rsbseq sl, pc, r0, lsl 18",1
bmi 0xffb23530,1
"ldrtvs r0, [r0], -0",1
"andeq r6, r0, 0x80000019",1
"strhs r0, [ip, 0x587]",1
svcvc 0xd50000,1
"ldr r0, [r4, -0]!",1
"andeq r0, r0, 0x3d",1
"ldrbtne r0, [r8], r7, lsl 11",1
"andhi r0, sb, r0",1
invalid,1
svchi 4,1
"andlo r0, r0, 0x4a",1
"andeq r2, r0, r4, lsl sp",1
"stmdble r5, {r1, r8, sb, fp, pc}",1
"strpl r0, [r0, -r0]",1
"andlo r0, r0, 0x80",1
"andeq r1, r0, r8, lsl pc",1
"stmdbvs r5, {r1, sl, fp, pc}",1
"strvc r0, [r0, -0x14]",1
"andlo r0, r0, 0x80",1
"andeq r2, r0, sl, asr 2",1
"stmdbvs r5, {r1, sl, fp, pc}",1
"mcrls p0, 0, r0, c0, c4, 0",1
"andlo r0, r0, 0x80",1
"andeq r3, r0, r2, ror 3",1
blpl 0x18659c,1
"smladgt r0, sl, r0, r0",1
"andlo r0, r0, 0x80",1
"andeq r3, r0, r1, lsl fp",1
blpl 0x1865ac,1
invalid,1
"andlo r0, r0, 0x80",1
"andeq r4, r0, r1, ror 5",1
"stclo p14, c8, [r5, -8]",1
"stmdbne r0, {r1, r2, r3, r4}",1
"andlo r0, r0, 0x81",1
"andeq r4, r0, sp, ror 10",1
"andvs sb, r5, 0x80000000",1
"movwmi r0, 0x3c",1
"movwmi r0, 0x81",1
"andeq pc, r0, r8, asr 26",1
"andeq lr, r0, r2, ror 25",1
"andeq r4, r0, r2, asr 20",1
"ldrbeq r0, [r1], -0x141",1
"ldrths r0, [r3], -0x76",1
"stc2l p3, c4, [r4, -0]!",1
"stcl p0, c0, [r2], 0",1
bmi 0x15a31ec,1
"mrseq r0, spsr",1
"rsbseq r0, r7, r1, asr r2",1
"ldc2l p3, c4, [r4, -0]!",1
"stcl p0, c0, [r2], 0",1
bmi 0x1aa3200,1
"mrseq r0, spsr",1
"rsbseq r0, r7, r1, asr r2",1
"stc2 p3, c4, [ip]",1
"stcl p0, c0, [r2], 0",1
bmi 0x1fa3214,1
"mrseq r0, spsr",1
"rsbseq r0, sb, r1, asr r2",1
"ldc2 p0, c4, [ip]",1
"stcl p0, c0, [r2], 0",1
"mrseq r0, spsr",1
"rsbseq r0, sb, r1, asr r2",1
b 0x1123230,1
"stmdavs r0, {r1, r2, r3, r4}",1
"strdge r0, r1, [r0], -lr",1
"andeq r0, r0, 0xfe",1
bmi 0xfefe4900,1
"movtne r0, 0x5000",1
"movwvs r0, 0x1f",1
"strmi r0, [r0, -0x81]",1
"andeq r1, r0, r8, lsl 30",1
"andeq r8, r0, r7, ror r1",1
"andseq pc, lr, r5, asr 26",1
"addeq r8, r1, r0, lsl 22",1
b 0x11e3260,1
"strlt r0, [r0], -0x1e",1
"stmda r0, {r1, r2, r3, r4, r5, r6, r7}",1
"andeq r0, r0, 0xfe",1
"movtne r0, 0x55b1",1
"smladge r0, pc, r0, r0",1
"strmi r0, [r0, -0x81]",1
"andeq r1, r0, r8, lsl 30",1
"strheq r8, [r0], -fp",1
"andseq pc, lr, r5, asr 26",1
"addeq ip, r1, r0, lsl 30",1
invalid,1
"andeq r2, r0, sl, lsr lr",1
invalid,1
"andeq r1, r0, pc, ror r3",1
"andeq pc, r0, r0, lsr 30",1
"andeq pc, r0, r8, asr 31",1
"andeq r8, r0, fp, ror 3",1
"subeq r5, fp, r1, lsl 18",1
"strbtvs r3, [r4], -r0",1
"strvs r0, [r3, -r1, rrx]",1
"eoreq r8, r5, r6, lsl 24",1
"addeq r0, r2, r0, lsl 22",1
"cdplo p4, 6, c3, c10, c0, 0",1
"strvs r0, [r3, -r0]",1
"andseq r7, r3, r6, lsl 30",1
"addeq r2, r2, r0, lsl 18",1
"strbhs r3, [r4, r0, lsl 8]!",1
"strvs r0, [r3, -r0]",1
"andeq r3, r0, r6, lsl 6",1
"addeq r4, r2, r0, lsl 14",1
svchs 0x8c3900,1
invalid,1
"andseq r7, r3, r6, lsl 30",1
"subsmi r0, r0, r0, lsl 2",1
"andeq pc, r0, r4, asr 30",1
"andeq r4, r0, r5, ror sb",1
"subseq r0, r0, 0x40000010",1
"andeq r0, r0, r4, ror r0",1
"subeq sp, r7, r8, lsr 20",1
"ldrbeq r0, [r5], -r0, lsl 6",1
"andseq r7, r3, r1, lsl 30",1
blmi 0xfe723708,1
"strtvs r0, [r6], -0",1
"movweq r6, 0x166",1
"stcne p6, c0, [r2, -0x154]!",1
invalid,1
"movweq r0, 0x43",1
"cmnne pc, 0x5500000",1
"strt r0, [r7], -0",1
"movweq r0, 0x27",1
"eorseq r0, r3, r6, asr r6",1
invalid,1
"movweq r7, 0x864",1
"cmnne pc, 88, 12            ; 0x58",1
invalid,1
"andeq r4, r0, r5, asr sb",1
invalid,1
"andeq r0, r0, fp, lsr 5",1
"andeq pc, r0, r8, asr 31",1
"ldrdeq r0, r1, [r1], -r4",1
"andeq r8, r0, r5, ror 4",1
"subeq lr, sp, r1, lsl 6",1
"strbtvs r3, [r4], -r0",1
b 0xe34e4,1
"eoreq r8, r5, r5, lsl 24",1
"addeq sb, r2, r0, lsl 2",1
"tstmi r4, 0, 8",1
b 0xe3370,1
"andseq r7, r3, r5, lsl 30",1
"addeq sl, r2, r0, lsl 30",1
"ldmdbhs fp, {sl, ip, sp} ^",1
b 0xe3380,1
"andseq r7, r3, r5, lsl 30",1
"addeq sp, r2, r0",1
"bichs r3, r4, r0, lsl 8",1
bl 0xe3390,1
"andseq r7, r3, r5, lsl 30",1
"addeq pc, r2, r0, lsl 2",1
"strbtlo r3, [r7], 0x300",1
bl 0xe33a0,1
"andeq r3, r0, r5, lsl 6",1
"addseq r0, r1, r0, lsl 4",1
"subeq r1, r3, r2, lsr r8",1
"strbeq r0, [sp, 0x300]!",1
"andeq r1, r0, pc, ror r3",1
"andeq r8, r0, pc, lsl 6",1
"eoreq r5, sb, r2, lsr pc",1
"strbeq r0, [sp, 0x300]!",1
"andeq r1, r0, pc, ror r3",1
"andeq r8, r0, r3, asr 6",1
"rsbeq r6, fp, fp, lsr pc",1
"strle lr, [r5], -0xe03",1
"andhi r0, r0, 0x20",1
"andlo r0, r0, 0x83",1
"andeq r2, r0, r4, ror 15",1
"movwlo lr, 0x5f03",1
"and r0, r0, 0",1
blo 0x235f4,1
invalid,1
"andeq r0, r1, ip, asr 5",1
"eorseq r1, fp, r2, lsr pc",1
"ldrbeq r0, [r2, 0x300]!",1
"andeq r1, r0, pc, ror r3",1
"andeq r8, r0, r1, lsl 8",1
"eoreq r3, ip, r2, lsr ip",1
"ldrbeq r0, [r2, 0x300]!",1
"andeq r1, r0, pc, ror r3",1
"andeq r8, r0, pc, ror 8",1
"subeq r5, fp, r4, asr 18",1
"mrseq r6, apsr",1
"mrseq lr, apsr",1
"strteq r0, [sl], -r0, lsl 6",1
"strheq r4, [r0], -r4",1
"subeq r8, fp, r5, asr 6",1
"addeq r3, r5, r0, lsl 4",1
blmi 0x1df4830,1
"ldrbhi r0, [r0, -0]",1
blvs 0x1163438,1
"cdpvs p0, 0, c0, c0, c11, 2",1
blo 0x23654,1
"andeq r0, r1, ip, ror 2",1
"andeq r0, r1, r0, ror 3",1
"subeq r8, fp, r6, asr 30",1
"addeq r8, r5, r0, lsl 24",1
"andmi r0, r0, 0",1
"andeq r0, r0, r0, ror 8",1
"andeq r4, r0, fp, lsr 26",1
"rsbsvc r6, r2, 0xec00000",1
"strteq r0, [lr], -r0, lsl 6",1
"andeq r0, r0, fp, lsr 5",1
"andeq r8, r0, sl, lsr 11",1
invalid,1
"subeq lr, sl, r0, lsl 24",1
"subeq lr, ip, r0, lsl 26",1
"andpl r4, r1, 0, 2",1
invalid,1
"strvc r5, [r2, -0x101]",1
"andpl r4, r1, r0, lsl 2",1
"andeq r7, r0, r2, lsl 8",1
invalid,1
"eorseq r0, pc, r0, lsl 12",1
"subeq r0, sp, r0, lsl 2",1
"mrspl r4, apsr",1
"andeq r7, r0, r2, lsl 14",1
invalid,1
"subeq sb, fp, r0, lsl 24",1
"movwpl r4, 0x1100",1
invalid,1
"strvc r5, [r2, -r1, lsl 4]",1
"mrspl r4, apsr",1
invalid,1
"strvc r5, [r2], -1",1
"stcvc p1, c4, [r2, -0]",1
"rsbseq r0, r6, r0, lsl 4",1
"strbmi r0, [r3], -0",1
invalid,1
invalid,1
invalid,1
"strvc r5, [r2], -r1, lsl 4",1
"mrspl r4, apsr",1
"strbeq sb, [ip], -r3, lsl 2",1
"subseq r0, r0, 0x40000010",1
"movwmi r0, 0x74",1
"andeq r0, r1, ip, rrx",1
"andeq r3, r0, r6, lsl 30",1
"andeq r4, r0, r0, ror 26",1
"subseq r0, r1, 0x40000010",1
"movwmi r0, 0x7a",1
"strdeq r0, r1, [r1], -r4",1
"andeq r3, r0, r6, lsl 30",1
"andeq r4, r0, r4, ror sp",1
"subseq r0, r1, 0x40000010",1
"movwmi r0, 0x7b",1
"andeq r0, r1, r8, lsr 2",1
"andeq r4, r0, ip, ror 21",1
"muleq r0, r4, sp",1
"subseq r0, r2, 0x40000010",1
hvc 0x1006,1
"rsbseq r0, fp, r1, asr r2",1
"subseq r0, r0, 0x40000010",1
"movwmi r0, 0x74",1
"andeq r0, r1, r4, asr 2",1
"andeq r3, r0, r6, lsl 30",1
"andeq r4, r0, r8, lsr 27",1
"subseq r0, r1, 0x40000010",1
invalid,1
"andeq r0, r1, ip, asr 4",1
"andeq r3, r0, r6, lsl 30",1
invalid,1
"subeq lr, sl, r0, lsl 24",1
"subeq sp, sp, r0, lsl 2",1
"andpl r4, r1, 0, 2",1
invalid,1
"strvc r5, [r2, -0x101]",1
"andpl r4, r1, r0, lsl 2",1
"andeq r7, r0, r2, lsl 8",1
invalid,1
"eorseq r0, pc, r0, lsl 12",1
"mrspl r4, apsr",1
"andeq r7, r0, r2, lsl 14",1
rfeda 3!,1
"movweq r0, 0x2e",1
blge 0x6507c,1
"strle r0, [r0], -2",1
invalid,1
"stclt p1, c0, [r0, -0x14]",1
"smlabbeq r0, r5, r0, r0",1
"andeq r4, r0, r5, asr pc",1
"subeq r5, fp, r4, lsr r1",1
"ldrteq r0, [ip], r0, lsl 6",1
"andeq r1, r0, fp, asr sl",1
"andeq r8, r0, sl, ror 11",1
invalid,1
"ldrteq r0, [ip], r0, lsl 6",1
"andeq r2, r0, ip, lsl 11",1
"andeq r8, r0, sl, lsl 12",1
"eorseq r0, sl, r4, lsr r3",1
"ldrteq r0, [ip], r0, lsl 6",1
"andeq r1, r0, pc, ror r3",1
"andeq r8, r0, r8, lsr 12",1
"eoreq r1, r5, r4, lsr r4",1
"ldrteq r0, [ip], r0, lsl 6",1
"ldrdeq r2, r3, [r0], -r4",1
"andeq r8, r0, r8, asr 12",1
"rsbsvc r6, r2, 0xec00000",1
"ldrteq r0, [lr], r0, lsl 6",1
"andeq r0, r0, fp, lsr 5",1
"andeq r8, r0, sb, ror 12",1
"movweq r6, 0x93b",1
"cmnne pc, 0xbf00000",1
"strbhi r0, [r0], r0",1
invalid,1
"movweq r0, 0x3c",1
"strbtne r0, [pc], -0x6c0",1
invalid,1
blvs 0x1bf2340,1
"strbeq r0, [r1], r0, lsl 6",1
"ldrdeq r2, r3, [r0], -r4",1
"andeq r8, r0, fp, ror 13",1
"eorseq r6, ip, r2, lsr sl",1
"strbeq r0, [r2], r0, lsl 6",1
"ldrdeq r2, r3, [r0], -r4",1
"andeq r8, r0, sb, lsl 14",1
invalid,1
invalid,1
"subeq pc, lr, r0, lsl 24",1
"ldchs p9, c3, [r5], 0",1
blle 0xe3640,1
"andseq r6, r4, r6, lsl 30",1
"addsmi r0, r1, r0, lsl 4",1
"eoreq r3, sl, r2, lsr r5",1
"ldrbeq r0, [ip], r0, lsl 6",1
"andeq r1, r0, pc, ror r3",1
"andeq r8, r0, r7, asr r7",1
invalid,1
"subeq lr, sp, r0, lsl 6",1
"subeq sp, lr, r0, lsl 16",1
"movwpl r4, 0x1100",1
"mrseq r3, spsr",1
"rsbseq r0, r5, r1, asr r2",1
"subseq r0, r0, 0x40000010",1
"movwmi r0, 0x77",1
"andeq r0, r1, r0, asr 8",1
"andeq r3, r0, pc, lsr 27",1
"strdeq r4, r5, [r0], -r2",1
"subseq r0, r1, 0x40000010",1
hvc 0x1007,1
"ldrmi r0, [r1], 0x250",1
"strbteq r4, [r4], -0xc00",1
"stc p0, c0, [sb], {1}",1
"movwmi r0, 0",1
"andeq r0, r1, r0, lsl r3",1
"andeq r2, r0, r7, asr 29",1
"andeq r4, r0, r0, lsl pc",1
"subseq r0, r0, 0x40000010",1
"movwmi r4, 0x491",1
"andeq r0, r1, r0, lsr 7",1
"muleq r0, ip, fp",1
"andeq r4, r0, ip, lsr pc",1
"ldrbeq r0, [r3], -0x141",1
"uhadd8eq sl, pc, r1",1
"ldrbeq r0, [r2], -0x141",1
"uhadd8eq sl, pc, r1",1
"ldrbeq r0, [r1], -0x141",1
"uhadd8eq sl, pc, r1",1
"subseq r0, r0, 0x40000010",1
"andmi r0, r0, r5, ror r0",1
"andeq r0, r1, r8, lsr 9",1
"andeq r3, r0, r6, lsl 30",1
"ldrbeq r0, [r1], -0x141",1
"uhadd8eq sl, pc, r1",1
"subseq r0, r0, 0x40000010",1
"muleq r0, r1, r4",1
"eoreq r2, lr, ip, lsr pc",1
"streq r0, [r0, 0x300]",1
"andeq sl, r2, r1, lsl 22",1
"mrseq r0, apsr",1
"mrseq sl, apsr",1
"addeq r7, r7, r0, lsl 10",1
svcmi 0xad0100,1
bleq 0xd23714,1
"movweq r0, 0x2f",1
"adceq r0, sb, r0, lsl 11",1
"ldrhi r0, [r5, r0]",1
"teqeq r4, 0",1
"movweq r0, 0x3a",1
"cdpne p5, 4, c0, c9, c0, 4",1
"strbhi r0, [sb, r0]",1
"ldrtvs r0, [fp], -0",1
"movweq r6, 0x166",1
"strhs r0, [ip, 0x582]",1
"strbhi r0, [r7, r0]!",1
"subpl r0, ip, r0",1
"strvc r0, [r0, -0x105]",1
"andeq r0, r0, sb, asr 32",1
"eorseq r2, lr, ip, lsr r2",1
"tsteq r1, r0, lsl 4",1
"andeq sl, r2, r1, lsl 22",1
"mrseq sl, apsr",1
"mrseq sb, apsr",1
"addeq r1, r8, r0, lsl 22",1
"strpl r0, [r8], 0x100",1
svcls 0x340000,1
"andeq r0, r0, 0x25",1
"movths r0, 0xa111",1
invalid,1
ble 0xe6377c,1
"andeq r0, r0, 0x2c",1
"cmpne r3, 0xc0000004",1
invalid,1
invalid,1
"strne r0, [r2], -0",1
"andseq r7, r3, r1, lsl 30",1
"addeq r7, r8, r0, lsl 24",1
"stclhs p2, c3, [r8, 0]!",1
"strne r0, [r2], -0",1
"andseq r7, r3, r1, lsl 30",1
"addeq sb, r8, r0, lsl 20",1
"strbtmi r3, [pc], -0x200",1
"strne r0, [r2], -0",1
"andseq r7, r3, r1, lsl 30",1
"addeq r3, sb, r0, lsl 2",1
"sbchs r3, r6, 0, 4",1
"strne r0, [r2], -0",1
"andseq r7, r3, r1, lsl 30",1
"addeq r4, sb, r0, lsl 30",1
"ldrbne r3, [r7, r0, lsl 4]",1
"strne r0, [r2, -0]",1
"andeq sp, r0, r1, lsl 18",1
"addeq r3, sl, r0, lsl 4",1
"strbvc r3, [r2, -0xe00]!",1
bne 0xa3978,1
"subseq r8, r4, r1, lsl 16",1
"addsls r0, r1, r0, lsl 6",1
"strhs r5, [r1, -0x77f]",1
svcvs 0x20000,1
"mrseq ip, apsr",1
"ldrbteq r4, [r8], -0x200",1
"andspl r0, r1, 0",1
"ldrvc r0, [fp, -r0]!",1
"strhs r0, [r2], -r3, rrx",1
"andeq r3, sb, r1, lsl 2",1
"addeq ip, sl, r0, lsl 18",1
"ldreq r4, [r8], 0x200",1
"orrspl r0, r6, r0",1
"ldrvc r0, [fp, -r0]!",1
"andeq r7, r0, 0x18c00000",1
"ldmdbeq r1!, {r2, r3, r4, r5, r8}",1
bhi 0xffae3824,1
"ldrtls r0, [sp], -0",1
"stmdale r0, {r1, r2, r8}",1
"strmi r0, [r0, -0x106]",1
blhs 0x23978,1
"andeq r2, r0, pc, lsl 20",1
"stmdble r1, {r1, r8, sb, sl, fp, ip, sp}",1
"strmi r0, [r0], -0",1
"andeq r1, r0, r2, ror pc",1
"andeq r0, r1, r0, lsr 13",1
"strheq r0, [r1], -r0",1
"stc p2, c4, [r1, -8]",1
"strmi r0, [r0, -0x50]",1
"muleq r0, lr, pc",1
"andeq r8, r0, pc, lsl fp",1
"andseq sb, pc, r5, asr 4",1
"addeq r4, fp, r0, lsl 24",1
svcne 0x864500,1
blhi 0x1aa386c,1
"sublt r0, r0, r0",1
invalid,1
"smlattmi r0, sp, r0, r0",1
invalid,1
invalid,1
invalid,1
"mrsls r5, apsr",1
"andeq r7, r0, r8, lsl 31",1
"andseq r1, pc, r4, asr 30",1
invalid,1
invalid,1
"mrslo r0, r8_usr",1
"andeq r5, r0, r4, lsr r1",1
"andseq r4, pc, r5, asr 16",1
"addeq fp, fp, r0, lsl 4",1
svcne 0x3d4500,1
blhi 0xff1638b0,1
"sublo r0, r5, 0",1
"vst4.8 {d0, d1, d2, d3}, [r0:0x40]",1
"andmi r0, r0, fp, lsl 1",1
"andeq r0, r1, ip, asr 13",1
"muleq r0, lr, ip",1
"subseq r0, r2, 0x40000010",1
hvc 0x100a,1
"ldmhi r1, {r0, r4, r6, r8, sb}",1
"andmi r0, r0, pc, ror r0",1
"muleq r1, ip, r6",1
"andeq lr, r0, r8, lsl 27",1
"subseq r0, r0, 0x40000010",1
"andeq r0, r0, sb, ror r0",1
"andseq r1, pc, r4, asr 30",1
invalid,1
invalid,1
"mrslo r0, r8_usr",1
"andeq r5, r0, r5, lsl 3",1
"andseq r4, pc, r5, asr 16",1
"addeq r1, ip, r0, lsl 16",1
svcne 0x3d4500,1
"stchi p0, c0, [fp], -0",1
"sublo r0, r5, 0",1
"stmdami r0, {r0, r1, r2, r3, r4}",1
"andmi r0, r0, ip, lsl 1",1
"strdeq r0, r1, [r1], -r8",1
"muleq r0, lr, ip",1
"subseq r0, r2, 0x40000010",1
"andeq r0, r0, sl, ror r0",1
invalid,1
"rsceq sl, sp, r0",1
"andpl r4, r1, r0, lsl 2",1
"andeq r7, r0, r2, lsl 18",1
"strteq r3, [ip], -r0, lsl 26",1
"ldrteq r0, [r4], -r1",1
"movspl r0, r1",1
"ldrls r0, [r2, -r0]!",1
"andeq r0, r0, 0x1c",1
"subseq r0, sl, sp, lsr 2",1
"stclhi p0, c0, [ip], -0",1
"sublo r0, ip, r0",1
"stmdalt r0, {r1, r2, r8}",1
"andeq r0, r0, sp, ror 1",1
"andeq fp, r4, r2, asr 16",1
"subseq sp, r1, r0, lsl 12",1
"stmdavs r3!, {r8, sb, fp, ip, sp} ^",1
"cmpeq r8, r0, lsl 4",1
"andeq r0, r0, sl, asr r0",1
"andeq r8, r0, sb, lsl 25",1
"strteq r4, [r0], -r0, lsl 6",1
"stcl p0, c0, [ip, 4]",1
invalid,1
"mrseq r0, spsr",1
"rsbseq r0, r8, r0, asr r2",1
"ldrbteq r4, [r4], -r0",1
"stc p0, c0, [r0, -4]",1
"mrseq r0, spsr",1
"rsbseq r0, r8, r3, asr r2",1
"ldrbeq r0, [r2, -0x141]",1
"rsbseq r0, r5, r7, ror r0",1
invalid,1
invalid,1
"mrsls r5, apsr",1
"andeq r7, r0, r4, lsl 31",1
"andeq sp, r4, pc, lsr r0",1
"cmnvs r7, 0, 22",1
invalid,1
"andeq r0, r0, r1, lsr sb",1
"strheq r8, [r0], -r1",1
"andeq r7, r0, 0x3b",1
"strteq r0, [ip], lr, ror 2",1
"ldclhi p0, c0, [r3], {0}",1
invalid,1
bpl 0x239e8,1
bllo 0x23b24,1
"strvc r0, [r2], -0x69",1
"andeq r5, r0, r1, lsl 20",1
"addeq pc, ip, r0, lsl 24",1
"stmdavs r3!, {r8, sb, fp, ip, sp} ^",1
"cmneq r4, r0, lsl 4",1
"andeq r0, r0, sl, asr r0",1
"andeq r8, r0, r2, lsr sp",1
"streq r4, [r8, -0x200]",1
"strbpl r0, [ip], -0",1
"ldrvc r0, [fp, -r0]!",1
"andeq r7, r0, 0x18c00000",1
"ldmdbeq r1!, {r1, r7, r8}",1
"ldclhi p0, c0, [sp, -0]",1
invalid,1
"stcle p0, c0, [r0, -0x14]",1
"stmdblo r0, {r0, r1, r4, r6}",1
"andeq r2, r0, pc, lsl 20",1
"stmdble r1, {r1, r8, sl, pc}",1
invalid,1
svcne 0x724459,1
invalid,1
"stmeq r4, {r0} ^",1
"stmdahi r2, {r0}",1
"subseq sp, r2, r1, lsl 14",1
svcne 0x9e4500,1
"stchi p0, c0, [r6]",1
"subls r0, r5, 0",1
"movwlt r0, 0x1f",1
"strmi r0, [r0, -0x8d]",1
"andeq r1, r0, r6, lsl 31",1
"ldrdeq r8, sb, [r0], -r1",1
invalid,1
"rsceq r6, sp, r0, lsl 2",1
"andpl r4, r1, 0, 2",1
"mrsmi sb, spsr",1
blvc 0xb7e70,1
"andpl r4, r1, r0, lsl 2",1
svcvc 0x889103,1
svcne 0x440000,1
"andle r0, r0, pc, lsl r0",1
"str r0, [r0], -0x108",1
"andeq r0, r0, 8, 2",1
"tstpl lr, 0x80000022",1
invalid,1
"andlo r0, r0, 0x1f",1
"strmi r0, [r0, -0x8e]",1
"andeq r1, r0, sp, lsr pc",1
"andeq r8, r0, r5, asr 28",1
"andseq r3, pc, r5, asr 4",1
"addeq r7, lr, r0, lsl 8",1
"stmeq r0!, {lr} ^",1
"ldc p0, c0, [lr], {1}",1
"mrseq r0, spsr",1
"rsbseq r0, r8, r2, asr r2",1
"cmpeq r1, 0x40000010",1
invalid,1
"ldrbeq r4, [r0, -0x200]",1
"orrpl r0, r6, 0",1
invalid,1
"orreq r0, sp, r0, lsl 4",1
"ldrdeq r0, r1, [r0], -sb",1
"muleq r0, r8, lr",1
"andseq r1, pc, r4, asr 30",1
"mrseq r6, apsr",1
"mrseq r7, apsr",1
invalid,1
"andeq r5, r0, ip, ror r3",1
"andseq r4, pc, r5, asr 16",1
"addeq ip, lr, r0, lsl 28",1
svcne 0x3d4500,1
"cdphi p0, 0xe, c0, c1, c0, 0",1
"sublo r0, r5, 0",1
"andne r0, r0, pc, lsl r0",1
"andmi r0, r0, pc, lsl 1",1
"andeq r0, r1, r8, ror sb",1
"muleq r0, lr, ip",1
"subseq r0, r2, 0x40000010",1
hvc 0x1009,1
"ldmhi r1, {r0, r4, r6, r8, sb}",1
invalid,1
"andeq r0, r1, r4, lsr 18",1
"andeq lr, r0, r0, ror ip",1
svcne 0x1f4400,1
beq 0x523b2c,1
beq 0xa23b34,1
"strlt r0, [r2], -r1",1
"subseq ip, r3, r1, lsl 24",1
svcne 0x484500,1
svchi 0x340000,1
"stcllo p0, c0, [r5, -0]",1
"smladmi r0, pc, r0, r0",1
"strmi r0, [r0, -0x8f]",1
"andeq r1, r0, r2, lsr pc",1
"andeq r8, r0, sl, asr pc",1
invalid,1
"rsceq sb, ip, r0, lsl 28",1
"andpl r4, r1, 0, 2",1
invalid,1
bvc 0xb7f6c,1
"andmi r0, r0, r0",1
"andeq r0, r1, ip, lsr 17",1
"andeq lr, r0, r8, lsl 27",1
"subseq r0, r0, 0x40000010",1
"andeq r0, r0, fp, ror r0",1
"andseq r1, pc, r4, asr 30",1
invalid,1
invalid,1
invalid,1
"andeq r5, r0, r3, lsr 8",1
"andseq r4, pc, r5, asr 16",1
"addeq r7, pc, r0, lsl 28",1
svcne 0x3d4500,1
svchi 0x910000,1
"sublo r0, r5, 0",1
"strge r0, [r0], -0x1f",1
"andmi r0, r0, pc, lsl 1",1
"andeq r0, r1, ip, lsr sl",1
"muleq r0, lr, ip",1
"subseq r0, r2, 0x40000010",1
hvc 0x1008,1
"rsbseq r0, sl, r1, asr r2",1
"subvc r0, r2, r0",1
bllo 0x23bdc,1
bllo 0x23d1c,1
"stclt p0, c0, [r2, -0x1a4]",1
"andeq sp, r0, r1, lsl 18",1
"addeq ip, pc, r0, lsl 16",1
"mcrrls p0, 0, r0, r0, c0",1
"andge r0, r0, r8, lsl 2",1
"smlattmi r0, sp, r0, r0",1
blvc 0xb7bec,1
"stclo p0, c0, [r0, -0]",1
"ldrdeq r0, r1, [r1], -ip",1
"andeq r0, r1, ip, lsr fp",1
"andeq r5, r0, sb, ror 8",1
"rsbeq r6, r8, fp, lsr r3",1
bpl 0x96c08,1
invalid,1
"andeq r0, r0, pc, lsl 1",1
invalid,1
"rsceq r0, sp, r0",1
"movwpl r4, 0x1100",1
"tstmi r0, r2, lsl 8",1
bvc 0xb8020,1
"andpl r4, r1, r0, lsl 2",1
svcvc 0x849103,1
invalid,1
"strheq r0, [r0], -ip",1
"muleq r0, r8, r4",1
"andeq sb, r0, sp, lsl 14",1
blmi 0x33838,1
"andeq r3, r0, r3, ror 20",1
invalid,1
"muleq r1, ip, fp",1
"andeq r0, r1, r4, asr ip",1
"andeq sb, r0, sp, lsl r0",1
"subseq r4, r5, r1",1
"ldrhs r3, [0x00024054]      ; [0x24054:4]=0x7d0250",1
"strne r0, [r2, -0]",1
"eoreq r4, r3, r2, lsl 20",1
"addseq r3, r0, r0, lsl 26",1
invalid,1
"strne r0, [r2, -r0]",1
"andseq r7, r3, r2, lsl 30",1
"addseq r5, r0, r0, lsl 22",1
"strbtmi r3, [pc], -0x900",1
"strne r0, [r2, -r0]",1
"andseq r7, r3, r2, lsl 30",1
blo 0x15a4080,1
"andeq r0, r1, r0, asr 23",1
"andeq r0, r1, r4, lsr ip",1
"rsbeq r6, r8, fp, lsr r3",1
bpl 0xaac98,1
"cdpvs p0, 0, c0, c0, c0, 0",1
"andmi r0, r0, 0x90",1
"andeq r0, r0, r8, lsl 11",1
"andeq r5, r0, r5, lsr r5",1
"andseq sb, ip, r2, lsr r7",1
"eoreq r0, r0, 0, 4",1
"andeq r0, r0, sl, asr r0",1
"andeq sb, r0, sp, lsr 1",1
"andseq fp, pc, r8, asr r1",1
"mrseq ip, apsr",1
"andeq sl, r5, r0",1
"eoreq r0, r0, 0, 4",1
"andseq ip, pc, r5, asr 6",1
"addseq ip, r0, r0",1
invalid,1
"ldc p0, c0, [r8, 4]!",1
"andeq r0, r0, r0",1
invalid,1
"rsceq pc, sp, r0",1
invalid,1
"andeq r4, r0, r4, lsl 19",1
"tsteq r0, r4, lsl 14",1
"andeq r0, r0, fp, lsr 5",1
"andeq r0, r1, r4, asr ip",1
"andeq r0, r1, ip, lsr 26",1
"ldrdeq sb, sl, [r0], -lr",1
"subseq r2, r6, r1, lsl 4",1
"strbhs r3, [ip, 0x400]!",1
"strhs r0, [r4, -r0]",1
"eorseq pc, r4, r0, lsl r1",1
"addseq pc, r0, r0, lsl 28",1
"strblo r3, [pc, r0, lsl 8]",1
"strhs r0, [r4, -r0]",1
"andeq r5, r0, r0, lsl sl",1
"addseq r3, r1, r0, lsl 4",1
"ldrbvs r3, [r2, -0xb00]!",1
"stmdbhs r4, {r2, r4, r5, r6}",1
"andeq sl, r2, r0, lsl fp",1
"addseq r6, r1, r0, lsl 24",1
"ldrhs r3, [0x00023f30]      ; [0x23f30:4]=0x250732",1
bhs 0x123d34,1
"eoreq r4, r3, r0, lsl sl",1
"addseq sl, r1, r0, lsl 22",1
"ldreq r4, [r8, 0x200]!",1
"strbpl r0, [r1]",1
bllt 0xca3d48,1
"streq r0, [r0], -0x19",1
bne 0xfed27e48,1
"bicsls r0, pc, r0",1
invalid,1
"and r0, r0, 12, 2",1
"andeq r0, r0, ip, ror 1",1
invalid,1
"eorseq sl, fp, r0",1
"subseq sp, r5, r0, lsl 10",1
"andpl r4, r1, r0, lsl 2",1
"andeq r7, r0, r2, lsl 8",1
invalid,1
"subeq sl, pc, r0, lsl 26",1
"subseq lr, r5, r0, lsl 18",1
"andpl r4, r1, r0, lsl 2",1
"andeq r7, r0, r2, lsl 8",1
invalid,1
"subseq sb, r4, r0, lsl 16",1
"subseq pc, r5, r0, lsl 26",1
"andpl r4, r1, r0, lsl 2",1
"andeq r7, r0, r2, lsl 8",1
invalid,1
"subeq r3, r3, r0",1
"subseq r1, r6, r0, lsl 2",1
"andpl r4, r1, r0, lsl 2",1
"andeq r7, r0, r2, lsl 8",1
invalid,1
"eoreq r5, r3, r0",1
"andpl r4, r1, r0, lsl 2",1
"andeq r7, r0, r2, lsl 8",1
"stmdbhs sl!, {sl, fp, ip, sp} ^",1
invalid,1
"adceq r0, fp, 0x80000001",1
"stceq p0, c0, [ip, -0]!",1
"ldceq p0, c0, [r8, 4]!",1
invalid,1
invalid,1
"strlo r0, [r0], -0x56",1
"andeq r2, r0, ip, ror 11",1
invalid,1
"stcne p0, c0, [r0, -0xd0]",1
"strlo r0, [r0], -0x92",1
"andeq r2, r0, sp, asr 15",1
svcvc 0x6d904,1
bllo 0x23e48,1
"mcrlo p0, 0, r0, c0, c2, 4",1
"rsbseq r6, r0, r4, ror pc",1
svcvc 0x6db04,1
invalid,1
"stcleq p13, c3, [ip, -0x158]!",1
"stceq p0, c0, [r0, 4]",1
"strtpl r0, [r2], r1",1
"ldrvs r0, [fp, -0]!",1
"streq r7, [r0], -0x272",1
"adceq r0, fp, 0xe200000",1
"subsls r0, sb, 0",1
invalid,1
"andmi r0, r0, sp, lsl 2",1
"qaddmi r0, r5, r0",1
"strvc r5, [r2, -0x101]",1
"andpl r4, r1, r1, lsl 2",1
"andeq r7, r0, r2, lsl 8",1
"cdpne p7, 0xe, c4, c10, c0, 0",1
"ldceq p0, c0, [r4]",1
"stceq p0, c0, [r4, 4]!",1
b 0x123e54,1
svcne 0x134506,1
"rsbls r0, ip, 0",1
invalid,1
"movwge r0, 0x1f",1
"strmi r0, [r0, -0x92]",1
"strdeq r1, r2, [r0], -sp",1
"strheq sb, [r0], -r7",1
invalid,1
"rsceq r4, sp, r0",1
"andpl r4, r1, 0, 2",1
"strvc r7, [r0], -r7, lsl 10",1
"ldrths r1, [r2], -0xc00",1
"cmpeq r1, r1, asr 2",1
"andeq r0, r0, r0, lsr r0",1
"eorseq r1, sb, r8, lsr 24",1
"movteq r0, 0x8200",1
"andeq r2, r0, r1, lsl 10",1
"strpl r0, [fp, -r0, lsl 2]!",1
svcls 0x270000,1
"andeq r0, r0, 0x25",1
"addshs r0, r7, 72, 6",1
invalid,1
"andeq r7, r0, 100, 16",1
"cmnne pc, 72, 6             ; 0x48",1
invalid,1
bmi 0xa4058,1
"andeq r5, r0, r3, lsl 20",1
"strbtvs r2, [pc], -r0, lsl 18",1
blmi 0xa405c,1
"andseq r7, r3, r3, lsl 30",1
"ldceq p0, c0, [ip, -0]!",1
"movweq r0, 0x1f",1
bpl 0x65b34,1
invalid,1
"stmdagt r0, {r0, r2, r3, r8}",1
"movwle r0, 0x117",1
"swpeq r0, r2, [r0]",1
"andeq r5, r0, sb, asr 17",1
"eorseq lr, sp, r4, lsr r5",1
"ldreq r0, [r8, -r0, lsl 6]",1
"andeq r1, r0, sp, lsr lr",1
"strdeq sb, sl, [r0], -pc",1
"eorseq r6, r4, r4, lsr ip",1
"ldreq r0, [r8, -r0, lsl 6]",1
"andeq r2, r0, sl, asr 6",1
"andeq sb, r0, r5, ror r3",1
"eoreq sb, pc, r4, lsr pc",1
"ldreq r0, [r8, -r0, lsl 6]",1
"andeq r0, r0, sl, lsr 4",1
"andeq sb, r0, ip, ror 7",1
"movweq r6, 0x33b",1
"eoreq r0, r5, sl, lsl r7",1
"strbls r0, [r7], 0",1
"suble r0, r2, r0",1
"strhs r0, [r0, -r5]",1
"mcrlo p0, 0, r0, c0, c8, 2",1
"movweq r3, 0x263",1
"eoreq r0, r5, r2, lsr r7",1
"strpl r0, [r1], -r0",1
"subseq lr, r6, r4, asr sb",1
invalid,1
"andeq pc, r5, r0",1
"ldreq r0, [sb, -r0, lsl 6]!",1
"ldrdeq r5, r6, [r0], -ip",1
"subseq r0, r7, r5, asr 14",1
"addseq r7, r5, r0, lsl 6",1
"ldrbtpl r4, [fp], r0, lsl 10",1
"ldrls r0, [pc]              ; [0x23f60:4]=0x46000006",1
invalid,1
"strmi r0, [r0], -r6",1
"andeq r5, r0, r3, lsl r7",1
"strdeq sb, sl, [r0], -r2",1
"subseq r1, r7, r6, asr 28",1
"addseq r1, r6, r0, lsl 20",1
"stclo p0, c0, [r0, -0]",1
"andeq r0, r1, ip, lsl 30",1
"andeq r0, r1, r4, asr pc",1
"andeq r5, r0, sp, lsl r8",1
"rsbeq r7, r3, fp, lsr r7",1
"strmi r3, [r7, -r3, lsl 30]",1
invalid,1
"movwmi r0, 0x96",1
"andeq r0, r1, ip, lsl pc",1
"andeq r2, r0, r2, lsr 5",1
"andeq r5, r0, ip, lsl 16",1
"subseq r0, r0, 0x40000010",1
"andmi r0, r0, r4, ror r0",1
"andeq r0, r1, r4, lsr 30",1
"andeq lr, r0, r8, lsr 26",1
"subseq r0, r0, 0x40000010",1
"andeq r0, r0, r4, ror r0",1
invalid,1
"rsceq pc, sp, r0",1
"ldchs p0, c0, [sp], -0",1
"andvc r0, r0, r3, lsl r1",1
"stmdavs r0, {r0, r1, r4, r8}",1
bllo 0x24134,1
"movweq r6, 0x377",1
"movtne r0, 0x77b1",1
"ldrls r0, [r4], r0",1
invalid,1
"andge r0, r0, 0xc0000004",1
"strpl r0, [r0, -r2, lsr 32]",1
"qaddmi r0, r8, r0",1
"strvc r5, [r2], -1",1
"submi r0, r0, r0",1
"stmdahs r0, {r0, r1, r4, r8}",1
"smlattmi r0, sp, r0, r0",1
"stmdavc r2, {r0, ip, lr}",1
"stclo p0, c0, [r0, -0]",1
"strheq r1, [r1], -r8",1
"ldrdeq r1, r2, [r1], -ip",1
"andeq r5, r0, r6, lsl 17",1
"subeq r5, fp, r2, lsr sb",1
"strbeq r0, [r7, r0, lsl 6]!",1
"strheq r0, [r0], -ip",1
"strheq sb, [r0], -r2",1
"ldrne r3, [r0, -r0, lsl 26]",1
"strbne r0, [r4, -r1]",1
"ldmpl pc!, {r0}",1
b 0xe64034,1
"movweq r0, 0x2f",1
invalid,1
invalid,1
"strne r4, [r4, -r0, rrx]!",1
"strpl r0, [fp, -r1]!",1
"mrseq r0, spsr",1
"rsbseq r0, r7, r2, asr r2",1
"subseq r0, r1, 0x40000010",1
hvc 0x1004,1
"rsbseq r0, sp, r0, asr r2",1
"strbvc r0, [ip], -0",1
invalid,1
"andeq r0, r0, sp, ror 1",1
"eoreq fp, r0, fp, asr 2",1
"streq r0, [lr, -r0, lsl 6]",1
"tsteq r7, r1, lsl 16",1
"tsteq r7, r0, lsl 8",1
"addseq ip, r6, r0, lsl 24",1
"ldmdbpl r2!, {r8}",1
ble 0xd24084,1
"movweq r0, 2",1
"cdpne p7, 3, c0, c13, c14, 0",1
"strbtls r0, [ip], r0",1
"ldcvs p0, c0, [r4], -0",1
"movweq r0, 0x34",1
"movths r0, 0xa70e",1
"strls r0, [sp, -r0]",1
svcls 0x340000,1
"movweq r0, 0x2f",1
"eoreq r0, sl, 0x380000",1
"strls r0, [fp, -r0]!",1
invalid,1
blhs 0x24514,1
"qaddmi r0, r7, r0",1
"vhsub.u8 d5, d3, d1",1
invalid,1
"rsbseq r0, r4, r1, asr r2",1
"cmpeq r0, 0x40000010",1
"ldrsheq r0, [r0], -0x13",1
"cdpne p12, 3, c3, c6, c0, 0",1
"mrslt r0, apsr",1
"cmnne pc, 0x80000003",1
"strbne r0, [r4, r0]!",1
"stmne r4, {r0}",1
"strbls r0, [ip, -r1]",1
blt 0x640ec,1
"strlo r0, [r0], -0x59",1
"andeq r3, r0, ip, ror 8",1
bmi 0x3d0504,1
invalid,1
"strlo r0, [r0], -0x97",1
"andeq r3, r0, r5, ror 27",1
"stclo p1, c11, [lr, -0xc]",1
bhi 0x24184,1
"strlo r0, [r0], -0x97",1
"muleq r0, pc, pc",1
bhs 0x3d0524,1
"stmdage r0, {r1}",1
bllo 0x2437c,1
"rsbeq r7, sp, lr, ror 10",1
svcvc 0xeb303,1
invalid,1
"mcrlo p0, 0, r0, c0, c7, 4",1
"strlt r0, [r3], -0x63",1
"andeq r2, r0, lr, lsl 10",1
"rsbseq r0, r4, r0, lsl 4",1
"tsteq r8, r0, asr 32",1
"subseq ip, r8, r0, lsl 18",1
"andpl r4, r1, 0, 2",1
invalid,1
"strvc r5, [r2, -r1, lsl 2]",1
"andpl r4, r1, r0, lsl 2",1
"andeq r7, r0, r2, lsl 8",1
blne 0xeae15c,1
"stchi p0, c0, [r2, -0]",1
bne 0xfeea457c,1
"mrspl r0, apsr",1
invalid,1
"rsbeq r6, r1, r4, ror 12",1
"andhs r8, r6, 2, 26",1
"smladhs r0, sp, r0, r0",1
"andeq r4, r0, lr, lsr 7",1
invalid,1
"strhs r0, [r0, -r3, lsr 32]",1
"strdeq r3, r4, [r0], -fp",1
"movwlo r8, 0x6e02",1
"strhs r0, [r0, -r0]",1
"andeq r2, r0, pc, lsr 26",1
bhi 0x1c79a0,1
"stmdbhs r0, {r0, r1, r4}",1
"andls r0, r2, sb, rrx",1
"andseq r7, r3, r6, lsl 30",1
bllo 0xa2eda8,1
"andls r0, r2, r0",1
"andseq r7, r3, r6, lsl 30",1
"rsbvc r2, r5, 0, 18",1
invalid,1
"andeq sl, r2, r6, lsl 22",1
blne 0x112edc0,1
"andls r0, r2, 0",1
"andseq fp, sl, r6, lsl 20",1
invalid,1
"andeq r0, r0, 0x3a",1
"cdpne p6, 3, c0, c13, c3, 5",1
"strtne r0, [fp], -0",1
"andeq r0, r0, 0x4f",1
"ldrbne r0, [r0, -0x6a4]",1
"strt r0, [fp], -0",1
"andeq r0, r0, 0x27",1
"eorseq r0, r3, r5, lsr 13",1
"andeq r0, r0, r0",1
"eoreq r2, r1, ip, lsr fp",1
"ldrbeq r0, [fp, 0x200]!",1
"andseq fp, sl, r1, lsl 20",1
"tsteq r8, r0, lsl 8",1
"tsteq fp, r0, lsl 24",1
"addseq pc, r7, r0, lsl 2",1
"stcpl p1, c0, [fp], {0}",1
"ldrvs r0, [r0, -0]!",1
"andeq r7, r0, 0x20000007",1
"ldrshhs r0, [r5], -0x5b",1
invalid,1
"ldrtvs r0, [r0], -0",1
"andeq r6, r0, 0x80000019",1
"stcne p5, c0, [r2, -0x3ec]!",1
invalid,1
"cdpge p0, 3, c0, c4, c0, 0",1
"andeq r0, r0, 0x43",1
invalid,1
invalid,1
blx 0xd24242,1
"andeq r0, r0, 0x3d",1
"ldrshteq r0, [r3], -ip",1
invalid,1
svchs 0x320000,1
"andeq r0, r0, 0x2d",1
"orrne r0, sl, 0x3f800000",1
invalid,1
ble 0xe64260,1
"andeq r0, r0, 0x3e",1
bne 0xfeea5a64,1
"strpl r0, [r1, -r0]",1
"eorseq fp, sp, r2, lsr r3",1
"streq r0, [r0], -r0, lsl 4",1
"andeq r1, r0, r3, asr 28",1
"andeq sb, r0, lr, asr 17",1
"andeq r6, r0, 0xec000",1
"cmnne pc, 0x100000",1
invalid,1
invalid,1
"strhs r0, [r0], -0x118",1
"stmdbne r0, {r0, r3, r4, r8}",1
"andlo r0, r0, 0x5b",1
"andeq r3, r0, r8, lsl 21",1
blt 0x1a82a8,1
"andeq r0, r0, sl, lsl r0",1
"mulmi r0, sb, r0",1
"andeq r1, r1, ip, lsl sb",1
"andeq r2, r0, pc, lsr 7",1
"subseq r0, r1, 0x40000010",1
"andeq r0, r0, r5, ror r0",1
"subseq fp, sb, r4, asr 20",1
"tsteq sb, r0",1
"tsteq fp, r0",1
"ldreq r0, [r7], -r0, lsl 4",1
"andeq r5, r0, r4, ror ip",1
"subseq pc, sb, r5, asr 32",1
"addseq r1, sb, r0, lsl 6",1
"stmibpl r4!, {r8, sl, lr} ^",1
invalid,1
invalid,1
"movwpl r0, 0x59",1
"strmi r0, [r0, -0x99]",1
"andeq r5, r0, ip, asr 19",1
"andeq sb, r0, r6, ror 18",1
"tsteq sb, sl, lsr r0",1
"tsteq fp, r0",1
"ldmibpl ip!, {sb, sl, lr} ^",1
invalid,1
"strbeq r0, [r6], -r0",1
"stmdals r0, {r1, r3, r4, r6}",1
invalid,1
"andeq r5, r0, r2, lsl sl",1
"andeq sb, r0, r3, asr 19",1
"subseq r1, sl, r6, asr 28",1
"addseq lr, sb, r0, lsl 24",1
"ldmibne r4, {r8, sl, fp, ip, sp}",1
bne 0xff724328,1
blpl 0xffee432c,1
blhs 0x11a432c,1
beq 0x24498,1
invalid,1
"andeq r5, r0, r7, lsr sl",1
"andeq sb, r0, r7, lsr sl",1
"subseq r4, sl, r6, asr 6",1
"addseq r4, sl, r0, lsl 20",1
bne 0x1334f48,1
"ldcl p0, c0, [r0], -4",1
blpl 0xfee64350,1
"mrseq r0, spsr",1
"eorseq r0, ip, r0, asr r1",1
"tsteq sl, r3, asr 32",1
"eorseq fp, r3, r0",1
"subseq ip, fp, r0, lsl 26",1
"andpl r4, r1, r0, lsl 2",1
"andeq r7, r0, r2, lsl 14",1
"tsteq sl, r3, asr 24",1
"subeq r7, r7, r0, lsl 10",1
"subseq lr, fp, r0, lsl 2",1
"mrspl r4, apsr",1
"andeq r7, r0, r2, lsl 10",1
"tsteq sl, r0, asr 16",1
"eoreq r7, r4, r0, lsl 8",1
"mrspl r4, apsr",1
"stmdbvc r0, {r0, r2, sl, ip, sp, lr}",1
"mrseq r1, spsr",1
"rsbseq r0, fp, r0, asr r2",1
"mcrrlo p0, 0, r0, r3, c0",1
"streq r0, [r0], -0x119",1
"strne r0, [r0], -0xee",1
"qaddmi r0, ip, r0",1
"mrslo r5, apsr",1
"subseq r0, r0, 0x40000010",1
"movwmi r3, 0x808",1
"andeq r1, r1, r4, asr sb",1
"andeq r4, r0, r5, ror r7",1
"andeq r5, r0, lr, lsr 24",1
"subseq r0, r1, 0x40000010",1
hvc 0x1005,1
"rsbseq r0, fp, r0, asr r2",1
"stmdbne r4!, {r8, sb, lr} ^",1
"stc p0, c0, [sb], {1}",1
"mcrrpl p0, 0, r0, r2, c0",1
"mrseq r0, spsr",1
"rsbseq r0, r7, r0, asr r2",1
blne 0x34fe4,1
"stcllo p0, c0, [r5], {1}",1
"stclpl p0, c0, [r2], -0",1
"mrseq r0, spsr",1
"rsbseq r0, sl, r2, asr r2",1
"subseq r0, r1, 0x40000010",1
hvc 0x1007,1
"rsbseq r0, r8, r0, asr r2",1
blne 0x434404,1
"movslo r0, 1",1
"mrseq r0, spsr",1
"rsbseq r0, r7, r0, asr r2",1
"andmi r0, r0, r0",1
"strheq r1, [r1], -ip",1
"andeq r2, r0, ip, lsr 9",1
"subseq r0, r1, 0x40000010",1
hvc 0x1006,1
"rsbseq r0, r5, r0, asr r2",1
"strteq r0, [r8], -r0",1
"streq r0, [r0], -0x24",1
blge 0x68838,1
invalid,1
"ldrdeq r5, r6, [r0], -ip",1
"eoreq lr, r5, r7, lsr 24",1
"mrsne r0, apsr",1
"strdeq r3, r4, [r0], -r1",1
"eorseq r0, sl, r7, lsr 6",1
"mrsne r0, apsr",1
"andeq r1, r0, pc, ror r3",1
"eorseq r7, r8, r7, lsr 30",1
"mrsne r0, apsr",1
"andeq r1, r0, pc, ror r3",1
blhs 0xef10c,1
invalid,1
"andseq r7, r3, r1, lsl pc",1
"ldmibne fp!, {r8, sb, fp, sp}",1
beq 0x124474,1
"andseq r3, sp, r1, lsl r3",1
invalid,1
"strdeq r3, r4, [r0], -sl",1
invalid,1
"andeq r0, r0, fp, lsr 5",1
"andeq r1, r1, ip, lsr 22",1
"andeq r1, r1, r0, asr ip",1
"andeq sb, r0, ip, ror 20",1
"subseq sp, sp, r1, lsl 24",1
"strbhs r3, [ip, 0x400]!",1
"andge r0, r4, 0",1
"eorseq pc, r4, sb, lsl 2",1
"addseq sb, sl, r0, lsl 16",1
"addlo r3, r8, 0, 8",1
"andge r0, r4, 0",1
"andseq r5, sl, sb, lsl 22",1
"addseq ip, sl, r0, lsl 24",1
"ldmdalo pc!, {sl, ip, sp} ^",1
"movwge r0, 0x4000",1
"andseq r7, r3, sb, lsl 30",1
"addseq r0, fp, r0",1
"strbtvs r3, [r4], -r0, lsl 28",1
"strge r0, [r4, -0x61]",1
"andseq r1, sp, sb, lsl 26",1
"subslo r0, r7, 0, 2",1
"andeq r4, r0, lr, lsr r5",1
svcvc 0x9a604,1
"strlo r0, [r0], -0x13",1
"mcrlo p0, 0, r0, c0, c11, 4",1
"rsbseq r7, r2, r5, ror 4",1
blge 0x28e100,1
invalid,1
blne 0x1532e38,1
"stcne p0, c0, [r4], -4",1
"teqeq r2, 1",1
"streq r0, [r0], -0x3a",1
"cmnne pc, 176, 18           ; 0xb0",1
blls 0x17e450c,1
blhi 0x1624510,1
"strpl r0, [r0], -0x5c",1
"andhs r0, r0, fp, lsl r1",1
"streq r0, [r0], -6",1
"strblt r0, [r5, -0x9b6]",1
"stcvc p0, c0, [r0, -0x170]",1
"strmi r0, [r0, -0x9b]",1
"andeq r5, r0, sb, lsr 25",1
"muleq r0, fp, fp",1
"subseq sb, ip, r5, asr 26",1
"addseq fp, fp, r0, lsl 18",1
blne 0xfe93393c,1
blne 0xff324544,1
"stclpl p0, c0, [r3, 4]",1
"subgt r0, r6, 0",1
"smlsdle r0, ip, r0, r0",1
invalid,1
"andeq r5, r0, lr, asr 25",1
"strdeq sb, sl, [r0], -r6",1
"tsteq fp, ip, asr 16",1
"rsceq lr, ip, r0, lsl 4",1
invalid,1
"streq r0, [r0], -0x11b",1
"smlattmi r0, lr, r0, r0",1
blvc 0xb8974,1
"andpl r4, r1, r0, lsl 2",1
"andeq r7, r0, r2, lsl 18",1
invalid,1
"andeq r1, r0, r3, lsl 12",1
invalid,1
"strheq r1, [r0], -sl",1
"subseq r4, lr, r1, lsl 30",1
"strbtvs r2, [r4], -r0, lsl 12",1
blpl 0xa4718,1
"andseq r2, sp, r6, lsl 4",1
invalid,1
blpl 0xa45a0,1
"eoreq pc, r3, r6, lsl 24",1
"stchs p7, c2, [0x000245a8]!",1
invalid,1
"andseq r8, r3, r6, lsl 20",1
"rsbeq r2, sb, r0, lsl 18",1
svcvc 0x65e02,1
"stmdbhs r0, {r0, r1, r4}",1
"rsbseq r7, r2, r5, ror 4",1
blge 0x1bc1cc,1
blhs 0x245d0,1
"andeq r1, r0, r4, asr 22",1
blt 0x1bc5d8,1
bhs 0x2463c,1
"eorseq r0, sl, fp, lsr 6",1
"strbteq r0, [pc], -r0, lsl 4",1
"andeq r1, r0, sp, lsr lr",1
"subeq r1, pc, fp, lsr 8",1
"ldrbteq r0, [r0], -r0, lsl 4",1
"andeq r1, r0, r0, asr r5",1
bl 0xf245f0,1
"andeq r0, r0, 0x19",1
blt 0x65d24,1
"andpl r0, r0, sl, lsl r0",1
"stmdalo r0, {r2, r3, r4, r8}",1
"stmdbeq r0, {r1, r2, r3, r4, r8}",1
"swpeq r0, ip, [r0]",1
"andeq r6, r0, fp",1
"rsbsvc r6, r2, 48, 10",1
"strbeq r0, [fp, 0x200]",1
"andeq r2, r0, r5, asr r0",1
"andeq sb, r0, sb, lsr 24",1
invalid,1
"strbeq r0, [fp, 0x200]",1
"andeq r1, r0, r2, lsr 26",1
"andeq sb, r0, r7, asr 24",1
"subeq sl, r3, r4, lsr lr",1
"strbeq r0, [ip, 0x200]",1
"strdeq r2, r3, [r0], -ip",1
"andeq sb, r0, r5, ror 24",1
"eoreq r2, sp, r2, lsr pc",1
"strbeq r0, [lr, 0x200]",1
"andeq r1, r0, sl, lsl 7",1
"andeq sb, r0, r3, lsl 25",1
"eorseq sp, lr, sb, lsr sl",1
"strbeq r0, [0x00024854]",1
"strheq r1, [r0], -sl",1
"teqlt r2, 0x400000",1
"andeq r0, r0, 0x3d",1
"mcrne p5, 2, r0, c3, c0, 6",1
"stcls p0, c0, [r1], 0",1
invalid,1
"ldrbeq r0, [r1, 0x200]",1
"andeq r1, r0, pc, ror r3",1
"strheq sb, [r0], -r4",1
"tsteq ip, sp, lsr r4",1
"tsteq ip, r0, lsl 16",1
"subseq r0, pc, r0, lsl 26",1
blo 0xfe230e88,1
"and r0, r2, r0",1
"andseq fp, sl, r5, lsl 20",1
"addseq sp, ip, r0, lsl 6",1
"ldclne p0, c4, [r0], {0}",1
invalid,1
"mrseq r0, spsr",1
"rsbseq r0, r7, r1, asr r2",1
"subseq r0, r0, 0x40000010",1
"andeq r0, r0, r5, ror r4",1
"subseq sp, sp, r4, asr 24",1
"tsteq ip, r0, lsl 8",1
"tsteq lr, r0",1
"strbeq r0, [r8, 0x200]!",1
"strdeq r5, r6, [r0], -r5",1
"subseq r0, lr, r5, asr 12",1
"addseq lr, ip, r0, lsl 12",1
"ldclpl p5, c4, [sl, 0]!",1
"ldclls p0, c0, [sb], 0",1
"cdp p0, 4, c0, c5, c0, 0",1
invalid,1
blo 0x24950,1
"andeq r1, r1, r4, ror 25",1
"andeq r1, r1, r0, lsr 28",1
"subseq r1, lr, r6, asr 4",1
"addseq r1, sp, r0, lsl 30",1
"cdppl p6, 1, c4, c12, c0, 0",1
"ldcls p0, c0, [lr, -0]!",1
invalid,1
"smlsdvs r0, lr, r0, r0",1
"andmi r0, r0, 0x9d",1
"andeq r0, r0, r8, lsr r6",1
"andeq r5, r0, ip, ror pc",1
"subseq r3, lr, r6, asr 10",1
"addseq sb, sp, r0, lsl 24",1
"cdppl p6, 4, c4, c1, c0, 0",1
"ldcls p0, c0, [sl, 0]!",1
"movwmi r0, 0",1
"strdeq r1, r2, [r1], -r0",1
"andeq lr, r0, r4, lsl 28",1
"muleq r0, r5, pc",1
"cmpeq r1, r1, asr 2",1
"andpl r4, r1, r1, lsr r1",1
"eorseq r0, r8, r2, lsl 16",1
"tsteq sp, r3, asr 16",1
"subeq r7, r7, r0, lsl 10",1
"subseq sl, pc, r0, lsl 30",1
"mrspl r4, apsr",1
invalid,1
"strvc r5, [r2], -1",1
invalid,1
"stmdbhi r0, {r0, r2, r3, r4, r8}",1
"movwgt r0, 0xec",1
"qaddmi r0, pc, r0",1
"strvc r5, [r2, -1]",1
invalid,1
"strgt r0, [r0, -0x11d]",1
"movw r0, 0x3c",1
"qaddmi r0, pc, r0",1
"stmdavc r2, {r0, sb, ip, lr}",1
"mrspl r4, apsr",1
invalid,1
"stmdbvc r2, {r0, ip, lr}",1
invalid,1
"andlt r0, r0, sp, lsl r1",1
invalid,1
"strvc r5, [r2, -1]",1
"andeq r0, r0, r0",1
"tsteq ip, r0, asr 32",1
"eoreq sl, r4, r0, lsl 24",1
"mrspl r4, apsr",1
"mrseq r3, spsr",1
"rsbseq r0, r7, r0, asr r2",1
blx 0xf247ac,1
"streq r0, [r0], -0x41",1
blge 0x67ac8,1
"stmdalo r0, {r1}",1
"stmdapl r0, {r1, r2, r3, r4, r8}",1
"cdpeq p1, 0, c0, c0, c0, 1",1
"swpeq r0, lr, [r0]",1
"strheq r6, [r0], -r0",1
"eoreq lr, r5, r4, lsr ip",1
"stcleq p4, c0, [r5], {0}",1
"strdeq r3, r4, [r0], -r1",1
"andeq sb, r0, fp, lsr lr",1
"eorseq r8, r2, r4, lsr r8",1
"stcleq p4, c0, [r5], {0}",1
"andeq r1, r0, fp, asr sl",1
"andeq sb, r0, sb, asr lr",1
"subeq fp, sl, r4, lsr sl",1
"stcleq p4, c0, [r6], {0}",1
"andeq r1, r0, pc, ror r3",1
"andeq sb, r0, r7, ror lr",1
"eorseq r7, ip, r4, lsr lr",1
"stcleq p4, c0, [r6], {0}",1
"andeq r1, r0, pc, ror r3",1
"muleq r0, r5, lr",1
"subeq r1, pc, r3, lsr r4",1
"stcleq p4, c0, [r6], {0}",1
"andeq r0, r0, sl, asr r0",1
"cdplo p1, 0, c9, c0, c2, 0",1
"rsbeq r6, r1, r4, ror 12",1
"stcne p8, c12, [ip, -0x10]",1
invalid,1
"rsbvc r3, r5, 0x16400",1
"stmdbgt r4, {r1, r4, r5, r6}",1
"andeq sl, r2, ip, lsl 22",1
"addseq fp, lr, r0, lsl 10",1
invalid,1
bgt 0x12483c,1
"andseq r7, r3, ip, lsl 30",1
"addseq lr, lr, r0",1
"vmulvs.f64 d19, d5, d0",1
blgt 0x124a1c,1
"andseq r2, sp, ip, lsl 26",1
"addseq pc, lr, r0, lsl 6",1
"cdpne p9, 7, c5, c0, c0, 0",1
"andle r0, r4, r0",1
"cdpne p13, 8, c3, c8, c12, 0",1
"eorshs r0, r8, r1",1
"addsvs r0, sb, 1",1
"ldrtgt r0, [r2], -r0",1
"streq r0, [r0], -0x38",1
"cmnne pc, 212, 24           ; 0xd4",1
svcls 0x1a0000,1
"ldrhs r0, [r2, -0]!",1
"streq r0, [r0], -0x17",1
"cmnne pc, 212, 24           ; 0xd4",1
svcls 0x4d0000,1
invalid,1
"stmdami r0, {r1, r2, r3, r4, r8}",1
"stmdage r0, {r0, r1, r2, r3, r4, r8}",1
"stmdblo r0, {r0, r5, r6}",1
"andeq r3, r0, pc, ror r4",1
svcvs 0xce104,1
"andeq r0, r0, 0x14",1
invalid,1
"streq r0, [r0], -0x24",1
"adceq r0, fp, 0xe200",1
svcls 0x8a0000,1
"ldrpl r0, [r2, -0]!",1
"streq r0, [r0], -0x44",1
"adceq r0, fp, 0xe200",1
svcls 0xa80000,1
invalid,1
"smladeq r0, lr, r1, r0",1
invalid,1
invalid,1
"strvc r5, [r2], -r1, lsl 2",1
"andpl r4, r1, r0, lsl 2",1
"andeq r7, r0, r2, lsl 14",1
"tsteq lr, r3, asr 24",1
"eoreq r1, pc, r0, lsl 18",1
"rsbeq r5, r1, r0, lsl 22",1
"mrspl r4, apsr",1
invalid,1
invalid,1
"strbeq r0, [r3], -0x40",1
invalid,1
"strhi r0, [r0], -0x40",1
invalid,1
invalid,1
hvc 0x1068,1
"ldclt p4, c0, [r1], {0x52}",1
hvc 0x106f,1
"addsmi r0, r1, r1, asr r2",1
"subseq r0, r0, 0x40000010",1
"movwmi r0, 0x79",1
"andeq r1, r1, r4, lsl pc",1
"andeq r3, r0, pc, lsr 27",1
"muleq r0, lr, r1",1
"subseq r0, r1, 0x40000010",1
"swpbeq r4, r1, [r1]",1
"rsbseq r0, r7, r0, asr r2",1
svcne 0x204c00,1
"stc p0, c0, [sb], {1}",1
"stclo p0, c0, [r0, -0]",1
"andeq r1, r1, r8, asr 30",1
"andeq r2, r1, r8, lsr r0",1
"andeq r6, r0, r2, lsl 5",1
"eorseq ip, lr, sb, lsr r5",1
"ldcleq p4, c0, [r6], 0",1
"andeq r1, r0, pc, ror 8",1
"stcllo p1, c9, [r8, -8]",1
"andeq r1, r1, r4, ror 30",1
"andeq r1, r1, ip, asr 31",1
"andeq r6, r0, ip, lsr r2",1
"rsbeq r6, fp, fp, lsr pc",1
"strle pc, [ip], -0xa04",1
"strgt r0, [r0], -r0, lsr 32",1
"movwmi r0, 0x9f",1
"andeq r1, r1, r4, ror pc",1
"andeq r2, r0, r7, lsl 8",1
"strdeq r6, r7, [r0], -ip",1
"ldrbeq r0, [r1], -0x141",1
"uhadd8eq fp, pc, r1",1
"subseq r0, r0, 0x40000010",1
"movwmi r0, 0x7b",1
"andeq r1, r1, r8, lsl 31",1
"andeq r4, r0, r5, ror r7",1
"andeq r6, r0, r6, lsl r2",1
"subseq r0, r1, 0x40000010",1
hvc 0x100b,1
"addsmi r0, r1, r0, asr r2",1
svcne 0x984300,1
svclo 0x60001,1
"eorsvs r0, r2, 0",1
"mrseq r0, spsr",1
"ldrlt r0, [r1], 0x451",1
hvc 0x106f,1
"addsmi r0, r1, r0, asr r2",1
svcne 0xbc4c00,1
"stc p0, c0, [sb], {1}",1
"movwmi r0, 0",1
"ldrdeq r1, r2, [r1], -r8",1
"andeq r2, r0, sb, lsl pc",1
"andeq r6, r0, r8, asr r2",1
"ldrbeq r0, [r1], -0x141",1
"uhadd8eq fp, pc, r1",1
"subseq r0, r0, 0x40000010",1
"movwmi r4, 0x91",1
"strdeq r1, r2, [r1], -r8",1
"andeq r5, r0, pc, asr 28",1
"andeq r6, r0, r8, ror r2",1
"subseq r0, r2, 0x40000010",1
"swpbeq r4, r1, [r1]",1
"rsbseq r0, sb, r1, asr r2",1
"subseq r0, r0, 0x40000010",1
invalid,1
"andeq r2, r1, r4",1
"andeq lr, r0, sb, lsl 25",1
"cdpne p0, 9, c4, c8, c0, 0",1
"strhs r0, [r7], -1",1
"mrseq r0, spsr",1
"rsbseq r0, fp, r1, asr r2",1
"subseq r0, r0, 0x40000010",1
"andeq r0, r0, r7, ror r0",1
"tsteq lr, r0, asr 24",1
"eoreq r2, sb, r0, lsl 20",1
"mrspl r4, apsr",1
invalid,1
bvc 0xb8a50,1
invalid,1
"andeq r3, r0, fp, lsl r8",1
invalid,1
"andeq r0, r0, fp, lsr 5",1
"andeq r2, r1, r8, asr r0",1
"andeq r2, r1, r8, lsl 2",1
"ldrdeq sb, sl, [r0], -sb",1
"rsbeq r8, r3, r1, lsl 10",1
"strbtvs r3, [r4], -r0",1
invalid,1
"andseq r2, sp, r6, lsl 4",1
"adceq r0, r0, r0, lsl 10",1
invalid,1
"vqadd.u8 q0, q2, q10",1
"andseq fp, sl, r6, lsl 8",1
"adceq r3, r0, r0, lsl 18",1
"rsbsvc r3, r3, 0",1
"vst4.16 {d0, d1, d2, d3}, [r4:0x80], r3",1
"andseq fp, sl, r6, lsl 8",1
"adceq r7, r0, r0, lsl 6",1
"strbvc r3, [lr, -0]!",1
"vst4.16 {d0, d1, d2, d3}, [r4:0x80]!",1
"andseq r7, r3, r6, lsl 30",1
"adceq sl, r0, r0, lsl 14",1
"strbmi r3, [r6, 0x200]!",1
invalid,1
"andseq r7, r3, r6, lsl 30",1
"adceq sp, r0, r0, lsl 22",1
"rsbvc r3, r5, 0, 22",1
invalid,1
"andeq sl, r2, r6, lsl 22",1
"adceq r0, r1, r0, lsl 12",1
"addshs r3, ip, r0, lsl 20",1
"rschs r0, r4, r1",1
"ldmdb sb!, {r0}",1
"streq r0, [r0], -0x40",1
"strbtne r0, [pc], -0x6fe",1
invalid,1
"adchs r4, ip, r0, asr r3",1
"ldmdami lr, {r0}",1
"cmpvs sl, 0",1
"mrseq r0, spsr",1
"rsbseq r0, sp, r0, asr r2",1
"sbchs r4, r8, r0, lsl 6",1
"cdppl p0, 4, c0, c15, c1, 0",1
"cmnvs sl, 0",1
"mrseq r0, spsr",1
"rsbseq r0, sp, r2, asr r2",1
"subseq r0, r1, 0x40000010",1
hvc 0x100a,1
"ldrpl r0, [r1], 0x250",1
"sbcshs r4, r4, r0, lsl 24",1
"stc p0, c0, [sb], {1}",1
"andeq r0, r0, r0",1
"eoreq ip, ip, r8, lsr 6",1
invalid,1
"andeq r5, r0, r1, lsl 20",1
"movsvs r0, 0, 2",1
svcls 0x270000,1
invalid,1
"addshs r0, r7, 0x88000001",1
invalid,1
invalid,1
"cmnne pc, 0x8c000001",1
invalid,1
"andeq r4, r0, r7, ror 20",1
invalid,1
"andeq r0, r0, sl, asr r0",1
"andeq r2, r1, r8, lsl 2",1
"andeq r2, r1, r4, lsr 8",1
"andeq sl, r0, r6, lsr 2",1
"rsbeq r2, r5, r1, lsl 14",1
"strbtvs r3, [r4], -r0",1
"stcgt p0, c0, [r4, -0x184]",1
"andseq r2, sp, lr, lsl 4",1
"adceq r4, r1, r0, lsl 12",1
"ldrmi r3, [lr, -0x400]!",1
"stcgt p0, c0, [r4, -0]",1
"andseq r7, r3, lr, lsl 30",1
"adceq sl, r1, r0, lsl 2",1
"strbtlo r3, [ip], -0x400",1
"cdpgt p0, 0, c0, c4, c0, 0",1
"eoreq sb, r2, lr, lsl 14",1
"adceq sp, r1, r0, lsl 10",1
"ldmdalo pc!, {sl, ip, sp} ^",1
"cdpgt p0, 0, c0, c4, c0, 0",1
"andseq r7, r3, lr, lsl 30",1
"adceq r0, r2, r0, lsl 18",1
blo 0xf13b0,1
"andle r0, r4, r0",1
"eoreq r1, sb, lr, lsl 30",1
"adceq r8, r2, r0, lsl 24",1
"ldclhs p2, c3, [fp, -0]!",1
invalid,1
"andeq r5, r0, lr, lsl 20",1
"adceq lr, r2, r0",1
"ldrbne r2, [r0, -r0, lsl 22]!",1
invalid,1
"andeq r5, r0, lr, lsl 20",1
"rsbeq r3, sb, r0, lsl 22",1
svcvc 0xed204,1
"movwvc r0, 0x13",1
"strpl r0, [r0, -r3, lsr 1]",1
"andeq r2, r0, r2, lsr 7",1
"andge sl, pc, r4, lsl 8",1
"andmi r0, r0, 0xc0000008",1
"andeq r0, r0, r0, asr r6",1
"andeq r6, r0, sl, ror r4",1
"streq r6, [r0], -0x33b",1
invalid,1
invalid,1
"ldrtvs r0, [fp], -0",1
"cdpeq p4, 0xd, c0, c6, c0, 0",1
"andeq r0, r0, r5, lsr 32",1
"andeq sl, r0, sp, lsl 8",1
"strbteq r4, [r8], -r0, lsl 4",1
"ldrvs r0, [r0, -0]",1
"eorsne r0, r2, 0",1
"streq r0, [r0], -0x3d",1
"strvs r0, [r7, -0xf1d]!",1
"strbge r0, [fp], -0",1
"ldc2 p0, c0, [r2], -0",1
"streq r0, [r0], -0x20",1
"subseq r0, sl, r4, lsr 30",1
"strbtge r0, [sb], -0",1
"ldrvc r0, [fp, -r0]!",1
"strhs r0, [r4, -0x63]",1
"andeq r3, sb, pc, lsl 2",1
"adceq sb, r4, r0, lsl 8",1
"teqhs r0, 0, 26",1
"movths r0, 0x8001",1
"ldrbvs r0, [pc], 1          ; [0x24c5c:4]=0x32040074",1
"ldrvc r0, [fp, -r0]!",1
"andlo r0, r4, 0x74",1
"andseq r5, r3, pc, lsl 28",1
"adceq ip, r4, r0, lsl 16",1
"movths r4, 0",1
"cdp p0, 2, c0, c2, c1, 0",1
"mrseq r0, spsr",1
"rsbseq r0, r5, r0, asr r2",1
"sub r0, r3, r0",1
"andge r0, r0, 0x80000008",1
invalid,1
invalid,1
"strvc r5, [r2], -r1, lsl 2",1
"andpl r4, r1, r0, lsl 2",1
"andeq r7, r0, r2, lsl 14",1
invalid,1
"eoreq sl, r2, r0, lsl 4",1
"mrspl r4, apsr",1
invalid,1
"strvc r5, [r2, -r1]",1
"andmi r0, r0, r0",1
"andeq r2, r1, r8, lsr r2",1
"andeq r2, r0, sb, asr 4",1
"subseq r0, r1, 0x40000010",1
hvc 0x1006,1
"rsbseq r0, r7, r0, asr r2",1
"streq r0, [r6], -0",1
"andeq r6, r0, sp, lsr 10",1
"andseq r0, r6, r7, lsl fp",1
bhs 0x1973cd4,1
"stc p0, c0, [r3, -0]",1
"adceq r0, fp, 0x40000003",1
"strths r0, [r4], -0",1
"mrrchs p0, 0, r0, ip, c1",1
"strbtge r0, [r2], 1",1
"movwgt r0, 0x1000",1
"strlo r0, [r0], -0x6c",1
"andeq r4, r0, r3, lsr 4",1
"andlt lr, sp, 3, 26",1
"andeq r0, r0, 5",1
"strlo r0, [r0], -0xa5",1
"andeq r3, r0, pc, ror 1",1
"strgt lr, [sp], -r3, lsl 26",1
"andhs r0, r0, r3, lsl r0",1
"strlo r0, [r0], -0xa5",1
"andeq r3, r0, r0, lsl sp",1
blpl 0x3a0524,1
"mcrlo p0, 0, r0, c0, c6, 0",1
"strlo r0, [r0], -0xa5",1
"andeq r3, r0, r7, ror 10",1
"stmdbvs sp, {r0, r1, sb, sl, fp, sp, lr, pc}",1
"strlt r0, [r0], -0x14",1
"movwlo r0, 0xa7",1
"andeq r1, r0, r1, lsr 23",1
invalid,1
"andeq r0, r0, 6",1
svcls 0x330091,1
"movweq r0, 0x2f",1
"eoreq r0, sl, 0x3bc0",1
invalid,1
"rsbeq r3, sb, r4, lsl 22",1
bpl 0x3a2160,1
invalid,1
"andlo r0, r0, 0xa7",1
"andeq r1, r0, ip, lsl 4",1
invalid,1
"stmdbeq r0, {r1, r2}",1
"stclo p0, c0, [r0, -0x2a4]",1
"andeq r2, r1, r8, asr 8",1
"andeq r2, r1, r4, asr r4",1
"andeq r6, r0, pc, lsl 12",1
"andeq r0, r5, fp, lsr 26",1
"ldcleq p3, c0, [fp, 0]!",1
"ldrdeq r0, r1, [r0], -sb",1
"andeq r5, r2, r2, lsr r5",1
"ldcleq p3, c0, [fp, 0]!",1
"ldrdeq r0, r1, [r0], -sb",1
"andeq sl, r0, fp, lsr sl",1
invalid,1
"rsceq r3, lr, r0, lsl 30",1
"mrspl r4, apsr",1
"strbgt r0, [r8, -r5, lsl 6]",1
"mrseq r0, spsr",1
"rsbseq r0, r5, r0, asr r2",1
"ldcpl p0, c0, [sp], -0",1
"stmdavs r0, {r2, r5, r8}",1
"andpl r0, r0, 36, 2",1
blhs 0x24f54,1
"andeq r0, r0, sp, lsl 10",1
"stmdble sp, {r0, r1, r8, sb, fp, ip, sp, lr, pc}",1
"andlo r0, r0, 0",1
"andeq r0, r0, r5, asr r2",1
"stmdble sp, {r0, r1, r8, sb, fp, ip, sp, lr, pc}",1
svcmi 0,1
"andmi r0, r0, sl, lsr 1",1
"andeq r2, r1, r8, ror 8",1
"andeq lr, r0, pc, lsr lr",1
"ldrbeq r0, [r1, -0x141]",1
"biceq r5, r7, r3",1
"andpl r4, r1, r0, lsl 2",1
"andeq r7, r0, r2, lsl 10",1
"streq r4, [r0], r0, lsl 4",1
"strvs r0, [lr], r0",1
"teqvs r2, 0",1
"movweq r0, 0x35",1
"cmnne pc, 4, 28",1
bge 0x18e4e08,1
bne 0xca4e0c,1
"movweq r0, 0x29",1
"strne r0, [r5], -r6, lsl 28",1
bge 0xfe064e18,1
"subge r0, r0, r0",1
"and r0, r0, 36, 2",1
"smlattmi r0, ip, r0, r0",1
bvc 0x13922c,1
"eoreq r3, r4, r0, lsl 4",1
"strbhs r3, [ip], 0xd00",1
"ldrbhs r0, [r8], 1",1
"ldrbvs r0, [r1], r1",1
"stceq p0, c0, [fp, -0]!",1
"movweq r0, 5",1
"sbcseq r0, sb, r0, lsr 28",1
"ldrpl r0, [r2, -0]!",1
"movweq r0, 2",1
"sbcseq r0, sb, r0, lsr 28",1
bge 0xfe7e4e54,1
invalid,1
svclo 0x124,1
"smlattmi r0, lr, r0, r0",1
"movweq r5, 0x5101",1
"andeq ip, r1, r8, asr r7",1
"subseq r0, r0, 0x40000010",1
"andeq r0, r0, r5, ror r0",1
invalid,1
invalid,1
"rsbeq r1, r7, r0, lsl 8",1
"streq r2, [sp, -0xb00]",1
"andhs r0, r3, 0",1
"andeq sp, r0, lr, lsl 18",1
"subseq r3, r5, 0, 4",1
"andhs r0, r3, 0",1
"andeq sp, r0, lr, lsl 18",1
"adceq fp, sl, r0, lsl 30",1
"ldrbhs r4, [r4, -0]!",1
"cdp p0, 3, c0, c15, c1, 0",1
"mrseq r0, spsr",1
"andvs r0, r3, r1, asr r5",1
"smlabtmi r0, r7, r1, r0",1
"strvc r5, [r2, -1]",1
"stclo p0, c0, [r0, -0]",1
"andeq r2, r1, r4, lsl 12",1
"andeq r2, r1, r0, lsl r6",1
"andeq r6, r0, r7, asr r7",1
"andeq r0, r5, fp, lsr 26",1
"cdpeq p3, 2, c0, c4, c0, 0",1
"ldrdeq r0, r1, [r0], -sb",1
"andeq r5, r2, r2, lsr r5",1
"cdpeq p3, 2, c0, c4, c0, 0",1
"ldrdeq r0, r1, [r0], -sb",1
"ldrdeq sl, fp, [r0], -pc",1
invalid,1
"rsceq r3, lr, r0, lsl 30",1
"mrspl r4, apsr",1
"ldrbgt r0, [r0, -r5, lsl 6]",1
"mrseq r0, spsr",1
"rsbseq r0, r5, r0, asr r2",1
"eorsge r0, sp, r0",1
invalid,1
bls 0x25398,1
blhs 0x250a0,1
"andeq r0, r0, sp, lsl 10",1
"stmdble lr, {r0, r1, sb, sl, sp}",1
"andlo r0, r0, 0",1
"andeq r0, r0, r5, asr r2",1
"stmdble lr, {r0, r1, sb, sl, sp}",1
invalid,1
"andmi r0, r0, sl, lsr 1",1
"andeq r2, r1, ip, lsr 13",1
"andeq lr, r0, pc, lsr lr",1
"ldrbeq r0, [r1, -0x141]",1
"biceq r6, r7, r3, lsl 16",1
"andpl r4, r1, r0, lsl 2",1
"andeq r7, r0, r2, lsl 10",1
"ldrhs r3, [ip, -r0, lsl 26]!",1
"strbhs r0, [r8, -r1]",1
"ldrbvs r0, [sp, r1]",1
"stceq p0, c0, [fp, -0]!",1
"movweq r0, 5",1
"sbcseq r0, sb, r8, lsr 28",1
"ldrpl r0, [r2, -0]!",1
"movweq r0, 2",1
"sbcseq r0, sb, r8, lsr 28",1
blge 0x7e4f60,1
invalid,1
svclo 0x127,1
"smlattmi r0, lr, r0, r0",1
"movweq r5, 0x5101",1
"andeq ip, r1, r0, asr 14",1
"subseq r0, r0, 0x40000010",1
"andeq r0, r0, r5, ror r0",1
invalid,1
invalid,1
"rsbeq r2, r8, r0",1
"streq r2, [sp, -0xb00]",1
bhs 0xe4f90,1
"andeq sp, r0, lr, lsl 18",1
"subseq r3, r5, 0, 4",1
bhs 0xe4f9c,1
"andeq sp, r0, lr, lsl 18",1
"adceq r3, fp, r0, lsl 30",1
"strbhs r4, [r4, r0]!",1
"cdp p0, 3, c0, c15, c1, 0",1
"mrseq r0, spsr",1
"andvc r0, r3, r1, asr r5",1
"smlabtmi r0, r7, r1, r0",1
"strvc r5, [r2, -1]",1
"stclo p0, c0, [r0, -0]",1
"andeq r2, r1, r4, ror r8",1
"andeq r2, r1, r0, lsl 17",1
"andeq r6, r0, r3, ror 16",1
"andeq r0, r5, fp, lsr 26",1
"cdpeq p3, 2, c0, c12, c0, 0",1
"ldrdeq r0, r1, [r0], -sb",1
"andeq r5, r2, r2, lsr r5",1
"cdpeq p3, 2, c0, c12, c0, 0",1
"ldrdeq r0, r1, [r0], -sb",1
"andeq sl, r0, pc, asr fp",1
invalid,1
"rsceq r3, lr, r0, lsl 30",1
"mrspl r4, apsr",1
"ldrbgt r0, [r8, -r5, lsl 6]!",1
"mrseq r0, spsr",1
"rsbseq r0, r5, r0, asr r2",1
"eorsne r0, sp, r0",1
invalid,1
"strge r0, [r0], -sb, lsr 2",1
blhs 0x251b0,1
"andeq r0, r0, sp, lsl 10",1
"stmdble lr, {r0, r1, sb, sl, fp, sp}",1
"andlo r0, r0, 0",1
"andeq r0, r0, r5, asr r2",1
"stmdble lr, {r0, r1, sb, sl, fp, sp}",1
svcvc 0,1
"andmi r0, r0, fp, lsr 1",1
"andeq r2, r1, ip, lsl sb",1
"andeq lr, r0, pc, lsr lr",1
"ldrbeq r0, [r1, -0x141]",1
"biceq r4, r7, r3, lsl 16",1
"andpl r4, r1, r0, lsl 2",1
"andeq r7, r0, r2, lsl 10",1
"stmibhs ip!, {r8, sl, fp, ip, sp}",1
"ldmibhs r8!, {r0}",1
"stmvs sb!, {r0} ^",1
"stceq p0, c0, [fp, -0]!",1
"movweq r0, 5",1
"sbcseq r0, sb, r0, lsr lr",1
"ldrpl r0, [r2, -0]!",1
"movweq r0, 2",1
"sbcseq r0, sb, r0, lsr lr",1
blge 0xfe7e506c,1
invalid,1
svclo 0x129,1
"smlattmi r0, lr, r0, r0",1
"movweq r5, 0x5101",1
"andeq ip, r1, r0, lsl 15",1
"subseq r0, r0, 0x40000010",1
"andeq r0, r0, r5, ror r0",1
invalid,1
invalid,1
"rsbeq r2, sb, r0, lsl 24",1
"streq r2, [sp, -0xb00]",1
"andlo r0, r3, 0",1
"andeq sp, r0, lr, lsl 18",1
"subseq r3, r5, 0, 4",1
"andlo r0, r3, 0",1
"andeq sp, r0, lr, lsl 18",1
"adceq fp, fp, r0, lsl 30",1
bhs 0x15350b4,1
"cdp p0, 3, c0, c15, c1, 0",1
"mrseq r0, spsr",1
"stmdahi r3, {r0, r4, r6, r8, sl}",1
"smlabtmi r0, r7, r1, r0",1
"strvc r5, [r2, -1]",1
"stclo p0, c0, [r0, -0]",1
"andeq r2, r1, r4, ror 21",1
"strdeq r2, r3, [r1], -r0",1
"andeq r6, r0, pc, ror 18",1
"andeq r0, r5, fp, lsr 26",1
"cdpeq p3, 3, c0, c4, c0, 0",1
"ldrdeq r0, r1, [r0], -sb",1
"andeq r5, r2, r2, lsr r5",1
"cdpeq p3, 3, c0, c4, c0, 0",1
"ldrdeq r0, r1, [r0], -sb",1
"ldrdeq sl, fp, [r0], -pc",1
invalid,1
"rsceq r3, lr, r0, lsl 30",1
"mrspl r4, apsr",1
"ldrgt r0, [r0, r5, lsl 6]",1
"mrseq r0, spsr",1
"rsbseq r0, r5, r0, asr r2",1
"eorshi r0, sp, r0",1
invalid,1
"andlt r0, r0, 0xc000000a",1
blhs 0x252c0,1
"andeq r0, r0, sp, lsl 10",1
"stmdble lr, {r0, r1, sb, sl, ip, sp}",1
"andlo r0, r0, 0",1
"andeq r0, r0, r5, asr r2",1
"stmdble lr, {r0, r1, sb, sl, ip, sp}",1
invalid,1
"andmi r0, r0, fp, lsr 1",1
"andeq r2, r1, ip, lsl 23",1
"andeq lr, r0, pc, lsr lr",1
"ldrbeq r0, [r1, -0x141]",1
"biceq sb, r7, r3, lsl 16",1
"andpl r4, r1, r0, lsl 2",1
"andeq r7, r0, r2, lsl 10",1
"strbhs r4, [r0], 0x300",1
"cdp p0, 6, c0, c0, c1, 0",1
invalid,1
"mrseq r0, spsr",1
"rsbseq r0, r5, r0, asr r2",1
"strbths r4, [ip], 0xc00",1
"ldcl p0, c0, [r0, 4]!",1
"strbne r0, [r3], -0",1
blle 0x25608,1
"movw r0, 0x20",1
invalid,1
"strvc r5, [r2], -r1",1
"mcrrhs p0, 0, r0, ip, c0",1
invalid,1
"movwmi r0, 0xed",1
"andeq r2, r1, r4, asr r5",1
"ldrdeq r2, r3, [r0], -fp",1
"andeq r6, r0, r6, lsl 20",1
"subseq r0, r1, 0x40000010",1
hvc 0x1004,1
"rsbseq r0, r6, r0, asr r2",1
"strhs r4, [r8, 0xc00]",1
"ldcl p0, c0, [r0, 4]!",1
"sublt r0, r3, r0",1
blle 0x25648,1
"movwhs r0, 0x20",1
invalid,1
"strvc r5, [r2], -r1",1
invalid,1
invalid,1
"movwmi r0, 0xed",1
"strdeq r2, r3, [r1], -r0",1
"ldrdeq r2, r3, [r0], -fp",1
"andeq r6, r0, r6, asr 20",1
"subseq r0, r1, 0x40000010",1
hvc 0x1004,1
"rsbseq r0, r6, r0, asr r2",1
"strths r4, [r4], -r0, lsl 24",1
"ldcl p0, c0, [r0, 4]!",1
"mcrrmi p0, 0, r0, r3, c0",1
blle 0x2568c,1
"movwvs r0, 0x20",1
invalid,1
"strvc r5, [r2], -r1",1
"strbvs r0, [ip], -0",1
invalid,1
"movwmi r0, 0xed",1
"andeq r2, r1, ip, lsl 13",1
"ldrdeq r2, r3, [r0], -fp",1
"andeq r6, r0, r6, lsl 21",1
"subseq r0, r1, 0x40000010",1
hvc 0x1004,1
"rsbseq r0, r6, r0, asr r2",1
"strbhs r4, [r0], r0, lsl 24",1
"ldcl p0, c0, [r0, 4]!",1
invalid,1
blle 0x256cc,1
"movwge r0, 0x20",1
invalid,1
"strvc r5, [r2], -r1",1
"subeq r0, ip, r0",1
invalid,1
"movwmi r0, 0xed",1
"andeq r2, r1, r8, lsr 14",1
"ldrdeq r2, r3, [r0], -fp",1
"andeq r6, r0, r6, asr 21",1
"subseq r0, r1, 0x40000010",1
hvc 0x1004,1
"rsbseq r0, r6, r0, asr r2",1
"ldrbhs r4, [ip, -r0, lsl 24]",1
"ldcl p0, c0, [r0, 4]!",1
"strbhi r0, [r3], -0",1
blle 0x25710,1
"movw r0, 0x20",1
invalid,1
"strvc r5, [r2], -r1",1
"mcrrls p0, 0, r0, ip, c0",1
invalid,1
"movwmi r0, 0xed",1
"andeq r2, r1, r4, asr 15",1
"ldrdeq r2, r3, [r0], -fp",1
"andeq r6, r0, r6, lsl 22",1
"subseq r0, r1, 0x40000010",1
hvc 0x1004,1
"rsbseq r0, r6, r0, asr r2",1
"ldrbhs r4, [r8, r0, lsl 24]!",1
"ldcl p0, c0, [r0, 4]!",1
"subhs r0, r3, r0",1
blle 0x25754,1
"movwhs r0, 0x20",1
invalid,1
"strvc r5, [r2], -r1",1
invalid,1
invalid,1
"movwmi r0, 0xed",1
"andeq r2, r1, r0, ror 16",1
"ldrdeq r2, r3, [r0], -fp",1
"andeq r6, r0, r6, asr 22",1
"subseq r0, r1, 0x40000010",1
hvc 0x1004,1
"rsbseq r0, r6, r0, asr r2",1
"ldmhs r4, {sl, fp, lr}",1
"ldcl p0, c0, [r0, 4]!",1
"mcrrlt p0, 0, r0, r3, c0",1
blle 0x25794,1
"movwvs r0, 0x20",1
invalid,1
"strvc r5, [r2], -r1",1
"strble r0, [ip], -0",1
invalid,1
"movwmi r0, 0xed",1
"strdeq r2, r3, [r1], -ip",1
"ldrdeq r2, r3, [r0], -fp",1
"andeq r6, r0, r6, lsl 23",1
"subseq r0, r1, 0x40000010",1
hvc 0x1004,1
"rsbseq r0, r6, r0, asr r2",1
"ldmdbhs r0!, {sl, fp, lr}",1
"ldcl p0, c0, [r0, 4]!",1
invalid,1
blle 0x257d8,1
"movwge r0, 0x20",1
invalid,1
"strvc r5, [r2], -r1",1
"subvc r0, ip, r0",1
invalid,1
"movwmi r0, 0xed",1
"muleq r1, r8, sb",1
"ldrdeq r2, r3, [r0], -fp",1
"andeq r6, r0, r6, asr 23",1
"subseq r0, r1, 0x40000010",1
hvc 0x1004,1
"rsbseq r0, r6, r0, asr r2",1
"stmibhs ip, {sl, fp, lr} ^",1
"ldcl p0, c0, [r0, 4]!",1
"vst4.8 {d16, d17, d18, d19}, [r3], r0",1
blle 0x25818,1
"movw r0, 0x20",1
invalid,1
"strvc r5, [r2], -r1",1
"mcrreq p0, 0, r0, ip, c0",1
invalid,1
"movwmi r0, 0xed",1
"andeq r2, r1, r4, lsr sl",1
"ldrdeq r2, r3, [r0], -fp",1
"andeq r6, r0, r6, lsl 24",1
"subseq r0, r1, 0x40000010",1
hvc 0x1004,1
"rsbseq r0, r6, r0, asr r2",1
bhs 0x1a383a8,1
"ldcl p0, c0, [r0, 4]!",1
"subls r0, r3, r0",1
blle 0x2585c,1
"movwhs r0, 0x20",1
invalid,1
"strvc r5, [r2], -r1",1
invalid,1
invalid,1
"movwmi r0, 0xed",1
"ldrdeq r2, r3, [r1], -r0",1
"ldrdeq r2, r3, [r0], -fp",1
"andeq r6, r0, r6, asr 24",1
"subseq r0, r1, 0x40000010",1
hvc 0x1004,1
"rsbseq r0, r6, r0, asr r2",1
blhs 0x1383e8,1
"ldcl p0, c0, [r0, 4]!",1
"mcrrhs p0, 0, r0, r3, c0",1
blle 0x258a0,1
"movwvs r0, 0x20",1
invalid,1
"strvc r5, [r2], -r1",1
"strbmi r0, [ip], -0",1
invalid,1
"movwmi r0, 0xed",1
"andeq r2, r1, ip, ror 22",1
"ldrdeq r2, r3, [r0], -fp",1
"andeq r6, r0, r6, lsl 25",1
"subseq r0, r1, 0x40000010",1
hvc 0x1004,1
"rsbseq r0, r6, r0, asr r2",1
blhs 0xfe838428,1
"ldcl p0, c0, [r0, 4]!",1
invalid,1
blle 0x258e0,1
"movwge r0, 0x20",1
invalid,1
"strvc r5, [r2], -r1",1
"sub r0, ip, r0",1
invalid,1
"andmi r0, r0, sp, ror 1",1
"andeq r2, r1, r8, lsl 24",1
"ldrdeq r2, r3, [r0], -fp",1
"subseq r0, r1, 0x40000010",1
hvc 0x1004,1
"rsbseq r0, r6, r0, asr r2",1
"ldclo p0, c0, [ip], -0",1
"movweq r0, 0x33",1
"stmdbmi r1, {r0, r1, r2, r3, r4, r5, sb, sl, fp}",1
invalid,1
invalid,1
svcne 0x12e,1
"smlatbeq r0, ip, r0, r0",1
"andeq r6, r0, ip, lsr 30",1
invalid,1
"cdpeq p3, 3, c0, c15, c0, 0",1
"andeq r2, r0, ip, lsl 11",1
"andeq sl, r0, fp, asr 24",1
"subeq r2, r2, r4, lsr r3",1
"cdpeq p3, 3, c0, c15, c0, 0",1
"strheq r0, [r0], -r2",1
"andeq sl, r0, sb, ror 24",1
"andseq sl, fp, r4, lsr r1",1
"cdpeq p3, 4, c0, c0, c0, 0",1
"andeq r0, r0, ip, lsr 13",1
"muleq r0, r5, ip",1
"eoreq r0, pc, r4, lsr fp",1
"cdpeq p3, 4, c0, c1, c0, 0",1
"andeq r0, r0, ip, lsr 13",1
"strheq sl, [r0], -r3",1
"andseq ip, sl, r3, lsr pc",1
"cdpeq p3, 4, c0, c1, c0, 0",1
"ldrdeq r2, r3, [r0], -r4",1
svchs 0x9102,1
"rsbseq r7, r2, r5, ror 4",1
"strpl r4, [lr, -0x203]",1
"andeq r0, r0, 0x20",1
svc 0x320491,1
"movweq r0, 0x30",1
invalid,1
"ldclge p0, c0, [r8], 0",1
"eorsne r0, r2, r0",1
"movweq r0, 0x3d",1
"ldrbne r0, [fp], -r6, asr 28",1
"ldcge p0, c0, [r6, -0]",1
"ldrtge r0, [sb], -0",1
"movweq r0, 0x47",1
"cmnne pc, 0x470",1
invalid,1
"ldrbvs r3, [r2, -0xb54]!",1
"stmdbmi r3, {r2, r4, r5, r6}",1
"andeq sl, r2, lr, lsl 22",1
"adceq r3, sp, r0, lsl 8",1
blne 0xff433920,1
bmi 0xe5524,1
"andseq pc, r6, lr, lsl 16",1
"ldrpl r0, [r1], 0x200",1
"andseq r6, r4, r2, lsr sp",1
"cdpeq p3, 4, c0, c11, c0, 0",1
"andeq r1, r0, sb, asr 28",1
"andeq sl, r0, r2, asr sp",1
"andseq sb, sl, r7, asr fp",1
"cdpeq p3, 0xa, c0, c1, c0, 0",1
"strdeq r2, r3, [r1], -r0",1
invalid,1
invalid,1
"rsbeq r0, lr, r0, lsl 12",1
"strbtne r3, [sb], -0x200",1
blhi 0xe555c,1
"andseq r4, lr, lr, lsl 18",1
"adceq r8, sp, r0, lsl 12",1
"stclhs p3, c4, [r4]",1
svchs 0x670001,1
"stclvs p0, c0, [sl, 0]!",1
"mrseq r0, spsr",1
"ldcmi p2, c0, [r1], {0x53}",1
"cmpeq r2, r1, asr 2",1
invalid,1
"mrseq r3, spsr",1
"rsbseq r0, r6, r0, asr r2",1
"ldclhs p0, c4, [ip]",1
"sbclo r0, r7, r1",1
"mrseq r0, spsr",1
"teqmi sl, r3, asr r1",1
"strvc r5, [r2], -0x101",1
"andpl r4, r1, r0, lsl 2",1
"andeq r7, r0, r2, lsl 12",1
"stchs p3, c4, [ip], {0}",1
"cdp p0, 0, c0, c4, c1, 0",1
"cdpvs p0, 1, c0, c15, c0, 0",1
"mrseq r0, spsr",1
"teqmi r1, r1, asr r1",1
"stmdaeq r2, {r0, ip, lr}",1
"mcrrls p0, 2, r0, r3, c0",1
"streq r0, [r0], -0x12c",1
"stmdalo r0, {r1, r2, r3, r5, r6, r7}",1
invalid,1
"mrslo r5, apsr",1
"subseq r0, r0, 0x40000010",1
"movwmi r2, 0x808",1
"strdeq r2, r3, [r1], -r0",1
"andeq r6, r0, r2, lsr r5",1
"andeq r6, r0, fp, ror 28",1
"subseq r0, r3, 0x40000010",1
"swpbeq r5, r1, [r1]",1
"rsbseq r0, r7, r2, asr r2",1
"subseq r0, r1, 0x40000010",1
hvc 0x1005,1
"rsbseq r0, sl, r0, asr r2",1
"ldrbteq r0, [sp], -0x241",1
"subeq r3, r1, 1",1
"stmdbvc r2, {r0, r2, r3, r4, r5, r6}",1
"subne r0, r3, r0",1
"stmdbhi r0, {r0, r2, r3, r5, r8}",1
svcvc 0xec,1
invalid,1
"strvc r5, [r2, -1]",1
invalid,1
"strge r0, [r0], -sp, lsr 2",1
"movwls r0, 0x35",1
invalid,1
"strvc r5, [r2, -r1]",1
"sublo r0, r3, r0",1
blle 0x25aec,1
"strge r0, [r0, -r0, lsr 32]",1
invalid,1
"strvc r5, [r2, -1]",1
"mcrrmi p0, 0, r0, r3, c0",1
"movwhi r0, 0x12d",1
bllt 0x256d4,1
invalid,1
"strvc r5, [r2, -1]",1
"strbvs r0, [r3], -0",1
"movweq r0, 0x12d",1
svcgt 0x22,1
invalid,1
"strvc r5, [r2, -1]",1
"strbhi r0, [r3], -0",1
"strvs r0, [r0, -sp, lsr 2]",1
"vhadd.u8 d0, d0, d31",1
invalid,1
invalid,1
"andpl r4, r1, 76, 2",1
"mrseq r3, spsr",1
"teqmi r0, r1, asr r1",1
"strvc r5, [r2], -r1",1
"mcrr p0, 0, r0, r3, c0",1
"strge r0, [r0], -sp, lsr 2",1
"smladxeq r0, r5, r0, r0",1
invalid,1
"strvc r5, [r2, -r1]",1
invalid,1
"stmdbhi r0, {r0, r2, r3, r5, r8}",1
blne 0x25a60,1
invalid,1
"strvc r5, [r2, -1]",1
"subeq r0, r0, r0",1
"strge r0, [r0], -lr, lsr 2",1
invalid,1
"strvc r5, [r2, -r1]",1
invalid,1
"andeq r4, r0, r6, asr 24",1
invalid,1
"andeq r1, r0, sb, asr 28",1
"rsbeq sl, pc, r1, lsl 22",1
"ldrbeq r2, [sb], r0, lsl 14",1
"strlt r0, [r3, -r0]",1
"eoreq r4, r3, sb, lsl 20",1
blmi 0x12f2ec,1
"strlt r0, [r3, -r0]",1
"eorseq r1, r3, sb, lsl 24",1
"stcllo p7, c2, [r5, 0]!",1
"strlt r0, [r3, -r0]",1
"andseq r3, lr, sb, lsl 26",1
svchs 0x9f2700,1
invalid,1
"andeq r2, r2, sb, lsl 20",1
blmi 0xfef6f310,1
invalid,1
"andseq r7, r3, sb, lsl 30",1
"rsbvc r2, r5, 0, 12",1
"stmdalt r3, {r1, r4, r5, r6}",1
"eoreq r5, r0, sb, lsl 10",1
"strbtvs r2, [r4], -r0, lsl 18",1
blt 0xe58b0,1
"eoreq r8, r5, sb, lsl 24",1
"strbtne r2, [sp], -0xb00",1
bllt 0xe5738,1
"andseq r4, lr, sb, lsl 18",1
"bicmi r2, sl, r0, lsl 22",1
invalid,1
"andeq sp, r0, sb, lsl 18",1
"cdpeq p0, 2, c0, c8, c0, 0",1
"movweq r0, 0x18",1
"stmdbmi r1, {r4, r8, sb, fp}",1
invalid,1
"andeq r7, r0, r6, lsr r1",1
"andeq sp, r6, r7, lsr 18",1
bleq 0x426364,1
"andeq r2, r0, sl, asr 6",1
invalid,1
bleq 0x426370,1
"andeq r2, r0, ip, lsl 11",1
"eorseq lr, sp, r7, lsr 10",1
bleq 0x42637c,1
"andeq r1, r0, sp, lsr lr",1
"eoreq sb, pc, r7, lsr 30",1
bleq 0x466388,1
"andeq r0, r0, sl, lsr 4",1
"rsbsvc r6, r2, 0x9800000",1
bleq 0x466394,1
"andeq r2, r0, r5, asr r0",1
"andseq sp, fp, fp, lsr 32",1
invalid,1
"strdeq r1, r2, [r0], -r8",1
"eorseq lr, r0, fp, lsr 30",1
invalid,1
"strheq r1, [r0], -fp",1
"eorseq r1, sp, fp, lsr 32",1
invalid,1
"andeq r1, r0, fp, asr r6",1
"eorseq lr, fp, fp, lsr 30",1
invalid,1
"andeq r1, r0, pc, ror r3",1
"eoreq r2, lr, fp, lsr 6",1
invalid,1
"andeq r1, r0, pc, ror r3",1
"eorseq r7, r4, fp, lsr 4",1
invalid,1
"andeq r1, r0, pc, ror r3",1
"eorseq r8, r0, fp, lsr 22",1
invalid,1
"andeq r1, r0, pc, ror r3",1
"eorseq r6, r5, fp, lsr 14",1
invalid,1
"andeq r1, r0, pc, ror r3",1
"andseq ip, sl, fp, lsr 30",1
invalid,1
"ldrdeq r2, r3, [r0], -r4",1
"eorseq lr, r8, fp, lsr 18",1
invalid,1
"andeq r1, r0, sb, asr 28",1
"eoreq sl, r7, fp, lsr 30",1
invalid,1
"andeq r0, r0, sl, asr r0",1
"subeq r6, r2, fp, lsr 32",1
invalid,1
"ldrdeq r2, r3, [r0], -r4",1
"eorseq r4, fp, sb, asr r2",1
"stceq p3, c0, [r8, -0]!",1
"andseq r8, lr, sb, asr ip",1
"stceq p3, c0, [r6, -0]!",1
"andseq r2, r3, sl, asr r2",1
"rsbseq r4, r1, r0, lsl 12",1
"stmdane lr, {r8}",1
blne 0x16e5848,1
blhs 0x25a10,1
"andeq r1, r0, sp, ror 29",1
"cdple p5, 0, c5, c12, c3, 0",1
blhs 0x258d0,1
"andeq r3, r0, r7, lsl r3",1
"cdple p5, 0, c5, c12, c3, 0",1
blhs 0x258dc,1
"muleq r0, r6, sl",1
blmi 0x33b078,1
blhs 0x25a34,1
"andeq r2, r0, r5, lsr 8",1
blmi 0x33b484,1
"stmdbhs r0, {r0, r4, r5, r6}",1
"rsbseq r6, r4, r2, ror r5",1
blge 0x33b890,1
blhs 0x25890,1
"strdeq r2, r3, [r0], -fp",1
bpl 0x33bc9c,1
blhs 0x25894,1
"andeq r2, r0, r6, lsl 2",1
"strle r5, [ip], -0xa03",1
blhs 0x25920,1
"ldrdeq r1, r2, [r0], -r8",1
invalid,1
bhs 0x25904,1
"andseq r6, fp, fp, lsr 16",1
"stceq p3, c0, [lr], 0",1
"strdeq r1, r2, [r0], -pc",1
blhs 0xaa58bc,1
"andeq r1, r0, sb, ror 8",1
"stmdbmi ip, {r0, r1, r8, sl, ip, sp, lr, pc}",1
blhs 0x25940,1
"andeq r2, r0, r7, lsl 20",1
bpl 0x3630dc,1
"andeq r0, r0, r0",1
"adcseq r0, ip, r0, lsl 24",1
"mrsvc r0, spsr",1
"strls r0, [sp, -r0]",1
invalid,1
"teqvc r6, r0, lsl 14",1
"strhs r0, [ip, -0]",1
blpl 0x258f0,1
"stceq p0, c0, [r0, -0x1c4]",1
"muleq r0, r7, r0",1
invalid,1
"movweq r0, 0x3d",1
blge 0x68300,1
invalid,1
"andeq r7, r0, sb, lsl r2",1
"eoreq sb, pc, r7, lsr 30",1
beq 0x1fe6514,1
"andeq r7, r0, sb, lsl r2",1
"eorseq lr, r0, r7, lsr 30",1
beq 0xfe026520,1
"andeq r1, r0, r6, asr 7",1
"eorseq r1, sp, r7, lsr 32",1
beq 0xfe06652c,1
"andeq r1, r0, fp, asr r6",1
"eoreq r2, lr, r7, lsr 6",1
beq 0xfe0a6538,1
"andeq r1, r0, sb, ror 8",1
"andseq lr, lr, r7, lsr 26",1
beq 0xfe0e6544,1
"andeq r7, r0, lr, lsl r2",1
"eorseq r1, r3, r7, lsr 14",1
beq 0xfe126550,1
"andeq r7, r0, lr, lsl r2",1
"eorseq lr, r0, fp, lsr 12",1
beq 0xfe32655c,1
"andeq r0, r0, r3, lsr r0",1
"eoreq sb, r1, fp, lsr 32",1
beq 0xfe326568,1
"andeq r0, r0, r3, lsr r0",1
"cmnvs r7, 0xa8000",1
beq 0xfe766574,1
"andeq r0, r0, r1, lsr sb",1
"subeq lr, r2, fp, lsr 22",1
beq 0xfe7a6580,1
"andeq r1, r0, r7, asr 6",1
"eoreq lr, r3, fp, lsr 26",1
beq 0xfe7e658c,1
"andeq r1, r0, r7, asr 6",1
"ldrths r2, [r1], sl, lsr 22",1
bllt 0xe5998,1
"andseq pc, r5, sl, lsl 30",1
"ldrbhs r2, [lr], r0, lsl 22",1
bllt 0xe59a4,1
"andseq pc, r5, sl, lsl 30",1
svcne 0x362b00,1
invalid,1
"andseq r7, r3, sl, lsl 30",1
"andeq r0, r0, r0",1
"andeq r2, r2, r7, lsl sl",1
"strhs r0, [r4], -0x600",1
"smlsdxne r0, r2, r0, r0",1
"ldrdeq r1, r2, [r0], -lr",1
"eorseq sp, r2, r8, lsr 10",1
"stceq p3, c0, [ip]",1
"andeq sl, r2, r1, lsl 22",1
"rsbvc r0, ip, 0, 2",1
svc 0x270000,1
"movweq r0, 0x30",1
"bicne r0, r6, 140, 26",1
"eorne r0, r7, r0",1
"movweq r0, 0x3d",1
"ldrbne r0, [fp], -sp, lsl 27",1
blhi 0x9e59f4,1
"movweq r0, 0x30",1
"strbtne r0, [sb], -0xd8e",1
"stceq p0, c0, [r7], -0",1
"movweq r0, 0x12",1
"stmne sb, {r0, r1, r2, r3, r7, r8, sl, fp}",1
invalid,1
"strdeq r4, r5, [r0], -r1",1
invalid,1
"andeq r0, r0, fp, lsr 5",1
"rsbseq fp, r2, r1, lsl 22",1
"rsclo r2, pc, r0, lsl 14",1
invalid,1
"andseq ip, r3, sl, lsl 12",1
"ldclo p7, c2, [r0, -0]",1
blx 0xe5a30,1
"andseq r5, r6, sl, lsl 22",1
bllo 0xffbef638,1
blx 0xe5a3e,1
"andseq r6, r4, sl, lsl 18",1
"andne r2, ip, 0, 14",1
invalid,1
"andseq r8, r8, sl, lsl 18",1
"strths r2, [r3], -r0, lsl 22",1
"mrseq r0, apsr",1
"andeq sp, r0, fp, lsl 18",1
"cdpge p0, 2, c0, c13, c0, 0",1
"movweq r0, 0x4b",1
"strheq r0, [r1, -pc]",1
"andeq r7, r0, pc, lsr 6",1
invalid,1
invalid,1
"andeq r2, r0, ip, lsl 11",1
"movweq r6, 0x929",1
"subseq r0, sl, r1, asr 7",1
bvs 0xa65a80,1
"biceq r0, r2, 0, 6",1
"andeq r0, r0, sl, asr r0",1
"rsbeq r6, r8, sb, lsr 6",1
bpl 0x11669c,1
invalid,1
"andeq r3, r0, sb, lsl 25",1
bhs 0x11eaa8,1
"eoreq ip, r4, fp, lsr 12",1
"biceq r0, r7, 0, 6",1
"muleq r0, r5, r3",1
"eoreq r5, r1, fp, lsr 12",1
"biceq r0, r8, 0, 6",1
"muleq r0, r5, r3",1
"eoreq r5, r1, fp, lsr 24",1
"biceq r0, sb, 0, 6",1
"muleq r0, r5, r3",1
"eoreq r7, r1, fp, lsr 8",1
"biceq r0, sl, 0, 6",1
"muleq r0, r5, r3",1
invalid,1
"movweq r0, 0x1e",1
"stmdbmi r1, {r0, r5, r6, r7, r8, fp}",1
invalid,1
"strdeq r7, r8, [r0], -r2",1
"eorseq r1, r3, r7, lsr 22",1
"stmibeq r1!, {r8, sb} ^",1
"andeq r1, r0, sb, asr 28",1
"andeq sp, r6, r7, lsr 18",1
"stmibeq r1!, {r8, sb} ^",1
"andeq r2, r0, sl, asr 6",1
invalid,1
"stmibeq r1!, {r8, sb} ^",1
"andeq r2, r0, ip, lsl 11",1
"eorseq lr, sp, r7, lsr 10",1
"stmibeq r2!, {r8, sb} ^",1
"andeq r1, r0, sp, lsr lr",1
"eoreq sb, pc, r7, lsr 30",1
"stmibeq r2!, {r8, sb} ^",1
"andeq r0, r0, sl, lsr 4",1
"rsbsvc r6, r2, 0x9800000",1
"stmibeq r2!, {r8, sb} ^",1
"andeq r2, r0, r5, asr r0",1
"andseq r6, r4, fp, lsr 26",1
"stmibeq r4!, {r8, sb} ^",1
"andeq r1, r0, sb, asr 28",1
"eorseq r5, r5, fp, lsr 4",1
"stmibeq r4!, {r8, sb} ^",1
"andeq r1, r0, sb, asr 28",1
"movweq r6, 0x929",1
"cmnne pc, 0x394000",1
"eorvs r0, fp, r0",1
"movweq r0, 0x27",1
"cmnne pc, 0x394000",1
"strvs r0, [sb, -0]!",1
"movweq r6, 0x46e",1
"cmnne pc, 0x394000",1
"eorge r0, fp, 0",1
"movweq r0, 0x3e",1
"cmnne pc, 0x394000",1
svceq 0x2b0000,1
"movweq r0, 0x1a",1
"ldrbtne r0, [r8], r6, ror 19",1
invalid,1
"movweq r0, 0x23",1
blhs 0xaa8530,1
"strheq r1, [r0], -r5",1
"strvc r4, [sl], -0x903",1
"andeq r0, r0, r3, lsl r0",1
"ldmdblo pc!, {sl, fp, ip, sp}",1
svcle 0x30000,1
"cdpne p1, 4, c0, c9, c8, 0",1
"cdphs p0, 1, c0, c12, c0, 0",1
"movsmi r0, r1",1
"stcge p0, c0, [r4, 4]!",1
"mrshi r0, apsr",1
"strlo r0, [r0], -0x82",1
"ldrdeq r0, r1, [r0], -sb",1
bmi 0x25d7c4,1
invalid,1
"strlo r0, [r0], -0xad",1
"andeq r4, r0, r4, lsl 22",1
invalid,1
invalid,1
"strlo r0, [r0], -0xaf",1
"andeq r3, r0, r5, ror 27",1
"stclo p15, c13, [r8, -0xc]",1
invalid,1
"strlo r0, [r0], -0xb0",1
"muleq r0, pc, pc",1
bhs 0x25dbf4,1
invalid,1
"movwlo r0, 0xb0",1
"strheq r4, [r0], -sp",1
svcvc 0x8e003,1
"andeq r0, r0, 0x13",1
"strvs r0, [0x00025b6f]!",1
"movweq r7, 0x272",1
"subshs r0, r5, r0, ror 17",1
invalid,1
"strbtvs r3, [r4], -r4, lsl 22",1
"and r0, r3, 0x61",1
"eoreq r8, r5, r8, lsl 24",1
"adcseq r0, r1, r0, lsl 24",1
"strbtne r3, [sp], -0x200",1
"movw r0, 0x3000",1
"andseq r4, lr, r8, lsl 18",1
"adcseq r6, r1, r0, lsl 10",1
svchs 0x183d00,1
svchs 0x880001,1
"ldrvc r0, [r6, -1]",1
"eorsls r0, r2, 0",1
"movweq r0, 0x29",1
"mcrne p8, 2, r0, c9, c3, 7",1
"andslt r0, r2, 0",1
invalid,1
"stmdbgt r0, {r0, r1, r2, r3, r5, r8}",1
"stcgt p0, c0, [r0, -0x160]",1
invalid,1
invalid,1
"ldrdmi r7, r8, [r6, -r4]",1
"strvc r5, [r2], -r1, lsl 2",1
"andpl r4, r1, r0, lsl 2",1
"andeq r7, r0, r2, lsl 18",1
invalid,1
"eoreq r6, pc, r0, lsl 14",1
"rsbseq pc, r4, r0, lsl 6",1
"movwpl r4, 0x1100",1
invalid,1
"stmdavc r2, {r0, sb, ip, lr}",1
"mrspl r4, apsr",1
invalid,1
"strvc r5, [r2, -1]",1
"strbpl r0, [r0], -0",1
"strgt r0, [r0, -pc, lsr 2]",1
invalid,1
"strvc r5, [r2, -r1, lsl 6]",1
"andpl r4, r1, 0, 2",1
invalid,1
"strvc r5, [r2], -0x101",1
"andpl r4, r1, r0, lsl 2",1
"andeq r7, r0, r2, lsl 10",1
svcvs 0x2c4400,1
svchs 0xbc0000,1
"addslo r0, r8, r1",1
"mrseq r0, apsr",1
"rsbseq r2, r6, sb, lsl 2",1
svcvs 0x7a4500,1
"eorslt r0, r0, 0",1
"cdpvs p0, 4, c0, c5, c0, 0",1
"andpl r0, r0, pc, rrx",1
"strmi r0, [r0, -0xb2]",1
"andeq r6, r0, r2, ror 30",1
"andeq fp, r0, lr, ror 4",1
"rsbeq r5, pc, r5, asr 12",1
"adcseq sb, r2, r0",1
svcvs 0x4a4500,1
"adcslt r0, r2, 0",1
"cdplo p0, 4, c0, c5, c0, 0",1
invalid,1
blo 0x25fc8,1
"strheq r2, [r1], -ip",1
"muleq r1, r8, r0",1
"rsbeq r8, pc, r6, asr 12",1
"adcseq r0, r3, r0, lsl 28",1
svcvs 0x924600,1
invalid,1
"cdpls p0, 4, c0, c6, c0, 0",1
"strpl r0, [r0, -0x6f]",1
"movwmi r0, 0xb3",1
"ldrdeq r2, r3, [r1], -ip",1
"andeq r5, r0, sb, asr 17",1
"andeq r7, r0, lr, lsr 11",1
"ldmdaeq r2, {r0, r6, r8} ^",1
"uhadd8eq sp, lr, r1",1
invalid,1
"ldrbeq r0, [r1], -0x141",1
"uhadd8eq sp, lr, r1",1
"ldrbeq r0, [r0], -0x141",1
"uhadd8eq ip, lr, r1",1
"andlo r4, ip, r0, lsl 6",1
"strthi r0, [lr], -1",1
"strbvc r0, [sb, 0]!",1
"mrseq r0, spsr",1
"ldrle r0, [r1], 0x453",1
hvc 0x106e,1
"ldcgt p4, c0, [r1], {0x52}",1
hvc 0x106e,1
"rsbseq r0, r4, r1, asr r2",1
"ldrbeq r0, [r0], -0x141",1
"uhadd8eq sp, lr, r1",1
"ldrbteq r0, [sp], -0x241",1
"ldrbteq sb, [ip], -r3, lsl 2",1
"rsbseq r0, sp, r1, asr 4",1
"andeq r7, r0, r2, lsl 12",1
"teqeq r0, r3, asr 8",1
"eoreq r6, sp, r0, lsl 28",1
"rsbseq r0, r6, r0, lsl 10",1
"andpl r4, r1, 0, 2",1
"mrseq r3, spsr",1
"andle r0, r3, r1, asr r5",1
"andeq r0, r0, r7, ror 1",1
"teqeq r0, r0, asr 24",1
"eorseq ip, r0, r0, lsl 14",1
"movwpl r4, 0x1100",1
"mrseq r4, spsr",1
"teqmi r0, r2, asr r1",1
"strvc r5, [r2, -1]",1
"andeq r0, r0, r0",1
"rsbeq sl, pc, r4, asr fp",1
"teqeq r0, r0, lsl 16",1
"andeq sb, r6, r0, lsl 16",1
"stmdbeq r6, {r8, sb}",1
"strheq r7, [r0], -r7",1
"rsbeq lr, pc, r5, asr 26",1
"adcseq r7, r3, r0, lsl 6",1
svcvs 0xe14500,1
"orrslt r0, pc, 0",1
"strble r0, [r5, -0]",1
"cdpgt p0, 0, c0, c0, c15, 3",1
"strmi r0, [r0, -0xb3]",1
"andeq r6, r0, sb, asr 31",1
"strdeq fp, ip, [r0], -sp",1
"rsbeq fp, pc, r5, asr 26",1
"adcseq r2, r4, r0, lsl 20",1
"strbeq r3, [r0], r0, lsl 30",1
invalid,1
"movweq r0, 0x6f",1
"uhadd8mi fp, pc, r1",1
"andeq r7, r0, r5",1
"andeq fp, r0, sb, asr r4",1
"rsbseq r1, r0, r6, asr 2",1
"adcseq r8, r4, r0, lsl 26",1
"andsvc r4, sp, r0, lsl 12",1
"ldrblt r0, [r7], 0",1
invalid,1
"movweq r0, 0x70",1
invalid,1
"andeq r7, r0, r5, lsr r0",1
"andeq fp, r0, lr, lsr r5",1
"rsbseq r4, r0, r6, asr 2",1
"adcseq sp, r4, r0, lsl 14",1
"subvc r4, sp, r0, lsl 12",1
"strlt r0, [r4]",1
invalid,1
"stcgt p0, c0, [r0, -0x1c0]",1
invalid,1
"andeq r7, r0, r5, rrx",1
"andeq fp, r0, r7, lsl 12",1
"rsbseq r7, r0, r6, asr 2",1
"adcseq r5, r6, r0, lsl 2",1
"rsbsvc r4, sp, r0, lsl 12",1
"ldrblt r0, [r2], r0",1
invalid,1
"strmi r0, [r0], -0x70",1
"stcpl p1, c0, [r0, -0xdc]",1
"muleq r0, r1, r0",1
"andeq r3, r1, r8, lsr r7",1
"rsbseq sb, r0, ip, asr sb",1
"strls r0, [r3], -0x500",1
"andmi r0, r0, 196, 2",1
"andeq r0, r0, r8, ror 13",1
"ldrdeq r7, r8, [r0], -r6",1
"rsbseq sl, r0, ip, asr ip",1
"addshi r0, r1, r0, lsl 6",1
"adcsvc r5, r8, pc, ror ip",1
"mrsls r0, apsr",1
"ldrbgt r7, [ip], -0xf88",1
"movweq r0, 0x70",1
"ldclpl p8, c9, [pc], -0x244",1
"ldrdeq r7, r8, [r0], -r0",1
svcvc 0xb89103,1
"rsbseq sp, r0, r6, asr 24",1
"adcseq r1, r7, r0, lsl 12",1
"rscvc r4, r8, r0, lsl 12",1
"ldrlt r0, [0x00025ecc]!     ; [0x25ecc:4]=0x74000070",1
"vst4.8 {d16, d17, d18, d19}, [r6], r0",1
"strvc r0, [r0], -0x70",1
invalid,1
"andeq r7, r0, r0, lsl 2",1
svcvc 0x909103,1
"rsbseq r5, r1, r4, asr fp",1
"teqeq r2, r0, lsl 8",1
"andeq r0, r7, r0",1
"ldceq p3, c0, [r8], {0}",1
"muleq r0, r3, r8",1
"rsbseq sl, r1, r5, asr 18",1
"adcseq sp, r7, r0, lsl 24",1
"orrsvc r4, sp, r0, lsl 10",1
invalid,1
"mrsls r0, spsr",1
"strhs r0, [r0], -0x71",1
"strmi r0, [r0, -0xb8]",1
"andeq r7, r0, r5, lsl 3",1
"andeq fp, r0, ip, asr 16",1
"rsbseq r7, r1, r5, asr 18",1
"adcseq r6, r8, r0, lsl 20",1
invalid,1
invalid,1
invalid,1
"strmi r0, [r0], -r7",1
"strheq r7, [r0], -r5",1
"andeq fp, r0, sl, lsr 17",1
"rsbseq ip, r1, r6, asr 2",1
"adcseq ip, r8, r0, lsl 16",1
"ldreq r4, [r0, -r0, lsl 4]!",1
invalid,1
"cdpgt p0, 4, c0, c6, c0, 0",1
invalid,1
invalid,1
"ldrdeq r7, r8, [r0], -sb",1
"andeq fp, r0, r0, lsl sb",1
"rsbseq lr, r1, r6, asr 10",1
"adcseq r3, sb, r0, lsl 18",1
"rsbhs r4, r6, r0, lsl 8",1
invalid,1
"movslo r0, 1",1
"stmdage r3, {r0}",1
"rsbseq lr, r7, sl, lsl 26",1
"rsbshs r4, sb, r0, lsl 10",1
invalid,1
invalid,1
"stmdavc r0, {r0, r1, r4, r5, r8}",1
"andeq r0, r0, lr, ror 1",1
"eoreq r6, r0, r4, asr 12",1
"teqeq r3, r0, lsl 8",1
"teqeq r3, r0, lsl 8",1
beq 0xfeaa6b9c,1
"andeq r7, r0, fp, lsl r8",1
"eoreq r7, r0, r5, asr 18",1
"adcseq r7, sb, r0, lsl 10",1
"biclo r4, ip, 0",1
"cdp p0, 7, c0, c8, c1, 0",1
"mrseq r0, spsr",1
"rsbseq r0, r6, r0, asr r2",1
"subpl r0, r2, r0",1
"stmdavs r0, {r0, r1, r2}",1
invalid,1
"strdeq r7, r8, [r0], -r2",1
"andeq fp, r0, r8, lsl 19",1
"rsbseq pc, r1, r6, asr 28",1
"adcseq fp, sb, r0, lsl 10",1
"andvc r4, sl, 0, 12",1
invalid,1
"sublo r0, r3, r0",1
"and r0, r0, 52, 2",1
"strpl r0, [r0, -0xec]",1
invalid,1
invalid,1
"ldrdeq r7, r8, [r6], -ip",1
"teqeq r4, r0, asr 32",1
"rsceq lr, ip, r0, lsl 4",1
"mrspl r4, apsr",1
"cdpvc p1, 0xd, c9, c12, c4, 0",1
"andmi r0, r0, r6",1
"andeq r3, r1, r4, lsr 9",1
"ldrdeq r2, r3, [r0], -fp",1
"subseq r0, r1, 0x40000010",1
hvc 0x1004,1
"rsbseq r0, sl, r0, asr r2",1
invalid,1
"strls r0, [r0, -0x133]",1
invalid,1
"andeq r3, r1, r4, asr 6",1
"muleq r0, r5, lr",1
"ldrtle r0, [sp], -0",1
invalid,1
"mcrlt p1, 0, r0, c0, c4, 1",1
invalid,1
"andeq r7, r0, sp, lsl 2",1
"andeq fp, r0, r0, lsl 20",1
"teqeq r4, r0, asr 24",1
"rsceq lr, ip, r0, lsl 4",1
"mrspl r4, apsr",1
"cdpvc p1, 0xe, c9, c4, c6, 0",1
"eoreq r3, r4, r6, lsl 4",1
"eorvc r4, sb, 0, 8",1
"ldrlo r0, [r8, -0]",1
"ldrlo r0, [r4, -1]!",1
"stclt p0, c0, [r3, -4]",1
"rsbseq r1, sb, ip, lsl 22",1
"subsvc r4, pc, 0, 10",1
blt 0x7a6078,1
"movtpl r0, 0x5000",1
invalid,1
"strmi r0, [r0, -0xba]",1
"andeq r7, r0, r7, asr 4",1
"andeq fp, r0, r4, ror 20",1
"rsbseq r3, r2, r5, asr 22",1
"adcseq r8, sl, r0, lsl 4",1
"strlo r4, [r0, -0x300]!",1
"cdp p0, 9, c0, c5, c1, 0",1
invalid,1
"mrseq r0, spsr",1
"rsbseq r0, r4, r0, asr r2",1
"ldrlo r4, [r4, -0]!",1
"sbcshs r0, fp, r1",1
"mrseq r0, spsr",1
"rsbseq r0, sl, r0, asr r2",1
"mcrrvs p0, 0, r0, r4, c0",1
"strmi r0, [r0], -0x72",1
"andvs r0, r0, r5, lsr r1",1
"movweq r0, 0x135",1
"stmibvc fp, {r1, r2, r6, r7, sl, fp}",1
"subge r0, r5, 0",1
"andge r0, r0, r2, ror r0",1
"strmi r0, [r0, -0xba]",1
"muleq r0, r6, r2",1
"strheq fp, [r0], -lr",1
"rsbseq r8, r2, r5, asr 20",1
"adcseq lr, sl, r0, lsl 12",1
"rsbsvc r4, lr, 0, 10",1
bllt 0x1260f0,1
"ldrtmi r0, [sl], -0",1
"andvs r0, r0, r5, lsr r1",1
invalid,1
"andeq r7, r0, lr, lsr 5",1
"andeq fp, r0, r2, lsr 22",1
"teqeq r5, r3, asr 24",1
"rsceq sb, lr, r0, lsl 10",1
"rsbseq r7, sb, r0, lsl 18",1
"andpl r4, r1, r0, lsl 2",1
"andeq r7, r0, r2, lsl 8",1
"teqeq r5, r0, asr 32",1
"eoreq sp, r0, r0, lsl 22",1
"andpl r4, r1, r0, lsl 2",1
"andeq r7, r0, r2, lsl 20",1
"vst4.8 {d16, d17, d18, d19}, [r3], r0",1
"stcgt p1, c0, [r0, -0xc4]",1
"strgt r0, [r0], -fp, lsr 32",1
invalid,1
blvc 0xbad40,1
"andpl r4, r1, 0, 2",1
"cdpvc p1, 0xc, c9, c12, c4, 0",1
"mrspl r4, apsr",1
invalid,1
"mrsls r5, apsr",1
"subeq r7, r1, 248, 28",1
invalid,1
"ldrdmi r7, r8, [r6, -r4]",1
"streq r7, [r0], -0xd02",1
"uhadd8eq sp, lr, r1",1
"andslo r4, r8, 0, 6",1
"strbhs r0, [lr, 1]",1
invalid,1
"mrseq r0, spsr",1
"ldrle r0, [r1], 0x452",1
hvc 0x106e,1
"rsbseq r0, r5, r1, asr r2",1
"ldrbeq r0, [r0], -0x141",1
"uhadd8eq ip, lr, r1",1
"rsbslo r4, r4, 0, 6",1
"strbhs r0, [lr, 1]",1
bvc 0x366194,1
"mrseq r0, spsr",1
"ldrle r0, [r1], 0x452",1
hvc 0x106e,1
"rsbseq r0, r5, r1, asr r2",1
"cmpeq r0, 0x40000010",1
invalid,1
"teqeq r2, r3, asr 24",1
"eoreq ip, r5, r0, lsl 28",1
"rsbseq r3, sl, r0, lsl 2",1
"andpl r4, r1, 0, 2",1
"cdpvc p1, 0xd, c9, c4, c4, 0",1
"mrspl r4, apsr",1
invalid,1
invalid,1
"andeq r7, r6, ip, asr 29",1
"teqeq r4, r3, asr 32",1
"eoreq sp, r0, r0, lsl 22",1
"rsbseq r4, sl, r0, lsl 10",1
"andpl r4, r1, r0, lsl 2",1
"andeq r7, r0, r2, lsl 20",1
"teqeq r5, r3, asr 32",1
"rsbeq r3, r5, r0, lsl 4",1
"rsbseq r6, sl, r0, lsl 30",1
"movwpl r4, 0x1100",1
"cdpvc p1, 0xf, c9, c4, c3, 0",1
"subseq r0, r2, 0x40000010",1
hvc 0x1009,1
"rsbseq r0, sl, r1, asr r2",1
"ldrbteq r0, [sp], -0x241",1
"cdpvc p1, 0xd, c9, c4, c4, 0",1
"mcrrlt p0, 0, r0, r3, c6",1
svclt 0x135,1
svcls 0xec,1
invalid,1
"movweq r5, 0x5301",1
"muleq r1, r4, r4",1
"cmpeq r2, 0x40000010",1
invalid,1
"movweq r5, 0x5101",1
"ldrdeq ip, sp, [r1], -r8",1
"ldrbeq r0, [r0, -0x141]",1
"biceq sl, r7, r3",1
"sublt r0, r0, r0",1
"stcgt p1, c0, [r0, -0xfc]",1
invalid,1
invalid,1
"smlalbbeq r7, r1, r8, pc",1
"rsbseq r0, r5, r1, asr r2",1
"cmpeq r0, 0x40000010",1
invalid,1
invalid,1
"stcvc p1, c4, [r2, -0xc4]",1
"ldrle r0, [r1], 0x404",1
"subeq r0, r1, 0x7e00000",1
invalid,1
"ldrdeq r7, r8, [r6], -r0",1
"strbeq r4, [r8, -r0, lsl 4]!",1
blvc 0x1be627c,1
"mcrrne p0, 0, r0, r6, c0",1
"andmi r0, r0, r1, ror r0",1
invalid,1
"andeq r7, r0, r8, lsr 2",1
"andeq fp, r0, sl, lsl 23",1
"teqeq r6, r3, asr 24",1
"eoreq r6, pc, r0, lsl 14",1
"rsbseq r1, fp, r0, lsl 16",1
"movwpl r4, 0x1100",1
svcvc 0xb09103,1
"subseq r0, r2, 0x40000010",1
hvc 0x1008,1
"rsbseq r0, r8, r1, asr r2",1
"subseq r0, r0, 0x40000010",1
"movwmi r0, 0x75",1
"strdeq r3, r4, [r1], -r4",1
"andeq r3, r0, r7, asr 1",1
"andeq r7, r0, r7, lsr fp",1
"cmpeq r3, r1, asr 2",1
"andpl r4, r1, 0x8000000e",1
invalid,1
"strvc r5, [r2, -1]",1
"subgt r0, r3, r0",1
"stmdbhi r0, {r6, r8}",1
blmi 0x26690,1
invalid,1
bvc 0xba2ec,1
"strb r0, [r0], -0",1
"strvs r0, [r0, -r0, asr 2]",1
invalid,1
invalid,1
"strheq r7, [r1, -0xf0]",1
"rsbseq r0, r8, r2, asr r2",1
"subseq r0, r1, 0x40000010",1
hvc 0x1008,1
"rsbseq r0, r5, r0, asr r2",1
"mcrrge p0, 0, r0, r3, c0",1
"streq r0, [r0], -0x130",1
"stmdahi r0, {r1, r2, r3, r5, r6, r7}",1
invalid,1
"mrslo r5, apsr",1
"subseq r0, r0, 0x40000010",1
"movwmi r2, 8",1
"strheq r3, [r1], -ip",1
"andeq lr, r0, r4, lsl 28",1
"andeq r7, r0, r1, lsr 23",1
"cmpeq r1, r1, asr 2",1
"andpl r4, r1, r1, lsr r1",1
"eoreq r0, r8, r2, lsl 16",1
"teqeq r0, r3, asr 8",1
"rsceq r8, ip, r0, lsl 18",1
"rsbseq fp, fp, r0, lsl 10",1
"andpl r4, r1, r0, lsl 2",1
"andeq r7, r0, r2, lsl 20",1
"teqeq r0, r3, asr 24",1
"rsceq r8, ip, r0, lsl 18",1
"rsbseq ip, fp, r0, lsl 18",1
"andpl r4, r1, r0, lsl 2",1
"andeq r7, r0, r2, lsl 18",1
"teqeq r0, r3, asr 24",1
"eoreq ip, r5, r0, lsl 28",1
"rsbseq lr, fp, r0, lsl 30",1
"andpl r4, r1, 0, 2",1
"cdpvc p1, 0xd, c9, c4, c4, 0",1
"mrspl r4, apsr",1
"cdpvc p1, 0xd, c9, c8, c4, 0",1
"andpl r4, r1, r6, lsl 2",1
"cdpvc p1, 0xc, c9, c12, c4, 0",1
"mcrrmi p0, 0, r0, r3, c6",1
blle 0x26858,1
"stmdaeq r0, {r5}",1
invalid,1
blo 0x7a7a4,1
"subseq r0, r0, 0x40000010",1
"movwmi r0, 0x7a",1
"andeq r3, r1, ip, ror 2",1
"andeq r2, r0, lr, asr 11",1
"andeq r7, r0, lr, lsr 24",1
"ldrbeq r0, [r2], -0x141",1
"uhadd8eq sp, lr, r1",1
"ldrbeq r0, [r1], -0x141",1
"uhadd8eq sp, lr, r1",1
"ldrbeq r0, [r0], -0x141",1
"uhadd8eq ip, lr, r1",1
"ldrlo r4, [r4], -r0, lsl 6",1
"orrhs r0, r3, r1",1
"mcrrvc p0, 0, r0, r2, c0",1
"mrseq r0, spsr",1
"rsbseq r0, sl, r0, asr r2",1
"strtlo r4, [ip], -r0, lsl 6",1
"andhs r0, r3, 1",1
"mrrcvc p0, 0, r0, r6, c0",1
"mrseq r0, spsr",1
"rsbseq r0, sl, r0, asr r2",1
"strlo r4, [r8, -r0, lsl 6]",1
"strlo r0, [r6, 1]!",1
"stclvc p0, c0, [sl], -0",1
"mrseq r0, spsr",1
"rsbseq r0, sb, r0, asr r2",1
"strlo r4, [r8, -r0, lsl 6]!",1
svchs 0x670001,1
"ldcvc p0, c0, [r1], {0}",1
"mrseq r0, spsr",1
"addslt r0, r1, r3, asr r3",1
"andpl r4, r1, 0xc000001f",1
invalid,1
"stmdavc r2, {r0, r8, ip, lr}",1
"andpl r4, r1, r0, lsl 2",1
"andeq r7, r0, r2, lsl 10",1
"teqeq r7, r3, asr 24",1
"rsceq r8, ip, r0, lsl 18",1
"rsbseq sl, ip, r0, lsl 10",1
"andpl r4, r1, r0, lsl 2",1
"andeq r7, r0, r2, lsl 20",1
"teqeq r7, r0, asr 8",1
"eorseq sl, r5, r0, lsl 12",1
"andpl r4, r1, r0, lsl 2",1
"andeq r7, r0, r2, lsl 18",1
bllt 0x1526458,1
"and r0, r0, r2, ror r0",1
"andls r0, r0, r8, lsr r1",1
"movweq r0, 7",1
"ldclvc p9, c0, [sb, -0x124]!",1
invalid,1
"strlt r0, [r0], -0x72",1
svclo 0xbb,1
"strheq r0, [r0], -r0",1
"rsbseq sp, r2, r6, asr 10",1
"adcseq sp, fp, r0, lsl 4",1
"sbcsvc r4, pc, 0, 12",1
"stclt p0, c0, [r0], -0",1
invalid,1
svclo 0x72,1
"mcrpl p0, 0, r0, c0, c12, 5",1
"strdeq r7, r8, [r0], -r4",1
"andeq sp, r7, r2, asr 16",1
"rsbseq r6, sp, r0, lsl 28",1
"rscsvc r4, sp, 0, 12",1
"stclt p0, c0, [pc], {0}",1
invalid,1
svcge 0x73,1
invalid,1
"andeq r7, r0, r5, lsl r3",1
"ldrdeq fp, ip, [r0], -r7",1
"rsbseq r2, r3, r6, asr 2",1
"adcseq pc, ip, r0, lsl 30",1
"cdpne p7, 0xe, c4, c10, c0, 0",1
invalid,1
"ldmdblo r0!, {r0}",1
svcle 0x30001,1
svcne 0x134503,1
"stclt p0, c0, [r7, -0]!",1
"stc2l p0, c0, [r5, -0]",1
bllo 0x2655c,1
"strmi r0, [r0, -0xbd]",1
"andeq r1, r0, r8, lsl 30",1
"andeq fp, r0, sl, ror 26",1
"teqeq sb, r0, asr 24",1
"rsceq r4, sp, r0",1
"andpl r4, r1, 0, 2",1
"mrseq r4, spsr",1
"teqmi r0, r1, asr r1",1
"strvc r5, [r3, -1]",1
"strdeq r0, r1, [r0], -r0",1
invalid,1
"ldcl p0, c0, [r0, 4]!",1
"andeq r0, r0, r0",1
"teqeq sb, sp, lsr r0",1
"teqeq sl, r0",1
"rsbseq r3, lr, r0, lsl 20",1
"strmi r3, [r4], -0x200",1
"stcmi p0, c0, [r3, -0]",1
"andseq r4, lr, sb, lsl 18",1
"adcseq r7, sp, r0, lsl 28",1
"strtmi r3, [r3], -r0, lsl 4",1
"stcmi p0, c0, [r3, -0]",1
"andseq r4, lr, sb, lsl 18",1
"adcseq sl, sp, r0, lsl 14",1
"ldmiblo r4, {r8, sb, lr} ^",1
svchs 0x670001,1
"stclvc p0, c0, [ip]",1
"mrseq r0, spsr",1
"ldcgt p4, c0, [r1], {0x53}",1
hvc 0x106e,1
"teqmi r0, r2, asr r1",1
"andlo r5, r1, r1, lsl 2",1
"subseq r0, r0, 0x40000010",1
"movwmi r0, 0x75",1
"andeq r3, r1, r8, lsl 20",1
"andeq r2, r0, r7, ror 30",1
"strdeq r7, r8, [r0], -r2",1
"ldrbeq r0, [r3], -0x141",1
"uhadd8eq ip, lr, r1",1
"cmpeq r2, r1, asr 2",1
invalid,1
"mrseq r3, spsr",1
"rsbseq r0, r5, r0, asr r2",1
blo 0xb37194,1
svchs 0x670001,1
"cdpvc p0, 1, c0, c8, c0, 0",1
"mrseq r0, spsr",1
"ldcgt p4, c0, [r1], {0x53}",1
hvc 0x106e,1
"teqmi r0, r2, asr r1",1
"andlo r5, r1, r1, lsl 2",1
"subseq r0, r0, 0x40000010",1
"andmi r0, r0, r5, ror r0",1
"andeq r3, r1, r4, asr 20",1
"andeq r3, r0, r7, asr 1",1
"cmpeq r3, r1, asr 2",1
"andpl r4, r1, 0x8000000e",1
invalid,1
"strvc r5, [r2], -r1, lsl 2",1
"andpl r4, r1, r0, lsl 2",1
"andeq r7, r0, r2, lsl 10",1
invalid,1
bllo 0xfec265e0,1
"ldrbeq r0, [r0, r1]!",1
svcls 0x30000,1
"addeq fp, r0, sb, lsl 26",1
"cmnvc sp, 0, 10",1
"stcllt p0, c0, [r5]",1
"mrsvc r0, spsr",1
"str r0, [r0, -0x73]",1
"strmi r0, [r0, -0xbd]",1
"andeq r7, r0, r5, ror 6",1
"andeq fp, r0, r7, lsl 28",1
"rsbseq r5, r3, r5, asr 18",1
"adcseq r4, lr, r0, lsl 24",1
"movtvc r4, 0xd500",1
"cdplt p0, 6, c0, c10, c0, 0",1
"mrsmi r0, spsr",1
invalid,1
svclo 0xbe,1
"andeq r0, r0, r0, lsl r8",1
"rsbseq r8, r3, r6, asr 18",1
"adcseq r1, pc, r0, lsl 16",1
"orrsvc r4, r5, 0, 12",1
svclt 0xc90000,1
"mrsge r0, spsr",1
"mcreq p0, 0, r0, c0, c3, 3",1
"strmi r0, [r0], -r0, asr 1",1
"andeq r7, r0, fp, lsr 7",1
"andeq ip, r0, r4, asr 32",1
"rsbseq fp, r3, r6, asr 14",1
"sbceq sb, r0, r0, lsl 22",1
"bicvc r4, r3, 0, 12",1
"rscgt r0, r7, r0",1
svcgt 0x5c0000,1
"movweq r0, 0x73",1
"ldclpl p8, c11, [0x00026424]!",1
"ldrdeq r7, r8, [r0], -fp",1
"ldrdeq r3, r4, [r1], -r0",1
"teqeq lr, sp, lsr ip",1
"teqeq lr, r0, lsl 24",1
"rsbseq r0, pc, r0, lsl 2",1
invalid,1
"mrsgt r0, apsr",1
"mcrrhs p0, 0, r0, r0, c0",1
"mcrvs p1, 0, r0, c0, c14, 1",1
invalid,1
"movweq r5, 0x5101",1
"strheq sp, [r0], -r4",1
"subseq r0, r0, 0x40000010",1
"andeq r0, r0, r4, ror r0",1
"teqeq fp, r3, asr 16",1
"subseq r3, sb, r0, lsl 4",1
"rsbseq r2, pc, r0, lsl 14",1
"andpl r4, r1, 0, 2",1
"cdpvc p1, 0xd, c9, c4, c4, 0",1
"mrspl r4, apsr",1
"cdpvc p1, 0xc, c9, c12, c4, 0",1
"andpl r4, r1, r6, lsl 2",1
"cdpvc p1, 0xd, c9, c8, c4, 0",1
"strbvs r0, [r3], -6",1
"andlo r0, r0, 60, 2",1
"stcmi p0, c0, [r0, -0x164]",1
invalid,1
invalid,1
"ldrdmi r7, r8, [r6, -r4]",1
invalid,1
"smlabtmi r6, ip, lr, r7",1
invalid,1
"ldrdeq r7, r8, [r6], -r8",1
"teqeq sp, r3, asr 32",1
"subseq ip, r8, r0, lsl 18",1
"rsbseq r7, pc, r0, lsl 6",1
"andpl r4, r1, 0, 2",1
"cdpvc p1, 0xd, c9, c4, c4, 0",1
"mrspl r4, apsr",1
"cdpvc p1, 0xd, c9, c8, c4, 0",1
"andpl r4, r1, r6, lsl 2",1
"cdpvc p1, 0xc, c9, c12, c4, 0",1
"subhi r0, r3, r6",1
"mcrvs p1, 0, r0, c0, c13, 1",1
"strls r0, [r0, -0x2d]",1
invalid,1
"andlo r5, r1, r1, lsl 4",1
"ldrbeq r0, [r1, -0x141]",1
"rsceq sp, r7, r3",1
"andpl r4, r1, r0, lsl 2",1
"andeq r7, r0, r2, lsl 8",1
"teqeq sp, r3, asr 8",1
"eoreq pc, pc, r0, lsl 26",1
"rsbseq sl, pc, r0, lsl 30",1
"mrspl r4, apsr",1
invalid,1
"strvc r5, [r2, -r1]",1
"mcrrgt p0, 0, r0, r3, c0",1
"smladxgt r0, sp, r1, r0",1
"strle r0, [r0, -0x30]",1
invalid,1
"stmdbvc r2, {r0, r8, sb, ip, lr}",1
"andpl r4, r1, 0, 2",1
invalid,1
"strvc r5, [r2], -0x101",1
"andpl r4, r1, r0, lsl 2",1
"andeq r7, r0, r2, lsl 10",1
"teqeq lr, r3, asr 8",1
"eoreq pc, pc, r0, lsl 26",1
"rsbseq lr, pc, r0, lsl 30",1
"mrspl r4, apsr",1
invalid,1
"strvc r5, [r2, -r1]",1
invalid,1
"stc2 p1, c0, [r0, -0xf8]",1
"stmdbeq r0, {r0, r1, r2, r3, r5}",1
"smlabbmi r0, r0, r0, r0",1
"strvc r5, [r2, -0x101]",1
"andpl r4, r1, r0, lsl 2",1
"andeq r7, r0, r2, lsl 8",1
"teqeq lr, r3, asr 32",1
"eorseq ip, r0, r0, lsl 14",1
"addeq r2, r0, r0, lsl 30",1
"movwpl r4, 0x1100",1
invalid,1
"strvc r5, [r2], -0x201",1
"mrspl r4, apsr",1
invalid,1
"strvc r5, [r2, -1]",1
"subls r0, r3, r0",1
"smladxgt r0, lr, r1, r0",1
svcmi 0x30,1
"smlabbmi r0, r0, r0, r0",1
blvc 0xbb3e4,1
"andpl r4, r1, 0, 2",1
invalid,1
"strvc r5, [r2, -1]",1
invalid,1
"smladxgt r0, lr, r1, r0",1
invalid,1
"smlabbmi r0, r0, r0, r0",1
"andmi r5, r1, r1, lsl 6",1
"subseq r0, r2, 0x40000010",1
hvc 0x1007,1
"addsle r0, r1, r1, asr r4",1
hvc 0x106e,1
"rsbseq r0, r5, r0, asr r2",1
invalid,1
"sbclo r0, r7, r1",1
"addshi r0, sl, r0",1
"mrseq r0, spsr",1
"teqmi fp, r3, asr r1",1
"andlo r5, r1, r1, lsl 4",1
"subseq r0, r1, 0x40000010",1
hvc 0x1004,1
"rsbseq r0, r5, r0, asr r2",1
"orrmi r4, r8, r0",1
"sbclo r0, r7, r1",1
"mrseq r0, spsr",1
"rsbseq r0, fp, r3, asr r2",1
"cmpeq r2, r1, asr 2",1
invalid,1
invalid,1
"strvc r5, [r2, -1]",1
"andeq r0, r0, r0",1
invalid,1
"eoreq r6, pc, r0, lsl 14",1
"addeq lr, r0, r0, lsl 6",1
"movwpl r4, 0x1100",1
"cdpvc p1, 0xc, c9, c12, c4, 0",1
"andpl r4, r1, 0x80000001",1
"mrseq r3, spsr",1
"teqmi r0, r1, asr r1",1
"strvc r5, [r2, -1]",1
invalid,1
"smladxvs r0, r7, r1, r0",1
"stmdbeq r0, {r0, r1, r2, r3, r5}",1
"smlabbmi r0, r1, r0, r0",1
invalid,1
"smlabtmi r6, ip, lr, r7",1
"andlo r5, r1, r1, lsl 4",1
"cmpeq r1, r1, asr 2",1
"andpl r4, r1, r0, lsr r1",1
"andeq r7, r0, r2, lsl 10",1
"teqeq r8, r3, asr 8",1
"subseq ip, r8, r0, lsl 18",1
"addeq r2, r1, r0, lsl 30",1
"andpl r4, r1, 0, 2",1
"cdpvc p1, 0xd, c9, c4, c4, 0",1
"mrspl r4, apsr",1
"cdpvc p1, 0xd, c9, c8, c4, 0",1
"andpl r4, r1, r6, lsl 2",1
"cdpvc p1, 0xc, c9, c12, c4, 0",1
"strbpl r0, [r3], -6",1
"vand d0, d0, d24",1
bvs 0x26aa4,1
"smlabbmi r0, r1, r0, r0",1
invalid,1
"ldrdmi r7, r8, [r6, -r4]",1
invalid,1
"smlabtmi r6, ip, lr, r7",1
"strvc r5, [r2], -0x101",1
"andpl r4, r1, r0, lsl 2",1
"cdpvc p1, 0xd, c9, c8, c4, 0",1
"stcvc p1, c4, [r2, -0x18]",1
"ldcvc p3, c0, [r1], {4}",1
"stcvc p1, c4, [r2, -0x18]",1
"rsbseq r0, r6, r0, lsl 4",1
"stmlo r4!, {r8, sb, lr}",1
svchs 0x670001,1
"orrshi r0, r0, r0",1
"mrseq r0, spsr",1
"ldcgt p4, c0, [r1], {0x53}",1
hvc 0x106e,1
"teqmi r0, r2, asr r1",1
"andlo r5, r1, r1, lsl 2",1
"subseq r0, r0, 0x40000010",1
"movwmi r0, 0x75",1
"andeq r3, r1, r4, lsl 21",1
"andeq r2, r0, r7, ror 30",1
"strheq r8, [r0], -r6",1
"ldrbeq r0, [r3], -0x141",1
"uhadd8eq ip, lr, r1",1
"cmpeq r2, r1, asr 2",1
invalid,1
"mrseq r3, spsr",1
"rsbseq r0, r5, r0, asr r2",1
blo 0xfea37558,1
"stmpl sb, {r0} ^",1
"bicshi r0, ip, r0",1
"mrseq r0, spsr",1
"ldrle r0, [r1], 0x452",1
hvc 0x106e,1
"ldmle r1, {r0, r4, r6, sl}",1
hvc 0x106e,1
"ldcgt p4, c0, [r1], {0x50}",1
"movwmi r0, 0x67e",1
"andeq r3, r1, r0, asr 21",1
"andeq r2, r0, r7, ror 30",1
"andeq r8, r0, r2, lsl 4",1
"ldrbeq r0, [r3], -0x141",1
"uhadd8eq ip, lr, r1",1
"cmpeq r2, r1, asr 2",1
invalid,1
"mrseq r3, spsr",1
"rsbseq r0, r5, r0, asr r2",1
bllo 0x7375a4,1
"stclvs p0, c0, [r3], {1}",1
"eorshi r0, r0, 0",1
"mrseq r0, spsr",1
"strge r0, [r3], -0x553",1
"smlabtmi r0, r7, r1, r0",1
"movweq r5, 0x5201",1
"andeq ip, r1, r8, asr r7",1
"subseq r0, r0, 0x40000010",1
"subeq r0, r1, 0x75",1
invalid,1
"movwmi r0, 0x67c",1
"andeq r3, r1, ip, ror 22",1
"andeq r6, r0, r3, asr 25",1
"andeq r8, r0, lr, asr r2",1
"ldrbeq r0, [r3, -0x141]",1
invalid,1
"andpl r4, r1, 0, 2",1
"strbgt r0, [r8, -r5, lsl 6]!",1
"mrseq r0, spsr",1
"rsbseq r0, r5, r0, asr r2",1
"ldrbteq r0, [sp], -0x241",1
"ldrbteq sb, [ip], -r3, lsl 2",1
bllo 0xfec36a00,1
"stmpl sb, {r0} ^",1
"mrseq r0, spsr",1
"ldrle r0, [r1], 0x452",1
hvc 0x106e,1
"ldmle r1, {r0, r4, r6, sl}",1
hvc 0x106e,1
"ldcgt p4, c0, [r1], {0x50}",1
"andeq r0, r0, lr, ror r6",1
"subeq r3, r3, ip, lsr r0",1
"ldmeq r2!, {r8, sb}",1
"andseq r4, lr, r1, lsl 18",1
"mrseq fp, spsr",1
"mrseq pc, spsr",1
"sbceq r1, r1, r0, lsl 18",1
"strthi r0, [lr], -0x100",1
invalid,1
"movweq r0, 6",1
"movths r0, 0xa8b2",1
"mrsgt r0, spsr",1
"ldrteq r0, [r4], -0",1
"movweq r0, 0x4b",1
"tstlo ip, 0xb20000",1
invalid,1
"ldr r0, [r4, -0]!",1
"movweq r0, 0x3d",1
"mrcne p8, 1, r0, c13, c2, 5",1
"orrgt r0, r1, r0",1
svcls 0x340000,1
"movweq r0, 0x2f",1
"eoreq r0, sl, 0xb30000",1
"orrsgt r0, pc, r0",1
"ldclt p0, c0, [r3, -0]!",1
"movweq r0, 0x4b",1
"cmnne pc, 0xb30000",1
invalid,1
"rsbvc r2, r5, 0, 30",1
"movwlt r0, 0x3072",1
"eoreq r5, r0, r8, lsl 10",1
"ldreq r0, [r1], 0x200",1
"andseq r6, r4, r2, lsr sp",1
"ldmeq r5!, {r8, sb}",1
"andeq r1, r0, sb, asr 28",1
"strheq ip, [r0], -sp",1
"eoreq r4, ip, r2, lsr r7",1
"ldmeq r5!, {r8, sb}",1
"andeq r1, r0, sb, asr 28",1
"strdeq ip, sp, [r0], -ip",1
invalid,1
"ldmeq r6!, {r8, sb}",1
"andeq r2, r0, ip, lsl 11",1
"andeq ip, r0, r6, asr 4",1
"andeq r3, r8, r2, asr 32",1
"addeq sl, r3, r0, lsl 14",1
"strbtne r3, [sb], 0x200",1
"strgt r0, [r3, -r0]",1
"andseq r4, lr, r8, lsl 18",1
"sbceq r6, r2, r0, lsl 10",1
"rsbsmi r4, ip, 0, 6",1
"sbclo r0, r7, r1",1
invalid,1
"mrseq r0, spsr",1
"qdaddmi r0, r3, r0",1
"strvc r5, [r2, -0x201]",1
"mrspl r4, apsr",1
invalid,1
"mrsls r5, apsr",1
"movwmi r0, 0x64c",1
"muleq r1, r8, r2",1
"andeq r2, r0, lr, ror 26",1
"andeq r8, r0, fp, lsl 7",1
"cmpeq r2, r1, asr 2",1
invalid,1
invalid,1
"strvc r5, [r2, -1]",1
invalid,1
"cdpvs p1, 0, c0, c0, c2, 2",1
invalid,1
"andlo r5, r1, r1, lsl 4",1
"subseq r0, r1, 0x40000010",1
hvc 0x1007,1
"rsbseq r0, r4, r0, asr r2",1
"mcrr p0, 0, r0, r3, c0",1
invalid,1
blle 0x26d1c,1
"smlabbmi r0, r3, r0, r0",1
blvc 0xbb75c,1
"andpl r4, r1, 0, 2",1
invalid,1
bvc 0xbaf68,1
"andpl r4, r1, r0, lsl 2",1
invalid,1
"andeq r7, r4, 2, 26",1
"subeq r0, r1, 0x76",1
"smlsdxvc r2, sp, r0, r0",1
"strbhs r0, [r3], -0",1
"vrhadd.s8 q0, q0, q1",1
svceq 0x73,1
"smlabbmi r0, r4, r0, r0",1
blvc 0xbb790,1
"andpl r4, r1, 0, 2",1
invalid,1
bvc 0xbaf9c,1
"andpl r4, r1, r0, lsl 2",1
invalid,1
"andeq r7, r4, 2, 26",1
"subeq r0, r1, 0x76",1
"smlsdxvc r2, sp, r0, r0",1
"strbpl r0, [r0], -0",1
"cdpvs p1, 0, c0, c0, c2, 2",1
invalid,1
"andlo r5, r1, r1, lsl 4",1
"ldrbeq r0, [r1, -0x141]",1
"rsceq sp, r7, r3",1
"andpl r4, r1, r0, lsl 2",1
"andeq r7, r0, r2, lsl 8",1
"stmibhs r4, {sl, fp, ip, sp}",1
invalid,1
"cdpne p1, 4, c0, c9, c8, 0",1
"rscsmi r0, r8, 0",1
"strmi r0, [r8], -1",1
"addgt r0, r3, 1",1
"mrshi r0, apsr",1
"strlo r0, [r0], -0x85",1
"ldrdeq r0, r1, [r0], -sb",1
bmi 0x249000,1
svcge 0x23,1
"strlo r0, [r0], -0xc2",1
"andeq r4, r0, r4, lsl 22",1
invalid,1
"stcgt p0, c0, [r0, -0xcc]",1
"strlo r0, [r0], -0xc2",1
"andeq r3, r0, r5, ror 27",1
"stclo p9, c8, [r8, -0xc]",1
invalid,1
"strlo r0, [r0], -0xc2",1
"muleq r0, pc, pc",1
bhs 0x249430,1
beq 0x26c30,1
"movwlo r0, 0xc3",1
"strheq r4, [r0], -sp",1
svcvc 0x88a03,1
"andeq r0, r0, 0x13",1
"strvs r0, [0x00026bab]!",1
"movweq r7, 0x272",1
"subshs r0, r5, sl, lsl 17",1
invalid,1
"strbtvs r3, [r4], -r4, lsl 28",1
invalid,1
"eoreq r8, r5, r8, lsl 24",1
"subslo r0, fp, 0, 2",1
"andeq r1, r0, sp, ror 8",1
"stmdbmi r8, {r0, r1, r8, sl, fp, pc}",1
"stmdbhs r0, {r1, r2, r3, r4}",1
"andlo r0, r0, 0xc3",1
"andeq r4, r0, r6, lsr r3",1
"stmdbmi r8, {r0, r1, r8, sl, fp, pc}",1
"stcpl p0, c0, [r0, -0x78]",1
"movwmi r0, 0xc3",1
"andeq r4, r1, r8, lsr 6",1
"andeq r8, r0, r1, lsl 5",1
"andeq r8, r0, lr, lsl 10",1
"cmpeq r3, 0x40000010",1
"swpmi r4, r1, [r6]",1
"strvc r5, [r2], -0x201",1
"mrspl r4, apsr",1
"strbeq sb, [r8], -r3, lsl 2",1
"subseq r0, r0, 0x40000010",1
"subeq r0, r1, 0x76",1
"stmdavc r2, {r0, r2, r3, r4, r5, r6, sl}",1
"stcvc p1, c4, [r2, -0]",1
"rsbseq r0, r7, r0, lsl 4",1
"cmpmi r4, 0, 6",1
"stmpl sb, {r0} ^",1
"strhi r0, [lr, -0]!",1
"mrseq r0, spsr",1
"rsbseq r0, sb, r2, asr r2",1
"subseq r0, r1, 0x40000010",1
hvc 0x1006,1
"rsbseq r0, r4, r0, asr r2",1
"orrsmi r4, r0, 0, 6",1
"addhi r0, r1, 1",1
"strbhi r0, [r4, -0]!",1
"mrseq r0, spsr",1
"ldcmi p3, c0, [r1], {0x53}",1
"andpl r4, r1, 0x80000001",1
invalid,1
"mrsls r5, apsr",1
invalid,1
"rsbseq r0, r6, r0, asr r2",1
"ldrbteq r0, [sp], -0x241",1
invalid,1
"andeq r7, r0, 2, 26",1
"andmi r0, r0, r7, ror r0",1
"andeq r4, r1, r8, asr 7",1
"andeq r3, r0, r7, asr 1",1
"subseq r0, r3, 0x40000010",1
hvc 0x100a,1
"rsbseq r0, r5, r1, asr r2",1
"subseq r0, r0, 0x40000010",1
"andeq r0, r0, fp, ror r0",1
"eoreq r8, r7, r8, lsr 12",1
"cmpeq sl, 0, 6",1
"andeq sl, r2, r1, lsl 22",1
"strbhi r0, [r3], -r0, lsl 2",1
"strtvs r0, [r6], -0",1
"movweq r6, 0x166",1
"strhs r0, [ip, 0x35a]",1
svcvc 0x270000,1
"movweq r0, 0x4a",1
"sbcseq r0, sb, sl, asr r3",1
blmi 0xae6d4c,1
"movweq r0, 0x3e",1
"andseq r0, r4, 92, 6",1
"strtlt r0, [fp], -0",1
"movweq r0, 0x48",1
"ssateq r0, 0xd, lr, asr 6",1
"stclt p0, c0, [fp], -0",1
"movweq r0, 0x46",1
"sbcseq r0, sb, r1, ror 6",1
"stcvs p0, c0, [fp, -0]!",1
"movweq r0, 0x45",1
"sbcseq r0, sb, r5, ror 6",1
"cmpne fp, 0",1
blhs 0x26f98,1
"andeq r0, r0, sp, lsl 10",1
"stmdble r3, {r0, r1, r8, sb, sl, fp, pc}",1
blhs 0x26d8c,1
"andeq r0, r0, r5, asr r2",1
"stmdble r3, {r0, r1, r8, sb, sl, fp, pc}",1
bhs 0x26d98,1
"andeq r7, r1, fp, lsr 2",1
"orreq r0, pc, 0, 6",1
"andeq r1, r0, sb, lsl 17",1
"andeq sp, r2, fp, lsr 16",1
"orreq r0, pc, 0, 6",1
"andeq r0, r0, sl, asr r0",1
invalid,1
"cdpls p0, 0, c0, c3, c9, 3",1
"andeq r5, r0, r3, lsl 20",1
"rsbeq r2, sl, r0, lsl 18",1
bpl 0x10e5d0,1
invalid,1
"movweq r6, 0x863",1
invalid,1
invalid,1
"rsbeq r6, r8, r7, ror r3",1
"strmi sl, [r3, -r3, lsl 16]",1
"andeq r0, r0, r3, lsl r0",1
svchs 0x5f0000,1
"andeq r0, r0, 0x16",1
"adceq r0, fp, 0x40000011",1
"andge r0, r1, 0",1
"andhs r0, r0, 0x86",1
"muleq r0, pc, r5",1
"movths r4, 0xa502",1
invalid,1
"andeq r7, r0, 116, 4",1
"andeq sl, r6, r5, asr 24",1
"strbvs r2, [ip, -0x400]!",1
"strmi r0, [r2, -0x6e]",1
"andeq r1, r0, pc, ror r3",1
"subeq r2, r2, r2, lsr 6",1
"sublt r0, r6, 0, 4",1
"andhs r0, r0, 5",1
"strheq r3, [r0], -pc",1
"sbcshs r4, r4, r2, lsl 12",1
"strtvs r0, [r4], -0",1
"andeq r6, r0, 0x80000019",1
"andseq r2, sp, r6, asr 4",1
"ldrbvs r6, [r2, -0]!",1
"stmdami r2, {r2, r4, r5, r6}",1
"andeq r0, r0, fp, lsr 5",1
"stmlo r7, {fp, sp}",1
"strvs r0, [r3, -r0]",1
"cdpne p1, 4, c0, c9, c8, 0",1
"mrshs r0, apsr",1
"strhs r0, [r0, -r7, lsl 1]",1
"ldrdeq r0, r1, [r0], -sb",1
bmi 0x240a68,1
"strhs r0, [r0, -r3, lsr 32]",1
"andeq r4, r0, r4, lsl 22",1
invalid,1
"smladxhs r0, r3, r0, r0",1
"muleq r0, pc, pc",1
bhs 0x240a80,1
"strhs r0, [r0], -r2",1
"rsbseq r7, r2, r5, ror 4",1
"strpl r6, [r8, -0x803]",1
"stmdbhs r0, {r5}",1
"rsbeq r6, r1, r4, ror 12",1
invalid,1
blhs 0x26f24,1
"andeq r1, r0, sp, ror 8",1
"stmdbmi r8, {r0, r1, r8, sb, fp, sp, lr}",1
"stmdbhs r0, {r1, r2, r3, r4}",1
"rsbseq r6, r2, r5, ror 30",1
"stmdbmi r8, {r0, r1, r8, sb, fp, sp, lr}",1
blhs 0x26f20,1
"andeq r2, r0, r4, lsl r5",1
"stmdbmi r8, {r0, r1, r8, sb, fp, sp, lr}",1
blhs 0x26f2c,1
"andeq r4, r0, r4, asr 7",1
invalid,1
"andeq r0, r0, r6, lsl r0",1
"subeq ip, r1, r8, lsr 4",1
"strteq r0, [r6], 0x300",1
"andeq sl, r2, r1, lsl 22",1
"strbhi r0, [r4, -r0, lsl 2]!",1
"strteq r0, [r7], -0",1
"movweq r0, 0x4b",1
"tstlo ip, 0xa6000000",1
"strtvs r0, [sb], -0",1
"movweq r6, 0x166",1
"strhs r0, [ip, 0x4a8]",1
"eorvc r0, sb, 0",1
"movweq r7, 0x465",1
"adceq r0, fp, 0xa9000000",1
invalid,1
"strlt r0, [r3, -sb, rrx]",1
"andseq r7, r3, r4, lsl 30",1
invalid,1
"andeq r3, r0, sp, ror 25",1
invalid,1
"andeq r0, r0, fp, lsr 5",1
"addeq fp, r7, r1, lsl 10",1
"strbtvs r2, [r4], -r0, lsl 12",1
svchi 0x30061,1
"eoreq r8, r5, r6, lsl 24",1
"ldrmi r2, [lr, -0xb00]!",1
"mrsls r0, apsr",1
"andseq r7, r3, r6, lsl 30",1
invalid,1
"andls r0, r3, 0",1
"eoreq sp, r0, r6, lsl 8",1
"strvs r2, [sb, -0xa00]!",1
"movweq r7, 0x272",1
"adceq r0, fp, 0x9a00000",1
"strlt r0, [fp, -0]!",1
"movweq r0, 0x2c",1
"strbtne r0, [pc], -0x69b",1
"andeq r0, r0, r0",1
"eoreq sb, sb, r8, lsr 26",1
"ldrbteq r0, [r7], -r0, lsl 6",1
"andeq sl, r2, r1, lsl 22",1
"stmdahi r5, {r8}",1
"strtvs r0, [r6], -0",1
"movweq r6, 0x166",1
"strhs r0, [ip, 0x677]",1
invalid,1
"movweq r6, 0x372",1
"cmnne pc, 0x7900000",1
invalid,1
"movweq r7, 0x864",1
"cmnne pc, 0x7900000",1
svcvs 0x290000,1
bvc 0xe713c,1
"eoreq sp, r0, r6, lsl 8",1
bls 0xaf1798,1
"movweq r0, 0x40",1
"strbtne r0, [sb], -0x680",1
"andeq r0, r0, r0",1
"eorseq r8, r5, sp, lsr 30",1
"ldrbeq r0, [r6], -0x300",1
"ldmdahi ip, {r0, r8} ^",1
"strtvs r0, [r6], -0",1
"movweq r6, 0x166",1
"strhs r0, [ip, 0x456]",1
invalid,1
"movweq r0, 0x3a",1
"cmnne pc, 88, 8             ; 0x58",1
invalid,1
"ldrbeq r0, [sb], -0x300",1
"andeq r0, r0, sl, asr r0",1
"eoreq r7, r0, fp, lsr 8",1
"ldrbeq r0, [sl], -0x300",1
"ldrdeq r2, r3, [r0], -r4",1
"andseq sp, r6, fp, lsr 18",1
"ldrbeq r0, [fp], -0x300",1
"ldrdeq r2, r3, [r0], -r4",1
"ldrbths r2, [sl], 0xb2a",1
"andhi r0, r3, 0",1
"andeq r5, r0, r4, lsl 20",1
invalid,1
"andeq r4, r0, r1, lsl 1",1
invalid,1
"andeq r0, r0, fp, lsr 5",1
"addeq pc, r8, r1, lsl 26",1
"strbtvs r2, [r4], -r0, lsl 12",1
invalid,1
"eoreq r8, r5, r4, lsl 24",1
"vaddhs.f64 d2, d4, d0",1
"movweq r0, 0x3000",1
"andseq r7, r3, r4, lsl 30",1
"rsbeq r2, sb, r0, lsl 18",1
svcvc 0x40303,1
"stmdbhs r0, {r0, r1, r4}",1
"rsbseq r7, r2, r5, ror 4",1
blge 0x128044,1
blhs 0x27044,1
"andeq r2, r0, lr, lsl 7",1
svcvs 0x40503,1
bhs 0x27098,1
"subeq r3, r5, fp, lsr 28",1
"ldreq r0, [r6], -0x300",1
"andeq r1, r0, pc, ror r3",1
"subeq r1, pc, fp, lsr 8",1
"ldreq r0, [r7], -0x300",1
"andeq r1, r0, r0, asr r5",1
"andseq pc, pc, fp, lsr 24",1
"ldreq r0, [sb], -0x300",1
"andeq r1, r0, pc, ror r3",1
"addeq sp, r8, fp, asr pc",1
"ldrmi r2, [r7, -r0, lsl 22]!",1
"cdpne p0, 0, c0, c3, c0, 0",1
"andseq r3, lr, r4, lsl 26",1
blhs 0xaa7080,1
"andeq r2, r0, sp, asr lr",1
svcvc 0x42903,1
bhs 0x270d8,1
"eorseq r8, sb, fp, lsr 4",1
"strteq r0, [ip], -0x300",1
"andeq r0, r0, fp, lsr 5",1
"andeq r0, r0, r0",1
"andseq r7, lr, ip, lsr r8",1
"rscseq r0, r5, 0, 6",1
"andeq sl, r2, r1, lsl 22",1
"mrseq r0, spsr",1
"cmpeq r0, r0",1
"sbceq sb, r3, r0, lsl 28",1
"rscsls r0, sl, 0, 2",1
"ldrteq r0, [r4], -0",1
"movweq r0, 0x4b",1
"tstlo ip, 0x5000000f",1
"bicgt r0, fp, 0",1
"ldc2 p0, c0, [r4, -0]!",1
"movweq r0, 4",1
invalid,1
invalid,1
"teqgt r4, r0",1
"movweq r0, 6",1
"ldrsheq r0, [sb], 0x25",1
"strgt r0, [fp], -0",1
svcls 0x340000,1
"movweq r0, 0x2f",1
"eoreq r0, sl, 0x6000000f",1
"strtgt r0, [fp], -0",1
"ldrvs r0, [fp, -0]!",1
"movweq r7, 0x272",1
"adceq r0, fp, 248, 4",1
"strbgt r0, [fp], -0",1
"ldrtvs r0, [fp], -0",1
"movweq r6, 0x166",1
"strhs r0, [ip, 0x2f9]",1
"strgt r0, [sp], 0",1
invalid,1
"movweq r0, 6",1
"ldmne sl, {r1, r3, r4, r5, r6, r7, sb}",1
"mrsls r0, apsr",1
blvs 0x1606f2c,1
"movweq r0, 0x3b",1
"strbmi r0, [r4, sb, lsr 6]",1
"mrshi r0, spsr",1
"strhi r0, [r0], -0x85",1
"strpl r0, [r0], -0x144",1
"movweq r0, 0x146",1
blhi 0x967d9c,1
svcls 0x450000,1
invalid,1
"strmi r0, [r0, -0xc4]",1
"muleq r0, r3, r5",1
"andeq ip, r0, lr, ror 9",1
invalid,1
"mrseq r5, spsr",1
"strhi r4, [fp, 0x600]!",1
"strgt r0, [ip, -0]",1
"strblt r0, [r6, -r0]",1
"strlo r0, [r0, -r5, lsl 1]",1
"strmi r0, [r0], -r5, asr 1",1
"andeq r8, r0, r3, asr 11",1
"andeq ip, r0, sl, asr 10",1
"addeq ip, r5, r6, asr 30",1
"sbceq r6, r5, r0, lsl 20",1
"cdpne p4, 0xe, c4, c10, c0, 0",1
"strmi r0, [r4], 0",1
"ldrmi r0, [r0], 1",1
invalid,1
"addeq r3, sl, r3, lsl 10",1
svcne 0x84500,1
"strgt r0, [sl]",1
"stc2l p0, c0, [r5, -0]",1
"mcr p0, 0, r0, c0, c14, 0",1
"strmi r0, [r0, -0xc4]",1
"andeq r1, r0, r3, lsl pc",1
"andeq ip, r0, sl, lsr 11",1
invalid,1
"rsceq r4, sp, r0",1
"andpl r4, r1, 0, 2",1
"lslmi r0, r2, 0x10",1
"andlo r5, r1, r1, lsl 2",1
"subseq r0, r0, 0x40000010",1
"andeq r0, r0, r5, ror r0",1
"andeq r4, r8, r2, asr 16",1
"addeq r6, sl, r0, lsl 10",1
"strbhi r6, [r0, 0x100]!",1
"mcrr p0, 0, r0, r6, c0",1
invalid,1
svclo 0xc5,1
"andeq r0, r0, r0, ror 16",1
"addeq pc, r5, r6, asr 18",1
"sbceq lr, r5, r0",1
"strhi r4, [r5], -r0, lsl 12",1
"ldrbgt r0, [r3, 0]!",1
"andeq r0, r0, r0",1
invalid,1
"mrseq r3, spsr",1
"addeq sp, sl, r0, lsl 20",1
"ldrhi r6, [r4], -r0, lsl 2",1
"cdpne p0, 4, c0, c6, c0, 0",1
invalid,1
"strmi r0, [r0], -r6, asr 1",1
"andeq r8, r0, r8, lsr 12",1
"andeq ip, r0, r0, ror 12",1
"andeq r7, r8, r2, asr 16",1
"addeq ip, sl, r0, lsl 8",1
"ldrthi r5, [r4], -r0, lsl 24",1
"andpl r0, r1, r0",1
"eoreq r6, r0, r7, asr 12",1
"mrseq sp, spsr",1
"mrseq sp, spsr",1
invalid,1
"eoreq r7, r0, r5, asr 18",1
"sbceq r8, r6, r0, lsl 22",1
"ldrbmi r4, [r8]",1
"cdp p0, 7, c0, c8, c1, 0",1
"mrseq r0, spsr",1
"rsbseq r0, r8, r0, asr r2",1
"andmi r0, r0, r0",1
"andeq r4, r1, ip, lsr 11",1
"andeq lr, r0, r4, lsl 28",1
"cmpeq r1, r1, asr 2",1
"andpl r4, r1, r1, lsr r1",1
"eoreq r0, r0, r2, lsl 16",1
"ldrtmi r4, [ip], 0x300",1
"ldcl p0, c0, [r0], -4",1
bhi 0xffca7284,1
"mrseq r0, spsr",1
"ldr r0, [r1], 0x650",1
"ldrths r0, [r3], -0x67e",1
"ldrbtmi r4, [r4], 0x300",1
"cdp p0, 0, c0, c4, c1, 0",1
blhi 0x2e729c,1
"mrseq r0, spsr",1
"rsbseq r0, r4, r1, asr r2",1
"cmpeq r0, r1, asr 2",1
"strbeq r0, [ip], -0x3c",1
"cdpge p1, 0, c0, c0, c5, 2",1
"andmi r0, r0, lr, ror 1",1
"andeq r4, r1, r0, lsl r5",1
"strheq lr, [r0], -ip",1
"cmpeq r0, r1, asr 2",1
"andeq r0, r0, lr, lsr r0",1
"addeq r4, r6, r4, asr 6",1
"mrseq fp, spsr",1
"mrseq ip, spsr",1
invalid,1
"andeq r8, r0, sb, lsl 25",1
"addeq r8, r6, r5, asr 22",1
"sbceq fp, r6, r0, lsl 8",1
"strhi r4, [r0], r0, lsl 10",1
"ldrbgt r0, [r2], r0",1
"strbvc r0, [r5, -0]",1
svchs 0x86,1
"strmi r0, [r0, -0xc7]",1
"andeq r8, r0, sl, ror 12",1
"andeq ip, r0, r8, asr r7",1
"addeq r5, r6, r5, asr 30",1
"sbceq r7, r7, r0, lsl 20",1
"ldrbhi r4, [r4], -r0, lsl 10",1
"ldrgt r0, [ip, r0]",1
"ldrtlt r0, [sl], -0",1
"strgt r0, [r0], -0x146",1
"strmi r0, [r0], -r7, asr 2",1
"muleq r0, r6, r6",1
"andeq ip, r0, ip, ror 17",1
"andseq lr, lr, r2, ror 20",1
"mrseq fp, spsr",1
"mrseq ip, spsr",1
"mcrrgt p2, 0, r0, sb, c0",1
"strmi r0, [r0, -0x8b]",1
"andeq r1, r0, r3, lsl pc",1
"andeq ip, r0, r0, lsr 18",1
"andseq r0, pc, r5, asr 16",1
"sbceq r4, sb, r0, lsl 4",1
"cdpne p5, 0xf, c4, c13, c0, 0",1
"ldrgt r0, [ip, r0]",1
"strbgt r0, [r0], -0",1
"andmi r0, r0, r6, asr 2",1
"smlattmi r0, sp, r0, r0",1
"stmdaeq r2, {r0, sb, ip, lr}",1
"qaddpl r4, r4, r1",1
"mrseq r3, spsr",1
invalid,1
"movwmi r0, 0x7e",1
"andeq r4, r1, r0, ror 13",1
"ldrdeq r2, r3, [r0], -lr",1
"andeq r8, r0, r5, lsl 24",1
"subseq r0, r3, 0x40000010",1
hvc 0x1006,1
invalid,1
invalid,1
"cdpvc p1, 0xd, c9, c8, c4, 0",1
"andpl r4, r1, r6, lsl 2",1
"cdpvc p1, 0xe, c9, c0, c4, 0",1
"stcvc p1, c4, [r2, -0x18]",1
"rsbseq r0, r5, r4, lsl 4",1
"rsbseq r0, sp, r1, asr 4",1
"andeq r7, r0, r2, lsl 8",1
invalid,1
"eorseq sl, fp, r0",1
"addeq r2, ip, r0, lsl 4",1
"mrspl r4, apsr",1
"cdpvc p1, 0xe, c9, c4, c4, 0",1
"andpl r4, r1, r6, lsl 2",1
"cdpvc p1, 0xf, c9, c8, c3, 0",1
"ldrmi r4, [r8, -r0, lsl 6]!",1
svcmi 0xad0001,1
"ldchi p0, c0, [r7], -0",1
"mrseq r0, spsr",1
invalid,1
"subvc r0, r3, lr, ror r0",1
"andge r0, r0, r7, asr 2",1
invalid,1
"smlabbmi r0, ip, r0, r0",1
"mrsls r5, apsr",1
"movwmi r7, 0xef8",1
"andeq r4, r1, r4, lsl 15",1
"muleq r0, r8, r4",1
"andeq r8, r0, r1, ror 24",1
"cmpeq r0, 0x40000010",1
invalid,1
invalid,1
"subeq r3, r3, r0",1
"addeq r7, ip, r0, lsl 12",1
"andpl r4, r1, r0, lsl 2",1
"cdpvc p1, 0xf, c9, c8, c3, 0",1
"ldrmi r4, [r0, r0]!",1
"cmphs r0, 1",1
"mrseq r0, spsr",1
invalid,1
"andeq r0, r0, lr, ror r0",1
"addeq sl, r6, r4, asr r2",1
"mrseq r0, spsr",1
"andeq sb, r8, r0",1
"teqeq r5, 0, 6",1
"andeq r8, r0, r2, asr 27",1
"addeq sp, r6, r5, asr 16",1
"sbceq r6, sb, r0, lsl 4",1
"strbhi r4, [ip], r0, lsl 10",1
invalid,1
"subgt r0, r5, r0",1
"str r0, [r0, -0x86]",1
"strmi r0, [r0, -0xc9]",1
"strheq r8, [r0], -r4",1
"andeq ip, r0, pc, lsl sl",1
"andeq fp, r8, pc, lsr r0",1
"strbthi r4, [r4], r0, lsl 12",1
bgt 0xfe72746c,1
invalid,1
"strgt r0, [r0, -0x86]",1
"strmi r0, [r0], -sl, asr 1",1
"strdeq r8, sb, [r0], -ip",1
"andeq ip, r0, r4, lsl 22",1
"addeq r0, r7, r6, asr 16",1
"sbceq r2, fp, r0, lsl 26",1
"ldrhi r5, [r4, -r0, lsl 24]",1
"mrsls r0, apsr",1
"stmdahs r3, {r2, r4, r5, r6, r7, sb, sl, fp, ip, sp, lr} ^",1
"strgt r0, [r0, -r8, asr 2]",1
"stmdane r0, {r4, r5}",1
"smlabbmi r0, sp, r0, r0",1
"andlo r5, r1, 0x4000000",1
"subseq r0, r2, 0x40000010",1
hvc 0x1004,1
"rsbseq r0, r4, r1, asr r2",1
"subseq r0, r0, 0x40000010",1
"movwmi r0, 0x76",1
"andeq r4, r1, ip, asr 16",1
"andeq r3, r0, r7, asr 1",1
"andeq r8, r0, sp, lsr sp",1
"cmpeq r3, r1, asr 2",1
"andpl r4, r1, 64, 2",1
invalid,1
"strvc r5, [r2, -r1, lsl 2]",1
"andpl r4, r1, r0, lsl 2",1
"andeq r7, r0, r2, lsl 12",1
invalid,1
"subseq ip, r8, r0, lsl 18",1
"addeq r6, sp, r0, lsl 10",1
"andpl r4, r1, 0, 2",1
"cdpvc p1, 0xd, c9, c12, c8, 0",1
"strbhs r4, [r3], -6",1
invalid,1
"cdpvc p1, 0xf, c9, c8, c3, 0",1
"cmpeq r0, 0x40000010",1
invalid,1
invalid,1
"addeq r2, r4, r0, lsl 28",1
"addeq sb, sp, r0, lsl 30",1
"movwpl r4, 0x1100",1
"cdpvc p1, 0xd, c9, c12, c4, 0",1
"andpl r4, r1, 0x80000001",1
"cdpvc p1, 0xe, c9, c12, c3, 0",1
"ldrbeq r0, [r1], -0x141",1
"uhadd8eq sp, lr, r1",1
"cmpeq r0, 0x40000010",1
invalid,1
"andeq r7, r4, 2, 26",1
"subeq r4, r1, 0x9100",1
"strvc r0, [r2], -0x7d",1
invalid,1
"smlsdgt r0, r0, r1, r0",1
invalid,1
"andlo r5, r1, 0x4000000",1
"subseq r0, r2, 0x40000010",1
hvc 0x1004,1
"rsbseq r0, r4, r1, asr r2",1
"subseq r0, r0, 0x40000010",1
"andeq r0, r0, r6, ror r0",1
"strhi r5, [r1, -r0, lsl 8]!",1
invalid,1
"ldmeq r0, {r0} ^",1
blo 0xe7570,1
"addseq r1, r0, r3, lsl 18",1
"ldrhi r4, [r3, -r0, lsl 10]!",1
blgt 0x132757c,1
invalid,1
"strmi r0, [r0], -r8",1
"andeq r8, r0, pc, lsr r7",1
"andeq ip, r0, lr, ror 22",1
"addeq r4, r7, r6, asr 22",1
"sbceq sl, fp, r0, lsl 4",1
"stmdbmi r8, {r8, sl, fp, ip, sp}",1
"stmibmi r0!, {r0}",1
"cdphi p0, 3, c0, c3, c1, 0",1
invalid,1
blgt 0x277c4,1
"movwmi r0, 0xcb",1
"andeq r4, r1, r8, asr 18",1
"andeq r2, r0, r3, lsr 28",1
"andeq r8, r0, sb, lsr 28",1
"subseq r0, r2, 0x40000010",1
hvc 0x1004,1
"andhs r0, r3, r1, asr r5",1
"ldrdeq r0, r1, [r0], -r7",1
invalid,1
"rsceq r8, ip, r0, lsl 18",1
"ldrbvs r0, [r4], -0",1
"andeq r0, r0, r7, lsl 1",1
"andeq r0, r0, sl, asr 2",1
"movweq r0, 9",1
"cdphi p4, 0xb, c0, c1, c15, 6",1
"ldrbvc r0, [r5], -r0",1
svclo 0x87,1
"andeq r0, r0, r8, lsl sb",1
"addeq r8, r7, r6, asr 4",1
"sbceq r0, ip, r0, lsl 24",1
"strhi r4, [lr, r0, lsl 12]",1
"ldcgt p0, c0, [r5], -0",1
"eorseq r0, sl, r0",1
"andhi r0, r0, sl, asr 2",1
"strmi r0, [r0], -sl, asr 2",1
"muleq r0, fp, r7",1
"andeq ip, r0, r0, lsl 25",1
"addeq sl, r7, ip, asr r7",1
invalid,1
bmi 0x1538418,1
"stclmi p0, c0, [r3, 4]!",1
"cdphi p0, 0xa, c0, c5, c0, 0",1
"mrseq r0, spsr",1
"rsbseq r0, fp, r3, asr r2",1
"subseq r0, r2, 0x40000010",1
hvc 0x1006,1
"rsbseq r0, r4, r1, asr r2",1
"cmpeq r0, 0x40000010",1
invalid,1
invalid,1
"rsceq r8, ip, r0, lsl 18",1
"andeq r0, r0, r0",1
"addeq fp, r7, r4, asr 10",1
"mrseq lr, spsr",1
"mrseq ip, spsr",1
"ldrbeq r0, [fp], 0x300",1
"andeq r8, r0, pc, lsr pc",1
"addeq ip, r7, r5, asr r7",1
bmi 0xff835e6c,1
blmi 0xff327674,1
"movtle r0, 0x6001",1
"movwls r0, 0x87",1
"strmi r0, [r0], -ip, asr 1",1
"ldrdeq r8, sb, [r0], -pc",1
"strheq ip, [r0], -r2",1
"addeq lr, r7, r6, asr 22",1
"sbceq lr, ip, r0, lsl 16",1
"cdpne p4, 0xe, c5, c10, c0, 0",1
bmi 0xffd27694,1
"ldmdbeq r0!, {r0}",1
invalid,1
"addeq r1, pc, r6, lsl 28",1
svcne 0x134500,1
"stcgt p0, c0, [r6, -0]",1
invalid,1
invalid,1
"strmi r0, [r0, -0xcd]",1
"strdeq r1, r2, [r0], -sp",1
"andeq ip, r0, r6, asr 26",1
"stmdbeq r8, {r8, sb, sl, fp, ip, sp} ^",1
invalid,1
invalid,1
"andmi r0, r0, sp, asr 1",1
"muleq r1, r4, fp",1
"andeq r3, r0, r7, ror 24",1
"subseq r0, r1, 0x40000010",1
"andeq r0, r0, sb, ror r0",1
"subls r0, r3, r0",1
"andvc r0, r0, r8, asr 2",1
"movwpl r0, 0xec",1
"smlabbmi r0, pc, r0, r0",1
"strvc r5, [r2, -r1]",1
"subge r0, r3, r0",1
"andvc r0, r0, r8, asr 2",1
"strvs r0, [r0, -ip, ror 1]",1
"smlabbmi r0, pc, r0, r0",1
"strvc r5, [r2, -r1]",1
invalid,1
"andvc r0, r0, r8, asr 2",1
blvc 0x27ac0,1
"smlabbmi r0, pc, r0, r0",1
"strvc r5, [r2], -r1",1
invalid,1
"andvc r0, r0, r8, asr 2",1
svchi 0xec,1
"smlabbmi r0, pc, r0, r0",1
"strvc r5, [r2], -r1",1
"mcrr2 p0, 0, r0, ip, c0",1
"andvc r0, r0, r8, asr 2",1
"movwmi r0, 0xec",1
"strheq r4, [r1], -r0",1
"andeq r2, r0, lr, ror 26",1
"strheq r8, [r0], -r7",1
"ldrbeq r0, [r2], -0x141",1
"uhadd8eq sp, lr, r1",1
"ldrbeq r0, [r1, -0x141]",1
"rsceq r5, r5, r3, lsl 8",1
invalid,1
"cdpvs p1, 0, c0, c0, c9, 2",1
"strle r0, [r0], -0x2d",1
"smlabbmi r0, pc, r0, r0",1
"strvc r5, [r2], -0x201",1
"mrspl r4, apsr",1
"streq r0, [ip, -0x305]",1
"movwmi r0, 1",1
"andeq r4, r1, r0, ror 19",1
"andeq r2, r0, r3, lsr 28",1
"strdeq r8, sb, [r0], -r1",1
"subseq r0, r2, 0x40000010",1
hvc 0x1004,1
"stmdalt r3, {r0, r4, r6, r8, sl}",1
"ldrdeq r0, r1, [r0], -r7",1
invalid,1
"eoreq r2, lr, r0, lsl 6",1
"addseq r0, r0, r0, lsl 28",1
"andpl r4, r1, 0, 2",1
invalid,1
"movweq r5, 0x5101",1
"andeq lr, r0, r0, ror 20",1
bmi 0xff53a7b0,1
"ldcl p0, c0, [r0], -4",1
"andeq r0, r0, r0",1
"addeq r0, r8, r4, asr 10",1
"mrseq pc, spsr",1
"mrseq r6, spsr",1
"movteq r0, 0x1300",1
"andeq sb, r0, sp, ror r0",1
"addeq r1, r8, r5, asr r3",1
blmi 0xffc35fd4,1
"stclmi p0, c0, [ip, -4]!",1
svcne 0x460001,1
"strhs r0, [r0], -0x88",1
"strmi r0, [r0], -lr, asr 1",1
"andeq r8, r0, fp, lsr 16",1
"andeq ip, r0, sl, asr lr",1
"addeq r3, r8, r6, asr 10",1
"sbceq sb, lr, r0, lsl 4",1
"stmdahi r1, {sb, sl, lr} ^",1
"cdpgt p0, 0xb, c0, c13, c0, 0",1
"subvs r0, r2, r0",1
"andvc r0, r0, 9",1
invalid,1
"andeq r8, r0, lr, asr 16",1
"ldrdeq ip, sp, [r0], -sp",1
"ldclmi p12, c4, [r0], {0}",1
"cdp p0, 0xd, c0, c5, c1, 0",1
"andeq r0, r0, r0",1
"addeq r5, r8, r4, asr ip",1
"mrseq r6, spsr",1
"andeq r7, sb, r0, lsl 16",1
"movteq r0, 0x5300",1
"andeq sb, r0, sp, lsl 4",1
"addeq r6, r8, r5, asr 28",1
"sbceq pc, lr, r0, lsl 26",1
"ldmibeq r0, {r8, sb, sl, fp, ip, sp}",1
bvc 0x11a7840,1
blne 0x27a64,1
"strmi r0, [r0], -pc, asr 1",1
"andeq r8, r0, r6, lsl 17",1
"andeq ip, r0, r0, asr 30",1
"addeq sb, r8, r6, asr 32",1
"sbceq r5, pc, r0, lsl 30",1
"ldmhi ip, {sl, fp, ip, lr}",1
"mrsls r0, apsr",1
"stmdage r2, {r2, r4, r5, r6, r7, sb, sl, fp, ip, sp, lr} ^",1
invalid,1
invalid,1
"andeq r8, r0, sb, lsr 17",1
"muleq r0, sb, pc",1
"addeq fp, r8, r6, asr 10",1
"sbceq ip, pc, r0, lsl 20",1
"stmhi r1, {sb, sl, lr} ^",1
"eorsle r0, r4, r0",1
invalid,1
invalid,1
"cdp2 p1, 0, c0, c0, c14, 2",1
invalid,1
"ldrdeq r8, sb, [r0], -r2",1
"andeq sp, r0, r3, asr r0",1
"vnmlsmi.f32 s6, s24, s0",1
"cdpmi p0, 6, c0, c4, c1, 0",1
"sub r0, r6, r1",1
"cdpls p0, 0, c0, c0, c8, 4",1
"stclo p0, c0, [r0, -0x340]",1
"andeq r4, r1, r4, asr 28",1
"andeq r4, r1, r4, ror 28",1
"andeq sb, r0, r8, lsr r1",1
"addeq lr, r8, r6, asr 26",1
"sbcseq fp, r0, r0, lsl 2",1
"cdpmi p0, 5, c4, c8, c0, 0",1
"stclo p0, c0, [0x000278d0]!",1
"mrseq r0, spsr",1
"ldc p3, c0, [r1], {0x50}",1
"andmi r0, r0, lr, ror r0",1
"andeq r4, r1, ip, lsr lr",1
"andeq r2, r0, r7, lsl 8",1
"subseq r0, r1, 0x40000010",1
hvc 0x1007,1
"ldc p3, c0, [r1], {0x50}",1
"andeq r0, r0, lr, ror r0",1
invalid,1
"subeq r7, r7, r0, lsl 10",1
"addseq r6, r1, r0, lsl 12",1
"andpl r4, r1, r0, lsl 2",1
"cdpvc p1, 0xe, c9, c12, c3, 0",1
"cdpmi p3, 8, c4, c8, c0, 0",1
bpl 0x1467910,1
"orrls r0, sp, r0",1
"mrseq r0, spsr",1
"teqmi r0, r3, asr r1",1
invalid,1
"smlaltteq r7, r1, ip, lr",1
"rsbseq r0, r5, r1, asr r2",1
"cmpeq r0, 0x40000010",1
invalid,1
invalid,1
"subseq r5, sl, r0, lsl 2",1
"addseq fp, r1, r0, lsl 8",1
"movwpl r4, 0x1100",1
"mrseq r3, spsr",1
"ldc p3, c0, [r1], {0x52}",1
invalid,1
invalid,1
"mrsls r5, apsr",1
"movwmi r7, 0xee8",1
"ldrdeq r4, r5, [r1], -ip",1
"andeq r5, r0, r1, asr sl",1
"ldrdeq sb, sl, [r0], -fp",1
"cmpeq r3, r1, asr 2",1
"andpl r4, r1, 0x8000000c",1
"cdpvc p1, 0xe, c9, c12, c3, 0",1
"subseq r0, r1, 0x40000010",1
hvc 0x1005,1
"ldm r1, {r4, r6, r8, sb}",1
"vst4.16 {d16, d17, d18, d19}, [r3:0x100], lr",1
invalid,1
"andeq r0, r0, 0x5a",1
"swpmi r0, r2, [r0]",1
"strlo r5, [r1], -r1, lsl 6",1
"cmpeq r2, 0x40000010",1
invalid,1
"strvc r5, [r2, -0x101]",1
"andpl r4, r1, r0, lsl 2",1
"cdpvc p1, 0xe, c9, c8, c3, 0",1
svcmi 0x284c00,1
"stc p0, c0, [sb], {1}",1
"andeq r0, r0, r0",1
invalid,1
"rsceq lr, ip, r0, lsl 4",1
"addseq r2, r2, r0, lsl 14",1
"mrspl r4, apsr",1
"lslmi r0, r2, 0x10",1
"strvc r5, [r2, -1]",1
"subvs r0, r3, r0",1
"and r0, r0, r6, asr 2",1
"smlattmi r0, lr, r0, r0",1
"swpmi r0, r2, [r0]",1
"andlo r5, r1, r1, lsl 2",1
"cmpeq r0, 0x40000010",1
"andeq r8, r1, r5, ror r8",1
invalid,1
"eorseq r8, r6, r0, lsl 4",1
"addseq r5, r2, r0, lsl 10",1
"andpl r4, r1, r0, lsl 2",1
"andeq r7, r0, r2, lsl 10",1
invalid,1
"eorseq sb, r7, r0, lsl 6",1
"addseq r6, r2, r0, lsl 22",1
"andpl r4, r1, r0, lsl 2",1
"cdpvc p1, 0xd, c9, c0, c4, 0",1
"strble r0, [r3], -6",1
"andvs r0, r0, r7, asr 2",1
"andhi r0, r0, r5, lsr r0",1
"swpmi r0, r2, [r0]",1
"mrsls r5, apsr",1
"movwmi r7, 0xef8",1
"andeq r4, r1, r8, ror 15",1
"andeq lr, r0, pc, lsl 30",1
"muleq r0, r5, r2",1
"cmpeq r0, 0x40000010",1
"andeq r8, r1, r5, ror r8",1
invalid,1
"eorseq r8, r6, r0, lsl 4",1
"addseq sl, r2, r0, lsl 18",1
"andpl r4, r1, r0, lsl 2",1
"andeq r7, r0, r2, lsl 10",1
invalid,1
"eorseq sb, r7, r0, lsl 6",1
"addseq fp, r2, r0, lsl 30",1
"andpl r4, r1, r0, lsl 2",1
"cdpvc p1, 0xd, c9, c0, c4, 0",1
"submi r0, r3, r6",1
"andvs r0, r0, pc, asr 2",1
"strle r0, [r0], -0x35",1
"swpmi r0, r2, [r0]",1
"mrsls r5, apsr",1
"movwmi r7, 0xef8",1
"andeq r4, r1, r0, ror 30",1
"andeq lr, r0, pc, lsl 30",1
"andeq sb, r0, sb, ror 5",1
"cmpeq r0, 0x40000010",1
"andeq r8, r1, r5, ror r8",1
invalid,1
"eorseq r8, r6, r0, lsl 4",1
"andpl r4, r1, r0, lsl 2",1
"andeq r7, r0, r2, lsl 10",1
blo 0xff971a9c,1
invalid,1
"cmnne pc, 0x80000003",1
invalid,1
invalid,1
"rsbeq r6, r1, r4, ror 12",1
"andhs r0, lr, 4, 24",1
"smladhs r0, sp, r0, r0",1
"andeq r3, r0, r8, lsl 21",1
"cdpvs p12, 0, c0, c14, c4, 0",1
"strhs r0, [r0, -r6, asr 32]",1
"andeq r3, r0, r4, lsr 17",1
blpl 0x3aaedc,1
"smladhs r0, sl, r0, r0",1
"andeq r1, r0, r7, ror 28",1
"stmdalo lr, {r2, r8, sl, fp}",1
"stmdbhs r0, {r2, r4, r7}",1
"rsbseq r7, r2, r5, ror 4",1
blge 0x3ab6f4,1
"stmdbhs r0, {r1}",1
"streq r6, [r0], -0xb6f",1
"sbcshs r0, r4, r0, lsl lr",1
invalid,1
"cdpeq p4, 1, c0, c1, c0, 0",1
"andeq r1, r0, pc, ror r3",1
"streq r6, [r0], -0xa29",1
"cmnne pc, 0x110",1
blvs 0xa67b08,1
"cdpeq p4, 1, c0, c1, c0, 0",1
"andeq r1, r0, pc, ror r3",1
"eorseq r4, r3, fp, lsr 30",1
"cdpeq p4, 1, c0, c2, c0, 0",1
"andeq r1, r0, pc, ror r3",1
"subeq sl, r8, fp, lsr 24",1
"cdpeq p4, 1, c0, c3, c0, 0",1
"andeq r1, r0, r0, lsr 7",1
"eorseq r8, r2, fp, lsr 16",1
"cdpeq p4, 1, c0, c4, c0, 0",1
"strdeq r2, r3, [r0], -ip",1
"eoreq r7, r8, sb, asr sb",1
"cdpeq p4, 0xb, c0, c12, c0, 0",1
blo 0xf27e8,1
blne 0x127b44,1
"andseq r3, lr, lr, lsl 26",1
svcmi 0x142b00,1
invalid,1
"andseq r5, r5, lr",1
"strbhs r2, [r4, r0, lsl 22]!",1
"stcne p0, c0, [r4, -0]",1
"andeq r3, r0, lr, lsl 6",1
"bicsls r5, r4, 0, 22",1
invalid,1
"streq r0, [r0], -0x2b",1
"sbcshs r0, r4, sb, asr 28",1
blpl 0x27b74,1
"andeq sb, r0, r6, ror 7",1
"eoreq r3, r6, fp, lsr 6",1
"cdpeq p4, 5, c0, c8, c0, 0",1
"muleq r0, r5, r3",1
invalid,1
invalid,1
"streq r0, [r0], -0x26",1
"orrsne r0, r5, 0x6b0",1
bhs 0x27b98,1
"eoreq r4, r8, fp, lsr 32",1
"cdpeq p4, 8, c0, c2, c0, 0",1
"andeq r1, r0, r0, lsr 7",1
"subeq r2, r3, fp, lsr 2",1
"cdpeq p4, 8, c0, c3, c0, 0",1
"andeq r1, r0, r0, lsr 7",1
"eoreq r3, r8, fp, lsr 24",1
"cdpeq p4, 8, c0, c5, c0, 0",1
"muleq r0, r5, r3",1
"subeq sb, r8, fp, lsr 4",1
"cdpeq p4, 8, c0, c5, c0, 0",1
"muleq r0, r5, r3",1
"eoreq sb, r1, fp, lsr 14",1
"cdpeq p4, 8, c0, c5, c0, 0",1
"muleq r0, r5, r3",1
"streq r0, [r0], -r0",1
"andseq sl, r3, r4",1
"strbtmi r2, [sp], r0, lsl 26",1
"stcne p0, c0, [r1, -0]",1
"stmdbpl r1, {r0, r1, r8}",1
invalid,1
"rsbseq r6, r4, r3, ror r5",1
"strgt r1, [r3], -r1, lsl 26",1
"andeq r0, r0, r3, lsl r0",1
"eoreq sl, r6, ip, lsr r3",1
"ldceq p4, c0, [lr, -0]",1
"eoreq sp, r0, r1, lsl 8",1
"cmpeq r0, r0",1
"cmpeq fp, r0, lsl 16",1
"sbcseq ip, r0, r0, lsl 8",1
blls 0xffe28014,1
"ldrtvs r0, [r0], -0",1
"streq r6, [r0], -0x166",1
"stcne p13, c0, [r2, -0x78]!",1
"rscsle r0, r0, r0",1
invalid,1
"streq r0, [r0], -0x3a",1
bne 0xfeeab0a8,1
"teqle r4, r0",1
"ldrvs r0, [fp, -0]!",1
"streq r7, [r0], -0x272",1
"adceq r0, fp, 32, 26",1
"cmple r4, r0",1
invalid,1
"stceq p4, c0, [r1, -0]!",1
"andeq r1, r0, pc, ror r3",1
"andeq sp, r0, r1, lsr 3",1
"streq r6, [r0], -0xa3b",1
"cmnne pc, 0x840",1
"andle r0, pc, 0",1
"teqvs fp, 0",1
"andhs r0, r4, 0x68",1
"andeq r5, r0, sp, lsl 20",1
"sbcseq r8, r2, r0, lsl 12",1
"cdphs p2, 0xb, c3, c9, c0, 0",1
"movwhs r0, 0x4000",1
"eoreq sp, r0, sp, lsl 8",1
"sbcseq sl, r2, r0, lsl 24",1
"tstlo fp, 0, 4",1
"strhs r0, [r4], -0",1
"andseq sb, r3, sp, lsl 10",1
"sbcseq pc, r2, r0, lsl 4",1
"ldcne p2, c3, [r7], -0",1
"strhs r0, [r4], -0",1
"andseq sb, r3, sp, lsl 10",1
"sbcseq r1, r3, r0",1
"ldrne r3, [r1, r0, lsl 4]!",1
"strhs r0, [r4, -0]",1
"eoreq sp, r0, sp, lsl 8",1
"sbcseq r4, r3, r0, lsl 12",1
"stmdahs r7!, {sb, ip, sp}",1
"strhs r0, [r4], -r0",1
"eoreq sp, r0, sp, lsl 8",1
"sbcseq r7, r3, r0, lsl 4",1
"movtlo r2, 0xfb00",1
"strhs r0, [r4, -r0]",1
"andseq r7, r3, sp, lsl 30",1
"strths r3, [sb], r0, lsl 4",1
invalid,1
"andseq fp, sl, sp, lsl 8",1
"sbcseq sl, r3, r0, lsl 24",1
"ldrbtmi r3, [r7], -0x200",1
invalid,1
"andseq fp, sl, sp, lsl 8",1
"sbcseq lr, r3, r0",1
"stmdahs sb, {sb, ip, sp} ^",1
invalid,1
"andseq fp, sl, sp, lsl 8",1
"sbcseq r3, r4, r0, lsl 24",1
"rsclo r3, r7, 0, 4",1
invalid,1
"andseq fp, sl, sp, lsl 8",1
"sbcseq r6, r4, r0, lsl 18",1
svclo 0xce3900,1
bhs 0x127d14,1
"andseq r6, r4, sp, lsl 30",1
"ldmmi r1, {sb}",1
"eorseq sl, r8, r2, lsr r4",1
"stceq p4, c0, [sl, -0]!",1
"andeq r1, r0, fp, asr sl",1
"muleq r0, r6, r4",1
"andseq r6, lr, r2, lsr r7",1
"stceq p4, c0, [fp, -0]!",1
"andeq sb, r0, r8, lsr r4",1
"strheq sp, [r0], -r6",1
"andseq ip, r6, sb, lsr lr",1
"stceq p4, c0, [ip, -0]!",1
"andeq r1, r0, r0, lsr 7",1
svcvc 0xa89103,1
"subeq fp, r1, r0, lsr 12",1
"strteq r0, [ip], -0",1
"ldrbls r0, [fp, 0xd2e]",1
"ldrge r0, [r2], -0",1
"streq r0, [r0], -0x38",1
blls 0xffe2b224,1
"movwhs r0, 0x2000",1
"cdpne p2, 6, c1, c7, c0, 0",1
invalid,1
"addseq r0, ip, sp, lsl 16",1
"eorhi r0, r3, r0, lsl 6",1
"shadd16lt r0, r2, r8",1
"streq r0, [r0], -0x41",1
invalid,1
"ldrble r0, [r6], 0",1
"ldrbvc r0, [r7, -0]",1
"streq r0, [r0], -0x3c",1
"strbtpl r0, [ip], pc, ror 26",1
blx 0x1127d9c,1
"streq r0, [r0], -0x92",1
"strlo r0, [r0], -0x151",1
"streq r0, [r0], -0x156",1
"ldmibls r7, {r0, r3, r6, r8, sl, fp} ^",1
"sublo r0, r5, r0",1
"mcreq p0, 0, r0, c0, c3, 4",1
"strmi r0, [r0, -0xd5]",1
"andeq sb, r0, r4, lsr 6",1
"andeq sp, r0, r3, lsr 10",1
"addseq r1, r3, r5, asr 16",1
"sbcseq r4, r5, r0, lsl 6",1
"movwls r4, 0xc500",1
"strble r0, [r3, -0]!",1
"ldrteq r0, [sl], -0",1
"strlo r0, [r0], -0x151",1
invalid,1
"andeq sb, r0, ip, lsr r3",1
"andeq sp, r0, r3, lsl 11",1
"addseq r4, r3, r6, asr 16",1
"sbcseq sl, r5, r0, lsl 24",1
"cmpls r3, 0, 12",1
"ldrle r0, [0x00027df0]!     ; [0x27df0:4]=0xeb000093",1
"stclpl p0, c0, [r6, -0]",1
bl 0x28044,1
"ldrdvs r0, r1, [r0, -r5]",1
"andeq sb, r0, r7, ror 6",1
"addseq r7, r3, r6, asr 2",1
"sbcseq r2, r6, r0, lsl 22",1
"cmnls sp, 0, 24",1
"mrsls r0, apsr",1
"stmdbhi r6, {r3, r6, r7, sb, sl, fp, ip, sp, lr} ^",1
"strhi r0, [r0, -0x93]",1
"stcpl p0, c0, [r0, -0x358]",1
"muleq r0, r5, r3",1
"andeq r5, r1, r8, lsl 12",1
"andeq ip, sb, r2, asr 16",1
"addseq fp, sb, r0, lsl 14",1
"orrsls r4, lr, 0, 12",1
"strtle r0, [fp], r0",1
bge 0x11a7e38,1
"stmdale r0, {r0, r1, r4, r7}",1
invalid,1
"strheq sb, [r0], -r6",1
"andeq sp, r0, r5, lsl 14",1
"andeq lr, sb, r2, asr 32",1
"addseq ip, r6, r0, lsl 24",1
invalid,1
"ldrle r0, [lr, -r0]",1
invalid,1
"stmdbvc r0, {r0, r1, r4, r6, r8}",1
invalid,1
"stmdbvc r2, {r0, ip, lr}",1
"strmi r0, [r0], -0",1
"andeq sb, r0, lr, lsr r4",1
"ldrdeq r5, r6, [r1], -r4",1
"andeq r5, r1, r4, ror 3",1
"andlo r2, lr, 4, 26",1
"strmi r0, [r0, -0x97]",1
"andeq sb, r0, ip, asr 8",1
"andeq sp, r0, r4, asr r7",1
"andseq lr, lr, r7, asr 20",1
"cmpeq r1, r0, lsl 8",1
"cmpeq r1, r0, lsl 8",1
"tsteq pc, 0, 2",1
"andseq r1, pc, r5, asr 6",1
"sbcseq r6, r7, r0, lsl 14",1
svcne 0x84500,1
"ldrble r0, [ip, -r0]!",1
"stc2l p0, c0, [r5, -0]",1
"strpl r0, [r0], -0x1e",1
"ldrdmi r0, r1, [r0], -r7",1
"andeq r5, r1, r4, ror 3",1
"andeq lr, r0, r8, lsr 30",1
"subseq r0, r2, 0x40000010",1
"mrseq r2, spsr",1
invalid,1
"subseq r0, r0, 0x40000010",1
"andeq r0, r0, sb, ror r0",1
"cdpne p4, 0xe, c4, c10, c0, 0",1
"eorpl r0, ip, 0",1
"eorspl r0, ip, 1",1
"strlo r0, [r4, -r1]",1
"addseq r7, r7, lr, lsl 26",1
svcne 0x134500,1
"ldrle r0, [r1, r0]",1
invalid,1
"strge r0, [r0, -0x1f]",1
"strmi r0, [r0, -0xd7]",1
"strdeq r1, r2, [r0], -sp",1
"strheq sp, [r0], -sl",1
"cmpeq r2, r0, asr 24",1
"rsceq r2, pc, r0, lsl 16",1
"andpl r4, r1, 0, 2",1
"mrseq r4, spsr",1
invalid,1
"subseq r0, r0, 0x40000010",1
"andeq r0, r0, sb, ror r0",1
"cmpeq r2, sp, lsr r4",1
"cmpeq r2, r0",1
"addseq sp, r7, r0, lsl 12",1
"bicls r4, r7, 0, 12",1
"strble r0, [sp, r0]",1
"subls r0, r3, r0",1
"smlsdmi r0, r2, r1, r0",1
invalid,1
"swpmi r0, r7, [r0]",1
blo 0x7c348,1
"subseq r0, r0, 0x40000010",1
"movwmi r0, 0x79",1
"muleq r1, ip, r2",1
"andeq r4, r0, sb, ror r6",1
"andeq sb, r0, r0, asr 15",1
"subseq r0, r0, 0x40000010",1
"andmi r0, r0, sb, ror r0",1
"strheq r5, [r1], -r0",1
"ldrdeq r2, r3, [r0], -fp",1
"cmpeq r1, r1, asr 2",1
"andpl r4, r1, sl, lsr r1",1
"andeq r7, r0, r2, lsl 18",1
"sbcpl r3, ip, 0, 26",1
"orrpl r0, r0, 1",1
"ldrbls r0, [sp, r1]!",1
invalid,1
bl 0x281d4,1
"ldrdmi r0, r1, [r0], -r7",1
"strdeq r5, r6, [r1], -r0",1
"andeq r4, r0, sb, ror r6",1
"subseq r0, r0, 0x40000010",1
"andeq r0, r0, sb, ror r0",1
"andeq pc, sb, r2, asr 16",1
"addseq fp, r8, r0, lsl 8",1
invalid,1
"mrsls r0, apsr",1
"ldrbeq r7, [ip, -0xee8]",1
"movweq r0, 0x94",1
"uhadd8mi r8, pc, r1",1
"andeq sb, r0, r1, lsl r4",1
"andeq sp, r0, r1, lsr 16",1
"addseq r1, r4, r6, asr 26",1
"sbcseq r3, r8, r0, lsl 8",1
"strtls r4, [sb], -0x600",1
invalid,1
"strbhi r0, [r3], -0",1
"smlsdmi r0, r4, r1, r0",1
"strmi r0, [r0, -r1, lsr 32]",1
"swpmi r0, r8, [r0]",1
"strvc r5, [r2], -r1",1
"subne r0, r3, r0",1
"mcr2 p1, 0, r0, c0, c5, 2",1
"stmdbvs r0, {r0, r1, r2, r4, r5}",1
"swpmi r0, r8, [r0]",1
"mrsls r5, apsr",1
"smlalbbeq r7, r1, r8, pc",1
"rsbseq r0, sl, r0, asr sb",1
"ldrge r2, [r1], 0x435",1
"eoreq r0, r2, lr, ror r6",1
"cmpeq r5, r3, asr 24",1
"eorseq pc, r7, r0, lsl 28",1
"addseq r8, r8, r0, lsl 8",1
"mrspl r4, apsr",1
"cdpvc p1, 0xe, c9, c8, c3, 0",1
"subseq r0, r0, 0x40000010",1
"movwmi r0, 0x74",1
"andeq r5, r1, r0, lsr r5",1
"andeq r4, r0, r5, ror r7",1
"andeq sb, r0, r3, lsr 17",1
"subseq r0, r1, 0x40000010",1
hvc 0x1007,1
"rsbseq r0, sl, r0, asr r7",1
"rsbseq r1, r4, ip, lsr lr",1
"strbpl r0, [r0], -0x22",1
invalid,1
invalid,1
"strvc r5, [r2, -r1]",1
"movwmi r0, 0",1
"andeq r5, r1, r8, lsl 3",1
"ldrdeq r2, r3, [r0], -fp",1
"andeq sb, r0, r8, asr 17",1
"subseq r0, r0, 0x40000010",1
"movwmi r0, 0x79",1
"andeq r5, r1, r4, lsr 3",1
"strheq r2, [r0], -sp",1
"ldrdeq sb, sl, [r0], -ip",1
"subseq r0, r0, 0x40000010",1
"movwmi r0, 0x79",1
"ldrdeq r5, r6, [r1], -r0",1
"strheq r2, [r0], -sp",1
"strdeq sb, sl, [r0], -r0",1
"subseq r0, r0, 0x40000010",1
"movwmi r0, 0x79",1
"andeq r5, r1, r0, lsl 4",1
"andeq r2, r0, r1, lsl r1",1
"andeq sb, r0, sb, lsl 18",1
"cmpeq r1, r1, asr 2",1
"andpl r4, r1, sl, lsr r1",1
"andeq r7, r0, r2, lsl 18",1
"cmpeq r2, r3, asr 24",1
"eoreq r1, r1, r0, lsl 2",1
"addseq r2, sb, r0, lsl 10",1
"mrspl r4, apsr",1
"cdpvc p1, 0xc, c9, c4, c4, 0",1
"andpl r4, r1, r6, lsl 2",1
"andeq r7, r0, r2, lsl 18",1
"cmpeq r2, r3, asr 16",1
"eoreq r1, r1, r0, lsl 2",1
"addseq r3, sb, r0, lsl 28",1
"mrspl r4, apsr",1
invalid,1
"rsbseq r0, sb, r0, asr r2",1
"rsbspl r4, r4, 0, 6",1
"tsths r1, r1",1
invalid,1
"mrseq r0, spsr",1
"ldrgt r0, [r1], 0x451",1
hvc 0x106e,1
"rsbseq r0, sb, r0, asr r2",1
"sbcpl r4, r0, 0, 6",1
"ldrbtmi r0, [sb], -r1",1
invalid,1
"mrseq r0, spsr",1
"rsbseq r0, sb, r0, asr r2",1
"strpl r4, [r4, 0x300]!",1
"ldrblo r0, [lr, r1]!",1
invalid,1
"mrseq r0, spsr",1
"rsbseq r0, sb, r1, asr r2",1
"ldrbeq r0, [r0, -r1, asr 2]",1
"ldrths r0, [r5], -0x78",1
"eoreq r0, r2, r6, ror r0",1
"cmpeq r5, r3, asr 8",1
"eoreq r1, pc, r0, lsl 18",1
"addseq sl, sb, r0, lsl 12",1
"andpl r4, r1, r0, lsl 2",1
invalid,1
"andhs r7, r0, 0x1e000000",1
"ldrbpl r4, [r8]",1
"ldrbtmi r0, [sb], -r1",1
"mrseq r0, spsr",1
"rsbseq r0, sb, r0, asr r2",1
"mcrreq p0, 0, r0, r3, c0",1
"stmdbvc r0, {r0, r4, r6, r8}",1
invalid,1
"swpmi r0, sb, [r0]",1
"mrsls r5, apsr",1
invalid,1
"andeq r5, r1, ip, lsl r6",1
"andeq lr, r0, sb, lsl 25",1
"subne r0, r2, r0",1
"strls r0, [r0], -0xa",1
"andlo r0, r0, 0x9a",1
"andeq r1, r0, r5, lsr 14",1
svcvc 0xd8204,1
bpl 0x281d8,1
"movwmi r0, 0xd8",1
"strheq r5, [r1], -ip",1
"andeq r3, r0, pc, lsr 27",1
"andeq sb, r0, r4, lsl 20",1
"subseq r0, r0, 0x40000010",1
"movwmi r4, 0x891",1
"andeq r5, r1, ip, ror 15",1
"andeq r5, r0, r1, asr sl",1
"andeq sb, r0, ip, lsr 20",1
"ldrbeq r0, [r3], -0x141",1
"uhadd8eq ip, lr, r1",1
"subseq r0, r2, 0x40000010",1
"swpbeq r4, r1, [r1]",1
"rsbseq r0, sl, r1, asr r2",1
"subseq r0, r0, 0x40000010",1
"movwmi r5, 0x491",1
"andeq r5, r1, r4, lsr 16",1
"andeq r5, r0, r1, asr sl",1
"andeq sb, r0, r1, asr sl",1
"cmpeq r3, r1, asr 2",1
"andpl r4, r1, 0x4000000c",1
"mrsmi sb, spsr",1
bvc 0xbc5ec,1
"andpl r4, r1, r0, lsl 2",1
"subseq sb, r4, r2, lsl 2",1
"cmpeq r8, r3, asr 16",1
"subseq r5, sl, r0, lsl 2",1
"addseq r7, sl, r0, lsl 12",1
"movwpl r4, 0x1100",1
invalid,1
"ldmmi r1, {r1, r4, r6, sb}",1
"subseq r0, r1, 0x40000010",1
hvc 0x100a,1
"ldrpl r0, [r1], 0x250",1
"ldmpl ip!, {lr}",1
"movshs r0, r1",1
"mrseq r0, spsr",1
"rsbs r0, r7, r1, asr r8",1
"stmdbvc r4!, {r8, sl, ip, sp}",1
"mrslo r2, r8_usr",1
"ldmge r1, {r4, r6, r8, sb}",1
"movwmi r0, 0x7f",1
"ldrdeq r5, r6, [r1], -ip",1
"andeq lr, r0, r0, ror ip",1
"andeq sb, r0, sb, lsr 21",1
"cmpeq r0, 0x40000010",1
"eoreq r0, ip, sl",1
"cmpeq r6, r3, asr 24",1
"rsceq r8, ip, r0, lsl 18",1
"addseq fp, sl, r0, lsl 30",1
"andpl r4, r1, r0, lsl 2",1
"cdpvc p1, 0xa, c9, c0, c4, 0",1
"strbvs r0, [r3], -6",1
"streq r0, [r0], -0x156",1
"stmdble r0, {r1, r2, r3, r5, r6, r7}",1
"swpmi r0, sl, [r0]",1
beq 0xfc674,1
"mrseq r0, spsr",1
"eorseq r0, r4, r0, asr r1",1
"cmpeq r6, r3, asr 16",1
"eoreq ip, lr, r0, lsl 14",1
"addseq pc, sl, r0, lsl 6",1
"mrspl r4, apsr",1
"mrsmi r7, apsr",1
invalid,1
"strble r0, [ip], -0x48",1
"andvc r0, r0, r6, asr r1",1
"movwmi r0, 0xec",1
"andeq r5, r1, r0, lsl 14",1
"andeq lr, r0, sb, lsl 25",1
"andeq sb, r0, r2, lsl fp",1
"ldrbeq r0, [r0], -0x141",1
"uhadd8eq fp, lr, r1",1
"strpl r4, [r8, -r0, lsl 24]",1
"stc p0, c0, [sb], {1}",1
"strbhs r0, [ip], -0",1
"stmdbhi r0, {r0, r1, r2, r4, r6, r8}",1
"movwmi r0, 0xec",1
"andeq r5, r1, ip, lsr r7",1
"andeq lr, r0, sb, lsl 25",1
"andeq sb, r0, sl, lsr fp",1
"ldrbeq r0, [r0], -0x141",1
"uhadd8eq sl, lr, r1",1
"strbpl r4, [r4, -r0, lsl 6]!",1
"ldrbtmi r0, [sb], -r1",1
blls 0x13e82e4,1
"mrseq r0, spsr",1
"ldmge r1, {r4, r6, r8, sb}",1
"stmda r3, {r0, r1, r2, r3, r4, r5, r6} ^",1
"streq r0, [r0], -0x158",1
"stmdbvs r0, {r1, r2, r3, r5, r6, r7}",1
"swpmi r0, fp, [r0]",1
beq 0xfc704,1
"mrseq r0, spsr",1
"eorseq r0, r4, r0, asr r1",1
"cmpeq sb, r3, asr 16",1
"rsceq r0, lr, r0, lsl 8",1
"addseq r8, fp, r0, lsl 6",1
"mrspl r4, apsr",1
"andeq r0, r0, 0x3000",1
"cmpeq r0, r1, asr 2",1
"subpl r0, r3, r4, lsr r0",1
"smlsdmi r0, sl, r1, r0",1
"stcls p0, c0, [r0, -0x84]",1
"swpmi r0, fp, [r0]",1
blo 0x7c738,1
"cmpeq r0, 0x40000010",1
invalid,1
"cmpeq sl, r3, asr 32",1
"eoreq r4, r1, r0, lsl 14",1
"addseq fp, fp, r0, lsl 26",1
"mrspl r4, apsr",1
invalid,1
"strvc r5, [r8], -1",1
"ldrths r0, [r5], -0xe0",1
"eoreq r0, r2, r6, ror r0",1
"cmpeq sl, r3, asr 32",1
"rsceq r8, ip, r0, lsl 18",1
"addseq sp, fp, r0, lsl 6",1
"andpl r4, r1, r0, lsl 2",1
"cdpvc p1, 0xb, c9, c0, c4, 0",1
"stmdagt ip, {r1, r2} ^",1
"stmdbhi r0, {r1, r3, r4, r6, r8}",1
invalid,1
"andeq r5, r1, r8, ror 21",1
"andeq lr, r0, sb, lsl 25",1
"cmpeq sl, r0, asr 24",1
"rsceq r8, ip, r0, lsl 18",1
"andpl r4, r1, r0, lsl 2",1
"cdpvc p1, 0xa, c9, c0, c4, 0",1
invalid,1
"andeq r1, r0, pc, ror 8",1
"andeq sb, r0, r8, lsl 24",1
"andeq sb, r0, sp, lsl 14",1
invalid,1
"muleq r0, r5, r3",1
"andeq sb, r0, lr, lsl ip",1
"andeq sb, r0, sp, lsl 14",1
"strls pc, [sp, -r0, lsl 30]",1
"streq r0, [r0, -r0]",1
"stcge p6, c0, [r4, -0]",1
invalid,1
"andeq r3, r0, fp, asr 13",1
invalid,1
"andeq r0, r0, fp, lsr 5",1
"andeq r5, r1, r8, lsl fp",1
"andeq r5, r1, r4, lsr 25",1
"andeq sp, r0, sp, ror 16",1
"addseq r4, lr, r1, lsl 8",1
"strbtvs r3, [r4], -r0",1
blpl 0x12856c,1
"andseq r2, sp, r7, lsl 4",1
"sbcseq sb, r8, r0, lsl 20",1
blo 0xf53f4,1
blpl 0x1283f8,1
"andseq r7, r3, r7, lsl 30",1
"sbcseq ip, r8, r0, lsl 12",1
"strne r3, [sp], 0x400",1
blpl 0x128408,1
"andseq r5, sl, r7, lsl 22",1
"sbcseq lr, r8, r0, lsl 8",1
invalid,1
invalid,1
"eoreq pc, r3, r7, lsl 24",1
"sbcseq r0, sb, r0, lsl 4",1
"ldclo p2, c3, [r3]",1
"cdppl p0, 0, c0, c4, c0, 0",1
"andseq r7, r3, r7, lsl 30",1
"sbcseq r2, sb, r0, lsl 4",1
"rsbvc r3, r5, 0, 22",1
svcpl 0x40072,1
"andeq sl, r2, r7, lsl 22",1
"sbcseq r5, sb, r0, lsl 16",1
"mcrrlo p9, 0, r3, r4, c0",1
"andvs r0, r4, r0",1
"andseq r5, sl, r7, lsl 22",1
"ldmdblo r5, {r8} ^",1
"andeq r4, r0, sp, lsr 12",1
svcvs 0x76104,1
"andeq r0, r0, 0x14",1
b 0x113b6a4,1
invalid,1
invalid,1
"streq r0, [r0], -0x15b",1
"stclls p7, c0, [sb], 0x188",1
"movtne r0, 0xd000",1
invalid,1
"andseq r0, pc, sp, asr 16",1
"stc2l p0, c0, [r5, -0]",1
invalid,1
"ldrdeq r0, r1, [r0], -sb",1
"cmpeq fp, sp, lsr ip",1
"cmpeq ip, r0, lsl 24",1
"addseq fp, sp, r0, lsl 28",1
"stclne p2, c3, [lr, -0]",1
"strvs r0, [r4, -0]",1
"andseq r7, r3, r7, lsl 30",1
"sbcseq fp, sb, r0, lsl 22",1
blpl 0xfe036ca8,1
"stcpl p0, c0, [ip], -4",1
"eorsvc r0, r2, 1",1
"streq r0, [r0], -0x3e",1
"cmnne pc, 0x1a80000",1
invalid,1
"eorslo r0, r2, r0",1
"streq r0, [r0], -0x1e",1
"cmnne pc, 0x1ac0000",1
invalid,1
"strblt r0, [r3], -0",1
"smlsdeq r0, fp, r1, r0",1
"stmdbmi r0, {r2, r5}",1
"swpmi r0, sp, [r0]",1
"stmdavc r2, {r0, r8, ip, lr}",1
"andpl r4, r1, r0, lsl 2",1
"andeq r7, r0, r2, lsl 10",1
"cmpeq fp, r3, asr 16",1
"eoreq r0, r4, r0, lsl 14",1
"addseq r6, sp, r0, lsl 6",1
"mrspl r4, apsr",1
invalid,1
blvc 0xbc504,1
invalid,1
"smlsdeq r0, fp, r1, r0",1
"stcvc p0, c0, [r0, -0x90]",1
"swpmi r0, sp, [r0]",1
"stmdbvc r2, {r0, r8, ip, lr}",1
"andpl r4, r1, r0, lsl 2",1
"andeq r7, r0, r2, lsl 10",1
"cmpeq fp, r3, asr 24",1
"eoreq r0, r4, r0, lsl 14",1
"addseq sb, sp, r0, lsl 14",1
"mrspl r4, apsr",1
invalid,1
blvc 0xbc538,1
invalid,1
"strne r0, [r0], -0x15c",1
"movwlt r0, 0x42",1
"swpmi r0, sp, [r0]",1
invalid,1
"strhmi r7, [r6, -ip]",1
invalid,1
"stmdahs ip, {r2, r6} ^",1
"stmdbhi r0, {r2, r3, r4, r6, r8}",1
"andeq r0, r0, ip, ror 1",1
"mcrrpl p13, 0, r3, r8, c0",1
"ldclpl p0, c0, [ip], -4",1
"cdpls p0, 3, c0, c10, c1, 0",1
"cdpmi p0, 3, c0, c2, c0, 0",1
"streq r0, [r0], -0x1d",1
"cmnne pc, 0x1fc0000",1
ble 0x1a8578,1
"ldrtvs r0, [sp], -0",1
invalid,1
"movwhs r0, 0x15c",1
bllo 0x28800,1
"rsbseq r6, r8, sb, ror 8",1
svcvc 0x78204,1
"stmdbne r0, {r0, r1, r4}",1
"movwmi r0, 0xda",1
"andeq r5, r1, r0, ror ip",1
"andeq r2, r0, r7, lsl 8",1
"andeq sb, r0, r2, lsl lr",1
"subseq r0, r1, 0x40000010",1
hvc 0x1006,1
"rsbseq r0, fp, r0, asr r2",1
"ldclpl p0, c4, [ip], -0",1
"ldrbths r0, [r4], -1",1
"mrseq r0, spsr",1
"rsbseq r0, fp, r0, asr r2",1
"mcrrpl p0, 0, r0, r0, c0",1
"smlsdeq r0, ip, r1, r0",1
invalid,1
"strvc r5, [r2], -r1, lsl 2",1
"andpl r4, r1, r0, lsl 2",1
"subeq sb, r4, r2, lsl 2",1
"ldcpl p12, c4, [r4], {0}",1
"stc p0, c0, [sb], {1}",1
invalid,1
"strdeq r1, r2, [r0], -fp",1
invalid,1
"andeq r0, r0, fp, lsr 5",1
"addseq sb, lr, r1, lsl 26",1
"strbtvs r2, [r4], -r0, lsl 12",1
"cdplo p0, 0, c0, c4, c1, 3",1
"andseq r2, sp, r7, lsl 4",1
"strne r2, [sp], 0x700",1
"cdplo p0, 0, c0, c4, c0, 0",1
"andseq r5, sl, r7, lsl 22",1
invalid,1
svclo 0x40000,1
"eoreq pc, r3, r7, lsl 24",1
"rsbvc r2, r5, 0, 18",1
invalid,1
"andeq sl, r2, r7, lsl 22",1
"rsbeq r2, sb, r0, lsl 18",1
svcvc 0x74204,1
blhs 0x2867c,1
"andeq r3, r0, r8, lsl 21",1
blt 0x1f9648,1
"andeq r0, r0, sl, lsl r0",1
"subeq r2, r2, r8, lsr 18",1
"stmdaeq r0!, {sl}",1
"andeq sl, r2, r1, lsl 22",1
svcls 0x9a0100,1
"strtvs r0, [r6], -0",1
"streq r6, [r0], -0x166",1
"stcne p8, c0, [r2, -0x80]!",1
"stchi p0, c0, [r7, -0]!",1
"streq r0, [r0], -0x14",1
bne 0x16ea6e4,1
invalid,1
"streq r0, [r0], -0x3c",1
invalid,1
"strtlo r0, [r7], -r0",1
"streq r0, [r0], -0x42",1
bne 0x16ea700,1
invalid,1
"streq r0, [r0], -0x39",1
"stcne p8, c0, [sp, -0x88]!",1
svcvc 0x270000,1
"streq r0, [r0], -0x38",1
"cmnne pc, 0x220000",1
"strvs r0, [sb, -0]!",1
"streq r7, [r0], -0x272",1
"adceq r0, fp, 36, 16",1
"cdplo p0, 2, c0, c11, c0, 0",1
"streq r0, [r0], -0x45",1
"cmnne pc, 0x250000",1
invalid,1
"streq r0, [r0], -0x41",1
"cmnne pc, 0x250000",1
blhs 0xaa86bc,1
"andeq r4, r0, sl, asr 18",1
svcvc 0x82904,1
"stmdbhs r0, {r0, r1, r4}",1
"rsbseq r6, r4, r5, ror 28",1
"vstrhs s4, [r8, -0x10]",1
blpl 0x28748,1
"andeq sb, r0, lr, ror pc",1
"eoreq sp, pc, fp, lsr 30",1
"ldmdaeq r3!, {sl}",1
"andeq r1, r0, pc, ror r3",1
"eoreq sb, r0, fp, lsr 8",1
"ldmdaeq r4!, {sl}",1
"andeq r1, r0, pc, ror r3",1
"addseq r6, pc, fp, asr pc",1
blo 0xf32f8,1
"strlo r0, [r4, -r0]",1
"andseq r7, r3, r8, lsl 30",1
svcmi 0x142b00,1
invalid,1
"andseq r5, r5, r8",1
blhs 0xaa8710,1
"andeq r3, r0, r3, lsl 20",1
svcvc 0x84f04,1
"andeq r0, r0, r3, lsl r0",1
invalid,1
"streq r0, [r0], -0x3a",1
"cmnne pc, 0x630000",1
"strtne r0, [fp], -0",1
"streq r0, [r0], -0x4f",1
"ldrbne r0, [r0, -0x864]",1
"andeq r0, r0, r0",1
"cdphs p8, 0xe, c2, c6, c0, 0",1
invalid,1
"adceq r0, fp, 8, 2",1
"andls r0, r1, r0",1
"strhs r0, [r0, -r0, lsr 1]",1
"andeq r2, r0, ip, ror 11",1
blpl 0x246764,1
"strhs r0, [r0, -r0, lsr 32]",1
"andeq r1, r0, sp, lsl 21",1
svcvs 0x87804,1
"strhs r0, [r0, -r7, asr 32]",1
"andeq r3, r0, pc, ror r8",1
svcvc 0x87904,1
"smladhs r0, r3, r0, r0",1
"andeq r3, r0, r1, lsl ip",1
invalid,1
"stmdbhs r0, {r0, r1, r5}",1
"rsbeq r6, r1, r4, ror 12",1
"vstrne d7, [r8, -0x10]",1
"stmdbhs r0, {r0, r2, r3, r4}",1
"rsbseq r7, r2, r5, ror 4",1
blge 0x2477a0,1
blhs 0x2879c,1
"andeq r4, r0, lr, lsr r5",1
svcvc 0x87d04,1
blhs 0x287ec,1
"andeq r3, r0, r3, lsl 20",1
svcvc 0x87d04,1
blhs 0x287f8,1
"andeq r1, r0, r7, lsl 21",1
"andge r7, r8, r4, lsl 28",1
blhs 0x2882c,1
"andeq r2, r0, fp, lsr 27",1
svcvc 0x87f04,1
"stmdbpl r0, {r0, r1, r4}",1
"andeq r3, r0, pc, ror fp",1
bhs 0x25c3dc,1
"eorseq r2, pc, fp, lsr 2",1
"stmeq r8, {sl}",1
"andeq r1, r0, pc, ror r3",1
"subeq r1, pc, fp, lsr 8",1
"stmeq sb, {sl}",1
"andeq r1, r0, r0, asr r5",1
"subeq r0, sb, fp, lsr 20",1
"stmeq sl, {sl}",1
"andeq r1, r0, sp, lsr 26",1
"eorshs r2, lr, 0xa800",1
"strls r0, [r4, -r0]",1
"andseq r7, r3, r8, lsl 30",1
"stmlo r6, {r8, sb, fp, sp} ^",1
invalid,1
"andseq r7, r3, r8, lsl 30",1
"vldrne d2, [lr]",1
invalid,1
"andseq r7, r3, r8, lsl 30",1
blvs 0x1bf2c18,1
"ldmeq sl, {sl}",1
"ldrdeq r2, r3, [r0], -r4",1
"eoreq r6, lr, fp, lsr 12",1
"ldmeq fp, {sl}",1
"strheq r1, [r0], -sl",1
invalid,1
"andeq r3, r0, r6, ror sl",1
invalid,1
"andeq r0, r0, fp, lsr 5",1
"andeq r5, r1, r4, lsr 25",1
"andeq r6, r1, ip, lsl r3",1
"andeq sp, r0, sb, lsr sl",1
"adceq r5, r5, r1, lsl 14",1
"strbhs r3, [ip, 0x400]!",1
"cdpeq p0, 0, c0, c4, c0, 0",1
"eoreq r5, r0, r7, lsl 22",1
"sbcseq r6, sl, r0, lsl 12",1
bne 0xfe375860,1
svceq 0x40000,1
"subeq r6, r7, r7, lsl 30",1
"sbcseq sb, sl, r0, lsl 28",1
"ldmdalo pc!, {sl, ip, sp} ^",1
svceq 0x40000,1
"andseq r7, r3, r7, lsl 30",1
"sbcseq r0, fp, r0, lsl 22",1
"strne r3, [sp], 0x400",1
"andne r0, r4, r0",1
"andseq r5, sl, r7, lsl 22",1
"sbcseq r7, fp, r0, lsl 2",1
"strbtvs r3, [r4], -r0, lsl 22",1
"andne r0, r4, 0x61",1
"andseq r1, sp, r7, lsl 26",1
"sbcseq fp, fp, r0, lsl 12",1
"rsbvc r3, r5, 0, 28",1
"movwne r0, 0x4072",1
"andeq sl, r2, r7, lsl 22",1
"ldcmi p2, c0, [r1], {0}",1
"eorseq r1, ip, r2, lsr r1",1
"ldreq r0, [r4, -r0, lsl 8]",1
"strdeq r2, r3, [r0], -ip",1
"ldrdeq sp, lr, [r0], -r4",1
"addseq r4, lr, r4, asr r4",1
"cmpeq sp, r0, lsl 16",1
"andeq r2, sl, r0, lsl 16",1
"streq r0, [r0, -r0, lsl 8]!",1
"ldrdeq sl, fp, [r0], -r3",1
"addseq r6, lr, r5, asr 28",1
"sbcseq r2, ip, r0, lsl 30",1
"cdpls p5, 6, c4, c2, c0, 0",1
"stclle p0, c0, [r7], -0",1
"strbpl r0, [r5], -r0",1
"strhi r0, [r0, -0x9e]",1
svclo 0xdc,1
"andeq r0, r0, r0, asr 20",1
"addseq r7, lr, r6, asr 20",1
"sbcseq sl, ip, r0, lsl 6",1
"cdpls p6, 8, c4, c6, c0, 0",1
"ldclle p0, c0, [sl], {0}",1
"subls r0, r6, r0",1
invalid,1
"movwmi r0, 0xdc",1
"andeq r5, r1, r0, lsr sp",1
"andeq r5, r0, pc, asr 28",1
"andeq sl, r0, sp, lsl 3",1
"subseq r0, r2, 0x40000010",1
hvc 0x1005,1
"rsbseq r0, r6, r1, asr r2",1
"cmpeq r0, 0x40000010",1
invalid,1
"cmpeq sp, r3, asr 24",1
"eoreq ip, lr, r0, lsl 14",1
"adceq sl, r1, r0, lsl 2",1
"andpl r4, r1, r0, lsl 2",1
"andeq r7, r0, r2, lsl 14",1
"cmpeq sp, r3, asr 32",1
"eorseq sl, sp, r0, lsl 30",1
"adceq fp, r1, r0, lsl 10",1
"andpl r4, r1, r0, lsl 2",1
"andeq r7, r0, r2, lsl 14",1
"cmpeq sp, r0, asr 24",1
"subeq r1, r2, r0, lsl 8",1
"andpl r4, r1, 0, 2",1
"tstmi ip, r2, lsl 16",1
bvc 0xbcd6c,1
"andpl r4, r1, r0, lsl 2",1
"andeq r7, r0, r2, lsl 10",1
"stclls p0, c0, [r4, -0]",1
"stmda r0, {r1, r2, r3, r4, r7}",1
"stmdale r0, {r0, r2, r3, r4, r6, r8}",1
"streq r0, [r0], -0x15f",1
"cmpge r2, 0x9c0000",1
bl 0x1168988,1
"andhs r0, r0, 0x9e",1
"strmi r0, [r0, -0xdd]",1
"ldrdeq sb, sl, [r0], -pc",1
"andeq sp, r0, pc, asr 26",1
"addseq sp, lr, r5, asr 6",1
"sbcseq r7, sp, r0, lsl 24",1
"cdpls p5, 0xc, c4, c7, c0, 0",1
"stclle p0, c0, [r1]",1
bllt 0x11689ac,1
"mcr p0, 0, r0, c0, c14, 4",1
"strmi r0, [r0, -0xdd]",1
"andeq sb, r0, pc, lsr 29",1
"andeq sp, r0, ip, lsl 28",1
"cmpeq sp, sl, lsr r8",1
"cmpeq pc, r0, lsl 16",1
"cdpls p6, 0xf, c4, c7, c0, 0",1
"cdple p0, 2, c0, c10, c0, 0",1
"movteq r0, 0x6000",1
"mcrpl p0, 0, r0, c0, c15, 4",1
invalid,1
"andeq sb, r0, pc, lsl 30",1
"muleq r0, r4, lr",1
"andeq r5, sl, pc, lsr r8",1
svcls 0x1c4600,1
"cdple p0, 0xb, c0, c3, c0, 0",1
invalid,1
invalid,1
"andmi r0, r0, 0xde",1
"andeq r0, r0, r0, ror sl",1
"andeq sl, r0, r5, lsl r3",1
"addseq r3, pc, r6, asr 18",1
"sbcseq r2, pc, r0, lsl 2",1
svcls 0x454600,1
svcle 0x410000,1
"eorsvc r0, sp, r0",1
"stmdage r0, {r1, r2, r3, r4, r6, r8}",1
"movwls r0, 0x15e",1
"strmi r0, [r0], -r2, lsr 1",1
"andeq sb, r0, r6, asr pc",1
"andeq sp, r0, r2, lsl 31",1
"addseq r6, pc, r6, asr 4",1
"sbcseq sl, pc, r0, lsl 2",1
invalid,1
"andpl r0, r0, lr, asr r1",1
invalid,1
"strmi r0, [r0], -r2, lsr 1",1
"andeq sb, r0, r0, ror pc",1
"andeq lr, r0, fp",1
"cmpeq pc, r3, asr 32",1
"eoreq r0, r4, r0, lsl 14",1
"adceq fp, r2, r0, lsl 26",1
"mrspl r4, apsr",1
"andeq r7, r0, r2, lsl 18",1
"cmpeq pc, r3, asr 16",1
"eoreq r0, r4, r0, lsl 14",1
"adceq sp, r2, r0, lsl 2",1
"mrspl r4, apsr",1
"andeq r7, r0, r2, lsl 18",1
"cmpeq pc, r0, asr 8",1
"addseq r2, ip, r0, lsl 8",1
"movwpl r4, 0x1100",1
svcvc 0x889104,1
"andpl r4, r1, 0x80000001",1
invalid,1
"stmdavc r2, {r0, r8, ip, lr}",1
"andpl r4, r1, r0, lsl 2",1
"andeq r7, r0, r2, lsl 12",1
"cdppl p0, 0xc, c4, c8, c0, 0",1
"stcls p0, c0, [r4], -4",1
"mrseq r0, spsr",1
"ldmhi r1, {r0, r1, r4, r6, sl}",1
hvc 0x106f,1
"rsbseq r0, r5, r2, asr r2",1
"subseq r0, r0, 0x40000010",1
"andeq r0, r0, r6, ror r0",1
"cmpeq pc, sl, lsr r8",1
"cmpeq pc, r0, lsl 24",1
svcls 0x7f4600,1
"eor r0, sb, r0",1
blhi 0x11a8ac8,1
invalid,1
"andmi r0, r0, r0, ror 1",1
"andeq r5, r1, r4, lsr 31",1
"andeq sb, r0, r4, lsr 24",1
"ldrbeq r0, [r3], -0x141",1
"uhadd8eq r8, pc, r1",1
"subseq r0, r2, 0x40000010",1
hvc 0x1005,1
"rsbseq r0, r6, r0, asr r2",1
"andeq r0, r0, r0",1
svcls 0x9a4400,1
"eorvs r0, r8, r0",1
"sbcvs r0, r4, 1",1
"strlo r0, [r4, -1]",1
"adceq r3, r5, r7, lsl 20",1
svcls 0xd04500,1
"add r0, r8, r0",1
"strbgt r0, [r5], -0",1
invalid,1
"strmi r0, [r0, -0xe0]",1
"strheq sb, [r0], -r8",1
"andeq lr, r0, r6, asr 1",1
"addseq sl, pc, r5, asr 24",1
"rsceq sp, r0, r0, lsl 18",1
"eorvs r3, r8, r0, lsl 20",1
"sbcvs r0, r4, 1",1
"mcrrle p0, 0, r0, r6, c1",1
"streq r0, [r0], -0x9f",1
"strmi r0, [r0], -r1, ror 1",1
"andeq sb, r0, r8, ror 31",1
"andeq lr, r0, r7, lsl r1",1
"addseq pc, pc, r6, asr 8    ; [0x28b48:4]=0xa0004600",1
"rsceq r5, r1, r0, lsl 12",1
"andge r4, r0, r0, lsl 12",1
"orr r0, r1, r0",1
"mrrceq p0, 0, r0, ip, c0",1
"movweq r0, 0xa0",1
"uhadd8mi fp, pc, r1",1
"andeq sl, r0, r8, lsl r0",1
"muleq r0, r4, r1",1
"adceq r2, r0, sp, asr r4",1
invalid,1
beq 0xfe439374,1
"ldrge r0, [r1, -0]",1
"stclhs p0, c0, [r6, -0]",1
svclt 0xa0,1
"strmi r0, [r0], -r1, ror 1",1
"andeq sl, r0, sb, lsr r0",1
"andeq lr, r0, sl, ror 3",1
"adceq r4, r0, r6, asr 10",1
"rsceq r1, r2, r0, lsl 24",1
beq 0xfea38798,1
"subpl r0, r6, 0",1
"andpl r0, r0, r0, lsr 1",1
"strmi r0, [r0], -r2, ror 1",1
"andeq sl, r0, lr, asr r0",1
"andeq lr, r0, r5, ror r2",1
"adceq r6, r0, r6, asr 20",1
"rsceq sb, r2, r0, lsl 6",1
"rsbsge r4, r6, r0, lsl 12",1
"adcs r0, r1, 0",1
"mrshi r0, spsr",1
svcgt 0xa0,1
"movwmi r0, 0xe2",1
"andeq r6, r1, r8, asr r1",1
"andeq r2, r0, r7, lsl 8",1
"andeq sl, r0, ip, lsr r4",1
"subseq r0, r1, 0x40000010",1
"movwmi r0, 0x79",1
"andeq r6, r1, ip, ror r1",1
"andeq r2, r0, r5, lsr 19",1
"andeq sl, r0, r6, ror r4",1
"ldrbeq r0, [r3], -0x141",1
"uhadd8eq pc, lr, r1",1
"subseq r0, r2, 0x40000010",1
hvc 0x1005,1
"addsge r0, r1, r1, asr r4",1
hvc 0x106f,1
"ldrhi r0, [r1], 0x450",1
"subeq r0, r1, 0x7f00000",1
bvc 0xa9e00,1
"stcvc p1, c4, [r2, -0]",1
"rsbseq r0, sb, r0, lsl 4",1
invalid,1
"ldrbmi r0, [r5, -r1]!",1
"ldrge r0, [r2], 0",1
"mrseq r0, spsr",1
"addsge r0, r1, r1, asr r4",1
hvc 0x106f,1
"addsmi r0, r1, r0, asr r2",1
"bicsvs r4, r4, r0, lsl 6",1
svclo 0x60001,1
"strtge r0, [ip], 0",1
"mrseq r0, spsr",1
"rsbseq r0, r7, r1, asr r2",1
"subseq r0, r0, 0x40000010",1
"movwmi r4, 0x91",1
"strdeq r6, r7, [r1], -r4",1
"andeq sl, r0, r6, asr r6",1
"andeq sl, r0, sb, asr 9",1
"cmpeq r1, 0x40000010",1
invalid,1
invalid,1
"andeq r7, r6, r4, lsl 31",1
invalid,1
"rsbeq fp, r2, r0",1
"adceq lr, r4, r0, lsl 10",1
"movwpl r4, 0x1100",1
svcvc 0xa49104,1
"andpl r4, r1, r6, lsl 2",1
"andeq r7, r0, r2, lsl 16",1
invalid,1
"eoreq r0, r4, r0, lsl 14",1
"adceq pc, r4, r0, lsl 30",1
"mrspl r4, apsr",1
invalid,1
invalid,1
"strbmi r0, [r0], -0x40",1
"strvc r0, [r0], -0x162",1
invalid,1
invalid,1
"andeq r0, r0, r0, asr 32",1
invalid,1
"eoreq r2, sb, r0, lsl 20",1
"adceq r2, r5, r0, lsl 30",1
"mrspl r4, apsr",1
"cdpvc p1, 0xf, c9, c12, c4, 0",1
"andpl r4, r1, r6, lsl 2",1
svcvc 0x849104,1
"stmdalt ip, {r1, r2} ^",1
"stmdbhi r0, {r1, r5, r6, r8}",1
"andeq r0, r0, ip, ror 1",1
svcpl 0xec4000,1
"cdppl p0, 4, c0, c15, c1, 0",1
"mrseq r0, spsr",1
"rsbseq r0, r5, r2, asr r2",1
"subseq r0, r1, 0x40000010",1
hvc 0x1006,1
"ldcmi p2, c0, [r1], {0x50}",1
invalid,1
"streq r0, [r0], -0x16",1
blge 0x6a76c,1
invalid,1
"andeq sl, r0, pc, ror 11",1
"eoreq lr, r5, r7, lsr 24",1
"ldreq r0, [fp], r0, lsl 8",1
"andeq r2, r0, fp, asr r0",1
"andseq r8, sl, r7, lsr 26",1
"ldreq r0, [fp], r0, lsl 8",1
"andeq r4, r0, pc, ror 14",1
"eorseq r7, r8, r7, lsr 30",1
"ldreq r0, [ip], r0, lsl 8",1
"andeq r1, r0, pc, ror r3",1
"eorseq sp, r5, r7, lsr 16",1
"ldreq r0, [ip], r0, lsl 8",1
"andeq r1, r0, fp, asr sl",1
invalid,1
"ldreq r0, [lr], r0, lsl 8",1
"andeq r1, r0, sp, lsl sp",1
"subeq r5, r0, fp, lsr 12",1
"ldreq r0, [pc], r0, lsl 8   ; [0x28d4c:4]=0x4006929",1
"strdeq r2, r3, [r0], -ip",1
"streq r6, [r0], -0x929",1
"cmnne pc, 160, 12           ; 0xa0",1
blhs 0xaa8d5c,1
"andeq r4, r0, sb, lsl r6",1
svcvc 0x6ab04,1
blhs 0x28db4,1
"andeq r1, r0, sl, asr pc",1
bpl 0x1d3d80,1
invalid,1
"streq r6, [r0], -0xb6f",1
"sbcshs r0, r4, sp, lsr 13",1
blhs 0xaa8d80,1
"andeq r3, r0, r6, asr 17",1
svcvc 0x6c704,1
"andeq r0, r0, r3, lsl r0",1
invalid,1
"streq r0, [r0], -0x1a",1
bpl 0x6b108,1
invalid,1
"andeq sl, r0, r6, asr r6",1
"eoreq lr, r5, r7, lsr 24",1
"ldmeq ip, {sl} ^",1
"andeq r2, r0, fp, asr r0",1
"andseq r8, sl, r7, lsr 26",1
"ldmeq ip, {sl} ^",1
"andeq r4, r0, pc, ror 14",1
"subeq r3, r5, r7, lsr 28",1
"ldmeq sp, {sl} ^",1
"andeq r1, r0, pc, ror r3",1
"eorseq r7, r8, r7, lsr 30",1
"ldmeq sp, {sl} ^",1
"andeq r1, r0, pc, ror r3",1
"eorseq sb, r3, r7, lsr 16",1
"ldmeq sp, {sl} ^",1
"andeq r1, r0, pc, ror r3",1
invalid,1
"ldmeq pc, {sl} ^",1
"andeq r1, r0, sp, lsl sp",1
"andseq r5, pc, fp, lsr 20",1
"stmeq r0!, {sl} ^",1
"andeq r0, r0, sl, asr r0",1
"ldrne r3, [r8], 0xc00",1
invalid,1
"adceq r0, fp, 0x80000001",1
"tstvs ip, 0",1
"strbvs r0, [r8, 1]",1
"rscs r0, r8, 1",1
"mrshs r0, apsr",1
"strlo r0, [r0], -0xa9",1
"andeq r2, r0, ip, ror 11",1
blpl 0x1c122c,1
"strhs r0, [r0, -0x20]",1
"strlo r0, [r0], -0xe3",1
"andeq r1, r0, sp, lsl 21",1
svcvs 0x66104,1
"movwmi r0, 0x47",1
bllo 0x291c0,1
"rsbseq r7, r2, r5, ror 4",1
blge 0x1c1a4c,1
invalid,1
"andlo r0, r0, 0xe3",1
"andeq r2, r0, sl, lsl r6",1
bpl 0x1c1e5c,1
"andge r0, r0, r0",1
"stmdblo r0, {r0, r1, r5, r6, r7}",1
"andeq r3, r0, pc, ror r8",1
svcvc 0x66504,1
invalid,1
"ldrblo r3, [r8, 0x95b]",1
"strvs r0, [r4], -r0",1
"andseq r6, r4, r6, lsl 30",1
"ldcmi p2, c0, [r1], {0}",1
"eorseq r7, fp, r7, asr pc",1
"ldreq r0, [r4], r0, lsl 8",1
"muleq r1, r8, r5",1
"adceq r5, r5, r4, asr r7",1
invalid,1
"andeq ip, sl, r0, lsl 16",1
"streq r0, [r6], r0, lsl 8",1
"andeq sl, r0, r4, ror 16",1
"adceq r8, r5, r5, asr 26",1
"rsceq r1, r4, r0, lsl 16",1
"strge r4, [r1, 0x500]",1
"ldrb r0, [pc], -0           ; [0x28ea0:4]=0x880000a5",1
"strbvc r0, [r5, -0]",1
"stmdahi r0, {r0, r2, r5, r7}",1
"strmi r0, [r0, -0xe4]",1
"andeq sl, r0, sb, ror 10",1
"strheq lr, [r0], -r1",1
"andeq pc, sl, pc, lsr r0",1
"ldrge r4, [sb, 0x600]",1
"ldrb r0, [sl], 0",1
"strbge r0, [r6, -0]",1
"movweq r0, 0xa5",1
"strmi r0, [r0], -r5, ror 1",1
"strheq sl, [r0], -r1",1
"andeq lr, r0, r2, lsr r5",1
"andeq r1, fp, pc, lsr r8",1
"ldrge r4, [ip, 0x600]!",1
"ldrb r0, [r1, -0]",1
invalid,1
bvc 0x2917c,1
"strmi r0, [r0], -r5, ror 1",1
"ldrdeq sl, fp, [r0], -r4",1
"andeq lr, r0, r2, asr 11",1
"andeq r4, fp, r2, asr 32",1
"adceq sb, r7, r0, lsl 18",1
"strbge r4, [r0, 0x600]!",1
"strb r0, [r0, 0]!",1
"subne r0, r0, r0",1
"strge r0, [r0, -0x165]",1
invalid,1
invalid,1
blvc 0x1c8da8,1
"mrslo r2, r8_usr",1
"ldrlt r0, [r1], 0x451",1
hvc 0x106f,1
"rsbseq r0, sb, r0, asr r2",1
"ldrbteq r0, [sp], -0x241",1
invalid,1
"andeq r7, r0, 2, 26",1
"andeq r0, r0, r5, ror r0",1
"adceq lr, r5, r4, asr 30",1
invalid,1
invalid,1
"ldrteq r0, [r6], r0, lsl 8",1
"andeq sl, r0, r8, lsr 16",1
"adceq r3, r6, r5, asr 2",1
"rsceq r1, r6, r0, lsl 14",1
"strtge r4, [r5], -r0, lsl 10",1
"strb r0, [r3], -r0",1
invalid,1
"strpl r0, [r0], -r6, lsr 1",1
"strmi r0, [r0, -0xe6]",1
"andeq sl, r0, sp, lsl 12",1
"andeq lr, r0, sb, ror 12",1
"adceq r0, r6, r5, asr 2",1
"rsceq r7, r6, r0, lsl 24",1
"ldrtvs r3, [r0], -0xa00",1
"ldrvs r0, [r4], 1",1
"stcllo p0, c0, [r6, -4]",1
svchi 0xa6,1
"strmi r0, [r0], -r6, ror 1",1
"andeq sl, r0, sb, asr 12",1
"strheq lr, [r0], -sl",1
invalid,1
"rsbeq fp, r3, r0",1
"adceq r1, r8, r0, lsl 26",1
"movwpl r4, 0x1100",1
invalid,1
"stmdbvc r2, {r0, sb, ip, lr}",1
"mrspl r4, apsr",1
invalid,1
invalid,1
"andeq r7, r6, r8, lsr 31",1
invalid,1
"eoreq r0, r4, r0, lsl 14",1
"movwmi r0, 0",1
"strheq r6, [r1], -r4",1
"andeq r4, r0, r4, asr 9",1
"andeq sl, r0, r2, asr 16",1
"subseq r0, r2, 0x40000010",1
hvc 0x100b,1
"rsbseq r0, sb, r0, asr r2",1
"strbtvs r4, [r0], 0xc00",1
"strhs r0, [r7], -1",1
"strbhs r0, [r0], -0",1
"streq r0, [r0], -r5, ror 2",1
invalid,1
"strvc r5, [r2, -0x101]",1
"andpl r4, r1, r0, lsl 2",1
"subeq sb, r4, r2, lsl 2",1
"strmi r0, [r0], -0",1
"andeq r1, r0, sl, ror 29",1
"strheq r6, [r1], -r4",1
"andeq r6, r1, r0, asr 7",1
"cdpge p12, 0, c7, c6, c4, 0",1
"strmi r0, [r0, -0xa8]",1
"andeq r1, r0, r3, lsl pc",1
"ldrdeq lr, pc, [r0], -sl    ; [0x29020:4]=0xe6ef00",1
"andseq r0, pc, r5, asr 16",1
"rsceq lr, r6, r0, lsl 30",1
"cdpne p5, 0xf, c4, c13, c0, 0",1
"str r0, [r3, -r0]",1
"subgt r0, r0, r0",1
"andmi r0, r0, r3, ror 2",1
"smlattmi r0, sp, r0, r0",1
invalid,1
"strhmi r7, [r6, -r0]",1
invalid,1
"strheq r7, [r6], -r8",1
"teqvs ip, 0, 6",1
svchs 0x190001,1
invalid,1
"mrseq r0, spsr",1
"ldrmi r0, [r1], 0x250",1
"cmpvs r8, 0, 6",1
"addsge r0, r0, r1",1
invalid,1
"mrseq r0, spsr",1
"ldrmi r0, [r1], 0x253",1
"subseq r0, r2, 0x40000010",1
hvc 0x100b,1
"rsbseq r0, sl, r1, asr r2",1
"subseq r0, r0, 0x40000010",1
invalid,1
"andeq r6, r1, r8, asr 7",1
"andeq lr, r0, sb, lsl 25",1
invalid,1
"adceq sb, r0, r0",1
"adceq r1, sb, r0, lsl 14",1
"movwpl r4, 0x1100",1
"mrsmi sb, spsr",1
blvc 0xbd8ac,1
"mrspl r4, apsr",1
invalid,1
"stmdbvc r2, {r0, ip, lr}",1
"subge r0, ip, r0",1
"stmdbhi r0, {r0, r2, r5, r6, r8}",1
"andeq r0, r0, ip, ror 1",1
"subeq r1, r5, r8, lsr 4",1
invalid,1
"andseq r7, r3, r1, lsl 30",1
"stmibge r1!, {r8}",1
svcls 0x270000,1
"andeq r0, r0, 0x25",1
"movths r0, 0xa1ec",1
"stcmi p0, c0, [r7], -0",1
"andeq r0, r0, 0x23",1
"cmnne pc, 236, 2            ; 0xec",1
invalid,1
"andeq r0, r0, 0x4a",1
"ldmne r4, {r2, r3, r5, r6, r7, r8}",1
ble 0xae90f8,1
"andeq r0, r0, 0x2c",1
"cmpne r3, 0x8000003b",1
"strvc r0, [fp, -r0]!",1
"andeq r0, r0, 0x46",1
"cmnne pc, 0xc000003b",1
"strle r0, [fp, -r0]!",1
"andeq r0, r0, 0x17",1
"ldrsheq r0, [sb], 0x10",1
"strvc r0, [sb, -r0]!",1
invalid,1
"andseq r4, r3, r1, lsl 14",1
"strvc r2, [sb, -r0, lsl 20]!",1
"andeq r3, r0, 0x30000006",1
"ldmdbeq r1!, {r0, r1, r2, r4, r5, r6, r7, r8}",1
"strtgt r0, [fp], -r0",1
"andeq r0, r0, 0x22",1
"cmnne pc, 248, 2            ; 0xf8",1
"andeq r0, r0, r0",1
"subeq r0, r2, ip, lsr sp",1
"subeq r0, r1, 0, 4",1
"andeq sl, r2, r1, lsl 22",1
invalid,1
invalid,1
"rsceq r1, r7, r0, lsl 12",1
svcge 0x10100,1
svcls 0x340000,1
"andeq r0, r0, 0x25",1
"movths r0, 0xa241",1
"strb r0, [r3, -r0]",1
invalid,1
"andeq r7, r0, 100, 16",1
"cmnne pc, 0x10000004",1
"str r0, [r3, r0]!",1
"ldrtlt r0, [r4], -0",1
"andeq r0, r0, 0x43",1
"subseq r0, sl, r1, asr 4",1
invalid,1
"teqle r2, r0",1
"andeq r0, r0, 2",1
"cmnne pc, 0x30000004",1
invalid,1
b 0x11291a0,1
invalid,1
invalid,1
"andeq r0, r0, 0x80000019",1
bge 0xbe9ae0,1
"movtne r0, 0x5000",1
"mcrvs p0, 0, r0, c0, c15, 0",1
"strmi r0, [r0, -0xe8]",1
"andeq r1, r0, r8, lsl 30",1
"andeq lr, r0, r2, lsl 17",1
"andseq pc, lr, r5, asr 26",1
"rsceq sb, r8, r0, lsl 12",1
invalid,1
invalid,1
"strmi r0, [r0, -r8, ror 2]",1
bllo 0x29488,1
"rsbseq r6, r7, ip, ror 30",1
svcvc 0x26402,1
blge 0x29234,1
"andlo r0, r0, 0xe8",1
"andeq r2, r0, r5, lsr 6",1
svcvc 0x26402,1
invalid,1
bllo 0x2959c,1
"rsbeq r6, r4, sp, ror 18",1
svcvc 0x26402,1
beq 0x29254,1
"strmi r0, [r0], -0xe9",1
"andeq r1, r0, pc, asr 31",1
"andeq r6, r1, r8, lsl 14",1
"andeq r6, r1, r8, lsl r7",1
invalid,1
"strmi r0, [r0, -0xaa]",1
"strdeq r1, r2, [r0], -r8",1
"andeq lr, r0, r5, lsr sb",1
"andseq lr, pc, r5, asr 26",1
"rsceq r6, sb, r0, lsl 24",1
svcne 0xe24500,1
invalid,1
invalid,1
"cdpmi p1, 0, c0, c0, c7, 3",1
"smlattmi r0, pc, r0, r0",1
bvc 0x1fda4c,1
invalid,1
"andeq r2, r0, r2, lsr r4",1
"andseq ip, pc, r4, asr 30",1
invalid,1
invalid,1
"rsbseq r0, sp, 0, 4",1
"andeq sl, r0, sl, ror 21",1
"andseq pc, pc, r5, asr 16",1
"rsceq sl, sb, r0, lsl 4",1
svcne 0xed4500,1
invalid,1
"sub r0, r5, 0",1
"stmdb r0, {r0, r1, r2, r3, r4}",1
invalid,1
"andeq r6, r1, r0, lsr r7",1
"andeq lr, r0, lr, asr 30",1
"cdpne p4, 0xe, c4, c10, c0, 0",1
invalid,1
"stmdavs r0!, {r0} ^",1
bls 0xa929c,1
"adceq r2, fp, r2, lsl 20",1
svcne 0x134500,1
b 0x1e92a4,1
invalid,1
bne 0x29328,1
"strmi r0, [r0, -0xea]",1
"strdeq r1, r2, [r0], -sp",1
"andeq lr, r0, pc, lsr 20",1
invalid,1
"rsceq r2, pc, r0, lsl 16",1
"mrspl r4, apsr",1
"rscseq r0, pc, r2, lsl 16",1
"ldrbvs r4, [ip], r0",1
"ldrmi r0, [lr], -1",1
"mrseq r0, spsr",1
"rsbseq r0, r7, r2, asr r2",1
"subseq r0, r1, 0x40000010",1
hvc 0x17f8,1
"rsbseq r0, r4, r0, asr r2",1
svcgt 0x440000,1
"stmdals r0, {r0, r1, r2, r3, r4}",1
"stmdage r0, {r3, r5, r6, r8}",1
"andeq r0, r0, 104, 2",1
blge 0xfe029d94,1
invalid,1
"movwmi r0, 0x1f",1
"strmi r0, [r0, -0xea]",1
"andeq r1, r0, sp, ror 31",1
"andeq lr, r0, sb, ror 20",1
"andseq lr, pc, r5, asr 4",1
"rsceq sb, sl, r0, lsl 10",1
"stmvs r8!, {sl, fp, lr}",1
svc 0x4e0001,1
"strmi r0, [r0], -0",1
"andeq r1, r0, pc, asr 31",1
"strheq r6, [r1], -ip",1
"andeq r6, r1, ip, asr 17",1
"stmdblt r2, {r1, r8, sb, fp, sp, pc}",1
"strmi r0, [r0, -0xab]",1
"strdeq r1, r2, [r0], -r8",1
"strheq lr, [r0], -r3",1
"andseq lr, pc, r5, asr 26",1
"rsceq sp, sl, r0, lsl 14",1
svcne 0xe24500,1
b 0xffea934c,1
"mcrrgt p0, 0, r0, ip, c0",1
"cdpmi p1, 0, c0, c0, c8, 3",1
"andeq r0, r0, pc, ror 1",1
invalid,1
invalid,1
"adceq r7, lr, r0, lsl 20",1
invalid,1
invalid,1
"andseq r7, r3, r2, lsl 30",1
"rsceq r1, fp, r0, lsl 16",1
"ldmdbvs r4!, {r8, sl, fp, ip, sp}",1
blvs 0xfec29380,1
"cdpge p0, 5, c0, c1, c1, 0",1
"ldceq p0, c0, [r2], -0",1
"andeq r0, r0, 0x22",1
"cmnne pc, 0x5000000c",1
bl 0xae9390,1
"ldrvc r0, [fp, -r0]!",1
"strgt r0, [r2], -r3, rrx",1
"andseq r4, r3, r2, lsl 14",1
"rsceq r4, fp, r0, lsl 18",1
bleq 0x1639ba4,1
"stclge p0, c0, [sl, -0]",1
"eorsvc r0, fp, 0",1
"andeq r7, r0, 0x1840000",1
"stmne sb, {r1, r3, r6, r7, sb}",1
bl 0xfe0693b8,1
"eorsvc r0, fp, r0",1
"sbceq r0, sl, 0, 4",1
"andeq r1, r0, sb, lsl 17",1
"muleq r0, pc, fp",1
"strbtvs r6, [lr], -0x53b",1
"sbceq r0, sl, 0, 4",1
"andeq r1, r0, sb, lsl 17",1
"andeq lr, r0, sb, ror 23",1
invalid,1
invalid,1
"cdphs p9, 6, c3, c6, c0, 0",1
invalid,1
"andseq r5, r3, r2, lsl 6",1
"addspl r0, r1, r0, lsl 4",1
"rsblo r7, r3, 0xec0000",1
"rsceq r0, r2, 0, 4",1
"andeq r0, r0, r1, lsr sb",1
"andeq lr, r0, r7, ror ip",1
"subeq ip, r8, r2, lsr r1",1
"rsceq r0, r3, 0, 4",1
"andeq r1, r0, pc, ror r3",1
"andeq lr, r0, r6, lsr 25",1
"uhasxvs r6, r5, lr",1
"rsceq r0, r4, 0, 4",1
"andeq r0, r0, r4, asr 18",1
"sublo sb, r8, 0x80000000",1
"ldrdeq r1, r2, [r0], -r7",1
"stmdble r2, {r1, r8, sl, sp, lr, pc}",1
invalid,1
bllo 0x297e0,1
"andeq r7, r0, 0x70",1
"stmne sb, {r0, r1, r2, r5, r6, r7, sb}",1
"ldcl p0, c0, [r7], {0}",1
invalid,1
"strlt r0, [r0, -fp]",1
bllo 0x296f8,1
b 0xa95f0,1
"andeq r5, r0, r2, lsl 20",1
"rsceq r0, sp, r0",1
b 0x1129458,1
invalid,1
invalid,1
"andeq r0, r0, 0x4000001a",1
"stclge p2, c0, [r7], 0x3c4",1
"movtne r0, 0x5000",1
blhs 0x294ec,1
"strmi r0, [r0, -0xed]",1
"andeq r1, r0, r8, lsl 30",1
"andeq lr, r0, pc, lsr sp",1
"andseq pc, lr, r5, asr 26",1
"rsceq r5, sp, r0, lsl 6",1
b 0x1129488,1
"andhs r0, r0, lr, lsl r0",1
"andlo r0, r0, sl, ror 2",1
"andeq r0, r0, 0x8000001a",1
"ldcge p2, c0, [r1, -0x3dc]!",1
"movtne r0, 0x5000",1
"andhi r0, r0, pc, lsl r0",1
"strmi r0, [r0, -0xed]",1
"andeq r1, r0, r8, lsl 30",1
"muleq r0, r4, sp",1
"andseq pc, lr, r5, asr 26",1
"rsceq sl, sp, r0, lsl 16",1
bvs 0xc394b8,1
"stcl p0, c0, [r0, -4]",1
"mrseq r0, spsr",1
"teqmi r8, r2, asr r1",1
"andlo r5, r1, r1, lsl 2",1
"subseq r0, r0, 0x40000010",1
"andeq r1, r0, r4, ror r0",1
invalid,1
"rsceq r0, sp, r0",1
"movwpl r4, 0x1100",1
"mrsmi sb, spsr",1
"mrsls r5, apsr",1
"strheq r7, [r0], -ip",1
"stmdbge r1!, {sl, lr}",1
bvs 0x16294f0,1
bvs 0xff8294f8,1
invalid,1
"adceq lr, sp, r3",1
"stmdbge fp, {r8, sl, lr} ^",1
"ldcl p0, c0, [r5]",1
svclo 0x450000,1
"stc p0, c0, [r0, -0x2a4]",1
"strmi r0, [r0, -0xed]",1
"andeq sl, r0, r3, lsr sb",1
"andeq lr, r0, r0, lsl 28",1
invalid,1
invalid,1
"ldmdbge r7, {sl, fp, ip, lr} ^",1
invalid,1
"stmdbge r3!, {r4, r6, sb, sl, lr} ^",1
"cdp p0, 1, c0, c3, c0, 0",1
svcvs 0x460000,1
"strhs r0, [r0], -sb, lsr 1",1
"strmi r0, [r0], -lr, ror 1",1
"andeq sl, r0, fp, ror sb",1
"andeq lr, r0, r0, asr lr",1
invalid,1
invalid,1
"stmibge r7, {sb, sl, lr}",1
"cdp p0, 6, c0, c5, c0, 0",1
"movtls r0, 0x6000",1
"strhi r0, [r0, -sb, lsr 1]",1
"andmi r0, r0, lr, ror 1",1
"muleq r1, ip, sl",1
"andeq lr, r0, r0, lsl 26",1
"subseq r0, r3, 0x40000010",1
hvc 0x1009,1
"rsbseq r0, r8, r2, asr r2",1
"cmpeq r0, 0x40000010",1
invalid,1
"strmi r0, [r0], -0",1
"andeq r1, r0, sl, ror 29",1
"muleq r1, r8, fp",1
"andeq r6, r1, r4, lsr 23",1
"andhs r1, r3, r2, lsl 2",1
"strmi r0, [r0, -0xae]",1
"andeq r1, r0, r3, lsl pc",1
"muleq r0, sl, lr",1
"andseq r0, pc, r5, asr 16",1
"rsceq sl, lr, r0, lsl 26",1
"cdpne p5, 0xf, c4, c13, c0, 0",1
"cdp p0, 0xc, c0, c2, c0, 0",1
"strbge r0, [r0], -0",1
"stmdahs r0, {r0, r1, r3, r5, r6, r8}",1
"smlattmi r0, pc, r0, r0",1
"stmdaeq r2, {r0, r8, ip, lr}",1
"movwmi r0, 0xff",1
"andeq r6, r1, r0, lsl 22",1
"andeq r4, r0, lr, lsl r4",1
"andeq sl, r0, r0, asr 28",1
"subseq r0, r2, 0x40000010",1
hvc 0x1007,1
svcvc 0x7b0251,1
"subseq r0, r0, 0x40000010",1
"andmi r0, r0, r4, ror r0",1
"andeq r6, r1, ip, lsl fp",1
"andeq lr, r0, r8, lsr 26",1
"subseq r0, r0, 0x40000010",1
"andeq r0, r0, r8, ror r0",1
invalid,1
invalid,1
"rsbeq r3, r3, r0, lsl 22",1
bpl 0xef608,1
"strle r0, [r0], -r0",1
"andmi r0, r0, lr, ror 1",1
"andeq r6, r1, r4, ror 23",1
"andeq r2, r0, r7, asr 2",1
"subseq r0, r1, 0x40000010",1
"andeq r0, r0, r7, ror r0",1
"mrrcvs p13, 0, r3, ip, c0",1
"ldclvs p0, c0, [r0], -4",1
"cdpge p0, 0xa, c0, c8, c1, 0",1
"eorsvc r0, fp, 0",1
"andeq r7, r0, 0x65000000",1
"adceq r0, fp, 0xbc000000",1
"cdp p0, 0xf, c0, c9, c0, 0",1
"strbvs r0, [r0], -0",1
"stcge p1, c0, [r0, -0x1b0]",1
invalid,1
"strvc r5, [r2], -1",1
"movwmi r0, 0",1
"andeq r6, r1, ip, ror r8",1
"andeq r4, r0, lr, lsl r4",1
"andeq sl, r0, r8, asr 29",1
"subseq r0, r2, 0x40000010",1
hvc 0x1007,1
svcvc 0x750251,1
"subseq r0, r0, 0x40000010",1
"movwmi r0, 0x74",1
"andeq r6, r1, r8, ror ip",1
"andeq r4, r0, r0, lsr r3",1
"ldrdeq sl, fp, [r0], -ip",1
"subseq r0, r0, 0x40000010",1
"movwmi r0, 0x74",1
"andeq r6, r1, r0, lsr 25",1
"muleq r0, r8, r4",1
"strdeq sl, fp, [r0], -r0",1
"subseq r0, r0, 0x40000010",1
"andmi r0, r0, r4, ror r0",1
"strheq r6, [r1], -r8",1
"andeq r2, r0, r0, asr r3",1
"subseq r0, r0, 0x40000010",1
"andeq r0, r0, r4, ror r0",1
"subeq r5, r6, r8, lsr 2",1
invalid,1
"andeq sl, r2, r1, lsl 22",1
svcge 0xbf0100,1
"stc p0, c0, [r7], -0",1
"streq r0, [r0], -0x25",1
"ldrbtlo r0, [r1], 0xc12",1
svcvc 0x270000,1
"streq r0, [r0], -0x38",1
"cmnne pc, 0x1200",1
invalid,1
"streq r0, [r0], -0x32",1
bne 0x16ec720,1
invalid,1
"streq r0, [r0], -0x46",1
bne 0x16ec72c,1
"strtvs r0, [sb], -0",1
"streq r6, [r0], -0x166",1
"ldcne p12, c0, [sp, -0x54]",1
svcvs 0x290000,1
"strne r0, [r4], -fp, rrx",1
"eoreq sp, r0, ip, lsl 8",1
"ldrlo r2, [lr, -0xb00]!",1
"strne r0, [r4, -r0]",1
"andseq r7, r3, ip, lsl 30",1
"rsbvc r2, r5, 0, 18",1
"stmdbne r4, {r1, r4, r5, r6}",1
"andeq sl, r2, ip, lsl 22",1
"vdivlo.f64 d18, d5, d0",1
blne 0x129718,1
"andseq r6, r4, ip, lsl 30",1
bpl 0xaf3f20,1
"streq r0, [r0], -0x1f",1
"subseq r0, sl, pc, lsl ip",1
"cdpmi p0, 2, c0, c11, c0, 0",1
"streq r0, [r0], -0x1d",1
"cmnne pc, 32, 24            ; 0x20",1
blhs 0xaa9738,1
"strdeq r4, r5, [r0], -r1",1
blt 0x334b50,1
blhs 0x297ac,1
"andeq r1, r0, r5, lsr 14",1
svcvc 0xc2e04,1
blhs 0x2979c,1
"muleq r0, r4, fp",1
svcvc 0xc2f04,1
"andeq r0, r0, r3, lsl r0",1
invalid,1
"streq r0, [r0], -0x18",1
blge 0x6c51c,1
invalid,1
"stmdahs r0, {r2, r3, r5, r6, r8}",1
invalid,1
"smlatteq r0, pc, r0, r0",1
"andeq fp, r0, sp, lsl 11",1
"eoreq lr, r5, r4, lsr ip",1
bleq 0x1b6a784,1
"strdeq r3, r4, [r0], -r1",1
"andeq lr, r0, sb, lsr pc",1
"subeq lr, ip, r4, lsr r4",1
bleq 0x1b6a794,1
"andeq r1, r0, sl, lsr 23",1
"andeq lr, r0, r3, lsl 31",1
"andseq r3, sb, r4, lsr r0",1
bleq 0x1b6a7a4,1
"andeq r1, r0, pc, ror r3",1
"strheq lr, [r0], -fp",1
"eoreq ip, lr, r4, lsr fp",1
bleq 0x1baa7b4,1
"andeq r1, r0, pc, ror r3",1
"andeq pc, r0, r2, lsr r0",1
"andseq lr, r8, r3, lsr sl",1
bleq 0x1baa7c4,1
"andeq r1, r0, pc, ror r3",1
"movwlo sb, 0x102",1
"andeq r3, r0, lr, lsr 1",1
svcvc 0xb6e04,1
"andeq r0, r0, 0x13",1
"ldrtne r0, [r3], -0x491",1
"streq r0, [r0], -0x4f",1
"subseq r0, sl, lr, ror 22",1
invalid,1
"strbtvs r3, [r4], -r8, lsl 22",1
"andvc r0, r4, r1, rrx",1
"andseq r1, sp, fp, lsl 26",1
"rscseq r7, r0, r0, lsl 14",1
"rsbvc r3, r5, 0, 22",1
invalid,1
"andeq sl, r2, fp, lsl 22",1
"rscseq fp, r0, r0, lsl 24",1
"ldcllo p2, c3, [lr], -0",1
"andvc r0, r4, 0",1
"andseq r7, r3, fp, lsl 30",1
"rscseq r4, r1, r0, lsl 6",1
"ldrlo r3, [r7, -0x200]!",1
"andvc r0, r4, 0",1
"andseq r7, r3, fp, lsl 30",1
"rscseq sl, r1, r0, lsl 16",1
"ldmdalo pc!, {sb, ip, sp} ^",1
"andvc r0, r4, 0",1
"andseq r7, r3, fp, lsl 30",1
"rscseq lr, r1, r0, lsl 24",1
"ldrhs r3, [sl], -r0, lsl 4",1
"andvc r0, r4, 0",1
"andseq r7, r3, fp, lsl 30",1
"rscseq r5, r2, r0, lsl 4",1
"cdphs p2, 6, c3, c6, c0, 0",1
"movwvc r0, 0x4000",1
"andseq fp, sl, fp, lsl 20",1
"rscseq r7, r2, r0, lsl 30",1
"addlo r3, r8, 0, 4",1
"strvc r0, [r4], -0",1
"andseq r5, sl, fp, lsl 22",1
"rscseq r3, r3, r0, lsl 4",1
"strbtmi r3, [r3], -r0, lsl 18",1
"strvc r0, [r4], -0",1
"andseq r6, r4, fp, lsl 30",1
"ldmmi r1, {sb}",1
"subeq sb, r3, r2, lsr r4",1
bleq 0x1d6a880,1
"strheq r1, [r0], -r4",1
"andeq pc, r0, lr, asr r3",1
"eorseq pc, sp, r2, lsr fp",1
bleq 0x1daa890,1
"andeq r0, r0, r3, lsr r0",1
"muleq r0, r6, r3",1
"andeq sb, fp, r2, asr 32",1
"adcseq sb, r1, r0, lsl 24",1
"ldmibne fp!, {sb, ip, sp}",1
invalid,1
"andseq fp, sl, fp, lsl 8",1
"rscseq r0, r4, r0, lsl 2",1
"strmi r3, [r0, r0, lsl 4]!",1
"stcvc p0, c0, [r4, -0]",1
"andseq r7, r3, fp, lsl 30",1
"rscseq r3, r4, r0, lsl 22",1
"ldrbtlo r3, [ip], 0x200",1
"cdpvc p0, 0, c0, c4, c0, 0",1
"andseq r7, r3, fp, lsl 30",1
"rscseq r5, r4, r0, lsl 18",1
"andshs r3, lr, 0, 4",1
svcvc 0x40000,1
"andseq r7, r3, fp, lsl 30",1
"rscseq r7, r4, r0, lsl 14",1
"cdpne p4, 0xe, c4, c10, c0, 0",1
"ldclvs p0, c0, [ip, -0]",1
"stclvs p0, c0, [ip, -4]!",1
bhi 0x1298f4,1
"adcseq r8, r1, fp, lsl 18",1
svcne 0x134500,1
invalid,1
invalid,1
invalid,1
"strmi r0, [r0, -0xf4]",1
"strdeq r1, r2, [r0], -sp",1
invalid,1
invalid,1
"rsceq r4, sp, r0",1
"andpl r4, r1, 0, 2",1
"andlo r7, r0, 4, 10",1
invalid,1
"andeq r3, r0, r1",1
invalid,1
"rsceq lr, ip, r0, lsl 4",1
"mrspl r4, apsr",1
"andlo r7, r0, 4, 16",1
"strmi r0, [r0], -0x24",1
"andeq sl, r0, r1, lsl 30",1
"andeq r6, r1, r8, lsr pc",1
"andeq r7, r1, r4, asr 1",1
invalid,1
"strmi r0, [r0, -0xb3]",1
"andeq sl, r0, r7, lsr pc",1
"andeq pc, r0, lr, lsl r5",1
"adceq r2, pc, r5, asr 22",1
"rscseq r5, r5, r0, lsl 16",1
svcge 0x1f4500,1
invalid,1
"movtne r0, 0x5000",1
"strls r0, [r0], -0xaf",1
blo 0x29d48,1
"andeq r6, r1, r8, lsr pc",1
"andeq r7, r1, r4, asr 1",1
"adceq r4, pc, r6, asr 6",1
"rscseq fp, r5, r0, lsl 4",1
svcge 0x4f4600,1
invalid,1
bpl 0x11a9990,1
invalid,1
invalid,1
"andeq sl, r0, r6, ror 30",1
"andeq pc, r0, r8, lsl r6",1
"adceq r7, pc, ip, asr r2",1
"ldclt p3, c0, [r1], {0}",1
"mcrne p4, 7, r4, c10, c15, 3",1
svcvs 0x440000,1
svcvs 0x500001,1
invalid,1
"adcseq r3, r2, ip, lsl 20",1
svcne 0x134500,1
invalid,1
invalid,1
"strvc r0, [r0], -0x1f",1
"strmi r0, [r0, -0xf6]",1
"strdeq r1, r2, [r0], -sp",1
"muleq r0, r4, r6",1
svcvs 0x603d00,1
"adcvc r0, ip, r1",1
"cmplt r1, 1",1
svcvc 0x460000,1
"movweq r0, 0xaf",1
invalid,1
"andeq sl, r0, fp, lsl 31",1
"andeq pc, r0, r8, lsr r7",1
invalid,1
"cmneq r0, r0, lsl 8",1
"adcseq pc, r2, r0, lsl 2",1
svcge 0x984600,1
invalid,1
"strbge r0, [r6], -0",1
"strhi r0, [r0, -pc, lsr 1]",1
invalid,1
"strheq sl, [r0], -r0",1
"andeq pc, r0, r6, asr 15",1
invalid,1
"eorseq sl, sp, r0, lsl 30",1
"adcseq sb, r2, r0, lsl 12",1
"andpl r4, r1, r0, lsl 2",1
svcvc 0xb49103,1
svcvs 0xec4c00,1
"stc p0, c0, [sb], {1}",1
"subeq r0, r3, r0",1
invalid,1
invalid,1
"strhmi r0, [r0, -r2]",1
invalid,1
"smlabbmi r6, r8, pc, r7",1
"mrsls r5, apsr",1
invalid,1
"andeq r7, r1, r0, lsl r0",1
"andeq lr, r0, sb, lsl 25",1
"cmneq r0, r3, asr 24",1
"subseq r4, lr, r0, lsl 30",1
"adcseq lr, r2, r0, lsl 14",1
"andpl r4, r1, 0, 2",1
svcvc 0xb49103,1
"subseq r0, r1, 0x40000010",1
hvc 0x1006,1
"addslt r0, r1, r0, asr r3",1
"mcrrpl p0, 7, r0, ip, c15",1
"stmdbhi r0, {r4, r5, r6, r8}",1
"andeq r0, r0, ip, ror 1",1
invalid,1
"rsbeq fp, r3, r0",1
"adcseq r1, r3, r0, lsl 18",1
"movwpl r4, 0x1100",1
invalid,1
invalid,1
"smlabbmi r6, ip, pc, r7",1
"strvc r5, [r2, -0x101]",1
"andpl r4, r1, r0, lsl 2",1
"andeq r7, r0, r2, lsl 12",1
"cmneq r0, r3, asr 32",1
"subeq ip, r4, r0, lsl 8",1
"adcseq r3, r3, r0, lsl 6",1
"andpl r4, r1, 0, 2",1
invalid,1
blvc 0xbdad4,1
invalid,1
invalid,1
"smladxmi r0, pc, r0, r0",1
"strhmi r0, [r0, -r3]",1
invalid,1
"stmdage ip, {r6} ^",1
"stmdbhi r0, {r4, r5, r6, r8}",1
"andeq r0, r0, ip, ror 1",1
"cmneq r0, ip, asr 8",1
"rsceq r8, ip, r0, lsl 18",1
"strmi r0, [r0], -0",1
"andeq r1, r0, sl, ror 29",1
"strdeq r7, r8, [r1], -r8",1
"andeq r7, r1, r0, lsr 6",1
invalid,1
"strmi r0, [r0, -0xb3]",1
"andeq r1, r0, r3, lsl pc",1
"andeq pc, r0, r3, lsl 16",1
"andseq r0, pc, r5, asr 16",1
"rscseq r1, r8, r0, lsl 14",1
"cdpne p5, 0xf, c4, c13, c0, 0",1
invalid,1
"movwmi r0, 0",1
"andeq r6, r1, ip, lsr 27",1
"andeq r4, r0, lr, lsl r4",1
"andeq fp, r0, r8, lsr 7",1
"subseq r0, r1, 0x40000010",1
hvc 0x17f9,1
"ldchi p4, c0, [r1], {0x50}",1
"movwmi r0, 0x67f",1
"andeq r6, r1, r4, asr 27",1
"andeq r2, r0, sb, lsl pc",1
"andeq fp, r0, r2, asr 7",1
"subseq r0, r1, 0x40000010",1
hvc 0x1006,1
"addsmi r0, r1, r0, asr r2",1
"stclvs p3, c4, [r4, 0]!",1
"adcmi r0, ip, r1",1
invalid,1
"mrseq r0, spsr",1
"addseq r0, r1, r3, asr r3",1
"andpl r4, r1, 0x80000001",1
svcvc 0xa09104,1
"mrspl r4, apsr",1
"mrsmi sb, spsr",1
invalid,1
"muleq r6, ip, pc",1
invalid,1
"rsceq r8, ip, r0, lsl 18",1
"cdpvs p3, 2, c4, c4, c0, 0",1
"ldrbmi r0, [r5, -r1]!",1
"ldrlt r0, [r0], -0",1
"mrseq r0, spsr",1
"ldrbteq r0, [r4], -0x251",1
"subseq r0, r0, 0x40000010",1
"movwmi r4, 0x91",1
"andeq r6, r1, r4, ror 28",1
"andeq r6, r0, fp",1
"andeq fp, r0, r0, asr 8",1
"ldrbeq r0, [r3], -0x141",1
"uhadd8eq sl, pc, r1",1
"subseq r0, r2, 0x40000010",1
hvc 0x1009,1
"addsmi r0, r1, r1, asr r2",1
"subseq r0, r0, 0x40000010",1
"subeq r0, r1, 0x7b",1
invalid,1
invalid,1
"andeq r6, r1, r8, ror lr",1
"andeq lr, r0, sb, lsl 25",1
invalid,1
"subseq r5, sl, r0, lsl 2",1
"adcseq r7, r4, r0, lsl 2",1
"movwpl r4, 0x1100",1
invalid,1
invalid,1
invalid,1
svcvc 0x9c9104,1
"andpl r4, r1, r6, lsl 2",1
"subeq sb, ip, r2, lsl 2",1
invalid,1
"rsceq r8, ip, r0, lsl 18",1
svcvs 0x104300,1
"stclo p0, c0, [0x00029c24]!",1
"strlt r0, [lr], 0",1
"mrseq r0, spsr",1
"addsmi r0, r1, r0, asr r2",1
svcvs 0x244c00,1
"stc p0, c0, [sb], {1}",1
"strb r0, [ip], -0",1
"stmdbhi r0, {r4, r5, r6, r8}",1
"movwmi r0, 0xec",1
"andeq r7, r1, ip, lsl 2",1
"andeq r4, r0, ip, lsr 1",1
"andeq fp, r0, fp, asr 9",1
"cmpeq r3, 0x40000010",1
"swpmi r0, r1, [r6]",1
invalid,1
"smlatbmi r6, r0, pc, r7",1
invalid,1
"andpl r4, r1, r0, asr 2",1
svcvc 0x9c9104,1
"subhs r0, ip, r6",1
"stmdbhi r0, {r0, r4, r5, r6, r8}",1
"movwmi r0, 0xec",1
"andeq r7, r1, r4, asr 2",1
"andeq r6, r0, fp",1
"andeq fp, r0, r6, lsl 10",1
"ldrbeq r0, [r3], -0x141",1
"uhadd8eq sl, pc, r1",1
"ldrbeq r0, [r2], -0x141",1
"uhadd8eq sb, pc, r1",1
"subseq r0, r1, 0x40000010",1
"swpbeq r4, r1, [r1]",1
"rsbseq r0, fp, r0, asr r2",1
"rsbseq r0, sp, r1, asr 4",1
"streq sb, [r0], -r3, lsl 2",1
"cmpvc r8, r0, lsl 24",1
"stc p0, c0, [sb], {1}",1
"subvc r0, r3, r0",1
"mcrne p1, 0, r0, c0, c1, 3",1
blhs 0x29dc8,1
"strhmi r0, [r0, -r5]",1
"stmdbvc r2, {r0, r8, ip, lr}",1
"andpl r4, r1, r0, lsl 2",1
svcvc 0x8c9104,1
"strbhi r0, [r3], -6",1
invalid,1
"stcmi p0, c0, [r0, -0x168]",1
"strhmi r0, [r0, -r5]",1
invalid,1
invalid,1
svcvc 0x9c9104,1
"andpl r4, r1, r6, lsl 2",1
"subeq sb, ip, r2, lsl 2",1
"cmneq r1, ip, asr 32",1
"rsceq r8, ip, r0, lsl 18",1
invalid,1
"stc p0, c0, [sb], {1}",1
invalid,1
"smlsdxeq r0, r2, r1, r0",1
"strvc r0, [r0], -0x24",1
"strhmi r0, [r0, -r5]",1
"mrsls r5, apsr",1
"andmi r0, r0, r8, ror r6",1
"andeq r7, r1, r8, lsl 5",1
"andeq r4, r0, lr, lsl r4",1
"subseq r0, r1, 0x40000010",1
hvc 0x17f4,1
"ldchi p4, c0, [r1], {0x50}",1
"andeq r0, r0, pc, ror r6",1
"subeq pc, r8, r8, lsr 24",1
"adcsne r0, sb, r0, lsl 8",1
"andeq sl, r2, r1, lsl 22",1
"strblt r0, [sb, 0x100]!",1
"stc p0, c0, [r7], -0",1
"streq r0, [r0], -0x25",1
"ldrbtlo r1, [r1], 0xb9",1
invalid,1
"streq r0, [r0], -0x3a",1
"cmnne pc, 0xb9",1
svcvc 0x270000,1
"streq r0, [r0], -0x38",1
"cmnne pc, 0xb9",1
"strtvs r0, [r7], -0",1
"streq r0, [r0], -0x17",1
"cmnne pc, 0xb9",1
"strtvc r0, [r6], -0",1
blt 0x129f30,1
"andseq r7, r3, r0, lsl pc",1
blne 0xaf457c,1
"streq r0, [r0], -0x24",1
"stcne p0, c1, [sp, -0x2f8]!",1
"andeq r0, r0, r0",1
"eorseq r4, r7, ip, lsr r8",1
bleq 0xeaad90,1
"andeq sl, r2, r1, lsl 22",1
"cmneq r3, r0, lsl 16",1
"cmneq r4, r0",1
"rscseq r4, r8, r0",1
"ldrblt r0, [fp, -r0, lsl 2]",1
"ldc p0, c0, [r4], -0",1
"streq r0, [r0], -0x25",1
"ldrbtlo r0, [r1], 0xb3a",1
invalid,1
svcmi 0x340000,1
"streq r0, [r0], -0x3a",1
"smmlarlt fp, sl, fp, r0",1
invalid,1
"ldcvc p0, c0, [r4, -0]!",1
"streq r0, [r0], -0x27",1
blne 0xfedacabc,1
invalid,1
"ldrteq r0, [r4], -0",1
"streq r0, [r0], -0x1a",1
"cmnne pc, 0xec00",1
invalid,1
"teqvs r3, 0",1
"streq r0, [r0], -0x43",1
"cmnne pc, 0xec00",1
invalid,1
"rsbvc r3, r5, 0, 22",1
"stclo p0, c0, [r4, -0x1c8]",1
"andeq sl, r2, fp, lsl 22",1
"rscseq lr, r8, r0, lsl 8",1
"stmlo r6, {sb, ip, sp} ^",1
"cdplo p0, 0, c0, c4, c0, 0",1
"andseq r7, r3, fp, lsl 30",1
"rscseq pc, r8, r0, lsl 14",1
"strlt r4, [sp, 0x400]",1
"cmnvc r4, 0",1
"ldrbvc r0, [r0], 1",1
"strmi r0, [r4, -1]",1
"adcseq r1, r7, fp, lsl 24",1
"strblt r4, [0x0002a32c]",1
invalid,1
"movtgt r0, 0x5000",1
"andlo r0, r0, 0xb5",1
"strmi r0, [r0, -0xf9]",1
"strheq fp, [r0], -r7",1
"andeq pc, r0, ip, lsl 19",1
"adcseq sl, r5, r5, asr 22",1
"rscseq sb, sb, r0, lsl 30",1
"ldrlt r4, [0x0002a350]      ; [0x2a350:4]=0xbcfd",1
rfeib 2!,1
"ldrthi r0, [sl], -0",1
invalid,1
invalid,1
"ldrdeq fp, ip, [r0], -fp",1
"andeq pc, r0, r5, asr 19",1
"andseq lr, lr, r4, asr 20",1
"cmneq r3, r0",1
"cmneq r3, r0",1
"sbcne r0, r7, r0, lsl 8",1
"andeq fp, r0, r8, lsl 14",1
"andseq r1, pc, r5, asr 6",1
"rscseq pc, sb, r0",1
svcne 0x84500,1
blx 0x269e8c,1
"stc2l p0, c0, [r5, -0]",1
"stcne p0, c0, [r0, -0x78]",1
"strdmi r0, r1, [r0], -sl",1
"ldrdeq r7, r8, [r1], -r0",1
"andeq lr, r0, r0, asr 26",1
"cmpeq r1, r1, asr 2",1
invalid,1
"muleq r1, r4, r3",1
"andeq lr, r0, r2, ror 25",1
"cmneq r3, ip, asr 8",1
"rsceq r8, ip, r0, lsl 18",1
"movwmi r0, 0",1
"andeq r7, r1, r4, ror 6",1
"strheq sl, [r0], -pc",1
"andeq fp, r0, sl, asr 14",1
"subseq r0, r1, 0x40000010",1
hvc 0x1085,1
"rsbseq r0, r4, r0, asr r2",1
"ldmdaeq sp!, {r0, r6, sb} ^",1
"subeq r3, r1, 0x10000",1
invalid,1
"stcvc p1, c4, [r2, -0]",1
"rsbseq r0, r7, r0, lsl 4",1
"strbtvc r4, [r8], 0",1
"strtpl r0, [r2], -r1",1
"mrseq r0, spsr",1
"rsbseq r0, r4, r0, asr r2",1
"streq r0, [r6], -0",1
"andeq fp, r0, r1, ror 14",1
"andseq fp, fp, r7, lsl ip",1
"ldrhs r2, [r8], r0, lsl 16",1
"strge r0, [r4], -0",1
"adceq r0, fp, 0x80000002",1
"stcvs p0, c0, [r1, -0]",1
invalid,1
"andeq r2, r0, ip, ror 11",1
invalid,1
"smladxhs r0, r4, r0, r0",1
"andeq r1, r0, r4, lsl 20",1
svcvc 0xaa404,1
"smladhs r0, r3, r0, r0",1
"andeq r3, r0, sb, ror r8",1
svcvc 0xaa404,1
"stmdbhs r0, {r0, r1, r4}",1
"rsbeq r6, r1, r4, ror 12",1
"stcne p6, c10, [sl, -0x10]",1
blhs 0x29fbc,1
"andeq r3, r0, lr, ror ip",1
svcvc 0xaa704,1
blhs 0x29fa0,1
"andeq r3, r0, r7, asr sl",1
svcvc 0xaa704,1
"stmdbhs r0, {r0, r1, r4}",1
"rsbeq r7, r6, r2, ror 10",1
invalid,1
blhs 0x29f84,1
"andeq r3, r0, fp, lsl 23",1
svcvc 0xaaa04,1
blpl 0x29fc4,1
"andeq fp, r0, sl, ror 15",1
"subeq r0, sb, fp, lsr 20",1
beq 0xfeb6af84,1
"andeq fp, r0, sp, ror 16",1
"strvs r2, [sb, -0xa00]!",1
"streq r7, [r0], -0x272",1
"adceq r0, fp, 0xba000",1
svcmi 0x2b0000,1
"streq r0, [r0], -0x3a",1
"vldmdbne sb!, {s0, s1, s2, s3, s4, s5, s6, s7, s8, s9, s10, s11, s12, s13, s14, s15, s16, s17, s18, s19, s20, s21, s22, s23, s24, s25, s26, s27, s28, s29, s30, s31}",1
"stcvc p0, c0, [fp, -0]!",1
"streq r0, [r0], -0x27",1
blne 0xfedaca9c,1
"eor r0, fp, r0",1
"streq r0, [r0], -0x45",1
"cmnne pc, 0xbd000",1
"stchs p0, c0, [fp, -0]!",1
"streq r0, [r0], -0x3f",1
"cmnne pc, 0xbd000",1
"stcvs p0, c0, [fp], -0",1
"streq r0, [r0], -0x22",1
"cmnne pc, 0xbd000",1
"ldrbmi r0, [fp, -0]",1
blhs 0x2a2b8,1
"andeq r1, r0, r0, asr lr",1
"strgt ip, [sl], -0x804",1
"andeq r0, r0, r5",1
"addshs r2, r4, sl, lsr 22",1
invalid,1
"andseq r7, r3, sl, lsl 30",1
bllo 0xfffb4bf4,1
invalid,1
"andeq ip, r5, sl, lsl 8",1
invalid,1
invalid,1
"eoreq pc, r3, sl, lsl 24",1
"andeq r0, r0, r0",1
"ldmdalt r3!, {r1, r2, sl} ^",1
invalid,1
"stmdahs r0, {r0, r1, r3, r4}",1
"andeq r2, r0, lr, lsl r7",1
"tsteq r1, r4, lsl 30",1
"strheq r1, [r0], -r6",1
"adcseq sp, r8, r1, lsl 10",1
"ldrhs r2, [r4], -0x700",1
svcne 0x40000,1
"andseq r3, sp, r1, lsl sb",1
blo 0xf3c38,1
svcne 0x40000,1
"andseq r7, r3, r1, lsl pc",1
"ldmdalo pc!, {r8, sb, sl, sp} ^",1
svcne 0x40000,1
"andseq r7, r3, r1, lsl pc",1
"ldrhs r2, [fp], -0xb00",1
invalid,1
"andseq fp, fp, r1, lsl r6",1
invalid,1
"streq r0, [r0], -0x1e",1
"cmnne pc, 36, 2             ; 0x24",1
bllt 0xaea068,1
"streq r0, [r0], -0x19",1
blne 0xfec2e504,1
"andeq r0, r0, r0",1
"andseq r1, r5, ip, lsr r5",1
beq 0xcab07c,1
"andeq sl, r2, r1, lsl 22",1
"cmneq r4, r0",1
"cmneq fp, r0, lsl 24",1
"rscseq r3, sl, r0, lsl 22",1
"ldclt p1, c0, [r5, 0]!",1
"ldc p0, c0, [r4], -0",1
"streq r0, [r0], -0x25",1
"ldrbtlo r0, [r1], 0xa32",1
blx 0x1a2a0a0,1
"cdpge p0, 3, c0, c4, c0, 0",1
"streq r0, [r0], -0x43",1
invalid,1
blx 0xfe1aa0b0,1
"ldrtvs r0, [fp], -0",1
"streq r6, [r0], -0x166",1
"vldrne s0, [sp, -0xd0]",1
blx 0xfe9aa0c0,1
"ldrvs r0, [fp, -0]!",1
"streq r7, [r0], -0x272",1
"adceq r0, fp, 0x35000",1
blx 0xff4ea0d0,1
invalid,1
beq 0xdab0d8,1
"andeq r1, r0, pc, ror r3",1
"andeq pc, r0, r5, lsl fp",1
"eorseq r7, r2, r2, lsr ip",1
beq 0xdeb0e8,1
"andeq r1, r0, pc, ror r3",1
"andeq pc, r0, r4, lsr fp",1
"eorseq r7, fp, r7, asr pc",1
beq 0xfe62b0f8,1
"andeq r7, r1, r8, lsr 22",1
"andeq sl, fp, pc, lsr r8",1
"stcne p2, c3, [r7, 0]!",1
bllo 0x12a108,1
"andseq r7, r3, sl, lsl 30",1
"rscseq r5, fp, r0, lsl 8",1
bhs 0x1d76914,1
bllo 0x12a118,1
"andseq r7, r3, sl, lsl 30",1
"rscseq r6, fp, r0, lsl 14",1
"cmnlo r7, r0, lsl 4",1
bllo 0x12a128,1
"andseq r7, r3, sl, lsl 30",1
"rscseq sb, fp, r0, lsl 30",1
"ldrmi r3, [lr, -0x200]!",1
invalid,1
"andseq r7, r3, sl, lsl 30",1
"rscseq sp, fp, r0, lsl 14",1
"ldcllo p2, c3, [fp, 0]!",1
"stclo p0, c0, [r4, -0]",1
"andeq r3, r0, sl, lsl 6",1
"rscseq r4, ip, r0, lsl 30",1
blo 0xf6954,1
"cdplo p0, 0, c0, c4, c0, 0",1
"eoreq r1, sb, sl, lsl 30",1
"rscseq sb, ip, r0, lsl 4",1
"strne r3, [sb], 0x200",1
svclo 0x40000,1
"andseq r5, sl, sl, lsl 22",1
"rscseq sl, ip, r0, lsl 10",1
bleq 0xff03a974,1
blt 0xfff6a178,1
"cdplo p0, 3, c0, c2, c0, 0",1
"streq r0, [r0], -0x22",1
"cmnne pc, 0x5b000",1
"stc2l p0, c0, [r5], {0}",1
invalid,1
"streq r0, [r0], -0x48",1
bne 0xfeeacb04,1
"ldc2l p0, c0, [r5], 0",1
"ldrge r0, [r2, -0]!",1
"streq r0, [r0], -0x3a",1
"vpushne {s0, s1, s2, s3, s4, s5, s6, s7, s8, s9, s10, s11, s12, s13, s14, s15, s16, s17, s18, s19, s20, s21, s22, s23, s24, s25, s26, s27, s28, s29, s30, s31}",1
"stc2 p0, c0, [r4, -0]!",1
"ldchs p0, c0, [sp], -0",1
"strls r0, [r0], -0x17a",1
"mcrvc p1, 0, r0, c0, c10, 3",1
"stmdblo r0, {r1, r3, r4, r5, r7}",1
"andeq r1, r0, sp, lsl 9",1
svcvs 0xa7804,1
"andeq r0, r0, 0x14",1
"mcrrlo p8, 9, r4, r3, c1",1
"mcrne p1, 0, r0, c0, c10, 3",1
"movwmi r0, 0x48",1
"strhmi r0, [r0, -sl]",1
invalid,1
"smlabbmi r6, ip, pc, r7",1
invalid,1
"subpl r0, ip, r0, asr 32",1
"stmdbhi r0, {r1, r3, r4, r5, r6, r8}",1
"movwmi r0, 0xec",1
"andeq r7, r1, ip, ror 20",1
"andeq r5, r0, r1, asr sl",1
"andeq fp, r0, r4, ror sl",1
"ldrbeq r0, [r3], -0x141",1
"uhadd8eq sb, pc, r1",1
"subseq r0, r2, 0x40000010",1
"swpbeq r4, r1, [r1]",1
"rsbseq r0, sl, r1, asr r2",1
"subseq r0, r0, 0x40000010",1
invalid,1
"andeq r7, r1, r8, ror sl",1
"andeq lr, r0, sb, lsl 25",1
"stmibvc r8, {r8, sb, lr} ^",1
"ldrmi r0, [lr], -1",1
blt 0xfe62a228,1
"mrseq r0, spsr",1
svcvc 0x770251,1
"subseq r0, r0, 0x40000010",1
"movwmi r0, 0x7b",1
"andeq r7, r1, r8, lsl 20",1
"andeq r5, r0, r1, asr sl",1
"andeq fp, r0, r2, asr 21",1
"ldrbeq r0, [r3], -0x141",1
"uhadd8eq sb, pc, r1",1
"ldrbeq r0, [r2], -0x141",1
"uhadd8eq r8, pc, r1",1
"subseq r0, r1, 0x40000010",1
hvc 0x100a,1
"ldcmi p2, c0, [r1], {0x50}",1
bvc 0xff33ae64,1
"ldclpl p0, c0, [ip], {1}",1
blt 0xff92a26c,1
"mrseq r0, spsr",1
"rsbseq r0, sb, r2, asr r2",1
"ldrbeq r0, [r1], -0x141",1
"uhadd8eq r8, pc, r1",1
"subseq r0, r0, 0x40000010",1
"andmi r0, r0, fp, ror r0",1
"andeq r7, r1, r4, ror 21",1
"ldrdeq fp, ip, [r0], -r5",1
"ldrbeq r0, [r1], -0x141",1
"uhadd8eq r8, pc, r1",1
"subseq r0, r0, 0x40000010",1
"andeq r0, r0, fp, ror r0",1
"adcseq r6, r7, r4, asr r6",1
"cmneq r5, r0, lsl 8",1
"andeq lr, fp, r0, lsl 16",1
beq 0x142b2ac,1
"muleq r0, fp, sp",1
"adcseq sb, r7, r5, asr 32",1
"rscseq r4, sp, r0, lsl 18",1
"strlt r4, [r4, r0, lsl 10]",1
"stc2l p0, c0, [fp, -0]!",1
invalid,1
"stchi p0, c0, [r0, -0x2dc]",1
svclo 0xfd,1
"andeq r0, r0, r0, lsl 24",1
"adcseq sb, r7, r6, asr 24",1
"rscseq sl, sp, r0, lsl 22",1
"strlt r4, [r8, r0, lsl 12]!",1
"ldc2l p0, c0, [r8]",1
"strblt r0, [r6], -0",1
invalid,1
invalid,1
"andeq fp, r0, r0, asr 15",1
"andeq pc, r0, r6, lsr lr",1
"adcseq ip, r7, r6, asr 24",1
"rscseq sb, lr, r0, lsl 2",1
invalid,1
bllt 0x1c6a304,1
"stclle p0, c0, [r6, -0]",1
"strge r0, [r0], -0xb7",1
"strdeq r0, r1, [r0], -lr",1
"andeq r3, ip, r2, asr 32",1
"adcseq r8, sp, r0, lsl 2",1
"strblt r4, [fp, r0, lsl 12]!",1
"cdp2 p0, 0xc, c0, c0, c0, 0",1
invalid,1
"vst4.32 {d0, d1, d2, d3}, [r0:0x100], r7",1
invalid,1
"andeq fp, r0, r3, lsl 16",1
"andeq pc, r0, r2, lsl pc",1
"adcseq r0, r8, r6, asr 30",1
"rscseq r2, pc, r0, lsl 10",1
"ldmdalt fp, {sb, sl, lr}",1
invalid,1
"strbhs r0, [r6, -r0]",1
"strge r0, [r0, -0xb8]",1
"andmi r0, r0, 0xff",1
"andeq r0, r0, r8, asr 24",1
"strdeq fp, ip, [r0], -sp",1
"adcseq r4, r8, r6, asr 12",1
"rscseq pc, pc, r0, lsl 6",1
"ldmdalt r2, {sb, sl, lr} ^",1
"andseq r0, ip, r0",1
"cdppl p0, 4, c0, c6, c1, 0",1
"andvs r0, r0, 0xb8",1
"strmi r0, [r0], -0x100",1
"andeq fp, r0, r8, ror r8",1
"andeq r7, r1, ip, lsl 17",1
"strdeq r7, r8, [r1], -ip",1
svcpl 0xb2604,1
"strmi r0, [r0, -0xbc]",1
"andeq fp, r0, r2, lsr 17",1
"andeq r0, r1, r2, lsl 1",1
"adcseq sb, r8, r5, asr 12",1
invalid,1
"stmlt sl, {r8, sl, lr}",1
"adcseq r0, lr, r0",1
"ldchi p0, c0, [sl], -4",1
invalid,1
invalid,1
"andeq fp, r0, lr, lsr 17",1
"ldrdeq r0, r1, [r1], -ip",1
"cmneq r8, sp, lsr ip",1
"cmneq r8, r0, lsl 16",1
"adcseq r4, ip, r0, lsl 18",1
"ldmlt fp!, {sb, sl, lr}",1
"rscseq r0, sl, r0",1
"strbgt r0, [r6, -r1]",1
bne 0x2a6b0,1
"andmi r0, r0, r1, lsl 2",1
"strheq r7, [r1], -r4",1
"andeq lr, r0, r2, ror 25",1
"ldrbeq r0, [r1], -r1, asr 2",1
"uhadd8eq r8, pc, r1",1
"andeq r2, r0, r2, lsr r4",1
"cmneq r8, r0, asr 8",1
"rsceq r0, lr, r0, lsl 8",1
"mrspl r4, apsr",1
"mrseq r4, spsr",1
"eorseq r0, r1, r0, asr r1",1
invalid,1
"andmi r0, r0, r7, ror r1",1
"stmdbvc r0, {r0, r2, r4, r6}",1
"strhmi r0, [r0, -ip]",1
"strvc r5, [r2], -r1, lsl 2",1
"andpl r4, r1, r1, lsl 2",1
"andeq r7, r0, r2, lsl 22",1
"cmneq r8, r3, asr 32",1
"eoreq r8, r8, r0, lsl 28",1
"adcseq sb, ip, r0, lsl 24",1
"movwpl r4, 0x1100",1
"mrseq r3, spsr",1
"addsge r0, r1, r2, asr r4",1
hvc 0x106f,1
"ldcls p4, c0, [r1], {0x50}",1
"movwmi r0, 0x67f",1
"andeq r7, r1, ip, asr 16",1
"andeq lr, r0, r4, lsl 28",1
"andeq fp, r0, pc, lsr 25",1
"cmpeq r0, r1, asr 2",1
"mcrrvc p0, 3, r0, r3, c12",1
svclt 0x178,1
"strle r0, [r0, -pc, lsr 1]",1
"strhmi r0, [r0, -ip]",1
blvc 0xbe464,1
"stcvc p1, c4, [r2, -0]",1
"teqmi sb, r8, lsl 2",1
"andeq r7, r4, 2, 26",1
"subeq r0, r1, 0x75",1
"stmdavc r2, {r0, r2, r3, r4, r5, r6}",1
"subne r0, r0, r0",1
"stmdb r0, {r0, r3, r4, r5, r6, r8}",1
"strhmi r0, [r0, -r5]",1
invalid,1
"swpmi r7, r0, [r6]",1
"strvc r5, [r2], -0x101",1
"andpl r4, r1, r0, lsl 2",1
invalid,1
"andeq r7, r0, 2, 26",1
"andeq r0, r0, sl, ror r0",1
"andeq r6, ip, pc, lsr r8",1
"ldmdalt r8!, {sb, sl, lr}",1
invalid,1
"strble r0, [r3], -1",1
"andhs r0, r0, 0x8000001d",1
"stmdahs r0, {r1, r2, r4, r6}",1
"strhmi r0, [r0, -sp]",1
"strvc r5, [r5], -r1, lsl 2",1
"andhs r7, r0, 0, 18",1
"subseq r0, r0, 0x40000010",1
"movwmi r0, 0x7b",1
"strdeq r7, r8, [r1], -r8",1
"andeq lr, r0, r4, ror pc",1
"andeq fp, r0, r2, asr sp",1
"subseq r0, r2, 0x40000010",1
hvc 0x1006,1
"ldchi p7, c0, [r1], {0x51}",1
"rsbseq r0, sl, pc, ror r6",1
"andpl r4, r1, r2, lsr 2",1
svcvc 0x8c9107,1
"andhs r7, r0, 0x18000",1
"strvc r4, [r0, -r0]!",1
"strblt r0, [sb, 1]!",1
"mrseq r0, spsr",1
"addsls r0, r1, r3, asr r4",1
hvc 0x106f,1
"rsbseq r0, r7, r2, asr r2",1
"subseq r0, r1, 0x40000010",1
hvc 0x1004,1
"rsbseq r0, fp, r0, asr r2",1
"rsbseq r0, sp, r1, asr 4",1
svcvc 0x949104,1
"andeq r0, r0, r6",1
"cmneq r5, r0, asr 24",1
"eoreq r2, sb, r0, lsl 20",1
"mrspl r4, apsr",1
svcvc 0x949104,1
"andpl r4, r1, r6, lsl 2",1
"andeq r7, r0, r2, lsl 22",1
"subhi r0, r0, r0",1
"mcrne p1, 0, r0, c0, c5, 3",1
invalid,1
invalid,1
"swpmi r7, r4, [r6]",1
blvc 0xbe554,1
"andeq r0, r0, r0",1
"eorseq pc, ip, ip, lsr fp",1
"ldmdbeq r4!, {sl}",1
"andseq fp, sl, r1, lsl 20",1
"cmneq fp, r0, lsl 24",1
"cmneq sp, r0, lsl 16",1
invalid,1
svclt 0x400100,1
"ldrvs r0, [r0, -0]!",1
"streq r7, [r0], -0x272",1
"subshs r0, r5, r4, lsr sb",1
"moveq r0, r0",1
"ldc p0, c0, [r4], -4",1
"streq r0, [r0], -0x25",1
"ldrbtlo r0, [r1], 0x934",1
"bicseq r0, r6, r0",1
"ldmdavc r4!, {r0}",1
"streq r0, [r0], -0x3e",1
bne 0xfeeaca70,1
"andeq r0, sl, 0",1
"ldrtvs r0, [fp], -1",1
"streq r6, [r0], -0x166",1
"ldcne p9, c0, [sp, -0xdc]",1
"addseq r0, r6, 0",1
"cdplo p0, 3, c0, c9, c1, 0",1
"streq r0, [r0], -0x35",1
"cmnne pc, 56, 18            ; 0x38",1
"strpl r0, [r1], -r0",1
"cmneq fp, sp, lsr r4",1
"cmneq ip, r0, lsl 24",1
"adcseq r0, pc, r0, lsl 18",1
"teqlo r5, 0, 4",1
"strmi r0, [r4, -0]",1
"andseq fp, sl, sb, lsl 20",1
invalid,1
"ldcllo p2, c3, [fp, 0]!",1
"strmi r0, [r4], -r0",1
"andeq r3, r0, sb, lsl 6",1
invalid,1
"strbtmi r3, [r3], -r0, lsl 18",1
"strmi r0, [r4, -r0]",1
"andseq r6, r4, sb, lsl 30",1
"ldrpl r0, [r1], 0x200",1
"eorseq r4, r8, r2, lsr r0",1
"stmdbeq r7, {sl} ^",1
"andeq r1, r0, fp, asr sl",1
"strdeq r0, r1, [r1], -fp",1
"eorseq fp, r7, r2, lsr r3",1
"stmdbeq r7, {sl} ^",1
"andeq r1, r0, fp, asr sl",1
"andeq r0, r1, r5, lsr 6",1
"cmneq ip, r3, asr 32",1
"subeq r1, r8, r0, lsl 28",1
"adcseq sb, lr, r0, lsl 14",1
"mrspl r4, apsr",1
invalid,1
invalid,1
"strblo r0, [r3], -0x4c",1
"mcrne p1, 0, r0, c0, c12, 3",1
blge 0x2a750,1
"strhmi r0, [r0, -lr]",1
"strvc r5, [r2], -1",1
"mcrrmi p0, 0, r0, r3, c0",1
invalid,1
blgt 0x2a7bc,1
"strhmi r0, [r0, -lr]",1
"strvc r5, [r2, -0x201]",1
"mrspl r4, apsr",1
invalid,1
"stmdavc r2, {r0, ip, lr}",1
"mcrrvs p0, 0, r0, r3, c0",1
"mcrne p1, 0, r0, c0, c12, 3",1
svcle 0x44,1
"strhmi r0, [r0, -lr]",1
"strvc r5, [r2], -1",1
"strbhi r0, [r3], -0",1
invalid,1
invalid,1
"strhmi r0, [r0, -lr]",1
invalid,1
invalid,1
invalid,1
"stmdavc r2, {r0, ip, lr}",1
"mcrrls p0, 0, r0, ip, c0",1
"stmdbhi r0, {r2, r3, r4, r5, r6, r8}",1
"andeq r0, r0, ip, ror 1",1
"cmneq ip, r3, asr 8",1
"subseq sp, ip, r0, lsl 24",1
"adcseq r2, pc, r0, lsl 18",1
"andpl r4, r1, 0, 2",1
invalid,1
"strvc r5, [r2, -r1, lsl 2]",1
"andpl r4, r1, r0, lsl 2",1
"andeq r7, r0, r2, lsl 8",1
"cmneq ip, r0, asr 16",1
"adcseq sp, r8, r0, lsl 10",1
"mrspl r4, apsr",1
invalid,1
"strvc r5, [r2], -1",1
"stchs p0, c0, [r0, -0]",1
"andeq r2, r0, sb, ror r6",1
invalid,1
"adcseq ip, pc, r1, lsl 6",1
"strbtvs r2, [r4], -r0, lsl 12",1
"stmdbne r4, {r0, r5, r6}",1
"andseq r2, sp, r6, lsl 4",1
"stmdblo r6, {r8, sb, sl, sp}",1
invalid,1
"andseq pc, sp, r6, lsl 12",1
"bichs r2, lr, r0, lsl 14",1
bne 0x12a70c,1
"andseq pc, sp, r6, lsl 12",1
"stclne p7, c2, [lr, -0]",1
bne 0x12a718,1
"andseq r7, r3, r6, lsl 30",1
"ldrlo r2, [lr, -0x700]!",1
bne 0x12a724,1
"andseq r7, r3, r6, lsl 30",1
"adchs r2, pc, 0, 14",1
bne 0x12a730,1
"andseq r7, r3, r6, lsl 30",1
svcmi 0x142b00,1
invalid,1
"andeq r5, r0, r6, lsl 20",1
svclt 0xb45b00,1
blpl 0xaea748,1
"streq r0, [r0], -0x35",1
"cmnne pc, 0x1f00000",1
bhs 0x2a754,1
"eorseq r5, r5, fp, lsr 22",1
"strteq r0, [sl], -r0, lsl 8",1
"andeq r1, r0, pc, ror r3",1
"stcne p0, c0, [r8, -0]!",1
"streq r0, [r0], -0x17",1
svcvc 0x10508,1
invalid,1
"ldrdeq ip, sp, [r0], -ip",1
"eoreq lr, r5, r7, lsr 24",1
"streq r0, [r8, -0x400]",1
"andeq r2, r0, fp, asr r0",1
"eorseq sl, pc, r7, lsr 4",1
"streq r0, [r8, -0x400]",1
"andeq r1, r0, pc, ror r3",1
"subeq r3, r1, r7, lsr 14",1
"streq r0, [r8, -0x400]",1
"strdeq r1, r2, [r0], -r6",1
"andseq sl, sb, r7, lsr 24",1
"streq r0, [sb, -0x400]",1
"andeq r1, r0, sb, ror 8",1
"eorseq r0, sl, r7, lsr 6",1
"streq r0, [sb, -0x400]",1
"andeq r1, r0, pc, ror r3",1
"eoreq r8, r7, r7, lsr 30",1
"streq r0, [sb, -0x400]",1
"andeq r1, r0, fp, asr sl",1
"rsbseq r6, r3, r6, lsr 12",1
bpl 0x16cfd4,1
"stmdbhs r0, {r0, r2, r4, r5}",1
"rsbeq r6, r1, r4, ror 12",1
"stcne p12, c0, [r5, -0x10]",1
"stmdbhs r0, {r0, r2, r3, r4}",1
"stceq p0, c0, [r4, -0x1a4]",1
"andseq r7, r3, r5, lsl 30",1
blvs 0x1bf4be0,1
"streq r0, [lr, -0x400]",1
"ldrdeq r2, r3, [r0], -r4",1
"sbceq r8, r0, fp, asr r1",1
"addlo r2, r8, 0, 22",1
invalid,1
"andseq r5, sl, r5, lsl 22",1
invalid,1
"andne r0, r4, 0",1
"andseq r5, sl, r5, lsl 22",1
"vldmiane ip!, {d2}",1
"movwne r0, 0x4000",1
"andseq r7, r3, r5, lsl 30",1
invalid,1
"streq r0, [r0], -0x18",1
"cmnne pc, 0x6c00000",1
"andeq r0, r0, r0",1
svcne 0x5a2b2a,1
"strlo r0, [r4], -r0",1
"andseq r7, r3, r5, lsl 30",1
svcmi 0x142b00,1
"strlo r0, [r4, -r0]",1
"andseq r5, r5, r5",1
"sbcgt r5, ip, r0, lsl 22",1
bmi 0xaea840,1
"streq r0, [r0], -0x49",1
"cmnne pc, 64, 10            ; 0x40",1
"ldcllt p0, c0, [fp, -0]",1
"stmdbhs r0, {r6, r7}",1
"rsbeq r7, r6, r2, ror 10",1
"strlt r4, [r5], -r4, lsl 16",1
"andeq r0, r0, r0",1
"vldmiane ip!, {d2, d3, d4, d5, d6, d7, d8, d9, d10, d11, d12, d13, d14, d15, d16, d17}",1
invalid,1
"andseq r7, r3, r5, lsl 30",1
bhs 0x2a86c,1
"andseq fp, ip, fp, lsr 24",1
"ldrbeq r0, [0x0002a474]     ; [0x2a474:4]=0xe9000179",1
"andeq r1, r0, pc, ror r3",1
invalid,1
"andeq r2, r0, r3, lsr 30",1
invalid,1
"andeq r0, r0, fp, lsr 5",1
"sbceq r5, r1, r1, lsl 24",1
invalid,1
"strbeq r0, [lr, -0x400]!",1
"andeq r3, r0, sl, asr r5",1
"eorseq r7, r8, r7, lsr 30",1
"strbeq r0, [lr, -0x400]!",1
"andeq r1, r0, pc, ror r3",1
"andseq fp, ip, r7, lsr 24",1
"strbeq r0, [lr, -0x400]!",1
"andeq r1, r0, pc, ror r3",1
"eorseq sl, pc, r7, lsr 4",1
"strbeq r0, [0x0002a4b8]!",1
"andeq r1, r0, pc, ror r3",1
"subeq r3, r1, r7, lsr 14",1
"strbeq r0, [0x0002a4c4]!",1
"strdeq r1, r2, [r0], -r6",1
"eoreq r8, r7, r7, lsr 30",1
"strbeq r0, [0x0002a4d0]!",1
"andeq r1, r0, fp, asr sl",1
"rsbsvc r6, r2, 0xa400000",1
"ldrbeq r0, [r1, -0x400]!",1
"andeq r0, r0, fp, lsr 5",1
"ldclvs p14, c6, [r5, -0xa4]!",1
"ldrbeq r0, [r2, -0x400]!",1
"andeq r1, r0, pc, ror r3",1
"ldmibne fp!, {r1, r3, r5, r8, sb, fp, sp}",1
"strvc r0, [r4, -0]",1
"andseq r3, lr, r5, lsl 14",1
invalid,1
"andeq r4, r0, ip, lsr 8",1
"mrseq sb, apsr",1
"andeq r0, r0, fp, lsr 5",1
"andeq r7, r1, r8, lsl sp",1
"strheq r8, [r1], -r4",1
"andeq r0, r1, fp, asr r3",1
"sbceq r5, r8, r1, lsl 30",1
blmi 0x13791c,1
"stcls p0, c0, [r4, -0]",1
"sbceq r5, r8, r5, lsl 30",1
invalid,1
"strbhs r3, [ip, 0x400]!",1
"stcls p0, c0, [r4, -0]",1
"eoreq r5, r0, r5, lsl 22",1
"mrseq sl, apsr",1
"adchs r3, pc, 0, 8",1
"stcls p0, c0, [r4, -0]",1
"andeq sp, r0, r5, lsl 18",1
"mrseq lr, apsr",1
"stmdblo r6, {sl, ip, sp}",1
"cdpls p0, 0, c0, c4, c0, 0",1
"andseq pc, sp, r5, lsl 12",1
invalid,1
"orrhs r3, r1, 0, 6",1
"cdpls p0, 0, c0, c4, c0, 0",1
"eoreq sp, r0, r5, lsl 8",1
"addseq r0, r1, r0, lsl 4",1
invalid,1
"streq r0, [r0, 0x400]!",1
"andeq r1, r0, r2, lsr 26",1
"andeq r0, r1, lr, lsl r4",1
"stmdavc r4!, {r0, r1, r3, r4, r5, r8, fp, sp, lr} ^",1
"streq r0, [r1, 0x400]!",1
"andeq r1, r0, pc, ror r3",1
"andeq r0, r1, r3, ror 8",1
"andseq r4, sp, r2, lsr lr",1
"streq r0, [r1, 0x400]!",1
"andeq r1, r0, pc, ror r3",1
"andeq r0, r1, r3, lsl 9",1
"eoreq r8, r7, sb, lsr pc",1
"streq r0, [r2, 0x400]!",1
"andeq r1, r0, pc, ror 8",1
bllo 0x124edb0,1
"streq r7, [r0], -0x366",1
"ldrblo r0, [sl, -0x5a3]",1
"strbteq r0, [r3], 0",1
"ldrtlt r0, [sb], -1",1
"streq r0, [r0], -0x1d",1
"ldclne p5, c0, [ip, 0x290]!",1
"mrsls r0, apsr",1
"mrcgt p15, 1, r7, c2, c12, 5",1
"streq r0, [r0], -0x21",1
"ldclne p5, c0, [r6, 0x294]!",1
"ldreq r0, [r1, -0]",1
"ldrtgt r0, [r2], -1",1
"streq r0, [r0], -0x3a",1
"sbcshs r0, r4, r6, lsr 11",1
"ldreq r0, [ip, -0]!",1
b 0x112a9ec,1
invalid,1
invalid,1
"streq r0, [r0], -0x17d",1
"rsbsgt r0, r7, 0x2dc00000",1
"movtne r0, 0x5000",1
"stcpl p0, c0, [r0, -0x7c]",1
"strmi r0, [r0, -0x105]",1
"andeq r1, r0, r8, lsl 30",1
"andeq r0, r1, r1, ror r5",1
"andseq pc, lr, r5, asr 26",1
"mrseq r8, apsr",1
svcne 0x440000,1
invalid,1
"stmdaeq r0, {r0, r2, r3, r4, r5, r6, r8}",1
"streq r0, [r0], -0x17e",1
"sbcgt r0, r7, 0x31400000",1
invalid,1
"andmi r0, r0, 0x1f",1
"strmi r0, [r0, -0x106]",1
"andeq r1, r0, sp, lsr pc",1
"andeq r0, r1, r7, asr r6",1
"andseq r3, pc, r5, asr 4",1
invalid,1
"cdpvc p0, 0, c4, c8, c0, 0",1
"ldc p0, c0, [lr], {1}",1
"mrseq r0, spsr",1
"ldrge r0, [r1], 0x452",1
hvc 0x106f,1
"rsbseq r0, r8, r1, asr r2",1
"ldrbeq r0, [r0], -0x141",1
"uhadd8eq sb, pc, r1",1
"submi r0, r4, r0",1
invalid,1
"strle r0, [r0], -0x17e",1
"streq r0, [r0], -0x17e",1
invalid,1
bhi 0x116aa7c,1
svcvc 0xbf,1
"strmi r0, [r0, -0x106]",1
"andeq fp, r0, lr, ror pc",1
"andeq r0, r1, r1, lsr 13",1
"adcseq r7, pc, r5, asr 4",1
invalid,1
svclt 0x664500,1
"ldrbeq r0, [r2], r0",1
bpl 0x116aaa4,1
"vst4.32 {d0, d1, d2, d3}, [r0:0x100]",1
"strmi r0, [r0, -0x106]",1
"andeq fp, r0, lr, asr 30",1
"andeq r0, r1, r2, lsl r7",1
"cmneq lr, sl, lsr ip",1
"cmneq lr, r0, lsl 8",1
svclt 0x964600,1
"ldreq r0, [r4, -r0]!",1
"ldmdalo sp!, {r0}",1
invalid,1
blo 0x2b0c4,1
"strmi r0, [r0], -r3, asr 1",1
"andeq fp, r0, r7, lsr 31",1
"ldrdeq r0, r1, [r1], -r2",1
"vmulvc.f32 s7, s8, s0",1
"cdpvc p0, 0xd, c0, c4, c1, 0",1
"strblt r0, [r6, -1]",1
"stc2 p0, c0, [r0, -0x2fc]",1
"strmi r0, [r0], -0x107",1
"andeq r1, r0, pc, lsl pc",1
"andeq r7, r1, ip, lsl 29",1
"andeq r7, r1, r0, lsr 29",1
invalid,1
"strmi r0, [r0, -0xc3]",1
"andeq r1, r0, r8, asr 30",1
"andeq r0, r1, fp, asr 16",1
"andseq r3, pc, r5, asr 26",1
invalid,1
svcne 0x324500,1
invalid,1
"mcrrls p0, 0, r0, r0, c1",1
"mcrls p1, 0, r0, c0, c14, 3",1
"smlattmi r0, ip, r0, r0",1
invalid,1
"smlatbmi r6, r4, pc, r7",1
"stmdavc r2, {r0, r8, ip, lr}",1
"andpl r4, r1, r0, lsl 2",1
svcvc 0x9c9104,1
"strmi r0, [r0, -r6]",1
"andeq r1, r0, pc, lsl pc",1
"strheq r7, [r1], -ip",1
"ldrdeq r7, r8, [r1], -r0",1
"strmi r3, [r6, -0xe04]",1
"andeq r1, r0, r8, asr 30",1
"andeq r0, r1, r8, lsl 17",1
"andseq r3, pc, r5, asr 26",1
invalid,1
svcne 0x324500,1
invalid,1
"mcrrgt p0, 0, r0, r0, c1",1
"mcrls p1, 0, r0, c0, c14, 3",1
"smlattmi r0, ip, r0, r0",1
invalid,1
"smlatbmi r6, r4, pc, r7",1
invalid,1
"swpmi r7, ip, [r6]",1
"stmdavc r2, {r0, ip, lr}",1
"andeq r0, r0, r0",1
"subhi r0, r2, r0",1
"stmdahi r0, {r2, r3}",1
"andlo r0, r0, 0xc4",1
"muleq r0, pc, r2",1
svcvc 0x5cd04,1
blle 0x2abec,1
invalid,1
"andeq r7, r1, r8, asr pc",1
"andeq lr, r0, sb, lsl 25",1
"cmneq pc, r3, asr 24",1
"rsceq r8, ip, r0, lsl 18",1
"sbceq r2, r4, r0, lsl 6",1
"andpl r4, r1, r0, lsl 2",1
svcvc 0x9c9104,1
"strbvc r0, [r3], -6",1
invalid,1
"stmdblo r0, {r2, r4, r5}",1
"smlabtmi r0, r4, r0, r0",1
invalid,1
"strheq r7, [r6], -r0",1
"cmneq pc, r3, asr 8",1
"eorseq r8, r8, r0",1
"sbceq r6, r4, r0, lsl 24",1
"movwpl r4, 0x1100",1
invalid,1
invalid,1
"smlatbmi r6, r8, pc, r7",1
invalid,1
"smlatbmi r6, r0, pc, r7",1
invalid,1
"strhmi r7, [r6, -r0]",1
"andeq r7, r0, 2, 26",1
invalid,1
"andeq r7, r1, r4, lsr 31",1
"andeq lr, r0, sb, lsl 25",1
"cmneq pc, r0, asr 24",1
"rsceq r8, ip, r0, lsl 18",1
"andpl r4, r1, r0, lsl 2",1
svcvc 0x9c9104,1
"strpl r0, [r0], -6",1
"andeq fp, r0, r3, asr 31",1
"andeq r7, r1, r4, asr 31",1
"muleq r0, r8, ip",1
"strvs lr, [r5], -r4, lsl 14",1
"strmi r0, [r0, -0xc7]",1
"andeq ip, r0, sp, lsl r0",1
"strdeq r0, r1, [r1], -sl",1
"sbceq r1, r0, r5, asr 2",1
"mrseq r1, apsr",1
"andgt r4, r5, r0, lsl 10",1
invalid,1
invalid,1
"strheq r0, [r0, -pc]",1
"strmi r0, [r0, -0x10a]",1
"andeq fp, r0, sp, ror 31",1
"andeq r0, r1, r3, lsr 20",1
"adcseq lr, pc, r5, asr 2",1
invalid,1
svclt 0xd54500,1
beq 0x18eac78,1
"ldmdalt pc!, {r0}",1
"strmi r0, [r0], -ip",1
"andeq ip, r0, r8, lsr 32",1
"andeq r0, r1, r5, lsl 21",1
"sbceq r3, r0, r6, asr 8",1
invalid,1
"eorsgt r4, lr, r0, lsl 12",1
beq 0xffa2ac98,1
"stmdale r2, {r0} ^",1
invalid,1
"strmi r0, [r0], -r6, asr 1",1
"andeq ip, r0, lr, asr 32",1
"andeq r0, r1, r6, lsl 22",1
"sbceq r5, r0, r6, asr 20",1
"mrseq r2, apsr",1
"rsbgt r4, r6, r0, lsl 12",1
bleq 0xdeacbc,1
invalid,1
"strvs r0, [r0, -0xc]",1
"strmi r0, [r0], -r6, asr 1",1
"andeq ip, r0, r3, ror r0",1
"andeq r0, r1, r7, asr fp",1
"sbceq sp, r0, r4, asr 24",1
"orreq r7, r0, r0, lsl 16",1
"orreq r3, r1, r0",1
"streq r0, [sl, -0x400]!",1
"andeq ip, r0, r4, lsr r6",1
"sbceq r2, r1, r5, asr 18",1
"mrseq r8, apsr",1
"tstgt sp, r0, lsl 10",1
bleq 0xfee6acf4,1
"mrsne r0, spsr",1
invalid,1
"strmi r0, [r0, -0x10b]",1
"andeq ip, r0, r5, lsl 2",1
"andeq r0, r1, r1, ror 23",1
"sbceq pc, r0, r5, asr 18",1
invalid,1
"rscgt r4, lr, r0, lsl 10",1
invalid,1
"ldmdavc sl!, {r0}",1
"andlo r0, r0, r0, lsl 3",1
"strmi r0, [r0], -r1, lsl 3",1
"andeq ip, r0, r5, lsr r1",1
"andeq r0, r1, r3, lsr ip",1
"sbceq r4, r1, r6, asr 2",1
invalid,1
"addshi r3, r0, r0, lsl 26",1
"sbchi r0, r0, r1",1
"strbgt r0, [r4, 1]",1
"cdpmi p0, 4, c0, c6, c0, 0",1
"stmdbpl r0, {r0, r6, r7}",1
"andmi r0, r0, ip, lsl 2",1
"andeq r8, r1, r4, lsr 1",1
"andeq lr, r0, r2, ror 25",1
"ldmdbeq r1, {r0, r6, r8} ^",1
"cmneq r4, r4, ror r1",1
"strtlo r2, [r2], -0x431",1
"strmi r0, [r0], -0x24",1
"andeq r1, r0, pc, lsl pc",1
"andeq r8, r1, ip, lsl 2",1
"andeq r8, r1, r8, lsl r1",1
invalid,1
"strmi r0, [r0, -0xc6]",1
"andeq r1, r0, r8, asr 30",1
"andeq r0, r1, ip, ror 24",1
"andseq r3, pc, r5, asr 26",1
invalid,1
svcne 0x324500,1
"ldceq p0, c0, [r4], {0}",1
"stmdane r0, {r0} ^",1
"cdpls p1, 0, c0, c0, c1, 4",1
"smlattmi r0, ip, r0, r0",1
invalid,1
"smlatbmi r6, r4, pc, r7",1
"stmdavc r2, {r0, r8, ip, lr}",1
"movwmi r0, 0",1
"strdeq r8, sb, [r1], -r0",1
"andeq lr, r0, r0, ror ip",1
"andeq ip, r0, r2, lsr 12",1
"ldrbeq r0, [r0], -0x141",1
"uhadd8eq sl, pc, r1",1
"teqhi r0, r0",1
"ldrbmi r0, [r5, -r1]!",1
"mrseq r0, spsr",1
"ldmmi r1, {r0, r4, r6, sb}",1
"movwmi r0, 0",1
"andeq r8, r1, r4, asr 32",1
"andeq r2, r0, r7, lsl 8",1
"andeq ip, r0, lr, asr 12",1
"subseq r0, r1, 0x40000010",1
hvc 0x1005,1
"rsbseq r0, sb, r0, asr r2",1
"rsbhi r4, r0, r0",1
"strhs r0, [r7], -1",1
"mrseq r0, spsr",1
"rsbseq r0, r6, r1, asr r2",1
"subseq r0, r0, 0x40000010",1
"muleq r0, r1, r8",1
"orreq r1, r0, r0, asr 32",1
"eorseq r0, pc, r0, lsl 12",1
"mrspl r4, apsr",1
invalid,1
invalid,1
svclo 0x48,1
"andeq r0, r0, r0, lsl sp",1
"sbceq r8, r0, r6, asr 4",1
invalid,1
"addgt r4, lr, r0, lsl 12",1
"stcleq p0, c0, [r8], 0",1
"sublo r0, r2, r1",1
"streq r0, [r0], -sp",1
"strmi r0, [r0], -r7, asr 1",1
"muleq r0, pc, r0",1
"andeq r0, r1, pc, ror 26",1
"orreq ip, r1, sp, lsr r0",1
"orreq lr, r1, r0, lsl 16",1
"sbceq ip, r6, r0, lsl 24",1
"adcsgt r4, r0, r0, lsl 12",1
"ldceq p0, c0, [r4, 0]!",1
"mcrrle p0, 0, r0, r0, c1",1
"strvc r0, [r0], -0x181",1
"smlattmi r0, pc, r0, r0",1
"strvc r5, [r2, -r1, lsl 4]",1
svclo 0,1
"andeq r0, r0, r8, asr 26",1
"sbceq fp, r0, r6, asr 28",1
invalid,1
invalid,1
svclo 0x60001,1
"ldrbtgt r0, [r4], r0",1
"mrseq r0, spsr",1
"rsbseq r0, r6, r1, asr r2",1
"subseq r0, r0, 0x40000010",1
"mulmi r0, r1, r8",1
"andeq r8, r1, r4, lsr r2",1
"andeq r2, r0, r7, lsl 8",1
"subseq r0, r1, 0x40000010",1
"andeq r0, r0, r7, ror r0",1
"stcleq p2, c4, [r0, -0]!",1
"strgt r0, [sb, -r0]!",1
"stclgt p0, c0, [r6, -0]",1
"str r0, [r0, -0xc0]",1
"andmi r0, r0, sp, lsl 2",1
"muleq r1, ip, r2",1
"andeq r2, r0, r7, lsl 8",1
"subseq r0, r1, 0x40000010",1
"andeq r0, r0, r6, ror r0",1
"orreq r7, r1, r3, asr 32",1
"rsbeq fp, r3, r0",1
"sbceq r4, r7, r0, lsl 22",1
"andpl r4, r1, 0, 2",1
svcvc 0xb49104,1
"mrspl r4, apsr",1
invalid,1
"strvc r5, [r2], -1",1
"strbpl r0, [r0], -0",1
"strgt r0, [r0], -0x182",1
invalid,1
"strvc r5, [r2, -r1, lsl 4]",1
"andpl r4, r1, r0, lsl 2",1
svcvc 0xb49104,1
"andeq r0, r0, r6",1
"stclvc p3, c4, [r0, -0]!",1
"ldcl p0, c0, [r0], -4",1
"ldrbgt r0, [sl, -r0]!",1
"mrseq r0, spsr",1
"andlo r0, r8, r0, asr r2",1
"ldclvc p3, c4, [r4]",1
"ldcl p0, c0, [r0], -4",1
"ldrgt r0, [r0, r0]",1
"mrseq r0, spsr",1
"ldrge r0, [r1], 0x450",1
"movwmi r0, 0x67f",1
"strdeq r7, r8, [r1], -r0",1
"strdeq r3, r4, [r0], -r7",1
"andeq ip, r0, r6, lsr 15",1
"ldrbeq r0, [r0], -0x141",1
"uhadd8eq fp, pc, r1",1
"sbcshi r4, r4, 0, 24",1
"stc p0, c0, [sb], {1}",1
invalid,1
"stmdbhi r0, {r1, r7, r8}",1
"strgt r0, [r0, -0xec]",1
"smlabtmi r0, r7, r0, r0",1
invalid,1
"muleq r6, ip, pc",1
"orreq pc, r2, r3, asr 32",1
"eorseq pc, r4, r0, lsl 14",1
"sbceq sp, r7, r0, lsl 22",1
"andpl r4, r1, r0, lsl 2",1
svcvc 0xb09104,1
"subhs r0, r3, r6",1
"andhi r0, r0, r3, lsl 3",1
"mcreq p0, 0, r0, c0, c8, 1",1
"smlabtmi r0, r8, r0, r0",1
"stmdavc r2, {r0, r8, sb, ip, lr}",1
"andpl r4, r1, 0, 2",1
svcvc 0xa89104,1
"mrspl r4, apsr",1
svcvc 0xa09104,1
"andpl r4, r1, r6, lsl 2",1
svcvc 0xb09104,1
"stcvc p1, c4, [r2, -0x18]",1
"ldmmi r1, {sb}",1
"teqhi r0, 0, 24",1
"stc p0, c0, [sb], {1}",1
invalid,1
"stmdbhi r0, {r0, r1, r7, r8}",1
"stchs p0, c0, [r0, -0x3b0]",1
"smlabtmi r0, r8, r0, r0",1
invalid,1
"muleq r6, ip, pc",1
"orreq r6, r3, ip, asr 16",1
"rsceq r8, ip, r0, lsl 18",1
"cmnhi ip, 0, 6",1
"stc p0, c0, [sb], {1}",1
invalid,1
"mrseq r0, spsr",1
"ldcls p4, c0, [r1], {0x50}",1
"andmi r0, r0, pc, ror r6",1
"andeq r8, r1, r4, lsl 7",1
"strdeq r3, r4, [r0], -r7",1
"ldrbeq r0, [r0], -0x141",1
"uhadd8eq fp, pc, r1",1
"streq r0, [r6], -0",1
"andeq ip, r0, r5, ror 16",1
"andeq fp, r5, r7, lsl r8",1
"stmne r5!, {r8, sb, sl, fp, ip, lr}",1
invalid,1
"andeq sl, r2, r1, lsl 22",1
"ldmgt pc, {r8} ^",1
svcls 0x220000,1
"andeq r0, r0, 0x25",1
"eoreq r4, r3, sb, lsr 20",1
"ldrbtvc r2, [r3], -0x400",1
"stmdbhs r2, {r1, r4, r5, r6}",1
"andeq r0, r0, ip, lsr 13",1
"cdpvs p12, 6, c6, c5, c4, 1",1
svcvc 0x290200,1
"andhs r0, r0, 0x13",1
"andeq r1, r0, r5, asr 26",1
"cmnne pc, 0x8000",1
invalid,1
"andeq r0, r0, 0x42",1
"andeq fp, r5, sl, lsr 4",1
svclo 0xbf2200,1
bhs 0xab058,1
"ldrdeq r2, r3, [r0], -r4",1
invalid,1
"eorhs r0, sl, 0, 4",1
"andvs r0, r0, sp, lsl r0",1
"rsbseq r6, r4, r2, ror r5",1
"adceq r2, fp, 0x200",1
bmi 0x18eb074,1
"andeq r0, r0, 0x1c",1
"andseq r7, r3, sp, lsr 30",1
svchs 0x280000,1
"streq r0, [r0], -0x17",1
blge 0x6f22c,1
invalid,1
"andeq ip, r0, r2, lsr 18",1
"eoreq lr, r5, r7, lsr 24",1
"rsbne r0, sb, r0, lsl 8",1
"strdeq r3, r4, [r0], -r1",1
"subeq fp, r3, r7, lsr 8",1
"rsbne r0, sb, r0, lsl 8",1
"andeq r0, r0, sl, asr r0",1
"streq r6, [r0], -0xe26",1
"cmnne pc, 0x69",1
blhs 0xaab0b4,1
"andeq r4, r0, sp, ror 10",1
"ldmdble r0, {r2, ip, sp, lr}",1
"andeq r0, r0, r0",1
"ldclo p8, c2, [pc], {0}",1
bpl 0x12b0c8,1
"cmnne pc, 4, 2",1
"mrs r0, apsr",1
"strhs r0, [r0, -sb, asr 1]",1
"andeq r2, r0, ip, ror 11",1
invalid,1
"smladxhs r0, r4, r0, r0",1
"andeq r3, r0, ip, lsr 29",1
"strle r5, [r4], -0xa04",1
"strhs r0, [r0, -r0, lsr 32]",1
"andeq r2, r0, r0, asr 7",1
"stmdbvs r4, {r2, r8, sb, fp, ip, lr}",1
"stmdbhs r0, {r2, r4}",1
"rsbeq r6, r1, r4, ror 12",1
"stcne p13, c5, [r4, -0x10]",1
"stmdbhs r0, {r0, r2, r3, r4}",1
"rsbseq r7, r2, r5, ror 4",1
blge 0x14291c,1
blhs 0x2b118,1
"strheq r4, [r0], -sb",1
svcvc 0x45f04,1
blhs 0x2b168,1
"ldrdeq r2, r3, [r0], -r1",1
svcvc 0x46004,1
blhs 0x2b174,1
"andeq r3, r0, ip, ror r2",1
svcvc 0x46104,1
blhs 0x2b180,1
"andeq r2, r0, r6, ror 28",1
blt 0x14394c,1
blhs 0x2b1a8,1
"andeq r3, r0, sp, asr 26",1
"strle r6, [r4], -0x304",1
blhs 0x2b1cc,1
"muleq r0, sp, lr",1
svcvc 0x46404,1
bpl 0x2b1a4,1
"andeq r1, r0, r2, lsr 6",1
"andeq ip, r0, r1, ror 19",1
"eorseq sb, ip, r1, lsl 30",1
"vstmdb fp!, {s4}",1
"streq r0, [r0], -0x31",1
bne 0xfeeac3cc,1
"eorne r0, fp, 0",1
"streq r0, [r0], -0x2c",1
"cmnne pc, 152, 8            ; 0x98",1
"andeq r0, r0, r0",1
"eorseq sb, sb, r7, lsl sb",1
"strne r2, [r0, 0x800]!",1
blx 0x12b18c,1
bne 0xfeeab5b0,1
"andmi r0, r1, 0",1
"strhs r0, [r0], -sl, asr 1",1
"rsbseq r7, r2, r5, ror 4",1
"strpl pc, [r8, -0xa04]",1
"strhs r0, [r0, -r0, lsr 32]",1
"andeq r2, r0, ip, ror 11",1
invalid,1
"smladxhs r0, r4, r0, r0",1
"andeq r3, r0, r8, lsl 21",1
blt 0x269dc8,1
blhs 0x2b224,1
"andeq r2, r0, sb, lsr 13",1
"strlt pc, [r8], -0xd04",1
"stmdbhs r0, {r1, r3, r4}",1
"streq r6, [r0], -0x863",1
invalid,1
blhs 0xaab1d4,1
"strdeq r3, r4, [r0], -fp",1
"movwlo r1, 0x9c04",1
"andeq r0, r0, r0",1
bmi 0xff6f51e4,1
bl 0x12b1e8,1
"adceq r0, fp, 0x40000002",1
"str r0, [r1, -0]",1
"strhs r0, [r0, -sl, asr 1]",1
"andeq r2, r0, ip, ror 11",1
invalid,1
"smladxhs r0, r4, r0, r0",1
"andeq r3, r0, r5, lsr r3",1
blt 0x2a5e18,1
"stmdbhs r0, {r1, r3, r4}",1
"rsbeq r6, r1, r4, ror 12",1
"stcne p13, c14, [sb, -0x10]",1
"stmdbhs r0, {r0, r2, r3, r4}",1
"rsbseq r7, r2, r5, ror 4",1
blge 0x2a6a30,1
"stmdbhs r0, {r1}",1
svc 0x40069,1
"andseq r7, r3, sb, lsl 30",1
"vstmdbhi fp!, {s4}",1
"streq r0, [r0], -0x14",1
"strbtne r0, [pc], -0x9f3",1
invalid,1
"streq r0, [r0], -0x42",1
bne 0x16eda10,1
blo 0xaeb248,1
"streq r0, [r0], -0x45",1
"cmnne pc, 244, 18           ; 0xf4",1
bpl 0xaeb254,1
"streq r0, [r0], -0x1f",1
"ldrsheq r0, [sl], -0x95",1
"stcpl p0, c0, [fp, -0]!",1
"streq r0, [r0], -0x2e",1
"cmnne pc, 0x3d8000",1
blx 0xaeb26e,1
"streq r0, [r0], -0x3d",1
"ldrshteq r0, [r3], -r7",1
invalid,1
"streq r0, [r0], -0x48",1
bne 0xfeeada60,1
"andeq r0, r0, r0",1
"eoreq fp, r4, r8, lsr 6",1
"stmibeq r3, {sl}",1
"andseq fp, sl, r1, lsl 20",1
blgt 0xdab694,1
"strvs r0, [r6, -0]!",1
"streq r7, [r0], -0x272",1
"subshs r0, r5, r3, lsl 19",1
"stc p0, c0, [r7], -0",1
"streq r0, [r0], -0x25",1
"ldrbtlo r0, [r1], 0x983",1
"strtvs r0, [fp], -r0",1
"streq r0, [r0], -0x2e",1
bne 0xfeead8cc,1
invalid,1
"rsbseq r6, r8, sp, ror 2",1
svcvc 0x98804,1
blhs 0x2b314,1
"andeq r3, r0, ip, ror r2",1
svcvc 0x98904,1
"andeq r0, r0, r3, lsl r0",1
svchs 0x332800,1
"andle r0, r4, r0",1
"adceq r0, fp, 0xc0000000",1
"mrslt r0, apsr",1
"strhs r0, [r0, -fp, asr 1]",1
"andeq r2, r0, ip, ror 11",1
invalid,1
"stmdbhs r0, {r2, r4, r5}",1
"rsbeq r6, r1, r4, ror 12",1
"stcne p2, c13, [r3, -0x10]",1
blhs 0x2b374,1
"strdeq r1, r2, [r0], -r8",1
svcvc 0x3d304,1
blhs 0x2b358,1
"ldrdeq r2, r3, [r0], -r1",1
svcvc 0x3d304,1
"stmdbhs r0, {r0, r1, r4}",1
"rsbseq r6, r4, r2, ror r5",1
blge 0x120330,1
blhs 0x2b32c,1
"andeq r1, r0, sb, lsr 13",1
"strlt sp, [r3], -0x504",1
blhs 0x2b398,1
"strheq r1, [r0], -ip",1
"strlt sp, [r3], -0x604",1
blhs 0x2b3a4,1
"andeq r1, r0, sp, lsl 21",1
"andge sp, r3, r4, lsl 14",1
"stmdbpl r0, {r0, r2, r3, r4}",1
"andeq r3, r0, pc, ror fp",1
"andeq r2, r4, r4, lsl 8",1
"subeq sb, r6, sp, lsr 18",1
"adcne r0, sl, r0, lsl 8",1
blgt 0xff32b760,1
"stc p0, c0, [r7], -0",1
"streq r0, [r0], -0x25",1
"ldrbtlo r1, [r1], 0xaa",1
invalid,1
"andeq r2, r0, sb, lsr 10",1
invalid,1
"andeq r0, r0, fp, lsr 5",1
"strheq r8, [r1], -r4",1
"andeq sb, r1, ip, ror r6",1
"andeq r0, r1, lr, lsl 28",1
"sbcseq r0, r7, r1, lsl 16",1
blmi 0x13838c,1
"andhi r0, r4, r0",1
"sbceq r5, r8, r2, lsl 30",1
invalid,1
svceq 0xca3400,1
invalid,1
"andeq sl, r6, r2, lsl 24",1
invalid,1
"strbeq r3, [r1], r0, lsl 8",1
invalid,1
"andseq r7, r3, r2, lsl 30",1
invalid,1
"strbhs r3, [r0, -r0, lsl 8]!",1
"andhi r0, r4, 0",1
"andseq r7, r3, r2, lsl 30",1
invalid,1
"ldrbhs r3, [fp, -r0, lsl 8]",1
"andhi r0, r4, 0",1
"andseq r7, r3, r2, lsl 30",1
invalid,1
bne 0xfe5b7fdc,1
"andhi r0, r4, 0",1
"andseq r7, r3, r2, lsl 30",1
"ldreq r0, [r1], 0x200",1
"eoreq sl, r2, r4, lsr pc",1
"addeq r0, r3, 0, 8",1
"ldrdeq r0, r1, [r0], -sb",1
"andeq r0, r1, r0, lsl pc",1
"eorseq r0, sb, r3, lsr r6",1
"addeq r0, r3, 0, 8",1
"strdeq r1, r2, [r0], -r6",1
"movwlo sb, 0xc102",1
"strheq r4, [r0], -r4",1
bpl 0xcc420,1
"andeq r0, r0, 0",1
"ldrvs r1, [fp, -0x91]!",1
"streq r7, [r0], -0x272",1
"adceq r0, fp, 0x60000008",1
svceq 0x6e0000,1
"ldrtvs r0, [fp], -1",1
"streq r6, [r0], -0x166",1
"stcne p2, c0, [r2, -0x21c]!",1
"subne r0, r6, r0",1
"ldmdavc r2!, {r0}",1
"streq r0, [r0], -0x40",1
"cmnne pc, 136, 4            ; 0x88",1
"rsbsne r0, r4, r0",1
invalid,1
"streq r0, [r0], -0x22",1
"cmnne pc, 136, 4            ; 0x88",1
"adcne r0, lr, r0",1
"ldrge r0, [r2, -1]!",1
"streq r0, [r0], -2",1
"subseq r0, sl, sb, lsl 5",1
"rscne r0, r8, r0",1
"ldcge p0, c0, [r2], -4",1
"streq r0, [r0], -0x3e",1
"sbcshs r0, r4, sl, lsl 5",1
invalid,1
"teqle r2, 1",1
"streq r0, [r0], -0x26",1
"subseq r0, sl, fp, lsl 5",1
"mrsne r0, spsr",1
"eorsgt r0, r2, 1",1
"streq r0, [r0], -0x23",1
"cmnne pc, 140, 4            ; 0x8c",1
"movne r0, r0",1
"teqle r2, r1",1
"streq r0, [r0], -0x20",1
"cmnne pc, 0xd0000008",1
"bicne r0, lr, r0",1
"ldmdbge sb!, {r0}",1
"streq r0, [r0], -0x22",1
"cmnne pc, 0xe0000008",1
"mrsls r0, apsr",1
"teqvc fp, 140, 28",1
svchi 0x40062,1
"eoreq sp, r0, r2, lsl 8",1
"tsteq r1, r0, lsl 26",1
"stmdavs r3!, {r8, sb, fp, ip, sp} ^",1
"addseq r0, r0, 0, 8",1
"andeq r0, r0, sl, asr r0",1
"andeq r1, r1, ip, lsr 4",1
"eoreq lr, r5, sb, lsr ip",1
"addseq r0, r2, 0, 8",1
"andeq r1, r0, pc, lsr sp",1
"cdpvc p1, 0xc, c9, c12, c3, 0",1
"andseq r4, sb, sb, lsr r8",1
"addseq r0, r6, 0, 8",1
"strheq r0, [r0], -r6",1
"ldclvc p1, c9, [r4, 0xc]",1
"streq r7, [r0], -0x43b",1
"ldreq r0, [r2, 0x299]!",1
"sbcsne r0, fp, 0",1
svcvc 0x570001,1
"streq r0, [r0], -0x3b",1
"strbtls r0, [ip], -0x3c6",1
"cmphs r7, r1",1
"streq r0, [r0], -0x3a",1
"ldmhi r8, {r0, r4, r8, sb} ^",1
bvs 0x152b520,1
"andmi r0, r0, r8, asr 1",1
"stmdavc r0, {r0, r2, r7, r8}",1
"streq r0, [r0], -0xd",1
"mrcgt p2, 1, r0, c4, c14, 5",1
"stcllt p0, c0, [r5, -0]",1
blmi 0x2b854,1
"strmi r0, [r0, -0x113]",1
"strheq ip, [r0], -r2",1
"andeq r1, r1, r8, ror r3",1
"sbceq sl, r8, r5, asr 14",1
"tsteq r3, r0, lsl 16",1
"ldmgt ip, {r8, sl, lr}",1
invalid,1
"mrsls r0, spsr",1
"andmi r0, r0, r8, asr 1",1
"strmi r0, [r0, -0x114]",1
"andeq ip, r0, r6, lsl 17",1
"andeq r1, r1, r2, ror 8",1
"sbceq r7, r8, r5, asr 22",1
"tsteq r4, r0, lsl 8",1
"ldceq p15, c3, [r8]",1
invalid,1
"andlo r0, r0, 0xc8",1
invalid,1
"ldrdeq ip, sp, [r0], -r3",1
"andeq r1, r1, sl, ror 14",1
"orreq r8, r5, r3, asr 16",1
"eoreq sp, r2, r0, lsl 28",1
"sbceq r1, lr, r0, lsl 22",1
"movwpl r4, 0x1100",1
"stclvc p1, c9, [ip, 0x10]!",1
"andpl r4, r1, 0x80000001",1
"cdpvc p1, 0xc, c9, c4, c3, 0",1
"ldrbeq r0, [r1], -0x141",1
"uhadd8eq pc, sp, r1",1
"ldrbeq r0, [r0], -0x141",1
"uhadd8eq lr, sp, r1",1
"ldrbteq r0, [sp], -0x241",1
"stclvc p1, c9, [r8, 0x10]",1
"strbls r0, [r0], -6",1
"andge r0, r0, r5, lsl 3",1
invalid,1
"strvc r5, [r2, -0x101]",1
"andpl r4, r1, r0, lsl 2",1
"cdpvc p1, 0xc, c9, c4, c3, 0",1
"strmi r0, [r0], -0",1
"ldrdeq ip, sp, [r0], -pc",1
"strdeq r8, sb, [r1], -r4",1
"andeq r8, r1, ip, asr r6",1
"andge ip, r2, r4, lsl 14",1
"strmi r0, [r0, -0xce]",1
"andeq ip, r0, sb, lsl 18",1
"andeq r1, r1, r8, lsl 15",1
"sbceq pc, r8, r5, asr 26",1
"tsteq r7, r0",1
"ldmgt r1!, {r8, sl, lr} ^",1
"strbne r0, [r0, r0]!",1
"ldceq p0, c0, [sl], -4",1
invalid,1
"strmi r0, [r0], -r6, lsl 3",1
"andeq ip, r0, r4, lsl sb",1
"andeq r1, r1, sl, lsr 20",1
"orreq r2, r6, r3, asr 16",1
"rsceq r7, ip, r0",1
"sbceq r8, lr, r0, lsl 28",1
"andpl r4, r1, r0, lsl 2",1
"strvc r7, [r0, -0x707]",1
"ldrths r2, [r2], -0x200",1
"ldrthi r4, [r8], -r0",1
"ldcl p0, c0, [r0], -4",1
"mrseq r0, spsr",1
"rsbseq r0, r7, r0, asr r2",1
"strpl r0, [r0], -0",1
"andeq ip, r0, r2, lsr 18",1
"muleq r1, r8, r7",1
"strheq r0, [r0], -r8",1
"strmi r5, [r3, -0xc04]",1
"strmi r0, [r0, -0xd3]",1
"andeq ip, r0, ip, asr 18",1
"andeq r1, r1, sl, asr 20",1
"sbceq r4, sb, r5, asr 32",1
"tsteq sl, r0, lsl 16",1
"ldmdbgt r4!, {r8, sl, lr}",1
bne 0xfed2b66c,1
"eors r0, pc, r1",1
"strmi r0, [r0], -sp",1
"andeq ip, r0, r8, asr sb",1
"andeq r1, r1, r8, ror 25",1
"sbceq r6, sb, r6, asr 8",1
"tsteq sp, r0, lsl 12",1
"ldmdbgt r0!, {sb, sl, lr} ^",1
"stclne p0, c0, [r5]",1
"mcrrvc p0, 0, r0, r6, c1",1
"andhs r0, r0, 0xc9",1
invalid,1
"andeq ip, r0, r8, lsl 19",1
"andeq r1, r1, r2, asr 28",1
"sbceq sb, sb, r6, asr 8",1
"tsteq lr, r0, lsl 12",1
"stmibgt r0!, {sb, sl, lr}",1
"cdpne p0, 0xe, c0, c11, c0, 0",1
"mcrrge p0, 0, r0, r6, c1",1
"andmi r0, r0, 0xc9",1
invalid,1
"strheq ip, [r0], -r8",1
"strtgt r0, [r8], 0x305",1
"strbeq r0, [r4], -1",1
"stmdavc r0, {r5}",1
"stmda r0, {r1, r3, r7, r8}",1
"streq r0, [r0], -0x18a",1
svcgt 0xb30467,1
"subhs r0, r5, 0",1
"stmdbpl r0, {r5}",1
"strmi r0, [r0, -0x11f]",1
"andeq r2, r0, r6, lsl r0",1
"andeq r2, r1, sp, lsl 3",1
"eoreq r2, r0, r5, asr 28",1
invalid,1
bhi 0x1e39ef8,1
bhi 0xffa2b700,1
blo 0x11ab704,1
invalid,1
blo 0x2bb90,1
"andeq r8, r1, r8, lsl 21",1
"andeq r8, r1, r8, ror 21",1
"eoreq r4, r0, r6, asr 14",1
invalid,1
bhi 0xfe63c31c,1
"ldrmi r0, [lr], -1",1
svcgt 0x990000,1
"mrseq r0, spsr",1
"ldmle r1, {r0, r4, r6, sb, sl}",1
"ldcne p6, c0, [r1], -0x1f4",1
"cmpeq r0, 0x40000010",1
invalid,1
"orreq lr, sl, r0, asr 8",1
"subseq r5, sl, r0, lsl 2",1
"mrspl r4, apsr",1
invalid,1
"mrsls r5, apsr",1
"andeq r7, r0, r0, lsr 29",1
invalid,1
"stmdalt r0, {r1, r2, r3}",1
invalid,1
"ldrdeq ip, sp, [r0], -r3",1
"andeq r2, r1, r8, lsr 5",1
"sbceq ip, sb, r6, asr 14",1
invalid,1
"stmibgt r6!, {sl, ip, lr} ^",1
"ldclhi p0, c0, [r0], -0",1
"cdpeq p0, 3, c0, c0, c1, 0",1
"strge r0, [r4, -r0]",1
"sbcseq ip, r1, r4, lsl 14",1
bgt 0x43cb84,1
"rscshs r0, sl, 0",1
"strbeq r0, [r5], -1",1
"movwhs r0, 0xca",1
"strmi r0, [r0, -0x123]",1
"strdeq ip, sp, [r0], -r8",1
"andeq r2, r1, r6, lsr r4",1
"andeq r5, lr, pc, lsr r0",1
bgt 0x73cfa4,1
"ldrhs r0, [sl], 0",1
"stmdahs r6, {r0} ^",1
"strgt r0, [r0, -0xca]",1
"strpl r0, [r0], -0x124",1
"andeq ip, r0, r2, asr 20",1
"andeq r8, r1, ip, ror ip",1
"andeq r0, r0, r0, ror lr",1
"stchi p4, c0, [sb, -0x10]",1
"strmi r0, [r0, -0xd1]",1
"andeq ip, r0, r0, ror 20",1
"andeq r2, r1, lr, lsl 10",1
"sbceq r5, sl, r5, asr 8",1
invalid,1
"cdpeq p15, 9, c3, c0, c0, 0",1
"mcrrvs p0, 0, r0, r6, c0",1
"str r0, [r0], -sl, asr 1",1
"strmi r0, [r0], -r5, lsr 2",1
"andeq ip, r0, r8, ror sl",1
"andeq r2, r1, r1, ror r6",1
"sbceq r8, sl, r6, asr 8",1
invalid,1
"cdpeq p15, 0xb, c3, c0, c0, 0",1
svchi 0x5c0000,1
"movweq r0, 0xca",1
"uhadd8mi fp, lr, r1",1
"muleq r0, fp, sl",1
"andeq r2, r1, pc, lsl r7",1
"sbceq sl, sl, r6, asr 14",1
invalid,1
bgt 0xfecfd01c,1
"ldrhs r0, [r7, r0]",1
svclt 0x460001,1
bge 0x2bb50,1
"strmi r0, [r0], -r7, lsr 2",1
"andeq ip, r0, fp, asr 21",1
"andeq r2, r1, sb, ror 15",1
"sbceq sp, sl, r6, asr 14",1
invalid,1
"stclhi p3, c4, [r0], 0",1
"ldrmi r0, [lr], -1",1
"adcsle r0, r3, r0",1
"mrseq r0, spsr",1
"ldrgt r0, [r1], 0x350",1
"submi r0, r3, lr, ror r0",1
"andlt r0, r0, sp, lsl 3",1
"strle r0, [r0], -0x63",1
"ldrdmi r0, r1, [r0, -r0]",1
invalid,1
"smlalbteq r7, r1, r4, lr",1
"rsbseq r0, sb, r1, asr r2",1
"subseq r0, r0, 0x40000010",1
"movwmi r0, 0x7b",1
"andeq r8, r1, ip, ror 26",1
"andeq r5, r0, r2, lsr 12",1
"andeq sp, r0, pc, ror 1",1
"subseq r0, r1, 0x40000010",1
hvc 0x1008,1
"ldrgt r0, [r1], 0x350",1
"stmdalt r3, {r1, r2, r3, r4, r5, r6} ^",1
"cdpne p1, 0, c0, c0, c13, 4",1
beq 0x2b9a8,1
"ldrdmi r0, r1, [r0, -r1]",1
"stmdavc r2, {r0, r8, ip, lr}",1
"andpl r4, r1, pc, ror r1",1
"cdpvc p1, 0xc, c9, c4, c3, 0",1
"ldclhi p3, c4, [r0]",1
bpl 0x146b8b4,1
invalid,1
"mrseq r0, spsr",1
"addsgt r0, r1, r2, asr r4",1
hvc 0x106d,1
"rsbseq r0, fp, r1, asr r2",1
"cmpeq r0, 0x40000010",1
invalid,1
"orreq lr, sp, r3, asr 8",1
"subeq r1, r8, r0, lsl 28",1
"sbcseq r4, r1, r0, lsl 6",1
"andpl r4, r1, r0, lsl 2",1
"stclvc p1, c9, [r0, 0x10]",1
"mcrrlo p0, 0, r0, r3, c6",1
"mcrne p1, 0, r0, c0, c5, 4",1
"cdppl p0, 0, c0, c0, c4, 2",1
"ldrdmi r0, r1, [r0, -r1]",1
"stmdavc r2, {r0, r8, ip, lr}",1
"andpl r4, r1, pc, ror r1",1
"cdpvc p1, 0xc, c9, c4, c3, 0",1
"ldrbls r4, [r4, -0x300]",1
bpl 0x146b908,1
"orrle r0, r1, r0",1
"mrseq r0, spsr",1
"addsgt r0, r1, r2, asr r4",1
hvc 0x106d,1
"rsbseq r0, fp, r1, asr r2",1
"cmpeq r0, 0x40000010",1
invalid,1
"orrseq r6, r5, ip, asr 32",1
"rsceq r8, ip, r0, lsl 18",1
"andeq r0, r0, r0",1
"orreq r7, lr, sp, lsr r4",1
"orreq sl, lr, r0, lsl 8",1
"sbcseq fp, r1, r0, lsl 10",1
bgt 0xd3d13c,1
invalid,1
"stmdahi r0, {r0} ^",1
"cdpne p1, 0, c0, c0, c14, 4",1
invalid,1
"mrsls r5, apsr",1
"andeq r7, r0, r4, asr 29",1
"orreq fp, lr, r0, asr 32",1
"addseq r5, r4, r0, lsl 18",1
"mrspl r4, apsr",1
"andeq r7, r0, r2, lsl 8",1
"strb r0, [r4, -0]",1
"andne r0, r0, sl, asr 1",1
"strvc r0, [r0], -0x18f",1
"streq r0, [r0], -0x18f",1
"eorsle r0, r3, 0xb5000000",1
"cmpeq r5, 0",1
"strpl r0, [r0, -0xcb]",1
"strdeq ip, sp, [r0], -r7",1
"orreq r1, pc, sl, lsr r0",1
"orreq r7, pc, r0, lsl 8",1
blgt 0x3fd190,1
invalid,1
"eorsne r0, sl, r1",1
"strpl r0, [r0], -0x18f",1
"strmi r0, [r0], -pc, lsl 3",1
"andeq ip, r0, ip, lsl fp",1
"andeq r2, r1, pc, ror r8",1
"sbceq r2, fp, r6, asr 16",1
invalid,1
svchi 0x544000,1
"ldclt p0, c0, [r5, 4]!",1
"mrseq r0, spsr",1
"rsbseq r0, sl, r2, asr r2",1
"cmpeq r1, 0x40000010",1
invalid,1
"mrsls r5, apsr",1
"andeq r7, r0, r0, lsr 29",1
invalid,1
"andmi r0, r0, ip, lsl 3",1
"mcrmi p0, 0, r0, c0, c5, 2",1
"ldrdmi r0, r1, [r0, -r2]",1
"strvc r5, [r2, -0x101]",1
"andpl r4, r1, r1, lsl 2",1
"cdpvc p1, 0xc, c9, c4, c3, 0",1
"ldclhi p3, c4, [r0], -0",1
"ldc p0, c0, [pc], 4",1
"rsbsle r0, lr, 0",1
"mrseq r0, spsr",1
"stmdage r3, {r0, r1, r4, r6, r8, sl}",1
"smlabtmi r0, r4, r1, r0",1
beq 0x10020c,1
"smlaltbeq r0, r1, r2, r4",1
invalid,1
"smlabtmi r0, r6, r1, r0",1
"movweq r5, 0x5001",1
"andeq ip, r1, r8, lsr 15",1
"cdphi p3, 0xe, c4, c0, c0, 0",1
"ldclt p0, c0, [r5, 4]!",1
"adcle r0, r0, 0",1
"mrseq r0, spsr",1
"rsbseq r0, r6, r2, asr r2",1
"cmpeq r1, 0x40000010",1
invalid,1
"mrsls r5, apsr",1
"andmi r7, r0, r0, lsr 29",1
"andeq r8, r1, r0, asr 31",1
"andeq r4, r0, sl, lsr 11",1
"subseq r0, r1, 0x40000010",1
hvc 0x1006,1
"ldrgt r0, [r1], 0x350",1
"movwmi r0, 0x7e",1
"andeq r8, r1, r0, lsl fp",1
"strheq lr, [r0], -pc",1
"andeq sp, r0, r8, ror 5",1
"ldrbeq r0, [r3, -0x141]",1
"biceq sl, r4, r3, lsl 16",1
"andpl r4, r1, 0, 2",1
"strbteq r0, [fp], -0xa03",1
"ldrbeq r0, [r1, -0x141]",1
"biceq sl, r6, r3, lsl 24",1
"andpl r4, r1, r0, lsl 2",1
"strgt r0, [r8, r5, lsl 6]!",1
"movwmi r0, 1",1
"andeq r8, r1, r8, asr 22",1
"ldrdeq r5, r6, [r0], -ip",1
"andeq sp, r0, sb, lsl 6",1
"subseq r0, r2, 0x40000010",1
hvc 0x100a,1
"rsbseq r0, r5, r1, asr r2",1
"cmpeq r0, 0x40000010",1
invalid,1
"orreq r7, fp, r3, asr 8",1
"adcseq sp, r8, r0, lsl 10",1
"sbcseq r2, r3, r0, lsl 8",1
"mrspl r4, apsr",1
invalid,1
"mrsls r5, apsr",1
"andmi r7, r0, r4, asr 29",1
"andeq r8, r1, ip, ror 23",1
"andeq r4, r0, sl, lsr 11",1
"ldrbeq r0, [r2], -0x141",1
"uhadd8eq sp, sp, r1",1
"subseq r0, r1, 0x40000010",1
hvc 0x1004,1
"ldrgt r0, [r1], 0x350",1
"andeq r0, r0, lr, ror r0",1
"andeq sp, lr, r2, asr 32",1
"sbcseq r7, r3, r0, lsl 26",1
"sbcseq r3, r1, 0, 4",1
"andlo r0, r4, 0",1
"andeq r1, r2, r3, lsl 8",1
invalid,1
"ldmibhi r8!, {lr}",1
"stmibge r1!, {r0}",1
"mrseq r0, spsr",1
"ldmeq r1, {r1, r4, r6, r8, sb}",1
"mrspl r4, apsr",1
invalid,1
"mrsls r5, apsr",1
"andeq r7, r0, r4, asr 29",1
"sbceq r3, fp, r4, asr r6",1
"orreq fp, r7, r0",1
"andeq pc, lr, r0",1
"cmneq r1, 0, 8",1
"ldrdeq sp, lr, [r0], -r7",1
"sbceq r4, fp, r5, asr 16",1
invalid,1
svceq 0x203f00,1
"strbpl r0, [r6], -0",1
svcpl 0xcb,1
"strmi r0, [r0], -sb, lsr 2",1
"andeq ip, r0, r0, ror 22",1
"andeq r2, r1, r5, asr 19",1
"sbceq r6, fp, r6, asr 24",1
invalid,1
blgt 0x1e3d35c,1
bhs 0xb6bb60,1
"strbhi r0, [r6], -1",1
"strgt r0, [r0, -fp, asr 1]",1
"strmi r0, [r0], -sl, lsr 2",1
"muleq r0, r0, fp",1
"andeq r2, r1, r3, lsr fp",1
"sbceq sb, fp, ip, asr ip",1
"addslt r0, r1, r0, lsl 6",1
blgt 0xfea43578,1
b 0x112bb84,1
"stmda r0, {r1, r2, r3, r4}",1
invalid,1
"streq r0, [r0], -0x190",1
"ldrtle r0, [r1], -0x3f2",1
"movtne r0, 0x5000",1
"strgt r0, [r0, -0x1f]",1
"strmi r0, [r0, -0x12b]",1
"andeq r1, r0, r8, lsl 30",1
"andeq r2, r1, r3, lsr 24",1
"andseq pc, lr, r5, asr 26",1
invalid,1
"rscsls r4, r8, r0",1
"stcl p0, c0, [r0, -4]",1
"mrseq r0, spsr",1
"rsbseq r0, r7, r2, asr r4",1
invalid,1
"rsbseq r0, sl, r1, asr r2",1
"subseq r0, r0, 0x40000010",1
"andeq r0, r0, r5, ror r0",1
"orrseq fp, r0, r3, asr 16",1
"rsceq r7, ip, r0",1
"sbcseq r4, r4, r0, lsl 10",1
"andpl r4, r1, r0, lsl 2",1
"andeq r7, r0, r2, lsl 10",1
"orrseq sp, r0, r3, asr 8",1
"rsceq r7, ip, r0",1
"sbcseq r5, r4, r0, lsl 18",1
"andpl r4, r1, r0, lsl 2",1
"andeq r7, r0, r2, lsl 10",1
"orrseq r1, r1, r3, asr 32",1
"subeq lr, r6, r0, lsl 12",1
"sbcseq r8, r4, r0, lsl 16",1
"movwpl r4, 0x1100",1
invalid,1
"strvc r5, [r2, -0x201]",1
"mrspl r4, apsr",1
invalid,1
invalid,1
"smlabtmi r6, r0, sp, r7",1
"andeq r7, r0, 2, 26",1
"movwmi r0, 0x7b",1
"andeq sb, r1, ip, lsl r1",1
"andeq sl, r0, r6, asr r6",1
"andeq sp, r0, r5, lsr 9",1
"ldrbeq r0, [r1], -0x141",1
"uhadd8eq ip, sp, r1",1
"cmpeq r0, 0x40000010",1
invalid,1
"orrseq r2, r1, ip, asr 16",1
"rsceq r8, ip, r0, lsl 18",1
"orrls r4, r0, r0, lsl 6",1
"strmi r0, [sl, 1]!",1
"strble r0, [sb], 0",1
"mrseq r0, spsr",1
"rsbseq r0, fp, r2, asr r2",1
"cmpeq r0, 0x40000010",1
invalid,1
"orrseq sl, r1, r3, asr 32",1
"rsbeq fp, r2, r0",1
"sbcseq lr, r4, r0, lsl 30",1
"movwpl r4, 0x1100",1
invalid,1
"strvc r5, [r2, -0x201]",1
"mrspl r4, apsr",1
invalid,1
"stmdavc r2, {r0, ip, lr}",1
"mcrrge p0, 0, r0, r3, c0",1
"stmdbhi r0, {r0, r4, r7, r8}",1
"movweq r0, 0xec",1
"ldrdmi r0, r1, [r0, -r5]",1
"strvc r5, [r2, -1]",1
"suble r0, r3, r0",1
invalid,1
"andlo r0, r0, 0x46",1
"ldrdmi r0, r1, [r0, -r5]",1
"strvc r5, [r2], -r1, lsl 6",1
"andpl r4, r1, 0, 2",1
invalid,1
"strvc r5, [r2], -0x101",1
"andpl r4, r1, r0, lsl 2",1
"stclvc p1, c9, [r0, 0x10]",1
"stcvc p1, c4, [r2, -0x18]",1
"rsbseq r0, fp, r0, lsl 4",1
"bicsls r4, ip, r0, lsl 6",1
"ldrbge r0, [r6], -r1",1
"strble r0, [0x0002bcdc]",1
"mrseq r0, spsr",1
"addsgt r0, r1, r1, asr r4",1
hvc 0x106d,1
"ldrgt r0, [r1], 0x350",1
"stmda ip, {r1, r2, r3, r4, r5, r6} ^",1
"stmdbhi r0, {r0, r4, r7, r8}",1
invalid,1
"andeq sb, r1, r4, lsl 4",1
"andeq lr, r0, sb, lsl 25",1
"orrseq r2, r6, r3, asr 16",1
"rsceq r8, ip, r0, lsl 18",1
"sbcseq r7, r5, r0, lsl 10",1
"andpl r4, r1, r0, lsl 2",1
"andeq r7, r0, r2, lsl 8",1
"orrseq r3, r6, r3, asr 32",1
"rsceq r8, ip, r0, lsl 18",1
"sbcseq r8, r5, r0, lsl 18",1
"andpl r4, r1, r0, lsl 2",1
"andeq r7, r0, r2, lsl 10",1
"orrseq r4, r6, r3, asr 16",1
"rsceq r8, ip, r0, lsl 18",1
"sbcseq sb, r5, r0, lsl 26",1
"andpl r4, r1, r0, lsl 2",1
"andeq r7, r0, r2, lsl 8",1
"orrseq r5, r6, r3, asr 32",1
"rsceq r8, ip, r0, lsl 18",1
"sbcseq fp, r5, r0, lsl 2",1
"andpl r4, r1, r0, lsl 2",1
"andeq r7, r0, r2, lsl 10",1
"orrseq r6, r6, r3, asr 8",1
"rsceq r8, ip, r0, lsl 18",1
"sbcseq ip, r5, r0, lsl 10",1
"andpl r4, r1, r0, lsl 2",1
"andeq r7, r0, r2, lsl 8",1
"orrseq r6, r6, r0, asr 24",1
"rsceq r8, ip, r0, lsl 18",1
"andpl r4, r1, r0, lsl 2",1
"andeq r7, r0, r2, lsl 10",1
"ldcmi p0, c0, [sp], -0",1
"strvs r0, [r0], -0x190",1
invalid,1
"andlo r0, r0, 0xd6",1
"andeq r3, r0, r5, lsr r3",1
blt 0x10659c,1
"stmdavc r0, {r1, r3, r4}",1
"andmi r0, r0, ip, lsr 2",1
"andeq sb, r1, r0, rrx",1
"andeq r4, r0, sl, lsr 11",1
"subseq r0, r2, 0x40000010",1
hvc 0x100b,1
"ldrgt r0, [r1], 0x350",1
"andmi r0, r0, 0x7e",1
"andeq r0, r0, r0, asr pc",1
"andeq sp, r0, lr, asr 12",1
"subeq sb, r2, r2, lsr pc",1
"orreq r0, r8, 0, 8",1
"andeq r1, r0, pc, ror r3",1
"muleq r1, r3, ip",1
"orrseq sp, r2, r0, asr 8",1
"sbceq r5, r1, r0, lsl 24",1
"movwpl r4, 0x1100",1
"streq sb, [r4], -r3, lsl 2",1
"ldrbeq r0, [r2], -0x141",1
"uhadd8eq pc, sp, r1",1
"cmpeq r1, 0x40000010",1
invalid,1
invalid,1
"andeq r7, r6, ip, asr 27",1
blgt 0xfec7cdf0,1
"strls r0, [r4], 0",1
"ldrls r0, [ip], 1",1
"stmdbgt r4, {r0}",1
"sbcseq sb, r6, r3, lsl 6",1
blgt 0xfeffd204,1
"stclhs p0, c0, [lr], 0",1
"mcrrhi p0, 0, r0, r3, c1",1
bhs 0x2c460,1
"andhi r0, r0, r4, lsr r0",1
"ldrdmi r0, r1, [r0, -r6]",1
"mrsls r5, apsr",1
invalid,1
"muleq r1, r4, r4",1
"andeq lr, r0, sb, lsl 25",1
"orrseq sb, r4, ip, asr 24",1
"rsceq r8, ip, r0, lsl 18",1
invalid,1
"andmi r0, r0, r3, lsl 3",1
"movwlt r0, 0xed",1
"ldrdmi r0, r1, [r0, -r6]",1
"stmdaeq r2, {r0, sb, ip, lr}",1
"smlabbpl r1, r8, r1, r4",1
"mrseq r3, spsr",1
"ldrgt r0, [r1], 0x350",1
"subls r0, ip, lr, ror r0",1
"andvc r0, r0, r6, lsl 3",1
"movwmi r0, 0xec",1
"andeq r8, r1, r8, lsr 20",1
"andeq sl, r0, r1, lsr 19",1
"ldrdeq sp, lr, [r0], -r8",1
"cmpeq r2, 0x40000010",1
"swpmi r0, r1, [r6]",1
"mrsls r5, apsr",1
"movwmi r7, 0xec4",1
"andeq sb, r1, r4, lsr 4",1
"andeq r3, r0, sl, lsr 8",1
"andeq sp, r0, sp, ror 13",1
"cmpeq r0, 0x40000010",1
invalid,1
"orrseq r7, r4, ip, asr 8",1
"rsceq r8, ip, r0, lsl 18",1
"strtls r4, [r4], 0",1
"strblo r0, [r0, -1]!",1
"mrseq r0, spsr",1
"ldrgt r0, [r1], 0x350",1
blmi 0x2c0a0,1
"andeq r4, r0, ip, ror 21",1
invalid,1
"andeq sb, r1, ip, ror r6",1
"andeq sb, r1, r0, lsr 22",1
"andeq r2, r1, sp, lsl sp",1
"sbcseq sl, ip, r1, lsl 14",1
"bicslo r3, sp, r0, lsl 8",1
"movwlo r0, 0x3000",1
"eorseq r1, r3, r1, lsl 24",1
invalid,1
"ldcllo p4, c3, [r0, -0]",1
"movwlo r0, 0x3000",1
"subeq r6, r6, r1, lsl 28",1
invalid,1
"stmdbne r8, {sl, ip, sp} ^",1
"strlo r0, [r3], -0",1
"andeq fp, r0, r1, lsl 12",1
invalid,1
"strbtvs r3, [r4], -r0, lsl 22",1
"strlo r0, [r3], -r1, rrx",1
"eoreq r8, r5, r1, lsl 24",1
invalid,1
"ldrblo r3, [r1], -0x200",1
"strlo r0, [r3, -r0]",1
"andseq r7, r3, r1, lsl 30",1
invalid,1
svclo 0xbf3200,1
invalid,1
"eoreq sp, r0, r1, lsl 8",1
invalid,1
svceq 0x683f00,1
"teqeq r2, 0",1
"movweq r0, 0x3a",1
"cmnne pc, 0xc000000e",1
"cdphs p0, 1, c0, c3, c0, 0",1
"ldrtne r0, [r2], -1",1
"movweq r0, 0x4f",1
"ldrbne r0, [r0, -0x13c]",1
"cdphs p0, 9, c0, c8, c0, 0",1
"subhi r0, r2, r1",1
"stceq p0, c0, [r0, -0x3c]",1
"andlo r0, r0, 0xda",1
"andeq r3, r0, r2, lsl sp",1
blpl 0x85b64,1
"stmdalo r0, {r1, r2, r4}",1
bllo 0x2c41c,1
"stmdavs r3, {r0, r3, r5, r6}",1
"andseq r7, r3, r1, lsl 30",1
invalid,1
svceq 0x984200,1
invalid,1
"teqvs fp, 0",1
"orreq r0, r7, r0, lsl 6",1
"andeq r0, r0, r5, lsr 32",1
"andeq r2, r1, r1, lsl 31",1
"andeq fp, pc, pc, lsr r0",1
"rsbvs r3, sp, 0, 28",1
bhi 0xec15c,1
"andseq r5, r3, r1, lsl 6",1
"ldmle r1, {r8, sb}",1
"mcrne p4, 7, r5, c10, c13, 3",1
"strbls r0, [ip], r0",1
svceq 0xc80001,1
blhi 0xebfa8,1
"sbcseq r2, r8, r1, lsl 20",1
svcne 0x134500,1
svchs 0xb90000,1
"stmdaeq r5, {r0} ^",1
"stcgt p0, c0, [r0, -0x7c]",1
"strmi r0, [r0, -0x12f]",1
"strdeq r1, r2, [r0], -sp",1
"andeq r2, r1, r1, ror 31",1
"addhs r4, r6, r0, lsl 8",1
invalid,1
"stmibls ip!, {r0}",1
"stchi p0, c0, [r3, -4]",1
"sbcseq r5, r8, r1, lsl 20",1
"adchs r4, ip, r0, lsl 10",1
svchs 0xf60000,1
"subge r0, r5, r1",1
invalid,1
"strmi r0, [r0, -0x130]",1
"muleq r0, r4, r0",1
"andeq r3, r1, r0, asr r0",1
"stmibls r0!, {lr}",1
"stc p0, c0, [r0, -4]",1
"mrseq r0, spsr",1
"ldcls p4, c0, [r1], {0x53}",1
hvc 0x106d,1
"rsbseq r0, r5, r2, asr r2",1
"cmpeq r1, 0x40000010",1
invalid,1
"strvc r5, [r2], -1",1
"andeq r0, r0, r0",1
"orrseq ip, sb, sl, lsr ip",1
"orrseq r7, sl, r0, lsl 24",1
"strbvc r3, [r2, -0xe00]!",1
"strls r0, [r3, -r6, rrx]",1
"sbcseq sl, ip, r1, lsl 14",1
"ldmle r1, {r8, sb}",1
blo 0xfe23a630,1
invalid,1
"andseq r5, r3, r1, lsl 6",1
"addsle r0, r1, r0, lsl 6",1
"mcrne p4, 7, r5, c10, c13, 3",1
invalid,1
svceq 0xe80001,1
invalid,1
"sbcseq sp, r8, r1, lsl 20",1
svcne 0x134500,1
"rsblo r0, r3, r0",1
"stmdaeq r5, {r0} ^",1
"smladvc r0, pc, r0, r0",1
"strmi r0, [r0, -0x130]",1
"strdeq r1, r2, [r0], -sp",1
"andeq r3, r1, fp, lsl 1",1
"addhs r5, r6, r0, lsl 8",1
invalid,1
"andne r0, r0, r1",1
blls 0xec088,1
"sbcseq r4, sb, r1",1
"adchs r4, ip, r0, lsl 10",1
"sbcslo r0, r3, r0",1
"subge r0, r5, r1",1
bl 0x2c11c,1
"strmi r0, [r0, -0x130]",1
"muleq r0, r4, r0",1
"andeq r3, r1, r0, lsl 2",1
"orrseq r1, sl, sl, lsr r8",1
"orrseq r3, sl, r0, lsl 8",1
"adcshs r4, r8, r0, lsl 12",1
"tstlo r3, r0",1
"strbpl r0, [r7], -1",1
"stmdane r0, {r0, r1, r2, r3, r4}",1
"strlo r0, [r0], -0x19a",1
"movweq r0, 0x19a",1
"strbvs r0, [r5], -ip, lsr 2",1
invalid,1
invalid,1
"andeq sb, r1, ip, lsr 20",1
"muleq r0, r6, pc",1
"strmi r0, [r0], -0",1
"andeq r1, r0, r2, ror pc",1
"andeq sb, r1, ip, ror 19",1
"strdeq sb, sl, [r1], -ip",1
"stmdbhi r1, {r0, r1, sb, fp, ip, pc}",1
"strmi r0, [r0, -0xd9]",1
"muleq r0, lr, pc",1
"andeq r3, r1, fp, ror 2",1
"andseq sb, pc, r5, asr 4",1
"teqeq r1, r0, lsl 6",1
svcne 0x864500,1
"biclo r0, fp, r0",1
"mcrr2 p0, 0, r0, r0, c1",1
"swpvs r0, sb, [r0]",1
"smlattmi r0, sp, r0, r0",1
invalid,1
"smlalbteq r7, r1, r8, sp",1
"ldcls p4, c0, [r1], {0x50}",1
"andeq r0, r0, sp, ror r6",1
"andseq r7, pc, r4, asr 4",1
"orrseq r6, sl, r0, lsl 8",1
"orrseq r7, sl, r0",1
"orrseq r0, lr, r0, lsl 6",1
"ldrdeq sp, lr, [r0], -r2",1
"andseq sb, pc, r5, asr 28",1
"teqeq r1, r0",1
svcne 0x924500,1
"andlo r0, pc, 0",1
"strbhi r0, [r5], -r1",1
"stchs p0, c0, [r0, -0x7c]",1
"andmi r0, r0, r2, lsr r1",1
"andeq sb, r1, r0, ror sl",1
"andeq lr, r0, r1, ror 26",1
"cmpeq r2, 0x40000010",1
invalid,1
invalid,1
"muleq r6, ip, sp",1
"addhs r4, r6, r0, lsl 8",1
bls 0x1d2c178,1
bls 0x1f2c180,1
"andge r0, r3, r1",1
"sbcseq r0, sl, r1, lsl 4",1
"adchs r4, ip, r0, lsl 10",1
"sublo r0, r2, 0",1
"subge r0, r5, r1",1
"cdppl p0, 0, c0, c0, c0, 1",1
"strmi r0, [r0, -0x132]",1
"muleq r0, r4, r0",1
"andeq r3, r1, r2, ror r2",1
bls 0x183f1a4,1
svc 0xa40001,1
"andeq r0, r0, r0",1
"eoreq r8, r0, r4, asr 12",1
"orrseq r1, r7, r0",1
"orrseq r4, r7, r0",1
"mrseq r0, SPSR_irq",1
"andeq sp, r0, r3, ror sl",1
"eoreq sl, r0, r5, asr 24",1
"teqeq r2, r0, lsl 10",1
"adchs r4, r0, r0, lsl 10",1
"addslo r0, sp, 0",1
"strbls r0, [r5], -1",1
"andlt r0, r0, r0, lsr 32",1
blo 0x2c6a4,1
"andeq sb, r1, ip, lsl r7",1
"andeq sb, r1, r8, lsr r7",1
"eoreq fp, r0, r6, asr 16",1
"teqeq r2, r0, lsl 6",1
svcne 0x544700,1
"ldrls r0, [ip, -r0]",1
"ldrls r0, [r8, -r1]!",1
invalid,1
svcne 0x664501,1
invalid,1
"sublo r0, ip, r1",1
invalid,1
"andeq r0, r0, pc, ror 1",1
"eorsvs r0, sp, r0",1
"strvs r0, [r0], -0x197",1
bls 0x2c87c,1
"mcrlo p0, 0, r0, c0, c11, 6",1
"rsbeq r7, r6, r2, ror 10",1
"strlt r4, [r1, -r3, lsl 8]",1
"movweq r0, 0xdc",1
bllo 0x1fa2474,1
"strmi r0, [r3, -0x70]",1
"andeq fp, r5, r1, lsl 4",1
"teqeq r2, r0, lsl 12",1
"cmnvs r7, 0, 28",1
"mrseq r0, SPSR_und",1
"andeq r0, r0, r1, lsr sb",1
"stclvc p1, c9, [r4, 0xc]",1
"eorseq r8, sl, sb, lsr r8",1
"mrslo r0, r8_usr",1
"andeq r1, r0, r3, asr r3",1
"ldclvc p1, c9, [r0, 0xc]",1
"andseq lr, lr, r4, asr 20",1
"orrseq r0, r8, r0, lsl 16",1
"orrseq r1, r8, r0, lsl 8",1
"mrslo r0, r8_usr",1
"andeq sp, r0, sp, ror 21",1
"andseq r1, pc, r5, asr 6",1
"teqeq r3, r0, lsl 2",1
svcne 0x84500,1
"cmplo r5, 0",1
"stc2l p0, c0, [r5, -4]",1
"stmdbvs r0, {r1, r2, r3, r4}",1
"andeq r0, r0, r3, lsr r1",1
"andseq r7, pc, r4, asr 4",1
"orrseq r4, r8, r0, lsl 8",1
"orrseq r5, r8, r0",1
"cmpeq r2, r0, lsl 6",1
"andeq sp, r0, r6, lsr fp",1
"andseq sb, pc, r5, asr 28",1
"teqeq r3, r0, lsl 2",1
svcne 0x924500,1
"mvnlo r0, 0",1
"strbhi r0, [r5], -r1",1
"mcr2 p0, 0, r0, c0, c15, 0",1
"andmi r0, r0, r3, lsr r1",1
"andeq sb, r1, r0, asr r8",1
"andeq lr, r0, r1, ror 26",1
"cmpeq r2, 0x40000010",1
invalid,1
invalid,1
"muleq r6, ip, sp",1
"addhs r4, r6, r0, lsl 8",1
invalid,1
"stmdals r4!, {r0} ^",1
"strpl r0, [r3], -1",1
"sbcseq r6, fp, r1, lsl 12",1
"adchs r4, ip, r0, lsl 10",1
"ldrlo r0, [r3], -0",1
"subge r0, r5, r1",1
blo 0x2c378,1
"strmi r0, [r0, -0x134]",1
"muleq r0, r4, r0",1
"andeq r3, r1, lr, asr 8",1
"ldmdals r0!, {r8, sb, lr}",1
"stc p0, c0, [r0, -4]",1
blle 0xfe42c310,1
"mrseq r0, spsr",1
"ldmgt r1, {r0, r1, r4, r6, r8, sb}",1
"andpl r4, r1, 0x4000001f",1
invalid,1
invalid,1
"swpmi r7, ip, [r6]",1
"mrsls r5, apsr",1
invalid,1
"andeq sb, r1, r0, asr 16",1
"andeq lr, r0, r4, lsr 31",1
"andsne r4, r8, r0, lsl 4",1
"ldcle p0, c0, [sp], -0",1
invalid,1
"cmpeq sl, r0, lsl 6",1
"andeq r0, r0, sl, asr r0",1
"rsbeq r6, r8, fp, lsr r3",1
bpl 0x82b60,1
invalid,1
svclo 0x134,1
"andeq r1, r0, r0, lsr r0",1
"movweq r6, 0xa3b",1
"subseq r0, sl, sp, asr r1",1
"strlo r0, [lr], 0",1
"ldrvc r0, [fp, -r1]!",1
"cmpeq lr, r0, lsl 6",1
"muleq r0, r5, r3",1
"andeq r3, r1, sp, lsr 9",1
"eoreq r8, r0, r8, asr r6",1
"orrseq r7, r8, r0, lsl 16",1
"andseq r4, r0, r0, lsl 16",1
invalid,1
"eoreq sl, r0, r5, asr 24",1
"teqeq r4, r0",1
"adchs r4, r0, r0, lsl 10",1
"strbtlo r0, [r5], 0",1
"strbls r0, [r5], -1",1
invalid,1
svclo 0x134,1
"andeq r1, r0, r8, rrx",1
"eoreq fp, r0, r6, asr 16",1
"teqeq r5, r0, lsl 22",1
svcne 0x545800,1
invalid,1
"addne r0, r0, r1",1
invalid,1
svcne 0x664501,1
invalid,1
"sub r0, ip, r1",1
invalid,1
"andeq r0, r0, pc, ror 1",1
"andeq r0, r0, r0",1
"andseq lr, lr, r8, asr sl",1
"orrseq sl, sl, r0, lsl 24",1
"andseq sb, r0, r0, lsl 16",1
invalid,1
"andseq r1, pc, r5, asr 6",1
"teqeq r5, r0, lsl 28",1
svcne 0x84500,1
"strblo r0, [r2, -0]",1
"stc2l p0, c0, [r5, -4]",1
"andvs r0, r0, 0x1e",1
"movwmi r0, 0x135",1
"strheq sb, [r1], -ip",1
"andeq lr, r0, r8, lsr 30",1
"andeq sp, r0, r8, lsl 25",1
"cmpeq r2, 0x40000010",1
"mrsmi r0, apsr",1
"mrslo r5, apsr",1
"subseq r0, r0, 0x40000010",1
"andmi r0, r0, fp, ror r0",1
"andeq sb, r1, ip, lsl 22",1
"andeq lr, r0, r8, lsr 30",1
"cmpeq r2, 0x40000010",1
"mrsmi r0, apsr",1
"mrslo r5, apsr",1
"subseq r0, r0, 0x40000010",1
"andeq r0, r0, fp, ror r0",1
invalid,1
"strlt r0, [r0, -r0]",1
"stceq p0, c0, [r0, -0x370]",1
"muleq r0, r7, r0",1
"strhs r0, [ip, -0xff]",1
"strgt r0, [r0, -r0]",1
"stceq p0, c0, [r0, -0x370]",1
"muleq r0, r7, r0",1
invalid,1
"andeq r0, r0, lr, ror 9",1
invalid,1
"andhs r0, r0, r6",1
invalid,1
"mulhi r0, fp, r1",1
invalid,1
"andeq sp, r0, sb, asr sp",1
"andeq pc, r4, r8, lsr sp",1
"ldclge p3, c0, [ip], {0}",1
"andge r0, r0, r6",1
"stmdalo r0, {r0, r2, r4, r5, r8}",1
"andeq r0, r0, r1, asr 13",1
"sbcseq sp, sb, r3, lsl 24",1
"strblo r0, [ip]",1
"ldcle p0, c0, [r8, -4]!",1
"movweq r0, 0x31",1
"ldrsbeq r5, [sp], 0x9d",1
"teqeq r5, r0, lsl 16",1
"ldrbvs r5, [r2, -0x300]!",1
"and r0, r3, r4, ror r0",1
"andeq r0, r0, fp, lsr 5",1
"andeq r3, r1, r4, lsr 12",1
"orrseq r6, fp, r3, asr 32",1
"addeq pc, r8, r0, lsl 26",1
"sbcseq r4, sp, r0, lsl 8",1
"andpl r4, r1, 0, 2",1
invalid,1
"cmpeq r1, 0x40000010",1
"ldrshmi r0, [r0, -0x13]",1
"vhadd.u8 d5, d3, d1",1
"andmi r5, r0, r1, lsl 4",1
"andeq sb, r1, r8, lsl 23",1
"strheq lr, [r0], -ip",1
"cmpeq r2, r1, asr 2",1
"andpl r4, r1, r5, lsr r1",1
"andeq r3, r0, r1",1
"adcseq r0, r7, 0x6000000",1
invalid,1
"muleq r0, r4, pc",1
"mrseq r0, apsr",1
"andeq r0, r0, sl, lsr 4",1
"muleq r1, ip, fp",1
"strheq sb, [r1], -r4",1
invalid,1
"muleq r0, ip, sp",1
"eoreq sb, pc, r4, lsr pc",1
"mrseq r0, sp_abt",1
"andeq r0, r0, sl, lsr 4",1
"andeq r3, r1, r2, asr 12",1
"strbtvc r7, [r5], -0x23e",1
"mrseq r0, sp_und",1
"andeq r0, r0, sl, lsr 4",1
"strvs r5, [r0], -r1, lsl 4",1
"andseq r3, sb, r1, lsl 18",1
"tsteq r1, r0, lsl 6",1
"andeq r5, r0, r1, lsl 20",1
"orrseq fp, fp, r0, lsl 8",1
"orrseq r4, ip, r0, lsl 24",1
"teqeq r6, r0, lsl 8",1
"cdple p1, 9, c0, c1, c0, 0",1
"ldcle p0, c0, [r4, -0]!",1
"movweq r0, 0x31",1
"ldclle p1, c0, [sb, -0x48]",1
"strlo r0, [r4], r0",1
"ldrtvs r0, [lr], -1",1
"movweq r6, 0x166",1
"strhs r0, [ip, 0x114]",1
"strpl r0, [r1, -0]",1
"andseq r4, sb, sb, lsr r8",1
"tsteq r5, r0, lsl 6",1
"strheq r0, [r0], -r6",1
b 0x1141d8c,1
"strgt r0, [r0], -0x1e",1
"strle r0, [r0], -0x19b",1
"movweq r0, 0x19b",1
"mcrle p1, 1, r0, c12, c7, 0",1
invalid,1
"andeq r0, r0, pc, lsl r0",1
svcne 0x84d01,1
"strpl r0, [r0], -r0",1
"strdeq r1, r2, [r0], -sp",1
"strble r5, [r0], -0x601",1
"mulmi r0, fp, r1",1
"smlattmi r0, sp, r0, r0",1
beq 0x100dc0,1
"mrseq r0, spsr",1
"teqmi r0, r1, asr r1",1
"strvc r5, [r2], -r1",1
"movwmi r0, 0",1
"andeq sb, r1, r4, ror 23",1
"andeq sp, r0, r8, lsl 14",1
"andeq sp, r0, r6, asr 28",1
"subseq r0, r2, 0x40000010",1
hvc 0x1006,1
"rsbseq r0, r4, r0, asr r2",1
invalid,1
"strle r0, [r8, -r1]",1
"cdple p0, 6, c0, c0, c0, 0",1
"mrseq r0, spsr",1
"rsbseq r0, r6, r2, asr r2",1
"subseq r0, r0, 0x40000010",1
"movwmi r0, 0x74",1
"andeq sb, r1, ip, lsl ip",1
"andeq sp, r0, r8, lsl 14",1
"andeq sp, r0, sl, ror lr",1
"subseq r0, r2, 0x40000010",1
hvc 0x1006,1
"rsbseq r0, r4, r0, asr r2",1
"ldcls p0, c4, [r8], -0",1
"strle r0, [r8, -r1]",1
"mrseq r0, spsr",1
"rsbseq r0, r6, r2, asr r2",1
"subseq r0, r0, 0x40000010",1
"andeq r0, r0, r4, ror r0",1
"subeq r4, r6, r8, lsr 8",1
invalid,1
"andeq r3, r0, r1, lsl 6",1
svcle 0x1e0100,1
"strlo r0, [r7, -r0]!",1
"streq r0, [r0], -0x41",1
svcle 0x1e01fe,1
"strteq r0, [r7], -r0",1
"streq r0, [r0], -0x39",1
"ldclne p1, c0, [r6, 0x3f8]!",1
"eorge r0, r7, 0",1
"streq r0, [r0], -0x3f",1
"cmnne pc, 0x8000003f",1
"strgt r0, [r7, -r0]!",1
"streq r0, [r0], -4",1
"ldrsheq r0, [sl], -0x1f",1
invalid,1
"streq r0, [r0], -7",1
"subseq r0, sl, r1, lsl 4",1
invalid,1
"andeq r0, r2, 0, 8",1
"andeq r1, r0, pc, ror r3",1
"subeq r3, r1, fp, lsr 4",1
"andeq r0, r3, 0, 8",1
"andeq r1, r0, pc, ror r3",1
"andseq r2, r3, sl, asr r2",1
"sbcseq r3, pc, r0, lsl 8",1
"strbmi r0, [r4], -r0, lsl 2",1
blhs 0xaac6a4,1
"andeq r4, r0, r6, asr 17",1
bleq 0xb32bc,1
blhs 0x2c6c8,1
"strheq r3, [r0], -sp",1
bleq 0xb36c8,1
"andeq r0, r0, r6",1
"andle r0, r4, r0, lsl 12",1
invalid,1
"strheq r0, [r0], -ip",1
"andeq sp, r0, r4, lsr pc",1
"andeq sb, r0, sp, lsl 14",1
"strne r0, [r0, -r0, lsl 24]",1
"andeq sp, r0, r4, lsr 30",1
"eorseq r3, fp, ip, lsr r3",1
invalid,1
"andeq ip, r5, r1, lsl 8",1
"orrseq r4, ip, r0, lsl 24",1
"moveq r4, r0",1
"teqeq r6, r0, lsl 4",1
"adds r0, r7, 0, 2",1
"ldcle p0, c0, [r4, -0]!",1
"streq r0, [r0], -0x31",1
"ldclle p1, c0, [sb, -0x284]",1
"strblo r0, [pc], r0",1
bgt 0xd2c70c,1
"streq r0, [r0], -0xf",1
"strteq r0, [ip], r2, lsr 3",1
"strlo r0, [r3, -r0]",1
"teqgt r4, r1",1
"streq r0, [r0], -6",1
"cmnne pc, 0x80000028",1
"ldrlo r0, [sb, -r0]!",1
"eorsvs r0, r4, r1",1
"streq r0, [r0], -0x27",1
"cmnne pc, 0xc0000028",1
"ldrblo r0, [0x0002c734]     ; [0x2c734:4]=0x400001c",1
"eorseq r0, r3, 1",1
"streq r0, [r0], -0x1c",1
"strbeq r0, [r4, 0x1a3]",1
invalid,1
bne 0xfe5b9348,1
"movwge r0, 0x4000",1
"andseq r7, r3, r1, lsl 30",1
"ldreq r0, [r1], 0x200",1
"subeq r3, r1, r4, lsr r7",1
invalid,1
"andeq sp, r0, lr, lsl pc",1
"strdeq r3, r4, [r1], -sp",1
"eoreq sl, sb, r3, lsr lr",1
invalid,1
"ldrdeq r2, r3, [r0], -r4",1
"andlo sb, ip, 0x80000000",1
"ldrdeq r0, r1, [r0], -sl",1
blge 0x95f8c,1
"strvc r0, [r0], -r2",1
"andlo r0, r0, 56, 2",1
"andeq r3, r0, r6, lsl 18",1
invalid,1
bge 0x2c804,1
"andlo r0, r0, 56, 2",1
"andeq r3, r0, r2, lsr 31",1
svcvc 0x1a804,1
"stmdb r0, {r0, r1, r4}",1
"andlo r0, r0, 56, 2",1
"strdeq r0, r1, [r0], -r5",1
"strgt sl, [r1], -0x904",1
svclo 5,1
"andlo r0, r0, 0x4000000e",1
"strheq r4, [r0], -r4",1
bpl 0x96fcc,1
"strge r0, [r0, -0]",1
"mcrlo p1, 0, r0, c0, c9, 1",1
"rsbeq r6, r1, r4, ror 12",1
invalid,1
invalid,1
invalid,1
invalid,1
"andseq r7, r3, r1, lsl 30",1
"teqeq sb, r0, lsl 20",1
"strbvc r6, [0x0002bfe4]!",1
invalid,1
"orrseq sp, pc, r1, lsl 16",1
invalid,1
"adds r0, r7, 0",1
"streq r0, [r1, -0]",1
"biceq r8, r6, r3",1
"cdple p4, 9, c4, c1, c0, 0",1
"stclls p0, c0, [r8, 0]!",1
svcls 0x780001,1
"str r0, [r4, -r1]",1
"rsceq fp, r1, r1, lsl 12",1
"cdple p5, 0xc, c4, c7, c0, 0",1
blo 0x166c818,1
bllt 0x116c820,1
invalid,1
"strmi r0, [r0, -0x13a]",1
"andeq sp, r0, pc, lsr 29",1
"andeq r3, r1, r2, lsl fp",1
"sbcseq sl, lr, r5, asr 6",1
"teqeq fp, r0",1
invalid,1
svcls 0x780001,1
"movtle r0, 0x6001",1
"mcrmi p0, 0, r0, c0, c14, 6",1
invalid,1
"ldrdeq sp, lr, [r0], -pc",1
"andeq r3, r1, sb, ror fp",1
"sbcseq lr, lr, r6, asr 18",1
"teqeq fp, r0, lsl 16",1
"cdple p12, 0xf, c5, c5, c0, 0",1
"movweq r0, 0x5000",1
"andeq ip, r1, r0, ror r6",1
"andseq fp, r0, r2, asr 32",1
"rsceq r1, r1, r0, lsl 20",1
svcle 0x44600,1
bllo 0xff0ec874,1
"subne r0, r6, r1",1
"stc p0, c0, [r0, -0x37c]",1
"movwmi r0, 0x13b",1
"andeq sb, r1, r8, ror 28",1
"andeq lr, r0, r2, ror 25",1
"strdeq lr, pc, [r0], -r4",1
"subseq r0, r1, 0x40000010",1
"movwmi r0, 0x79",1
"andeq sb, r1, r0, lsl 29",1
"andeq lr, r0, r2, ror 25",1
"andeq lr, r0, r8, lsl 2",1
"subseq r0, r1, 0x40000010",1
"andmi r0, r0, sb, ror r0",1
"muleq r1, r0, lr",1
"andeq lr, r0, sb, lsl 25",1
"cmpeq r0, 0x40000010",1
"muleq r6, r1, r8",1
"cdpls p3, 0, c4, c4, c0, 0",1
"ldcl p0, c0, [r0], -4",1
invalid,1
"mrseq r0, spsr",1
"ldmmi r1, {r4, r6, r8, sb}",1
"mcrrne p0, 0, r0, r3, c6",1
"mulvc r0, lr, r1",1
"strmi r0, [r0], -0xec",1
"smlattmi r0, r1, r0, r0",1
"mrsls r5, apsr",1
"movwmi r0, 0x648",1
"andeq sb, r1, r8, lsr lr",1
"andeq lr, r0, sb, lsl 25",1
"andeq lr, r0, r8, asr r1",1
"subseq r0, r0, 0x40000010",1
"movwmi r0, 0x79",1
"andeq sb, r1, ip, asr 29",1
"strheq lr, [r0], -pc",1
"andeq lr, r0, r8, lsl 3",1
"ldrbeq r0, [r3, -0x141]",1
"biceq r7, r6, r3",1
"andpl r4, r1, 0, 2",1
"eoreq r0, ip, 0x3000",1
"ldrbeq r0, [r1, -0x141]",1
"biceq sl, r6, r3, lsl 24",1
"andpl r4, r1, r0, lsl 2",1
"ldrgt r0, [ip, r5, lsl 6]!",1
"andmi r0, r0, r1",1
"strdeq sb, sl, [r1], -r0",1
"strheq lr, [r0], -pc",1
"ldrbeq r0, [r3, -0x141]",1
"biceq r7, r6, r3",1
"andpl r4, r1, 0, 2",1
"eoreq r0, lr, 0x3000",1
"ldrbeq r0, [r1, -0x141]",1
"biceq sl, r6, r3, lsl 24",1
"andpl r4, r1, r0, lsl 2",1
"ldrbgt r0, [r0, r5, lsl 6]",1
"andeq r0, r0, r1",1
"ldclls p3, c4, [ip], {0}",1
svc 0xde0001,1
"bic r0, fp, r0",1
"mrseq r0, spsr",1
"ldmdahi fp!, {r4, r6, r8, sb} ^",1
"subhs r0, r3, r1",1
invalid,1
svcle 0xdd,1
"smlattmi r0, r1, r0, r0",1
"strvc r5, [r2], -r1",1
invalid,1
"mulvc r0, sp, r1",1
invalid,1
"smlattmi r0, r1, r0, r0",1
"strvc r5, [r4, -1]",1
"eoreq r3, r4, r0, lsl 6",1
"orrseq ip, sp, r3, asr 32",1
"sbceq ip, fp, r0, lsl 24",1
"rsceq r4, r2, r0, lsl 2",1
"movwpl r4, 0x1100",1
invalid,1
"stmdbvc r2, {r0, sb, ip, lr}",1
"mrspl r4, apsr",1
"strbeq sb, [ip], -r3, lsl 2",1
"subseq r0, r0, 0x40000010",1
"subeq r0, r1, 0x76",1
invalid,1
"subeq r0, r1, 72, 12",1
"smlsdxvc r2, sp, ip, r0",1
"stcvc p1, c4, [r2, -0]",1
"rsbseq r0, r5, r8, lsl 4",1
"ldrbteq r0, [sp], -0x241",1
"ldrbteq sb, [ip], -r3, lsl 2",1
"rsbseq r0, sp, r1, asr 4",1
"andeq r7, r0, r2, lsl 16",1
"orrseq fp, pc, r3, asr 16",1
"rsceq fp, ip, r0, lsl 30",1
"rsceq r7, r2, r0, lsl 2",1
"movwpl r4, 0x1100",1
"strgt r0, [r0], r5, lsl 6",1
"mrseq r0, spsr",1
"cpsie af, 0x12",1
"mrspl r4, apsr",1
"strtgt r0, [ip], r5, lsl 6",1
"mrseq r0, spsr",1
"stmda r3, {r4, r6, r8, sl}",1
"andeq r0, r0, r7, asr 3",1
"orrseq sp, pc, r3, asr 32",1
"rsceq r8, ip, r0, lsl 18",1
"rsceq r8, r2, r0, lsl 10",1
"andpl r4, r1, r0, lsl 2",1
"andeq r7, r0, r2, lsl 14",1
"orrseq lr, pc, r0, asr 24",1
"rsceq pc, pc, r0, lsl 14",1
"andpl r4, r1, r0, lsl 2",1
"orreq r7, r8, r3, lsl 22",1
invalid,1
invalid,1
"ldrdeq r3, r4, [r0], -r7",1
invalid,1
"andeq r0, r0, r4, asr 11",1
"andeq sl, r1, r0, asr 32",1
"andeq sl, r1, r4, lsl r1",1
"andeq r3, r1, r7, lsl ip",1
"rsceq sb, r4, r1, lsl 8",1
"bicslo r3, sp, r0, lsl 8",1
svcvs 0x40000,1
"sbcseq r5, sp, r1, lsl 18",1
"teqeq ip, r0, lsl 6",1
"sbcmi r3, lr, r0, lsl 8",1
"andvc r0, r4, r0",1
"andeq sl, r6, r1, lsl 24",1
"teqeq ip, r0, lsl 26",1
"cmphs r8, 0, 8",1
"andvc r0, r4, r0",1
"andseq r7, r3, r1, lsl 30",1
"teqeq ip, r0, lsl 14",1
"sbcsmi r3, r6, r0, lsl 8",1
invalid,1
"andeq sl, r6, r1, lsl 24",1
"teqeq sp, r0, lsl 2",1
invalid,1
invalid,1
"andseq r7, r3, r1, lsl 30",1
"addseq r0, r1, r0, lsl 4",1
"eoreq r6, r7, r3, lsr r0",1
"cmneq r2, r0, lsl 8",1
"andeq r1, r0, pc, ror r3",1
"movwlo sb, 0x4102",1
"andeq r1, r0, r2, lsl 24",1
"strgt r7, [r1], -0x204",1
"andeq r0, r0, 5",1
invalid,1
"streq r0, [r0], -0x41",1
svcle 0x1e0172,1
invalid,1
bne 0xfe5b9708,1
"movwvc r0, 0x4000",1
"andseq r7, r3, r1, lsl 30",1
"addsne r0, r1, r0, lsl 4",1
"eoreq sl, sb, r3, lsr lr",1
"cmneq r3, r0, lsl 8",1
"ldrdeq r2, r3, [r0], -r4",1
bllo 0x550efc,1
"rsbseq r7, r2, r3, ror r4",1
invalid,1
blvs 0x2cb18,1
"andlo r0, r0, 0x4000000f",1
"strdeq r0, r1, [r0], -r5",1
"strgt r7, [r1], -0x604",1
"stmdbhi r0, {r0, r2}",1
bllo 0x2d008,1
"rsbeq r6, lr, ip, ror 10",1
svcvc 0x17704,1
"smladge r0, r3, r0, r0",1
bllo 0x2d018,1
"stmdavc r4, {r0, r1, r4, r5, r6}",1
"andeq fp, r0, r1, lsl 12",1
"teqeq sp, r0, lsl 20",1
svcne 0x1f4400,1
"addge r0, ip, r0",1
"addsge r0, ip, r1",1
blhi 0x12cb44,1
"rsceq sp, r3, r1, lsl 28",1
svcne 0x484500,1
"cdplo p0, 2, c0, c2, c0, 0",1
"stcllo p0, c0, [r5, -4]",1
"strlo r0, [r0, -0x1f]",1
"strmi r0, [r0, -0x13e]",1
"andeq r1, r0, r2, lsr pc",1
"andeq r3, r1, r8, asr 28",1
"asreq sb, r0, 0x18",1
"rsceq sb, ip, r0, lsl 28",1
"andpl r4, r1, 0, 2",1
invalid,1
"stmdbvc r2, {r0, r8, ip, lr}",1
"andpl r4, r1, r0, lsl 2",1
"andeq r7, r0, r2, lsl 12",1
svcne 0x1f4400,1
"addsge r0, ip, r0",1
"adcsge r0, r4, r1",1
invalid,1
"rsceq r2, r4, r1, lsl 26",1
svcne 0x484500,1
"cdplo p0, 6, c0, c6, c0, 0",1
"stcllo p0, c0, [r5, -4]",1
"stmdbvc r0, {r0, r1, r2, r3, r4}",1
"strmi r0, [r0, -0x13e]",1
"andeq r1, r0, r2, lsr pc",1
"andeq r3, r1, ip, lsl 29",1
"asreq sl, r0, 0x18",1
"rsceq sb, ip, r0, lsl 28",1
"andpl r4, r1, 0, 2",1
invalid,1
bvc 0xc0fc4,1
"andpl r4, r1, r0, lsl 2",1
"strvc r7, [r0, -0x605]",1
"andeq r2, r0, r0, lsl 4",1
"asreq r8, r3, 8",1
"rsceq r7, ip, r0",1
"rsceq r4, r4, r0, lsl 2",1
"andpl r4, r1, r0, lsl 2",1
"andeq r7, r0, r2, lsl 14",1
"asreq lr, r3, 0x18",1
"sbcseq r3, pc, r0, lsl 18",1
"rsceq r8, r4, r0, lsl 6",1
"movwpl r4, 0x1100",1
"ldrbteq sb, [ip], -r3, lsl 2",1
"subseq r0, r2, 0x40000010",1
hvc 0x1007,1
"rsbseq r0, r8, r0, asr r2",1
"ldcleq p2, c0, [sp], -0x104",1
"strls sb, [ip], -0x104",1
"stcvc p1, c4, [r2, -4]",1
"ldreq r0, [r1], 0x308",1
"stcvc p1, c4, [r2, -0x18]",1
"ldmeq r1, {r2, r8, sb}",1
"stcvc p1, c4, [r2, -0x18]",1
"addseq r0, r1, r0, lsl 6",1
invalid,1
"stmdbhi r0, {r5, r7, r8}",1
"smlattmi r0, ip, r0, r0",1
"strvc r5, [r2], -r1",1
"strvs r0, [r0], -r0",1
"eoreq pc, sp, r1, lsl 2",1
"bicseq r0, sb, r0, lsl 6",1
"andeq r5, r0, r1, lsl 20",1
invalid,1
"moveq r2, r0",1
"teqeq lr, r0, lsl 30",1
"strb r0, [r8, -0x100]!",1
"ldrteq r0, [r4], -0",1
"movweq r0, 0x4b",1
"tstlo ip, 0x80000036",1
"cdplo p0, 0xd, c0, c15, c0, 0",1
"ldc2 p0, c0, [r4, -4]!",1
"movweq r0, 4",1
"ssateq r0, 0xd, fp, asr 3",1
"cdplo p0, 0xf, c0, c13, c0, 0",1
"ldrtlo r0, [r4], -1",1
"movweq r0, 0x2d",1
"ldrsbeq r0, [sl], -0x1c",1
svclo 0x1b0000,1
"eorsvc r0, fp, 1",1
"movweq r7, 0x465",1
"adceq r0, fp, 0x80000037",1
svclo 0x520000,1
svcls 0x390001,1
"movweq r0, 0x2f",1
"eoreq r0, sl, 0xc0000037",1
"strpl r0, [r1, -r0]",1
invalid,1
"rsceq r7, ip, r0",1
"rsceq r1, r5, r0, lsl 12",1
"andpl r4, r1, r0, lsl 2",1
invalid,1
invalid,1
"cdp p0, 9, c0, c5, c1, 0",1
"str r0, [sl, -0]!",1
"mrseq r0, spsr",1
"rsbseq r0, r6, r0, asr r2",1
"bicsge r4, r0, r0, lsl 6",1
"ldmhi sp!, {r0} ^",1
"strb r0, [sl, -0]",1
"mrseq r0, spsr",1
"rsbseq r0, r7, r3, asr r2",1
"subseq r0, r1, 0x40000010",1
hvc 0x1006,1
"rsbseq r0, r4, r0, asr r2",1
invalid,1
"ldcle p0, c0, [ip, 4]",1
"ldrb r0, [lr, -0]",1
"mrseq r0, spsr",1
"rsbseq r0, r4, r0, asr r2",1
"andge r4, r0, 0, 24",1
"stc p0, c0, [sb], {1}",1
"strvs r0, [r0], -r0",1
"andseq r6, r6, r1, lsl 12",1
"andseq r0, pc, 0, 6",1
"andeq sp, r0, r1, lsl 18",1
"moveq r2, r0",1
invalid,1
"teqeq pc, r0, lsl 22",1
"str r0, [sp], r0, lsl 2",1
svchi 0x340000,1
"movweq r0, 0x1c",1
"subseq r0, sl, pc, lsl r2",1
svclo 0x9b0000,1
"ldrteq r0, [r4], -1",1
"movweq r0, 0x4b",1
"ldmdagt pc, {r0, r1, r2, r3, r4, sb} ^",1
svclo 0xd50000,1
"ldmdbpl r4!, {r0}",1
"movweq r0, 0x42",1
"adcseq r0, r6, r0, lsr 4",1
"andmi r0, pc, r0",1
invalid,1
"movweq r0, 0x14",1
"sbcseq r0, sb, r0, lsr 4",1
"submi r0, r3, r0",1
"ldcvs p0, c0, [fp, -4]!",1
"movweq r6, 0x773",1
"strteq r0, [ip], r3, lsr 4",1
"rsbsmi r0, r7, r0",1
blls 0xe6cd7c,1
"movweq r0, 0x2b",1
"sbcseq r0, sb, r4, lsr 4",1
"strpl r0, [r1], -0",1
invalid,1
invalid,1
"rsceq r4, r6, r0, lsl 10",1
"ldrbne r3, [lr, r0, lsl 4]",1
"strlo r0, [r3, -0]",1
"andeq sp, r0, r2, lsl 18",1
"mrseq sb, spsr",1
svcne 0x1f4700,1
"addge r0, r0, 0",1
"addge r0, ip, 1",1
bllo 0xecdb4,1
svcne 0x484502,1
"adcsmi r0, r3, r0",1
"stcllo p0, c0, [r5, -4]",1
invalid,1
"strmi r0, [r0, -0x140]",1
"andeq r1, r0, r2, lsr pc",1
"ldrdeq r4, r5, [r1], -sb",1
invalid,1
"rsceq sb, ip, r0, lsl 28",1
"mrspl r4, apsr",1
invalid,1
"strvc r5, [r2], -r1",1
"andeq r0, r0, r0",1
invalid,1
"rsceq sp, lr, r0, lsl 10",1
"subsge r4, r8, 0, 6",1
svc 0xbc0001,1
"ldrbt r0, [ip], -r0",1
"mrseq r0, spsr",1
"teqmi r5, r2, asr r1",1
"vrhadd.u16 d5, d2, d1",1
"ldrths r5, [r2], -1",1
"biceq r2, r6, r3, lsl 24",1
"movweq r2, 0x6200",1
"strheq ip, [r1], -r8",1
"andpl r4, r1, r2, lsr 2",1
"andmi r3, r0, r1",1
"andeq sl, r1, r0, ror 4",1
"muleq r0, r5, lr",1
"subseq r0, r0, 0x40000010",1
"andeq r0, r0, r7, ror r0",1
"stmdane ip, {r0, r3, r5, r6, r8} ^",1
"strls r0, [r3, -0]",1
"addsge r0, r8, 0x80000000",1
"rscsge r0, r4, 1",1
"rscmi r0, ip, r1",1
"streq r0, [r1], -1",1
"strlo r0, [r0], -0xe7",1
"andeq r4, r0, r4, lsl 22",1
invalid,1
invalid,1
bllo 0x2d35c,1
"rsbeq r6, r1, r4, ror 12",1
invalid,1
bhs 0x2cef8,1
"movwmi r0, 0x141",1
"andeq sl, r1, r0, asr 5",1
"andeq lr, r0, pc, lsl 30",1
"ldrdeq lr, pc, [r0], -sp    ; [0x2ce74:4]=0x18875",1
"cmpeq r0, 0x40000010",1
"andeq r8, r1, r5, ror r8",1
invalid,1
"eorseq r8, r6, r0, lsl 4",1
"rsceq pc, r6, r0, lsl 2",1
"andpl r4, r1, r0, lsl 2",1
"andeq r7, r0, r2, lsl 10",1
invalid,1
"rsceq r8, ip, r0, lsl 18",1
"rscge r4, r8, 0, 24",1
"stc p0, c0, [sb], {1}",1
"strvs r0, [r0], -0",1
"andseq ip, sp, r1, lsl 6",1
"mvneq r0, r0, lsl 8",1
"andeq r0, r0, sl, asr r0",1
"strdeq sl, fp, [r1], -r4",1
"andeq sl, r1, r0, asr 7",1
"andeq r4, r1, sp, lsr r1",1
"rsceq r1, r8, r1, lsl 24",1
blmi 0x13aec4,1
invalid,1
"andeq ip, r0, pc, asr r8",1
"andeq r4, r1, sl, ror 2",1
"andeq ip, pc, r8, lsr sl",1
"stclge p4, c0, [r2], 0",1
"strls r0, [r0], -r6",1
"stmdalo r0, {r0, r6, r8}",1
"andeq r2, r0, pc, lsr 5",1
"sbcseq lr, sb, r4, lsl 6",1
"movsmi r0, r0",1
"ldrteq r0, [r8], -r1",1
"streq r0, [r0], -0x39",1
"andseq pc, sp, r4, ror 13",1
"mrslo sp, r8_usr",1
invalid,1
"str r0, [r4, -0]",1
"andeq r0, r0, sl, asr r0",1
"movwpl sb, 0x102",1
"rsbseq r7, r2, r5, ror 4",1
"adceq lr, fp, 4, 14",1
"mvnsmi r0, r0",1
"subsvs r0, r0, r1",1
"streq r0, [r0], -0x27",1
"andseq r7, r3, r8, ror 31",1
invalid,1
"strbeq r5, [r1], r0",1
invalid,1
"andeq r1, r0, pc, ror r3",1
"andeq r4, r1, r8, lsr r2",1
"qdsubvs r6, r1, r6",1
"stclhi p4, c0, [sb], 0",1
invalid,1
"teqge r8, 0x58000001",1
"cdp p0, 9, c0, c5, c1, 0",1
"ldr r0, [sl, r0]!",1
"mrseq r0, spsr",1
"rsbseq r0, r7, r0, asr r2",1
"cmpge r4, 0, 6",1
svc 0xde0001,1
"strb r0, [0x0002cf64]",1
"mrseq r0, spsr",1
"ldmdahi r6!, {r4, r6, r8, sb} ^",1
"subls r0, r3, r1",1
invalid,1
beq 0x2d2a4,1
"smlattmi r0, r8, r0, r0",1
blvc 0xc1b84,1
"andpl r4, r1, 0, 2",1
invalid,1
"strvc r5, [r2, -r1, lsl 2]",1
"andpl r4, r1, r0, lsl 2",1
invalid,1
"andseq r7, r0, 2, 26",1
"subeq r0, r1, 0x75",1
bvc 0xae194,1
"stcvc p1, c4, [r2, -0]",1
"rsbseq r0, sl, r0, lsl 4",1
invalid,1
svc 0xf70001,1
"mrseq r0, spsr",1
"ldmdahi r6!, {r4, r6, r8, sb} ^",1
"strvs r0, [r0], -r1",1
"subeq fp, r7, r1, lsl 4",1
"teqeq r6, r0, lsl 8",1
"andeq ip, r5, r1, lsl 8",1
"moveq ip, r0",1
invalid,1
"mrseq r6, spsr",1
"stm sp, {r8} ^",1
"ldcle p0, c0, [r4, -0]!",1
"streq r0, [r0], -0x31",1
"ldclle p1, c0, [sb, -0xdc]",1
"addmi r0, sp, 0",1
bgt 0xd2cff0,1
"streq r0, [r0], -0xf",1
invalid,1
"adcmi r0, lr, 0",1
"teqgt r4, r1",1
"streq r0, [r0], -6",1
"cmnne pc, 0x4000000e",1
"sbcmi r0, pc, 0",1
"eorsvs r0, r4, r1",1
"streq r0, [r0], -0x27",1
"cmnne pc, 0x4000000e",1
"rscsmi r0, r0, 0",1
"ldrlo r0, [r3, -r1]!",1
"streq r0, [r0], -0x41",1
svcle 0x1e013a,1
invalid,1
invalid,1
svcle 0x390001,1
"mrseq r0, spsr",1
invalid,1
"andpl r4, r1, 0xc0000014",1
"andpl pc, r1, 0xc000000",1
"cmpeq r1, 0x40000010",1
"ldrshmi r0, [r1, -0x13]",1
"vhadd.u8 d5, d3, d1",1
"subeq r5, r1, 1",1
invalid,1
"ldmdaeq sp!, {r0, r6, sb} ^",1
"ldrbteq sb, [r8], -r3, lsl 2",1
"ldrbteq r0, [sp], -0x241",1
"andpl pc, r1, 0xc000000",1
"rsbseq r0, sp, r1, asr 4",1
"andeq r3, r0, r1",1
"ldmdaeq sb!, {r1, r2, r5, r6, r8} ^",1
"movwmi r0, 0x4000",1
"strbeq r0, [r4, 0x101]",1
"mvnsge r0, 0",1
"strtge r0, [r0], -1",1
"tstmi r1, 1",1
svchi 0x10001,1
"strlo r0, [r0], -0xe9",1
"ldrdeq r3, r4, [r0], -sp",1
"stmdbpl r1, {r2, sl, lr}",1
"stclo p0, c0, [r0, -0x374]",1
"strlo r0, [r0], -0x143",1
"andeq r0, r0, sl, asr 31",1
invalid,1
"cdppl p0, 0, c0, c0, c6, 0",1
"strlo r0, [r0], -0x143",1
"andeq r0, r0, r1, asr 13",1
svcvc 0x14604,1
svcvc 0x13,1
"strlo r0, [r0], -0x143",1
"andeq r2, r0, r0, ror 14",1
svcvc 0x14604,1
"andge r0, r0, r3, lsl r0",1
"movwlo r0, 0x143",1
"andeq r1, r0, r2, lsl 24",1
"strgt r4, [r1], -0x704",1
"andeq r0, r0, 5",1
invalid,1
"streq r0, [r0], -0x41",1
svcle 0x1e0148,1
invalid,1
"ldrge r4, [r8], -4",1
svcle 0x390001,1
"mrseq r0, spsr",1
invalid,1
"andpl r4, r1, 0xc0000014",1
"andpl pc, r1, 0xc000000",1
"cmpeq r1, 0x40000010",1
"ldrshmi r0, [r1, -0x13]",1
"vhadd.u8 d5, d3, d1",1
"subeq r5, r1, 1",1
"andlo r0, r1, sp, ror ip",1
"ldmdaeq sp!, {r0, r6, sb} ^",1
"ldrbteq sb, [ip], -r3, lsl 2",1
"ldrbteq r0, [sp], -0x241",1
"andpl pc, r1, 0xc000000",1
"rsbseq r0, sp, r1, asr 4",1
"ldrbteq sb, [r8], -r3, lsl 2",1
invalid,1
"andeq r1, r0, lr, ror fp",1
invalid,1
"andeq r0, r0, r4, asr 11",1
"andeq sl, r1, r0, lsr 8",1
"andeq sl, r1, r4, ror 8",1
"andeq r4, r1, r1, asr 7",1
"rsceq r7, sl, r1, lsl 26",1
"bicslo r3, sp, r0, lsl 8",1
"movwpl r0, 0x4000",1
"sbcseq r5, sp, r1, lsl 18",1
"mrseq lr, spsr",1
"sbcmi r3, lr, r0, lsl 8",1
"strpl r0, [r4], -0",1
"andeq sl, r6, r1, lsl 24",1
invalid,1
"cmphs r8, 0, 8",1
"strpl r0, [r4, -0]",1
"andseq r7, r3, r1, lsl 30",1
invalid,1
"sbcsmi r3, r6, r0, lsl 8",1
"strpl r0, [r4], -0",1
"andeq sl, r6, r1, lsl 24",1
"mrseq r5, spsr",1
invalid,1
"strpl r0, [r4, -0]",1
"andseq r7, r3, r1, lsl 30",1
"addseq r0, r1, r0, lsl 4",1
"eoreq r6, r7, r3, lsr r0",1
"cmpeq r5, r0, lsl 8",1
"andeq r1, r0, pc, ror r3",1
"movwlo sb, 0x4102",1
"andeq r4, r0, r7, lsr r1",1
"cdpne p6, 0, c5, c1, c4, 0",1
"andeq r0, r0, 0xdf",1
"shadd8ls r0, r3, r1",1
"streq r0, [r0], -0x1a",1
"cmnne pc, 0x40000015",1
invalid,1
"ldrbge r4, [ip], -0xc",1
"adds r0, ip, 1",1
"mrseq r0, spsr",1
invalid,1
"andpl r4, r1, 0xc0000014",1
"andpl pc, r1, 0xc000000",1
"cmpeq r1, 0x40000010",1
"ldrshmi r0, [r1, -0x13]",1
"vhadd.u8 d5, d3, d1",1
"subeq r5, r1, 1",1
invalid,1
"rsbsne r0, sp, r1, asr 4",1
"streq sb, [r4], -r3, lsl 2",1
"ldcleq p2, c0, [sp], -0x104",1
"streq sb, [r0], -r3, lsl 2",1
"ldmdaeq sp!, {r0, r6, sb} ^",1
"subeq r3, r1, 1",1
invalid,1
"subeq r0, r1, 124, 12",1
invalid,1
"andeq r0, r0, r8, ror r6",1
bne 0x1bad7b8,1
"andvs r0, r4, r0",1
"strbeq r0, [r4, 0x101]",1
"strbtge r0, [r4], -0",1
"strtge r0, [r8], 1",1
"ldrbtmi r0, [r1], -1",1
invalid,1
"strlo r0, [r0], -0xeb",1
"ldrdeq r3, r4, [r0], -sp",1
"stmdbpl r1, {r2, r8, sp, lr}",1
"stcls p0, c0, [r0, -0x374]",1
"strlo r0, [r0], -0x144",1
"andeq r4, r0, lr, asr 1",1
invalid,1
"cdplt p0, 0, c0, c0, c6, 0",1
"strlo r0, [r0], -0x144",1
"andeq r2, r0, r8, asr r3",1
svcvc 0x16304,1
svcle 0x13,1
"strlo r0, [r0], -0x144",1
"ldrdeq r4, r5, [r0], -r6",1
invalid,1
"andeq r0, r0, r6",1
"movwlo r0, 0x145",1
"andeq r2, r0, r0, ror 6",1
svcvc 0x16304,1
"andeq r0, r0, 0x13",1
"mlasvs r3, r1, r0, r0",1
"streq r0, [r0], -0x27",1
"cmnne pc, 0xc0000018",1
invalid,1
invalid,1
"strvs r0, [r4], -0",1
"andeq ip, r5, r1, lsl 8",1
"ldmeq r1, {sb}",1
"subeq r3, r1, r3, lsr r7",1
invalid,1
"andeq sp, r0, lr, lsl pc",1
"movwlo sb, 0xc102",1
"muleq r0, r6, sl",1
svcvc 0x16304,1
"andeq r0, r0, 0x13",1
"umaalge r1, r0, r1, r0",1
invalid,1
"smlattmi r0, r2, r0, r0",1
"vcgt.u8 d5, d3, d1",1
invalid,1
invalid,1
"qaddpl r4, r2, r1",1
invalid,1
"cmpeq r0, 0x40000010",1
"ldrshmi r0, [r0, -0x13]",1
"tsteq r4, r2, lsl 26",1
"stcvc p1, c4, [r2, -0xc0]",1
"ldmeq r1, {r4, r8, sb}",1
"stcvc p1, c4, [r2, -0x18]",1
"ldreq r0, [r1], 0x30c",1
"stcvc p1, c4, [r2, -0x18]",1
"addseq r0, r1, r8, lsl 6",1
"stcvc p1, c4, [r2, -0x18]",1
"ldcvc p3, c0, [r1], {4}",1
"stcvc p1, c4, [r2, -0x18]",1
"ldmvc r1, {r8, sb}",1
bvs 0x2d334,1
"eorseq ip, r3, r1, lsl 28",1
"subeq r0, ip, 0, 8",1
invalid,1
invalid,1
"rsbseq r0, sp, r0, lsl 4",1
"rsceq lr, fp, r1",1
"bicslo r3, sp, r0, lsl 6",1
"stcmi p0, c0, [r4, -0]",1
"sbcseq r5, sp, r2, lsl 18",1
"cmplo r0, 0, 2",1
"andeq r4, r0, r7, lsr r1",1
"cdpne p14, 0, c4, c2, c4, 0",1
"ldrdeq r0, r1, [r0, -pc]",1
invalid,1
svcmi 0x40000,1
"andeq r1, r2, r2, lsl 8",1
"ldrblo r0, [r2], -0x100",1
"andeq r2, r0, lr, ror 9",1
bleq 0xc1378,1
invalid,1
"movwlo r0, 0x145",1
"andeq r4, r0, r5, ror ip",1
bleq 0xc1388,1
"andeq r0, r0, 6",1
invalid,1
"strheq r0, [r0], -ip",1
"strdeq lr, pc, [r0], -r1",1
"andeq sb, r0, fp, ror 14",1
"andeq r7, r1, r0",1
"eoreq lr, ip, r2, asr r2",1
"addeq r0, r0, 0, 6",1
"streq r0, [r0, -0xec]",1
"biceq fp, r4, r3, lsl 16",1
bl 0xff832fa4,1
invalid,1
"strne r0, [r0, -r0]",1
"stceq p0, c0, [r0, -0x3b0]",1
"muleq r0, r7, r0",1
"cmplo r2, r0, lsl r0",1
"movweq r0, 0x4c",1
"strhteq r2, [ip], 0x86",1
invalid,1
"strne r0, [r0, -r6, asr 3]",1
"andeq lr, r0, r7, lsl 24",1
"andseq r4, r7, sb, lsr r7",1
"subeq r0, sl, 0, 6",1
"andeq lr, r0, pc, lsr ip",1
"ldrbgt r0, [r4], -0x305",1
blge 0x5ed3e4,1
invalid,1
"andeq r0, r0, r3, lsr 4",1
"eoreq pc, sl, 0xc000",1
"streq r0, [r1, -0]",1
"subseq lr, r7, 0x30000",1
"streq r6, [r3, r0, lsl 26]",1
invalid,1
"andeq r0, r0, r5, lsl 18",1
invalid,1
"strne r0, [r0], -0xa",1
"andeq r0, sb, sb, lsr 11",1
"cdpvs p1, 0, c0, c1, c0, 0",1
"andseq sl, r2, r1, lsl 4",1
"bicseq r1, r1, r0, lsl 10",1
"andeq sl, r0, r1, lsl 18",1
"stc p1, c0, [sb], {0}",1
invalid,1
"andeq r0, r0, r0",1
"stcleq p1, c0, [sb, -0x1bc]",1
"ands r0, r5, 0",1
"cdpls p1, 0, c0, c1, c1, 0",1
bmi 0x2d7e8,1
"andeq r0, r0, sb, lsr 1",1
"strgt r7, [r1, -r0]",1
invalid,1
"andeq r0, r0, sb, lsr 1",1
"ldc p1, c0, [pc], 4",1
invalid,1
bmi 0x2d454,1
"andeq r0, r0, sp, lsr sb",1
"andeq sb, r0, sl, asr 14",1
"cmneq r1, r0",1
"muleq r0, r6, r3",1
invalid,1
"andeq lr, r0, r2, ror 25",1
"andeq sl, r6, sl, asr 24",1
"strteq r4, [ip], r0, lsl 20",1
"movtlo r0, 0xa000",1
bmi 0x2d47c,1
"andeq r0, r0, ip, lsr 13",1
"stmdale r1, {sb, sl, fp, sp, lr}",1
"strne r0, [r0, -0xa]",1
"stmdbge r1, {r0, r1, r2, r3, r4, r6, r7, r8}",1
invalid,1
"andeq lr, r0, r0, lsl 26",1
"andeq sl, r0, sl, asr 18",1
"sbcseq r4, sb, r0, lsl 20",1
"cdpvs p0, 0, c0, c0, c0, 0",1
"andeq r8, pc, r1, lsl 22",1
invalid,1
"andeq sp, r0, r1, lsl 18",1
"stc p1, c0, [r8, -0]!",1
invalid,1
bmi 0x2d50c,1
"andeq r0, r0, ip, lsr 13",1
"andeq sp, r0, sl, asr 18",1
svcne 0xab4a00,1
"andvc r0, r0, 0",1
"eorseq r6, r0, r1, lsl 22",1
invalid,1
"andeq r0, r0, sl, asr r0",1
"rsceq r4, sp, r1",1
"movtne r4, 0x7a00",1
"andvc r0, r0, r0",1
"andeq fp, r1, r1, lsl 4",1
"adceq r0, sb, r0, lsl 2",1
"mrseq r0, apsr",1
"andeq lr, r0, r1, ror 26",1
"andeq sl, r0, sl, asr 18",1
"subseq r4, sl, r0, lsl 20",1
"strbls r0, [sl, -r0]",1
"andeq r0, r0, r0",1
"adcshs r0, r6, 0xc000001c",1
"movwlt r0, 0x6000",1
"subeq r0, r0, r1, lsl 8",1
"sbcseq r0, sb, r0, lsl 2",1
invalid,1
bmi 0x2d8cc,1
"strheq r0, [r0], -r6",1
"andeq r3, sb, sl, asr 2",1
svcne 0xab4a00,1
"andvc r0, r0, 0",1
"subeq r6, r6, r1, lsl 28",1
"biceq r1, r5, r0, lsl 4",1
"andeq r1, r0, r7, asr 6",1
"rsceq sl, sp, r1",1
"movtne r4, 0x7a00",1
"andvc r0, r0, 0",1
"eoreq r3, sp, r1, lsl 22",1
"orreq r1, r5, r0, lsl 4",1
"andeq r0, r0, sl, asr r0",1
"rsceq fp, sp, r1, lsl 16",1
"movtne r4, 0x7a00",1
"strvc r0, [r0], -0",1
"eoreq r4, lr, r1, lsl 18",1
"cmpeq r4, r0, lsl 14",1
"andeq lr, r0, r6, asr 27",1
"stmdbvs r4, {r0, sb, sl}",1
"mcrvs p0, 0, r0, c0, c3, 0",1
"andeq r1, pc, r1, lsl 16",1
invalid,1
"andeq r5, r0, r1, lsl 20",1
"stcl p1, c0, [r5, 0]!",1
"strb r0, [sl, -0]",1
"andeq r0, r0, sp, ror 1",1
"stcl p4, c0, [fp, 0x18]!",1
"tstpl r7, 0",1
"strvc r0, [r0], -0x13",1
"andeq fp, fp, r1, lsl 24",1
"cmpeq r0, r0, lsl 14",1
"strdeq lr, pc, [r0], -lr",1
invalid,1
"cdpvs p0, 0, c0, c0, c6, 0",1
"andseq lr, r2, r1, lsl 24",1
"bicseq r1, r3, r0, lsl 10",1
"andeq sl, r0, r1, lsl 18",1
"cdp p1, 2, c0, c2, c0, 0",1
invalid,1
bmi 0x2d5bc,1
"ldrdeq r0, r1, [r0], -sb",1
"andle r7, r1, 0, 4",1
"andne r0, r0, 0x4a",1
"subseq r0, sl, pc, lsr 3",1
svclo 0x10000,1
bmi 0x2d98c,1
"andeq r1, r0, r7, asr 6",1
"andseq r5, r3, sl, asr 28",1
"cmneq r5, r0",1
"andeq r3, r0, r1, asr 12",1
invalid,1
bpl 0x6d5ec,1
invalid,1
"andeq lr, r0, r0, ror 28",1
"andeq sl, r6, sl, asr 24",1
"strteq r4, [ip], r0, lsl 20",1
"andvc r0, r0, 0",1
"subeq sp, sl, r1, lsl 8",1
invalid,1
"andeq r1, r0, lr, asr r3",1
"rsceq r7, lr, r1, lsl 16",1
"strteq r4, [ip], r0, lsl 20",1
"movwvc r0, 0",1
"eorseq fp, r5, r1, lsl 12",1
"orreq r0, r2, r0, lsl 16",1
"andeq r3, r0, sb, asr 15",1
"andseq r4, r3, r1, lsl 14",1
"cdp p1, 9, c0, c5, c0, 0",1
bpl 0x12ad630,1
"andeq r0, r0, r0",1
"ldrbeq r0, [r8, 0x16e]!",1
blhi 0x62d63c,1
"sbcseq r0, sb, r1, lsl 2",1
"cdpge p0, 0, c0, c1, c0, 0",1
bmi 0x2da00,1
"andeq r0, r0, ip, lsr 13",1
"andge r7, r1, 0, 8",1
"strne r0, [r0, -0xd]",1
"sbcseq r0, sb, fp, lsl 3",1
"cdpvs p0, 0, c0, c1, c0, 0",1
"subeq r6, r5, r1, lsl 2",1
"subeq r1, r7, 0, 2",1
"andeq fp, r0, r1, lsl 12",1
"cdp p1, 0xd, c0, c5, c0, 0",1
"strbpl r0, [sl], -0",1
"andeq r0, r0, sb",1
bleq 0x1eedc50,1
"andseq r0, r5, 0",1
"cdpvs p1, 0, c0, c1, c2, 0",1
"subeq r1, r1, r1, lsl 8",1
"rsceq r1, r4, 0, 18",1
"andeq r5, r0, r1, lsl 20",1
"cdp p1, 0xf, c0, c14, c0, 0",1
"cdp2 p0, 4, c0, c10, c0, 0",1
bmi 0x2da50,1
"andeq lr, r0, r4, lsl 30",1
"strgt r0, [r4], -0x600",1
"streq r0, [r0], -r1",1
"rsceq r0, pc, r4, lsl 20",1
invalid,1
invalid,1
"andeq r2, r0, sl, ror r1",1
invalid,1
"andeq r0, r0, sl, asr r0",1
"rsceq r2, pc, r1, lsl 16",1
"vmov.f32 s9, -5.000000e-01",1
"strvc r0, [r0, -0]",1
"andeq sl, r1, r1, lsl 16",1
"andlt r1, r0, 0, 14",1
invalid,1
"andeq r0, r0, sb, lsr 1",1
"rsceq r4, pc, r1, lsl 28",1
"adceq r4, sb, r0, lsl 20",1
bpl 0x12ad6e4,1
bmi 0x2d6e8,1
"andeq r0, r0, r3, lsr r0",1
"strlo r7, [r1, -0x500]",1
"smladne r0, r8, r0, r0",1
"andseq r3, r8, r0, lsl 30",1
"adceq r0, sb, r0, lsl 2",1
"strvc r0, [r1], -0",1
bmi 0x2dac0,1
"andeq r0, r0, sb, lsr 1",1
"andeq r3, sb, sl, asr 26",1
"eorseq r4, r3, r0, lsl 20",1
"andvc r0, r0, 0",1
"andeq r2, r7, r1, lsl 28",1
"mrseq r1, spsr",1
"andeq r0, r0, sl, asr r0",1
"rsceq sb, pc, r1, lsl 12",1
"ldmdbeq sp!, {sb, fp, lr}",1
"stcllo p0, c0, [sl, -0]",1
bmi 0x2d754,1
"ldrdeq r0, r1, [r0], -sb",1
"stmdage r1, {sl, ip, sp, lr}",1
"streq r0, [r0, -r6, asr 32]",1
"stcl p1, c0, [r6, 0x148]",1
"andvc r0, r1, 0",1
"eoreq r2, r3, r1, lsl 20",1
"biceq r1, r2, r0, lsl 4",1
"andeq r1, r0, r7, asr 6",1
"rsceq fp, pc, r1, lsl 24",1
"movtne r4, 0x7a00",1
"andvc r0, r0, 0",1
"andeq sb, r2, r1, lsl 12",1
"teqeq r3, r0, lsl 20",1
"strheq r0, [r0], -r6",1
"rsceq sp, pc, r1, lsl 28",1
"strteq r4, [ip], r0, lsl 20",1
"mcrrge p0, 0, r0, sl, c0",1
bmi 0x2d790,1
"andeq r0, r0, sl, asr r0",1
"andpl r6, r1, 0, 28",1
"stmdbne r0, {r1, r2, r4, r5}",1
bpl 0x6e34c,1
invalid,1
"strdeq lr, pc, [r0], -r7",1
"rsceq pc, lr, sl, asr 28",1
"cmneq r7, r0",1
"strdeq r4, r5, [r0], -sp",1
invalid,1
"andeq r0, r0, sl, asr r0",1
"vmov.f32 s9, -5.312500e-01",1
"andeq r0, r0, r0",1
"andeq r0, r0, r1, lsr 8",1
"ldrhs r0, [lr, -r2]",1
invalid,1
"andeq r0, r0, lr",1
"subeq sl, ip, r1, lsl 16",1
"andeq sl, r3, r0, lsl 16",1
invalid,1
invalid,1
"subeq r5, r1, r0, lsl 28",1
"movweq r0, 0x5200",1
"strle r0, [r3, -0]",1
"andeq r0, r0, r0, lsr r0",1
"strhs r0, [r7], -0x403",1
"movweq r0, 0",1
"eorseq r0, r1, r1, lsl 16",1
"andeq r0, r3, 0",1
"andeq r3, r0, r7, lsl 30",1
"streq r0, [r4, -r0, lsl 6]",1
"andeq r0, r0, pc, lsl r0",1
"movwlo r0, 0x6103",1
"movweq r0, 0",1
"sbceq r0, fp, r2, lsl 10",1
"streq r0, [r4], -0",1
"strbtvc r6, [lr], -0x905",1
"streq r0, [r8, -0x300]",1
"andeq r0, r0, r0",1
bne 0x1ef824,1
"andeq r0, r0, 0",1
"andeq r0, r0, sl, lsr 5",1
"rsbeq r3, r1, r4, lsl 14",1
"streq r0, [r2, -0]",1
"streq r0, [r0], -5",1
"andeq r8, r0, ip, lsl 11",1
"streq r0, [r4, -0x300]",1
"andeq r0, r0, r5",1
"andeq sb, r4, r2, lsl 28",1
svcvs 0x8d0400,1
"movweq r0, 0",1
"sbcseq r0, r5, r4, lsl 14",1
"streq r0, [r5], -0",1
"adceq r0, r6, r6, lsl 8",1
"mrseq r0, apsr",1
"andeq r3, r0, r8, lsl 20",1
"ldrbeq r0, [sl], 0x200",1
"andlo r0, r5, r0",1
"strheq r0, [r0], -r8",1
"andeq sp, r4, r7, lsl 12",1
invalid,1
"andeq r0, r0, r3, ror r2",1
"andeq r7, sp, r8, lsl 6",1
bpl 0xffdef078,1
"andeq r0, r0, 0",1
svcvc 0x80023,1
"streq r0, [r0], -r4",1
"strdeq sl, fp, [r0], -ip",1
"strteq r0, [r3], -0x200",1
"andeq r4, r2, r8, lsl 2",1
"rscsge r0, sp, r0, lsl 12",1
"andeq r0, r0, 0",1
blmi 0x22f928,1
"streq r0, [r0], -r7",1
"strdeq sl, fp, [r0], -lr",1
"stceq p2, c0, [r3], -0",1
"andeq r6, sb, r8, lsl 4",1
"rscsge r0, pc, r0, lsl 12",1
"andeq r0, r0, 0",1
"stchi p0, c1, [sb, -0x8c]",1
"streq r0, [r0], -r3",1
"adceq r0, r0, r0, lsl 2",1
"movwhs r0, 0x2000",1
"bfieq r0, r4, 8, 1",1
invalid,1
"andeq sl, r0, r1",1
"stmdane r3!, {sb}",1
"andeq sb, r1, sb, lsl 22",1
invalid,1
"andeq r0, r0, r0, lsr 1",1
"ldmdbeq ip, {r1, r8, sb, sp}",1
"andeq r0, r0, lr, ror r2",1
"andge r0, r1, r6, lsl 6",1
"andeq r0, r0, 0",1
blle 0x275980,1
"streq r0, [r0], -r3",1
"adceq r0, r0, r5, lsl 2",1
"movwhs r0, 0x2000",1
invalid,1
"streq r0, [r6], -r0",1
"andeq sl, r0, r1",1
"stmdahs r3!, {sb}",1
"andeq r5, r7, sb, lsl 18",1
invalid,1
"andeq r0, r0, r0, lsr 1",1
"stmdbeq ip!, {r1, r8, sb, sp}",1
"andeq r0, r0, r3, asr 10",1
"mrslt r0, apsr",1
"andeq r0, r0, 2",1
invalid,1
"streq r0, [r0], -r1",1
"adcseq r0, r7, 0xc0000002",1
"movwhs r0, 0x2000",1
"eorseq r0, sb, 52, 18",1
"stceq p0, c0, [r6, -0]",1
"andeq r5, r0, r1, lsl 20",1
"stmdalo r3!, {sb}",1
"andeq sp, r5, sb, lsl 14",1
"tsteq r1, r0, lsl 12",1
"andeq r0, r0, sl, asr r0",1
"ldmdbeq ip!, {r1, r8, sb, sp}",1
"andeq r0, r0, ip, asr 5",1
bvc 0x7257c,1
"andeq r0, r0, 0",1
bhi 0x27d9f8,1
"streq r0, [r0], -r2",1
"eorseq r0, lr, r7, lsl r1",1
"movwhs r0, 0x2000",1
"streq r0, [ip], -r4, asr 18",1
invalid,1
"andeq r4, r0, r1, lsl 24",1
"strtmi r0, [r3], -r0, lsl 4",1
"andeq r0, r1, sb, lsl 16",1
"tsteq sb, r0, lsl 12",1
"strheq r0, [r0], -sp",1
"stmdbeq r7, {r1, r8, sb, sp} ^",1
"strheq r1, [r0], -sp",1
"stcgt p13, c1, [r1, -0x18]",1
"andeq r0, r0, 2",1
"andle r4, sb, r3, lsr 16",1
"streq r0, [r0], -r2",1
"addeq r0, ip, r6, lsr 2",1
"movwhs r0, 0x2000",1
invalid,1
svchs 0x60000,1
"andeq sb, r0, r1, lsl 28",1
"stmdapl r3!, {sb}",1
"andeq sb, r7, sb, lsl 28",1
"teqeq r0, r0, lsl 12",1
"muleq r0, lr, r0",1
"ldmdbeq ip, {r1, r8, sb, sp} ^",1
"strdeq r0, r1, [r0], -sb",1
"cdpls p1, 0, c3, c1, c6, 0",1
"andeq r0, r0, 0",1
"stcge p0, c6, [sb, -0x8c]",1
"streq r0, [r0], -r7",1
"addseq r0, lr, r2, lsr r1",1
"movwhs r0, 0x2000",1
"ldreq r0, [r4, r4, ror 18]!",1
"movwlo r0, 0x6000",1
"andeq r2, r0, r1, lsl 10",1
"stmdavs r3!, {sb}",1
"andeq r0, r4, sb, lsl 28",1
"teqeq r5, r0, lsl 12",1
"andeq r0, r0, sl, asr r0",1
"stmdbeq ip!, {r1, r8, sb, sp} ^",1
"ldrdeq r0, r1, [r0], -r6",1
"movwle r3, 0x1706",1
"andeq r0, r0, 2",1
beq 0x49aac,1
"strheq r0, [r0], -ip",1
"strlo sb, [r7], -r6, lsl 22",1
invalid,1
"adcseq sl, r1, 0x80000001",1
invalid,1
"streq r0, [r0], -pc, lsr 32",1
"andeq fp, r2, r2, lsr 3",1
"eoreq r0, r3, r0, lsl 4",1
"andeq sl, r3, r8, lsl 4",1
"strlt r0, [r3, r0, lsl 12]!",1
"andeq r0, r0, 2",1
"stmdals r8, {r0, r1, r5, sl}",1
invalid,1
"andeq r5, r0, r7, lsr 21",1
"stmdaeq r3!, {sb}",1
bvc 0x12f260,1
"streq r0, [r0], -r2",1
"andeq fp, r0, r4, lsl 16",1
"adceq r0, r6, r0, lsl 22",1
"sbceq r0, sp, 0",1
"strls r0, [ip, -r0]",1
"andeq r0, r0, r0",1
"movwvc r0, 0x4600",1
bleq 0x2da88,1
"andeq r0, r0, r6, lsr 1",1
"andeq r0, r0, r3, ror 5",1
"andeq sb, r0, ip, lsl 14",1
"stceq p7, c2, [r0, -0]",1
"andeq sb, r6, r1",1
"orreq r0, r4, r0, lsl 4",1
"andeq r0, r0, sl, asr r0",1
"andeq r0, r3, r3, lsl 2",1
"cmneq sp, 0, 28",1
"strhi r0, [r2], -0",1
"andeq r0, r0, r1, lsl 6",1
"stcge p6, c0, [r4, -0]",1
svceq 0,1
"andeq lr, sb, r1, lsl 22",1
"teqeq r8, r0, lsl 2",1
"andeq r0, r0, sl, asr r0",1
"strdeq sl, fp, [r1], -r4",1
"andeq sl, r1, r0, lsl 11",1
"andeq r4, r1, sb, asr r5",1
"andeq fp, r3, r1, lsl 18",1
"cmneq pc, 0",1
invalid,1
"andeq r0, r0, r1, lsl 6",1
"andeq r4, r1, sb, ror r5",1
"subeq ip, ip, r1, lsl r5",1
"ldmdblt sl!, {r8}",1
"strls r0, [r0, -r3]",1
"andne r0, r0, 0x40000011",1
"strheq r4, [r0], -fp",1
invalid,1
"strvc r0, [r5, -0]",1
svcls 0x2e3000,1
"subeq sb, ip, r1, lsl ip",1
"ldmdblt ip!, {r8}",1
"stclt p0, c0, [r0, -0xc]",1
"movwne r0, 0x145",1
"andeq r0, r0, r3, ror 5",1
"andeq sl, r1, r4, lsl 10",1
"andeq sl, r1, ip, lsl 10",1
"cmneq lr, 0x400",1
invalid,1
invalid,1
"andseq r0, r5, r4, asr r0",1
svcle 0x1a5,1
"andls r0, r0, 3",1
"strne r0, [r0], -r3",1
"strvc r5, [r2], -1",1
"ldrne r0, [r5], -0",1
invalid,1
"strge r0, [r0], -r3",1
"strne r0, [r0], -r3",1
"strvc r5, [r2], -1",1
invalid,1
"andne r0, r0, r5, lsr 3",1
"strne r0, [r0, -r4]",1
"andeq sl, r1, r8, asr r5",1
"andeq r0, r0, r0, lsl r4",1
invalid,1
"mrseq r0, apsr",1
"andeq r8, r5, r2, lsl 2",1
"streq r1, [r3, r0, lsl 18]",1
invalid,1
"strheq r0, [r0], -r7",1
"tsths sb, 0x40000000",1
"streq r0, [r0, -0xa]",1
"andeq fp, r2, sb, lsr 15",1
bne 0x6df8c,1
"subeq sp, ip, r1, lsl 4",1
invalid,1
"andeq r0, r0, r5, lsr 32",1
"andeq pc, r3, r1, lsl 14",1
"movweq r1, 0x1b00",1
invalid,1
"andeq r0, r3, r1, lsl 24",1
invalid,1
"andeq r5, r0, r1, lsl 20",1
"ldreq r0, [r0], -0x100",1
"tsteq fp, r0",1
"andeq r0, r0, r3",1
invalid,1
"andlo r0, sb, 0",1
"andeq r1, r4, r1, lsl 28",1
"streq r0, [r6], -0x100",1
"andeq r0, r0, sl, asr r0",1
"andseq r2, r5, r0, lsl 14",1
"strlt r0, [r0], -0x200",1
"streq r0, [r0], -0x28",1
"andeq r0, r0, r1, lsl 28",1
"stcmi p1, c0, [fp, -0]",1
invalid,1
"strge r0, [r0]",1
"stmge r0!, {r0} ^",1
"rsbsmi r0, r6, 1",1
invalid,1
"andeq r3, r0, r8, lsl 2",1
"streq r0, [r2, -r0, lsl 4]",1
"andeq r0, r0, pc, lsr r0",1
"strhs r0, [r7], -0x402",1
"andeq r0, r0, 0",1
"andseq r0, pc, r4, lsl 14",1
invalid,1
"andeq r3, r0, r6, lsl 6",1
"streq r0, [r2, -0x200]",1
"andeq r0, r0, fp, asr 1",1
"stmdbvs r5, {r0, r1, sl}",1
"andeq r7, r0, 0x6e000000",1
"andeq r0, r0, r8, lsl 10",1
invalid,1
"andeq r1, r0, r7, lsl 20",1
"adceq r0, sl, 0, 8",1
"strlo r0, [r5, -r0]",1
"andeq r0, r0, r6, asr r0",1
"andeq r0, r5, r4, lsl 10",1
bvc 0xfe32f048,1
"andeq r0, r0, 0",1
"andeq r0, r5, r4, lsl 10",1
"cdpls p0, 0, c0, c4, c0, 0",1
"streq r0, [r0, -4]",1
"andeq r6, r0, sp, lsl 9",1
"streq r0, [r4, -r0, lsl 4]",1
"ldrdeq r0, r1, [r0], -r5",1
"streq r0, [r6], -0x405",1
"muleq r0, fp, r0",1
blo 0x22e078,1
"streq r0, [r0], -0",1
"andeq r0, r0, r5, lsl 6",1
"eorseq sp, r3, r6, lsl 10",1
ble 0x12dc80,1
"streq r0, [r0, -r4]",1
"andeq fp, r0, r0, lsr r8",1
"ldrbeq r0, [r6], 0x700",1
invalid,1
"strdeq r7, r8, [r2], -r6",1
"ldcleq p8, c0, [r3, -0]!",1
invalid,1
"andeq r0, r0, pc, asr 32",1
"stmdaeq r0, {r1, r8, sb, sp}",1
"andeq r0, r0, pc, ror r4",1
"addseq pc, r5, r8, lsl 24",1
"movwhs r0, 0x2000",1
"subeq r0, r1, 4, 16",1
"stc2 p0, c0, [r8, -0]",1
"muleq r0, r5, r0",1
"stmdaeq r8, {r1, r8, sb, sp}",1
"andeq r0, r0, fp, asr 14",1
"addseq pc, r5, r8, lsl 28",1
"movwhs r0, 0x2000",1
"stmdbeq r2!, {r2, r3, fp} ^",1
invalid,1
"muleq r0, r5, r0",1
"ldmdbeq r0, {r1, r8, sb, sp}",1
"andeq r0, r0, sp, lsl 7",1
"strls r0, [r1, -8]",1
"andeq r0, r0, 0",1
"stmdagt sb, {r0, r1, r5, sl, ip}",1
"stmdaeq r0, {r0, r1, r2}",1
"addseq r0, r5, r1, lsl 2",1
"movwhs r0, 0x2000",1
"orrseq r0, fp, r8, lsl sb",1
"andeq r0, r8, 0",1
"andeq sb, r0, r1, lsl 10",1
"stcne p2, c0, [r3], -0",1
"andeq r7, r2, sb, lsl 28",1
"mrseq r0, apsr",1
"muleq r0, r5, r0",1
"stmdbeq r0!, {r1, r8, sb, sp}",1
"ldrdeq r0, r1, [r0], -fp",1
"strls r0, [r1, -0x508]",1
"andeq r0, r0, 0",1
"stmdblt sb, {r0, r1, r5, sl, sp}",1
"stmdaeq r0, {r0}",1
"addseq r0, r5, r6, lsl 2",1
"movwhs r0, 0x2000",1
"ldrbeq r0, [sb, -r8, lsr 18]",1
"streq r0, [r8, -r0]",1
"andeq sb, r0, r1, lsl 10",1
"stchs p2, c0, [r3], -0",1
"andeq r4, r5, sb, lsl 6",1
"mrseq r0, apsr",1
"strheq r0, [r0], -r1",1
"ldmdbeq r0!, {r1, r8, sb, sp}",1
"andeq r0, r0, r1, lsl 2",1
"strlt r0, [r1, -r8, lsl 22]",1
"andeq r0, r0, 2",1
"stmdblo sb, {r0, r1, r5, sl, ip, sp}",1
"stmdaeq r0, {r1}",1
"subeq r0, pc, sp, lsl 2",1
"movwhs r0, 0x2000",1
"ldrbeq r0, [r7, 0x938]",1
invalid,1
"andeq r4, r0, r1, lsl 30",1
"stclo p2, c0, [r3], -0",1
"andeq ip, r2, sb, lsl 24",1
"tsteq r3, r0, lsl 16",1
"andeq r0, r0, pc, rrx",1
"stmdbeq r0, {r1, r8, sb, sp} ^",1
"andeq r0, r0, sl, lsl 5",1
invalid,1
"andeq r0, r0, 0",1
invalid,1
"stmdaeq r0, {r1, r2}",1
"subeq r0, r1, r8, lsl r1",1
"movwhs r0, 0x2000",1
invalid,1
invalid,1
"andeq fp, r2, r1, lsl 26",1
"strmi r0, [r3, -r0, lsl 4]!",1
"andseq fp, sp, sb, lsl 26",1
"tsteq sp, r0, lsl 16",1
"andeq r0, r0, sp, asr 5",1
"stmdbeq r8, {r1, r8, sb, sp} ^",1
"ldrdeq r0, r1, [r0], -r0",1
invalid,1
"andeq r0, r0, 0",1
"strls r5, [sb, -r3, lsr 32]",1
"stmdaeq r0, {r0, r1, r2}",1
"addseq r0, r3, pc, lsr 2",1
"movwhs r0, 0x2000",1
invalid,1
"andlo r0, r8, r0",1
"andeq sb, r0, r1, lsl 6",1
"stcpl p2, c0, [r3], -0",1
"andeq pc, r2, sb, lsl 18",1
"teqeq r1, r0, lsl 16",1
"muleq r0, r3, r0",1
"stmdbeq r0!, {r1, r8, sb, sp} ^",1
"andeq r0, r0, sp, lsr 15",1
"movwls r3, 0x1208",1
"andeq r0, r0, 0",1
"strlt r6, [sb], -0x423",1
"stmdaeq r0, {r0, r1, r2}",1
"adceq r0, r2, r3, lsr r1",1
"movwhs r0, 0x2000",1
"streq r0, [lr], -0x968",1
"strlo r0, [r8, -0]",1
"andeq r4, r0, r1, lsl 30",1
"stcvs p2, c0, [r3], -0",1
"andeq sp, r7, sb, lsl 12",1
"teqeq r7, r0, lsl 16",1
"ldrdeq r0, r1, [r0], -r3",1
"rsbseq r2, r0, r2, lsl 6",1
"andeq fp, r4, sl, lsl 24",1
"ldreq r0, [fp, r0, lsl 16]",1
"andeq r0, r0, r6, lsr r3",1
invalid,1
"stmdaeq r0, {r1}",1
"andeq r2, r0, sb, ror 31",1
"adcseq sl, r1, 8, 4",1
"movwhs r0, 0x2000",1
invalid,1
"movwge r0, 0x8000",1
"strheq r0, [r0], -r7",1
"stmdaeq r4, {r1, r8, sb, sp}",1
"muleq r0, r8, lr",1
"subeq sl, pc, r8, lsl 14",1
"movwhs r0, 0x2000",1
"streq r0, [r6], -8",1
"andeq r0, r0, sl, ror r2",1
"adcseq r0, r8, r6, lsl 8",1
blls 0x2ede90,1
"stcgt p0, c0, [r0, -0]",1
invalid,1
"andeq r0, r0, ip, lsl 1",1
"streq r0, [r6], -0",1
"andeq r0, r0, r3, ror r2",1
"andeq sb, r0, fp, lsl 22",1
"andeq lr, r2, r0, lsl 6",1
"addeq r0, ip, r0, lsl 24",1
"eoreq r0, r7, r0",1
"andeq sp, r4, sp, lsl 12",1
"teqeq ip, r0, lsl 16",1
"strheq r0, [r0], -r8",1
"rscseq r0, r5, 0x6000000",1
blls 0x3adec8,1
"streq r0, [r0], -r0",1
"andeq r0, r3, r4",1
"strpl r0, [r4, -r0, lsl 30]",1
"stmdbeq r0, {r0, r2, r3, r4}",1
"andeq r4, r0, r4, lsr 30",1
svceq 0x41000,1
"andeq pc, ip, sl, lsr 8",1
"andslo r1, r5, r0, lsl 2",1
"addhi r0, r0, r0",1
"eorlo r1, r2, r8, lsl 2",1
"addhi r0, r1, r0",1
"eorlo r1, pc, r8, lsl 2",1
"addhi r0, r2, r0",1
"eorslo r1, ip, r8, lsl 2",1
"addhi r0, r3, r0",1
"sublo r1, sb, r8, lsl 2",1
"addhi r0, r4, r0",1
"subslo r1, r6, r8, lsl 2",1
"addhi r0, r5, r0",1
"rsblo r1, r3, r8, lsl 2",1
"addhi r0, r6, r0",1
"andslo r1, r7, r8, lsl 2",1
"addhi r0, r7, r0",1
"eorlo r1, r4, r8, lsl 2",1
"addhi r0, r8, r0",1
"eorslo r1, r1, r8, lsl 2",1
"addhi r0, sb, r0",1
"eorslo r1, lr, r8, lsl 2",1
"addhi r0, sl, r0",1
"sublo r1, fp, r8, lsl 2",1
"addhi r0, fp, r0",1
"subslo r1, r8, r8, lsl 2",1
"addhi r0, ip, r0",1
"rsblo r1, r5, r8, lsl 2",1
"addhi r0, sp, r0",1
"strne r1, [lr, -0x108]!",1
"addhi r0, lr, r0",1
"tstlo r2, r8, lsl 2",1
"addhi r0, pc, r0",1
"ldrne r1, [fp, -0x108]!",1
"addshi r0, r0, r0",1
"strbne r1, [r8, -0x108]",1
"addshi r0, r1, r0",1
"ldrbne r1, [r5, -0x108]",1
"addshi r0, r2, r0",1
"strbne r1, [r2, -0x108]!",1
"addshi r0, r3, r0",1
"strbne r1, [0x0002de80]!",1
"addshi r0, r4, r0",1
"ldrbne r1, [ip, -0x108]!",1
"addshi r0, r5, r0",1
"strne r1, [sb, 0x108]",1
"addshi r0, r6, r0",1
"ldrbne r1, [lr, 0x108]",1
"addshi r0, r7, r0",1
"strbne r1, [ip, 0x108]!",1
"addshi r0, r8, r0",1
"ldrbne r1, [sl, 0x108]!",1
"addshi r0, sb, r0",1
"ldrne r1, [r0, -0x108]!",1
"addshi r0, sl, r0",1
"tstlo r4, r8, lsl 2",1
"addshi r0, fp, r0",1
"ldrne r1, [sp, -0x108]!",1
"addshi r0, ip, r0",1
"strbne r1, [sl, -0x108]",1
"addshi r0, sp, r0",1
"ldrbne r1, [r7, -0x108]",1
"addshi r0, lr, r0",1
"strbne r1, [r4, -0x108]!",1
"addshi r0, pc, r0",1
"ldrbne r1, [r1, -0x108]!",1
"adchi r0, r0, r0",1
"ldrbne r1, [lr, -0x108]!",1
"adchi r0, r1, r0",1
"strne r1, [fp, 0x108]",1
"adchi r0, r2, r0",1
"strbne r1, [r0, 0x108]!",1
"adchi r0, r3, r0",1
"strbne r1, [lr, 0x108]!",1
"adchi r0, r4, r0",1
"ldrbne r1, [ip, 0x108]!",1
"adchi r0, r5, r0",1
"stclhs p1, c1, [pc], -0x20",1
"adchi r0, r6, r0",1
bhs 0xbb2440,1
"adchi r0, r7, r0",1
"stchs p1, c1, [r3, 0x20]!",1
"adchi r0, r8, r0",1
"ldcne p1, c1, [r8, 0x20]",1
"adchi r0, sb, r0",1
"stmne r4!, {r3, r8, ip} ^",1
"adchi r0, sl, r0",1
"stmdalo lr!, {r3, r8, ip} ^",1
"adchi r0, fp, r0",1
"subpl r1, r5, 8, 4",1
"adchi r0, ip, r1, asr 32",1
"ldrhs r1, [sp, r8, lsl 2]",1
"adchi r0, sp, r0",1
"ldrlo r1, [sb], -0x108",1
"adchi r0, lr, r0",1
"rscsmi r1, sb, r8, lsl 2",1
"adchi r0, pc, r0",1
"ldrmi r1, [sl], 0x108",1
"adcshi r0, r0, r0",1
"strlo r1, [lr], 0x108",1
"adcshi r0, r1, r0",1
"mrrclo p1, 0, r1, r1, c8",1
"adcshi r0, r2, r0",1
invalid,1
"adcshi r0, r3, r0",1
"andslo r1, r0, r8, lsl 2",1
"adcshi r0, r4, r0",1
"andslo r1, sp, r8, lsl 2",1
"adcshi r0, r5, r0",1
"eorlo r1, sl, r8, lsl 2",1
"adcshi r0, r6, r0",1
"eorslo r1, r7, r8, lsl 2",1
"adcshi r0, r7, r0",1
"sublo r1, r4, r8, lsl 2",1
"adcshi r0, r8, r0",1
"subslo r1, r1, r8, lsl 2",1
"adcshi r0, sb, r0",1
"subslo r1, lr, r8, lsl 2",1
"adcshi r0, sl, r0",1
"teqmi ip, r8, lsl 2",1
"adcshi r0, fp, r0",1
"mrsmi r1, spsr",1
"adcshi r0, ip, r0",1
"cmpmi r2, r8, lsl 2",1
"adcshi r0, sp, r0",1
"cmpmi sp, r8, lsl 2",1
"adcshi r0, lr, r0",1
invalid,1
"adcshi r0, pc, r0",1
"cmnmi r3, r8, lsl 2",1
"sbchi r0, r0, r0",1
"cmnmi lr, r8, lsl 2",1
"sbchi r0, r1, r0",1
"strne r1, [sb, -0x108]!",1
"sbchi r0, r2, r0",1
"mrslo r1, apsr",1
"sbchi r0, r3, r0",1
"ldrne r1, [r6, -0x108]!",1
"sbchi r0, r4, r0",1
"strbne r1, [r3, -0x108]",1
"sbchi r0, r5, r0",1
"ldrbne r1, [r0, -0x108]",1
"sbchi r0, r6, r0",1
"ldrbne r1, [sp, -0x108]",1
"sbchi r0, r7, r0",1
"strbne r1, [sl, -0x108]!",1
"sbchi r0, r8, r0",1
"ldrbne r1, [r7, -0x108]!",1
"sbchi r0, sb, r0",1
"strne r1, [r4, 0x108]",1
"sbchi r0, sl, r0",1
"ldrbne r1, [sb, 0x108]",1
"sbchi r0, fp, r0",1
"strbne r1, [r7, 0x108]!",1
"sbchi r0, ip, r0",1
"ldrbne r1, [r5, 0x108]!",1
"sbchi r0, sp, r0",1
"ldrhs r1, [ip, -0x108]!",1
"sbchi r0, lr, r0",1
"strbhs r1, [r7, -0x108]",1
"sbchi r0, pc, r0",1
"ldrbhs r1, [r2, -0x108]",1
"sbcshi r0, r0, r0",1
"ldrbhs r1, [sp, -0x108]",1
"sbcshi r0, r1, r0",1
"strbhs r1, [r8, -0x108]!",1
"sbcshi r0, r2, r0",1
"ldrbhs r1, [r3, -0x108]!",1
"sbcshi r0, r3, r0",1
"ldrbhs r1, [lr, -0x108]!",1
"sbcshi r0, r4, r0",1
"strhs r1, [sb, 0x108]",1
"sbcshi r0, r5, r0",1
"ldrhs r1, [r4, 0x108]",1
"sbcshi r0, r6, r0",1
"ldrne r1, [r5, 0x108]!",1
"sbcshi r0, r7, r0",1
"strbne r1, [r1, 0x108]",1
"sbcshi r0, r8, r0",1
"strbne r1, [sp, 0x108]",1
"sbcshi r0, sb, r0",1
"stclhs p1, c1, [sl], -0x20",1
"sbcshi r0, sl, r0",1
bhs 0xa725e0,1
"sbcshi r0, fp, r0",1
"ldchs p1, c1, [lr, 0x20]",1
"sbcshi r0, ip, r0",1
"ldcne p1, c1, [r3, 0x20]",1
"sbcshi r0, sp, r0",1
"stclne p1, c1, [0x0002e1f8]!",1
"sbcshi r0, lr, r0",1
"stmdalo sb!, {r3, r8, ip} ^",1
"sbcshi r0, pc, r0",1
"addmi r1, sl, 8, 2",1
"rschi r0, r0, r0",1
"ldrlo r1, [r4], -0x108",1
"rschi r0, r1, r0",1
"rscsmi r1, r4, r8, lsl 2",1
"rschi r0, r2, r0",1
"ldrmi r1, [r5], 0x108",1
"rschi r0, r3, r0",1
"strlo r1, [sb], 0x108",1
"rschi r0, r4, r0",1
"strmi r1, [r3, -r8, lsl 2]!",1
"rschi r0, r5, r0",1
"ldrbtne r1, [r3], -r8, lsl 2",1
"rschi r0, r6, r0",1
"strbhs r1, [r2, 0x108]",1
"rschi r0, r7, r0",1
blhs 0x14b2648,1
"rschi r0, r8, r0",1
"stmlo pc!, {r3, r8, ip}",1
"rschi r0, sb, r0",1
"ldrbne r1, [r2], 0x108",1
"rschi r0, sl, r0",1
svchs 0x661108,1
"rschi r0, fp, r0",1
"strblo r1, [r6, 0x108]!",1
"rschi r0, ip, r0",1
"strblo r1, [r1, 0x108]!",1
"rschi r0, sp, r0",1
"ldclo p1, c1, [r3], -0x20",1
"rschi r0, lr, r0",1
"ldrmi r1, [r3, -r8, lsl 2]",1
"rschi r0, pc, r0",1
"ldmlo r3!, {r3, r8, ip} ^",1
"addhi r0, r0, r0",1
"stmibhs r1, {r2, r3, r8, ip} ^",1
"addhi r0, r1, r0",1
"stmdalo r7, {r2, r3, r8, ip}",1
"addhi r0, r2, r0",1
"strmi r1, [fp, ip, lsl 2]",1
"addhi r0, r3, r0",1
"ldrbhs r1, [r8, 0x10c]",1
"addhi r0, r4, r0",1
"stcne p1, c1, [r5], 0x30",1
"addhi r0, r5, r0",1
bmi 0xfe1f26c8,1
"addhi r0, r6, r0",1
bmi 0xfe6326d0,1
"addhi r0, r7, r0",1
bmi 0xfea726d8,1
"addhi r0, r8, r0",1
bne 0xfec326e0,1
"addhi r0, sb, r0",1
"ldmibne r7, {r2, r3, r8, ip}",1
"addhi r0, sl, r0",1
svchs 0x78110c,1
"addhi r0, fp, r0",1
"strhs r1, [ip], 0x10c",1
"addhi r0, ip, r0",1
"ldclne p1, c1, [0x0002e2a0]",1
"addhi r0, sp, r0",1
"ldrlo r1, [sp, 0x10c]",1
"addhi r0, lr, r0",1
"teqhs r3, 12, 2",1
"addhi r0, pc, r0",1
"strtlo r1, [fp], -ip, lsl 2",1
"addshi r0, r0, r0",1
svclo 0x8c110c,1
"addshi r0, r1, r0",1
"strbne r1, [r7, ip, lsl 2]!",1
"addshi r0, r2, r0",1
"stmdbmi r7!, {r2, r3, r8, ip}",1
"addshi r0, r3, r0",1
"tsths r5, 12, 2             ; 0xc",1
invalid,1
"andeq r2, r0, ip, lsr r0",1
blhs 0xfeef2718,1
invalid,1
"andeq r3, r0, r5, lsr 10",1
blhs 0xff2b272c,1
invalid,1
"andeq r4, r0, r8, asr 15",1
blhs 0xff672740,1
invalid,1
"andeq r2, r0, r8, ror 23",1
"stmiblo r3, {r0, r1, r2, r8, ip} ^",1
invalid,1
"andeq r2, r0, r3, lsl 24",1
"stmdblo r0!, {r0, r3, r8, ip} ^",1
invalid,1
"strdeq r2, r3, [r0], -r1",1
"adcsmi r1, r7, 0xc0000002",1
invalid,1
"strdeq r1, r2, [r0], -r8",1
"stmhs r6, {r0, r2, r3, r8, ip}",1
invalid,1
"andeq r3, r0, lr, asr 25",1
"ldrhs r1, [sb, lr, lsl 2]!",1
"mrsne r0, apsr",1
"muleq r0, sp, r0",1
"ldmdalo r2, {r4, r8, ip} ^",1
"tstne r1, r0",1
"andeq r4, r0, r0, ror 7",1
"ldmibhs r6, {r1, r4, r8, ip} ^",1
"tstne r3, r0",1
"strdeq r3, r4, [r0], -r6",1
invalid,1
"tstne r5, r0",1
"andeq r3, r0, r4, ror r0",1
invalid,1
"tstne r7, r0",1
"andeq r2, r0, r2, lsr 29",1
"ldmdbmi r0, {r3, r4, r8, ip}",1
"tstne sb, r0",1
"muleq r0, lr, ip",1
"usatmi r1, 0x1c, sl, lsl 2",1
"tstne fp, r0",1
"strdeq r2, r3, [r0], -r0",1
"ldrbmi r1, [sp, -0x11c]!",1
"tstne sp, r0",1
"andeq r4, r0, r7, asr 10",1
invalid,1
"tstne pc, r0",1
"andeq r1, r0, r5, lsr 31",1
"ldmiblo r2, {r5, r8, ip}",1
invalid,1
"andeq r1, r0, ip, ror sp",1
"ldrlo r1, [r1, -r2, lsr 2]!",1
invalid,1
"ldrdeq r1, r2, [r0], -sb",1
"ldrblo r1, [r8, -0x124]!",1
invalid,1
"andeq r1, r0, sb, lsl sb",1
invalid,1
invalid,1
"muleq r0, sl, r7",1
svchs 0xa61128,1
invalid,1
"andeq r4, r0, r7, lsl fp",1
"ldclhs p1, c1, [r1, 0xa8]",1
invalid,1
"andeq r4, r0, r8, lsl 16",1
blhs 0x1a728cc,1
invalid,1
"andeq r4, r0, r2, lsl 13",1
"stmdbhs fp!, {r1, r2, r3, r5, r8, ip}",1
invalid,1
"andeq r4, r0, lr, lsr r4",1
"smlaldxhs r1, r4, r0, r1",1
"teqne r1, r0",1
"ldrdeq r3, r4, [r0], -r6",1
"stmlo sp, {r1, r4, r5, r8, ip}",1
"teqne r3, r0",1
"andeq r1, r0, r8, ror ip",1
invalid,1
"teqne r5, r0",1
"andeq r1, r0, r7, asr sl",1
"ldrblo r1, [r0], 0x136",1
"teqne r7, r0",1
"andeq r1, r0, lr, lsl 17",1
invalid,1
"teqne sb, r0",1
"strheq r1, [r0], -r7",1
"rscslo r1, r6, sl, lsr r1",1
"teqne fp, r0",1
"andeq r1, r0, r2, ror r4",1
"stmlo sp, {r2, r3, r4, r5, r8, ip} ^",1
"teqne sp, r0",1
"muleq r0, r4, r5",1
invalid,1
"teqne pc, r0",1
"andeq r4, r0, sp, ror 6",1
"ldrle r0, [r1, -0xc0]",1
invalid,1
"addhs r1, r2, 0, 2",1
"sbceq r0, r2, r0",1
"subeq r2, fp, r1, lsl lr",1
"mrsne ip, lr_irq",1
"andeq r3, r0, r4, ror 29",1
"cdppl p0, 1, c0, c1, c4, 6",1
"strgt r0, [r0, -0x40]",1
bhs 0x12f28b8,1
"sbceq r0, r6, r0",1
"andseq r4, pc, r1, lsl r2",1
invalid,1
"muleq r0, r3, sb",1
"ldrgt r0, [r1], -r8, asr 1",1
"stmdbgt r0, {r2, r3, r4}",1
"stmibmi sb!, {r8, ip}",1
"sbceq r0, sl, r0",1
"subeq fp, sb, r1, lsl pc",1
invalid,1
"ldrdeq r4, r5, [r0], -r5",1
bl 0x46e818,1
"stcgt p0, c0, [r0, -0x124]",1
bmi 0x728f0,1
"sbceq r0, lr, r0",1
"subeq r1, sl, r1, lsl r7",1
invalid,1
"andeq r4, r0, sp, lsr 20",1
svcne 0x1100d0,1
invalid,1
"ldmdami r6!, {r8, ip}",1
"sbcseq r0, r2, r0",1
"subeq r4, r8, r1, lsl sp",1
"mrsne sp, lr_irq",1
"andeq r4, r0, r4, ror 16",1
blvc 0x46e870,1
"strle r0, [r0, -0x48]",1
"addslo r1, sp, r0, lsl 2",1
"sbcseq r0, r6, r0",1
"eoreq r6, r1, r1, lsl r2",1
"addne r8, r0, r0",1
"eoreq r1, sl, r1, lsl r7",1
"addne r8, r0, r0, lsl 2",1
"andseq r8, fp, r1, lsl sp",1
"addne r8, r0, r0, lsl 4",1
"subeq r6, r2, r1, lsl ip",1
"addne r8, r0, r0, lsl 6",1
"subeq r8, r1, r1, lsl sb",1
"addne r8, r0, r0, lsl 8",1
"eorseq r5, sp, r1, lsl fp",1
"addne r8, r0, r0, lsl 10",1
"subeq r4, r0, r1, lsl r6",1
"addne r8, r0, r0, lsl 12",1
"eorseq r7, r1, r1, lsl pc",1
"addne r8, r0, r0, lsl 14",1
"eoreq lr, pc, r1, lsl pc",1
"addne r8, r0, r0, lsl 16",1
"eoreq lr, r0, r1, lsl ip",1
"addne r8, r0, r0, lsl 18",1
"eorseq r0, fp, r1, lsl r0",1
"addne r8, r0, r0, lsl 20",1
"subeq pc, r2, r1, lsl r4",1
"addne r8, r0, r0, lsl 22",1
"andseq ip, sb, r1, lsl r5",1
"addne r8, r0, r0, lsl 24",1
"andseq r0, lr, r1, lsl r8",1
"addne r8, r0, r0, lsl 26",1
"subeq r5, r3, r1, lsl r5",1
"addne r8, r0, r0, lsl 28",1
"andseq r1, sp, r1, lsl sp",1
"addne r8, r0, r0, lsl 30",1
"subeq sl, r1, r1, lsl r2",1
"addne sb, r0, r0",1
"andseq r1, fp, r1, lsl r6",1
"addne sb, r0, r0, lsl 2",1
"subeq fp, r0, r1, lsl sl",1
"addne sb, r0, r0, lsl 4",1
"eorseq sl, sl, r1, lsl pc",1
"addne sb, r0, r0, lsl 6",1
"eorseq r3, lr, r1, lsl sb",1
"addne sb, r0, r0, lsl 8",1
"eoreq r2, ip, r1, lsl r0",1
"addne sb, r0, r0, lsl 10",1
"eorseq sp, pc, r1, lsl r6",1
"addne sb, r0, r0, lsl 12",1
"subeq sp, r8, r1, lsl r0",1
"addne sb, r0, r0, lsl 14",1
"eorseq r5, r7, r1, lsl r7",1
"addne sb, r0, r0, lsl 16",1
"subeq r0, r4, r1, lsl pc",1
"addne sb, r0, r0, lsl 18",1
"eorseq lr, r7, r1, lsl r8",1
"addne sb, r0, r0, lsl 20",1
"eorseq r2, r4, r1, lsl r3",1
"addne sb, r0, r0, lsl 22",1
"eorseq r1, r7, r1, lsl r2",1
"addne sb, r0, r0, lsl 24",1
"eoreq fp, sl, r1, lsl r7",1
"addne sb, r0, r0, lsl 26",1
"eorseq pc, r1, r1, lsl r7",1
"addne sb, r0, r0, lsl 28",1
"andseq r0, ip, r1, lsl r8",1
"addne sb, r0, r0, lsl 30",1
"eorseq r3, r1, r1, lsl pc",1
"addne sl, r0, r0",1
"eorseq sb, r2, r1, lsl r2",1
"addne sl, r0, r0, lsl 2",1
"eorseq sl, r1, r1, lsl r6",1
"addne sl, r0, r0, lsl 4",1
"andseq sp, pc, r1, lsl pc",1
"addne sl, r0, r0, lsl 6",1
"eoreq r3, r4, r1, lsl r2",1
"addne sl, r0, r0, lsl 8",1
"subeq r5, fp, r1, lsl lr",1
"addne sl, r0, r0, lsl 10",1
"eorseq r3, r2, r1, lsl sp",1
"addne sl, r0, r0, lsl 12",1
"andseq ip, lr, r1, lsl sb",1
"addne sl, r0, r0, lsl 14",1
"eorseq pc, r5, r1, lsl r0",1
"addne sl, r0, r0, lsl 16",1
"eorseq r2, sp, r1, lsl r7",1
"addne sl, r0, r0, lsl 18",1
"eoreq sp, r2, r1, lsl r8",1
"addne sl, r0, r0, lsl 20",1
"eoreq r4, ip, r1, lsl ip",1
"addne sl, r0, r0, lsl 22",1
"andseq r7, pc, r1, lsl sb",1
"addne sl, r0, r0, lsl 24",1
"eorseq r0, r6, r1, lsl ip",1
"addne sl, r0, r0, lsl 26",1
"eoreq pc, sp, r1, lsl sp",1
"addne sl, r0, r0, lsl 28",1
"subeq r0, r1, r1, lsl r4",1
"streq r8, [r0], 0",1
"eoreq r3, ip, r1, lsl r2",1
"streq r8, [r0], 0",1
"eorseq fp, r0, r1, lsl r7",1
"streq r8, [r0], 0x100",1
"andseq r8, r8, r1, lsl r6",1
"streq r8, [r0], 0x100",1
"andseq r0, sb, r1, lsl r8",1
"streq r8, [r0], 0x200",1
"andseq r1, sl, r1, lsl fp",1
"streq r8, [r0], 0x300",1
"subeq sl, r4, r1, lsl r6",1
"streq r8, [r0], 0x400",1
"eorseq ip, ip, r1, lsl r2",1
"streq r8, [r0], 0x500",1
"subeq r6, r7, r1, lsl r3",1
"streq r8, [r0], 0x600",1
"eorseq r2, r6, r1, lsl r1",1
"strne r8, [r0], 0",1
"subeq r3, r4, r1, lsl r5",1
"strne r8, [r0], 0x100",1
"andseq r3, r7, r1, lsl lr",1
"strne r8, [r0], 0x200",1
"eorseq r7, r6, r1, lsl r4",1
"strne r8, [r0], 0x300",1
"subeq r7, fp, r1, lsl pc",1
"strne r8, [r0], 0x400",1
"eorseq sl, ip, r1, lsl lr",1
"strne r8, [r0], 0x500",1
"eorseq r1, pc, r1, lsl r0",1
"stcne p0, c8, [r0], {0}",1
"subeq r0, r3, r1, lsl r4",1
"stcne p1, c8, [r0], {0}",1
"eoreq r1, pc, r1, lsl r1",1
"stcne p2, c8, [r0], {0}",1
"eoreq lr, r7, r1, lsl pc",1
"stcne p3, c8, [r0], {0}",1
"eoreq r5, r8, r1, lsl sl",1
"addhs r8, r0, r0",1
"eoreq ip, r6, r1, lsl r1",1
"addhs r8, r0, r0, lsl 2",1
"subeq r7, ip, r1, lsl sl",1
"addhs r8, r0, r0, lsl 4",1
"andseq sp, fp, r1, lsl sb",1
"addhs r8, r0, r0, lsl 6",1
"eoreq r8, r6, r1, lsl r5",1
"addhs r8, r0, r0, lsl 8",1
"subeq r8, ip, r1, lsl fp",1
"addhs r8, r0, r0, lsl 10",1
"andseq r5, sb, r1, lsl r0",1
"addhs r8, r0, r0, lsl 12",1
"subeq sp, r2, r1, lsl r1",1
"addhs r8, r0, r0, lsl 14",1
"subeq r4, r7, r1, lsl r2",1
"strhs r8, [r0], 0",1
"andseq sl, fp, r1, lsl ip",1
"strhs r8, [r0], 0x100",1
"eorseq r7, r3, r1, lsl r7",1
"strhs r8, [r0], 0x200",1
"eoreq sp, r8, r1, lsl sl",1
"strhs r8, [r0], 0x300",1
"eoreq pc, r8, r1, lsl r2",1
"strhs r8, [r0], 0x400",1
"eoreq r7, r4, r1, lsl r4",1
"strhs r8, [r0], 0x500",1
"subeq r6, sb, r1, lsl ip",1
"strhs r8, [r0], 0x600",1
"eoreq r6, r3, r1, lsl r8",1
"strhs r8, [r0], 0x700",1
"eoreq pc, r2, r1, lsl pc",1
"strhs r8, [r0], 0x800",1
"eorseq r5, lr, r1, lsl r6",1
"strhs r8, [r0], 0x900",1
"eorseq sb, r7, r1, lsl sp",1
"strhs r8, [r0], 0xa00",1
"andseq sp, sb, r1, lsl r6",1
"strhs r8, [r0], 0xb00",1
"andseq r2, pc, r1, lsl r2",1
"strhs r8, [r0], 0xc00",1
"andseq r6, ip, r1, lsl r5",1
"strhs r8, [r0], 0xd00",1
"andseq sp, r8, r1, lsl r0",1
"stmhs r0, {pc}",1
"subeq sl, r0, r1, lsl r0",1
"stmhs r0, {r8, pc}",1
"subeq ip, r5, r1, lsl r7",1
"stmhs r0, {sb, pc}",1
"eoreq r4, sb, r1, lsl r2",1
"stmhs r0, {r8, sb, pc}",1
"eorseq fp, sp, r1, lsl r8",1
"stmhs r0, {sl, pc}",1
"eorseq r2, r1, r1, lsl sl",1
"stmhs r0, {r8, sl, pc}",1
"subeq r3, r2, r1, lsl sp",1
"stchs p0, c8, [r0], {0}",1
"andseq fp, r8, r1, lsl r8",1
"stchs p1, c8, [r0], {0}",1
"eorseq sp, fp, r1, lsl r8",1
"stchs p2, c8, [r0], {0}",1
"eorseq r0, sl, r1, lsl r8",1
"addlo r8, r0, r0",1
"eorseq r4, pc, r1, lsl fp",1
"addlo r8, r0, r0, lsl 2",1
"andseq r4, fp, r1, lsl sp",1
"addlo r8, r0, r0, lsl 4",1
"eorseq fp, r4, r1, lsl r5",1
"addlo r8, r0, r0, lsl 6",1
"andseq r1, r6, r1, lsl r6",1
"addlo r8, r0, r0, lsl 8",1
"subeq fp, r5, r1, lsl r0",1
"addlo r8, r0, r0, lsl 10",1
"eoreq r8, lr, r1, lsl fp",1
"addlo r8, r0, r0, lsl 12",1
"eoreq fp, sp, r1, lsl r5",1
"addlo r8, r0, r0, lsl 14",1
"subeq sp, fp, r1, lsl r0",1
"addlo r8, r0, r0, lsl 16",1
"subeq r4, sl, r1, lsl fp",1
"addlo r8, r0, r0, lsl 18",1
"andseq pc, ip, r1, lsl r8",1
"addlo r8, r0, r0, lsl 20",1
"eorseq sl, fp, r1, lsl r7",1
"addlo r8, r0, r0, lsl 22",1
"andseq fp, pc, r1, lsl ip",1
"addlo r8, r0, r0, lsl 24",1
"eorseq sb, sp, r1, lsl fp",1
"addlo r8, r0, r0, lsl 26",1
"eoreq r4, pc, r1, lsl sl",1
"addlo r8, r0, r0, lsl 28",1
"subeq r5, ip, r1, lsl r4",1
"addlo r8, r0, r0, lsl 30",1
"eorseq ip, r1, r1, lsl r3",1
"addlo sb, r0, r0",1
"eoreq r3, r7, r1, lsl ip",1
"addlo sb, r0, r0, lsl 2",1
"strgt r1, [r1, -r0, lsl 6]",1
"andeq r0, r0, 0x12",1
"addseq r0, r3, r0, lsr r1",1
"mrseq r0, apsr",1
"andeq r0, r0, sb, lsr 26",1
"andeq sb, r4, r4, lsl r7",1
"teqls r0, 0, 4",1
"strne r0, [r0], -0",1
"andeq r0, r0, sb, asr 3",1
"rscseq r3, sl, 2",1
"ldrhs r0, [r4], -r0",1
"andeq r0, r0, 5",1
"andeq sl, r0, r0, lsr r2",1
"tsteq r3, r0",1
"andeq r4, r0, r6, lsl 26",1
svcmi 0x12903,1
"movweq r0, 0",1
"andeq r5, sp, r1, lsl 8",1
"stclmi p4, c1, [r2], 0",1
invalid,1
"andeq r0, r0, pc, ror 5",1
"subeq r6, sp, r4, lsl sp",1
svcmi 0x290300,1
"strne r0, [r0, -0]",1
"stc2 p6, c1, [r1, -0]",1
"streq r0, [r0], -0xa",1
"subeq r0, pc, pc, lsr r1",1
"andvc r0, r3, 0",1
"strne r0, [r0], -0xd",1
"ldrdeq r0, r1, [r0], -r1",1
"ldcleq p15, c3, [r2, -0x10]!",1
"streq r0, [r0], -r0",1
"andeq sl, r0, r4, lsl 26",1
"movwge r1, 0x1300",1
"andeq r0, r0, 5",1
"addseq r0, r5, r6, ror 2",1
"mrseq r0, apsr",1
"andeq r0, r0, r2, lsr 27",1
"andeq sb, r4, r4, lsl r7",1
"strbls r0, [r6, -0x200]!",1
"strne r0, [r0], -0",1
"andeq r0, r0, sb, asr 3",1
"rsceq r6, pc, 0x200000",1
"strne r0, [r0, -r0]",1
"andeq r4, r0, sb, ror 25",1
svc 0x17b01,1
invalid,1
"andeq r0, r0, r8, ror lr",1
"rsbseq r6, r0, r8, lsl r3",1
"rsceq r7, pc, 1, 26",1
invalid,1
"rsbseq r6, r2, r4, ror 18",1
"rsceq r8, pc, 0x4000000",1
"ldrpl r0, [sl], -0",1
invalid,1
"andeq lr, r2, r4, lsl 31",1
"ldmibeq r1!, {sb, fp, ip}",1
"strhi r0, [r1, -0]",1
"muleq r0, r5, r0",1
"andeq r0, lr, fp, lsl r6",1
"vstrmi s3, [ip, -0]",1
svchi 0x10000,1
"andeq r0, r0, r2, lsr 1",1
"andeq r2, sl, sl, lsl sl",1
"addsge r0, r0, 0, 2",1
bne 0x2e9cc,1
"andeq r4, r0, ip, asr sp",1
"subeq sb, pc, r1, lsl 2",1
invalid,1
"rsbeq r6, r4, r8, lsl r6",1
"subeq sl, pc, r1, lsl 2",1
invalid,1
invalid,1
"strheq r7, [sp], -r1",1
svclo 0x1a1900,1
invalid,1
"strheq sb, [r0], -sp",1
"vstmdbmi r5!, {s2}",1
"cdplt p0, 0, c0, c1, c0, 0",1
"andeq r0, r0, r2, lsr 1",1
"rsbeq r1, r3, sb, lsl r8",1
"subeq ip, pc, r1, lsl 4",1
"ldrmi r0, [sl, -r0]",1
invalid,1
"andeq r7, lr, r3, asr 17",1
"vldmiami sp, {s3}",1
"strgt r0, [r1], -0",1
"andeq r0, r0, r8, ror lr",1
"eorseq r6, r1, r8, lsl ip",1
"adceq ip, r2, r1, lsl 10",1
invalid,1
"strgt r0, [r1, -0x32]",1
"andeq r0, r0, r2, lsr 1",1
"subeq r3, sp, sl, lsl fp",1
"strbls r0, [r6, 0x100]",1
"andeq r0, r0, r0",1
"andeq r0, r0, r0",1
"addseq r0, fp, r0, lsl 22",1
"cdpeq p0, 8, c0, c8, c0, 0",1
invalid,1
"andlo r0, r0, 0",1
"strge r1, [r1, -r0, lsl 24]",1
invalid,1
svc 0x1016a,1
"andhi r0, r0, r2",1
"and r0, r0, r5, lsr 3",1
invalid,1
invalid,1
"andeq r1, r0, r6, lsr r3",1
"subeq r5, sp, sp, lsl r4",1
invalid,1
"andeq r0, r0, pc, ror 5",1
"andeq r4, r1, sb, lsr 12",1
"subeq pc, ip, sp, lsl r5",1
invalid,1
"andeq r0, r0, pc, ror 5",1
"andeq r4, r1, r2, lsl 13",1
"andeq sl, sp, lr, lsl r2",1
invalid,1
"moveq r3, r0",1
"andseq r0, r6, 0, 2",1
"andeq r1, r0, lr, lsr 5",1
invalid,1
"moveq r3, r0",1
"ldceq p0, c2, [r3, 0]!",1
"strtmi r0, [fp], r0",1
"andslt r0, pc, r1",1
"andlo r0, r0, r5, lsr 3",1
"andhs r0, r0, r8, lsr 3",1
"strheq r0, [r0], -lr",1
"andeq r4, r1, r4, ror 13",1
"andeq sp, sp, r0, lsr 8",1
"mrseq r0, spsr",1
"stcleq p0, c2, [sb]",1
"strbmi r0, [r1, -r0]",1
"stmdagt r1!, {r0}",1
invalid,1
"andhs r0, r0, pc",1
"andeq r0, r0, r4, ror 27",1
"andeq r4, r1, sb, asr r7",1
"andeq pc, sp, r0, lsr 20",1
"mrseq r6, spsr",1
"stcleq p0, c2, [0x0002eb00]!",1
"ldrmi r0, [r5, r0]",1
"vld4.8 {d0, d1, d2, d3}, [r2], r1",1
"strhs r0, [r0], -0xc",1
"strlo r0, [r0], -0x1a6",1
"smlatbeq r0, r6, r1, r0",1
"muleq pc, r5, r0",1
"ldceq p3, c2, [sp, -0]",1
"strmi r0, [sb, r0]!",1
"eorne r0, r3, 1",1
invalid,1
"movwhs r0, 0x147",1
"andeq r0, r0, r7, lsl 26",1
"ldrdeq r4, r5, [r1], -sl",1
invalid,1
"andseq r6, r3, r0, lsl 12",1
"andpl r2, r1, 0, 10",1
"strhs r7, [r0, -0x802]",1
"strvc r5, [r2], -r1, lsl 2",1
"andpl r2, r1, r0, lsl 10",1
"andeq r7, r0, r2, lsl 14",1
"ldcleq p2, c2, [r4], 0",1
"strbge r0, [r0], -r0",1
"ldrbge r0, [r0], -r1",1
"stmdals r1, {r0}",1
"ldrdeq r0, r1, [r0], -r0",1
"andeq r1, sp, r3, lsr 4",1
"mrseq pc, spsr",1
"stceq p3, c2, [r7, -0]",1
invalid,1
"stcne p0, c0, [r3, -4]!",1
"movwpl r0, 0xd",1
"strhs r0, [r0], -0x148",1
"andeq sl, r1, r0, asr r6",1
"andeq r1, r0, r6, ror 6",1
"cmpeq r2, r5, lsr 2",1
invalid,1
"stmdagt r4, {r0, r2, r8, sb} ^",1
invalid,1
"rsbseq r0, r7, r0, asr r5",1
"eoreq r0, r2, sl, ror r0",1
"ldrbge r2, [r4, 0x600]",1
"orrne r0, r7, 1",1
svceq 0xe40000,1
invalid,1
"rsbseq r0, r6, r0, asr r2",1
"ldrge r2, [ip], -r0, lsl 8",1
"movne r0, 1",1
invalid,1
"mrceq p2, 3, r0, c10, c0, 2",1
"eorpl r0, r7, r0",1
"strhs r0, [r0], -0x1a6",1
"stmdals r0, {r3, r5, r7, r8}",1
"stmdahs r0, {r1, r4}",1
"andeq r0, r0, r7, lsl 28",1
"stmdbhs r2!, {r0, fp, ip, lr}",1
"andpl r0, r0, sp",1
invalid,1
"smlatbeq r0, r6, r1, r0",1
"andseq r4, r0, sl, lsr 13",1
"stcleq p3, c2, [r7, -0]",1
invalid,1
"stclo p0, c0, [r3], -4",1
"stcvc p0, c0, [r0, -0x34]",1
"strhs r0, [r0], -0x148",1
"andeq sl, r1, ip, asr r6",1
"strheq r1, [r0], -sb",1
"cmpeq r1, 0x40000009",1
"strhs r0, [r0, 0xa]",1
"strvc r5, [r2, -r1]",1
invalid,1
"andeq r1, r0, r8, ror 1",1
"andeq r1, r0, r7, lsl 5",1
"andeq r1, lr, r0, lsr 4",1
"mrseq sb, spsr",1
invalid,1
"subsne r0, sb, 0",1
"stcne p0, c0, [r0, -0]!",1
"stmdblt r0, {r1, r2, r3}",1
"andhs r0, r0, r8, asr 2",1
"andeq r0, r0, r8, lsr 28",1
"andeq r4, r1, r0, lsr sb",1
"andseq r1, r1, r1, lsr 16",1
"andseq r3, r2, r0, lsl 8",1
"cdpeq p9, 3, c2, c4, c0, 0",1
"stclo p0, c0, [r8, -0]!",1
"movweq r0, 0xe",1
"ldmdahs lr!, {r0, r4, r7, ip, sp, lr, pc} ^",1
"andeq r0, r0, r8, asr 28",1
svcvc 0xa49103,1
"andeq r5, lr, r0, lsr 6",1
"mrseq r6, spsr",1
"cdpeq p0, 5, c2, c13, c0, 0",1
invalid,1
"strvs r0, [r0, -r1]!",1
"strlt r0, [r0, -lr]",1
"andhs r0, r0, 0x40000012",1
"andeq r0, r0, r4, asr sp",1
"andeq sl, r1, ip, lsl 13",1
"strheq sl, [r1], -r0",1
"sbcsne ip, fp, r1, lsl 16",1
"strtvs r0, [r3], -r0",1
"strle r0, [r0, -0xd]",1
"strhs r0, [r0], -0x149",1
"andeq sl, r1, ip, lsr 13",1
"ldrdeq r1, r2, [r0], -fp",1
"subseq r0, r0, 0x40000009",1
"andeq r0, r0, r6, ror r0",1
"andeq r5, sp, r2, lsr 8",1
invalid,1
invalid,1
"ldmeq r1, {r8} ^",1
"movwhs r0, 0x11",1
"andeq r0, r0, r6, ror 26",1
"strdeq r4, r5, [r1], -r3",1
invalid,1
"andseq sp, r3, r0, lsl 22",1
"andpl r2, r1, r0, lsl 10",1
"andeq r7, r0, r2, lsl 12",1
"ldcleq p2, c2, [r8, -0]!",1
"ldrge r0, [r8, r0]!",1
"strbge r0, [r4, r1]",1
"cdp p0, 0, c0, c1, c1, 0",1
"andeq r1, r0, ip, asr 2",1
"andeq sb, sp, r3, lsr 12",1
"mrseq r1, spsr",1
"stceq p3, c2, [fp]",1
bmi 0x92ecfc,1
"strtgt r0, [r4], -1",1
blx 0x2f3a0,1
"strhs r0, [r0, -0x13]",1
"stcvc p1, c5, [r2, -4]",1
"andpl r2, r1, r0, lsl 10",1
"stmdbvc r0, {r1, r3, fp, ip, sp, lr}",1
"rsbseq r1, fp, r0, lsl 24",1
"andseq r3, ip, r2, lsr 4",1
"ldcleq p2, c2, [r8, -0]!",1
"strbge r0, [r8, r0]",1
"ldrbge r0, [ip, r1]",1
svc 0x10001,1
"andeq r1, r0, lr, lsl 3",1
"andeq sb, sp, r3, lsr 12",1
invalid,1
"stceq p3, c2, [fp]",1
bmi 0xfe16ed40,1
"strtle r0, [r4], -1",1
blx 0x2f3e4,1
"strhs r0, [r0, -0x13]",1
"mrsls r5, apsr",1
invalid,1
"rsbseq r0, r8, r0, asr r7",1
invalid,1
invalid,1
"andeq sl, r1, r8, lsl r7",1
"andeq r1, r0, fp, lsl r4",1
"andeq r1, r0, r2, lsr 3",1
"subseq r0, r1, 0x40000009",1
invalid,1
"andeq sl, r1, ip, lsr 14",1
"andeq r1, r0, sb, lsr r4",1
"andeq r1, r0, ip, asr 3",1
"cmpeq r3, 0x40000009",1
"ldrbhs sb, [0x0002e0f7]!    ; [0x2e0f7:4]=0xd110880",1
"stcvc p2, c5, [r2, -4]",1
"mrspl r2, apsr",1
"ldmdagt r4, {r0, r2, r8, sb} ^",1
invalid,1
"rsbseq r0, r6, r0, asr r2",1
"ldrge r2, [ip, -r0, lsl 12]!",1
"orrne r0, r7, 1",1
"mvnne r0, r0",1
invalid,1
"rsbseq r0, sp, r0, asr r2",1
"strbge r2, [r8, -r0, lsl 12]",1
"orrne r0, r7, 1",1
invalid,1
invalid,1
"ldcls p3, c0, [r1], {0x50}",1
"strtvs r0, [r6], -0x7f",1
"andge r0, r0, r7, lsr 3",1
"stmdbeq r0, {r0, r1, r4}",1
"strhs r0, [r0, -0x12]",1
bvc 0xc2ddc,1
"strthi r0, [r6], -1",1
"stmdapl r0, {r0, r1, r2, r5, r7, r8}",1
"movwhs r0, 0x14",1
"strhs r0, [r0, -0x12]",1
bvc 0xc31f0,1
"andpl r2, r1, r1, lsl 10",1
"andeq r7, r0, r2, lsl 8",1
invalid,1
"andseq r7, r4, r0, lsl 12",1
"andpl r2, r1, r0, lsl 10",1
"andeq r7, r0, r2, lsl 8",1
"strge r2, [r0, r0, lsl 12]!",1
"strne r0, [fp], 1",1
"subne r0, r8, 0",1
invalid,1
"rsbseq r0, r6, r0, asr r2",1
"ldrbge r2, [r8, r0, lsl 8]!",1
"strne r0, [fp], 1",1
invalid,1
"rsbseq r0, r6, r0, asr r2",1
"eorvc r0, r6, r0",1
"strge r0, [r0], -0x1a6",1
invalid,1
"strhs r0, [r0, -0x12]",1
"movweq r5, 0x5101",1
"andeq ip, r1, ip, asr 14",1
"subseq r0, r0, 0x40000009",1
"strhs r0, [r0], -0x78",1
"andeq sl, r1, r4, lsl 13",1
"andeq r1, r0, r2, asr 9",1
"subseq r0, r0, 0x40000009",1
"andeq r0, r0, r8, ror r0",1
invalid,1
"andseq r7, r4, r0, lsl 12",1
"andpl r2, r1, r0, lsl 10",1
"andeq r7, r0, r2, lsl 14",1
"ldrge r2, [r8, 0x400]!",1
"ldrbne r0, [fp], 1",1
invalid,1
"strlo r0, [r3], -0x550",1
"andeq r0, r0, r8, asr 3",1
"strhs r0, [r0, -r0]",1
"andeq sl, r1, ip, lsr r8",1
"andeq sl, r1, r8, asr 16",1
"andeq r1, r0, sl, ror 5",1
"andeq r0, r5, sl, lsr 26",1
"andseq r0, sb, 0, 2",1
"andeq r0, r0, r2, lsr 1",1
"andeq r5, r2, sl, lsr 10",1
"andseq r0, sb, 0, 2",1
"andeq r0, r0, r2, lsr 1",1
invalid,1
"andseq pc, r4, r0, lsl 8",1
"mrspl r2, apsr",1
"strhs r7, [r0, -0x402]",1
"strvc r5, [r2, -1]",1
"strhs r0, [r0], -r0",1
"muleq r1, r0, r5",1
"andeq r1, r0, r5, lsl r5",1
"strdeq r1, r2, [r0], -sp",1
"cmpeq r0, r5, lsr 2",1
"stcvs p0, c0, [r6], -0xf8",1
"strhi r0, [r0, -r8, lsr 3]",1
invalid,1
"strhs r0, [r0, -0x13]",1
"strvc r5, [r2], -1",1
"eorhi r0, r6, r0",1
"strhi r0, [r0, -r8, lsr 3]",1
"strhs r0, [r0, -0x13]",1
"strhs r0, [r0, -0x13]",1
"strvc r5, [r2], -1",1
"eorls r0, r4, r0",1
"strhi r0, [r0, -r8, lsr 3]",1
"strhs r0, [r0, -0x13]",1
"strvc r5, [r2], -r1",1
blhs 0x2ef08,1
"andeq r4, r0, sp, ror 25",1
"movtne r7, 0x7701",1
"movweq r0, 0x5000",1
"andeq r5, r2, r4, ror 15",1
"andeq lr, r2, ip, lsr 30",1
"streq r2, [r3, r0, lsl 26]",1
invalid,1
"strheq r0, [r0], -r7",1
invalid,1
"streq r0, [r0, -sl]",1
"andeq fp, r2, sb, lsr 15",1
"cdphs p1, 0, c0, c1, c0, 0",1
"andseq ip, r2, r1, lsl 14",1
"addseq r0, r3, r0, lsl 2",1
"mrseq r0, apsr",1
"andeq r1, r0, r7, lsl 7",1
"andeq sb, r0, pc, lsr 6",1
"rscseq r2, sl, 0, 30",1
"stchi p0, c0, [pc], -0",1
"andeq r0, r0, r0",1
"ldrbeq r0, [r8, 0x130]!",1
blhi 0x2aef60,1
"adceq r0, r2, r1, lsl 2",1
"andge r0, r1, r0",1
svchs 0x13,1
"andeq r0, r0, pc, ror 5",1
"andge r3, r1, 0",1
bleq 0x2efc0,1
"movwls r0, 0x11d1",1
invalid,1
"strheq r1, [r0], -sb",1
"andeq sl, r0, pc, lsr 4",1
"teqeq r1, r0",1
"andeq r4, r0, lr, lsr 26",1
"ldreq r2, [r0, r3]",1
svcmi 0x10000,1
invalid,1
"ldrdeq r1, r2, [r0], -fp",1
"andeq lr, r2, pc, lsr 30",1
"subeq r2, pc, r0, lsl 30",1
"andseq r0, r5, r0",1
beq 0xffd6f470,1
invalid,1
"subeq r0, pc, r1, lsl 2",1
"vst4.8 {d0, d1, d2, d3}, [r1], r0",1
svchs 0x13,1
"strdeq r1, r2, [r0], -r4",1
"movw r0, 0x4600",1
invalid,1
"andeq sb, r5, r1, lsl 18",1
"movwge r0, 0xc00",1
invalid,1
"muleq r0, r5, r0",1
"andseq r1, r4, r1, lsl 22",1
"addseq r2, r5, r0, lsl 30",1
svc 0x2f0000,1
"andeq r0, r0, r2",1
"stclmi p1, c0, [r6, -0xc0]!",1
"cdplt p0, 0, c0, c7, c0, 0",1
"subeq r0, pc, r2, lsl 2",1
invalid,1
svchs 0x14,1
"andeq r0, r0, pc, asr 32",1
"andeq r7, sp, pc, lsr 4",1
"teqeq r0, r0",1
"strdeq r4, r5, [r0], -sp",1
"mrseq sl, apsr",1
"andeq r0, r0, pc, asr 32",1
"andseq r5, r4, r1, lsl 16",1
"ldcleq p15, c2, [r2, -0]!",1
svc 0x2f0000,1
"strne r0, [r0, -2]",1
"stmdale r1, {ip, sp}",1
bleq 0x2f058,1
"movwls r0, 0x11df",1
invalid,1
"andeq r1, r0, r6, ror r4",1
"andeq sb, r0, pc, lsr 6",1
"adceq r2, r2, r0, lsl 30",1
"andlo r0, r0, 0",1
"andeq r4, sp, r1, lsl 18",1
invalid,1
"strne r0, [fp], 0x101",1
invalid,1
"andeq r0, r0, r0",1
"movweq r0, 0xc130",1
"mrs r0, apsr",1
"subeq r0, pc, r1, lsl 2",1
"strge r0, [r1], -0",1
svchs 0x14,1
"andeq r0, r0, r2, ror sp",1
"streq r3, [r1], -0",1
"streq r0, [r0, -sp, asr 32]",1
"andvc r0, r1, 0x8000000c",1
invalid,1
"andeq r1, r0, r2, asr 9",1
"andeq r4, r0, pc, lsr 30",1
"rsceq r2, pc, 0, 30",1
"andlo r0, r0, r0",1
"andeq r1, r3, r1, lsl 2",1
invalid,1
"andeq r4, r0, r1, lsl 30",1
"ldrbne r0, [fp], 0x100",1
svcmi 0x2f0000,1
"andeq r0, r0, r0",1
"ldcmi p1, c0, [lr, -0xc0]",1
"movwlo r0, 0xb000",1
"addseq r0, r5, r2, lsl 2",1
"vst4.8 {d0, d1, d2, d3}, [r1], r0",1
svchs 0x14,1
"andeq r0, r0, pc, ror 5",1
"mrsmi r3, apsr",1
invalid,1
"eorseq r4, r6, r0, lsl 22",1
"subeq r0, pc, r0, lsl 2",1
"strne r0, [r1, -0]",1
svchs 0x15,1
"andeq r0, r0, pc, ror 5",1
"andeq lr, r2, pc, lsr 30",1
"teqeq r3, r0",1
"andeq r4, r0, r1, ror 10",1
invalid,1
"muleq r0, r5, r0",1
"movweq r2, 0x1f01",1
"andeq r0, r0, r0",1
"andeq r0, r0, r8, ror 1",1
blhs 0x116f10c,1
invalid,1
"andeq r4, r0, sp, ror 8",1
"andeq sl, r1, r0, ror 17",1
"andeq sl, r1, r8, lsr 19",1
"stclvs p8, c6, [0x0002f05c]!",1
"rsbvs r2, sl, 0x194",1
"strbvs r7, [fp, -0x275]!",1
svcvs 0x792f74,1
svchs 0x6f7463,1
"stclvs p5, c7, [sb], -0x188",1
"ldclvs p15, c2, [r4, -0x190]!",1
svcvs 0x772f70,1
invalid,1
"ldrbvs r6, [r2, -0x168]!",1
invalid,1
"cdphs p13, 3, c2, c4, c3, 3",1
"ldchs p14, c2, [r2, -0xdc]!",1
svchs 0x303272,1
"stclhs p3, c6, [r3, -0x19c]!",1
"mrchs p14, 1, r2, c7, c4, 1",1
"stmdbvs ip!, {r1, r4, r5, r8, sb, sl, fp, sp} ^",1
invalid,1
"cdpvs p3, 6, c6, c15, c15, 1",1
svchs 0x676966,1
svchs 0x6d7261,1
invalid,1
invalid,1
"subseq r2, r3, r3, ror lr",1
"stclvs p8, c6, [0x0002f0bc]!",1
"rsbvs r2, sl, 0x194",1
"strbvs r7, [fp, -0x275]!",1
svcvs 0x792f74,1
svchs 0x6f7463,1
"stclvs p5, c7, [sb], -0x188",1
"ldclvs p15, c2, [r4, -0x190]!",1
svcvs 0x772f70,1
invalid,1
invalid,1
"ldrbtvs r2, [r6], -r1, ror 26",1
"strbvs r2, [lr, -0xd70]!",1
"eorvc r6, sp, pc, ror 28",1
invalid,1
"strbvc r6, [lr, -0x96c]!",1
"mcrvs p13, 3, r2, c7, c8, 3",1
"rsbvs r6, r1, 0x1d400000",1
"stmdbvs ip!, {r0, r3, r5, r6, r8, sb, sl, fp, sp} ^",1
invalid,1
"strlo r3, [lr, -pc, lsr 8]!",1
"eorvc r3, sp, 0xe0000002",1
"eorvs r3, pc, 0x32",1
"strbtvs r6, [ip], -0x975",1
"rsbvs r6, sb, 0x2f00",1
"rsbeq r6, r3, r7, ror 6",1
"subshs r4, r5, r7, asr 28",1
"eorlo r5, r0, 0x4000001",1
"cdphs p2, 3, c3, c3, c14, 1",1
"andhi r0, r1, r1, lsr r0",1
"andeq r0, r0, r8, ror 1",1
blhs 0x166f1f8,1
invalid,1
"andeq r4, r0, r1, lsr 10",1
"andeq sl, r1, r8, lsr 19",1
"andeq sl, r1, r4, lsr 21",1
"stclvs p8, c6, [0x0002f148]!",1
"rsbvs r2, sl, 0x194",1
"strbvs r7, [fp, -0x275]!",1
svcvs 0x792f74,1
svchs 0x6f7463,1
"stclvs p5, c7, [sb], -0x188",1
"ldclvs p15, c2, [r4, -0x190]!",1
svcvs 0x772f70,1
invalid,1
"ldrbvs r6, [r2, -0x168]!",1
invalid,1
"cdphs p13, 3, c2, c4, c3, 3",1
"ldchs p14, c2, [r2, -0xdc]!",1
svchs 0x303272,1
"stclhs p3, c6, [r3, -0x19c]!",1
"mrchs p14, 1, r2, c7, c4, 1",1
"stmdbvs ip!, {r1, r4, r5, r8, sb, sl, fp, sp} ^",1
invalid,1
"cdpvs p3, 6, c6, c15, c15, 1",1
svchs 0x676966,1
svchs 0x6d7261,1
invalid,1
invalid,1
"subseq r2, r3, r3, ror lr",1
"stclvs p8, c6, [0x0002f1a8]!",1
"rsbvs r2, sl, 0x194",1
"strbvs r7, [fp, -0x275]!",1
svcvs 0x792f74,1
svchs 0x6f7463,1
"stclvs p5, c7, [sb], -0x188",1
"ldclvs p15, c2, [r4, -0x190]!",1
svcvs 0x772f70,1
invalid,1
invalid,1
"ldrbtvs r2, [r6], -r1, ror 26",1
"strbvs r2, [lr, -0xd70]!",1
"eorvc r6, sp, pc, ror 28",1
invalid,1
"strbvc r6, [lr, -0x96c]!",1
"mcrvs p13, 3, r2, c7, c8, 3",1
"rsbvs r6, r1, 0x1d400000",1
"stmdbvs ip!, {r0, r3, r5, r6, r8, sb, sl, fp, sp} ^",1
invalid,1
"strlo r3, [lr, -pc, lsr 8]!",1
"eorvc r3, sp, 0xe0000002",1
"eorvs r3, pc, 0x32",1
"strbtvs r6, [ip], -0x975",1
"rsbvs r6, sb, 0x2f00",1
"rsbeq r6, r3, r7, ror 6",1
"subshs r4, r5, r7, asr 28",1
"eorlo r5, r0, 0x4000001",1
"cdphs p2, 3, c3, c3, c14, 1",1
"andhi r0, r1, r1, lsr r0",1
"andeq r0, r0, r4, ror 1",1
blhs 0x1b6f2e4,1
invalid,1
"andeq r4, r0, r1, ror 11",1
"andeq sl, r1, r4, lsr 21",1
"andeq sl, r1, r8, ror 21",1
"stclvs p8, c6, [0x0002f234]!",1
"rsbvs r2, sl, 0x194",1
"strbvs r7, [fp, -0x275]!",1
svcvs 0x792f74,1
svchs 0x6f7463,1
"stclvs p5, c7, [sb], -0x188",1
"ldclvs p15, c2, [r4, -0x190]!",1
svcvs 0x772f70,1
invalid,1
"ldrbvs r6, [r2, -0x168]!",1
invalid,1
"cdphs p13, 3, c2, c4, c3, 3",1
"ldchs p14, c2, [r2, -0xdc]!",1
svchs 0x303272,1
"stclhs p3, c6, [r3, -0x19c]!",1
"mrchs p14, 1, r2, c7, c4, 1",1
"stmdbvs ip!, {r1, r4, r5, r8, sb, sl, fp, sp} ^",1
invalid,1
"cdpvs p3, 6, c6, c15, c15, 1",1
svchs 0x676966,1
svchs 0x6d7261,1
"rsbvs r7, r1, 0x62",1
"subseq r2, r3, sb, ror 28",1
"stclvs p8, c6, [0x0002f290]!",1
"rsbvs r2, sl, 0x194",1
"strbvs r7, [fp, -0x275]!",1
svcvs 0x792f74,1
svchs 0x6f7463,1
"stclvs p5, c7, [sb], -0x188",1
"ldclvs p15, c2, [r4, -0x190]!",1
svcvs 0x772f70,1
invalid,1
invalid,1
"ldrbtvs r2, [r6], -r1, ror 26",1
"strbvs r2, [lr, -0xd70]!",1
"eorvc r6, sp, pc, ror 28",1
invalid,1
"strbvc r6, [lr, -0x96c]!",1
"mcrvs p13, 3, r2, c7, c8, 3",1
"rsbvs r6, r1, 0x1d400000",1
"stmdbvs ip!, {r0, r3, r5, r6, r8, sb, sl, fp, sp} ^",1
invalid,1
"strlo r3, [lr, -pc, lsr 8]!",1
"eorvc r3, sp, 0xe0000002",1
"eorvs r3, pc, 0x32",1
"strbtvs r6, [ip], -0x975",1
"rsbvs r6, sb, 0x2f00",1
"rsbeq r6, r3, r7, ror 6",1
"subshs r4, r5, r7, asr 28",1
"eorlo r5, r0, 0x4000001",1
"cdphs p2, 3, c3, c3, c14, 1",1
"andhi r0, r1, r1, lsr r0",1
"andeq r0, r0, r8, ror 1",1
blhs 0xfe06f3cc,1
invalid,1
"andeq r4, r0, r4, ror r6",1
"andeq sl, r1, r8, ror 21",1
"strdeq sl, fp, [r1], -r8",1
"stclvs p8, c6, [0x0002f31c]!",1
"rsbvs r2, sl, 0x194",1
"strbvs r7, [fp, -0x275]!",1
svcvs 0x792f74,1
svchs 0x6f7463,1
"stclvs p5, c7, [sb], -0x188",1
"ldclvs p15, c2, [r4, -0x190]!",1
svcvs 0x772f70,1
invalid,1
"ldrbvs r6, [r2, -0x168]!",1
invalid,1
"cdphs p13, 3, c2, c4, c3, 3",1
"ldchs p14, c2, [r2, -0xdc]!",1
svchs 0x303272,1
"stclhs p3, c6, [r3, -0x19c]!",1
"mrchs p14, 1, r2, c7, c4, 1",1
"stmdbvs ip!, {r1, r4, r5, r8, sb, sl, fp, sp} ^",1
invalid,1
"cdpvs p3, 6, c6, c15, c15, 1",1
svchs 0x676966,1
svchs 0x6d7261,1
invalid,1
invalid,1
"subseq r2, r3, r3, ror lr",1
"stclvs p8, c6, [0x0002f37c]!",1
"rsbvs r2, sl, 0x194",1
"strbvs r7, [fp, -0x275]!",1
svcvs 0x792f74,1
svchs 0x6f7463,1
"stclvs p5, c7, [sb], -0x188",1
"ldclvs p15, c2, [r4, -0x190]!",1
svcvs 0x772f70,1
invalid,1
invalid,1
"ldrbtvs r2, [r6], -r1, ror 26",1
"strbvs r2, [lr, -0xd70]!",1
"eorvc r6, sp, pc, ror 28",1
invalid,1
"strbvc r6, [lr, -0x96c]!",1
"mcrvs p13, 3, r2, c7, c8, 3",1
"rsbvs r6, r1, 0x1d400000",1
"stmdbvs ip!, {r0, r3, r5, r6, r8, sb, sl, fp, sp} ^",1
invalid,1
"strlo r3, [lr, -pc, lsr 8]!",1
"eorvc r3, sp, 0xe0000002",1
"eorvs r3, pc, 0x32",1
"strbtvs r6, [ip], -0x975",1
"rsbvs r6, sb, 0x2f00",1
"rsbeq r6, r3, r7, ror 6",1
"subshs r4, r5, r7, asr 28",1
"eorlo r5, r0, 0x4000001",1
"cdphs p2, 3, c3, c3, c14, 1",1
"andhi r0, r1, r1, lsr r0",1
"andeq r0, r0, ip, ror 2",1
blhs 0xfe56f4b8,1
invalid,1
"andeq r0, r0, lr",1
"subeq sb, sp, r1, lsl 28",1
invalid,1
invalid,1
"subeq r0, r7, r0, lsl 20",1
"streq r0, [r8, -r0, lsl 4]",1
"andeq r0, r0, sl, lsl r0",1
"ldclmi p1, c0, [sl, 0xc]!",1
"movwhs r0, 0x1000",1
"andeq sl, r0, r1, lsl 14",1
invalid,1
invalid,1
invalid,1
"adceq r0, r7, r0, lsl 2",1
invalid,1
"strge r0, [r3, -r0, lsl 2]!",1
svclt 0,1
"streq r0, [r0], -0x14a",1
"strhs r0, [r1], -0x62",1
"andeq r0, r0, r7, lsr 1",1
"andeq r4, r1, r7, ror 21",1
"subeq sb, sp, r5, lsl 8",1
"cdpge p1, 2, c0, c5, c0, 0",1
"andeq r0, r0, 0",1
"stmdbne r6, {r0, r4, r7}",1
invalid,1
"andeq sl, r0, r7, lsr 14",1
"cmpls r0, 0, 12",1
"ldreq r5, [r3], 0x104",1
invalid,1
"andeq r3, r1, r0, lsl 18",1
"andpl r0, r6, 0, 16",1
"cmpls r3, 0x93000000",1
invalid,1
"stmdaeq r1!, {r0, r2, r4, r5, r6, r7, sb}",1
"ldreq r5, [r3], 6",1
"streq sb, [r4, -0x351]",1
"ldrshteq r0, [r5], 0x33",1
"andeq r0, r0, 0x21",1
"andeq r0, r0, r8, lsl 10",1
"streq r0, [sb], -0",1
"andeq r0, r0, r7, lsr 1",1
"ldclmi p1, c0, [lr, -0xc]!",1
svchs 0x10000,1
"andeq r2, r0, r1, lsl 2",1
invalid,1
invalid,1
invalid,1
"teqeq r3, r0, lsl 2",1
invalid,1
invalid,1
svchs 0,1
"streq r0, [r0], -0x14b",1
"andlo r0, r1, r2, rrx",1
"andeq r0, r0, r1, lsr 32",1
"andeq r4, r1, r7, asr fp",1
"subeq sb, sp, r5, lsl 8",1
"teqlo r1, 0, 2",1
"andeq r0, r0, 1",1
"stmdbne r6, {r0, r4, r7}",1
invalid,1
"andeq r2, r0, r3, lsr r1",1
"cmpls r0, 0, 12",1
"ldreq r5, [r3], 0x104",1
invalid,1
"andeq r5, r1, r0, lsl 12",1
"andpl r0, r6, 0, 16",1
"cmpls r3, 0x93000000",1
invalid,1
"stmdaeq r1!, {r0, r2, r4, r5, r6, r7, sb}",1
"ldreq r5, [r3], 6",1
"streq sb, [r4, -0x351]",1
"ldrshteq r0, [r5], 0x33",1
"stmdbeq r0, {r0, r5}",1
"andeq r2, r0, r4, lsl 2",1
"strvc r0, [r1, -0xa00]",1
invalid,1
"adceq r0, r7, sb, lsl r1",1
"strpl r0, [r1], -r0",1
bleq 0x2f5f8,1
"andeq r0, r0, r7, lsr 1",1
"andeq sl, r0, fp, lsl 14",1
invalid,1
"andeq r4, r0, pc, lsl 28",1
invalid,1
invalid,1
"andeq r2, r0, fp, lsl 2",1
"eoreq r0, r1, r0, lsl 22",1
"andeq r0, r0, r0",1
"strdeq r0, r1, [r0], -r0",1
"mcrrhs p0, 0, r0, sl, c2",1
invalid,1
"andeq r0, r0, lr",1
"subeq r3, lr, r1, lsl 16",1
"subeq sb, lr, r0, lsl 10",1
invalid,1
invalid,1
"subeq sb, r7, r0, lsl 28",1
"streq r0, [r8, -r0, lsl 4]",1
"andeq r0, r0, sl, lsl r0",1
"stmdbvs r5, {r0, r1, sl}",1
"andeq r7, r0, 0x6e000000",1
"eoreq r0, r4, r4, lsl 14",1
invalid,1
"andeq r3, r0, r8, lsl 2",1
"streq r0, [r2, -r0, lsl 4]",1
"andeq r0, r0, pc, lsr r0",1
svcne 0x70402,1
"andeq r0, r0, 0",1
"eorseq r0, r3, r1, lsl 12",1
"andeq r0, r2, 0",1
"andeq ip, r0, r5, lsl 22",1
"streq r0, [r8, -0x200]",1
"andeq r0, r0, r0",1
"streq r0, [r5, -0x402]",1
"andeq r0, r0, 0",1
"sbcseq r0, r5, r4, lsl 14",1
invalid,1
"andeq r3, r0, r8, lsl 20",1
svcmi 0x400400,1
"andhi r0, r2, 0",1
"andeq r0, r0, ip, lsr 32",1
"subeq r3, pc, r4, lsl 30",1
"orrlo r0, r3, 0, 4",1
"streq r0, [r0], -0",1
"andeq r4, r0, r2, lsl pc",1
"subseq r8, sp, r2, lsl 12",1
invalid,1
"andeq r0, r0, 0x4f",1
"andeq r2, r0, r7, lsl 11",1
"streq r0, [r4], -0x200",1
"andeq r4, r0, r2, lsr lr",1
bhs 0xf16d0,1
"andeq r0, r0, 0x4e",1
svcmi 0x2b0408,1
"andne r0, r2, r0",1
"subeq r2, pc, r3, lsl 6",1
svcmi 0x80500,1
"andeq r0, r8, 0",1
"rsceq r0, sp, r4, ror 3",1
invalid,1
"andeq r7, r0, 0x1bc0000",1
"rsbseq r0, sb, r4, ror 3",1
"movwhs r0, 0x2000",1
invalid,1
"str r0, [r2], -0",1
"andeq r7, r0, r1, lsl 18",1
"strteq r0, [r3], -0x200",1
"andeq r0, r8, 0, 16",1
"smlatteq ip, fp, r1, r0",1
"movwvc r0, 0x9000",1
invalid,1
"andeq r0, r0, r1, asr 1",1
"rsbeq r6, ip, sb, lsl 24",1
svchi 0x1ee02,1
"andeq r0, r0, r0",1
"subeq r2, lr, sl, lsl 4",1
invalid,1
"andeq r0, r0, sp, ror 1",1
"subeq r3, pc, fp, lsl 4",1
"orreq r0, r8, 0, 2",1
"andeq sb, r0, r1, lsl 20",1
"cmneq lr, 0, 6",1
"cdpvs p0, 0, c0, c12, c0, 0",1
"orreq r0, r8, 0, 2",1
"muleq r0, sl, r0",1
invalid,1
"addseq r0, sl, r8, lsl 7",1
"andvc r0, ip, 0",1
"stmdahi r1, {r4, r5, r6}",1
"andeq r7, r3, r3, lsl 28",1
"cdpvs p13, 6, c0, c14, c0, 0",1
"orreq r0, sl, 0, 2",1
"andeq r0, r0, r4, lsl 7",1
"rsbeq r6, r4, sp, lsl 8",1
"strhi r8, [r3], -0xb01",1
"stceq p0, c0, [r0, -0xc]",1
invalid,1
"smlabbeq ip, ip, r3, r0",1
"strvs r0, [sp], -0",1
"stchi p0, c0, [r1, -0xc0]",1
"andeq r8, r0, r3, lsl 8",1
invalid,1
"orreq r0, sp, 0, 2",1
"andeq r0, r0, r4, lsl 1",1
"eorseq r6, r0, sp, lsl 28",1
"strhi r8, [r3], -0xd01",1
"stceq p0, c0, [r0, -0]",1
invalid,1
"addeq r0, r4, sp, lsl 7",1
"cdpvs p0, 0, c0, c13, c0, 0",1
"stchi p0, c0, [r1, -0xc8]",1
"andeq r8, r0, r3, lsl 8",1
"rsbslo r0, r1, r0, lsl 26",1
"orreq r0, lr, 0, 2",1
"andeq r0, r0, r4, lsl 1",1
"eorseq r7, r1, sp, lsl 2",1
"strhi r8, [r3], -0xe01",1
"stceq p0, c0, [r0, -0]",1
svchi 0x10062,1
"andeq r8, r0, r3, lsl 8",1
"stclvs p13, c0, [r2, -0]!",1
"orreq r0, pc, 0, 2",1
"andeq r0, r0, r4, lsl 1",1
"rsbseq r7, r7, sp, lsl 14",1
"strhi r5, [r4], -0x801",1
"cdpeq p0, 0, c0, c0, c3, 0",1
"andeq r0, r0, r1, lsr r2",1
"subeq sb, lr, pc",1
"biceq r0, fp, 0, 2",1
"andeq r0, r0, r4, lsl 1",1
"subeq r8, lr, pc, lsl 22",1
"biceq r0, fp, 0, 2",1
"andeq r0, r0, r4, lsl 1",1
"subeq r1, pc, pc, lsl 28",1
"biceq r0, fp, 0, 2",1
"andeq r0, r0, r4, lsl 1",1
"subeq r1, pc, pc, lsl 18",1
"biceq r0, fp, 0, 2",1
"andeq r0, r0, r4, lsl 1",1
"subeq r4, pc, pc, lsl 24",1
"biceq r0, fp, 0, 2",1
"andeq r0, r0, r4, lsl 1",1
"subeq r4, pc, pc, lsl 14",1
"biceq r0, fp, 0, 2",1
"andeq r0, r0, r4, lsl 1",1
"ldclvs p15, c5, [0x0002f80c]",1
"biceq r0, fp, 0, 2",1
"andeq r0, r0, r4, lsl 1",1
"addeq r0, fp, 0, 28",1
"andls r0, pc, r0",1
invalid,1
"strdeq r0, r1, [r4], r0",1
blhi 0x3ef85c,1
invalid,1
"strdeq r0, r1, [r4], r0",1
"cdpne p0, 0, c0, c15, c0, 0",1
invalid,1
"strdeq r0, r1, [r4], r0",1
invalid,1
invalid,1
"strdeq r0, r1, [r4], r0",1
invalid,1
invalid,1
"strdeq r0, r1, [r4], r0",1
"strmi r0, [0x0002f88c]",1
invalid,1
"strdeq r0, r1, [r4], r0",1
svcpl 0xd0000,1
"qaddeq r6, pc, r0",1
"strdeq r0, r1, [r4], r0",1
"cdpeq p0, 0, c0, c0, c0, 0",1
"andeq r0, r0, r5, ror 5",1
"subeq sb, lr, pc",1
invalid,1
"andeq r0, r0, r4, lsl 1",1
"subeq r8, lr, pc, lsl 22",1
invalid,1
"andeq r0, r0, r4, lsl 1",1
"subeq r1, pc, pc, lsl 28",1
invalid,1
"andeq r0, r0, r4, lsl 1",1
"subeq r1, pc, pc, lsl 18",1
invalid,1
"andeq r0, r0, r4, lsl 1",1
"subeq r4, pc, pc, lsl 24",1
invalid,1
"andeq r0, r0, r4, lsl 1",1
"subeq r4, pc, pc, lsl 14",1
invalid,1
"andeq r0, r0, r4, lsl 1",1
"ldclvs p15, c5, [0x0002f8c0]",1
invalid,1
"andeq r0, r0, r4, lsl 1",1
"stcvs p0, c1, [sp, -0]",1
invalid,1
"andeq r8, r0, r4, lsl 8",1
"rsblo r0, sp, r0, lsl 26",1
"ldrteq r0, [r6], -0x100",1
"andeq r0, r0, r4, lsl 1",1
"andeq r5, r3, lr, lsl 12",1
"cdpmi p15, 9, c0, c0, c0, 0",1
"mrsmi r0, apsr",1
"andeq r8, r0, r4, lsl 8",1
"cdpmi p15, 8, c0, c11, c0, 0",1
"mrsmi r0, apsr",1
"andeq r8, r0, r4, lsl 8",1
svcmi 0x1e0f00,1
"mrsmi r0, apsr",1
"andeq r8, r0, r4, lsl 8",1
svcmi 0x190f00,1
"mrsmi r0, apsr",1
"andeq r8, r0, r4, lsl 8",1
svcmi 0x4c0f00,1
"mrsmi r0, apsr",1
"andeq r8, r0, r4, lsl 8",1
svcmi 0x470f00,1
"mrsmi r0, apsr",1
"andeq r8, r0, r4, lsl 8",1
svcpl 0x5f0d00,1
invalid,1
"andeq r8, r0, r4, lsl 8",1
svceq 0x100000,1
"strdeq r4, r5, [r0], -sb",1
"strhi r4, [r4], -0x201",1
svceq 0,1
"strdeq r4, r5, [r0], -lr",1
"strhi r4, [r4], -0x201",1
svceq 0,1
"andeq r4, r0, r3, lsl 30",1
"strhi r4, [r4], -0x201",1
"andeq r0, r0, r0",1
"ldreq r0, [r1], -0",1
"muleq r0, sl, r0",1
"andeq r0, r1, r2, lsl ip",1
"strvc r1, [r1, -0x300]",1
invalid,1
svchi 0x1045f,1
"andvc r0, r0, r0",1
invalid,1
svcvc 0x1af,1
invalid,1
invalid,1
"addeq r0, pc, pc, asr r4",1
blmi 0xfe7ef9c8,1
"ldrvc r0, [r4], -r1",1
"ldrbeq r0, [pc], -0x100     ; [0x2f9d0:4]=0x14bd6",1
"andeq r0, r0, pc, lsl 1",1
"ldrdeq r4, r5, [r1], -r6",1
invalid,1
"rsbseq r0, sb, r1, ror 8",1
invalid,1
"ldrvc r0, [r5, -1]",1
"andvs r0, r1, 0x75",1
"andeq r0, r1, r4, lsl 24",1
"mrseq r3, spsr",1
"ldrbtvc r1, [r6], -r0, lsl 10",1
"strbteq r0, [r3], -0x100",1
"andeq r0, r0, ip, lsl 2",1
"muleq r1, r1, ip",1
invalid,1
"addeq r0, pc, r4, ror 8",1
"andpl r0, r6, 0",1
"cmpls r3, 0x93000000",1
"tsteq r8, r4, lsl 14",1
blge 0xff02fa1c,1
"teqne r0, r1",1
"stcvs p0, c0, [r1, -0]",1
"teqeq lr, r4, lsl 16",1
invalid,1
"andeq r0, r0, r4, lsr r1",1
"andeq r4, r1, sb, lsl 26",1
"andeq r2, r1, sb, lsl sl",1
"mrseq r7, spsr",1
invalid,1
invalid,1
blne 0x2fa4c,1
"andeq r0, r0, r4, asr r1",1
"andeq r5, r1, fp, lsl pc",1
invalid,1
"ldclmi p0, c0, [sb]",1
"ldrvc r0, [ip, -1]",1
"movwhs r0, 1",1
invalid,1
"andeq r0, r0, r0, lsl 3",1
"andeq r4, r1, sp, ror 28",1
"andeq r8, r1, ip, lsl fp",1
invalid,1
"orrseq r1, r6, r0, lsl 24",1
svcmi 0x480000,1
"tstge ip, r1",1
invalid,1
invalid,1
"andeq r0, r0, ip, lsr 3",1
"andeq r4, r1, r5, lsr 31",1
"andeq fp, r1, ip, lsl r7",1
invalid,1
"biceq r1, r1, r0, lsl 24",1
"eorspl r0, sb, r0",1
invalid,1
"stcne p0, c0, [r0, -4]",1
"strdeq sl, fp, [r1], -r8",1
"andeq sl, r1, r0, lsr 25",1
"ldrdeq r0, r1, [r0], -ip",1
"andeq sp, r1, ip, lsl ip",1
"cmpeq r0, r0, lsl 28",1
invalid,1
"adcpl r0, r1, r0",1
invalid,1
"strgt r0, [r0, -1]",1
invalid,1
"andeq r0, r0, r0, lsl 4",1
"andeq r5, r1, r3, ror 1",1
"andeq r0, r2, ip, lsl ip",1
"cmpeq r1, r0, lsl 2",1
"andseq r1, r8, 0, 24",1
"cmppl r4, r0",1
"ldrhs r0, [ip], -1",1
"stcvc p0, c0, [r0, -8]",1
"andeq r0, r0, r1, asr r1",1
"andseq r6, r1, lr, lsl r0",1
"andeq r2, r5, r0, lsl 10",1
"eorseq r1, r6, 0, 24",1
"orrspl r0, fp, r0",1
"andsmi r0, ip, 1",1
"cdpge p0, 0, c0, c0, c2, 0",1
invalid,1
"andeq r0, r0, lr, asr 4",1
"ldrdeq r5, r6, [r1], -r2",1
"andeq r5, r2, ip, lsl sl",1
"cmpeq r1, r0",1
"rsbeq r1, r6, 0, 24",1
"andpl r0, lr, 0",1
"andsvc r0, ip, 1",1
invalid,1
invalid,1
"andeq r0, r0, lr, ror r2",1
"strheq r5, [r1], -sp",1
"ldcge p13, c1, [r8]",1
"cdpge p0, 4, c0, c8, c1, 0",1
"ldrbeq r0, [r2, -1]!",1
"andsls r0, ip, r0",1
blle 0x2fb58,1
invalid,1
"muleq r0, ip, r2",1
"andeq r5, r1, lr, ror 5",1
"andeq sl, r2, ip, lsl r8",1
"cmpeq r3, r0, lsl 4",1
"adcseq r1, r4, 0, 24",1
"teqpl r0, 0",1
"andsgt r0, ip, r1",1
"cdpmi p0, 0, c0, c0, c2, 0",1
invalid,1
"andeq r0, r0, ip, asr 5",1
"andeq r5, r1, sp, lsl 7",1
"andeq sp, r2, ip, lsl r8",1
"cmpeq r3, r0, lsl 2",1
invalid,1
"stmdagt r0, {r1, r2, r3, r5, r7, r8}",1
invalid,1
"andeq r0, r0, r6, ror 5",1
"ldrdeq r5, r6, [r1], -pc",1
"andeq pc, r2, ip, lsl r1",1
"cmpeq r3, r0, lsl 4",1
"orrne r1, r0, r0, lsl 28",1
"ldrbeq r0, [r6]",1
"tsteq ip, r0",1
"streq r0, [r0, -3]",1
invalid,1
"andeq r0, r0, sp, lsl 6",1
"andeq r5, r1, r8, lsl r4",1
"andeq r1, r3, ip, lsl sb",1
"cmpeq r4, r0, lsl 24",1
invalid,1
"strbtpl r0, [r5], -0",1
"tstlo ip, r1",1
"movwhi r0, 3",1
invalid,1
"andeq r0, r0, sp, lsr r3",1
"ldrdeq r5, r6, [r1], -r8",1
"andeq r4, r3, ip, lsl sb",1
"cmpeq r5, r0, lsl 8",1
invalid,1
"stmdals r0, {r0, r1, r2, r3, r5, r7, r8}",1
blne 0x302b4,1
"andeq r0, r0, r7, asr r3",1
"andeq r6, r3, fp, lsl r3",1
invalid,1
"andeq r0, r0, r0",1
"andeq r0, r0, r0",1
"strheq r0, [r0], -r7",1
"stclhs p0, c0, [r7, 8]",1
invalid,1
"andeq r0, r0, lr",1
"subeq r3, lr, r1, lsl 16",1
"subeq sb, lr, r0, lsl 10",1
invalid,1
invalid,1
"subeq sb, r8, r0, lsl 28",1
"streq r0, [r8, -r0, lsl 4]",1
"andeq r0, r0, sl, lsl r0",1
"stmdbvs r5, {r0, r1, sl}",1
"andeq r7, r0, 0x6e000000",1
"eoreq r0, r4, r4, lsl 14",1
invalid,1
"andeq r3, r0, r8, lsl 2",1
"streq r0, [r2, -r0, lsl 4]",1
"andeq r0, r0, pc, lsr r0",1
svcne 0x70402,1
"andeq r0, r0, 0",1
"eorseq r0, r3, r1, lsl 12",1
"andeq r0, r2, 0",1
"andeq ip, r0, r5, lsl 22",1
"streq r0, [r8, -0x200]",1
"andeq r0, r0, r0",1
"streq r0, [r5, -0x402]",1
"andeq r0, r0, 0",1
"sbcseq r0, r5, r4, lsl 14",1
invalid,1
"andeq r3, r0, r8, lsl 20",1
svcmi 0x400400,1
"andhi r0, r2, 0",1
"andeq r0, r0, ip, lsr 32",1
"subeq r3, pc, r4, lsl 30",1
"orrlo r0, r3, 0, 4",1
"streq r0, [r0], -0",1
"andeq r4, r0, r2, lsl pc",1
"subseq r8, sp, r2, lsl 12",1
invalid,1
"andeq r0, r0, 0x4f",1
"andeq r2, r0, r7, lsl 11",1
"streq r0, [r4], -0x200",1
"andeq r4, r0, r2, lsr lr",1
bhs 0xf1cc4,1
"andeq r0, r0, 0x4e",1
svcmi 0x2b0408,1
"andne r0, r2, r0",1
"subeq r2, pc, r3, lsl 6",1
svcmi 0x80500,1
"andeq r0, r8, 0",1
"rsceq r0, sp, r4, ror 3",1
invalid,1
"andeq r7, r0, 0x1bc0000",1
"rsbseq r0, sb, r4, ror 3",1
"movwhs r0, 0x2000",1
invalid,1
"str r0, [r2], -0",1
"andeq r7, r0, r1, lsl 18",1
"strteq r0, [r3], -0x200",1
"andeq r0, r8, 0, 16",1
"smlatteq ip, fp, r1, r0",1
"movwvc r0, 0x9000",1
invalid,1
"andeq r0, r0, r1, asr 1",1
"rsbeq r6, ip, sb, lsl 24",1
svchi 0x1ee02,1
"andeq r0, r0, r0",1
"subeq r2, lr, sl, lsl 4",1
invalid,1
"andeq r0, r0, sp, ror 1",1
"subeq r3, pc, fp, lsl 4",1
"orreq r0, r8, 0, 2",1
"andeq sb, r0, r1, lsl 20",1
"cmneq lr, 0, 6",1
"cdpvs p0, 0, c0, c12, c0, 0",1
"orreq r0, r8, 0, 2",1
"muleq r0, sl, r0",1
invalid,1
"addseq r0, sl, r8, lsl 7",1
"andvc r0, ip, 0",1
"stmdahi r1, {r4, r5, r6}",1
"andeq r7, r3, r3, lsl 28",1
"cdpvs p13, 6, c0, c14, c0, 0",1
"orreq r0, sl, 0, 2",1
"andeq r0, r0, r4, lsl 7",1
"rsbeq r6, r4, sp, lsl 8",1
"strhi r8, [r3], -0xb01",1
"stceq p0, c0, [r0, -0xc]",1
invalid,1
"smlabbeq ip, ip, r3, r0",1
"strvs r0, [sp], -0",1
"stchi p0, c0, [r1, -0xc0]",1
"andeq r8, r0, r3, lsl 8",1
invalid,1
"orreq r0, sp, 0, 2",1
"andeq r0, r0, r4, lsl 1",1
"eorseq r6, r0, sp, lsl 28",1
"strhi r8, [r3], -0xd01",1
"stceq p0, c0, [r0, -0]",1
invalid,1
"addeq r0, r4, sp, lsl 7",1
"cdpvs p0, 0, c0, c13, c0, 0",1
"stchi p0, c0, [r1, -0xc8]",1
"andeq r8, r0, r3, lsl 8",1
"rsbslo r0, r1, r0, lsl 26",1
"orreq r0, lr, 0, 2",1
"andeq r0, r0, r4, lsl 1",1
"eorseq r7, r1, sp, lsl 2",1
"strhi r8, [r3], -0xe01",1
"stceq p0, c0, [r0, -0]",1
svchi 0x10062,1
"andeq r8, r0, r3, lsl 8",1
"stclvs p13, c0, [r2, -0]!",1
"orreq r0, pc, 0, 2",1
"andeq r0, r0, r4, lsl 1",1
"rsbseq r7, r7, sp, lsl 14",1
"strhi r5, [r4], -0x801",1
"cdpeq p0, 0, c0, c0, c3, 0",1
"andeq r0, r0, r1, lsr r2",1
"subeq sb, lr, pc",1
"biceq r0, fp, 0, 2",1
"andeq r0, r0, r4, lsl 1",1
"subeq r8, lr, pc, lsl 22",1
"biceq r0, fp, 0, 2",1
"andeq r0, r0, r4, lsl 1",1
"subeq r1, pc, pc, lsl 28",1
"biceq r0, fp, 0, 2",1
"andeq r0, r0, r4, lsl 1",1
"subeq r1, pc, pc, lsl 18",1
"biceq r0, fp, 0, 2",1
"andeq r0, r0, r4, lsl 1",1
"subeq r4, pc, pc, lsl 24",1
"biceq r0, fp, 0, 2",1
"andeq r0, r0, r4, lsl 1",1
"subeq r4, pc, pc, lsl 14",1
"biceq r0, fp, 0, 2",1
"andeq r0, r0, r4, lsl 1",1
"ldclvs p15, c5, [0x0002fe00]",1
"biceq r0, fp, 0, 2",1
"andeq r0, r0, r4, lsl 1",1
"addeq r0, fp, 0, 28",1
"andls r0, pc, r0",1
invalid,1
"strdeq r0, r1, [r4], r0",1
blhi 0x3efe50,1
invalid,1
"strdeq r0, r1, [r4], r0",1
"cdpne p0, 0, c0, c15, c0, 0",1
invalid,1
"strdeq r0, r1, [r4], r0",1
invalid,1
invalid,1
"strdeq r0, r1, [r4], r0",1
invalid,1
invalid,1
"strdeq r0, r1, [r4], r0",1
"strmi r0, [0x0002fe80]",1
invalid,1
"strdeq r0, r1, [r4], r0",1
svcpl 0xd0000,1
"qaddeq r6, pc, r0",1
"strdeq r0, r1, [r4], r0",1
"cdpeq p0, 0, c0, c0, c0, 0",1
"andeq r0, r0, r5, ror 5",1
"subeq sb, lr, pc",1
invalid,1
"andeq r0, r0, r4, lsl 1",1
"subeq r8, lr, pc, lsl 22",1
invalid,1
"andeq r0, r0, r4, lsl 1",1
"subeq r1, pc, pc, lsl 28",1
invalid,1
"andeq r0, r0, r4, lsl 1",1
"subeq r1, pc, pc, lsl 18",1
invalid,1
"andeq r0, r0, r4, lsl 1",1
"subeq r4, pc, pc, lsl 24",1
invalid,1
"andeq r0, r0, r4, lsl 1",1
"subeq r4, pc, pc, lsl 14",1
invalid,1
"andeq r0, r0, r4, lsl 1",1
"ldclvs p15, c5, [0x0002feb4]",1
invalid,1
"andeq r0, r0, r4, lsl 1",1
"stcvs p0, c1, [sp, -0]",1
invalid,1
"andeq r8, r0, r4, lsl 8",1
"rsblo r0, sp, r0, lsl 26",1
"ldrteq r0, [r6], -0x100",1
"andeq r0, r0, r4, lsl 1",1
"andeq r5, r3, lr, lsl 12",1
"cdpmi p15, 9, c0, c0, c0, 0",1
"mrsmi r0, apsr",1
"andeq r8, r0, r4, lsl 8",1
"cdpmi p15, 8, c0, c11, c0, 0",1
"mrsmi r0, apsr",1
"andeq r8, r0, r4, lsl 8",1
svcmi 0x1e0f00,1
"mrsmi r0, apsr",1
"andeq r8, r0, r4, lsl 8",1
svcmi 0x190f00,1
"mrsmi r0, apsr",1
"andeq r8, r0, r4, lsl 8",1
svcmi 0x4c0f00,1
"mrsmi r0, apsr",1
"andeq r8, r0, r4, lsl 8",1
svcmi 0x470f00,1
"mrsmi r0, apsr",1
"andeq r8, r0, r4, lsl 8",1
svcpl 0x5f0d00,1
invalid,1
"andeq r8, r0, r4, lsl 8",1
svceq 0x100000,1
"strdeq r4, r5, [r0], -sb",1
"strhi r4, [r4], -0x201",1
svceq 0,1
"strdeq r4, r5, [r0], -lr",1
"strhi r4, [r4], -0x201",1
svceq 0,1
"andeq r4, r0, r3, lsl 30",1
"strhi r4, [r4], -0x201",1
"andeq r0, r0, r0",1
"ldreq r0, [r1], -0",1
"muleq r0, sl, r0",1
"andeq r0, r1, r2, lsl ip",1
svceq 0x11300,1
invalid,1
bls 0x71208,1
invalid,1
"streq r0, [r0], -0x1af",1
invalid,1
"qaddeq r0, r5, r0",1
invalid,1
"umullseq r0, sl, sl, r4",1
"strpl r0, [r6]",1
"ldrvs r0, [r4], -1",1
"ldreq r0, [sl], 0x100",1
"muleq r0, sl, r0",1
"andeq r5, r1, lr, lsr 12",1
"andeq r1, r1, r5, lsl r8",1
invalid,1
"andseq sb, r1, r0, lsl 16",1
"ldreq r0, [ip], 0x100",1
"andeq r3, r1, r6, lsl lr",1
"ldrlo r0, [r7], -0",1
"strlt r0, [r0], -r1",1
"smlsdne r0, r6, r1, r0",1
"andeq r0, r0, sl, lsr 2",1
"strdeq r5, r6, [r1], -lr",1
"andseq fp, r1, r8, lsl r0",1
"mrseq r1, spsr",1
"ldrpl r0, [sb], -0",1
"stmdbne r0, {r0}",1
"andeq r0, r0, pc, asr r1",1
"andeq r6, r1, sl, lsl sl",1
"cmpeq r7, r0, lsl 12",1
"cmneq r5, r0, lsl 20",1
invalid,1
"andshi r0, sl, r1",1
"cdppl p0, 0, c0, c0, c1, 0",1
bne 0x30584,1
"andeq r0, r0, fp, lsl 3",1
"strdeq r5, r6, [r1], -pc",1
"andeq sb, r1, sl, lsl r6",1
"cmpeq sb, r0, lsl 20",1
invalid,1
invalid,1
invalid,1
invalid,1
bne 0x305ac,1
"strheq r0, [r0], -r7",1
"strdeq r5, r6, [r1], -r2",1
"andeq ip, r1, sl, lsl r1",1
"cmpeq sl, r0",1
"biceq r1, ip, r0, lsl 18",1
invalid,1
"str r0, [r0], -0x1b0",1
svcls 0x1b0,1
bne 0x3007c,1
"ldrdeq r0, r1, [r0], -ip",1
"andeq r5, r1, sb, ror sl",1
"andeq lr, r1, sl, lsl r8",1
"cmpeq sl, r0, lsl 24",1
invalid,1
bpl 0xfec30084,1
"andseq r0, sl, r1",1
"cdpgt p0, 0, c0, c0, c2, 0",1
bne 0x305f8,1
"andeq r0, r0, ip, lsl 4",1
"andeq r5, r1, ip, ror 21",1
"andeq r1, r2, sl, lsl r8",1
"cmpeq fp, r0, lsl 22",1
"eoreq r1, r4, 0, 20",1
blpl 0x15300a8,1
invalid,1
"andeq r1, r0, r8, asr 3",1
"andeq r0, r0, r8, ror 9",1
"andeq r3, r2, sl, lsl r6",1
"cmpeq fp, r0, lsl 4",1
"subeq r1, r2, 0, 20",1
blpl 0xfe1700c4,1
"cdpmi p0, 1, c0, c10, c1, 0",1
"stmdbge r0, {r1}",1
bne 0x3063c,1
"andeq r0, r0, sl, asr r2",1
"andeq r5, r1, r7, asr 23",1
"andeq r6, r2, sl, lsl r6",1
"cmpeq fp, r0, lsl 10",1
"rsbseq r1, r2, 0, 20",1
"ldcpl p0, c0, [r8], -0",1
"cdpvc p0, 1, c0, c10, c1, 0",1
"stmdbhi r0, {r1}",1
"andeq r0, r0, ip, asr r1",1
invalid,1
invalid,1
"andeq r3, r5, r0, lsl 10",1
"addseq r1, r0, 0, 20",1
"stcpl p0, c0, [r7], 0",1
invalid,1
blt 0x30118,1
bne 0x30684,1
"andeq r0, r0, r8, lsr 5",1
"ldrdeq r5, r6, [r1], -lr",1
"andeq fp, r2, sl, lsl r4",1
"cmpeq ip, r0, lsl 24",1
"sbceq r1, r0, 0, 20",1
"ldcpl p0, c0, [sl, -0]",1
invalid,1
"stcvs p0, c0, [r0, -8]",1
bne 0x306ac,1
"ldrdeq r0, r1, [r0], -r8",1
"muleq r1, r6, sp",1
"adcslt r1, r0, 0, 26",1
"mvnslt r0, 1",1
"ldr r0, [sl], -r1",1
"strlt r0, [r0], -2",1
bne 0x306c8,1
"strdeq r0, r1, [r0], -r1",1
"andeq r5, r1, r7, asr 27",1
invalid,1
"movseq sb, r0",1
"andeq sb, r5, r0, lsl 26",1
"movweq r1, 0x1a00",1
"ldclpl p0, c0, [sl]",1
"ldceq p0, c0, [sl, -4]",1
"stc p0, c0, [r0, -0xc]",1
bne 0x306f0,1
"andeq r0, r0, sb, lsl r3",1
"andeq r5, r1, r1, lsl lr",1
"andeq r2, r3, sl, lsl r5",1
"cmpeq lr, r0, lsl 30",1
"teqeq r1, 0, 20",1
"cdppl p0, 4, c0, c13, c0, 0",1
"ldclo p0, c0, [sl, -4]",1
blge 0x301a8,1
bne 0x30718,1
"andeq r0, r0, sb, asr 6",1
"andeq r5, r1, r7, lsl 30",1
"orrslt r1, r0, 0, 26",1
"biclt r0, r0, 1",1
"ldrpl r0, [sb, -r1]",1
"stmdbne r0, {r0, r1}",1
"andeq r0, r0, r3, ror 6",1
"andeq r6, r3, sb, lsl pc",1
"andeq r0, r0, r0",1
"cdplo p0, 0, c0, c0, c0, 0",1
"andeq r0, r0, 1",1
"eoreq r2, pc, r0, lsl 12",1
"cdpeq p4, 0, c0, c1, c0, 0",1
invalid,1
"andeq r4, r0, r6, ror 30",1
"andeq r0, r0, r1, rrx",1
"andeq fp, r1, r4, lsl 8",1
"andeq fp, r1, ip, ror 8",1
"andeq r4, r0, sp, lsl 19",1
"stmdbvs r5, {r1, sl}",1
"movweq r7, 0x46e",1
"andeq r0, r0, r5, lsl 6",1
"eorseq sp, r7, r2, lsl 10",1
"streq r0, [r4], -0",1
"andeq r2, r0, r7, lsl 8",1
"strpl r0, [r1], -r0, lsl 10",1
invalid,1
"strlt r0, [r4], -0x140",1
"strbtlt r0, [r8], -1",1
svcpl 0x390001,1
"stmdbgt r1, {r0}",1
"streq r0, [r0], -r0",1
"andeq r0, r0, r2, lsl 18",1
"eoreq r4, r5, r1",1
svcpl 0x590000,1
"stcpl p0, c0, [r6, -4]",1
invalid,1
"andeq ip, r0, r0, asr 18",1
"cmpeq pc, r0, lsl 14",1
svcmi 0x510600,1
"andmi r0, r1, r0",1
"andeq r0, r0, sb, asr 1",1
"muleq r1, r5, pc",1
"eoreq r2, r6, r7, lsl 28",1
"mrrcle p1, 0, r0, r1, c0",1
invalid,1
"andeq r1, r0, r0, ror 3",1
"strheq r0, [r0], -pc",1
invalid,1
"andeq r2, r0, r2, asr ip",1
"cmpeq pc, r0, lsl 6",1
"ldrblt r0, [r4], -0xa00",1
"mrseq r0, apsr",1
"rsbseq r0, sl, r2, asr r2",1
"subseq r0, r1, 0xc0000002",1
invalid,1
"rsbseq r0, r7, r0, asr r2",1
"strhs r0, [ip], -0",1
invalid,1
"andeq r0, r0, r1",1
"sbceq r0, pc, sp, lsl 8",1
"streq r0, [sp], -0",1
"ldrdeq r0, r1, [r0], -r5",1
blo 0x2306b0,1
"cdpeq p0, 0, c0, c0, c0, 0",1
"andeq r0, r0, ip, lsr 32",1
svcmi 0x95010f,1
bpl 0x702b0,1
invalid,1
invalid,1
"rsbseq r0, sp, r0, lsl 4",1
"tsteq r7, r1",1
"mrseq r0, apsr",1
"andseq r0, r1, r0",1
"tsteq r7, r2, lsl r1",1
"ldrhs r0, [r3, -0]",1
"movwne r0, 0",1
"andeq r0, r0, sb, asr 1",1
"andeq ip, r0, r3, lsl sb",1
"streq r0, [sp], -0",1
"andeq r0, r0, r1, lsl 2",1
"subeq r7, pc, r4, lsl r1",1
invalid,1
invalid,1
svcmi 0x841401,1
"cdphs p0, 0, c0, c1, c0, 0",1
"strdeq r0, r1, [r0], -r6",1
"tsteq r5, r1, lsl 2",1
"andeq r4, r0, r0, ror 30",1
invalid,1
"andeq r0, r1, r0, lsl 2",1
"movwlo r0, 0x200",1
"streq r0, [r0], -0x30",1
"andeq r0, r0, r1, lsl 28",1
"eorpl r0, ip, r0, lsl 2",1
svcmi 0xbf0000,1
"strbtlt r0, [ip], -0",1
"ldrlt r0, [r8], 1",1
bmi 0xfe630330,1
"streq r0, [r2], -0",1
"strbtvc r6, [lr], -0x905",1
"streq r0, [r4, -r0, lsl 6]",1
"andeq r0, r0, r4, lsr 32",1
invalid,1
"movweq r0, 0",1
"eorseq r0, pc, r2, lsl 14",1
"streq r0, [r3], -0",1
"andeq r1, r0, r7, lsl 30",1
"streq r0, [r1], -r0, lsl 6",1
"andeq r0, r0, r3, lsr r0",1
blgt 0x170b68,1
"movweq r0, 0",1
"andeq r0, r0, r8, lsl 10",1
invalid,1
"andeq r1, r0, r7, lsl 20",1
"streq r0, [r4, -0x300]",1
"andeq r0, r0, r5",1
"strle r0, [r7, -0x403]",1
"streq r0, [r0], -0",1
"stmdaeq r1, {r2, r8, sb}",1
"andeq r0, r0, sl, lsr r0",1
"streq r0, [r6], -0x105",1
"andeq r0, r0, fp, ror r0",1
svcmi 0xab0107,1
"andlo r0, r1, r0",1
"andeq r2, r0, r1, lsl 10",1
invalid,1
invalid,1
"rsbseq r0, sp, r0, lsl 4",1
"andeq ip, r0, r1, lsl 14",1
"eorspl r0, r5, r0, lsl 16",1
"andlo r0, r1, r0",1
"andeq r0, r0, sp, ror r0",1
"ldrdeq r5, r6, [r1], -r2",1
"movseq sb, sb",1
"sbcseq r0, r4, r0, lsl 2",1
invalid,1
beq 0xc3090c,1
"vhadd.u8 d5, d3, d1",1
"andeq r5, r0, r1",1
"subeq fp, pc, fp, lsl 4",1
"eorvc r0, r8, 0, 2",1
invalid,1
"strge r0, [r1, -0xc01]",1
"andeq r0, r0, 0x4f",1
"eoreq r0, r5, r2, ror 2",1
invalid,1
"stceq p0, c0, [r0, -0]",1
"strdeq r0, r1, [r0], -r6",1
"andeq r7, r0, sp, lsl 4",1
"rsbseq r0, r2, r0, lsl 26",1
"streq r0, [r0], -r0",1
"andeq pc, r0, r4, lsl 24",1
"stceq p14, c0, [r1, -0]",1
"andeq r0, r0, r2, ror r0",1
"adceq r0, r6, r0",1
"andeq r0, r2, r0",1
"andeq r3, r0, sp, ror 1",1
bmi 0xffb7082c,1
"andne r0, r8, 0",1
"cdphs p0, 2, c0, c14, c0, 0",1
"rsbvc r7, pc, 0x2f",1
invalid,1
"strbvs r7, [r4, -0x379]!",1
invalid,1
invalid,1
"mcrhs p4, 3, r7, c14, c2, 3",1
"stmdavs pc!, {r0, r1, r4, r6}",1
svchs 0x656d6f,1
"rsbsvc r6, r5, 0xa0000006",1
svchs 0x74656b,1
"strbtvc r6, [r3], -0xf79",1
"strbvc r2, [r2, -0xf6f]!",1
svchs 0x646c69,1
svchs 0x706d74,1
blvs 0x1ccc23c,1
"ldclvs p1, c6, [r2, -0xbc]!",1
"stclhs p7, c3, [r1, -0x1d8]!",1
"ldclhs p6, c6, [r0, -0x1d8]!",1
"cdpvs p5, 6, c6, c15, c14, 3",1
blvs 0x1c0c528,1
"stmdbvs ip!, {r0, r3, r4, r5, r6, r8, sl, fp, sp} ^",1
"ldclhs p5, c7, [r8, -0x1b8]!",1
"ldrbvs r6, [r5, -0xe67]!",1
svchs 0x696261,1
"stmdbvs ip!, {r0, r2, r5, r6, r8, sb, sl, sp, lr} ^",1
"eorlo r6, pc, 0x88000001",1
"ldchs p1, c3, [r7, -0xb8]!",1
"strvs r3, [0x00030122]!",1
"rsbvs r6, sb, 0x6700",1
"cdphs p13, 3, c2, c2, c3, 3",1
"stcvs p7, c3, [pc], -0xc4",1
svchs 0x636269,1
"rsbseq r7, r5, r3, ror 6",1
"subshs r4, r5, r7, asr 28",1
"eorlo r5, r0, 0x4000001",1
"cdphs p2, 3, c3, c3, c14, 1",1
"andhi r0, r1, r1, lsr r0",1
"andne r1, r0, r1, lsl 2",1
"andne r1, r1, 0x80000001",1
blne 0x2310c8,1
"movwne r2, 0x8508",1
"andeq r0, r0, r5",1
"strhs r1, [r1, -0x101]",1
"movweq r1, 0xb30e",1
"andne r1, lr, lr, lsl 22",1
"andeq r0, r0, 6",1
bleq 0x2f0570,1
invalid,1
"strhs r0, [r3], -0",1
"vmlalo.f64 d0, d11, d0",1
"andeq r0, r8, fp, lsl 6",1
"eorseq r0, r4, r0, lsl 8",1
bleq 0xeb3d04,1
"movtne r0, 0x9b3b",1
beq 0xb35fc,1
"strhs r0, [r5], -r0",1
"andseq r4, r3, r0, lsl 18",1
"mrsne r0, apsr",1
"strpl r1, [r6, -0]",1
blne 0x23112c,1
"movwne r2, 0x8508",1
"andeq r0, r0, r5",1
"strhs r1, [r1, -0x101]",1
"movweq r1, 0xb30e",1
invalid,1
"andne r1, r1, r1, lsl 4",1
"andeq r0, r0, 6",1
bleq 0x2f05c4,1
invalid,1
"strne r0, [r3], -r0",1
blo 0x3b1140,1
"stmdbmi fp, {r0, r1, r3, r8, sb, fp, ip, sp}",1
"streq r0, [r0], -0x13",1
bleq 0x2f05dc,1
"stmdaeq r3, {r1, r2, r3, r4, r5, r8, sb, fp}",1
svceq 0x50000,1
"andeq r0, fp, r0, lsl 22",1
"andeq r0, pc, r0, lsl 12",1
"movtne r0, 0x9b0b",1
"movwne r0, 0x7000",1
bleq 0x3b116c,1
bllo 0x2fed98,1
"andseq r0, r3, fp, lsl 2",1
"andeq r0, sp, r0, lsl 16",1
bleq 0xeb3d84,1
"movtne r0, 0x9b3b",1
"andeq r0, r0, r8, lsr sl",1
"movweq r0, 0xd09",1
bllo 0x2fedc0,1
"ldmdalo r3, {r0, r2, r8, fp, lr}",1
beq 0x305b8,1
"mcreq p0, 0, r0, c3, c6, 0",1
bleq 0xef3280,1
"mrseq r0, apsr",1
"tsteq r3, r1, lsl 18",1
invalid,1
"movtne r0, 0x9021",1
"andeq r0, r0, pc, lsr 22",1
"movweq r1, 0x60d",1
bllo 0x2fedec,1
"andseq r4, r3, r5, lsl 18",1
"eoreq r0, r6, r0, lsl 28",1
"andeq r1, r0, sb, asr 6",1
"stmdbmi r0, {r0, r1, r2, r3, r8, sl, ip, sp}",1
"andne r0, r0, r3, lsl r0",1
"stmdaeq r3, {r0, r2, r3}",1
bleq 0xef32b8,1
beq 0xe352f8,1
"ldrne r0, [r1, -0]",1
"andeq r2, ip, r0, lsl 14",1
"eoreq r1, r6, r0, lsl 4",1
"ldreq r0, [r3], -0",1
blo 0x2f31ec,1
invalid,1
"strne r0, [r0], -0x13",1
"cdpeq p0, 0, c0, c3, c8, 1",1
"andeq r0, r0, ip, lsl sp",1
"movweq r1, 0x1315",1
blo 0x2f3238,1
invalid,1
invalid,1
"cdpeq p0, 0, c0, c3, c13, 0",1
"ldreq r0, [fp, -0xb3a]!",1
bleq 0x2f5338,1
bleq 0x33324c,1
"andeq r0, r0, r8, lsr sl",1
"movweq r1, 0x317",1
"andeq r3, ip, lr, lsl 24",1
"andeq r1, sp, r0, lsl 16",1
bleq 0xeb2638,1
"movtne r0, 0x953b",1
"andeq r0, r0, r8, lsr sl",1
bleq 0x7169c,1
bllo 0x2fee68,1
"andseq r0, r3, fp, lsl 2",1
invalid,1
bleq 0x2f3e54,1
bleq 0xef3334,1
"andeq r1, r0, r1, lsl 6",1
svclo 0x12e1b,1
blo 0x3b1288,1
"strhs r3, [fp, -fp, lsl 22]",1
"andshs r4, r3, ip, lsl 18",1
"andseq r0, r3, fp, lsl 2",1
"andeq r1, r5, r0, lsl 24",1
bleq 0xeb2678,1
"movtne r0, 0x9b3b",1
"cdphs p0, 1, c0, c13, c0, 0",1
"movweq r3, 0xcf01",1
bllo 0x2feeb4,1
"stmdbmi ip, {r0, r1, r3, r8, sb, sl, sp}",1
"strlo r2, [fp], -0x13",1
"andseq r0, r3, ip, lsl 2",1
"andeq r1, r5, r0, lsl 28",1
bleq 0xeb3e9c,1
"movtne r0, 0x9b3b",1
invalid,1
"andhs r0, r0, r0",1
"cdpeq p1, 0, c0, c3, c14, 1",1
bleq 0xef338c,1
"movtne r0, 0x9c27",1
"tsteq r2, r1, lsl r1",1
"addsmi r0, r7, 64, 12",1
"andseq r0, r3, ip, lsl 2",1
"andeq r2, r5, r0, lsl 2",1
bleq 0xeb3ec8,1
"movtne r0, 0x9b3b",1
"andeq r0, r0, r2, lsl 12",1
"movweq r3, 0x422",1
bllo 0x2fef04,1
"andseq r4, r3, 0x2c000",1
"movwhs r0, 6",1
"smlabbeq r1, sb, r2, r8",1
"teqne r1, 0x40000004",1
"andeq r1, r0, r1, lsl 6",1
"orreq r8, r2, r4, lsr 20",1
"mrsls r0, r10_fiq",1
"andeq r0, r0, r2, asr 20",1
"orreq r8, r2, r5, lsr 18",1
"mrslo r1, apsr",1
invalid,1
"cdpeq p1, 0, c0, c3, c14, 1",1
"ldreq r0, [fp, -0xb3a]!",1
"tsteq r1, r7, lsr 24",1
invalid,1
"swpeq r4, r7, [ip]",1
"smladhs r0, r3, r0, r0",1
"mcreq p0, 0, r0, c3, c4, 1",1
"ldreq r0, [fp, -0xb3a]!",1
beq 0xb5440,1
"stcne p0, c0, [r8, -0]!",1
"tstne r3, r1, lsl 2",1
"stmdapl r1, {r0, sb, ip}",1
"mrseq r5, apsr",1
"stmdbhs r0, {r0, r1, r4}",1
"teqne r1, 5",1
"andeq r0, r0, r2, lsl 12",1
"movweq r2, 0x1e2a",1
bllo 0x2fef78,1
"andhs r2, ip, r5, lsl 14",1
"andseq r0, r3, fp, lsl 2",1
"andeq r2, r5, r0, lsl 22",1
bleq 0xeb275c,1
"movtne r0, 0x953b",1
"cdphs p0, 2, c0, c12, c0, 0",1
blo 0x3b1360,1
"strhs r3, [r5, -fp, lsl 22]",1
"andshs r4, r3, ip, lsl 18",1
"andseq r0, r3, fp, lsl 2",1
"eorseq r2, r4, r0, lsl 26",1
bleq 0xeb277c,1
"movtne r0, 0x953b",1
"cdphs p0, 2, c0, c14, c0, 0",1
blo 0x3b137c,1
"strhs r3, [r5, -fp, lsl 22]",1
"andeq r2, fp, ip",1
"eorseq r2, r4, r0, lsl 30",1
bleq 0xeb3f98,1
"movtne r0, 0x953b",1
bleq 0xc30794,1
invalid,1
"cdpeq p1, 0, c0, c3, c14, 1",1
"ldreq r0, [fp, -0xb3a]!",1
"movtne r0, 0x9c27",1
"tsteq r2, r1, lsl r1",1
"addsmi r0, r7, 64, 12",1
"andseq r0, r3, ip, lsl 2",1
"andeq r3, r5, r0, lsl 4",1
bleq 0xeb3fc4,1
"movtne r0, 0x953b",1
"andeq r0, r0, r2, lsl 12",1
"movweq r3, 0x433",1
bllo 0x2ff000,1
"andseq r4, r3, 0x14000",1
"strlo r0, [r0], -6",1
"tsteq r1, fp, lsl 2",1
"movwne r0, 0x1112",1
"ldrtlo r0, [r5], -0",1
blo 0x3b13e0,1
"stmdbmi r5, {r0, r1, r3, r8, sb, fp, ip, sp}",1
"andeq r1, fp, r3, lsl ip",1
invalid,1
"tsteq r2, r1, lsl r1",1
"ldcne p0, c0, [r7, -0]!",1
"andspl r3, r3, 0x40000000",1
"stmdapl r6, {r0, r8, sl, ip, lr}",1
"mrseq r5, apsr",1
"stmdalo r0, {r0, r1, r4}",1
"ldrbeq r0, [r5], -fp, lsl 2",1
"ldrtlo r0, [sb], -0",1
"andseq r3, r3, 0, 2",1
blo 0x3083c,1
"andeq r8, r1, sb, lsl 5",1
"teqne r1, 0x40000004",1
"ldrtlo r0, [fp], -0",1
"andseq r3, r3, 0, 2",1
invalid,1
"teqne r1, 0x40000007",1
"tsteq r2, r1, lsl r1",1
"ldrbeq r0, [sb, -0xb58]",1
"ldcne p0, c0, [sp, -0]!",1
"andspl r3, r3, 0x40000000",1
"stmdapl r6, {r0, r8, sl, ip, lr}",1
"andeq r5, r5, fp, lsl 18",1
invalid,1
"mcreq p12, 0, r0, c3, c15, 1",1
bleq 0xef3538,1
"tsteq r1, r7, lsr 24",1
invalid,1
"swpeq r4, r7, [ip]",1
svclo 0x13,1
"teqne r1, 0x40000007",1
"tsteq r2, r1, lsl r1",1
bleq 0x16735cc,1
"andeq r1, r0, r1, lsl 6",1
svclo 0x12e40,1
blo 0x3b14a8,1
"strhs r3, [r5, -fp, lsl 22]",1
"tstne r3, ip, lsl 18",1
"andmi r1, r1, r1, lsl 4",1
"mcrreq p7, 0, sb, r2, c6",1
"andeq r1, r0, r1, lsl 6",1
"movweq r3, 0x441",1
bllo 0x2ff0b4,1
"andseq r4, r3, 0x14000",1
"andmi r0, r0, 6",1
"teqne r1, 5",1
"andeq r0, r0, r2, lsl 20",1
invalid,1
"andeq r1, fp, r3, lsl ip",1
"eorseq r4, r4, r0, lsl 8",1
bleq 0xeb40c0,1
"movtne r0, 0x9b3b",1
"andeq r0, r0, r2, lsl 20",1
"movweq r3, 0x445",1
bllo 0x2ff0fc,1
svclo 0x13490b,1
"andeq r3, ip, ip, lsl 24",1
invalid,1
"mcreq p12, 0, r0, c3, c15, 1",1
"ldreq r0, [fp, -0xb3a]!",1
"movtne r0, 0x9c27",1
"movwne r0, 0x1c3c",1
"strbeq r0, [r7, -0]",1
"andseq r4, r3, r0, lsl 18",1
invalid,1
"mcreq p12, 0, r0, c3, c15, 1",1
bleq 0xef35dc,1
"ldceq p12, c0, [ip], -0x9c",1
"andeq r1, r0, r1, lsl 6",1
svclo 0x12e49,1
blo 0x3b1534,1
"strhs r3, [fp, -fp, lsl 22]",1
invalid,1
"andseq r0, r3, ip, lsl 2",1
"eoreq r4, lr, r0, lsl 20",1
"mcreq p12, 0, r0, c3, c15, 1",1
bleq 0xef3604,1
"movtne r0, 0x9c27",1
"andeq r0, r0, ip, lsr ip",1
svclo 0x12e4b,1
blo 0x3b155c,1
"strhi r3, [r5, -fp, lsl 22]",1
"stceq p14, c0, [r7], -0x100",1
"ldceq p3, c1, [ip], -0x124",1
"andeq r1, r0, r1, lsl 6",1
svclo 0x12e4c,1
blo 0x3b1574,1
"strhs r3, [r5, -fp, lsl 22]",1
invalid,1
"stcmi p0, c0, [r0, -0x4c]",1
"ldceq p1, c0, [pc], -0xb8",1
bleq 0xeb4164,1
"addmi r0, r7, fp, lsr fp",1
"stmdbmi ip, {r1, r2, r3, r8, sb, sl, sp}",1
invalid,1
"mcrmi p0, 0, r0, c0, c3, 0",1
"ldceq p1, c0, [pc], -0xb8",1
bleq 0xeb417c,1
invalid,1
"andeq r0, r0, ip, lsr ip",1
"tsteq r1, r0, lsl 2",1
bleq 0x4f4214,1
"cdpeq p14, 1, c0, c11, c3, 0",1
"andeq r0, r0, r0, lsl r6",1
"movweq r3, 0x402",1
bllo 0x2ff1c8,1
svclo 0x13490b,1
"andeq r0, sl, ip, lsl 4",1
"andeq r0, pc, r0, lsl 6",1
"movtne r0, 0x9b0b",1
"strhs r0, [r4], -r0",1
"andseq r4, r3, r0, lsl 18",1
"eoreq r0, r4, r0, lsl 10",1
bleq 0xfb35dc,1
"andeq r0, r0, r3, lsl 28",1
"tsteq r1, r0, lsl 2",1
bleq 0x4f4250,1
"cdpeq p14, 1, c0, c11, c3, 0",1
"tsteq r2, r1, lsl r1",1
"andeq r0, r0, r0, lsl r6",1
bleq 0x399d4,1
"movweq r3, 0xbe0b",1
"movweq r0, 8",1
"mcreq p0, 0, r0, c3, c6, 0",1
bleq 0xef36c4,1
"andeq r1, r0, sb, asr 6",1
bleq 0x399f4,1
"movweq r3, 0xbe0b",1
"streq r0, [r0, -0xe]",1
bleq 0x2f0a2c,1
svceq 0x60000,1
"stmdbmi fp, {r8, sb, fp}",1
"smladeq r0, r3, r0, r0",1
"mcreq p1, 0, r0, c3, c3, 0",1
bleq 0xeb3630,1
"movwne r0, 0x1b3b",1
"stceq p0, c0, [r8, -0]",1
blo 0x3b1610,1
"stmdbmi fp, {r0, r1, r3, r8, sb, fp, ip, sp}",1
"andeq r3, sl, r3, lsl r8",1
"andeq r0, sp, r0, lsl 18",1
bleq 0xeb422c,1
"movtne r0, 0x953b",1
"andeq r0, r0, r8, lsr sl",1
"movweq r1, 0x60a",1
bllo 0x2ff268,1
bleq 0x30a60,1
"movtne r0, 0x9101",1
"andeq r1, r0, r1, lsl 6",1
"stmdbmi r0, {r2, r3, r8, sp}",1
"andeq r2, fp, r3, lsl pc",1
"eoreq r0, r6, r0, lsl 26",1
"andeq r1, r0, sb, asr 6",1
"stmdbmi r0, {r1, r2, r3, r8, sl, ip, sp}",1
svceq 0x13,1
"ldceq p1, c0, [pc], -0xb8",1
bleq 0xeb4268,1
invalid,1
"tsteq r2, r1, lsl r1",1
"addsmi r0, r7, 64, 20",1
"andseq r0, r3, ip, lsl 2",1
"andeq r1, r5, r0",1
bleq 0xeb4280,1
"movtne r0, 0x9b3b",1
"andeq r0, r0, r2, lsl 20",1
svclo 0x12e11,1
blo 0x3b16b4,1
"strhs r3, [fp, -fp, lsl 22]",1
"andne r1, r1, 12, 2",1
"strls r4, [r6, -r1]",1
"movwne r0, 0x1c42",1
bleq 0x4b0a98,1
"andne r1, r1, 0x40000000",1
"andseq r0, r3, r1, lsl 2",1
"eorseq r1, r4, r0, lsl 6",1
bleq 0xeb42b4,1
"movtne r0, 0x9b3b",1
"andeq r0, r0, r2, lsl 12",1
"orreq r8, r2, r4, lsl sb",1
"mrslo r1, apsr",1
"andseq r0, r3, r3, lsl r1",1
"addhi r1, sl, 0, 10",1
beq 0xb0ac8,1
"muleq sl, r1, r2",1
"addhi r1, sb, 0, 12",1
"tsteq r1, r1",1
"andeq r1, r0, r1, lsr r3",1
"movweq r3, 0x417",1
bllo 0x2ff314,1
"andseq r4, r3, 0x2c000",1
"stmdane r0, {r1, r3}",1
"mcreq p0, 0, r0, c3, c4, 1",1
bleq 0xef37d4,1
"ldceq p3, c1, [pc], -0x124",1
"andeq r0, r0, ip, lsr ip",1
svclo 0x12e19,1
blo 0x3b172c,1
"strhs r3, [fp, -fp, lsl 22]",1
invalid,1
"andseq r0, r3, ip, lsl 2",1
"andeq r1, r5, r0, lsl 20",1
"andeq r1, r0, sb, asr 6",1
svclo 0x2e1b,1
blo 0x3b1748,1
"strhs r3, [fp, -fp, lsl 22]",1
invalid,1
invalid,1
"ldceq p1, c0, [pc], -0xb8",1
bleq 0xeb4338,1
"stceq p5, c0, [r7], -0xec",1
"ldceq p3, c1, [ip], -0x124",1
"andeq r1, r0, r1, lsl 6",1
svclo 0x12e1d,1
blo 0x3b1770,1
"strhs r3, [fp, -fp, lsl 22]",1
invalid,1
"mcrne p0, 0, r0, c0, c3, 0",1
"andeq r0, r0, r8, lsl r0",1
svclo 0x12e1f,1
blo 0x3b1788,1
"strhs r3, [r5, -fp, lsl 22]",1
invalid,1
"andeq r0, r0, r3, lsl r0",1
"strhs r1, [r1, -0x101]",1
"movweq r1, 0xb30e",1
invalid,1
"andne r1, r1, r1, lsl 4",1
"andeq r0, r0, 6",1
bleq 0x2f0c0c,1
"stmdaeq r3, {r1, r2, r3, r4, r5, r8, sb, fp}",1
"strne r0, [r3], -r0",1
blo 0x3b1788,1
"stmdbmi fp, {r0, r1, r3, r8, sb, fp, ip, sp}",1
"streq r0, [r0], -0x13",1
bleq 0x2f0c24,1
invalid,1
svceq 0x50000,1
"stmdbmi fp, {r8, sb, fp}",1
invalid,1
"movtne r0, 0x9026",1
"cdphs p0, 0, c0, c7, c0, 0",1
"movweq r3, 0xcf01",1
bllo 0x2ff3ec,1
"stmdbmi ip, {r0, r1, r3, r8, sb, sl, sp}",1
"andne r1, r1, 0xc0000004",1
"strls r4, [r6, -r1]",1
"movwne r0, 0x1c42",1
"streq r0, [r8, -0]",1
blo 0x3b17cc,1
"stmdbmi fp, {r0, r1, r3, r8, sb, fp, ip, sp}",1
"andeq r0, r6, r3, lsl r2",1
"eorseq r0, r4, r0, lsl 18",1
bleq 0xeb43e8,1
"movtne r0, 0x9b3b",1
"andeq r0, r0, r2, lsl 12",1
"movweq r3, 0x40a",1
bllo 0x2ff40c,1
"andseq r4, r3, 0x2c000",1
bleq 0x30c0c,1
"stmdaeq r3, {r2, r4, r5}",1
bleq 0xef38e4,1
beq 0xb5924,1
"strlo r0, [ip], -0",1
blo 0x3b1808,1
"stmdbmi fp, {r0, r1, r3, r8, sb, fp, ip, sp}",1
"andeq r1, fp, r3, lsl ip",1
"addhi r0, sb, 0, 26",1
"tsteq r1, r1, lsl 2",1
"andeq r1, r0, r1, lsr r3",1
"orreq r8, r2, lr, lsl 20",1
"mrsls r0, r10_fiq",1
"andeq r0, r0, r2, asr 20",1
svclo 0x12e0f,1
blo 0x3b1860,1
"strhs r3, [r5, -fp, lsl 22]",1
invalid,1
"andne r0, r0, ip",1
"movtne r0, 0x9005",1
invalid,1
"mcreq p1, 1, r0, c5, c1, 0",1
invalid,1
"sadd16eq r0, r0, fp",1
"strhs r0, [r2], -0",1
"vmlalo.f64 d0, d11, d0",1
"andeq r0, lr, fp, lsl 6",1
"eoreq r0, r4, r0, lsl 6",1
bleq 0xfb3890,1
"andeq r0, r0, r3, lsl 16",1
"stmdbmi r0, {r2, r8, sl, ip, sp}",1
"streq r0, [r0, -0x13]",1
"mcreq p0, 0, r0, c3, c4, 1",1
bleq 0xef3960,1
"ldceq p3, c1, [pc], -0x124",1
"andeq r0, r0, r2, lsl 20",1
"tsteq r1, r0, lsl 2",1
bleq 0x4f451c,1
"cdpeq p14, 1, c0, c11, c3, 0",1
"tsteq r2, r1, lsl r1",1
"andeq r0, r0, r0, lsl r6",1
bleq 0x39ca0,1
"movweq r3, 0xbe0b",1
"movweq r0, 0xe",1
"mcreq p0, 0, r0, c3, c6, 0",1
bleq 0xef3990,1
"andeq r1, r0, sb, asr 6",1
bleq 0x39cc0,1
"movweq r3, 0xbe0b",1
"streq r0, [r0, -8]",1
bleq 0x2f0cf8,1
svceq 0x60000,1
"stmdbmi fp, {r8, sb, fp}",1
"smladeq r0, r3, r0, r0",1
"mcreq p1, 0, r0, c3, c3, 0",1
bleq 0xeb38fc,1
"movwne r0, 0x1b3b",1
"stceq p0, c0, [r8, -0]",1
blo 0x3b18dc,1
"stmdbmi fp, {r0, r1, r3, r8, sb, fp, ip, sp}",1
"andeq r3, sl, r3, lsl r8",1
"andeq r0, sp, r0, lsl 18",1
bleq 0xeb44f8,1
"movtne r0, 0x953b",1
"andeq r0, r0, r8, lsr sl",1
"movweq r1, 0x60a",1
bllo 0x2ff534,1
bleq 0x30d2c,1
"movtne r0, 0x9101",1
"andeq r1, r0, r1, lsl 6",1
"stmdbmi r0, {r2, r3, r8, sp}",1
"andeq r2, fp, r3, lsl pc",1
invalid,1
bleq 0xeb3944,1
"movwne r0, 0x1b3b",1
invalid,1
invalid,1
svceq 0xd,1
"ldceq p1, c0, [pc], -0xb8",1
bleq 0xeb453c,1
invalid,1
"tsteq r2, r1, lsl r1",1
"addsmi r0, r7, 64, 12",1
"andseq r0, r3, ip, lsl 2",1
"andeq r1, r5, r0",1
bleq 0xeb2d54,1
"movtne r0, 0x9b3b",1
"andeq r0, r0, r2, lsl 12",1
"movweq r0, 0x511",1
bllo 0x2ff590,1
"andseq r4, r3, 0x2c000",1
"andne r0, r0, 6",1
"stmdaeq r3, {r0, r2}",1
bleq 0xef3a50,1
beq 0xb5a90,1
"ldreq r0, [r3, -0]",1
blo 0x3b1974,1
"stmdbmi fp, {r0, r1, r3, r8, sb, fp, ip, sp}",1
"andeq r0, sl, r3, lsl r2",1
"mrseq r1, apsr",1
"tsteq r2, r1, lsl r1",1
"ldrlo r0, [r5], -0",1
blo 0x23198c,1
"stmdbmi fp, {r0, r1, r3, r8, sb, fp, ip, sp}",1
invalid,1
"smlabbeq r1, sb, r2, r8",1
"teqne r1, 0x40000004",1
bhi 0x5f0da0,1
"andeq r0, r0, 0x80000020",1
beq 0x10d51d0,1
invalid,1
"smlabbne r1, r2, r1, r0",1
"tsteq r3, r1, lsl 2",1
"stmdbne r0, {r0, r1, r4}",1
"mcreq p0, 0, r0, c3, c4, 1",1
bleq 0xef3aa8,1
"ldceq p3, c1, [pc], -0x124",1
"andeq r0, r0, ip, lsr ip",1
svclo 0x12e1a,1
blo 0x3b1a00,1
"strhi r3, [r5, -fp, lsl 22]",1
"stceq p14, c0, [r7], -0x100",1
"ldceq p3, c1, [ip], -0x124",1
"andeq r1, r0, r1, lsl 6",1
"stmdbmi r0, {r0, r1, r3, r4, r8, sl}",1
invalid,1
"ldceq p1, c0, [pc], -0xb8",1
bleq 0xeb45fc,1
"stceq p5, c0, [r7], -0xec",1
"ldceq p3, c1, [ip], -0x124",1
invalid,1
"mcreq p1, 1, r0, c5, c1, 0",1
invalid,1
"tsteq r1, fp, lsl lr",1
"sadd16eq r0, r0, r2",1
"strne r0, [r2], -r0",1
blo 0x3b1a14,1
"stmdbmi fp, {r0, r1, r3, r8, sb, fp, ip, sp}",1
"movweq r0, 0x13",1
bleq 0x2f0eb0,1
invalid,1
"strhs r0, [r4], -0",1
"vmlalo.f64 d0, d11, d0",1
"andeq r0, r8, fp, lsl 6",1
"andeq r0, pc, r0, lsl 10",1
"andeq r0, r0, fp, lsl 22",1
bleq 0x34a54,1
"andseq r4, r3, fp, lsl 18",1
"tsteq r3, r0, lsl 14",1
bleq 0x2f4654,1
bleq 0xef3b34,1
"andeq r1, r0, r1, lsl 6",1
"movweq r0, 0xd08",1
bllo 0x2ff690,1
"ldmdalo r3, {r0, r1, r3, r8, fp, lr}",1
"stmdbeq r0, {r1, r3}",1
"cdpeq p0, 0, c0, c3, c13, 0",1
"ldreq r0, [fp, -0xb3a]!",1
beq 0xe35b90,1
"strne r0, [sl], -r0",1
blo 0x3b1a74,1
"andeq r3, fp, fp, lsl 22",1
invalid,1
"movwne r1, 0x1349",1
invalid,1
svchs 0x134900,1
"stceq p0, c0, [r0, -0x2c]",1
"mcreq p0, 0, r0, c3, c6, 0",1
"ldreq r0, [fp, -0xb3a]!",1
"andeq r1, r0, sb, asr 6",1
svclo 0x12e0e,1
blo 0x3b1ad0,1
"strhs r3, [fp, -fp, lsl 22]",1
"andshs r4, r3, ip, lsl 18",1
invalid,1
svceq 0x13,1
"cdpeq p0, 0, c0, c3, c5, 0",1
bleq 0xef3ba0,1
"andeq r1, r0, sb, asr 6",1
svclo 0x12e10,1
blo 0x3b1af4,1
"strhs r3, [fp, -fp, lsl 22]",1
"andshs r4, r3, ip, lsl 18",1
"andseq r0, r3, fp, lsl 2",1
invalid,1
"mcreq p12, 0, r0, c3, c15, 1",1
bleq 0xef3bc4,1
"tsteq r1, r7, lsr 24",1
beq 0x103132c,1
"swpeq r4, r7, [ip]",1
"andne r0, r0, 0x13",1
"cdpeq p0, 0, c0, c3, c5, 0",1
bleq 0xef3bdc,1
beq 0xb5c1c,1
"ldcne p0, c0, [r3, -0]",1
"tstne r3, r1, lsl 2",1
"stmdapl r1, {r0, sb, ip}",1
"andeq r5, fp, fp, lsl 18",1
"andeq r1, r5, r0, lsl 8",1
bleq 0x735bd4,1
"ldreq r0, [r5, -0]",1
"andseq r3, r3, 0, 2",1
"strne r0, [r0], -sl",1
"ldceq p1, c0, [pc], -0xb8",1
bleq 0xeb4730,1
invalid,1
"tsteq r1, sb, asr 6",1
invalid,1
"swpeq r4, r7, [ip]",1
"smladne r0, r3, r0, r0",1
"cdpeq p0, 0, c0, c3, c5, 0",1
bleq 0xef3c28,1
"streq r1, [r2], -sb, asr 6",1
"ldrlo r0, [r8], -0",1
blo 0x231b4c,1
"stmdbmi fp, {r0, r1, r3, r8, sb, fp, ip, sp}",1
"andeq r0, r6, r3, lsl r2",1
"eorseq r1, r4, r0, lsl 18",1
bleq 0xeb4768,1
"movtne r0, 0x9b3b",1
"andeq r0, r0, r2, lsl 12",1
invalid,1
"andne r1, r1, 0xc0000004",1
"stmdbpl fp, {r0, fp, ip, lr}",1
"andseq r0, r3, fp, lsl 2",1
"andeq r1, r5, r0, lsl 22",1
invalid,1
invalid,1
"smlabbne r1, r2, r1, r0",1
"andseq r3, r3, r1, lsl 2",1
"addhi r1, sl, 0, 26",1
beq 0xb0f94,1
"muleq sl, r1, r2",1
invalid,1
"tsteq r2, r1, lsl r1",1
"cdphs p0, 1, c0, c15, c0, 0",1
"movweq r3, 0xcf01",1
bllo 0x2ff7e0,1
invalid,1
"andmi r1, r1, r1, lsl 4",1
"mcrreq p7, 0, sb, r2, c6",1
"andeq r1, r0, r1, lsl 6",1
"orreq r8, r2, r0, lsr 18",1
"mrslo r1, apsr",1
invalid,1
"mcreq p0, 0, r0, c3, c4, 1",1
bleq 0xef3cb4,1
"ldceq p3, c1, [pc], -0x124",1
"andeq r0, r0, ip, lsr ip",1
svclo 0x12e22,1
blo 0x3b1c0c,1
"strhs r3, [r5, -fp, lsl 22]",1
invalid,1
"andseq r0, r3, ip, lsl 2",1
"andeq r2, r5, r0, lsl 6",1
"andeq r1, r0, sb, asr 6",1
svclo 0x12e24,1
blo 0x3b1c28,1
"strhs r3, [fp, -fp, lsl 22]",1
invalid,1
"andseq r0, r3, ip, lsl 2",1
invalid,1
"mcreq p12, 0, r0, c3, c15, 1",1
"ldreq r0, [fp, -0xb3a]!",1
"ldceq p12, c0, [ip], -0x9c",1
invalid,1
"mcreq p1, 1, r0, c5, c1, 0",1
invalid,1
"tsteq r1, fp, lsl lr",1
"sadd16eq r0, r0, r2",1
"strhs r0, [r2], -0",1
"vmlalo.f64 d0, d11, d0",1
"andeq r0, r8, fp, lsl 6",1
"andseq r0, r6, r0, lsl 6",1
bleq 0xeb4848,1
"movtne r0, 0x9b3b",1
"strhs r0, [r4], -0",1
"vmlalo.f64 d0, d11, d0",1
"andeq r0, lr, fp, lsl 6",1
"andeq r0, pc, r0, lsl 10",1
"andeq r0, r0, fp, lsl 22",1
bleq 0x34c70,1
"andseq r4, r3, fp, lsl 18",1
"tsteq r3, r0, lsl 14",1
bleq 0x2f4870,1
bleq 0xef3d50,1
"andeq r1, r0, r1, lsl 6",1
"movweq r0, 0xd08",1
bllo 0x2ff8ac,1
"ldmdalo r3, {r0, r1, r3, r8, fp, lr}",1
"stmdbeq r0, {r1, r3}",1
"cdpeq p0, 0, c0, c3, c13, 0",1
"ldreq r0, [fp, -0xb3a]!",1
beq 0xe35dac,1
"strne r0, [sl], -r0",1
blo 0x3b1c90,1
"andeq r3, fp, fp, lsl 22",1
invalid,1
"movwne r1, 0x1349",1
invalid,1
svchs 0x134900,1
"stceq p0, c0, [r0, -0x2c]",1
"movtne r0, 0x9026",1
"strhs r0, [lr], -r0",1
svceq 0,1
"ldceq p1, c0, [pc], -0xb8",1
bleq 0xeb48c8,1
invalid,1
"tsteq r2, r1, lsl r1",1
"addsmi r0, r7, 64, 12",1
"andseq r0, r3, ip, lsl 2",1
"andeq r1, r5, r0",1
bleq 0xeb48e0,1
"movtne r0, 0x9b3b",1
"andeq r0, r0, r2, lsl 12",1
"movweq r3, 0x411",1
bllo 0x2ff91c,1
"andseq r4, r3, 0x2c000",1
"andne r0, r0, 6",1
"mcreq p0, 0, r0, c3, c4, 1",1
bleq 0xef3ddc,1
beq 0xb5e1c,1
invalid,1
"smlabbne r1, r2, r1, r0",1
"tsteq r3, r1, lsl 2",1
"strne r0, [r0], -0x13",1
"andeq r8, r1, sl, lsl 5",1
"addsmi r0, r1, 0x2000",1
"strne r0, [r0, -0xa]",1
"andeq r8, r1, sb, lsl 5",1
"teqne r1, 0x40000004",1
invalid,1
"smlabbne r1, r2, r1, r0",1
"andseq r3, r3, r1, lsl 2",1
"eorseq r1, r4, r0, lsl 14",1
bleq 0xeb493c,1
"movtne r0, 0x9b3b",1
beq 0xb4234,1
"ldrlo r0, [r8], -0",1
blo 0x3b1d40,1
"stmdbmi fp, {r0, r1, r3, r8, sb, fp, ip, sp}",1
invalid,1
"stmdbne r0, {r2, r3}",1
"ldceq p1, c0, [pc], -0xb8",1
bleq 0xeb4960,1
"addmi r0, r7, fp, lsr fp",1
"stmdbmi ip, {r1, r2, r3, r8, sb, sl, sp}",1
invalid,1
bne 0x311b0,1
"movtne r0, 0x9005",1
"cdphs p0, 1, c0, c11, c0, 0",1
"movweq r3, 0xcf00",1
bllo 0x2ff9ac,1
invalid,1
invalid,1
"ldceq p1, c0, [pc], -0xb8",1
bleq 0xeb4990,1
"stceq p5, c0, [r7], -0xec",1
"ldceq p3, c1, [ip], -0x124",1
"andeq r1, r0, r1, lsl 6",1
svclo 0x12e1d,1
blo 0x3b1dc8,1
"strhs r3, [fp, -fp, lsl 22]",1
invalid,1
"andeq r0, r0, ip",1
"strhs r1, [r1, -0x101]",1
"movweq r1, 0xb30e",1
invalid,1
"andne r1, r1, r1, lsl 4",1
"andeq r0, r0, 6",1
bleq 0x2f124c,1
"stmdaeq r3, {r1, r2, r3, r4, r5, r8, sb, fp}",1
"strne r0, [r3], -r0",1
blo 0x3b1dc8,1
"stmdbmi fp, {r0, r1, r3, r8, sb, fp, ip, sp}",1
"streq r0, [r0], -0x13",1
bleq 0x2f1264,1
invalid,1
"strne r0, [r5], -r0",1
blo 0x3b1de0,1
"stmdbmi r5, {r0, r1, r3, r8, sb, fp, ip, sp}",1
invalid,1
"cdpeq p1, 0, c0, c3, c4, 0",1
bleq 0xeb3e1c,1
"movwne r0, 0x1b3b",1
invalid,1
invalid,1
"stmdaeq r0, {r0, r2, r3}",1
bleq 0x2f1240,1
svceq 0x90000,1
"stmdbmi fp, {r8, sb, fp}",1
beq 0x3125c,1
bleq 0x2f1624,1
bleq 0xef3f00,1
"andeq r1, r0, r1, lsl 6",1
"stmdbmi r0, {r0, r1, r3, sb, sl, sp}",1
invalid,1
"movtne r0, 0x9101",1
"andeq r1, r0, r1, lsl 6",1
"stmdbmi r0, {r0, r2, r3, r8, sp}",1
"andeq r2, fp, r3, lsl pc",1
"eoreq r0, r6, r0, lsl 28",1
"movwne r0, 0xf000",1
bleq 0x3b1e44,1
bllo 0x2ffa70,1
"andseq r0, r3, fp, lsl 2",1
"andeq r1, sp, r0",1
bleq 0xeb4a5c,1
"movtne r0, 0x9b3b",1
"andeq r0, r0, r8, lsr sl",1
"movweq r0, 0xd11",1
bllo 0x2ffa98,1
"ldmdalo r3, {r0, r2, r8, fp, lr}",1
"andne r0, r0, 0xa",1
bleq 0x2f16c8,1
bleq 0xef3f58,1
"andeq r1, r0, r1, lsl 6",1
"movweq r0, 0xd13",1
bllo 0x2ffab4,1
"andseq r4, r3, fp, lsl 18",1
"tsteq r3, r0, lsl 8",1
bleq 0xeb3eb4,1
"movwne r0, 0x1b3b",1
"ldrne r0, [r5], -r0",1
blo 0x3b1e94,1
"andeq r3, fp, fp, lsl 22",1
"tsteq r3, r0, lsl 12",1
bleq 0x2f4aac,1
"ldreq r0, [fp, -0xb3a]!",1
"andeq r1, r0, r1, lsl 6",1
"movweq r0, 0xd17",1
bllo 0x2ffad0,1
"ldmdalo r3, {r0, r2, r8, fp, lr}",1
"stmdane r0, {r1, r3}",1
"ldceq p1, c0, [pc], -0xb8",1
bleq 0xeb4acc,1
invalid,1
bleq 0x835fec,1
"movwne r0, 0x1c34",1
"ldreq r0, [sb, -0]",1
blo 0x3b1ed4,1
"stmdbmi fp, {r0, r1, r3, r8, sb, fp, ip, sp}",1
bne 0x31328,1
"ldceq p1, c0, [pc], -0xb8",1
bleq 0xeb4af0,1
invalid,1
bleq 0x836010,1
"andeq r1, r0, r1, lsl 6",1
"movweq r0, 0x51b",1
bllo 0x2ffb18,1
"andseq r4, r3, fp, lsl 18",1
invalid,1
bleq 0xeb4b10,1
invalid,1
"tsteq r1, sb, asr 6",1
invalid,1
"swpeq r4, r7, [ip]",1
"stcne p0, c0, [r0, -0x4c]",1
"cdpeq p0, 0, c0, c3, c5, 0",1
bleq 0xef4008,1
"streq r1, [r2], -sb, asr 6",1
"ldrlo r0, [lr], -0",1
blo 0x231f2c,1
"stmdbmi fp, {r0, r1, r3, r8, sb, fp, ip, sp}",1
"andeq r0, r6, r3, lsl r2",1
"addhi r1, sb, 0, 30",1
"tsteq r1, r1",1
"andeq r1, r0, r1, lsr r3",1
"movweq r2, 0x1e20",1
bllo 0x2ffb80,1
"stmdbmi ip, {r0, r1, r3, r8, sb, sl, sp}",1
invalid,1
invalid,1
"andeq r0, r0, fp, lsl 2",1
"movweq r3, 0x422",1
bllo 0x2ffb80,1
"andseq r4, r3, fp, lsl 18",1
"andeq r2, r5, r0, lsl 6",1
bleq 0xeb3378,1
"movtne r0, 0x9b3b",1
"andeq r0, r0, r2, lsl 12",1
"movweq r3, 0x424",1
bllo 0x2ffbb4,1
"andseq r4, r3, 0x2c000",1
"strhs r0, [r0, -6]",1
"teqne r1, 0x40000007",1
"tsteq r2, r1, lsl r1",1
bleq 0x16740f0,1
"andeq r1, r0, r1, lsl 6",1
invalid,1
"andeq r0, r6, r3, lsl r2",1
"andeq r2, r5, r0, lsl 14",1
"andeq r1, r0, r1, lsr r3",1
invalid,1
"andne r1, r1, 0xc0000004",1
"stmdbpl fp, {r0, fp, ip, lr}",1
"stmdbhs r0, {r0, r1, r3}",1
"teqne r1, 0x40000007",1
"usaxeq r0, r5, r2",1
bleq 0x1674120,1
"andeq r1, r0, r1, lsl 6",1
"orreq r8, r2, sl, lsr 18",1
"mrslo r1, apsr",1
"andseq r0, r3, r3, lsl r1",1
"addhi r2, sl, 0, 22",1
beq 0xb13dc,1
"muleq sl, r1, r2",1
"andeq r2, r5, r0, lsl 24",1
bleq 0xeb4bf0,1
"movtne r0, 0x9b3b",1
"andeq r0, r0, r2, lsl 20",1
"movweq r0, 0xa2d",1
bllo 0x2ffc2c,1
"andeq r1, r1, r5, lsl 2",1
invalid,1
"movwne r0, 0x1655",1
"strtlo r0, [pc], -0",1
blo 0x232008,1
"stmdbmi r5, {r0, r1, r3, r8, sb, fp, ip, sp}",1
"andeq r0, r6, r3, lsl r2",1
"eorseq r3, r4, r0",1
bleq 0xeb4c24,1
"movtne r0, 0x953b",1
"andeq r0, r0, r2, lsl 12",1
"movweq r3, 0x431",1
bllo 0x2ffc60,1
"andseq r4, r3, 0x14000",1
"andlo r0, r0, 0xa",1
"teqne r1, 0x40000007",1
"tsteq r2, r1, lsl r1",1
"ldrbeq r0, [sb, -0xb58]",1
"andeq r1, r0, r1, lsl 6",1
"orreq r8, r2, r3, lsr sb",1
"mrslo r1, apsr",1
"strlo r0, [r0], -0x13",1
"tsteq r1, fp, lsl 2",1
"movwne r0, 0x1112",1
"cdphs p0, 3, c0, c5, c0, 0",1
blo 0x3b2060,1
"strhs r3, [r5, -fp, lsl 22]",1
"tstne r3, ip, lsl 18",1
"andmi r1, r1, r1, lsl 4",1
"mcrreq p7, 0, sb, r2, c6",1
"andeq r1, r0, r1, lsl 6",1
"movweq r0, 0x536",1
bllo 0x2ffc98,1
"andseq r4, r3, 0x14000",1
"strlo r0, [r0, -r6]",1
"cdpeq p0, 0, c0, c3, c5, 0",1
"ldreq r0, [fp, -0xb3a]!",1
"streq r1, [r2], -sb, asr 6",1
"ldrtlo r0, [r8], -0",1
blo 0x232094,1
"stmdbmi r5, {r0, r1, r3, r8, sb, fp, ip, sp}",1
"andeq r0, sl, r3, lsl r2",1
invalid,1
"mcreq p12, 0, r0, c3, c15, 1",1
bleq 0xef4190,1
"movtne r0, 0x9c27",1
"tsteq r2, r1, lsl r1",1
"addsmi r0, r7, 64, 12",1
"andseq r0, r3, ip, lsl 2",1
"eorseq r3, r4, r0, lsl 20",1
bleq 0xeb34cc,1
"movtne r0, 0x9b3b",1
"andeq r0, r0, r2, lsl 20",1
svclo 0x12e3b,1
blo 0x3b2100,1
"strhs r3, [fp, -fp, lsl 22]",1
"tstne r3, ip, lsl 18",1
"andmi r1, r1, r1, lsl 4",1
"mcrreq p7, 0, sb, r2, c10",1
"andeq r1, r0, r1, lsl 6",1
svclo 0x12e3c,1
blo 0x3b211c,1
"strhs r3, [fp, -fp, lsl 22]",1
"andne r1, r1, 12, 2",1
"strls r4, [sl, -r1]",1
"movwne r0, 0x1c42",1
"ldreq r0, [sp, -0]!",1
blo 0x232104,1
"stmdbmi fp, {r0, r1, r3, r8, sb, fp, ip, sp}",1
"andeq r0, sl, r3, lsl r2",1
invalid,1
"mcreq p12, 0, r0, c3, c15, 1",1
bleq 0xef4200,1
"tsteq r1, r7, lsr 24",1
invalid,1
"swpeq r4, r7, [ip]",1
svclo 0x13,1
"ldceq p1, c0, [pc], -0xb8",1
bleq 0xeb4d3c,1
"stceq p5, c0, [r7], -0xec",1
"tsteq r1, sb, asr 6",1
invalid,1
"swpeq r4, r7, [ip]",1
"andmi r0, r0, r3, lsl r0",1
"stmdaeq r3, {r0, r2}",1
"ldreq r0, [fp, -0xb3a]!",1
beq 0xb6274,1
"strbeq r0, [r1, -0]",1
"andseq r3, r3, 0, 2",1
"andmi r0, r0, 0xa",1
"ldceq p1, c0, [pc], -0xb8",1
bleq 0xeb4d70,1
"stceq p5, c0, [r7], -0xec",1
"tsteq r2, r1, lsl r1",1
"addsmi r0, r7, 64, 12",1
"andseq r0, r3, ip, lsl 2",1
"andeq r4, r5, r0, lsl 6",1
bleq 0xeb4d88,1
"movtne r0, 0x953b",1
"andeq r0, r0, r2, lsl 20",1
"movweq r3, 0x444",1
bllo 0x2ffdc4,1
"andseq r4, r3, 0x2c000",1
"strmi r0, [r0, -0xa]",1
"mcreq p0, 0, r0, c3, c4, 1",1
bleq 0xef4284,1
"ldceq p3, c1, [pc], -0x124",1
"andeq r0, r0, r2, lsl 20",1
"movweq r3, 0x446",1
bllo 0x2ffde4,1
svclo 0x134905,1
"andeq r0, sl, ip, lsl 4",1
"eorseq r4, r4, r0, lsl 14",1
bleq 0xeb4dc8,1
"movtne r0, 0x9b3b",1
"ldceq p12, c0, [ip], -0xfc",1
"cdphs p0, 4, c0, c8, c0, 0",1
"movweq r3, 0xcf00",1
bllo 0x2ffe08,1
invalid,1
"stmdbmi r0, {r2, r3}",1
"ldceq p1, c0, [pc], -0xb8",1
bleq 0xeb4dec,1
invalid,1
"ldceq p3, c1, [ip], -0x124",1
"andeq r1, r0, r1, lsl 6",1
"stmdbmi r0, {r1, r3, r6, r8, sl}",1
blmi 0x31640,1
"ldceq p0, c0, [pc], -0xb8",1
bleq 0xeb4e08,1
invalid,1
"ldceq p3, c1, [ip], -0x124",1
"cdphs p0, 4, c0, c12, c0, 0",1
"movweq r3, 0xcf01",1
bllo 0x2ffe48,1
"stmdbmi ip, {r0, r2, r8, sb, sl, sp}",1
invalid,1
"stcmi p0, c0, [r0, -0x4c]",1
"ldceq p1, c0, [pc], -0xb8",1
"stceq p14, c0, [r7], -0xc",1
"ldceq p3, c1, [r4], -0x124",1
"movwne r0, 0x1c3c",1
"cdphs p0, 4, c0, c14, c0, 0",1
"movweq r3, 0xcf00",1
bllo 0x2ffe70,1
invalid,1
svcmi 0xc,1
"ldceq p1, c0, [pc], -0xb8",1
bleq 0xeb4e54,1
"stceq p5, c0, [r7], -0xec",1
"movwne r0, 0x1c3c",1
"cdphs p0, 5, c0, c0, c0, 0",1
"movweq r3, 0xcf01",1
bllo 0x2ffe94,1
"stmdbmi ip, {r0, r1, r3, r8, sb, sl, sp}",1
"andeq r3, ip, r3, lsl ip",1
"mrsne r0, apsr",1
"movwne r2, 0xe501",1
blne 0x3b229c,1
"andne r1, r1, 0x80000003",1
"andeq r1, r6, r1",1
"andseq r0, r6, r0, lsl 4",1
bleq 0xeb4e8c,1
"movtne r0, 0x9b3b",1
"movwne r0, 0x3000",1
bleq 0x3b2290,1
bllo 0x2ffebc,1
"andseq r0, r3, fp, lsl 2",1
"andeq r0, sp, r0, lsl 8",1
"movtne r0, 0x9e03",1
invalid,1
svceq 0x50000,1
"andeq r0, fp, r0, lsl 22",1
"eoreq r0, r4, r0, lsl 12",1
bleq 0xfb42dc,1
"andeq r0, r0, r3, lsl 28",1
bleq 0x3a6d4,1
"movweq r3, 0xbe0b",1
"stmdaeq r0, {r3}",1
bleq 0x2f1700,1
"andeq r1, r0, sb, asr 6",1
"movweq r0, 0xd09",1
bllo 0x2fff08,1
"ldmdalo r3, {r0, r1, r3, r8, fp, lr}",1
beq 0x31700,1
"cdpeq p0, 0, c0, c3, c13, 0",1
"ldreq r0, [fp, -0xb3a]!",1
beq 0xe36408,1
"strne r0, [fp], -r0",1
blo 0x3b22ec,1
"andeq r3, fp, fp, lsl 22",1
"mrseq r0, apsr",1
"movwne r1, 0x1349",1
"mrshs r0, apsr",1
svchs 0x134900,1
"cdpeq p0, 0, c0, c0, c11, 0",1
"movtne r0, 0x9026",1
"streq r0, [pc], -0",1
blo 0x2f4314,1
invalid,1
"andne r0, r0, r3, lsl r0",1
"cdpeq p0, 0, c0, c3, c8, 1",1
"andeq r0, r0, ip, lsl sp",1
svclo 0x12e11,1
blo 0x3b2358,1
"strhs r3, [fp, -fp, lsl 22]",1
"andshs r4, r3, ip, lsl 18",1
invalid,1
"andne r0, r0, 0x13",1
"cdpeq p0, 0, c0, c3, c5, 0",1
bleq 0xef4428,1
"andeq r1, r0, sb, asr 6",1
"andeq r1, r0, r3, lsl r8",1
invalid,1
"mcreq p12, 0, r0, c3, c15, 1",1
bleq 0xef443c,1
"tsteq r1, r7, lsr 24",1
invalid,1
"swpeq r4, r7, [ip]",1
"strne r0, [r0, -0x13]",1
"cdpeq p0, 0, c0, c3, c5, 0",1
bleq 0xef4454,1
"streq r1, [r2], -sb, asr 6",1
"ldreq r0, [r6, -0]",1
blo 0x3b2378,1
"stmdbmi fp, {r0, r1, r3, r8, sb, fp, ip, sp}",1
"andeq r0, sl, r3, lsl r2",1
"tsteq sp, r0, lsl 14",1
"tsteq r1, r1, lsr r3",1
bleq 0x1631bd4,1
"movwne r0, 0x1b59",1
"ldreq r0, [r8, -0]",1
"andseq r3, r3, 0, 2",1
"stmdbne r0, {r1, r2}",1
"smlabbeq r1, sb, r2, r8",1
"teqne r1, 0x40000004",1
bhi 0x6b17a8,1
"andeq r0, r0, 0x80000020",1
beq 0x10d5bd8,1
"ldreq r0, [fp, -0]",1
"andseq r3, r3, r0, lsl 2",1
"andeq r1, r5, r0, lsl 24",1
beq 0xb6484,1
invalid,1
"smlabbne r1, r2, r1, r0",1
"tsteq r3, r1, lsl 2",1
"mcrne p0, 0, r0, c0, c3, 0",1
"andeq r8, r1, sb, lsl 5",1
"teqne r1, 0x40000004",1
"ldrlo r0, [pc], -0          ; [0x317dc:4]=0x490b3b0b",1
blo 0x3b23e0,1
"stmdbmi fp, {r0, r1, r3, r8, sb, fp, ip, sp}",1
"andeq r0, r6, r3, lsl r2",1
"eorseq r2, r4, r0",1
bleq 0xeb4ffc,1
"movtne r0, 0x9b3b",1
"andeq r0, r0, r2, lsl 20",1
"movweq r3, 0x421",1
bllo 0x300038,1
svclo 0x13490b,1
"andeq r3, ip, ip, lsl 24",1
"eoreq r2, r1, r0, lsl 4",1
"cdphs p0, 2, c0, c3, c0, 0",1
"movweq r3, 0xcf01",1
bllo 0x300050,1
"stmdbmi ip, {r0, r1, r3, r8, sb, sl, sp}",1
invalid,1
"strhs r0, [r0], -0x13",1
"movtne r0, 0x9005",1
"cdphs p0, 2, c0, c5, c0, 0",1
"movweq r3, 0xcf01",1
bllo 0x30006c,1
"stmdbmi ip, {r0, r2, r8, sb, sl, sp}",1
invalid,1
invalid,1
"ldceq p0, c0, [pc], -0xb8",1
bleq 0xeb5054,1
"stceq p5, c0, [r7], -0xec",1
"andeq r0, r0, ip, lsr ip",1
svclo 0x12e27,1
blo 0x3b2488,1
"strhs r3, [fp, -fp, lsl 22]",1
invalid,1
"andeq r0, r0, ip",1
"strhs r1, [r1, -0x101]",1
"movweq r1, 0xb30e",1
"andne r1, lr, lr, lsl 22",1
"andeq r0, r0, 6",1
bleq 0x2f18b4,1
"strne r0, [r3], -r0",1
blo 0x3b2480,1
"stmdbmi fp, {r0, r1, r3, r8, sb, fp, ip, sp}",1
"streq r0, [r0], -0x13",1
bleq 0x2f191c,1
invalid,1
"strhs r0, [r5], -0",1
"vmlalo.f64 d0, d11, d0",1
"andeq r0, r8, fp, lsl 6",1
"andeq r0, pc, r0, lsl 12",1
"movtne r0, 0x9b0b",1
"movwne r0, 0x7000",1
bleq 0x3b24b0,1
bllo 0x3000dc,1
"andseq r0, r3, fp, lsl 2",1
"andeq r0, sp, r0, lsl 16",1
bleq 0xeb50c8,1
"movtne r0, 0x9b3b",1
"andeq r0, r0, r8, lsr sl",1
"movweq r0, 0xd09",1
bllo 0x300104,1
"ldmdalo r3, {r0, r2, r8, fp, lr}",1
beq 0x318fc,1
"mcreq p0, 0, r0, c3, c6, 0",1
bleq 0xef45c4,1
"mrseq r0, apsr",1
"tsteq r3, r1, lsl 18",1
invalid,1
"movtne r0, 0x9021",1
"andeq r0, r0, pc, lsr 22",1
"movweq r3, 0x40d",1
bllo 0x300130,1
svclo 0x13490b,1
"andeq r3, ip, ip, lsl 24",1
"eorseq r0, r4, r0, lsl 28",1
bleq 0xeb5114,1
"movtne r0, 0x9b3b",1
beq 0xb4a0c,1
"strhs r0, [pc], -r0",1
"andseq r4, r3, r0, lsl 18",1
"mrsne r0, apsr",1
"movwne r2, 0xe501",1
blne 0x3b2550,1
"andne r1, r1, 0x80000003",1
"andeq r1, r6, r1",1
"eoreq r0, r4, r0, lsl 4",1
bleq 0xfb4560,1
"andeq r0, r0, r3, lsl 16",1
"movweq r1, 0x603",1
bllo 0x300178,1
"andseq r4, r3, fp, lsl 18",1
"eoreq r0, r4, r0, lsl 8",1
bleq 0xfb4578,1
"andeq r0, r0, r3, lsl 28",1
bleq 0x35568,1
"streq r0, [r0], -fp",1
bleq 0x2f1998,1
"andeq r1, r0, sb, asr 6",1
"stmdbmi r0, {r0, r1, r2, sb, sl, sp}",1
"stmdaeq r0, {r0, r1, r4}",1
"andeq r0, r0, r6, lsr 32",1
bleq 0x72994,1
bllo 0x3001a0,1
"andseq r0, r3, fp, lsl 2",1
"eoreq r0, r8, r0, lsl 20",1
"ldceq p14, c0, [ip, -0xc]",1
"cdphs p0, 0, c0, c11, c0, 0",1
"movweq r3, 0xcf01",1
bllo 0x3001c4,1
"stmdbmi ip, {r0, r1, r3, r8, sb, sl, sp}",1
"strlo r2, [fp], -0x13",1
"andseq r0, r3, ip, lsl 2",1
"andeq r0, r5, r0, lsl 24",1
bleq 0xeb51ac,1
"movtne r0, 0x9b3b",1
"cdphs p0, 0, c0, c13, c0, 0",1
"movweq r3, 0xcf01",1
bllo 0x3001e8,1
"stmdbmi ip, {r0, r1, r3, r8, sb, sl, sp}",1
"andne r1, r1, 0xc0000004",1
"strls r4, [r6, -r1]",1
"movwne r0, 0x1c42",1
"streq r0, [lr, -0]",1
blo 0x2325c8,1
"stmdbmi fp, {r0, r1, r3, r8, sb, fp, ip, sp}",1
"andeq r0, r6, r3, lsl r2",1
"eorseq r0, r4, r0, lsl 30",1
bleq 0xeb39e4,1
"movtne r0, 0x9b3b",1
"andeq r0, r0, r2, lsl 12",1
"orreq r8, r2, r0, lsl sb",1
"mrslo r1, apsr",1
"andseq r0, r3, r3, lsl r1",1
"addhi r1, sl, 0, 2",1
beq 0xb19f8,1
"muleq sl, r1, r2",1
"addhi r1, sb, 0, 4",1
"tsteq r1, r1",1
"andeq r1, r0, r1, lsr r3",1
"orreq r8, r2, r3, lsl sb",1
"mrslo r1, apsr",1
"strne r0, [r0], -0x13",1
"ldceq p1, c0, [pc], -0xb8",1
bleq 0xeb5224,1
invalid,1
"tsteq r1, sb, asr 6",1
invalid,1
"swpeq r4, r6, [ip]",1
"strne r0, [r0, -0x13]",1
"ldceq p1, c0, [pc], -0xb8",1
bleq 0xeb5240,1
invalid,1
bleq 0x836760,1
"andeq r1, r0, r1, lsl 6",1
"movweq r0, 0x516",1
bllo 0x300268,1
"andseq r4, r3, fp, lsl 18",1
"eorseq r1, r4, r0, lsl 14",1
bleq 0xeb3a60,1
"movtne r0, 0x9b3b",1
bleq 0x631a5c,1
"stmdbne r0, {r0}",1
bleq 0x2f1e74,1
bleq 0xef4750,1
"cdphs p0, 1, c0, c10, c0, 0",1
"tstne r3, r1, lsl 2",1
"andmi r1, r1, r1, lsl 4",1
"mcrreq p6, 0, sb, r2, c6",1
"andeq r1, r0, r1, lsl 6",1
invalid,1
"andeq r0, r6, r3, lsl r2",1
"eorseq r1, r4, r0, lsl 24",1
invalid,1
bleq 0x771a90,1
"andne r1, r1, 0, 2",1
"cdpne p0, 0, c0, c0, c1, 0",1
"teqne r1, 0x40000007",1
"tsteq r2, r1, lsl r1",1
bleq 0x1674804,1
"ldreq r0, [0x00031aa8]      ; [0x31aa8:4]=0x2000000b",1
invalid,1
"andhs r0, r0, fp",1
"tsteq r1, fp, lsl 2",1
"andeq r0, r0, r2, lsl r1",1
invalid,1
"andne r1, r1, 0xc0000004",1
"stmdbpl fp, {r0, fp, ip, lr}",1
"andseq r0, r3, fp, lsl 2",1
"andeq r2, r5, r0, lsl 4",1
beq 0xb6794,1
"streq r0, [r3, -0]!",1
blo 0x3b26d8,1
"stmdbmi fp, {r0, r1, r3, r8, sb, fp, ip, sp}",1
"andeq r0, r6, r3, lsl r2",1
invalid,1
"mcreq p12, 0, r0, c3, c15, 1",1
"ldreq r0, [fp, -0xb3a]!",1
"movtne r0, 0x9c27",1
"movwne r0, 0x1c3c",1
"streq r0, [r5, -0]!",1
"andseq r4, r3, r0, lsl 18",1
"eoreq r2, lr, r0, lsl 12",1
"mcreq p12, 0, r0, c3, c15, 1",1
bleq 0xef47f0,1
"ldceq p12, c0, [ip], -0x9c",1
"cdphs p0, 2, c0, c7, c0, 0",1
"movweq r3, 0xcf01",1
bllo 0x300350,1
invalid,1
"andseq r0, r3, ip, lsl 2",1
invalid,1
"mcreq p12, 0, r0, c3, c15, 1",1
"movtne r0, 0x9c27",1
"ldceq p12, c0, [ip], -0xd0",1
"andeq r1, r0, r1, lsl 6",1
svclo 0x12e29,1
blo 0x3b276c,1
"strhs r3, [r5, -fp, lsl 22]",1
invalid,1
"andeq r0, r0, ip",1
"strhs r1, [r1, -0x101]",1
"movweq r1, 0xb30e",1
invalid,1
"andne r1, r1, r1, lsl 4",1
"andeq r0, r0, 6",1
bleq 0x2f1bf0,1
"stmdaeq r3, {r1, r2, r3, r4, r5, r8, sb, fp}",1
"strhs r0, [r3], -0",1
"vmlalo.f64 d0, d11, d0",1
"andeq r0, lr, fp, lsl 6",1
"andeq r0, pc, r0, lsl 8",1
"movtne r0, 0x9b0b",1
"strhs r0, [r5], -r0",1
"andseq r4, r3, r0, lsl 18",1
"eorseq r0, r5, r0, lsl 12",1
"andeq r1, r0, sb, asr 6",1
svclo 0x12e07,1
blo 0x3b27c0,1
"strhs r3, [fp, -fp, lsl 22]",1
"andne r1, r1, 12, 2",1
"strls r4, [r6, -r1]",1
"movwne r0, 0x1c42",1
invalid,1
"smlabbne r1, r2, r1, r0",1
"tsteq r3, r1, lsl 2",1
"stmdbeq r0, {r0, r1, r4}",1
"andeq r8, r1, sl, lsl 5",1
"addsmi r0, r1, 0x2000",1
beq 0x31be4,1
"andeq r8, r1, sb, lsl 5",1
"teqne r1, 0x40000004",1
"strlo r0, [fp], -0",1
blo 0x3b27cc,1
"stmdbmi fp, {r0, r1, r3, r8, sb, fp, ip, sp}",1
invalid,1
invalid,1
"ldceq p1, c0, [pc], -0xb8",1
bleq 0xeb53ec,1
invalid,1
"ldceq p3, c1, [ip], -0x124",1
"andeq r1, r0, r1, lsl 6",1
"stmdbmi r0, {r0, r2, r3, r8, sl}",1
"mcreq p0, 0, r0, c0, c3, 0",1
"ldceq p1, c0, [pc], -0xb8",1
bleq 0xeb5408,1
invalid,1
"movwne r0, 0x1c3c",1
invalid,1
"andne r0, r0, r0",1
"ldceq p0, c0, [pc], -0xb8",1
bleq 0xeb5420,1
"stceq p5, c0, [r7], -0xec",1
"andeq r0, r0, ip, lsr ip",1
"tsteq r1, r0, lsl 2",1
bleq 0x4f54b8,1
"cdpeq p14, 1, c0, c11, c3, 0",1
"tsteq r2, r1, lsl r1",1
"andeq r0, r0, r0, lsl r6",1
bleq 0x3ac3c,1
"movweq r3, 0xbe0b",1
"movweq r0, 0xe",1
bleq 0x2f1cd0,1
"stmdaeq r3, {r1, r2, r3, r4, r5, r8, sb, fp}",1
"strne r0, [r4], -r0",1
blo 0x3b284c,1
"stmdbmi fp, {r0, r1, r3, r8, sb, fp, ip, sp}",1
"streq r0, [r0, -0x13]",1
bleq 0x2f1c94,1
svceq 0x60000,1
"stmdbmi fp, {r8, sb, fp}",1
"smladeq r0, r3, r0, r0",1
bleq 0x2f2078,1
bleq 0xef4954,1
"andeq r1, r0, r1, lsl 6",1
"movweq r2, 0x808",1
"andeq r1, sp, lr, lsl 24",1
"eoreq r0, r6, r0, lsl 18",1
"andeq r1, r0, sb, asr 6",1
"movweq r0, 0x140a",1
blo 0x2f48c0,1
invalid,1
bleq 0x31cdc,1
"mcreq p1, 0, r0, c3, c3, 0",1
bleq 0xeb48c4,1
"movwne r0, 0x1b3b",1
"stceq p0, c0, [ip, -0]",1
blo 0x3b28a4,1
"stmdbmi fp, {r0, r1, r3, r8, sb, fp, ip, sp}",1
"andeq r3, sl, r3, lsl r8",1
"andeq r0, sp, r0, lsl 26",1
bleq 0xeb54c0,1
"movtne r0, 0x953b",1
"andeq r0, r0, r8, lsr sl",1
"movweq r1, 0x60e",1
bllo 0x3004fc,1
svceq 0xb,1
"movtne r0, 0x9101",1
"andeq r1, r0, r1, lsl 6",1
"stmdbmi r0, {r4, r8, sp}",1
"andeq r2, fp, r3, lsl pc",1
invalid,1
"mcreq p12, 0, r0, c3, c15, 1",1
"ldreq r0, [fp, -0xb3a]!",1
"movtne r0, 0x9c27",1
"movwne r0, 0x1b20",1
"ldreq r0, [r2, -0]",1
blo 0x3b28f4,1
"stmdbmi r5, {r0, r1, r3, r8, sb, fp, ip, sp}",1
"movwne r0, 0x13",1
"cdpeq p1, 0, c0, c3, c14, 1",1
bleq 0xef49ec,1
"movtne r0, 0x9c27",1
"tsteq r2, r1, lsl r1",1
"addsmi r0, r6, 64, 12",1
"andseq r0, r3, ip, lsl 2",1
"andeq r1, r5, r0, lsl 8",1
bleq 0xeb3d28,1
"movtne r0, 0x9b3b",1
"andeq r0, r0, r2, lsl 12",1
"movweq r0, 0x515",1
bllo 0x300564,1
"andseq r4, r3, 0x2c000",1
"strne r0, [r0], -r6",1
"cdpeq p1, 0, c0, c3, c14, 1",1
bleq 0xef4a24,1
"movtne r0, 0x9c27",1
"tsteq r2, r1, lsl r1",1
"addsmi r0, r7, 64, 12",1
"andseq r0, r3, ip, lsl 2",1
"eorseq r1, r4, r0, lsl 14",1
bleq 0xeb3d60,1
"movtne r0, 0x9b3b",1
"andeq r0, r0, r2, lsl 12",1
"orreq r8, r2, r8, lsl sb",1
"mrslo r1, apsr",1
"stmdbne r0, {r0, r1, r4}",1
"andeq r8, r1, sl, lsl 5",1
"addsmi r0, r1, 0x2000",1
bne 0x31d9c,1
"ldceq p1, c0, [pc], -0xb8",1
bleq 0xeb5588,1
invalid,1
"tsteq r1, sb, asr 6",1
invalid,1
"swpeq r4, r7, [ip]",1
blne 0x31ddc,1
"cdpeq p0, 0, c0, c3, c5, 0",1
bleq 0xef4a80,1
beq 0xb6ac0,1
"ldrlo r0, [ip], -0",1
blo 0x3b29a4,1
"stmdbmi fp, {r0, r1, r3, r8, sb, fp, ip, sp}",1
"andeq r0, sl, r3, lsl r2",1
"eorseq r1, r4, r0, lsl 26",1
bleq 0xeb3dc0,1
"movtne r0, 0x9b3b",1
"andeq r0, r0, r2, lsl 20",1
"movweq r3, 0x41e",1
"ldrlo r4, [r3], -0x90e",1
"andeq r0, sl, ip, lsl 4",1
"tsteq sp, r0, lsl 30",1
"tsteq r1, r1, lsr r3",1
bleq 0x163221c,1
"movwne r0, 0x1b59",1
"streq r0, [r0, -0]!",1
"andseq r3, r3, 0, 2",1
invalid,1
"teqne r1, 5",1
"andeq r0, r0, r2, lsl 20",1
invalid,1
invalid,1
"movwhs r0, 0x13",1
"mcreq p0, 0, r0, c3, c4, 1",1
bleq 0xef4ae8,1
"streq r1, [r2], -sb, asr 6",1
invalid,1
"smlabbne r1, r2, r1, r0",1
"tsteq r3, r1, lsl 2",1
"strhs r0, [r0, -0x13]",1
"andeq r8, r1, sb, lsl 5",1
"teqne r1, 0x40000004",1
"strtlo r0, [r6], -0",1
blo 0x3b2a24,1
"stmdbmi fp, {r0, r1, r3, r8, sb, fp, ip, sp}",1
invalid,1
"strhs r0, [r0, -ip]",1
"ldceq p1, c0, [pc], -0xb8",1
bleq 0xeb5644,1
"stceq p5, c0, [r7], -0xec",1
"ldceq p3, c1, [ip], -0x124",1
"andeq r1, r0, r1, lsl 6",1
"stmdbmi r0, {r3, r5, r8, sl}",1
"stmdbhs r0, {r0, r1, r4}",1
"ldceq p1, c0, [pc], -0xb8",1
bleq 0xeb5660,1
"addmi r0, r7, fp, lsr fp",1
"stmdbmi ip, {r1, r2, r3, r8, sb, sl, sp}",1
invalid,1
bhs 0x31eb0,1
"ldceq p1, c0, [pc], -0xb8",1
bleq 0xeb5678,1
invalid,1
"movwne r0, 0x1c3c",1
"cdphs p0, 2, c0, c11, c0, 0",1
"movweq r3, 0xcf00",1
bllo 0x3006b8,1
"stmdbmi ip, {r0, r1, r3, r8, sb, sl, sp}",1
"andeq r3, ip, r3, lsl ip",1
"mrsne r0, apsr",1
"movwne r2, 0xe501",1
blne 0x3b2ac0,1
"andne r1, r1, 0x80000003",1
"andeq r1, r6, r1",1
"eoreq r0, r4, r0, lsl 4",1
bleq 0xfb4ad0,1
"andeq r0, r0, r3, lsl 28",1
bleq 0x3aeb8,1
"movweq r3, 0xbe0b",1
"streq r0, [r0], -8",1
"mcreq p0, 0, r0, c3, c6, 0",1
bleq 0xef4ba4,1
"andeq r1, r0, sb, asr 6",1
bleq 0x35ad8,1
"streq r0, [r0], -fp",1
bleq 0x2f1f08,1
"andeq r1, r0, sb, asr 6",1
bleq 0x72ef0,1
bllo 0x300704,1
"andseq r0, r3, fp, lsl 2",1
"eoreq r0, r8, r0, lsl 16",1
"ldceq p14, c0, [ip, -0xc]",1
"strhs r0, [sb], -r0",1
"andseq r4, r3, r0, lsl 18",1
invalid,1
bleq 0x2f5700,1
bleq 0xef4be0,1
"andeq r1, r0, r1, lsl 6",1
"movweq r1, 0x130b",1
blo 0x2f4b3c,1
invalid,1
invalid,1
"cdpeq p0, 0, c0, c3, c13, 0",1
bleq 0xef4bfc,1
beq 0xe36c3c,1
"stceq p0, c0, [sp, -0]",1
blo 0x3b2b20,1
"stmdbmi r5, {r0, r1, r3, r8, sb, fp, ip, sp}",1
"andeq r3, sl, r3, lsl r8",1
"andseq r0, r6, r0, lsl 28",1
bleq 0xeb573c,1
"andeq r0, r0, fp, lsr fp",1
"stmdbmi r1, {r0, r1, r2, r3, r8}",1
"andseq r0, r3, r3, lsl r1",1
"eoreq r1, r1, r0",1
bleq 0xbf6c68,1
"cdphs p0, 1, c0, c1, c0, 0",1
blo 0x3b2b50,1
"strhs r3, [fp, -fp, lsl 22]",1
"tstne r3, ip, lsl 18",1
"andmi r1, r1, r1, lsl 4",1
"mcrreq p6, 0, sb, r2, c6",1
"andeq r1, r0, r1, lsl 6",1
"movweq r0, 0x512",1
bllo 0x300788,1
"andseq r4, r3, 0x2c000",1
"movwne r0, 6",1
"cdpeq p0, 0, c0, c3, c5, 0",1
bleq 0xef4c60,1
"streq r1, [r2], -sb, asr 6",1
"cdphs p0, 1, c0, c4, c0, 0",1
blo 0x3b2b88,1
"strhs r3, [fp, -fp, lsl 22]",1
"tstne r3, ip, lsl 18",1
"andmi r1, r1, r1, lsl 4",1
"mcrreq p7, 0, sb, r2, c6",1
"andeq r1, r0, r1, lsl 6",1
"movweq r3, 0x415",1
bllo 0x3007c0,1
"andseq r4, r3, 0x2c000",1
"strne r0, [r0], -r6",1
"smlabbeq r1, sb, r2, r8",1
"teqne r1, 0x40000004",1
bhi 0x5f1fb4,1
"andeq r0, r0, 0x80000020",1
beq 0x10d63e4,1
"cdphs p0, 1, c0, c8, c0, 0",1
"movweq r3, 0xcf01",1
bllo 0x300800,1
"stmdbmi ip, {r0, r1, r3, r8, sb, sl, sp}",1
"andne r1, r1, 0xc0000004",1
"strls r4, [r6, -r1]",1
"movwne r0, 0x1c42",1
"ldreq r0, [sb, -0]",1
blo 0x3b2be0,1
"stmdbmi fp, {r0, r1, r3, r8, sb, fp, ip, sp}",1
"andeq r0, sl, r3, lsl r2",1
"eorseq r1, r4, r0, lsl 20",1
bleq 0xeb57fc,1
"movtne r0, 0x9b3b",1
"andeq r0, r0, r2, lsl 20",1
"movweq r3, 0x41b",1
bllo 0x300820,1
"andseq r4, r3, 0x2c000",1
invalid,1
"mcreq p0, 0, r0, c3, c4, 1",1
"ldceq p3, c1, [r4], -0x124",1
"andeq r0, r0, r2, lsl 20",1
invalid,1
invalid,1
"mcrne p0, 0, r0, c0, c3, 0",1
"mcreq p0, 0, r0, c3, c4, 1",1
bleq 0xef4d10,1
"streq r1, [r2], -sb, asr 6",1
invalid,1
"smlabbne r1, r2, r1, r0",1
"tsteq r3, r1, lsl 2",1
"andhs r0, r0, r3, lsl r0",1
"andeq r8, r1, sb, lsl 5",1
"teqne r1, 0x40000004",1
"strtlo r0, [r1], -0",1
blo 0x3b2c4c,1
"stmdbmi fp, {r0, r1, r3, r8, sb, fp, ip, sp}",1
invalid,1
"andhs r0, r0, 0xc",1
"ldceq p1, c0, [pc], -0xb8",1
bleq 0xeb586c,1
"addmi r0, r7, fp, lsr fp",1
"stmdbmi ip, {r1, r2, r3, r8, sb, sl, sp}",1
invalid,1
"movwhs r0, 0x13",1
"movtne r0, 0x9005",1
"cdphs p0, 2, c0, c4, c0, 0",1
"movweq r3, 0xcf01",1
bllo 0x3008b8,1
invalid,1
"andseq r0, r3, ip, lsl 2",1
"eoreq r2, lr, r0, lsl 10",1
"mcreq p12, 0, r0, c3, c15, 1",1
bleq 0xef4d7c,1
"movtne r0, 0x9c27",1
"andeq r0, r0, ip, lsr ip",1
svclo 0x12e26,1
blo 0x3b2cd4,1
"strhs r3, [fp, -fp, lsl 22]",1
invalid,1
"andeq r0, r0, ip",1
"strhs r1, [r1, -0x101]",1
"movweq r1, 0xb30e",1
invalid,1
"andne r1, r1, r1, lsl 4",1
"andeq r0, r0, 6",1
"mcreq p0, 0, r0, c3, c6, 0",1
bleq 0xef4db4,1
"andeq r1, r0, sb, asr 6",1
bleq 0x3b0e0,1
"movweq r3, 0xbe0b",1
"streq r0, [r0], -0xe",1
bleq 0x2f2170,1
"stmdaeq r3, {r1, r2, r3, r4, r5, r8, sb, fp}",1
svceq 0x50000,1
"andeq r0, fp, r0, lsl 22",1
"andeq r0, pc, r0, lsl 12",1
"movtne r0, 0x9b0b",1
"movwne r0, 0x7000",1
bleq 0x3b2d00,1
bllo 0x30092c,1
"andseq r0, r3, fp, lsl 2",1
"andeq r0, sp, r0, lsl 16",1
bleq 0xeb5918,1
"movtne r0, 0x9b3b",1
"andeq r0, r0, r8, lsr sl",1
"movweq r0, 0xd09",1
bllo 0x300954,1
"ldmdalo r3, {r0, r2, r8, fp, lr}",1
beq 0x3214c,1
"mcreq p0, 0, r0, c3, c6, 0",1
bleq 0xef4e14,1
"mrseq r0, apsr",1
"tsteq r3, r1, lsl 18",1
invalid,1
"movtne r0, 0x9021",1
"andeq r0, r0, pc, lsr 22",1
svclo 0x12e0d,1
blo 0x3b2d78,1
"strhs r3, [r5, -fp, lsl 22]",1
"tstne r3, ip, lsl 18",1
"andmi r1, r1, r1, lsl 4",1
"mcrreq p7, 0, sb, r2, c6",1
"andeq r1, r0, r1, lsl 6",1
"movweq r0, 0x50e",1
bllo 0x300984,1
"andseq r4, r3, 0x2c000",1
svceq 6,1
"mcreq p0, 0, r0, c3, c4, 1",1
bleq 0xef4e5c,1
"streq r1, [r2], -sb, asr 6",1
"ldrlo r0, [r0], -0",1
blo 0x232d80,1
"stmdbmi fp, {r0, r1, r3, r8, sb, fp, ip, sp}",1
"andeq r0, r6, r3, lsl r2",1
"addhi r1, sb, 0, 2",1
"tsteq r1, r1, lsl 2",1
"movwne r1, 0x1331",1
bhi 0x4b2198,1
"andeq r0, r0, 0x80000020",1
beq 0x10d65c8,1
invalid,1
"smlabbne r0, r2, r1, r0",1
"andseq r3, r3, r1, lsl 2",1
"addhi r1, sb, 0, 8",1
"tsteq r1, r1, lsl 2",1
"andeq r1, r0, r1, lsr r3",1
"movweq r3, 0x415",1
bllo 0x3009f8,1
svclo 0x13490b,1
"andeq r3, ip, ip, lsl 24",1
invalid,1
"mcreq p12, 0, r0, c3, c15, 1",1
"ldreq r0, [fp, -0xb3a]!",1
"movtne r0, 0x9c27",1
"movwne r0, 0x1c3c",1
"ldreq r0, [r7, -0]",1
"andseq r4, r3, r0, lsl 18",1
invalid,1
"mcreq p12, 0, r0, c3, c15, 1",1
bleq 0xef4ed8,1
"movtne r0, 0x9c27",1
"movwne r0, 0x1c3c",1
"cdphs p0, 1, c0, c9, c0, 0",1
"movweq r3, 0xcf01",1
bllo 0x300a3c,1
"cdpeq p7, 4, c8, c0, c5, 0",1
"movtne r0, 0x9c27",1
"movwne r0, 0x1c3c",1
"cdphs p0, 1, c0, c10, c0, 0",1
"movweq r3, 0xcf00",1
bllo 0x300a54,1
"stmdbmi ip, {r0, r1, r3, r8, sb, sl, sp}",1
"andeq r3, ip, r3, lsl ip",1
"mrsne r0, apsr",1
"movwne r2, 0xe501",1
blne 0x3b2e5c,1
"andne r1, r1, 0x80000003",1
"andeq r1, r6, r1",1
"andseq r0, r6, r0, lsl 4",1
bleq 0xeb5a4c,1
"movtne r0, 0x9b3b",1
"strhs r0, [r3], -0",1
"vmlalo.f64 d0, d11, d0",1
"andeq r0, lr, fp, lsl 6",1
"eoreq r0, r4, r0, lsl 8",1
bleq 0xfb4e84,1
"andeq r0, r0, r3, lsl 16",1
bleq 0x35e74,1
"streq r0, [r0], -fp",1
bleq 0x2f22a4,1
"andeq r1, r0, sb, asr 6",1
"movweq r1, 0x1307",1
blo 0x2f4eac,1
invalid,1
"stmdaeq r0, {r0, r1, r4}",1
"cdpeq p0, 0, c0, c3, c13, 0",1
bleq 0xef4f6c,1
beq 0xe36fac,1
"stceq p0, c0, [sb, -0]",1
blo 0x3b2e90,1
"stmdbmi r5, {r0, r1, r3, r8, sb, fp, ip, sp}",1
"andeq r3, sl, r3, lsl r8",1
"andseq r0, r6, r0, lsl 20",1
bleq 0xeb5aac,1
"andeq r0, r0, fp, lsr fp",1
"stmdbmi r1, {r0, r1, r3, r8}",1
"andseq r0, r3, r3, lsl r1",1
"eoreq r0, r1, r0, lsl 24",1
bleq 0xbf6fd8,1
"cdphs p0, 0, c0, c13, c0, 0",1
blo 0x3b2ec0,1
"strhs r3, [fp, -fp, lsl 22]",1
"mrseq r2, apsr",1
"mcreq p0, 0, r0, c0, c3, 0",1
"stmdaeq r3, {r0, r2}",1
bleq 0xef4fb8,1
"andeq r1, r0, sb, asr 6",1
svclo 0x12e0f,1
blo 0x3b2f0c,1
"strhs r3, [r5, -fp, lsl 22]",1
"tstne r3, ip, lsl 18",1
"andmi r1, r1, r1, lsl 4",1
"mcrreq p7, 0, sb, r2, c6",1
"andeq r1, r0, r1, lsl 6",1
"movweq r0, 0x510",1
bllo 0x300b30,1
"andseq r4, r3, 0x2c000",1
invalid,1
"teqne r1, 0x40000007",1
"tsteq r2, r1, lsl r1",1
bleq 0x167506c,1
"andeq r1, r0, r1, lsl 6",1
invalid,1
"andeq r0, r6, r3, lsl r2",1
"addhi r1, sb, 0, 6",1
"tsteq r1, r1, lsl 2",1
"andeq r1, r0, r1, lsr r3",1
"orreq r8, r2, r4, lsl sl",1
"mrsls r0, r10_fiq",1
"andeq r0, r0, r2, asr 20",1
"orreq r8, r2, r5, lsl sb",1
"mrslo r1, apsr",1
"andseq r0, r3, r3, lsl r1",1
"eorseq r1, r4, r0, lsl 12",1
bleq 0xeb5b50,1
"movtne r0, 0x9b3b",1
"ldceq p12, c0, [ip], -0xfc",1
"cdphs p0, 1, c0, c7, c0, 0",1
"movweq r3, 0xcf01",1
bllo 0x300b90,1
"stmdbmi ip, {r0, r2, r8, sb, sl, sp}",1
invalid,1
"stmdane r0, {r0, r1, r4}",1
"movtne r0, 0x9005",1
"cdphs p0, 1, c0, c9, c0, 0",1
"movweq r3, 0xcf01",1
bllo 0x300bac,1
"stmdbmi ip, {r0, r1, r3, r8, sb, sl, sp}",1
invalid,1
bne 0x323cc,1
"ldceq p1, c0, [pc], -0xb8",1
bleq 0xeb5b94,1
invalid,1
"ldceq p3, c1, [ip], -0x124",1
invalid,1
"mcreq p1, 1, r0, c5, c1, 0",1
invalid,1
"tsteq r1, fp, lsl lr",1
"sadd16eq r0, r0, r2",1
"strhs r0, [r2], -0",1
"vmlalo.f64 d0, d11, d0",1
"andeq r0, lr, fp, lsl 6",1
"andseq r0, r6, r0, lsl 6",1
bleq 0xeb5bc4,1
"movtne r0, 0x9b3b",1
"strhs r0, [r4], -0",1
"vmlalo.f64 d0, d11, d0",1
"andeq r0, r8, fp, lsl 6",1
"andeq r0, pc, r0, lsl 10",1
"andeq r0, r0, fp, lsl 22",1
bleq 0x35fec,1
"andseq r4, r3, fp, lsl 18",1
"tsteq r3, r0, lsl 14",1
bleq 0x2f5bec,1
bleq 0xef50cc,1
"andeq r1, r0, r1, lsl 6",1
"movweq r0, 0xd08",1
bllo 0x300c28,1
"ldmdalo r3, {r0, r1, r3, r8, fp, lr}",1
"stmdbeq r0, {r1, r3}",1
"cdpeq p0, 0, c0, c3, c13, 0",1
"ldreq r0, [fp, -0xb3a]!",1
beq 0xe37128,1
"strne r0, [sl], -r0",1
blo 0x3b300c,1
"andeq r3, fp, fp, lsl 22",1
invalid,1
"movwne r1, 0x1349",1
invalid,1
svchs 0x134900,1
"stceq p0, c0, [r0, -0x2c]",1
"ldceq p1, c0, [pc], -0xb8",1
bleq 0xeb5c38,1
"stceq p5, c0, [r7], -0xec",1
"tsteq r1, sb, asr 6",1
invalid,1
"swpeq r4, r7, [ip]",1
"mcreq p0, 0, r0, c0, c3, 0",1
"stmdaeq r3, {r0, r2}",1
bleq 0xef5130,1
"streq r1, [r2], -sb, asr 6",1
"streq r0, [0x00032450]",1
blo 0x3b3054,1
"stmdbmi fp, {r0, r1, r3, r8, sb, fp, ip, sp}",1
"andeq r0, r6, r3, lsl r2",1
"andeq r1, r5, r0",1
bleq 0xeb5c70,1
"movtne r0, 0x9b3b",1
"andeq r0, r0, r2, lsl 20",1
"strpl r0, [r1, -0xb11]",1
"andseq r0, r3, r6, lsl 2",1
"eorseq r1, r4, r0, lsl 4",1
bleq 0xeb4488,1
"movtne r0, 0x9b3b",1
"andeq r0, r0, r2, lsl 12",1
"orreq r8, r2, r3, lsl sb",1
"mrslo r1, apsr",1
"andseq r0, r3, r3, lsl r1",1
"addhi r1, sl, 0, 8",1
beq 0xb249c,1
"muleq sl, r1, r2",1
"addhi r1, sb, 0, 10",1
"tsteq r1, r1, lsl 2",1
"andeq r1, r0, r1, lsr r3",1
"movweq r3, 0x416",1
bllo 0x300ce8,1
svclo 0x13490b,1
"andeq r3, ip, ip, lsl 24",1
invalid,1
"mcreq p12, 0, r0, c3, c15, 1",1
"ldreq r0, [fp, -0xb3a]!",1
"movtne r0, 0x9c27",1
"movwne r0, 0x1c3c",1
"ldreq r0, [r8, -0]",1
"andseq r4, r3, r0, lsl 18",1
invalid,1
"mcreq p12, 0, r0, c3, c15, 1",1
"ldreq r0, [fp, -0xb3a]!",1
"strhs r4, [lr, -r7, lsl 1]",1
invalid,1
"andseq r0, r3, ip, lsl 2",1
invalid,1
"mcreq p12, 0, r0, c3, c15, 1",1
"ldreq r0, [fp, -0xb3a]!",1
"strhs r4, [lr, -r7, lsl 1]",1
invalid,1
"andeq r0, r0, ip",1
"strhs r1, [r1, -0x101]",1
"movweq r1, 0xb30e",1
invalid,1
"andne r1, r1, r1, lsl 4",1
"andeq r0, r0, 6",1
bleq 0x2f25ac,1
invalid,1
"strne r0, [r3], -r0",1
blo 0x3b3128,1
"stmdbmi fp, {r0, r1, r3, r8, sb, fp, ip, sp}",1
"streq r0, [r0], -0x13",1
bleq 0x2f25c4,1
"stmdaeq r3, {r1, r2, r3, r4, r5, r8, sb, fp}",1
svceq 0x50000,1
"andeq r0, fp, r0, lsl 22",1
"andeq r0, pc, r0, lsl 12",1
"movtne r0, 0x9b0b",1
"movwne r0, 0x7000",1
bleq 0x3b3154,1
bllo 0x300d80,1
"andseq r0, r3, fp, lsl 2",1
"andeq r0, sp, r0, lsl 16",1
bleq 0xeb5d6c,1
"movtne r0, 0x9b3b",1
"andeq r0, r0, r8, lsr sl",1
bleq 0x78190,1
bllo 0x300d9c,1
"andseq r0, r3, fp, lsl 2",1
"andeq r0, sp, r0, lsl 20",1
bleq 0xeb5d88,1
"movtne r0, 0x9b3b",1
"stceq p0, c0, [fp, -0]",1
"ldmdalo r3, {r8, fp, lr}",1
invalid,1
"movtne r0, 0x9101",1
"andeq r1, r0, r1, lsl 6",1
"stmdbmi r0, {r0, r2, r3, r8, sp}",1
"andeq r2, fp, r3, lsl pc",1
invalid,1
bleq 0xeb51d0,1
"movwne r0, 0x153b",1
invalid,1
invalid,1
"andne r0, r0, sp",1
"mcreq p0, 0, r0, c3, c6, 0",1
"ldreq r0, [fp, -0xb3a]!",1
"andeq r1, r0, sb, asr 6",1
"movweq r1, 0x1311",1
blo 0x2f5200,1
invalid,1
"andne r0, r0, 0x13",1
"cdpeq p0, 0, c0, c3, c13, 0",1
"ldreq r0, [fp, -0xb3a]!",1
beq 0xe37300,1
"ldceq p0, c0, [r3, -0]",1
blo 0x3b31e4,1
"stmdbmi r5, {r0, r1, r3, r8, sb, fp, ip, sp}",1
"vstreq d0, [fp, -0x4c]",1
"stmdalo fp, {r0, r1, r3, sl, fp}",1
"strne r0, [r0], -0xa",1
"stmdaeq r3, {r0, r2, r3}",1
"ldreq r0, [fp, -0xb3a]!",1
beq 0xe37324,1
"tstne r5, 0",1
blo 0x2f520c,1
invalid,1
invalid,1
bleq 0x2f2a24,1
bleq 0xef5300,1
"andeq r1, r0, r1, lsl 6",1
"stmdbmi r0, {r0, r1, r2, r4, sb, sl, sp}",1
"stmdane r0, {r0, r1, r4}",1
bleq 0x2f2a74,1
bleq 0xef5314,1
"andeq r1, r0, r1, lsl 6",1
"movweq r1, 0x619",1
bllo 0x300e70,1
bne 0x32668,1
"andeq r0, r0, r6, lsr 32",1
"movweq r2, 0x81b",1
"andeq r1, sp, r8, lsl 24",1
"andseq r1, r6, r0, lsl 24",1
bleq 0xeb465c,1
"movtne r0, 0x9b3b",1
"ldrne r0, [sp, -r0]",1
blo 0x2f5260,1
invalid,1
"mcrne p0, 0, r0, c0, c3, 0",1
"stmdaeq r3, {r0, r2, r3}",1
"ldreq r0, [fp, -0xb3a]!",1
"andeq r1, r0, sb, asr 6",1
"movweq r0, 0xd1f",1
bllo 0x300eb0,1
"andseq r4, r3, r5, lsl 18",1
"tsteq r3, r0",1
"streq r0, [fp, -0xe03]",1
"ldreq r0, [fp, -0xb3a]!",1
"andeq r1, r0, r1, lsl 6",1
svclo 0x12e21,1
blo 0x3b32c4,1
"strhs r3, [fp, -fp, lsl 22]",1
"andshs r4, r3, ip, lsl 18",1
invalid,1
"andhs r0, r0, 0x13",1
"cdpeq p0, 0, c0, c3, c5, 0",1
bleq 0xef5394,1
"andeq r1, r0, sb, asr 6",1
svclo 0x12e23,1
blo 0x3b32e8,1
"strhs r3, [fp, -fp, lsl 22]",1
"andshs r4, r3, ip, lsl 18",1
"andseq r0, r3, fp, lsl 2",1
"andeq r2, r5, r0, lsl 8",1
bleq 0xeb46d8,1
"movtne r0, 0x9b3b",1
"cdphs p0, 2, c0, c5, c0, 0",1
"movweq r3, 0xcf01",1
bllo 0x300f14,1
"stmdbmi ip, {r0, r2, r8, sb, sl, sp}",1
"strlo r2, [fp], -0x13",1
"andseq r0, r3, ip, lsl 2",1
"andeq r2, r5, r0, lsl 12",1
bleq 0xeb46fc,1
"movtne r0, 0x953b",1
"streq r0, [r7, -0]!",1
blo 0x3b32fc,1
"stmdbmi r5, {r0, r1, r3, r8, sb, fp, ip, sp}",1
"stmdahs r0, {r0, r1, r4}",1
"cdpeq p1, 0, c0, c3, c14, 1",1
"ldreq r0, [fp, -0xb3a]!",1
"movtne r0, 0x9c27",1
"movwne r0, 0x1b20",1
"strtlo r0, [sb], -0",1
blo 0x23331c,1
"stmdbmi r5, {r0, r1, r3, r8, sb, fp, ip, sp}",1
bhs 0x32770,1
"andeq r0, r0, fp, lsl 2",1
"movweq r3, 0x42b",1
bllo 0x300f68,1
"andseq r4, r3, r5, lsl 18",1
invalid,1
"mcreq p12, 0, r0, c3, c15, 1",1
"ldreq r0, [fp, -0xb3a]!",1
"movtne r0, 0x9c27",1
"movwne r0, 0x1b20",1
"cdphs p0, 2, c0, c13, c0, 0",1
blo 0x3b3354,1
"strhs r3, [r5, -fp, lsl 22]",1
"mrseq r2, apsr",1
"mcrhs p0, 0, r0, c0, c3, 0",1
"cdpeq p1, 0, c0, c3, c14, 1",1
"ldreq r0, [fp, -0xb3a]!",1
"tsteq r1, r7, lsr 24",1
beq 0x1032bb4,1
"swpeq r4, r7, [ip]",1
svchs 0x13,1
"stmdaeq r3, {r0, r2}",1
"ldreq r0, [fp, -0xb3a]!",1
beq 0xb74a4,1
"ldreq r0, [r0, -0]!",1
blo 0x233388,1
"stmdbmi r5, {r0, r1, r3, r8, sb, fp, ip, sp}",1
"andeq r0, r6, r3, lsl r2",1
invalid,1
bleq 0xeb5fa4,1
"stceq p5, c0, [r7], -0xec",1
"tsteq r1, sb, asr 6",1
beq 0x1032bec,1
"swpeq r4, r7, [ip]",1
"andlo r0, r0, 0x13",1
"mcreq p0, 0, r0, c3, c4, 1",1
"ldreq r0, [fp, -0xb3a]!",1
"streq r1, [r2], -sb, asr 6",1
"ldreq r0, [r3, -0]!",1
blo 0x3b33c0,1
"stmdbmi r5, {r0, r1, r3, r8, sb, fp, ip, sp}",1
"andeq r0, sl, r3, lsl r2",1
"andeq r3, r5, r0, lsl 8",1
bleq 0xeb5fdc,1
"movtne r0, 0x953b",1
"andeq r0, r0, r2, lsl 12",1
"movweq r2, 0x1e35",1
bllo 0x301018,1
invalid,1
"andmi r1, r1, r1, lsl 4",1
"mcrreq p7, 0, sb, r2, c6",1
"andeq r1, r0, r1, lsl 6",1
"movweq r0, 0x536",1
bllo 0x301018,1
"andseq r4, r3, 0x2c000",1
"strlo r0, [r0, -sl]",1
"cdpeq p0, 0, c0, c3, c5, 0",1
bleq 0xef54f0,1
beq 0xb7530,1
"ldreq r0, [r8, -0]!",1
blo 0x3b3414,1
"stmdbmi fp, {r0, r1, r3, r8, sb, fp, ip, sp}",1
"andeq r0, r6, r3, lsl r2",1
"eorseq r3, r4, r0, lsl 18",1
bleq 0xeb6030,1
"movtne r0, 0x953b",1
"andeq r0, r0, r2, lsl 20",1
invalid,1
"andeq r1, r1, r1, lsl 4",1
"eorseq r3, r4, r0, lsl 22",1
bleq 0xeb4848,1
"movtne r0, 0x953b",1
"andeq r0, r0, r2, lsl 12",1
"movweq r2, 0x1e3c",1
bllo 0x301084,1
"stmdbmi ip, {r0, r2, r8, sb, sl, sp}",1
"andne r1, r1, 0xc0000004",1
"strls r4, [r6, -r1]",1
"movwne r0, 0x1c42",1
bleq 0xf72860,1
"andne r1, r1, 0x40000000",1
"andseq r0, r3, r1, lsl 2",1
"eorseq r3, r4, r0, lsl 28",1
bleq 0xeb487c,1
"movtne r0, 0x953b",1
"andeq r0, r0, r2, lsl 20",1
"strpl r0, [r1, -0xb3f]",1
"andmi r0, r0, r6",1
"smlabbeq r1, sb, r2, r8",1
"teqne r1, 0x40000004",1
bhi 0x107288c,1
"andeq r0, r0, 0x80000020",1
beq 0x10d6cbc,1
bleq 0x10b2898,1
invalid,1
"movwmi r0, 0x13",1
"smlabbeq r1, sb, r2, r8",1
"teqne r1, 0x40000004",1
"andeq r1, r0, r1, lsl 6",1
invalid,1
"andne r1, r1, 0xc0000004",1
"stmdbpl fp, {r0, fp, ip, lr}",1
"andseq r0, r3, r5, lsl 2",1
"andeq r4, r5, r0, lsl 10",1
invalid,1
"strblo r0, [r6], -0",1
"andseq r3, r3, 0, 2",1
"strmi r0, [r0, -r6]",1
"teqne r1, 0x40000007",1
"tsteq r2, r1, lsl r1",1
"ldrbeq r0, [sb, -0xb58]",1
invalid,1
"smlabbne r1, r2, r1, r0",1
"stmdbmi r0, {r0}",1
"stceq p1, c0, [r7], -0x54",1
"movwne r1, 0x1349",1
"strbeq r0, [sl, -0]",1
"andseq r4, r3, r0, lsl 18",1
invalid,1
bleq 0xeb610c,1
"stceq p5, c0, [r7], -0xec",1
"tsteq r2, r1, lsl r1",1
"addsmi r0, r7, 64, 12",1
"andseq r0, r3, ip, lsl 2",1
"addhi r4, sb, 0, 24",1
"tsteq r1, r1",1
"andeq r1, r0, r1, lsr r3",1
invalid,1
"andeq r1, fp, r3, lsl ip",1
"eorseq r4, r4, r0, lsl 28",1
"movtne r0, 0x9e03",1
beq 0xb5a00,1
"cdphs p0, 4, c0, c15, c0, 0",1
blo 0x3b353c,1
"strhs r3, [fp, -fp, lsl 22]",1
"tstne r3, ip, lsl 18",1
"andmi r1, r1, r1, lsl 4",1
"mcrreq p7, 0, sb, r2, c6",1
"andeq r1, r0, r1, lsl 6",1
"movweq r3, 0x450",1
bllo 0x30118c,1
"andseq r4, r3, 0x2c000",1
invalid,1
"stmdaeq r3, {r2, r4, r5}",1
bleq 0xef564c,1
beq 0xb768c,1
"ldrblo r0, [r2], -0",1
blo 0x3b3570,1
"stmdbmi fp, {r0, r1, r3, r8, sb, fp, ip, sp}",1
"andeq r0, sl, r3, lsl r2",1
"eorseq r5, r4, r0, lsl 6",1
bleq 0xeb498c,1
"movtne r0, 0x9b3b",1
"andeq r0, r0, r2, lsl 12",1
"qaddlo r1, r4, r1",1
"strpl r5, [r1, -0x213]",1
"stmdbpl fp, {r1, r2, fp, ip, lr}",1
"andseq r0, r3, r5, lsl 2",1
"andeq r5, r5, r0, lsl 10",1
"andeq r1, r0, r1, lsr r3",1
"qaddlo r0, r6, r0",1
"andeq r0, sl, r3, lsl r2",1
"andeq r5, sl, r0, lsl 14",1
bleq 0xeb61bc,1
"tsteq r1, fp, lsr r5",1
"ldclne p0, c0, [r8, -0]",1
"andspl r3, r3, 0x40000000",1
"stmdapl r6, {r0, r8, sl, ip, lr}",1
"andeq r5, r5, fp, lsl 18",1
"andeq r5, sl, r0, lsl 18",1
bleq 0xeb61d8,1
"andeq r0, r0, fp, lsr r5",1
"movweq r3, 0x45a",1
"ldrlo r4, [r3], -0x90e",1
"andeq r1, lr, ip, lsl 24",1
invalid,1
"andeq r1, r0, r1, lsl 6",1
"qaddlo r3, ip, r0",1
"andeq r0, sl, r3, lsl r2",1
"andeq r5, sl, r0, lsl 26",1
"tsteq r1, r1, lsr r3",1
beq 0x17b29f8,1
"andseq r3, r3, r0, lsl 2",1
invalid,1
bleq 0xeb6210,1
invalid,1
bleq 0x837730,1
"andeq r1, r0, r1, lsl 6",1
"movweq r3, 0x460",1
bllo 0x301238,1
"andseq r4, r3, fp, lsl 18",1
"eorseq r6, r4, r0, lsl 2",1
"andeq r1, r0, r1, lsr r3",1
invalid,1
"andne r1, r1, 0xc0000004",1
"stmdbpl fp, {r0, fp, ip, lr}",1
"andseq r0, r3, fp, lsl 2",1
"eorseq r6, r4, r0, lsl 6",1
bleq 0xeb6248,1
"movtne r0, 0x9b3b",1
"cdphs p0, 6, c0, c4, c0, 0",1
"movweq r3, 0xcf01",1
bllo 0x301284,1
"stmdbmi ip, {r0, r1, r3, r8, sb, sl, sp}",1
"andne r1, r1, 0xc0000004",1
"strls r4, [r6, -r1]",1
"movwne r0, 0x1c42",1
"cdphs p0, 6, c0, c5, c0, 0",1
"movweq r3, 0xcf01",1
bllo 0x3012a0,1
"stmdbmi ip, {r0, r2, r8, sb, sl, sp}",1
"andne r1, r1, 0xc0000004",1
"strls r4, [sl, -r1]",1
"movwne r0, 0x1c42",1
"cdphs p0, 6, c0, c6, c0, 0",1
"movweq r3, 0xcf01",1
bllo 0x3012bc,1
"stmdbmi ip, {r0, r2, r8, sb, sl, sp}",1
"andne r1, r1, 0xc0000004",1
"strls r4, [r6, -r1]",1
"movwne r0, 0x1c42",1
"strbeq r0, [r7, -0]!",1
invalid,1
"stmdavs r0, {r0, r2}",1
"stmdaeq r3, {r1, r3}",1
"ldreq r0, [fp, -0xb3a]!",1
"andeq r0, r0, r1, lsl r1",1
svclo 0x12e69,1
blo 0x3b36e4,1
"strhs r3, [r5, -fp, lsl 22]",1
"andne r1, r1, 12, 2",1
"strls r4, [r6, -r1]",1
"movwne r0, 0x1c42",1
"cdphs p0, 6, c0, c10, c0, 0",1
"movweq r3, 0xcf01",1
bllo 0x301308,1
invalid,1
"andmi r1, r1, r1, lsl 4",1
"mcrreq p7, 0, sb, r2, c10",1
"andeq r1, r0, r1, lsl 6",1
"stmdbmi r0, {r0, r1, r3, r5, r6, r8, sp}",1
"andeq r2, r5, r3, lsl pc",1
"eorseq r6, r4, r0, lsl 24",1
bleq 0xeb62fc,1
"movtne r0, 0x9b3b",1
beq 0xb5bf4,1
"strbtlo r0, [sp], -0",1
blo 0x3b3700,1
"stmdbmi fp, {r0, r1, r3, r8, sb, fp, ip, sp}",1
invalid,1
"cdpvs p0, 0, c0, c0, c12, 0",1
"ldceq p1, c0, [pc], -0xb8",1
bleq 0xeb6320,1
"stceq p5, c0, [r7], -0xec",1
"ldceq p3, c1, [ip], -0x124",1
"andeq r1, r0, r1, lsl 6",1
svclo 0x12e6f,1
blo 0x3b3758,1
"strhs r3, [r5, -fp, lsl 22]",1
invalid,1
"andvc r0, r0, r3, lsl r0",1
"ldceq p1, c0, [pc], -0xb8",1
"stceq p14, c0, [r7], -0xc",1
"ldceq p3, c1, [r4], -0x124",1
"movwne r0, 0x1c3c",1
"cdphs p0, 7, c0, c1, c0, 0",1
"movweq r3, 0xcf01",1
bllo 0x301388,1
invalid,1
"andseq r0, r3, ip, lsl 2",1
invalid,1
"mcreq p12, 0, r0, c3, c15, 1",1
bleq 0xef584c,1
"movtne r0, 0x9c27",1
"movwne r0, 0x1c3c",1
"cdphs p0, 7, c0, c3, c0, 0",1
"movweq r3, 0xcf01",1
bllo 0x3013b0,1
"cdpeq p7, 4, c8, c0, c5, 0",1
"movtne r0, 0x9c27",1
"movwne r0, 0x1c3c",1
"cdphs p0, 7, c0, c4, c0, 0",1
"movweq r3, 0xcf00",1
bllo 0x3013c8,1
"stmdbmi ip, {r0, r1, r3, r8, sb, sl, sp}",1
"andeq r3, ip, r3, lsl ip",1
invalid,1
"mcreq p12, 0, r0, c3, c15, 1",1
bleq 0xef588c,1
"strhs r4, [lr, -r7, lsl 1]",1
invalid,1
"andseq r0, r3, ip, lsl 2",1
"eoreq r7, lr, r0, lsl 12",1
"mcreq p12, 0, r0, c3, c15, 1",1
"ldreq r0, [fp, -0xb3a]!",1
"ldceq p12, c0, [ip], -0x9c",1
"cdphs p0, 7, c0, c7, c0, 0",1
"movweq r3, 0xcf01",1
bllo 0x301404,1
"stmdbmi ip, {r0, r2, r8, sb, sl, sp}",1
"andeq r3, ip, r3, lsl ip",1
"mrsne r0, apsr",1
"movwne r2, 0xe501",1
blne 0x3b380c,1
"andne r1, r1, 0x80000003",1
"andeq r1, r6, r1",1
"andseq r0, r6, r0, lsl 4",1
bleq 0xeb63fc,1
"movtne r0, 0x9b3b",1
"strhs r0, [r3], -0",1
"vmlalo.f64 d0, d11, d0",1
"andeq r0, lr, fp, lsl 6",1
"eoreq r0, r4, r0, lsl 8",1
bleq 0xfb5834,1
"andeq r0, r0, r3, lsl 16",1
bleq 0x36824,1
"streq r0, [r0], -fp",1
bleq 0x2f2c54,1
"andeq r1, r0, sb, asr 6",1
"movweq r1, 0x1307",1
blo 0x2f585c,1
invalid,1
"stmdaeq r0, {r0, r1, r4}",1
"cdpeq p0, 0, c0, c3, c13, 0",1
bleq 0xef591c,1
beq 0xe3795c,1
"stceq p0, c0, [sb, -0]",1
blo 0x3b3840,1
"stmdbmi r5, {r0, r1, r3, r8, sb, fp, ip, sp}",1
"andeq r3, sl, r3, lsl r8",1
"andseq r0, r6, r0, lsl 20",1
bleq 0xeb645c,1
"andeq r0, r0, fp, lsr fp",1
"stmdbmi r1, {r0, r1, r3, r8}",1
"andseq r0, r3, r3, lsl r1",1
"eoreq r0, r1, r0, lsl 24",1
bleq 0xbf7988,1
"cdphs p0, 0, c0, c13, c0, 0",1
"movweq r3, 0xcf01",1
bllo 0x3014a8,1
"stmdbmi ip, {r0, r1, r3, r8, sb, sl, sp}",1
invalid,1
"mcreq p0, 0, r0, c0, c3, 0",1
"cdpeq p0, 0, c0, c3, c5, 0",1
bleq 0xef596c,1
"andeq r1, r0, sb, asr 6",1
svclo 0x12e0f,1
blo 0x3b38c0,1
"strhs r3, [fp, -fp, lsl 22]",1
"tstne r3, ip, lsl 18",1
"andmi r1, r1, r1, lsl 4",1
"mcrreq p7, 0, sb, r2, c6",1
"andeq r1, r0, r1, lsl 6",1
"movweq r0, 0x510",1
bllo 0x3014e4,1
"andseq r4, r3, 0x2c000",1
invalid,1
"mcreq p0, 0, r0, c3, c4, 1",1
bleq 0xef59a4,1
"streq r1, [r2], -sb, asr 6",1
"ldrlo r0, [r2], -0",1
blo 0x3b38c8,1
"stmdbmi fp, {r0, r1, r3, r8, sb, fp, ip, sp}",1
"andeq r0, sl, r3, lsl r2",1
"tsteq sp, r0, lsl 6",1
"tsteq r1, r1, lsr r3",1
bleq 0x1633124,1
"movwne r0, 0x1b59",1
"ldreq r0, [r4, -0]",1
"andseq r3, r3, 0, 2",1
"strne r0, [r0, -0xa]",1
"smlabbeq r1, sb, r2, r8",1
"teqne r1, 0x40000004",1
"andeq r1, r0, r1, lsl 6",1
"orreq r8, r2, r6, lsl sl",1
"mrsls r0, r10_fiq",1
"andeq r0, r0, r2, asr 20",1
"orreq r8, r2, r7, lsl sb",1
"mrslo r1, apsr",1
"stmdane r0, {r0, r1, r4}",1
"movtne r0, 0x9026",1
"ldrlo r0, [sb], -0",1
blo 0x3b391c,1
"stmdbmi fp, {r0, r1, r3, r8, sb, fp, ip, sp}",1
invalid,1
bne 0x32d58,1
"ldceq p1, c0, [pc], -0xb8",1
bleq 0xeb653c,1
invalid,1
"ldceq p3, c1, [ip], -0x124",1
"andeq r1, r0, r1, lsl 6",1
"stmdbmi r0, {r0, r1, r3, r4, r8, sl}",1
invalid,1
"ldceq p1, c0, [pc], -0xb8",1
bleq 0xeb6558,1
"stceq p5, c0, [r7], -0xec",1
"ldceq p3, c1, [ip], -0x124",1
"andeq r1, r0, r1, lsl 6",1
svclo 0x2e1d,1
blo 0x3b3990,1
"strhs r3, [fp, -fp, lsl 22]",1
invalid,1
"andeq r0, r0, ip",1
"strhs r1, [r1, -0x101]",1
"movweq r1, 0xb30e",1
invalid,1
"andne r1, r1, r1, lsl 4",1
"andeq r0, r0, 6",1
bleq 0x2f2e14,1
invalid,1
"strhs r0, [r3], -0",1
"vmlalo.f64 d0, d11, d0",1
"andeq r0, r8, fp, lsl 6",1
"andseq r0, r6, r0, lsl 8",1
bleq 0xeb65a8,1
"movtne r0, 0x9b3b",1
svceq 0x50000,1
"andeq r0, fp, r0, lsl 22",1
"andeq r0, pc, r0, lsl 12",1
"movtne r0, 0x9b0b",1
"movwne r0, 0x7000",1
bleq 0x3b39bc,1
bllo 0x3015e8,1
"andseq r0, r3, fp, lsl 2",1
"andeq r0, sp, r0, lsl 16",1
bleq 0xeb65d4,1
"movtne r0, 0x9b3b",1
"andeq r0, r0, r8, lsr sl",1
"movweq r0, 0xd09",1
bllo 0x301610,1
"ldmdalo r3, {r0, r2, r8, fp, lr}",1
beq 0x32e08,1
"mcreq p0, 0, r0, c3, c6, 0",1
bleq 0xef5ad0,1
"mrseq r0, apsr",1
"tsteq r3, r1, lsl 18",1
invalid,1
"movtne r0, 0x9021",1
"andeq r0, r0, pc, lsr 22",1
"movweq r1, 0x60d",1
bllo 0x30163c,1
"andseq r4, r3, r5, lsl 18",1
"eoreq r0, r6, r0, lsl 28",1
"andeq r1, r0, sb, asr 6",1
"andeq r2, r0, pc, lsl 12",1
invalid,1
bleq 0xeb5a48,1
"movwne r0, 0x1b3b",1
invalid,1
invalid,1
"andne r0, r0, 0xd",1
"stmdaeq r3, {r3, r5}",1
"andeq r0, r0, ip, lsl sp",1
svclo 0x12e13,1
blo 0x3b3a6c,1
"strhs r3, [fp, -fp, lsl 22]",1
"andshs r4, r3, ip, lsl 18",1
invalid,1
"strne r0, [r0], -0x13",1
"cdpeq p0, 0, c0, c3, c5, 0",1
bleq 0xef5b3c,1
"andeq r1, r0, sb, asr 6",1
"andeq r1, r0, r5, lsl r8",1
invalid,1
"mcreq p12, 0, r0, c3, c15, 1",1
bleq 0xef5b50,1
"movtne r0, 0x9c27",1
"movwne r0, 0x1b20",1
"cdphs p0, 1, c0, c7, c0, 0",1
blo 0x3b3a7c,1
"strhs r3, [fp, -fp, lsl 22]",1
"andshs r4, r3, ip, lsl 18",1
"andseq r0, r3, fp, lsl 2",1
"eorseq r1, r4, r0, lsl 16",1
bleq 0xeb4e98,1
"movtne r0, 0x9b3b",1
bleq 0x672e94,1
bne 0x32e9c,1
"mcreq p0, 0, r0, c3, c4, 1",1
bleq 0xef5b88,1
"andeq r1, r0, sb, asr 6",1
invalid,1
invalid,1
"ldceq p1, c0, [pc], -0xb8",1
bleq 0xeb66c0,1
"stceq p5, c0, [r7], -0xec",1
"tsteq r1, sb, asr 6",1
invalid,1
"swpeq r4, r7, [ip]",1
"stcne p0, c0, [r0, -0x4c]",1
"mcreq p0, 0, r0, c3, c4, 1",1
"ldreq r0, [fp, -0xb3a]!",1
"streq r1, [r2], -sb, asr 6",1
"ldcne p0, c0, [lr, -0]",1
"tstne r3, r1, lsl 2",1
"stmdapl r1, {r0, sb, ip}",1
"mrseq r5, apsr",1
svcne 0x13,1
"tsteq r1, fp, lsl 2",1
"andeq r0, r0, r2, lsl r1",1
invalid,1
"andeq r0, r6, r3, lsl r2",1
"mrseq r2, apsr",1
"movwne r0, 0x1655",1
"stcne p0, c0, [r2, -0]!",1
"tstne r3, r1, lsl 2",1
"stmdapl r1, {r0, sb, ip}",1
"mrseq r5, apsr",1
"movwhs r0, 0x13",1
"teqne r1, 5",1
"andeq r0, r0, r2, lsl 12",1
"orreq r8, r2, r4, lsr 18",1
"mrslo r1, apsr",1
"strhs r0, [r0, -0x13]",1
"andeq r8, r1, sl, lsl 5",1
"addsmi r0, r1, 0x2000",1
"strhs r0, [r0], -sl",1
"smlabbeq r1, sb, r2, r8",1
"teqne r1, 0x40000004",1
"andeq r1, r0, r1, lsl 6",1
invalid,1
invalid,1
"stmdahs r0, {r0, r1, r4}",1
"teqne r1, 0x34",1
"andeq r0, r0, r2, lsl 20",1
invalid,1
bhs 0x32fa8,1
"mcreq p0, 0, r0, c3, c4, 1",1
"ldreq r0, [fp, -0xb3a]!",1
"andeq r1, r0, sb, asr 6",1
"movweq r3, 0x42b",1
bllo 0x3017a8,1
"andseq r4, r3, 0x2c000",1
invalid,1
"movtne r0, 0x9035",1
"strtlo r0, [sp], -0",1
blo 0x3b3b84,1
"stmdbmi fp, {r0, r1, r3, r8, sb, fp, ip, sp}",1
invalid,1
"cdphs p0, 0, c0, c0, c12, 0",1
"ldceq p1, c0, [pc], -0xb8",1
"stceq p14, c0, [r7], -0xc",1
"ldceq p3, c1, [r4], -0x124",1
"movwne r0, 0x1c3c",1
"streq r0, [0x00032fa4]!",1
"andseq r4, r3, r0, lsl 18",1
invalid,1
"mcreq p12, 0, r0, c3, c15, 1",1
"ldreq r0, [fp, -0xb3a]!",1
"movtne r0, 0x9c27",1
"movwne r0, 0x1c3c",1
"cdphs p0, 3, c0, c1, c0, 0",1
"movweq r3, 0xcf01",1
bllo 0x301800,1
"cdpeq p7, 4, c8, c0, c11, 0",1
"movtne r0, 0x9c27",1
"movwne r0, 0x1c3c",1
"cdphs p0, 3, c0, c2, c0, 0",1
"movweq r3, 0xcf01",1
bllo 0x301818,1
invalid,1
"andseq r0, r3, ip, lsl 2",1
invalid,1
"mcreq p12, 0, r0, c3, c15, 1",1
"ldreq r0, [fp, -0xb3a]!",1
"movtne r0, 0x9c27",1
"andeq r0, r0, ip, lsr ip",1
"andseq r0, r1, r0, lsl 2",1
"tsteq r1, r0, lsl r6",1
"stmdaeq r3, {r1, r4, r8}",1
"stmdaeq r5!, {r0, r1, r3, r4, fp}",1
"andeq r0, r0, r3, lsl r5",1
"andseq r0, r1, r0, lsl 2",1
"tsteq r1, r0, lsl r6",1
"stmdaeq r3, {r1, r4, r8}",1
"stmdaeq r5!, {r0, r1, r3, r4, fp}",1
"andeq r0, r0, r3, lsl r5",1
"andseq r0, r1, r0, lsl 2",1
"tsteq r1, r0, lsl r6",1
"stmdaeq r3, {r1, r4, r8}",1
"stmdaeq r5!, {r0, r1, r3, r4, fp}",1
"andeq r0, r0, r3, lsl r5",1
"andseq r0, r1, r0, lsl 2",1
"tsteq r1, r0, lsl r6",1
"stmdaeq r3, {r1, r4, r8}",1
"stmdaeq r5!, {r0, r1, r3, r4, fp}",1
"andeq r0, r0, r3, lsl r5",1
"tsteq r1, r0, lsl 2",1
bleq 0x4f68e8,1
"tsteq r1, r3, lsl 28",1
"sadd16eq r0, r0, r2",1
"strhs r0, [r2], -0",1
"vmlalo.f64 d0, d11, d0",1
"andeq r0, lr, fp, lsl 6",1
invalid,1
"mcreq p12, 0, r0, c3, c15, 1",1
bleq 0xef5d5c,1
"movtne r0, 0x9c27",1
"tsteq r2, r1, lsl r1",1
"addsmi r0, r7, 64, 12",1
"andseq r0, r3, ip, lsl 2",1
"andeq r0, r5, r0, lsl 8",1
bleq 0xeb5098,1
"movtne r0, 0x9b3b",1
"andeq r0, r0, r2, lsl 12",1
"movweq r0, 0x505",1
bllo 0x3018d4,1
"andseq r4, r3, 0x2c000",1
"streq r0, [r0], -sl",1
"mcreq p0, 0, r0, c3, c4, 1",1
bleq 0xef5d94,1
beq 0xb7dd4,1
invalid,1
"smlabbne r1, r2, r1, r0",1
"andseq r3, r3, r1, lsl 2",1
"addhi r0, sl, 0, 16",1
beq 0xb30c8,1
"muleq sl, r1, r2",1
"andeq r0, pc, r0, lsl 18",1
"movtne r0, 0x9b0b",1
"cdphs p0, 0, c0, c10, c0, 0",1
"movweq r3, 0xcf01",1
bllo 0x301914,1
"stmdbmi ip, {r0, r1, r3, r8, sb, sl, sp}",1
invalid,1
bleq 0x33134,1
"movtne r0, 0x9005",1
"cdphs p0, 0, c0, c12, c0, 0",1
"movweq r3, 0xcf01",1
bllo 0x301930,1
"stmdbmi ip, {r0, r1, r3, r8, sb, sl, sp}",1
"andeq r3, ip, r3, lsl ip",1
"mrsne r0, apsr",1
"movwne r2, 0xe501",1
blne 0x3b3d38,1
"andne r1, r1, 0x80000003",1
"andeq r1, r6, r1",1
"eoreq r0, r4, r0, lsl 4",1
bleq 0xfb5d48,1
"andeq r0, r0, r3, lsl 28",1
bleq 0x3c130,1
"movweq r3, 0xbe0b",1
"streq r0, [r0], -8",1
"mcreq p0, 0, r0, c3, c6, 0",1
bleq 0xef5e1c,1
"andeq r1, r0, sb, asr 6",1
"movweq r1, 0x1305",1
blo 0x2f5d78,1
invalid,1
invalid,1
"stmdaeq r3, {r0, r2, r3}",1
"ldreq r0, [fp, -0xb3a]!",1
beq 0xe37e78,1
"stceq p0, c0, [r7, -0]",1
blo 0x3b3d5c,1
"stmdbmi r5, {r0, r1, r3, r8, sb, fp, ip, sp}",1
"andeq r3, sl, r3, lsl r8",1
"tsteq r7, r0, lsl 16",1
bleq 0xeb5d98,1
"movwne r0, 0x153b",1
"stceq p0, c0, [sb, -0]",1
blo 0x233d78,1
"stmdbmi r5, {r0, r1, r3, r8, sb, fp, ip, sp}",1
beq 0x331cc,1
"mcreq p0, 0, r0, c3, c6, 0",1
"ldreq r0, [fp, -0xb3a]!",1
"andeq r1, r0, sb, asr 6",1
"movweq r2, 0x1e0b",1
bllo 0x3019cc,1
"stmdbmi ip, {r0, r2, r8, sb, sl, sp}",1
invalid,1
invalid,1
"stmdaeq r3, {r0, r2}",1
"ldreq r0, [fp, -0xb3a]!",1
"andeq r1, r0, sb, asr 6",1
"movweq r3, 0x40d",1
bllo 0x3019d4,1
"andseq r4, r3, r5, lsl 18",1
invalid,1
"andeq r1, r0, r1, lsl 6",1
"movweq r3, 0x40f",1
bllo 0x301a00,1
"andseq r4, r3, r5, lsl 18",1
"mrseq r1, apsr",1
svceq 0x110000,1
"stmdbmi fp, {r8, sb, fp}",1
"andne r0, r0, 0x13",1
"movtne r0, 0x9026",1
"cdphs p0, 1, c0, c3, c0, 0",1
"movweq r3, 0xcf01",1
bllo 0x301a24,1
"stmdbmi ip, {r0, r2, r8, sb, sl, sp}",1
"andne r1, r1, 0xc0000004",1
"strls r4, [r6], -r1",1
"andeq r0, r0, r2, asr 24",1
"movweq r0, 0x514",1
bllo 0x301a24,1
"andseq r4, r3, 0x14000",1
"strne r0, [r0, -6]",1
"stmdaeq r3, {r2, r4, r5}",1
"ldreq r0, [fp, -0xb3a]!",1
"streq r1, [r2], -sb, asr 6",1
"ldrlo r0, [r6], -0",1
blo 0x233e20,1
"stmdbmi r5, {r0, r1, r3, r8, sb, fp, ip, sp}",1
"andeq r0, sl, r3, lsl r2",1
"tsteq sp, r0, lsl 14",1
"cmpeq r2, r1, lsr r3",1
bleq 0x1634b88,1
"andeq r0, r0, sb, asr r5",1
invalid,1
"andeq r1, fp, r3, lsl ip",1
"andeq r1, r5, r0, lsl 18",1
invalid,1
bleq 0x6b324c,1
"andeq r5, r6, r1, lsl 10",1
"eorseq r1, r4, r0, lsl 22",1
"andeq r1, r0, r1, lsr r3",1
invalid,1
"andeq r0, r6, r3, lsl r2",1
"mrseq r1, apsr",1
"tsteq r2, r1, lsl r1",1
"andeq r1, r0, r1, lsl 6",1
"strpl r0, [r1, -0xb1e]",1
"andseq r0, r3, r6, lsl 2",1
invalid,1
"tsteq r2, r1, lsl r1",1
invalid,1
"mcreq p1, 1, r0, c5, c1, 0",1
invalid,1
"tsteq r1, fp, lsl lr",1
"sadd16eq r0, r0, r2",1
"strhs r0, [r2], -0",1
"vmlalo.f64 d0, d11, d0",1
"andeq r0, lr, fp, lsl 6",1
"eoreq r0, r4, r0, lsl 6",1
bleq 0xfb5ed0,1
"andeq r0, r0, r3, lsl 16",1
"movweq r1, 0x604",1
bllo 0x301ae8,1
"andseq r4, r3, fp, lsl 18",1
"tsteq r3, r0, lsl 10",1
bleq 0x2f6ac8,1
"ldreq r0, [fp, -0xb3a]!",1
"andeq r1, r0, r1, lsl 6",1
"movweq r0, 0xd06",1
bllo 0x301aec,1
"ldmdalo r3, {r0, r2, r8, fp, lr}",1
"streq r0, [r0, -sl]",1
"cdpeq p0, 0, c0, c3, c13, 0",1
"ldreq r0, [fp, -0xb3a]!",1
beq 0xe38004,1
"strne r0, [r8, -r0]",1
blo 0x2f5eec,1
invalid,1
"stmdbeq r0, {r0, r1, r4}",1
"stmdaeq r3, {r0, r2, r3}",1
"ldreq r0, [fp, -0xb3a]!",1
"andeq r1, r0, sb, asr 6",1
"movweq r1, 0x60a",1
bllo 0x301b3c,1
"andseq r4, r3, r5, lsl 18",1
invalid,1
bleq 0xeb6b1c,1
"stceq p5, c0, [r7], -0xec",1
bleq 0x83803c,1
"andeq r1, r0, r1, lsl 6",1
"movweq r0, 0x50c",1
bllo 0x301b44,1
"andseq r4, r3, r5, lsl 18",1
"eorseq r0, r4, r0, lsl 26",1
bleq 0xeb533c,1
"movtne r0, 0x953b",1
bleq 0x3b3338,1
"andseq r0, r3, r1, lsl 2",1
"eorseq r0, r4, r0, lsl 30",1
bleq 0xeb6b50,1
"movtne r0, 0x953b",1
bleq 0x43334c,1
invalid,1
bleq 0x2f3390,1
"andeq r1, r0, sb, asr 6",1
"stmdbmi r0, {r1, r4, sb, sl, sp}",1
"movwne r0, 0x13",1
"ldceq p1, c0, [pc], -0xb8",1
bleq 0xeb6b74,1
"stceq p5, c0, [r7], -0xec",1
"tsteq r1, sb, asr 6",1
invalid,1
"muleq ip, r6, r2",1
"andeq r1, r5, r0, lsl 8",1
bleq 0xeb538c,1
"movtne r0, 0x953b",1
"andeq r0, r0, r2, lsl 12",1
invalid,1
"strpl r5, [r1, -0x213]",1
"stmdbpl fp, {r1, r2, fp, ip, lr}",1
"strne r0, [r0], -r5",1
"teqne r1, 5",1
"andeq r0, r0, ip, lsl fp",1
invalid,1
"andeq r0, r6, r3, lsl r2",1
"mrseq r1, apsr",1
"andeq r0, r0, r5, asr r6",1
invalid,1
bne 0x33404,1
"teqne r1, 0x34",1
"andeq r0, r0, r2, lsl 12",1
invalid,1
invalid,1
invalid,1
"ldrbeq r0, [r5], -fp, lsl 2",1
"andeq r1, r0, r1, lsl 6",1
invalid,1
"andeq r1, r1, r1, lsl 4",1
"mrsne r0, apsr",1
"movwne r2, 0xe501",1
blne 0x3b4014,1
"andne r1, r1, 0x80000003",1
"andeq r1, r6, r1",1
"eoreq r0, r4, r0, lsl 4",1
bleq 0xfb6024,1
"andeq r0, r0, r3, lsl 16",1
"movweq r1, 0x603",1
bllo 0x301c3c,1
"andseq r4, r3, fp, lsl 18",1
"eoreq r0, r4, r0, lsl 8",1
bleq 0xfb603c,1
"andeq r0, r0, r3, lsl 28",1
svclo 0x12e05,1
blo 0x3b404c,1
"strhs r3, [fp, -fp, lsl 22]",1
"andne r1, r1, 12, 2",1
"strls r4, [r6, -r1]",1
"movwne r0, 0x1c42",1
"streq r0, [r6, -0]",1
blo 0x3b4034,1
"stmdbmi fp, {r0, r1, r3, r8, sb, fp, ip, sp}",1
"andeq r0, r6, r3, lsl r2",1
"eorseq r0, r4, r0, lsl 14",1
bleq 0xeb6c50,1
"movtne r0, 0x9b3b",1
bleq 0x23344c,1
invalid,1
"stmdbeq r0, {r0, r1, r4}",1
"stmdaeq r3, {r2, r4, r5}",1
bleq 0xef6144,1
"streq r1, [r2], -sb, asr 6",1
invalid,1
"smlabbne r1, r2, r1, r0",1
bleq 0x33470,1
"andeq r8, r1, sl, lsl 5",1
"addsmi r0, r1, 0x2000",1
invalid,1
"andeq r8, r1, sb, lsl 5",1
"teqne r1, 0x40000004",1
svceq 0xd0000,1
"stmdbmi fp, {r8, sb, fp}",1
"mcreq p0, 0, r0, c0, c3, 0",1
"movtne r0, 0x9026",1
"cdphs p0, 0, c0, c15, c0, 0",1
"movweq r3, 0xcf00",1
bllo 0x301cd4,1
invalid,1
"andmi r1, r1, r1, lsl 4",1
"mcrreq p7, 0, sb, r2, c10",1
"tsteq r0, r0",1
"tsteq r3, r1, lsl 18",1
invalid,1
"andeq r0, r0, r1, lsr 32",1
"smladhs r1, r2, r5, r1",1
"andseq r0, r3, ip, lsl 2",1
"andeq r1, r5, r0, lsl 6",1
"andeq r1, r0, sb, asr 6",1
"movweq r3, 0x414",1
bllo 0x301d08,1
svclo 0x13490b,1
"andeq r3, ip, ip, lsl 24",1
"eoreq r1, lr, r0, lsl 10",1
"mcreq p12, 0, r0, c3, c15, 1",1
bleq 0xef61cc,1
"ldceq p12, c0, [ip], -0x9c",1
invalid,1
"mcreq p1, 1, r0, c5, c1, 0",1
invalid,1
"tsteq r1, fp, lsl lr",1
"sadd16eq r0, r0, r2",1
"strhs r0, [r2], -0",1
"vmlalo.f64 d0, d11, d0",1
"andeq r0, r8, fp, lsl 6",1
"eoreq r0, r4, r0, lsl 6",1
bleq 0xfb613c,1
"andeq r0, r0, r3, lsl 28",1
bleq 0x37128,1
"streq r0, [r0, -0xb]",1
"stceq p0, c0, [r7], -0x54",1
svceq 0x60000,1
"stmdbmi fp, {r8, sb, fp}",1
"smladeq r0, r3, r0, r0",1
"ldceq p1, c0, [pc], -0xb8",1
bleq 0xeb6d40,1
invalid,1
"tsteq r1, sb, asr 6",1
beq 0x1033988,1
"swpeq r4, r7, [ip]",1
"stmdaeq r0, {r0, r1, r4}",1
"cdpeq p0, 0, c0, c3, c5, 0",1
bleq 0xef6238,1
"streq r1, [r2], -sb, asr 6",1
invalid,1
"smlabbne r1, r2, r1, r0",1
"mcrreq p5, 0, sb, r2, c1",1
"andeq r1, r0, r1, lsr r3",1
"orreq r8, r2, sl, lsl 20",1
"mrsls r0, r10_fiq",1
"andeq r0, r0, r2, asr 20",1
"movweq r3, 0x40b",1
bllo 0x301db0,1
svclo 0x13490b,1
"andeq r3, ip, ip, lsl 24",1
invalid,1
"mcreq p12, 0, r0, c3, c15, 1",1
bleq 0xef6274,1
"movtne r0, 0x9c27",1
"movwne r0, 0x1c3c",1
"streq r0, [sp, -0]",1
"andseq r4, r3, r0, lsl 18",1
"tsteq r5, r0, lsl 28",1
"andeq r0, r0, r7, lsr 24",1
"andseq r0, r1, r0, lsl 2",1
"uadd16eq r0, r5, r0",1
"ldmdaeq fp, {r0, r1, fp}",1
"ldreq r0, [r3, -0x825]",1
blpl 0x335b8,1
"andeq r0, r0, 0",1
"andeq r3, r0, r0, lsl 6",1
blx 0x73dc6,1
invalid,1
"andeq r0, r1, r1, lsl 2",1
"andeq r0, r1, r0",1
"cdphs p1, 2, c0, c14, c0, 0",1
"rsbvc r7, pc, 0x2f",1
invalid,1
"strbvs r7, [r4, -0x379]!",1
invalid,1
"andeq r6, r0, r2, ror sp",1
"rsbvc r7, r1, 0x73000000",1
"subseq r2, r3, r4, ror lr",1
"andeq r0, r0, r1",1
"andeq r0, r2, r0, lsl 10",1
"movweq r0, 0x95",1
svchs 0x100ce,1
"teqlo r1, r1, lsr pc",1
invalid,1
"eorslo r2, r2, 49, 30",1
"strtlo r7, [lr], -0x103",1
"andeq r0, r2, pc, lsr 4",1
"eoreq r0, r3, r1, lsl 2",1
"andeq r0, r2, r0",1
"andeq r0, r0, sp, lsl r0",1
"cdpeq p1, 0xf, c0, c11, c2, 0",1
"mrseq r0, apsr",1
"andeq r0, r0, r1, lsl 2",1
"andeq r0, r0, r0, lsl 2",1
"cdpvs p0, 6, c0, c9, c1, 0",1
invalid,1
"andeq r0, r0, r0",1
"andeq r6, r0, r0, lsl 28",1
"andlo r0, r0, 0, 4",1
"andeq r0, r0, 0",1
"vstreq d15, [lr, -4]",1
"mrseq r0, apsr",1
"andeq r0, r0, r1",1
invalid,1
"eorvc r2, pc, lr, lsr 28",1
"cmnvc r4, 0xf0000006",1
"cmnvc sb, 0xbc000000",1
"cmnvc r0, 100, 10           ; 0x64",1
"ldclvs p1, c6, [r2, -0xbc]!",1
"rsbvc r0, r3, 0",1
invalid,1
"andeq r0, r0, r0, lsl 2",1
"andeq r0, r5, 0",1
"andeq sb, r0, ip, lsr r5",1
svchs 0x13d03,1
svchs 0x2f2f30,1
"andeq r0, r6, pc, lsr 4",1
"streq r0, [r0, -0x101]",1
"addseq r5, r1, r2, lsl 24",1
"sbcseq r0, r0, r0, lsl 6",1
"andeq r3, r2, 1",1
"andeq r0, r1, r0, lsl 2",1
"ldrlt r0, [r8], 0x205",1
invalid,1
"andeq r0, r2, 0, 2",1
"strmi r0, [r1], -r0, lsl 2",1
"andeq r0, r0, 4",1
"andeq lr, r1, r0, lsl 16",1
blx 0x73ebe,1
invalid,1
"andeq r0, r1, r1, lsl 2",1
"andeq r0, r1, r0",1
"rsbsvc r0, r3, 0, 2",1
"strvc r0, [0x0003366d]!",1
"stmdbvs pc!, {r0, r1, r4, r5, r6, sb, ip, sp, lr}",1
"strbvc r6, [ip, -0x36e]!",1
"eorvs r6, pc, 100, 10",1
"rsbseq r7, r3, sb, ror 8",1
"rsbsvc r7, r3, 0xbc00000",1
"rsbvs r6, sb, 0x2f00",1
invalid,1
"ldclvs p1, c6, [r2, -0xbc]!",1
blvs 0x1c0f7a8,1
"stmdbvs ip!, {r0, r3, r4, r5, r6, r8, sl, fp, sp} ^",1
"ldclhs p5, c7, [r8, -0x1b8]!",1
"ldrbvs r6, [r5, -0xe67]!",1
svchs 0x696261,1
"mrchs p14, 1, r2, c7, c4, 1",1
"mcrvs p15, 3, r2, c9, c2, 1",1
"ldrbtvs r6, [r5], -0xc63",1
"strvc r0, [0x000336af]!",1
"stmdbvs pc!, {r0, r1, r4, r5, r6, sb, ip, sp, lr}",1
"strbvc r6, [ip, -0x36e]!",1
"cdphs p5, 0, c6, c0, c4, 3",1
"rsbvs r6, sb, 0x2f00",1
"stclvs p0, c0, [lr], -0",1
invalid,1
"ldrbtvc r0, [r3], -0",1
"rsblo r6, pc, 100, 18",1
"andeq r6, r0, 0x2e0000",1
"ldrbtvc r0, [r3], -0",1
"cdphs p9, 6, c6, c15, c4, 3",1
"andeq r0, r2, r8, rrx",1
"cmnvc sb, 0, 6",1
"mcrhs p5, 3, r6, c13, c4, 3",1
"andeq r0, r1, r8, rrx",1
"rsbsvc r7, r4, 0, 6",1
invalid,1
"andeq r6, r0, 0x2e0000",1
"ldrbtvc r0, [r3], -0",1
"strbtvs r6, [r5], -r4, ror 8",1
"movweq r6, 0x82e",1
invalid,1
"mrchs p5, 3, r6, c3, c0, 3",1
"andeq r0, r2, r8, rrx",1
"ldrbtvs r7, [r4], -0x300",1
"stmdavs lr!, {r0, r3, r5, r6, r8, sb, sl, fp, sp, lr}",1
"andeq r0, r0, r0, lsl 8",1
"stmdbvs r2!, {r2, r3, r5, r6, r8, fp, sp, lr} ^",1
"rsbeq r2, r8, pc, ror 28",1
"strvc r0, [r0], -4",1
"cdphs p13, 6, c6, c5, c9, 3",1
"andeq r0, r4, r8, rrx",1
"strbtvc r6, [r5], -0x700",1
"cdphs p0, 7, c7, c4, c15, 3",1
"andeq r0, r4, r8, rrx",1
"ldrbtvs r7, [r4], -0x300",1
"cdphs p14, 7, c6, c4, c9, 3",1
"andeq r0, r4, r8, rrx",1
"strbvs r7, [r5, -r0, lsl 4]!",1
"stmdavs lr!, {r0, r2, r5, r6, fp, ip, sp, lr}",1
"andeq r0, r0, r0, lsl 10",1
"strbtvc r6, [r4], -r6, ror 2",1
"cdphs p3, 6, c7, c5, c9, 3",1
"andeq r0, r5, r8, rrx",1
"cdpvs p12, 6, c6, c9, c0, 0",1
"ldrbtvs r6, [r5], -r5, ror 4",1
"cdphs p5, 7, c6, c2, c6, 3",1
"andeq r0, r5, r8, rrx",1
"ldrbtvc r7, [r3], -0x800",1
"stclvs p4, c7, [pc], -0x1c8",1
"streq r6, [r0, -0x82e]",1
"ldrbvs r0, [r6, -0]!",1
svcvs 0x697372,1
"rsbeq r2, r8, lr, ror 28",1
"strvs r0, [r0, -1]",1
"uhsub16vs r6, r4, r8",1
"cdphs p9, 6, c6, c12, c1, 3",1
"andeq r0, r5, r8, rrx",1
svcvs 0x727000,1
"stclvs p14, c6, [r1, -0x19c]!",1
"rsbeq r2, r8, r5, ror 28",1
"movwvc r0, 5",1
"mcrvs p2, 3, r7, c9, c4, 3",1
"rsbeq r2, r8, r7, ror 28",1
invalid,1
"cdpvs p2, 6, c6, c9, c9, 3",1
"stmdavs lr!, {r2, r4, r5, r6, sl, fp, sp, lr}",1
"andeq r0, r0, r0, lsl 8",1
svcvs 0x727265,1
"rsbeq r2, r8, r2, ror lr",1
"movwvc r0, 5",1
svcvs 0x696474,1
"streq r6, [r0, -0x82e]",1
svcvs 0x6c0000,1
"strbvs r6, [ip, -0x163]!",1
"streq r6, [r0], -0x82e",1
invalid,1
"stclvs p14, c6, [r1, -0x1c8]!",1
"rsbeq r2, r8, r5, ror 28",1
"movwvc r0, 5",1
"stmdbvs ip!, {r2, r4, r5, r6, sl, sp, lr} ^",1
"rsbeq r2, r8, r2, ror 28",1
invalid,1
"ldrbvs r6, [r4, -0xf75]!",1
"streq r6, [r0, -0x82e]",1
"eorsvs r0, ip, 0",1
"strbtvc r6, [ip], -0x975",1
"cdplo p9, 6, c6, c14, c13, 1",1
"andeq r0, r0, r0",1
"cmnvc r2, 0x1d800000",1
"stclhs p15, c6, [lr, -0x1a4]!",1
"cdphs p4, 6, c7, c3, c5, 3",1
"andeq r0, r5, r8, rrx",1
"stclvs p8, c7, [r1], -0",1
"cdphs p15, 6, c6, c3, c12, 3",1
"andeq r0, r5, r8, rrx",1
"rsbsvc r6, r2, 0, 10",1
"stmdavs lr!, {r1, r2, r3, r5, r6, r8, sb, sl, fp, sp, lr}",1
"andeq r0, r0, r0, lsl 4",1
"andeq r0, r5, 0",1
"andeq sb, r0, r4, lsr r6",1
"mrseq lr, apsr",1
"ldrne r0, [r6, -lr, asr 4]!",1
"strtlo r7, [lr], -r3, lsl 18",1
svchs 0x4b8330,1
"strble r2, [r8, -pc, lsr 30]!",1
"rsbhi r0, sp, 0x2c000001",1
"movteq r1, 0xa603",1
bne 0x106270,1
"andeq sl, r4, 0x2e000000",1
bmi 0x1fe9cdc,1
invalid,1
svcls 0x3c0801,1
"movteq pc, 0xb367",1
"ldmibvs lr, {r3, r7, r8}",1
"movweq r0, 0x4200",1
"stmdavs r6, {r1, r2, sb, sl, sp, lr}",1
invalid,1
"strpl r4, [r3, -0xebb]",1
bmi 0x18f468c,1
invalid,1
"stmdaeq ip, {r1, r2, r3, r5, sb, fp, lr} ^",1
"ldrvs r6, [ip, r2, lsr 14]!",1
"strge r6, [r3, -0x7bc]",1
"movweq sp, 0x467f",1
"ldrbtvs ip, [lr], -r3, lsl 18",1
"stmdble r3, {r2, r8}",1
invalid,1
svchs 0x9208a0,1
blmi 0x1394fa0,1
"stmeq r5, {r2, r3, r6, r8, sl, pc}",1
"shsub16hi r0, pc, r8",1
"mrcls p3, 0, r0, c13, c2, 1",1
invalid,1
invalid,1
"cdphs p0, 0, c11, c2, c3, 0",1
"subeq fp, ip, ip, asr 22",1
"streq r0, [r3], -r2, lsl 8",1
"rsbpl r0, r7, r2, lsl 13",1
"eorlo r6, sb, r5, asr 22",1
svcvc 0x8103bb,1
"rsbeq r0, sl, 0x28000001",1
"strbeq r0, [fp], -0x134",1
"cdpvc p3, 0xb, c0, c15, c3, 0",1
"movweq r0, 0x144a",1
"strhhs r0, [r8], -r4",1
"strne r4, [r3], -0xb4b",1
"movweq r4, 0x4b82",1
bmi 0x1fe0d74,1
"stmdale r3, {r2, r8}",1
invalid,1
"andhs r7, r8, r7, ror 27",1
"movweq r0, 0x442f",1
"strbeq r0, [sl], -0x3a4",1
"ldcvc p3, c0, [r2], {2}",1
"movweq r0, 0x14d6",1
"ldrteq r0, [sl], 0xce",1
svcvc 0xb90302,1
"movweq r0, 0x149e",1
"streq r0, [r2], 0xcb",1
"rsceq r0, ip, 4, 6",1
"movweq r0, 0x14d6",1
svclt 0xba7d9b,1
bllt 0xfef234ac,1
"movweq r0, 0x44c0",1
"ldrteq r0, [sl], 0x2e7",1
"stcvc p3, c0, [lr], 8",1
"movweq r0, 0x449e",1
invalid,1
"movweq r0, 0x24dc",1
"andhs r7, r8, r4, lsr 25",1
"and r0, r3, r4, lsl 8",1
"andeq r6, r4, 0x300000",1
"ldmdaeq ip!, {r0, r1, sp, pc} ^",1
"movweq r0, 0x1420",1
invalid,1
invalid,1
"strbvs r8, [fp, -r1, lsl 16]",1
"movteq r4, 0xcc83",1
invalid,1
"sbcseq r0, sp, lr, lsr 6",1
"cdphs p3, 7, c0, c7, c14, 1",1
"movteq r5, 0xaf03",1
bvs 0xff380,1
"cdp2 p1, 0, c3, c2, c10, 2",1
"ldmeq ip!, {r0, r8, sl, ip}",1
"ldmeq ip!, {r1, r2, r4, r5, r6, sb, sl, fp, lr}",1
"ldmeq ip!, {r1, r2, r4, r5, r6, sb, sl, fp, lr}",1
svclo 0x84e76,1
"subeq sb, lr, r8, lsl 4",1
"streq r0, [r1], -r2, lsl 8",1
invalid,1
blmi 0x13d8238,1
"streq r0, [r2], -0x30",1
invalid,1
"andls sl, r8, 0x80000001",1
invalid,1
"andeq r0, r4, 0, 4",1
"andeq r4, r0, 0x6000",1
"stchs p2, c0, [r6, -0x10]",1
"andeq r0, r4, 0, 4",1
"eoreq r0, lr, r3, lsl 18",1
"movweq r0, 0x2402",1
"ldmdaeq r1!, {r0, r1, r2, r4, r5, r6, sb, sl, fp, sp}",1
"streq r0, [r2], -0x92",1
bmi 0x274650,1
"movweq r0, 0x4200",1
"andeq sb, r0, 6, 28",1
"strbteq r0, [r6], -r4, lsl 10",1
"streq r0, [r2], -0x67",1
"andeq r4, r0, 0x400",1
bmi 0x1b4674,1
"streq r0, [r4, -0x200]",1
"streq r0, [r2], -0x66",1
"subeq r0, fp, r5, lsl 12",1
"stmdbmi r5, {r1, sl}",1
"movweq r0, 0x4200",1
"streq r0, [r2], -0x4c",1
"strbeq r0, [sl], -r5, lsl 12",1
"andls r6, r8, 0x12c000",1
blmi 0xc0d7c0,1
"andeq ip, r0, 8, 20",1
"cdpls p1, 0, c0, c3, c4, 0",1
"smlsdx r3, pc, lr, r2",1
blmi 0x835a98,1
"strvs r8, [r3, sp, asr 8]",1
bge 0xf4eb0,1
invalid,1
blt 0x129ab4,1
"streq r6, [r4, -0x72f]",1
"cdphs p6, 7, c10, c12, c3, 0",1
invalid,1
"strteq r8, [pc], -0x203",1
"stcvc p3, c0, [r3], 0x14",1
"movweq r0, 0x1466",1
"stclmi p3, c0, [sl, -0x384]",1
"streq fp, [r4, -0xb67]",1
"cdphs p15, 7, c15, c11, c3, 0",1
"andhi r0, r3, 4, 2",1
"strvs r6, [r4, r4, lsl 12]",1
blhs 0x1a87404,1
"streq r0, [r2], -0x2f",1
"andeq r8, r0, 0x800000",1
"addeq r0, r1, r4, lsl 4",1
"streq r0, [r1], -r2, lsl 8",1
"rsbeq r0, sb, r2, lsl 13",1
"streq r0, [r1], -r2, lsl 8",1
"ldclt p6, c0, [pc], {0x82}",1
invalid,1
"andeq r2, r0, r1, lsl 20",1
"strhs r0, [r0], -0x200",1
"andeq r0, r0, 0",1
"vstreq d15, [lr, -4]",1
"mrseq r0, apsr",1
"andeq r0, r0, r1",1
invalid,1
"rsbeq r7, r3, r3, ror r2",1
"rsbvc r7, r5, 0, 12",1
"mcrvs p9, 3, r6, c15, c3, 3",1
invalid,1
svchs 0,1
"andeq r0, r0, 1",1
"andeq r0, r1, r0",1
blx 0x74336,1
invalid,1
"andeq r0, r1, r1, lsl 2",1
"andeq r0, r1, r0",1
"stmdbvs ip!, {r8} ^",1
"strvc r0, [0x00033ae6]!",1
"stcvs p2, c7, [pc], -0x1cc",1
"strvs r6, [pc, -sb, ror 4]!",1
invalid,1
"eorvc r6, sp, r2, ror sp",1
invalid,1
"strbvc r6, [lr, -0x96c]!",1
"mcrvs p13, 3, r2, c7, c8, 3",1
"rsbvs r6, r1, 0x1d400000",1
"cdphs p15, 3, c2, c4, c9, 3",1
svchs 0x322e37,1
"stclvs p14, c6, [r3], -0x1a4",1
"rsbeq r6, r5, r5, ror r4",1
"rsbsvc r7, r3, 0xbc00000",1
invalid,1
"strbvs r7, [r4, -0x56c]!",1
"strbtvc r6, [sb], -0x22f",1
"strvc r0, [0x00033b19]!",1
"stmdbvs pc!, {r0, r1, r4, r5, r6, sb, ip, sp, lr}",1
"strbvc r6, [ip, -0x36e]!",1
"andeq r6, r0, r4, ror 10",1
invalid,1
"ldrbtvc r6, [r5], -0xf65",1
invalid,1
"ldrbtvc r0, [r3], -0",1
"strbtvs r6, [r5], -r4, ror 8",1
"andeq r6, r0, 0x2e0000",1
invalid,1
"mrchs p5, 3, r6, c3, c0, 3",1
"andeq r0, r3, r8, rrx",1
"ldrbtvs r7, [r4], -0x300",1
"stmdavs lr!, {r0, r3, r5, r6, r8, sb, sl, fp, sp, lr}",1
"andeq r0, r0, r0, lsl 8",1
"stmdbvs r2!, {r2, r3, r5, r6, r8, fp, sp, lr} ^",1
"rsbeq r2, r8, pc, ror 28",1
"strvs r0, [r0, -4]",1
"uhsub16vs r6, r4, r8",1
"cdphs p9, 6, c6, c12, c1, 3",1
"andeq r0, r1, r8, rrx",1
"rsbvs r6, sb, 0, 24",1
"ldclvs p14, c6, [r4], -0x1a4",1
"streq r6, [r0], -0x82e",1
"ldrbvc r0, [r1, -0]!",1
invalid,1
"stmdavs lr!, {r1, r4, r5, r6, r8, sb, sl, sp, lr}",1
"andeq r0, r0, r0, lsl 2",1
svcvs 0x727265,1
"rsbeq r2, r8, r2, ror lr",1
"strvc r0, [r0, -1]",1
"ldrbtvc r6, [r3], -0x96e",1
"rsbeq r2, r8, r4, ror 28",1
"movwvs r0, 4",1
"ldrbvs r6, [r3, -0xf6c]!",1
"rsbsvc r7, r4, 0xb4000000",1
"cdphs p1, 6, c6, c13, c5, 3",1
"andeq r0, r1, r8, rrx",1
"rsbsvc r6, r2, 0, 10",1
"stmdavs lr!, {r1, r2, r3, r5, r6, r8, sb, sl, fp, sp, lr}",1
"andeq r0, r0, r0, lsl 6",1
"andeq r0, r5, 0",1
"ldrdeq sl, fp, [r0], -ip",1
"movwne r2, 0x1903",1
"orrne r2, r2, 0x3000000",1
blmi 0xfe0bac50,1
"streq r0, [r2], -0x9f",1
"streq r0, [r2], r1, lsl 12",1
"stmeq r3, {r2, r7, r8, sb, sl, fp, ip, pc}",1
svcls 0x69d85b,1
"andseq r0, r2, r7, ror 4",1
"adcseq r0, pc, r1, lsl 2",1
"andeq r0, r2, r0",1
"andeq r0, r0, r1, lsl 1",1
"cdpeq p1, 0xf, c0, c11, c2, 0",1
"mrseq r0, apsr",1
"andeq r0, r0, r1, lsl 2",1
"andeq r0, r0, r0, lsl 2",1
"rsbvs r6, sb, 0x100",1
"cmnvc r5, 0, 30",1
"stmdbvs ip!, {r1, r4, r5, r6, r8, sb, sl, fp, sp} ^",1
invalid,1
"rsbvc r2, r1, 0x18c",1
svcvs 0x702d6d,1
"stcvs p9, c7, [sp], -0x1ac",1
"ldmdavc r5!, {r0, r3, r5, r6, sb, sl, fp, sp, lr} ^",1
"strbvc r6, [lr, -0x72d]!",1
"stmdbvs r2!, {r0, r2, r5, r6, r8, sp, lr} ^",1
"strlo r3, [lr, -pc, lsr 8]!",1
"stmdbvs pc!, {r1, r2, r3, r5, sb, ip, sp}",1
"strbvc r6, [ip, -0x36e]!",1
svchs 0x6564,1
svchs 0x727375,1
"stclvs p14, c6, [r3], -0x1a4",1
"rsbeq r6, r5, r5, ror r4",1
invalid,1
"stclvs p14, c6, [r1, -0x194]!",1
"strbvs r2, [ip, -r5, ror 26]!",1
invalid,1
"andeq r0, r0, r0, lsl 2",1
"strbtvs r7, [r4], -0x473",1
"stmdavs lr!, {r0, r2, r5, r6, sb, sl, sp, lr}",1
"andeq r0, r0, r0, lsl 4",1
"ldmdbvs r2!, {r0, r1, r4, r5, r6, sl, ip, sp, lr} ^",1
"stmdavs lr!, {r1, r2, r3, r5, r6, r8, sb, sl, sp, lr}",1
"andeq r0, r0, r0, lsl 6",1
"andeq r0, r5, 0",1
"strdeq sl, fp, [r0], -r4",1
"movwlo r1, 0x1e03",1
"strblo r7, [r6, -0xa03]!",1
"streq r0, [r2], -0x49",1
"andhi r6, r6, 0x4000",1
"ldrmi r3, [r2, -0x106]!",1
"ldcmi p13, c2, [r0, -0xbc]!",1
invalid,1
"cdpmi p2, 5, c8, c2, c12, 0",1
"andeq r3, r0, 0x44000003",1
"andhi r0, r6, 4, 4",1
"strvs r0, [ip], -r6, lsl 6",1
invalid,1
"andeq r2, r0, r1, lsl 22",1
"strhs r0, [r0, -0x200]",1
"andeq r0, r0, 0",1
"vstreq d15, [lr, -4]",1
"mrseq r0, apsr",1
"andeq r0, r0, r1",1
invalid,1
"rsbeq r6, r2, ip, ror 18",1
"ldmdbvs r8!, {r8, sl, sp, lr} ^",1
"stmdbvs r1!, {r2, r4, r5, r6, sb, sl, sp, lr} ^",1
"rsbeq r2, r3, ip, ror 28",1
"andeq r0, r0, r1",1
"ldrdeq r0, r1, [r0], -r5",1
"adcseq r0, sl, r2",1
invalid,1
"strdeq r0, r1, [sp], -fp",1
"mrseq r0, apsr",1
invalid,1
invalid,1
svchs 0x6269,1
svchs 0x727375,1
svchs 0x62696c,1
svchs 0x636367,1
"stclhs p2, c7, [sp, -0x184]!",1
"stmdbvc fp!, {r4, r5, r6, r8, sb, sl, fp, sp, lr} ^",1
"cdpvs p12, 6, c6, c9, c13, 1",1
invalid,1
invalid,1
"strtlo r6, [pc], -0x962",1
"eorlo r3, lr, 0xb80000",1
invalid,1
"strbvs r7, [r4, -0x56c]!",1
"cmnvc r5, 0, 30",1
"mcrvs p15, 3, r2, c9, c2, 3",1
"ldrbtvs r6, [r5], -0xc63",1
"stmdbvs r2!, {r0, r2, r5, r6, r8, sb, sl, fp, sp} ^",1
svchs 0x7374,1
svchs 0x727375,1
"stclvs p14, c6, [r3], -0x1a4",1
"rsbeq r6, r5, r5, ror r4",1
"strbtvs r6, [r1], -0x600",1
"ldrbvs r6, [r3, -0x976]!",1
invalid,1
"ldrbtvc r0, [r3], -0",1
"strbtvs r6, [r5], -r4, ror 8",1
"andeq r6, r0, 0x2e0000",1
invalid,1
"mrchs p5, 3, r6, c3, c0, 3",1
"andeq r0, r3, r8, rrx",1
"ldrbtvs r7, [r4], -0x300",1
"stmdavs lr!, {r0, r3, r5, r6, r8, sb, sl, fp, sp, lr}",1
"andeq r0, r0, r0, lsl 8",1
"stmdbvs r2!, {r2, r3, r5, r6, r8, fp, sp, lr} ^",1
"rsbeq r2, r8, pc, ror 28",1
"strvs r0, [r0], -r4",1
"ldmdbvs r6!, {r0, r5, r6, sl, sp, lr} ^",1
"stmdavs lr!, {r0, r1, r4, r5, r6, r8, sl, sp, lr}",1
"andeq r0, r0, r0, lsl 2",1
"strbtvc r6, [lr], -0x366",1
"rsbeq r2, r8, ip, ror 28",1
"andeq r0, r0, r4",1
"strlt r0, [r2], -0x500",1
"movweq r0, 0xa8",1
"mcrrlt p1, 1, r0, ip, c9",1
bllt 0x130db58,1
invalid,1
"andeq r3, r1, r1, lsl 30",1
"str r0, [r0, -0x200]",1
"andeq r0, r0, 0",1
"vstreq d15, [lr, -4]",1
"mrseq r0, apsr",1
"andeq r0, r0, r1",1
invalid,1
"rsbeq r6, r2, ip, ror 18",1
"rsbsvc r7, r3, 0xbc00000",1
invalid,1
"strbvs r7, [r4, -0x56c]!",1
"strbtvc r6, [sb], -0x22f",1
"strvc r0, [0x00033de5]!",1
"stcvs p2, c7, [pc], -0x1cc",1
"strvs r6, [pc, -sb, ror 4]!",1
invalid,1
"eorvc r6, sp, r2, ror sp",1
invalid,1
"strbvc r6, [lr, -0x96c]!",1
"mcrvs p13, 3, r2, c7, c8, 3",1
"rsbvs r6, r1, 0x1d400000",1
"cdphs p15, 3, c2, c4, c9, 3",1
svchs 0x322e37,1
"stclvs p14, c6, [r3], -0x1a4",1
"rsbeq r6, r5, r5, ror r4",1
"rsbsvc r7, r3, 0xbc00000",1
invalid,1
"strbvs r7, [r4, -0x56c]!",1
invalid,1
"strbvc r6, [r2, -0x56e]!",1
"rsbvc r6, r5, 0x6600000",1
invalid,1
"ldrbtvc r0, [r3], -0",1
invalid,1
"rsbeq r2, r8, r3, lsr lr",1
"movwvc r0, 2",1
svcvs 0x696474,1
"andeq r6, r0, 0x2e0000",1
"ldrbtvc r0, [r3], -0",1
"strbtvs r6, [r5], -r4, ror 8",1
"movweq r6, 0x82e",1
invalid,1
"mrchs p5, 3, r6, c3, c0, 3",1
"andeq r0, r2, r8, rrx",1
"ldrbtvs r7, [r4], -0x300",1
"stmdavs lr!, {r0, r3, r5, r6, r8, sb, sl, fp, sp, lr}",1
"andeq r0, r0, r0, lsl 8",1
"stmdbvs r2!, {r2, r3, r5, r6, r8, fp, sp, lr} ^",1
"rsbeq r2, r8, pc, ror 28",1
invalid,1
"rsbvs r6, r5, 0x690",1
"strbvs r6, [r6, -0x675]!",1
"rsbeq r2, r8, r2, ror lr",1
"stmdavc r0, {r0}",1
svcvs 0x6c6c61,1
"rsbeq r2, r8, r3, ror 28",1
"movwvc r0, 1",1
"stmdbvs ip!, {r2, r4, r5, r6, sl, sp, lr} ^",1
"rsbeq r2, r8, r2, ror 28",1
"andeq r0, r0, r4",1
"andne r0, r2, r0, lsl 10",1
"movweq r0, 0xa9",1
"andeq r0, r4, 0x40000009",1
"streq r2, [r1], -0xe03",1
"stmdaeq sb!, {r0, r8, sb} ^",1
"ldrteq r8, [r0], -0x4e4",1
bmi 0xfb4b3c,1
"strmi r0, [r3], -0x104",1
"strvs r0, [r3], -0x42e",1
"strmi r0, [r8], -0x104",1
"movweq r0, 0x344c",1
invalid,1
"stcmi p5, c4, [lr], -0xc",1
svchs 0x4c3068,1
"stcmi p15, c2, [pc], -0x20c",1
"movteq r4, 0xbc30",1
"cmpeq r2, 0x660",1
"stcmi p6, c6, [r3, -0x4c]",1
"movteq r2, 0xbf4a",1
"eoreq r2, pc, 0x370",1
"mrseq r0, apsr",1
"andeq r0, r0, r2, lsl 2",1
"sbcseq r0, r4, r2",1
invalid,1
"strdeq r0, r1, [sp], -fp",1
"mrseq r0, apsr",1
invalid,1
invalid,1
svchs 0x6269,1
svchs 0x727375,1
svchs 0x62696c,1
svchs 0x636367,1
"stclhs p2, c7, [sp, -0x184]!",1
"stmdbvc fp!, {r4, r5, r6, r8, sb, sl, fp, sp, lr} ^",1
"cdpvs p12, 6, c6, c9, c13, 1",1
invalid,1
invalid,1
"strtlo r6, [pc], -0x962",1
"eorlo r3, lr, 0xb80000",1
invalid,1
"strbvs r7, [r4, -0x56c]!",1
"cmnvc r5, 0, 30",1
"mcrvs p15, 3, r2, c9, c2, 3",1
"ldrbtvs r6, [r5], -0xc63",1
"stmdbvs r2!, {r0, r2, r5, r6, r8, sb, sl, fp, sp} ^",1
svchs 0x7374,1
svchs 0x727375,1
"stclvs p14, c6, [r3], -0x1a4",1
"rsbeq r6, r5, r5, ror r4",1
svcvs 0x727000,1
"stclvs p14, c6, [r1, -0x19c]!",1
"rsbeq r2, r3, r5, ror 28",1
"movwvc r0, 1",1
"strbvs r6, [r4, -0x474]!",1
"rsbeq r2, r8, r6, ror 28",1
"strvc r0, [r0], -2",1
invalid,1
"movweq r6, 0x82e",1
invalid,1
"cdphs p9, 6, c6, c15, c2, 3",1
"andeq r0, r4, r8, rrx",1
"rsbsvc r6, r2, 0, 10",1
"stmdavs lr!, {r1, r2, r3, r5, r6, r8, sb, sl, fp, sp, lr}",1
"andeq r0, r0, r0, lsl 8",1
"stmdbvs r4!, {r0, r1, r4, r5, r6, sl, ip, sp, lr} ^",1
"rsbeq r2, r8, pc, ror 28",1
invalid,1
"stclvs p5, c7, [sb], -0x188",1
"mcrvs p13, 3, r2, c9, c4, 3",1
"andeq r0, r0, lr, lsr r0",1
"ldrbtvs r7, [r4], -0x300",1
"cdphs p9, 6, c6, c2, c12, 3",1
"andeq r0, r4, r8, rrx",1
"rsbsvc r7, r4, 0, 6",1
"cdphs p14, 6, c6, c7, c9, 3",1
"andeq r0, r4, r8, rrx",1
"streq r0, [r0, -0]",1
"adceq r5, sl, r2",1
invalid,1
"fstmdbxmi lr!, {d0}",1
invalid,1
"mrseq r0, r12_usr",1
"stclt p6, c6, [r6, -0x18]",1
"stmdbvc r3, {r5, r7, sb, ip, sp}",1
"cdphs p3, 1, c0, c5, c10, 2",1
"andseq r0, r4, r0, asr r2",1
"strbeq r0, [r2], 0x101",1
"andeq r0, r2, r0",1
"andeq r0, r0, sb, asr 2",1
"cdpeq p1, 0xf, c0, c11, c2, 0",1
"mrseq r0, apsr",1
"andeq r0, r0, r1, lsl 2",1
"andeq r0, r0, r0, lsl 2",1
"rsbvs r6, sb, 0x100",1
"cmnvc r5, 0, 30",1
"mcrvs p15, 3, r2, c9, c2, 3",1
"ldrbtvs r6, [r5], -0xc63",1
"stmdbvs r2!, {r0, r2, r5, r6, r8, sb, sl, fp, sp} ^",1
svchs 0x7374,1
svchs 0x727375,1
svchs 0x62696c,1
svchs 0x636367,1
"stclhs p2, c7, [sp, -0x184]!",1
"stmdbvc fp!, {r4, r5, r6, r8, sb, sl, fp, sp, lr} ^",1
"cdpvs p12, 6, c6, c9, c13, 1",1
invalid,1
invalid,1
"strtlo r6, [pc], -0x962",1
"eorlo r3, lr, 0xb80000",1
invalid,1
"strbvs r7, [r4, -0x56c]!",1
"cmnvc r5, 0, 30",1
"mcrvs p15, 3, r2, c9, c2, 3",1
"ldrbtvs r6, [r5], -0xc63",1
invalid,1
"ldrbvs r6, [r4, -0xf75]!",1
"cdphs p2, 6, c7, c7, c1, 3",1
"andeq r0, r1, r3, rrx",1
invalid,1
invalid,1
invalid,1
invalid,1
"ldrbtvc r0, [r3], -0",1
invalid,1
"rsbeq r2, r8, r3, lsr lr",1
"stmdavc r0, {r1}",1
svcvs 0x6c6c61,1
"rsbeq r2, r8, r3, ror 28",1
"movwvc r0, 1",1
"strbvs r6, [r4, -0x474]!",1
"rsbeq r2, r8, r6, ror 28",1
invalid,1
"ldrbvs r6, [r4, -0xf75]!",1
"cdphs p2, 6, c7, c7, c1, 3",1
"andeq r0, r1, r8, rrx",1
"rsbsvc r7, sb, r0, lsl 8",1
"stmdavs lr!, {r0, r2, r5, r6, r8, sb, ip, sp, lr}",1
"andeq r0, r0, r0, lsl 4",1
"strbvs r6, [sp, -0x974]!",1
"streq r6, [r0], -0x82e",1
invalid,1
"cdphs p9, 6, c6, c15, c2, 3",1
"andeq r0, r4, r8, rrx",1
"stmdavs r3!, {r8, sb, sl, ip, sp, lr} ^",1
"stmdavs lr!, {r0, r5, r6, sb, ip, sp, lr}",1
"andeq r0, r0, r0, lsl 8",1
"stmdbvs r4!, {r0, r1, r4, r5, r6, sl, ip, sp, lr} ^",1
"rsbeq r2, r8, pc, ror 28",1
invalid,1
"cdpvs p2, 6, c6, c9, c9, 3",1
"stmdavs lr!, {r2, r4, r5, r6, sl, fp, sp, lr}",1
"andeq r0, r0, r0, lsl 8",1
"ldmdbvc r4!, {r0, r1, r2, r4, r5, r6, r8, sb, sp, lr} ^",1
"stmdavs lr!, {r4, r5, r6, r8, sl, sp, lr}",1
"andeq r0, r0, r0, lsl 8",1
"ldmdbvs r2!, {r0, r1, r4, r5, r6, sl, ip, sp, lr} ^",1
"stmdavs lr!, {r1, r2, r3, r5, r6, r8, sb, sl, sp, lr}",1
"andeq r0, r0, r0, lsl 8",1
invalid,1
invalid,1
"strbtvc r7, [r5], -0x372",1
invalid,1
"strbtvc r0, [r3], -0",1
"mcrhs p0, 3, r7, c5, c9, 3",1
"andeq r0, r4, r8, rrx",1
"ldrbtvs r7, [r4], -0x300",1
"cdphs p9, 6, c6, c2, c12, 3",1
"andeq r0, r4, r8, rrx",1
"rsbsvc r6, r2, 0, 10",1
"stmdavs lr!, {r1, r2, r3, r5, r6, r8, sb, sl, fp, sp, lr}",1
"andeq r0, r0, r0, lsl 4",1
"andeq r0, r5, 0",1
"andeq sl, r0, r8, lsl 22",1
invalid,1
blmi 0xff27628c,1
"ldrvs r3, [r6, -pc, lsr 32]!",1
bmi 0x57505c,1
bmi 0xf49ec,1
"rsbshi r0, r2, 0xb8000000",1
"cdpvs p2, 8, c7, c2, c3, 0",1
invalid,1
"cmpeq r2, 0x720",1
"andvc r2, r3, 120, 28",1
"stmdavc r3, {r1, r2, r3, r5, sb, ip, lr}",1
"cdphs p3, 7, c0, c2, c14, 1",1
"stc2 p1, c0, [r3, -0x10]",1
"strbeq r8, [fp], -0x200",1
svcvc 0xba0302,1
"stmdavc r3, {r1, r2, r4, r6, r7, sb, sl, fp, sp, lr}",1
"cdphs p3, 7, c0, c2, c14, 1",1
"mrchs p3, 3, r0, c8, c2, 2",1
"eorpl r7, lr, 0x30000000",1
invalid,1
"cmpeq r2, 0x720",1
"andvc r2, r3, 120, 28",1
"stmdavc r3, {r1, r2, r3, r5, sb, ip, lr}",1
"cdphs p3, 7, c0, c2, c14, 1",1
"mrchs p3, 3, r0, c8, c2, 2",1
"strteq r7, [lr], -0x203",1
"orrseq r0, fp, r1, lsl 6",1
"ldrbeq r4, [r8], 0xb82",1
"cdpls p3, 4, c0, c4, c2, 0",1
"stclo p1, c0, [r3, -0x10]",1
"vcgt.s16 q0, q3, q11",1
bleq 0x107148,1
"ldrvs r0, [r7, r2, lsl 17]",1
"mrseq r0, r12_usr",1
"andeq r4, r0, 0x6000",1
"strvs r0, [r6, -r4, lsl 2]",1
"mrseq r0, r12_usr",1
"streq r0, [r2], -0x4c",1
"andeq r2, r0, 1, 26",1
"movteq r0, 0x8104",1
"strne r4, [r3, -pc, lsl 20]",1
"orreq r8, r4, 0x98000001",1
"movteq r7, 0xafbf",1
"eoreq r0, lr, r1, asr 1",1
svchs 0x10402,1
blmi 0x1dba98,1
"stmdbmi r5!, {r0, r2, r5, r6, sb, sp, pc} ^",1
"rsbeq r3, r7, lr, asr 10",1
"streq r0, [r1], -r2, lsl 8",1
"streq r0, [r2], -0x4a",1
"movwlt r0, 0x3601",1
"andeq r6, r0, 0x7f00000",1
svcgt 0x30104,1
"andeq r4, r0, 0, 20",1
"eoreq r0, sp, r4, lsl 2",1
"stmdbmi r1, {r1, sl}",1
"movteq r0, 0xaa03",1
"movteq r2, 0x9e46",1
"vpushhs {s8, s9, s10, s11, s12, s13, s14, s15, s16, s17, s18, s19, s20, s21, s22, s23, s24, s25, s26, s27, s28, s29, s30, s31}",1
bmi 0x69ac4,1
bmi 0x201f6c8,1
invalid,1
"vstrhs s9, [ip, -0x64]",1
"movteq r6, 0xa603",1
"vstrhs s9, [ip, -0x64]",1
bmi 0x1af4ff0,1
bmi 0x67ee0,1
svcvc 0xaf032d,1
svcgt 0x34d4a,1
"pushmi {sb, fp, lr}",1
invalid,1
invalid,1
"andhs r7, r8, r4, ror 27",1
invalid,1
"mrseq r0, r12_usr",1
invalid,1
invalid,1
invalid,1
"strgt r6, [r3, -0x7f2]",1
"addeq r0, r4, 0, 4",1
invalid,1
"strbtge r6, [r8], -0x84a",1
"mrseq r0, r12_usr",1
"andge r6, r6, r6, lsl 12",1
"stclt p2, c12, [r7, 0x27c]",1
"andeq r6, r0, 0x28c0000",1
"strvs r0, [r6], -r4, lsl 2",1
svcpl 0x88306,1
svcls 0x9f9f6a,1
"teqeq r3, 0x264",1
blmi 0x137fb6c,1
"streq r0, [r2], -0x4e",1
"addeq r0, r2, r1, lsl 12",1
"streq r0, [r1], -r2, lsl 8",1
"streq r0, [r2], -0x2b",1
bvc 0x10074c,1
"teqeq r5, 0x1280",1
invalid,1
"addeq r2, sl, r2, lsl lr",1
"streq r0, [r1], -r2, lsl 8",1
"streq r0, [r2], -0x4a",1
"andeq r8, r0, 0x20000000",1
"strbeq r0, [sl], -r4, lsl 6",1
bmi 0x4350a0,1
"stmdavs r8!, {r3, sb, sl, sp} ^",1
"stmdahs r3, {r0, r1, r2, r3, r4, r7, r8, sb, sl, fp, ip, pc}",1
"ldrbeq r6, [r5], 0x9ba",1
"stclvc p3, c0, [r0], {3}",1
"movweq r0, 0x144a",1
blmi 0x19b52a8,1
"ldrbtvs sb, [pc], -r3, lsl 12 ; [0x34384:4]=0xba02b203",1
"ldrbtvs fp, [lr], -r3, lsl 26",1
blt 0xe0b98,1
"ldrdeq r4, r5, [pc], -0xc8",1
"stclt p4, c0, [r1, -8]",1
svcls 0x66606,1
"streq r0, [r2], -0x2d",1
"strbteq r0, [r6], -r2, lsl 12",1
"strvs r0, [fp], -r1, lsl 7",1
"mrseq r0, r12_usr",1
"ldcvc p3, c0, [r4, 0x368]!",1
"sbceq r0, sp, 0x28000001",1
invalid,1
blmi 0x12b73c4,1
blpl 0x1009c8,1
invalid,1
"adceq r0, ip, r3, lsr 16",1
"streq r0, [r1], -r2, lsl 8",1
"cdpmi p6, 0xa, c0, c2, c10, 2",1
"orreq r0, r2, 0xc00",1
"mcrrmi p6, 7, sp, ip, c5",1
"ldmvs fp!, {r0, r1, r2, r5, r6, r8, sb, sl, fp, ip, pc}",1
"ldmdavs r0!, {r2, r3, r6, r8, sb, sl, sp, lr}",1
"ldrvs r4, [r5, -r7, ror 22]!",1
"movteq sb, 0xdc67",1
"orreq r7, r2, 0xce0",1
"stmdavs lr!, {r1, r2, r4, r5, r7, r8}",1
"stmdale r3, {r3, r8, sb, sp}",1
"andeq r8, r0, 0xd0000007",1
"cdphs p1, 0, c0, c6, c4, 0",1
"andeq r0, r4, 0, 4",1
"streq r0, [r2], -0xba",1
"movweq r4, 0x6a03",1
invalid,1
"streq r0, [r2], -0x69",1
"ldrvs pc, [0x00034711]      ; [0x34711:4]=0xfb010200",1
"strhs r2, [r2], -sb, ror 30",1
"ldclvc p3, c0, [sp], 0x60",1
svcmi 0x12402,1
invalid,1
"cdphs p3, 1, c0, c3, c10, 2",1
invalid,1
"movteq r7, 0xafb7",1
"stclhs p0, c0, [sl, -0x33c]",1
bmi 0x2020040,1
"vmlahs.f64 d12, d0, d3",1
"strvs sp, [r0], -r3, lsl 18",1
"strvs pc, [r1], -r3, lsl 14",1
"strle lr, [r0], -r3, lsl 22",1
blmi 0x1355b34,1
blmi 0xc9690c,1
"strbteq r3, [sb], -0x32b",1
bvc 0xfeef5060,1
"movweq r0, 0x1466",1
"addlo r0, r2, 0x31800000",1
"stmdami sb!, {r0, r1, r2, r5, r6, ip, sp} ^",1
blmi 0x1367c84,1
"movweq r0, 0x4467",1
"strbeq r7, [sl], -0xbb0",1
"ldrbeq r0, [r1], 0x301",1
"stmdavs r3, {r1, r2, r5, r6, r8, sb, fp, lr}",1
"ldrtvs ip, [ip], 0x808",1
"ldclmi p14, c1, [r6, 0xc]",1
blt 0x1ee1c8c,1
"adcslo r6, ip, fp, asr 14",1
"stclvs p3, c1, [r7], -0x13c",1
blt 0x2b50d8,1
invalid,1
svchs 0x146e84,1
svcmi 0x302f4b,1
blmi 0x1300158,1
svchs 0x2b2f4c,1
bmi 0x1324b0,1
invalid,1
"eorslo r0, pc, sp, lsr 16",1
svcls 0x661303,1
"stclhs p4, c8, [r8, -0x19c]!",1
"stmdals r3, {r2, sl}",1
"strbeq r0, [r8], 0x87c",1
invalid,1
blmi 0x1df665c,1
"andvs r4, r3, 0x2f00",1
"movteq r4, 0xbb82",1
"stcmi p14, c2, [pc], -0xb8",1
"andeq r0, r4, 0, 4",1
"streq r0, [r2], -0xbb",1
"strthi r4, [r0], 0x902",1
"stmdavs ip, {r0, r1, r2, r3, r5, r8, sb, sl, sp, lr} ^",1
"stmdbgt r3, {r0, r1, r3, r6, fp, sp, lr}",1
"strvs sp, [pc, -r0, lsl 12]!",1
"cdpmi p15, 4, c2, c11, c14, 2",1
"ldrvs r4, [r2, -fp, asr 22]!",1
blmi 0xfe100e90,1
blmi 0xfe808374,1
invalid,1
"addlo r8, r3, 0xc8000000",1
svcls 0x83f3a0,1
"sublo r4, fp, 0x1a800",1
svchs 0x324b2f,1
"cdphs p3, 0, c0, c14, c11, 2",1
svcls 0x83f3bb,1
blmi 0x19d1124,1
bmi 0x3f52bc,1
svcls 0x338383,1
bmi 0x3b5414,1
"strbvs r4, [lr, -pc, lsr 22]",1
blmi 0xc00ec8,1
"subeq r4, fp, 0xc800",1
"mrseq r0, apsr",1
"ldrdeq r0, r1, [r0], -r4",1
"rscseq r0, r6, r2",1
invalid,1
"strdeq r0, r1, [sp], -fp",1
"mrseq r0, apsr",1
invalid,1
invalid,1
svchs 0x6269,1
svchs 0x727375,1
"stclvs p14, c6, [r3], -0x1a4",1
svchs 0x656475,1
"cmnvc r4, 0x188000",1
"cmnvc r5, 0, 30",1
"stmdbvs ip!, {r1, r4, r5, r6, r8, sb, sl, fp, sp} ^",1
invalid,1
"rsbvc r2, r1, 0x18c",1
svcvs 0x702d6d,1
"stcvs p9, c7, [sp], -0x1ac",1
"ldmdavc r5!, {r0, r3, r5, r6, sb, sl, fp, sp, lr} ^",1
"strbvc r6, [lr, -0x72d]!",1
"stmdbvs r2!, {r0, r2, r5, r6, r8, sp, lr} ^",1
"strlo r3, [lr, -pc, lsr 8]!",1
"stmdbvs pc!, {r1, r2, r3, r5, sb, ip, sp}",1
"strbvc r6, [ip, -0x36e]!",1
svchs 0x6564,1
svchs 0x727375,1
"stclvs p14, c6, [r3], -0x1a4",1
"rsbeq r6, r5, r5, ror r4",1
"rsbvc r7, r5, 0, 12",1
"mcrvs p9, 3, r6, c15, c3, 3",1
"cmnvs r4, 0xb400000",1
invalid,1
"ldrbtvc r0, [r3], -0",1
"rsblo r6, pc, 100, 18",1
"andeq r6, r0, 0x2e0000",1
"ldrbtvc r0, [r3], -0",1
"ldrbvs r6, [r2, -r4, ror 2]!",1
"movweq r6, 0x82e",1
"ldrbtvc r0, [r3], -0",1
"strbtvs r6, [r5], -r4, ror 8",1
"movweq r6, 0x82e",1
invalid,1
"mrchs p5, 3, r6, c3, c0, 3",1
"andeq r0, r2, r8, rrx",1
"ldrbtvs r7, [r4], -0x300",1
"stmdavs lr!, {r0, r3, r5, r6, r8, sb, sl, fp, sp, lr}",1
"andeq r0, r0, r0, lsl 8",1
"ldmdbvs r5!, {r2, r3, r4, r5, sb, sp, lr} ^",1
"pushvs {r2, r3, r5, r6, sl, ip, sp, lr}",1
"andeq r3, r0, lr, ror 28",1
invalid,1
"cdphs p9, 6, c6, c15, c2, 3",1
"andeq r0, r4, r8, rrx",1
"rsbvc r7, r5, 0, 12",1
"mcrvs p9, 3, r6, c15, c3, 3",1
"cmnvs r4, 0xb400000",1
invalid,1
invalid,1
"strbtvc r6, [lr], -0x962",1
"rsbeq r2, r8, ip, ror 28",1
"movwvc r0, 4",1
"stmdbvs ip!, {r2, r4, r5, r6, sl, sp, lr} ^",1
"rsbeq r2, r8, r2, ror 28",1
"andeq r0, r0, r4",1
"stmdage r2, {r8, sl}",1
"movweq r0, 0xc1",1
bllt 0x74944,1
"cdpne p2, 0, c0, c3, c4, 0",1
"movweq r0, 0x144a",1
"ldrbteq r0, [r4], -0x873",1
"cdpls p3, 0, c0, c13, c2, 0",1
"strvc r0, [r3, -0x104]",1
blt 0x275540,1
"ldrteq sb, [r1], -0x408",1
invalid,1
"ldreq r0, [lr], 0x903",1
"cdpls p3, 7, c0, c7, c2, 0",1
"stceq p1, c0, [r3, -0x10]",1
"movweq r0, 0x24d6",1
invalid,1
"andhs r1, r8, r3, lsl 8",1
invalid,1
"movweq r0, 0x149e",1
"ldrbeq r0, [r8], -0x81b",1
"cdpls p3, 6, c0, c5, c2, 0",1
"andhs r0, r3, 4, 2",1
"andeq sb, r4, 8",1
"ldreq r5, [lr], 0xe03",1
"stmdaeq sl!, {r0, r8, sb}",1
"movweq r0, 0x24c8",1
"qaddeq sb, r6, r4",1
"andhs r3, r2, 0x30000000",1
"movweq r0, 0x2401",1
invalid,1
"strhs r3, [r2], -r3, lsl 22",1
"movweq r0, 0x2401",1
invalid,1
"andeq ip, r0, 0x300000",1
"andeq r0, r4, 0x8000000a",1
"vaddls.f32 s23, s30, s6",1
invalid,1
invalid,1
"strhs r0, [r2], -0xa03",1
"andeq r6, r0, 0x4000",1
"cdpls p2, 0, c0, c6, c4, 0",1
invalid,1
"stmdahi sl, {r0, r1, sb, fp} ^",1
"mcrrls p3, 9, r6, ip, c15",1
invalid,1
blmi 0x1a86f3c,1
"ldrteq r8, [r3], -0x668",1
"cdpvc p3, 0xf, c0, c3, c2, 0",1
"movweq r0, 0x149e",1
"strbteq r0, [r6], -0x193",1
"cdpvc p3, 0xe, c0, c13, c2, 0",1
"movweq r0, 0x149e",1
"addeq r0, r2, 152, 2",1
invalid,1
"strheq r0, [r0], -r0",1
"adceq r0, sl, r2",1
invalid,1
"strdeq r0, r1, [sp], -fp",1
"mrseq r0, apsr",1
invalid,1
svchs 0x10000,1
svchs 0x727375,1
svchs 0x62696c,1
svchs 0x636367,1
"stclhs p2, c7, [sp, -0x184]!",1
"stmdbvc fp!, {r4, r5, r6, r8, sb, sl, fp, sp, lr} ^",1
"cdpvs p12, 6, c6, c9, c13, 1",1
invalid,1
invalid,1
"strtlo r6, [pc], -0x962",1
"eorlo r3, lr, 0xb80000",1
invalid,1
"strbvs r7, [r4, -0x56c]!",1
"cmnvc r5, 0, 30",1
"mcrvs p15, 3, r2, c9, c2, 3",1
"ldrbtvs r6, [r5], -0xc63",1
"stmdbvs r2!, {r0, r2, r5, r6, r8, sb, sl, fp, sp} ^",1
svchs 0x7374,1
svchs 0x727375,1
"stclvs p14, c6, [r3], -0x1a4",1
"rsbeq r6, r5, r5, ror r4",1
"rsbeq r6, r2, ip, ror 18",1
"ldrbtvs r7, [r4], -0x300",1
"cdphs p5, 6, c6, c6, c4, 3",1
"andeq r0, r1, r8, rrx",1
"rsbsvc r7, sb, r0, lsl 8",1
"stmdavs lr!, {r0, r2, r5, r6, r8, sb, ip, sp, lr}",1
"andeq r0, r0, r0, lsl 4",1
"stmdbvs r2!, {r2, r3, r5, r6, r8, fp, sp, lr} ^",1
"rsbeq r2, r8, pc, ror 28",1
"movwvc r0, 3",1
svcvs 0x696474,1
"movweq r6, 0x82e",1
"ldrbvs r0, [r6, -0]!",1
svcvs 0x697372,1
"strbtvc r2, [r5], -0xd6e",1
invalid,1
"rsbeq r2, r3, r6, ror 28",1
"andeq r0, r0, r4",1
"andeq r0, r0, ip, lsr r1",1
"adcseq r0, r2, r2",1
invalid,1
"strdeq r0, r1, [sp], -fp",1
"mrseq r0, apsr",1
invalid,1
invalid,1
svchs 0x6269,1
svchs 0x727375,1
"stclvs p14, c6, [r3], -0x1a4",1
svchs 0x656475,1
"cmnvc r4, 0x188000",1
"cmnvc r5, 0, 30",1
"mcrvs p15, 3, r2, c9, c2, 3",1
"ldrbtvs r6, [r5], -0xc63",1
"strvc r0, [0x0003479b]!",1
"stcvs p2, c7, [pc], -0x1cc",1
"strvs r6, [pc, -sb, ror 4]!",1
invalid,1
"eorvc r6, sp, r2, ror sp",1
invalid,1
"strbvc r6, [lr, -0x96c]!",1
"mcrvs p13, 3, r2, c7, c8, 3",1
"rsbvs r6, r1, 0x1d400000",1
"cdphs p15, 3, c2, c4, c9, 3",1
svchs 0x322e37,1
"stclvs p14, c6, [r3], -0x1a4",1
"rsbeq r6, r5, r5, ror r4",1
invalid,1
invalid,1
invalid,1
"cmnvs r8, r0",1
invalid,1
invalid,1
"ldrbtvc r0, [r3], -0",1
invalid,1
"rsbeq r2, r8, r3, lsr lr",1
"movwvc r0, 2",1
"stmdbvs ip!, {r2, r4, r5, r6, sl, sp, lr} ^",1
"rsbeq r2, r8, r2, ror 28",1
"movwvc r0, 3",1
"mcrvs p2, 3, r7, c9, c4, 3",1
"rsbeq r2, r8, r7, ror 28",1
"movwvc r0, 3",1
"strbvs r6, [r4, -0x474]!",1
"rsbeq r2, r8, r6, ror 28",1
"andeq r0, r0, r4",1
"andne r0, r2, r0, lsl 10",1
"movweq r0, 0xc7",1
svchs 0x4b0127,1
"andeq r3, r4, 0xd7",1
bmi 0xa009c,1
blhi 0x100550,1
invalid,1
invalid,1
svchs 0x2e4803,1
blmi 0x138080c,1
"andeq r3, r4, 0xd7",1
bmi 0x714b8,1
"subpl r3, ip, 0x67",1
"andhi r0, sb, 0x9c000001",1
"eorlo r4, pc, 132, 16",1
"movwge r6, 0x372f",1
svcls 0x834a7f,1
invalid,1
"strteq r5, [lr], -0x203",1
"rsceq r0, sl, r2, lsl 6",1
bleq 0x100988,1
"strvs r0, [sb], -sl, asr 6",1
"eorlo r4, pc, 76, 16",1
"movweq r0, 0x142f",1
"subpl r7, sl, 252, 28",1
invalid,1
"strblo r0, [sb, -0x104]!",1
beq 0x10e9bc,1
"movweq r6, 0x472e",1
"strbeq r4, [sl], -0x203",1
"ldrtvs r0, [pc], -r1, lsl 6 ; [0x348f8:4]=0x1010002",1
"addeq r4, r3, 52, 22",1
"mrseq r0, apsr",1
"andeq r0, r0, lr, ror r0",1
"rsbeq r0, r6, r2",1
invalid,1
"strdeq r0, r1, [sp], -fp",1
"mrseq r0, apsr",1
invalid,1
invalid,1
svchs 0x6269,1
svchs 0x727375,1
"stclvs p14, c6, [r3], -0x1a4",1
"rsbeq r6, r5, r5, ror r4",1
"stclvs p8, c7, [r1], -0",1
"stclhs p15, c6, [r3, -0x1b0]!",1
"cdphs p9, 6, c6, c5, c4, 3",1
"andeq r0, r1, r3, rrx",1
"ldmdbvs r8!, {r8, sl, sp, lr} ^",1
"stmdbvs r1!, {r2, r4, r5, r6, sb, sl, sp, lr} ^",1
"rsbeq r2, r8, ip, ror 28",1
invalid,1
"cdpvs p2, 6, c6, c9, c9, 3",1
"stmdavs lr!, {r2, r4, r5, r6, sl, fp, sp, lr}",1
"andeq r0, r0, r0, lsl 4",1
svcvs 0x727265,1
"rsbeq r2, r8, r2, ror lr",1
"movwvc r0, 1",1
"stmdbvs ip!, {r2, r4, r5, r6, sl, sp, lr} ^",1
"rsbeq r2, r8, r2, ror 28",1
"andeq r0, r0, r2",1
invalid,1
"movweq r0, 0xc9",1
"stmdaeq pc!, {r5, r8}",1
"andeq r0, r8, lr, asr r2",1
invalid,1
"andeq r0, r2, r0",1
"strdeq r0, r1, [r0], -sb",1
"cdpeq p1, 0xf, c0, c11, c2, 0",1
"mrseq r0, apsr",1
"andeq r0, r0, r1, lsl 2",1
"andeq r0, r0, r0, lsl 2",1
"rsbvs r6, sb, 0x100",1
"cmnvc r5, 0, 30",1
"mcrvs p15, 3, r2, c9, c2, 3",1
"ldrbtvs r6, [r5], -0xc63",1
"strvc r0, [0x0003494b]!",1
"stmdbvs pc!, {r0, r1, r4, r5, r6, sb, ip, sp, lr}",1
"strbvc r6, [ip, -0x36e]!",1
"eorvs r6, pc, 100, 10",1
"rsbseq r7, r3, sb, ror 8",1
"rsbsvc r7, r3, 0xbc00000",1
"rsbvs r6, sb, 0x2f00",1
invalid,1
"ldclvs p1, c6, [r2, -0xbc]!",1
blvs 0x1c10a88,1
"stmdbvs ip!, {r0, r3, r4, r5, r6, r8, sl, fp, sp} ^",1
"ldclhs p5, c7, [r8, -0x1b8]!",1
"ldrbvs r6, [r5, -0xe67]!",1
svchs 0x696261,1
"mrchs p14, 1, r2, c7, c4, 1",1
"mcrvs p15, 3, r2, c9, c2, 1",1
"ldrbtvs r6, [r5], -0xc63",1
"stmdavc r0, {r0, r2, r5, r6}",1
"ldrbtvc r7, [r2], -0x473",1
invalid,1
"andeq r0, r0, r0, lsl 2",1
"ldrbtvc r6, [r4], -0xe69",1
invalid,1
"andeq r6, r0, 0x2e0000",1
invalid,1
"mrchs p5, 3, r6, c3, c0, 3",1
"andeq r0, r3, r8, rrx",1
"ldrbtvs r7, [r4], -0x300",1
"cdphs p14, 7, c6, c4, c9, 3",1
"andeq r0, r2, r8, rrx",1
"ldrbtvc r7, [r3], -0x800",1
"stclvs p4, c7, [pc], -0x1c8",1
invalid,1
"ldrbtvc r0, [r3], -0",1
"strbtvs r6, [r5], -r4, ror 8",1
"streq r6, [r0], -0x82e",1
invalid,1
"cdphs p9, 6, c6, c15, c2, 3",1
"andeq r0, r2, r8, rrx",1
"ldrbtvs r7, [r4], -0x300",1
"stmdavs lr!, {r0, r3, r5, r6, r8, sb, sl, fp, sp, lr}",1
"andeq r0, r0, r0, lsl 4",1
"rsbsvc r7, sb, r3, ror 8",1
"rsbeq r2, r8, r5, ror 28",1
invalid,1
"stclvs p5, c7, [sb], -0x188",1
"mcrvs p13, 3, r2, c9, c4, 3",1
"andeq r0, r0, lr, lsr r0",1
"cmnvc r3, 0, 2",1
"cdphs p2, 7, c7, c4, c5, 3",1
"andeq r0, r2, r8, rrx",1
"rsbsvc r6, r2, 0, 10",1
"stmdavs lr!, {r1, r2, r3, r5, r6, r8, sb, sl, fp, sp, lr}",1
"andeq r0, r0, r0, lsl 6",1
"andeq r0, r5, 0",1
"andeq ip, r0, ip, ror sb",1
"strvs r3, [r1, -r3, lsl 24]",1
invalid,1
svcls 0x4c67f4,1
"strbvs r3, [r8, -0x22f]!",1
"rsblo r8, r5, 48, 2",1
"andeq ip, r0, 0x51",1
bmi 0x1b4eb8,1
invalid,1
"movweq r0, 0x2466",1
"streq r0, [r2], 0x295",1
"stclvc p3, c0, [ip, 4]!",1
"strhlo r3, [sl, -0xa]!",1
"streq r0, [r2], -0x2b",1
"eoreq r0, lr, r1, lsl 12",1
"streq r0, [r1], -r2, lsl 8",1
"streq r0, [r2], -0x4d",1
"andeq r2, r0, 0x400",1
"addeq r0, r5, r4, lsl 2",1
blhs 0x75ae0,1
"strbtvs r0, [r8], -pc, lsr 6",1
"stmdavs sl, {r0, r1, sl, fp, ip} ^",1
"andvs r2, r3, 48, 24",1
"cdphs p3, 2, c0, c6, c10, 2",1
"strhi r4, [r8], 0xe30",1
"stmdbeq r3, {r0, r1, r3, r6, r8, sl, fp, lr}",1
"uqadd8le r0, lr, lr",1
bmi 0x5b57ac,1
"stmdblt lr!, {r0, r1, r8, sb, fp, sp, lr}",1
"stclhs p13, c1, [sl, -0xc]",1
"ldrbne r0, [r4, -0x234]!",1
"strblo r3, [r7, -0x167]!",1
"rsblo r3, r7, 0x70000006",1
invalid,1
invalid,1
invalid,1
"movteq r3, 0xb167",1
"andlo r4, r3, r3, asr sl",1
blmi 0x1a007dc,1
svcvc 0x8e0331,1
"rscseq r0, r4, r6, ror 6",1
"andeq r0, ip, lr, lsr 4",1
"orrseq r0, r3, r1, lsl 2",1
"andeq r0, r2, r0",1
"andeq r0, r0, fp, ror 1",1
"cdpeq p1, 0xf, c0, c11, c2, 0",1
"mrseq r0, apsr",1
"andeq r0, r0, r1, lsl 2",1
"andeq r0, r0, r0, lsl 2",1
"rsbvs r6, sb, 0x100",1
"cmnvc r5, 0, 30",1
"mcrvs p15, 3, r2, c9, c2, 3",1
"ldrbtvs r6, [r5], -0xc63",1
"stmdbvs r2!, {r0, r2, r5, r6, r8, sb, sl, fp, sp} ^",1
svchs 0x7374,1
svchs 0x727375,1
svchs 0x62696c,1
svchs 0x636367,1
"stclhs p2, c7, [sp, -0x184]!",1
"stmdbvc fp!, {r4, r5, r6, r8, sb, sl, fp, sp, lr} ^",1
"cdpvs p12, 6, c6, c9, c13, 1",1
invalid,1
invalid,1
"strtlo r6, [pc], -0x962",1
"eorlo r3, lr, 0xb80000",1
invalid,1
"strbvs r7, [r4, -0x56c]!",1
"cmnvc r5, 0, 30",1
"mcrvs p15, 3, r2, c9, c2, 3",1
"ldrbtvs r6, [r5], -0xc63",1
"stmdavc r0, {r0, r2, r5, r6}",1
"ldrbtvc r7, [r2], -0x473",1
invalid,1
"andeq r0, r0, r0, lsl 2",1
"ldrbvs r7, [r0, -0x974]!",1
"rsbeq r2, r8, r3, ror lr",1
"stmdavc r0, {r1}",1
"ldrbtvc r7, [r2], -0x473",1
"stmdavs lr!, {r0, r1, r2, r3, r5, r6, sl, fp, sp, lr}",1
"andeq r0, r0, r0, lsl 2",1
"strbtvs r7, [r4], -0x473",1
"stmdavs lr!, {r0, r2, r5, r6, sb, sl, sp, lr}",1
"andeq r0, r0, r0, lsl 6",1
"stmdbvs r2!, {r2, r3, r5, r6, r8, fp, sp, lr} ^",1
"rsbeq r2, r8, pc, ror 28",1
"movwvc r0, 4",1
svcvs 0x696474,1
"streq r6, [r0], -0x82e",1
invalid,1
"ldrbtvc r6, [r2], -0x573",1
"streq r6, [r0], -0x82e",1
"ldrbtvc r0, [r3], -0",1
"rsbvs r6, sb, 100, 24",1
"streq r6, [r0], -0x82e",1
"strbtvc r0, [r3], -0",1
"mcrhs p0, 3, r7, c5, c9, 3",1
"andeq r0, r4, r8, rrx",1
"strbvc r3, [r2, -0xc00]!",1
"ldclhs p12, c6, [r4, -0x1a4]!",1
"eorseq r6, lr, sb, ror 28",1
"strvs r0, [r0, -0]",1
svcvs 0x6e7272,1
"andeq r6, r0, 0x2e0000",1
"andeq r0, r0, r0",1
"stclgt p2, c0, [ip, 0x14]",1
invalid,1
blmi 0xfe84e838,1
"sublo r8, fp, ip, asr 8",1
"ldmdavs r2!, {r0, r1, r3, r6, r8, sb, sl, fp, sp}",1
"strvs r3, [r1, 0x65]",1
"sbceq r5, r0, r2, lsr r1",1
"streq r0, [r1], -r2, lsl 8",1
"moveq r0, 0x4a00000",1
"addge r6, r3, ip, lsl 12",1
"eoreq r3, fp, sl, ror 2",1
"streq r0, [r1], -r2, lsl 8",1
"streq r0, [r2], -0x2e",1
"subeq r0, sp, r1, lsl 12",1
blhs 0x75c6c,1
"mrseq r0, r12_usr",1
"streq r0, [r2], -0x85",1
invalid,1
invalid,1
"ldchs p8, c6, [r0], -0x128",1
"movteq r6, 0xa203",1
"ldchs p14, c2, [r0], -0x98",1
blmi 0xfe156d54,1
"cdpls p3, 0, c0, c9, c13, 2",1
"ldclhs p14, c6, [r6, 0xc]",1
"movteq r1, 0xa603",1
invalid,1
"strtlo r4, [sp], -0xa1d",1
"ldrvs r7, [r5, -r2, lsl 8]",1
invalid,1
invalid,1
invalid,1
invalid,1
invalid,1
"movwpl r4, 0x3b31",1
"cdphs p3, 3, c0, c0, c10, 2",1
invalid,1
"ldrbtvs r8, [pc], -r3, lsl 28 ; [0x34cc0:4]=0x1000c02",1
"cdphs p4, 0, c15, c0, c3, 0",1
invalid,1
"andeq r0, r1, r1, lsl 14",1
"stmdale r0, {sb}",1
"andeq r0, r0, 0",1
"vstreq d15, [lr, -4]",1
"mrseq r0, apsr",1
"andeq r0, r0, r1",1
invalid,1
"rsbeq r6, r2, ip, ror 18",1
"rsbsvc r7, r3, 0xbc00000",1
"rsbvs r6, sb, 0x2f00",1
invalid,1
"ldclvs p1, c6, [r2, -0xbc]!",1
blvs 0x1c10db0,1
"stmdbvs ip!, {r0, r3, r4, r5, r6, r8, sl, fp, sp} ^",1
"ldclhs p5, c7, [r8, -0x1b8]!",1
"ldrbvs r6, [r5, -0xe67]!",1
svchs 0x696261,1
"mrchs p14, 1, r2, c7, c4, 1",1
"mcrvs p15, 3, r2, c9, c2, 1",1
"ldrbtvs r6, [r5], -0xc63",1
"strvc r0, [0x00034cb7]!",1
"stmdbvs pc!, {r0, r1, r4, r5, r6, sb, ip, sp, lr}",1
"strbvc r6, [ip, -0x36e]!",1
"eorvs r6, pc, 100, 10",1
"rsbseq r7, r3, sb, ror 8",1
"rsbsvc r7, r3, 0xbc00000",1
invalid,1
"strbvs r7, [r4, -0x56c]!",1
"stcvs p14, c2, [pc], -0",1
"andeq r6, r0, sb, ror 4",1
svcvs 0x6c6366,1
invalid,1
"andeq r0, r0, r0, lsl 2",1
"strbtvs r7, [r4], -0x473",1
"stmdavs lr!, {r0, r2, r5, r6, sb, sl, sp, lr}",1
"andeq r0, r0, r0, lsl 4",1
"ldrbvs r7, [r0, -0x974]!",1
"rsbeq r2, r8, r3, ror lr",1
"movwvc r0, 3",1
svcvs 0x696474,1
"streq r6, [r0], -0x82e",1
invalid,1
"cdphs p9, 6, c6, c15, c2, 3",1
"andeq r0, r4, r8, rrx",1
"ldrbtvs r7, [r4], -0x300",1
"ldrbvs r6, [0x00033e17]     ; [0x33e17:4]=0x4b674ebc",1
"stmdavs lr!, {r3, r4, r5, r6, sl, ip, sp, lr}",1
"andeq r0, r0, r0, lsl 8",1
"stmdbvs r4!, {r0, r1, r4, r5, r6, sl, ip, sp, lr} ^",1
"rsbeq r2, r8, pc, ror 28",1
"strvc r0, [r0, -5]",1
"ldrbtvc r6, [r3], -0x96e",1
"rsbeq r2, r8, r4, ror 28",1
"strvs r0, [r0, -4]",1
svcvs 0x6e7272,1
"movweq r6, 0x82e",1
"andeq r0, r0, r0",1
"bicsle r0, r0, r5, lsl 4",1
invalid,1
blmi 0xc0fdbc,1
"streq r0, [r2], -0x6b",1
"streq r0, [r2], r1, lsl 12",1
"orreq r7, r3, 8, 10",1
"sublo r6, pc, sl, lsl r6",1
bmi 0x1e35a88,1
"subeq r0, sl, 0x300",1
"mrseq r0, apsr",1
"andeq r0, r0, pc, ror 1",1
"sbceq r0, r1, r2",1
invalid,1
"strdeq r0, r1, [sp], -fp",1
"mrseq r0, apsr",1
invalid,1
invalid,1
svchs 0x6269,1
svchs 0x727375,1
svchs 0x62696c,1
svchs 0x636367,1
"stclhs p2, c7, [sp, -0x184]!",1
"stmdbvc fp!, {r4, r5, r6, r8, sb, sl, fp, sp, lr} ^",1
"cdpvs p12, 6, c6, c9, c13, 1",1
invalid,1
invalid,1
"strtlo r6, [pc], -0x962",1
"eorlo r3, lr, 0xb80000",1
invalid,1
"strbvs r7, [r4, -0x56c]!",1
"cmnvc r5, 0, 30",1
"mcrvs p15, 3, r2, c9, c2, 3",1
"ldrbtvs r6, [r5], -0xc63",1
"stmdbvs r2!, {r0, r2, r5, r6, r8, sb, sl, fp, sp} ^",1
svchs 0x7374,1
svchs 0x727375,1
"stclvs p14, c6, [r3], -0x1a4",1
"rsbeq r6, r5, r5, ror r4",1
"stmdbvs ip!, {r1, r2, r3, r5, r8, sb, sl, fp, sp} ^",1
"strvs r0, [r0], -r2, rrx",1
"cmnvc r5, 0x6600",1
"rsbeq r2, r3, r8, ror 28",1
"movwvc r0, 1",1
"strbvs r6, [r4, -0x474]!",1
"rsbeq r2, r8, r6, ror 28",1
"strvc r0, [r0], -2",1
invalid,1
"movweq r6, 0x82e",1
"ldrbtvc r0, [r3], -0",1
"cdphs p9, 6, c6, c15, c4, 3",1
"andeq r0, r4, r8, rrx",1
"rsbvs r6, sb, 0, 24",1
"stmdavs lr!, {r0, r3, r5, r6, r8, sb, sl, fp, sp, lr}",1
"andeq r0, r0, r0, lsl 8",1
"stmdbvs r4!, {r0, r1, r4, r5, r6, sl, ip, sp, lr} ^",1
"rsbeq r2, r8, pc, ror 28",1
"movwvc r0, 5",1
svcvs 0x696474,1
"ldrbtvc r6, [r8], -0x55f",1
"streq r6, [r0], -0x82e",1
"andeq r0, r0, r0",1
"rsbsle r0, r8, 0x50000000",1
invalid,1
"strne r0, [r3], -0x100",1
"streq r0, [r2], -0x4a",1
"strbeq r0, [sl], -r1, lsl 12",1
svcvc 0x980383,1
invalid,1
"stmdbgt r3, {sb, fp, ip, sp, pc}",1
"streq r4, [r2], -0xa00",1
b 0x752c8,1
"andeq r0, r0, 0",1
"andeq fp, r0, r0, lsl 28",1
blx 0x756d6,1
invalid,1
"andeq r0, r1, r1, lsl 2",1
"andeq r0, r1, r0",1
"stmdbvs ip!, {r8} ^",1
"strvc r0, [0x00034e86]!",1
"stcvs p2, c7, [pc], -0x1cc",1
"strvs r6, [pc, -sb, ror 4]!",1
invalid,1
"eorvc r6, sp, r2, ror sp",1
invalid,1
"strbvc r6, [lr, -0x96c]!",1
"mcrvs p13, 3, r2, c7, c8, 3",1
"rsbvs r6, r1, 0x1d400000",1
"cdphs p15, 3, c2, c4, c9, 3",1
svchs 0x322e37,1
"stclvs p14, c6, [r3], -0x1a4",1
"rsbeq r6, r5, r5, ror r4",1
"rsbsvc r7, r3, 0xbc00000",1
invalid,1
"strbvs r7, [r4, -0x56c]!",1
"strbtvc r6, [sb], -0x22f",1
"strvc r0, [0x00034eb9]!",1
"stmdbvs pc!, {r0, r1, r4, r5, r6, sb, ip, sp, lr}",1
"strbvc r6, [ip, -0x36e]!",1
"cdphs p5, 0, c6, c0, c4, 3",1
"rsbvs r6, sb, 0x2f00",1
invalid,1
svcvs 0x6b6565,1
invalid,1
"ldrbtvc r0, [r3], -0",1
"strbtvs r6, [r5], -r4, ror 8",1
"andeq r6, r0, 0x2e0000",1
invalid,1
"mrchs p5, 3, r6, c3, c0, 3",1
"andeq r0, r3, r8, rrx",1
"ldrbtvs r7, [r4], -0x300",1
"stmdavs lr!, {r0, r3, r5, r6, r8, sb, sl, fp, sp, lr}",1
"andeq r0, r0, r0, lsl 8",1
"stmdbvs r2!, {r2, r3, r5, r6, r8, fp, sp, lr} ^",1
"rsbeq r2, r8, pc, ror 28",1
"movwvc r0, 4",1
svcvs 0x696474,1
"streq r6, [r0, -0x82e]",1
"cdpvs p0, 7, c0, c5, c0, 0",1
"ldrbtvs r7, [r4], -0x369",1
"streq r6, [r0], -0x82e",1
"andeq r0, r0, r0",1
"sbcsle r0, r8, 0x50000000",1
invalid,1
blt 0x275ba0,1
"cdplo p3, 0, c8, c3, c3, 4",1
"stmdbeq r3, {r1, r2, r5, r6, r8, sb, sl, ip, lr, pc}",1
"mcrne p7, 0, r6, c3, c14, 4",1
blpl 0x1080d4,1
"mcrhs p3, 1, r0, c6, c10, 5",1
invalid,1
"eoreq r5, r7, r1, lsl 24",1
svcgt 0x200,1
"andeq r0, r0, 1",1
"vstreq d15, [lr, -4]",1
"mrseq r0, apsr",1
"andeq r0, r0, r1",1
invalid,1
"rsbeq r6, r2, ip, ror 18",1
"rsbsvc r7, r3, 0xbc00000",1
invalid,1
"strbvs r7, [r4, -0x56c]!",1
"strbtvc r6, [sb], -0x22f",1
"strvc r0, [0x00034f75]!",1
"stmdbvs pc!, {r0, r1, r4, r5, r6, sb, ip, sp, lr}",1
"strbvc r6, [ip, -0x36e]!",1
svchs 0x6564,1
svchs 0x727375,1
"stclvs p14, c6, [r3], -0x1a4",1
svchs 0x656475,1
"rsbseq r7, r3, r3, ror sb",1
"rsbsvc r7, r3, 0xbc00000",1
"rsbvs r6, sb, 0x2f00",1
invalid,1
"ldclvs p1, c6, [r2, -0xbc]!",1
blvs 0x1c110cc,1
"stmdbvs ip!, {r0, r3, r4, r5, r6, r8, sl, fp, sp} ^",1
"ldclhs p5, c7, [r8, -0x1b8]!",1
"ldrbvs r6, [r5, -0xe67]!",1
svchs 0x696261,1
"mrchs p14, 1, r2, c7, c4, 1",1
"mcrvs p15, 3, r2, c9, c2, 1",1
"ldrbtvs r6, [r5], -0xc63",1
svchs 0x2e0065,1
"rsbeq r6, r2, ip, ror 18",1
"strbvs r7, [r5, -r0, lsl 4]!",1
"ldmdbvs pc, {r0, r2, r5, r6, fp, ip, sp, lr} ^",1
"rsbvc r7, r5, 0x6e000000",1
"cdphs p1, 6, c6, c12, c14, 3",1
"andeq r0, r1, r8, rrx",1
"strbvs r7, [r5, -r0, lsl 4]!",1
"ldmdbvs pc, {r0, r2, r5, r6, fp, ip, sp, lr} ^",1
"rsbvc r7, r5, 0x6e000000",1
"cdphs p1, 6, c6, c12, c14, 3",1
"andeq r0, r1, r3, rrx",1
"strbvs r7, [r5, -r0, lsl 4]!",1
"rsbvc r6, sp, r3, ror 30",1
invalid,1
"ldrbvs r0, [r2, -0]!",1
"ldrbvs r6, [r8, -0x567]!",1
"rsbeq r2, r3, r3, ror 28",1
"movwvc r0, 1",1
"mcrvs p2, 3, r7, c9, c4, 3",1
"stmdavs lr!, {r0, r1, r2, r5, r6, r8, sb, ip, sp}",1
"andeq r0, r0, r0, lsl 4",1
invalid,1
"stmdavs lr!, {r1, r4, r5, r6, sb, ip, sp}",1
"andeq r0, r0, r0, lsl 4",1
"rsbsvc r7, sb, r3, ror 8",1
"rsbeq r2, r8, r5, ror 28",1
"strvc r0, [r0, -r3]",1
"rsbvc r6, r1, 0x630000",1
"movweq r6, 0x82e",1
invalid,1
"mrchs p5, 3, r6, c3, c0, 3",1
"andeq r0, r2, r8, rrx",1
"rsbsvc r7, sb, r0, lsl 8",1
"stmdavs lr!, {r0, r2, r5, r6, r8, sb, ip, sp, lr}",1
"andeq r0, r0, r0, lsl 8",1
"strbvs r6, [sp, -0x974]!",1
"movweq r6, 0x82e",1
"ldrbtvc r0, [r3], -0",1
"strbtvs r6, [r5], -r4, ror 8",1
"streq r6, [r0, -0x82e]",1
"ldrbtvc r0, [r0], -0",1
invalid,1
"rsbsvc r7, sb, r4, ror 8",1
"stmdavs lr!, {r0, r2, r5, r6, r8, sb, ip, sp, lr}",1
"andeq r0, r0, r0, lsl 4",1
"strbvs r6, [r7, -0x572]!",1
"rsbeq r2, r8, r8, ror lr",1
invalid,1
svcvs 0x696269,1
"movweq r6, 0x82e",1
"stclvs p0, c0, [lr], -0",1
"rsbsvc r7, sb, pc, asr r4",1
"stmdavs lr!, {r0, r2, r5, r6, r8, sb, ip, sp, lr}",1
"andeq r0, r0, r0, lsl 6",1
"strbvs r6, [lr, -ip, ror 2]!",1
svcvs 0x666e69,1
"movweq r6, 0x82e",1
"cmnvs r7, 0",1
"ldrbvs r7, [r0, -0x974]!",1
"movweq r6, 0x82e",1
"ldrbtvc r0, [r3], -0",1
"strbtvc r6, [lr], -0x964",1
"movweq r6, 0x82e",1
"ldrbtvc r0, [r3], -0",1
"cdphs p9, 6, c6, c15, c4, 3",1
"andeq r0, r3, r8, rrx",1
"ldrbtvs r7, [r4], -0x300",1
"cdphs p9, 6, c6, c2, c12, 3",1
"andeq r0, r3, r8, rrx",1
"cmnvc r3, 0, 2",1
"cdphs p2, 7, c7, c4, c5, 3",1
"andeq r0, r3, r8, rrx",1
"strbvc r3, [r2, -0xc00]!",1
"ldclhs p12, c6, [r4, -0x1a4]!",1
"eorseq r6, lr, sb, ror 28",1
"movwvc r0, 0",1
"mcrvs p2, 3, r7, c9, c4, 3",1
"rsbeq r2, r8, r7, ror 28",1
"andvc r0, r0, r3",1
"ldrbvs r6, [r2, -0x874]!",1
"stmdavs lr!, {r0, r5, r6, sl, sp, lr}",1
"andeq r0, r0, r0, lsl 6",1
"stmdbvs r2!, {r2, r3, r5, r6, r8, fp, sp, lr} ^",1
"cdphs p4, 6, c7, c12, c14, 3",1
"andeq r0, r3, r8, rrx",1
"streq r0, [r0, -0]",1
"sbcseq r8, r3, r2, lsl 24",1
"streq r0, [r5], r0, lsl 6",1
"bicsne r1, fp, 0x4000000",1
"orreq r1, r3, 0x6c000003",1
"andseq r4, r1, sb, lsl sl",1
"andlo r0, r2, 0x2000000",1
"andeq r0, r4, 0, 4",1
"teqeq r2, r5, rrx",1
"andeq r0, r4, 0, 4",1
"streq r0, [r2], -0x31",1
"sublo sb, ip, 2, 26",1
"streq r0, [r2], -1",1
"andeq r3, r0, 0x80000000",1
"ldcmi p2, c0, [sp], {4}",1
"andeq r1, r0, 0x35000000",1
invalid,1
"ldmhi lr, {r0, r1, sb, fp, ip, sp, lr}",1
blmi 0x131576c,1
blmi 0x501ea0,1
"andeq r4, r4, 0x12c00",1
"cdphs p2, 7, c13, c10, c3, 0",1
svchs 0x2f2f67,1
blmi 0x1a00ea8,1
svchs 0x2f8383,1
bmi 0xf1a00,1
"andeq r8, r0, 20, 8",1
"rsbeq r0, r8, r4, lsl 4",1
"strvs r0, [r2, -r2, lsl 8]",1
"andeq r0, r4, 0, 4",1
"uqadd8eq r0, r6, fp",1
"stmdbls r3, {r2, r4, r5, r8, sb, sl, fp, sp}",1
"teqhi r0, 0x6000",1
"streq r0, [r2], -0x2d",1
"eoreq r0, lr, r1, lsl 12",1
"streq r0, [r1], -r2, lsl 8",1
"streq r0, [r2], -0x63",1
"subeq r4, sp, r1, lsl 26",1
"strle r0, [r1, -0x402]",1
"sublo r4, sp, sb, ror 12",1
blmi 0xff0c1374,1
"stmdbmi sb!, {r0, r2, r5, r6, sl, fp, sp} ^",1
"streq r0, [r2], -0x30",1
blmi 0x133fa40,1
blt 0x1cf60cc,1
svchs 0x4a0d03,1
blmi 0x1a3ab84,1
"andeq r0, r4, 0, 4",1
"streq r0, [r2], -0x67",1
"ldrbtvs r0, [r7], -r2, lsl 6",1
"andeq r0, r4, 0, 4",1
"eoreq r0, lr, r3, lsl 18",1
"stmdbmi r2, {r1, sl}",1
"orrne r3, r2, 0xc00",1
"andeq r6, r0, 76, 4",1
"eorseq r0, r3, r4, lsl 4",1
"stmdbmi r2, {r1, sl}",1
"movweq r0, 0x344d",1
"strbne r7, [sl, -0xee9]",1
"mrseq r0, r12_usr",1
"stmdbvs r6, {r1, r2, sb, sl, sp, lr}",1
blmi 0xd55020,1
"mrseq r0, r12_usr",1
"stmdavs r6, {r1, r2, sb, sl, sp, lr}",1
"eorlo r4, pc, r0, lsr fp",1
"orreq r2, r6, 0x20c",1
"movtne r0, 0xa0d7",1
"teqhi r0, 0x2f400",1
blmi 0x130143c,1
svcle 0x34e4b,1
"ldmdavs r0!, {r2, sb, fp, lr}",1
invalid,1
"mrseq r0, r12_usr",1
"streq r0, [r2], -0x67",1
"stmdavs r7!, {r0, r8, sl, fp, sp} ^",1
"eorseq r2, r5, fp, asr 22",1
"streq r0, [r1], -r2, lsl 8",1
"subge r0, fp, 0x4a00000",1
blmi 0xc07f84,1
"ldcmi p14, c4, [0x000353fc]",1
svchs 0x46a130,1
bmi 0x1e76014,1
"teqeq r0, 0x36",1
"vstreq s8, [r3, -0x1d0]",1
blmi 0x1301b98,1
invalid,1
"andvc r4, r3, 0xb000",1
"cmpeq r2, 0x2e",1
svcmi 0x302e79,1
svchs 0x4c302a,1
bmi 0x3a2704,1
"streq r0, [r2], -0x14",1
"rsbeq r0, r6, r1, lsl 12",1
"streq r0, [r1], -r2, lsl 8",1
"streq r6, [r4], -0x94b",1
bmi 0x1c9d718,1
"mcrvs p15, 3, r2, c11, c11, 5",1
"bicseq r2, r6, 0xc0000",1
invalid,1
"strmi r6, [r3, -lr, lsr 22]",1
"movwhs r4, 0x8b66",1
invalid,1
svcvs 0x34a6c,1
bmi 0x5f6134,1
beq 0x1080d4,1
blmi 0x1a5613c,1
"subeq fp, ip, r7, lsl 27",1
"streq r0, [r1], -r2, lsl 8",1
"rsblo r0, sb, sl, asr 12",1
"andeq r8, r0, 160, 14",1
"strvs r0, [r6], -r4, lsl 2",1
"andeq r8, r0, 0x180000",1
"strvs r0, [r6], -r4, lsl 2",1
"strbvs r0, [r5], -r6, lsl 6",1
"andhi ip, r0, 0x3000000",1
"stcmi p5, c6, [r2], {3}",1
svcmi 0x4a0c03,1
invalid,1
blmi 0x1a8fd04,1
svchs 0xbb332d,1
"strvc r3, [r3], -0x22d",1
bmi 0x3b617c,1
bmi 0x1e5384,1
"stmdbvc r3, {r4, r5, r8, fp, sp, lr}",1
svchs 0x304e2e,1
"cdpvs p7, 6, c6, c1, c15, 1",1
bleq 0xfe1f6124,1
"mcrrmi p12, 4, r4, fp, c10",1
"strhi sb, [ip, -0xd4b]!",1
"andeq r3, r0, 0x49",1
"stcmi p1, c0, [sl], -0x10",1
"teqlo r6, fp, asr 6",1
"streq r0, [r2], -0x2b",1
"eoreq r0, lr, r1, lsl 12",1
"streq r0, [r1], -r2, lsl 8",1
"strls r6, [r3], -0x785",1
invalid,1
blmi 0xfe1d6150,1
"strmi sp, [r8], -0x9a0",1
"movteq r6, 0xae03",1
"orrlo r8, r0, r7, lsl r2",1
blhi 0xf5fd4,1
svcls 0xbd4a0b,1
"strvs r4, [r3, ip, asr 22]",1
"orreq r4, r3, 0x13400",1
blmi 0xc47c3c,1
"andeq r5, r4, 0x2d",1
"strbtvs r8, [ip], -r3, lsl 16",1
invalid,1
svchs 0xa0f366,1
"adcgt r4, r0, r0, lsr 23",1
invalid,1
"ldrhi pc, [pc], 0x213       ; [0x353f0:4]=0x660c0330",1
bmi 0x1d362e4,1
invalid,1
invalid,1
"andvc r4, r3, 0xb000",1
"ldrbmi r5, [r2, -0x2e]",1
bmi 0x1af6144,1
"movteq r7, 0xaa03",1
"strmi r4, [r3, -0xa1b]",1
"andeq r2, r0, 46, 30",1
bmi 0x1b5828,1
"vstrmi d6, [r3, 0x18]",1
"mcrrmi p3, 2, r3, fp, c11",1
bmi 0x1c19c30,1
"streq r0, [r2], -0x69",1
"andeq r4, r0, 0x40000",1
"eorseq r0, r5, r4, lsl 2",1
"streq r0, [r2], -r2, lsl 8",1
invalid,1
"cdphs p3, 7, c0, c7, c2, 4",1
"rsbeq r4, ip, r7, ror 24",1
"streq r0, [r1], -r2, lsl 8",1
"stmdbvs lr!, {r1, r7, sb, sl} ^",1
bmi 0x1db6120,1
invalid,1
"subeq r3, sb, sp, lsr 32",1
blhs 0x76460,1
"andeq r0, r4, 0, 4",1
"andeq r6, r4, 0x600000",1
"ldcvc p3, c0, [sb, 0x18]!",1
blmi 0xc08200,1
blmi 0x1a17214,1
"ldrvs r6, [r0, -pc, lsr 14]!",1
"strteq r2, [pc], -0xf30",1
"strne r0, [r1], r3, lsl 6",1
"stclmi p0, c10, [r8], -0xb8",1
invalid,1
svchs 0x2f4bbc,1
svchs 0x4b2f67,1
svchs 0x2f4c2f,1
bmi 0x1b3614c,1
invalid,1
"rsblo r4, sb, pc, lsr 20",1
"ldclmi p3, c3, [r7], {0x2c}",1
"ldmdbvs r1!, {r0, r1, r2, r3, r5, r8, sb, pc}",1
bmi 0x276158,1
blmi 0xc80564,1
"movteq r7, 0xa203",1
"andeq r4, r0, 0xb000",1
"eoreq r0, fp, r4, lsl 2",1
"streq r0, [r2], -r2, lsl 8",1
"stmdbeq r3, {r1, r2, r5, r6, sb, sl}",1
"cdphs p3, 7, c0, c7, c10, 2",1
"movteq r7, 0xa203",1
"smladhi r3, sl, lr, r2",1
svchs 0x4c4a7f,1
"ldclvs p3, c0, [sl], 0x12c",1
invalid,1
blhs 0x1388284,1
bllt 0xfef1e598,1
"andeq r2, r0, 45, 30",1
"cdphs p1, 0, c0, c6, c4, 0",1
"movweq r0, 0x4200",1
"andeq sp, r0, 0x180000",1
"addseq r0, pc, r4, lsl 6",1
"streq r0, [r1], -r2, lsl 8",1
blmi 0x1a36f00,1
"stclo p7, c6, [r8, -0x134]",1
"cdpmi p0, 2, c7, c14, c3, 0",1
invalid,1
blmi 0x131d38,1
"subeq r8, ip, sl, asr 8",1
"streq r0, [r1], -r2, lsl 8",1
invalid,1
"andeq r3, r0, 0x2f",1
"strvs r0, [r6], -r4, lsl 2",1
svchs 0x836806,1
"movweq r0, 0x2432",1
blmi 0x19b5ce8,1
blmi 0xfe148258,1
blmi 0x1308260,1
blt 0xf6544,1
invalid,1
"andeq r4, r0, 0xb400",1
"addeq r0, r4, r4, lsl 4",1
blmi 0xb654c,1
"andeq r0, r4, 0, 4",1
"streq r0, [r2], -0x4b",1
blmi 0xfe246d58,1
"movteq r4, 0xcb68",1
"movwne r4, 0x3a70",1
"str r4, [r3], -r2, lsl 23",1
"eoreq r4, pc, sl, ror 20",1
"stcmi p4, c0, [r1, -8]",1
"andeq r6, r0, 0x600000",1
invalid,1
"andeq r0, r4, 0, 4",1
"streq r0, [r2], -0x83",1
"stcmi p15, c7, [r3, 8]!",1
invalid,1
blmi 0x1347f68,1
"movweq r6, 0x474c",1
"ldrvs fp, [r6], -r3",1
"movteq r5, 0xb14b",1
"rsblo r0, r6, r4, asr 1",1
bhi 0x130fc10,1
bllt 0x108654,1
"subeq r4, sp, r6, ror 20",1
"strvs r0, [r1, -r2, lsl 8]",1
"andeq r6, r0, 0x600000",1
svchs 0x60204,1
"andeq r0, r4, 0, 4",1
"subge r8, fp, r5, ror 8",1
"strbvs r6, [r7, -r7, ror 14]!",1
"ldrbtvs r0, [sb], -r7, ror 6",1
blmi 0xfe7b79c8,1
"subge r4, ip, 0x12c00",1
"andeq r4, r0, 0xb400",1
"addeq r0, r4, r4, lsl 4",1
svchs 0x20402,1
"andeq r0, r4, 0, 4",1
"stmdavc r3, {r0, r1, r2, r6, r8, sb, sl, pc}",1
"cdpls p3, 0, c0, c10, c10, 2",1
svcmi 0x30834c,1
"andhi lr, r2, 0xc0000000",1
"andeq r3, r0, 0x2f",1
"rsbeq r0, r8, r4, lsl 4",1
svchs 0x20402,1
"andeq r0, r4, 0, 4",1
blmi 0x13102a0,1
invalid,1
bmi 0x1fe0608,1
invalid,1
"streq r2, [r4], -0xe7a",1
"strvs sp, [sl], -r3, lsl 16",1
"andeq r6, r0, 0x19c0000",1
bmi 0x1b5a20,1
"ldreq sb, [pc], 0xf06       ; [0x35614:4]=0x304044a",1
"strvc r0, [r4, 0x305]!",1
"movweq r0, 0x444a",1
blmi 0xfe0b8194,1
"strbeq sb, [fp], -0xf83",1
blt 0x6b6234,1
"stmdahs r2, {r4, r5, r8, ip, sp}",1
"streq r0, [r2], -0x18",1
"strbteq r0, [r6], -r1, lsl 12",1
"sublo r6, fp, r5, lsr 15",1
blmi 0xc48368,1
"mrseq r0, r12_usr",1
svcls 0x64a06,1
"mrseq r0, r12_usr",1
svcls 0x64a06,1
invalid,1
"smlsldxvs r8, fp, ip, r2",1
"movteq r4, 0xbc4c",1
"strvc r2, [r3], -0xe10",1
svchs 0x304b4a,1
"movteq r2, 0xdf4e",1
"movweq r4, 0x4a6c",1
"cdphs p14, 0, c13, c3, c3, 0",1
"teqhi r1, 0xcc00",1
"andeq sp, r0, 0x67000",1
bmi 0x1b5a88,1
"strpl sb, [r3], -0xf06",1
"cdphs p3, 2, c0, c13, c2, 4",1
invalid,1
"andeq sb, r4, 0x310",1
"ldmdaeq r5!, {r0, r1, r8, sb, sp, pc} ^",1
"stclmi p8, c6, [ip, -0x160]!",1
"stmdavs pc!, {r0, r1, r7, sl, fp, lr}",1
"ldmdavs r2!, {r0, r1, r3, r6, sl, fp, lr}",1
svchs 0x304c68,1
"cdpmi p8, 4, c6, c10, c3, 0",1
bmi 0x2b63e4,1
"ldmibeq r3, {r0, r1, r4, r5, r8, sb}",1
"strvs r6, [r5, lr, lsr 16]",1
svcls 0x324c67,1
"strblo r7, [sl, -0xa03]",1
"cdphs p13, 0, c13, c1, c3, 0",1
"rsbeq r4, r7, r7, lsl 23",1
invalid,1
"andlo r6, r6, r6, lsl 12",1
bhi 0x1fdd3f4,1
"stmdavs fp, {r0, r1, r3, r4, r5, r7, sl, pc} ^",1
svcls 0x302f4c,1
"subpl r6, sl, r3, lsl 22",1
"strblo r0, [sl], -0xa03",1
"cdphs p14, 7, c14, c12, c3, 0",1
"streq r0, [r2], -0x4c",1
"strbeq r0, [sl], -r1, lsl 12",1
"strbvs sl, [fp, -r8, rrx]",1
"ldmdavs r1!, {r2, r3, r6, r8, sb, sl, fp, sp}",1
"movweq r0, 0x544b",1
"strteq r7, [lr], -0x6f0",1
"ldmibeq r1, {r1, r8, sb}",1
"stmdbmi fp, {r1, r7, r8, sb, sl, fp, lr} ^",1
"sublo sb, sb, r2, lsr pc",1
"andeq r6, r0, 0x2f0000",1
"stmdbvc r3, {r2, r8}",1
"streq r0, [r2], -0x2e",1
invalid,1
"strbeq r4, [fp], -0xd66",1
"ldrbvc r0, [sl], r5, lsl 6",1
"movweq r0, 0x244a",1
svchs 0x8209a9,1
"stclmi p15, c2, [0x00035588]",1
blmi 0x1b4f5ac,1
"movweq r0, 0x5469",1
"strteq r7, [lr], -0x6be",1
"stmibeq sb, {r1, r8, sb} ^",1
svcvc 0xb90382,1
"strhs r8, [r3, -0x84a]",1
bmi 0x736468,1
"cdphs p3, 0, c0, c9, c15, 1",1
"stmibvs r0!, {r0, r3, r5, r6, r8, sb, sl, sp, lr}",1
"stclmi p7, c6, [lr, -0x12c]",1
"movtlo r6, 0xc74b",1
"streq r0, [r2], -0x85",1
"andeq r8, r0, 0x8000000",1
blvs 0xfe775f6c,1
"andeq r0, r4, 0, 4",1
"streq r0, [r2], -0xbb",1
blmi 0xff700b70,1
bmi 0x1af6508,1
"strteq r1, [lr], -0x603",1
"cdpeq p3, 0xe, c0, c9, c4, 0",1
svcls 0x4ebc2e,1
"cdphs p3, 1, c0, c8, c8, 3",1
"eorlo r6, lr, r3, lsl 16",1
"stclmi p6, c8, [r7], -0x1a0",1
"ldclmi p13, c4, [sb, 0x360]",1
"mrseq r0, r12_usr",1
"orreq r6, r2, 0xc000000",1
"andvc sb, r3, 0x1f0",1
bmi 0x3b64c0,1
svcvc 0xa9032f,1
"rsbeq ip, r7, sl, asr 2",1
svcmi 0x10402,1
"andlo r6, r6, r6, lsl 12",1
"ldcmi p7, c6, [0x000358d8]",1
"movteq r4, 0x7c67",1
"vldmiami ip!, {s8, s9, s10, s11, s12, s13, s14, s15, s16, s17}",1
bmi 0x1bb64d0,1
blmi 0xfe0bc3c8,1
"movweq r0, 0x2468",1
"strbthi r6, [r6], -0xf93",1
"mrseq r0, r12_usr",1
blvs 0x1cefe4,1
"stclmi p15, c2, [r7], -0x2f0",1
svchs 0x9f332f,1
"andeq r3, r0, 0xc000000b",1
"ldrteq r0, [sp], r4, lsl 2",1
"ldchs p6, c0, [0x00035908]",1
"andeq r0, r4, 0, 4",1
"strhi r4, [r6], -r6, lsl 20",1
"streq r0, [r2], -0x68",1
"strbteq r0, [r6], -r1, lsl 12",1
blvs 0xfe208a10,1
blmi 0x141d524,1
"stclvs p1, c10, [r7], -0x2f4",1
"streq r6, [r4, -0xc4b]",1
"cdphs p1, 7, c12, c7, c3, 0",1
invalid,1
"andlt r8, r3, 8, 4",1
"stmdbeq r3, {r0, r1, r2, r3, r4, r5, r6, sb, fp, lr}",1
bmi 0x4f661c,1
"rsbshi r8, sb, 0xc00",1
invalid,1
invalid,1
invalid,1
"cdphs p3, 5, c0, c10, c14, 1",1
"andeq r8, r0, 0x2f000000",1
"strbteq r0, [sl], -r4, lsl 2",1
"strvs r0, [r3, -0x666]",1
"cdphs p3, 1, c0, c11, c10, 2",1
"eoreq r6, lr, r3, lsl 10",1
"movweq r0, 0x1402",1
"andeq r2, r0, 0x1d0",1
"addeq r0, r3, r4, lsl 2",1
svc 0x10402,1
"andeq r0, r4, 0, 4",1
blvs 0x1d606c,1
"strvs sb, [r2, sp, asr 22]!",1
"mrseq r0, r12_usr",1
svclt 0x66606,1
invalid,1
"strthi r3, [r3], 0x332",1
"orreq r8, r0, 0xc0000020",1
"stchs p14, c2, [r3, -0x160]",1
invalid,1
"mcrrmi p5, 9, r0, sl, c8",1
invalid,1
svchs 0x820a03,1
bmi 0x1a765b0,1
"mrseq r0, r12_usr",1
invalid,1
"andeq r6, r0, 0xb00000",1
"strvs r0, [r6], -r4, lsl 2",1
"andeq fp, r0, 0x600",1
bmi 0x1b5cac,1
"subge sl, fp, r6, lsl 8",1
"mrseq r0, r12_usr",1
"movweq r4, 0x6a06",1
"addpl sb, r3, 0x760",1
"streq r3, [r4], -0x4b",1
"cdphs p15, 1, c10, c8, c3, 0",1
"strvc r4, [r8, -r4, lsl 23]",1
"subeq sl, pc, r7, lsl 9",1
"streq r0, [r1], -r2, lsl 8",1
"addseq r0, pc, sl, asr 12",1
"streq r0, [r1], -r2, lsl 8",1
"addge r0, sl, 0x4a00000",1
"streq r0, [r2], -0x84",1
"addseq r0, lr, r1, lsl 12",1
bmi 0xb68e0,1
"mrseq r0, r12_usr",1
"streq r0, [r2], -0x4a",1
"andeq r4, r0, 0x2000",1
"subeq r0, sl, r4, lsl 6",1
bmi 0x1368f4,1
"streq r0, [r4, -0x200]",1
"strvc r0, [r3, -sl, asr 12]",1
bmi 0x1af6690,1
"subpl r0, sl, r3, lsl 22",1
"strmi r1, [r2, r3, lsl 2]",1
"movwle r2, 0x3fbd",1
"strbvs r4, [ip, -sb, ror 20]!",1
invalid,1
"stmdbeq r3, {r0, r4, sb, fp, lr}",1
"cdphs p3, 6, c0, c12, c10, 2",1
invalid,1
"strvs r2, [pc, -r5, ror 28]!",1
"strne r4, [r3, -r8, ror 24]",1
"strmi r2, [r1, -r2, lsl 4]",1
invalid,1
"cdphs p9, 7, c9, c12, c3, 0",1
invalid,1
"streq r2, [r4], -0xe7a",1
"eorhi lr, r1, 0x30000",1
svchs 0x2f2f13,1
"strls r0, [r3], -0x504",1
"andeq r4, r4, 0x5e000",1
"stmdaeq r7, {r0, r1, r8, sl, ip, sp, pc}",1
"stmdavs fp, {r2, r3, r5, r7, r8, sb, sl, sp, lr} ^",1
"strbvs r6, [ip, -pc, lsr 14]",1
"movweq r0, 0x544c",1
"strteq r7, [lr], -0x89f",1
"strbeq r0, [r5, r2, lsl 6]!",1
"movweq r0, 0x5466",1
"strbeq r7, [sl], -0x8bc",1
"strbeq r0, [r4, r2, lsl 6]",1
invalid,1
"stmdavs lr!, {r0, r2, r5, r6, r7}",1
"mrseq r0, r12_usr",1
"vst1.8 {d4, d5}, [r6], r6",1
"sbcseq r6, sp, fp, asr 14",1
"streq r0, [r1], -r2, lsl 8",1
"strbteq r0, [r7], -0x64a",1
"strbvc r0, [r8, r5, lsl 6]",1
"movweq r0, 0x2482",1
"stmdagt r8, {r0, r1, r3, r4, r5, r7, fp}",1
"rsblo sl, r7, lr, asr 32",1
"andeq r2, r0, 47, 30",1
"strvc r0, [r3, -r4, lsl 2]",1
"streq r0, [r2], -0xba",1
"strbteq r0, [r6], -r2, lsl 12",1
svchs 0x660d03,1
"movweq r0, 0x542d",1
"strteq r7, [lr], -0x795",1
"stmeq sp!, {r1, r8, sb} ^",1
svchs 0x688482,1
"movweq r0, 0x542d",1
"strteq r7, [lr], -0x78f",1
"ldmeq r3!, {r1, r8, sb} ^",1
invalid,1
"movteq r4, 0xfa5c",1
"cdple p6, 0, c6, c3, c0, 1",1
"ldrthi r2, [fp], 0xe01",1
"stmdbvs lr!, {r0, r1, r8, fp}",1
svcls 0x2f4c67,1
"rsbeq fp, r7, r3, lsl 23",1
"streq r0, [r1], -r2, lsl 8",1
svchs 0x690666,1
"eorlo r2, pc, pc, lsr 30",1
"stmdbmi r8!, {r0, r1, r3, r4, r5, r7, fp, ip, lr, pc} ^",1
"andeq r2, r0, 0x12c0",1
"eorhi r0, pc, r4, lsl 2",1
"streq r8, [r4, -0x3a2]",1
"cdpls p4, 7, c10, c5, c3, 0",1
"stcle p2, c0, [r3, -0x10]",1
"strteq r0, [ip], 0x80a",1
"strvc r0, [r3, 0x305]!",1
"movweq r0, 0x249e",1
"ldrdls r0, r1, [r8], -lr",1
"cdpmi p3, 8, c6, c2, c3, 0",1
"ssaxvs r0, r2, r2",1
"strlt r0, [r3, -0x304]",1
svcls 0x836601,1
"ldmdaeq sp!, {r2, r3, r6, fp}",1
"movteq sl, 0xd191",1
"strhi r7, [lr, -0xef8]!",1
bmi 0x2b66f0,1
"strne r2, [r3], -fp, asr 24",1
"cdphs p3, 6, c0, c4, c10, 2",1
svcls 0x9f67c0,1
blmi 0xfe10f774,1
"strgt sp, [r3], -ip, asr 22",1
bllt 0x10f24c,1
"mrcmi p14, 1, r2, c0, c15, 3",1
"ldrthi r8, [ip], 0x54b",1
"ldcmi p15, c9, [pc], {0x86}",1
blmi 0x1448868,1
"orreq r3, r2, 0xc0000000",1
"mulhs r8, r1, pc",1
"andhi pc, r0, 0xc0000000",1
"andpl r7, r3, 0x19c",1
svcls 0x4e2008,1
"mcrrlt p3, 4, r8, ip, c12",1
"movthi r6, 0xe76d",1
blmi 0xfe108cf8,1
bmi 0x2022a8c,1
"movteq r2, 0xa103",1
"movteq r4, 0xda13",1
"cmpeq r0, 12, 20            ; 0xc",1
"cdp p14, 0, c2, c3, c9, 0",1
"stmeq r0, {sb, fp, lr} ^",1
"stmeq r6, {r0, r5, r8, sb, fp, sp, lr}",1
"ldmibmi sp!, {r0, r5, r8, sb, sl, fp, ip, pc}",1
"andeq r4, r0, 216, 30",1
"ldreq r0, [pc], r4, lsl 2   ; [0x35aa4:4]=0x6603354a",1
invalid,1
"strvs r3, [r3], -sl, asr 10",1
"ldchs p13, c4, [ip], 0xb8",1
bvs 0xfe108b88,1
invalid,1
"rsbhi r0, r3, 0x24000001",1
"bicseq r6, r6, 0xc000",1
"movwhs r4, 0x3a17",1
"strbvs r6, [ip, -lr, lsr 14]",1
"smlabbpl r3, r4, r7, r6",1
bmi 0xab6948,1
"ldclvc p3, c0, [ip], 0x144",1
"strbvs r6, [r8, -r2, lsl 17]!",1
"movteq r0, 0xab03",1
invalid,1
"cdplo p7, 0, c6, c8, c12, 2",1
"strteq r4, [pc], -0xe46",1
"strvc r0, [r0, r2, lsl 6]",1
"strvs r0, [fp], -lr, lsr 6",1
"andeq r8, r0, 0x2f00000",1
"strvs r0, [r6], -r4, lsl 2",1
"mrseq r0, r12_usr",1
"movteq fp, 0xfc06",1
"strpl r2, [r3, -r8, lsr 28]",1
svchs 0x85d72e,1
"strbvs r8, [pc, -r5, lsl 7]",1
invalid,1
"movwhi r0, 0x3604",1
"andeq r6, r4, 0x100000",1
"rsbshi pc, lr, 3, 30",1
"movweq r0, 0x544b",1
"strteq r7, [lr], -0xdef",1
"addseq r0, sb, 0x8000000",1
"streq r2, [r4, -0xfd6]",1
"ldrbtvs lr, [sp], -r3, lsl 12",1
blls 0xf6344,1
invalid,1
"rsbeq r8, r7, r1, lsl 11",1
"streq r0, [r1], -r2, lsl 8",1
invalid,1
"strhi r6, [pc, -ip, asr 14]!",1
"addseq r6, lr, r3, lsl 24",1
"movweq r0, 0x1402",1
"andgt r2, r3, 0x560",1
svchs 0x2f4a00,1
invalid,1
"mrseq r0, r12_usr",1
"strbteq r0, [r6], -sl, ror 12",1
svcvc 0x99034c,1
"rsceq r0, r5, r6, ror 6",1
svcvc 0x9b032e,1
"streq r0, [r2], -0x2e",1
"rsceq r0, r7, r1, lsl 6",1
"streq r0, [r2], -0x2e",1
"andeq r2, r0, 1, 30",1
"rsbseq r0, pc, r4, lsl 2",1
"streq r0, [r2], -r2, lsl 8",1
"stclmi p6, c0, [fp, -0x198]!",1
"ldcmi p2, c10, [pc], {0x9b}",1
"streq r8, [r4], -pc, lsr 12",1
"strbteq r3, [r6], -0xd03",1
"cdpls p3, 4, c0, c5, c2, 0",1
"movweq r0, 0x544b",1
"strteq r7, [lr], -0xda9",1
"sbcseq r0, r8, 0x8000000",1
"addge r4, r4, 0x9e0",1
"stchs p8, c6, [0x00035a10]!",1
"streq r0, [r2], -0x31",1
"andeq r6, r0, 0x10000",1
"subeq r0, fp, r4, lsl 4",1
"stmdbmi r2, {r1, sl}",1
"streq r4, [r4, -0xd68]",1
"cdphs p0, 7, c9, c13, c3, 0",1
invalid,1
blmi 0x13163d8,1
bmi 0x1ff07e0,1
bmi 0x9afe4,1
svcls 0x4b2c32,1
blmi 0xfe117cf8,1
svcmi 0x2d6967,1
"stc2 p5, c0, [r3, -0x10]",1
"andeq r2, r4, 124, 28",1
"cdpls p6, 0, c8, c3, c3, 0",1
blx 0xf7004,1
"andeq r2, r4, 124, 28",1
"andhi r8, r3, 0x30000",1
"mrseq r0, r12_usr",1
"cdpvc p3, 0xd, c0, c3, c9, 3",1
"streq r0, [r2], -0x66",1
invalid,1
"streq r0, [r2], -0x4a",1
"sublo r8, sp, r2, lsl 2",1
"ldrhi r8, [sp, 0x368]",1
"streq r0, [r2], -0x67",1
"strbeq r0, [sl], -r1, lsl 12",1
svchs 0x4ba085,1
invalid,1
"adceq r2, r3, r7, ror 30",1
"movweq r0, 0x1402",1
invalid,1
svchs 0x4a00f7,1
"cdpvc p3, 0xf, c0, c4, c15, 1",1
"movteq r8, 0xc34a",1
"orreq r0, r2, 0x80000022",1
"strbhi r4, [ip], -0xa31",1
"movweq r0, 0x746b",1
"strbeq r7, [sl], -0xdc1",1
"adcseq r0, ip, 0x8000000",1
svchs 0x4b9f2e,1
"movweq r0, 0x74bb",1
"strbeq r7, [sl], -0xdc0",1
"streq r0, [r2], -2",1
"sbceq r0, r0, 8, 6",1
"stmdavc r3, {r1, r3, r4, r5, r7, sl, fp, lr}",1
"andhi r0, sl, 0x28000001",1
"movweq r0, 0x442f",1
svcmi 0x661c83,1
"stclmi p1, c8, [sb, -0x1b0]!",1
"sublo r8, ip, 108, 8",1
blvs 0xfe24fe28,1
invalid,1
"andne r6, r3, 0x5300000",1
"cdphs p3, 1, c0, c15, c10, 2",1
bmi 0x1b744a0,1
"strbvs r3, [r7, -r7, rrx]!",1
"cdpmi p9, 6, c6, c7, c7, 3",1
"streq r2, [r4, -0xd4d]",1
bmi 0x1cf04b0,1
"stmdals r3, {r2, sl}",1
"ldrvs r8, [r0, -sp, lsl 4]!",1
bhs 0xf68c0,1
blmi 0x1a5e16c,1
"eorslo r4, r0, sp, asr 22",1
"streq r0, [r2], -0x4b",1
"andeq r6, r0, 0x40000",1
"strvs r0, [sp, -r4, lsl 2]!",1
"vstmdbmi r7!, {d20, d21, d22, d23, d24, d25, d26, d27, d28, d29, d30, d31}",1
"strbeq r8, [fp], -0x44d",1
"ldmvc r8, {r1, r8, sb}",1
blmi 0x1a889fc,1
"strbvs r5, [fp, -r8, lsl 18]!",1
"strteq sl, [pc], -0x531",1
"ldrbeq r0, [r5, r3, lsl 6]",1
"stmdavs ip, {r1, r3, r6, r8, sb, sl, fp, sp} ^",1
"streq r0, [r2], -0xa0",1
"addeq r0, r2, r2, lsl 12",1
"andhi r0, r4, 0x2000000",1
"andeq sl, r0, 0x60000000",1
"strle r0, [r6], -r4, lsl 4",1
"streq r0, [r4], -0x200",1
"addeq r0, r4, 0x8200000",1
"tsteq r5, 0x8000002d",1
invalid,1
invalid,1
bmi 0x6d91c,1
bmi 0x201f120,1
"vmlahs.f64 d13, d0, d3",1
"cdphs p5, 7, c10, c15, c3, 0",1
"stmdale r3, {r4, r5, r8, sb, fp, lr}",1
invalid,1
"strle r4, [r3], -0xa7f",1
invalid,1
blmi 0xc4172c,1
bmi 0x6a140,1
bmi 0x2022944,1
"cdphs p13, 0, c12, c0, c3, 0",1
"cdphs p3, 7, c11, c15, c3, 0",1
bgt 0x108a04,1
blt 0x108548,1
invalid,1
blt 0x101550,1
blmi 0xc41750,1
bmi 0x66964,1
"movteq r4, 0xa103",1
invalid,1
"movteq r3, 0xb02e",1
"stmdami r3, {r2, r3, r4, r5, sb, fp, lr}",1
"cdphs p3, 3, c0, c8, c10, 2",1
invalid,1
"movteq r3, 0xa703",1
"strlo r4, [r3], -0xa4c",1
"cdphs p3, 4, c0, c12, c14, 1",1
bmi 0xcf69cc,1
"movteq r5, 0xa003",1
"andpl r2, r3, r0, lsr lr",1
svchs 0x3132e,1
bmi 0x1536ab8,1
invalid,1
"tsteq r3, 84, 28            ; 0x54",1
"stmdapl r3, {r0, r1, r3, r5, sb, fp, lr}",1
"cdphs p3, 2, c0, c8, c10, 2",1
"eorlo r5, lr, r3, lsl 16",1
bmi 0x976ad4,1
"movteq r5, 0xaf03",1
svcpl 0x32e21,1
"movteq r3, 0xb02e",1
invalid,1
"cdphs p3, 1, c0, c10, c10, 2",1
invalid,1
"movteq r1, 0xa903",1
"strne r4, [r3], -sl, ror 20",1
"cdphs p3, 6, c0, c10, c14, 1",1
bmi 0x576a1c,1
"strbvs r6, [sl, -r3, lsl 28]",1
"movteq r1, 0xa103",1
"strbvs r2, [lr, -lr, ror 28]",1
"movteq r0, 0xad03",1
blmi 0x13c17ac,1
"movteq r0, 0xa903",1
blmi 0x13c17c4,1
"cdphs p3, 7, c0, c10, c15, 2",1
"mcrrmi p9, 0, r0, sl, c3",1
"andeq r8, r0, 104, 6",1
"andhi r0, r6, 4, 4",1
"streq r0, [r4], -0x200",1
"adceq r0, r2, r2, lsl 13",1
"streq r0, [r2], -r2, lsl 8",1
"streq r0, [r2], -0xd6",1
"andge r8, r6, r4, lsl 4",1
"strne pc, [r1, -2]",1
"cdphs p4, 0, c12, c0, c3, 0",1
"cdphs p12, 7, c11, c15, c3, 0",1
"sbceq r0, r3, r3, lsl r3",1
bmi 0x1036b4c,1
bmi 0xff6b54,1
"cdpmi p0, 2, c4, c14, c3, 0",1
"movteq r3, 0xac03",1
"teqeq r0, 0x450",1
"smladxmi r3, sb, r6, r6",1
"stmdalo r3, {r1, r2, r3, r5, r8, sb, ip}",1
bmi 0x12f6b68,1
invalid,1
"tsteq r3, 0x4b0",1
svcmi 0x34a34,1
"andlo r4, r3, sl, asr 22",1
"cdphs p3, 4, c0, c15, c10, 2",1
invalid,1
"cdphs p3, 5, c0, c3, c10, 2",1
"cdphs p3, 2, c0, c9, c14, 2",1
invalid,1
"movteq r2, 0xa803",1
"strhs r4, [r3, -0xa5b]",1
"cdphs p3, 5, c0, c11, c14, 1",1
bmi 0x936ac0,1
"movteq r5, 0xaf03",1
"andvs r4, r3, r1, lsr 20",1
"cdpne p0, 0, c3, c3, c14, 1",1
"cdphs p3, 6, c0, c3, c10, 2",1
"streq r0, [r2], -0x30",1
"andeq r8, r0, 0x4000000",1
"stcmi p1, c0, [sp, -0x10]!",1
"cdphs p3, 1, c0, c7, c7, 3",1
"eoreq r6, lr, r3, lsl 18",1
"streq r0, [r1], -r2, lsl 8",1
"streq r0, [r2], -0x2e",1
"strne r0, [r3, -r1, lsl 12]",1
"streq r0, [r2], -0x2e",1
"cdphs p3, 6, c0, c9, c1, 0",1
"movwne r4, 0x3b31",1
"cdphs p3, 6, c0, c14, c10, 2",1
"streq r0, [r2], -0x30",1
"andeq r4, r0, 0x400",1
bvs 0x12762d0,1
invalid,1
"strvc r6, [r3, -sb, lsl 12]",1
svcmi 0x4b312e,1
svcvc 0xaf032a,1
"sbcseq r0, r5, lr, lsr 6",1
"andeq r3, r4, 8, 24",1
invalid,1
"movwge r0, 0x3304",1
svchi 0x39e09,1
"movteq r8, 0xb27e",1
"orrshi r0, lr, 0x288",1
invalid,1
svchs 0x834a77,1
"streq r0, [r2], -0x68",1
"strbeq r0, [sl], -r1, lsl 12",1
blhs 0x138ec3c,1
svchs 0x2d4e2f,1
"mrseq r0, r12_usr",1
"movweq r2, 0x6e06",1
bleq 0x1248f0,1
"movweq r0, 0x242e",1
"movteq r6, 0xaeb8",1
"stmdami ip, {r0, r3, sb, fp, ip, sp, pc} ^",1
invalid,1
"movwne r6, 0x366d",1
"strvs r3, [pc, -sl, asr 32]!",1
"strhi sb, [r3], -r3, lsl 19",1
"stclmi p6, c6, [r7], -4",1
svcls 0x6a4c83,1
"uqasxvs r0, pc, r0",1
invalid,1
"orrseq r2, sl, 0x230",1
svchs 0x834a63,1
svchs 0xf6f54c,1
"stmdavs pc!, {r0, r2, r5, r6, ip, sp}",1
"stclmi p8, c6, [r7], -0x130",1
"rsblo r8, r5, 0x6900000",1
"ldrvs r2, [r4, -r2, lsl 8]",1
invalid,1
"stcmi p14, c9, [r3], {0x2a}",1
bmi 0x1fe8b70,1
"streq r2, [r4], -0xf68",1
"strvs r8, [r7], -r3, lsl 16",1
"mcrhs p3, 0, r0, c9, c15, 4",1
"andhi lr, lr, 0x3000000",1
bmi 0x1c9d784,1
invalid,1
"strhi r0, [r2], 0xed4",1
svchs 0x4c694b,1
"eorsge r0, sp, ip, asr 16",1
"orrsvc r0, r8, pc, lsr 6",1
"andhi r0, sp, 0xe8000002",1
"orreq r7, r2, 0xc000000",1
"andeq r2, r4, 14, 28",1
bmi 0x1e5a3a8,1
"stcmi p9, c0, [r2], {3}",1
"stclt p3, c3, [r3], {0x48}",1
invalid,1
svchs 0x304a13,1
"strhi sb, [r3], -0x968",1
"stclmi p6, c6, [r7], -4",1
svchs 0x6a4c83,1
"orreq r0, r2, 3, 30",1
svchs 0x832e73,1
"strvs pc, [0x00035907]!",1
svcls 0x832f30,1
invalid,1
"stcmi p2, c8, [r3], {0x12}",1
invalid,1
"strdhs r7, r8, [r8], -r6",1
"streq r2, [r4], -0xf4c",1
"strvs sp, [sp], -r3, lsl 20",1
svchs 0x4d30bb,1
"strvc r3, [r3], -0x22d",1
bmi 0x4b6ed4,1
svcls 0x5085bd,1
invalid,1
invalid,1
"mrseq r0, r12_usr",1
"strvs r0, [pc], -sb, lsr 6",1
"ldrthi r8, [sp], 0x567",1
"stmdahi fp, {r0, r1, r2, r5, r6, fp, ip, lr, pc} ^",1
blmi 0xfef09618,1
"mrseq r0, r12_usr",1
"movweq r8, 0x6206",1
blvs 0x1456a00,1
"vmlsle.f64 d4, d3, d23",1
"addge r6, r5, r3, ror r6",1
"rsbge r6, sb, fp, asr 14",1
"movteq sb, 0xbf4c",1
invalid,1
"strgt r6, [r3, -0x782]",1
"vfnmsmi.f32 s8, s30, s30",1
"stchs p7, c6, [0x00035e98]!",1
invalid,1
invalid,1
"stclmi p15, c2, [sp, -0x124]",1
"stclmi p15, c2, [sp, -0x124]",1
"strblo r2, [sp, -0xf49]",1
invalid,1
"strlo r2, [sp, -0xd4b]!",1
"andeq r7, r0, 192, 30",1
"cdphs p1, 0, c0, c6, c4, 0",1
"strvs r0, [sb], -r6, lsl 6",1
"stchs p12, c4, [0x00035e58]!",1
"streq r0, [r2], -0x33",1
"andeq r6, r0, 0x40000",1
"eoreq r0, sp, r4, lsl 2",1
"cdpmi p4, 0, c0, c1, c2, 0",1
"mrseq r0, r12_usr",1
"stclhs p15, c2, [ip, -0xa8]",1
"streq r0, [r2], -0x30",1
"andeq r6, r0, 0x400",1
"eoreq r0, pc, r4, lsl 2",1
"stchs p4, c0, [r1, -8]",1
"orrseq r0, r4, r1, lsr r3",1
"cdpvc p3, 0xe, c0, c12, c14, 1",1
"stmdbeq r3, {r1, r2, r3, r5, ip, sp}",1
"andeq r6, r0, 0xb800000",1
"strvs r0, [r6], -r4, lsl 2",1
"mrseq r0, r12_usr",1
"andeq r4, r0, 0x1800",1
"eoreq r0, sp, r4, lsl 2",1
blmi 0x770b8,1
"mrseq r0, r12_usr",1
blmi 0xfe08fecc,1
"streq r0, [r2], -0x65",1
"strvs r6, [r6], -r1, lsl 26",1
blls 0xc020dc,1
"mrseq r0, r12_usr",1
"andhi lr, r0, 0xc00",1
"streq r0, [r2], -0x68",1
"ldrteq r0, [sl], r1, lsl 12",1
"cdpls p3, 0, c0, c10, c0, 4",1
invalid,1
"ldrbtvs fp, [lr], -r3, lsl 16",1
invalid,1
"movwge r5, 0x304a",1
invalid,1
"orreq fp, r5, 0x7f000",1
"strbeq r0, [sl], -0x187",1
"stclvc p3, c0, [r4], {3}",1
"rsbeq ip, r7, sl, asr 32",1
"streq r0, [r1], -r2, lsl 8",1
"streq r0, [r2], -0x9e",1
"stmdahi r1!, {r0, sb, sl} ^",1
"stmdavs ip, {r1, r4, r5, sb, sl, pc} ^",1
"teqeq r0, 76, 30",1
"addseq sp, pc, r3, lsl r6",1
"streq r0, [r6], -r2, lsl 8",1
"streq r0, [r2], -0x9e",1
"andeq sb, r0, 4, 28",1
"strbteq r0, [r6], -r4, lsl 10",1
invalid,1
"andeq r4, r0, 0x66000",1
"strvs r0, [r6], -r4, lsl 20",1
"stmdaeq r4, {sb}",1
"streq r0, [r2], -0x9e",1
"movweq r6, 0x6609",1
"smladvs r3, sl, r6, r6",1
"andeq sb, r0, 0x128",1
"cdpls p6, 0, c0, c6, c4, 0",1
"streq r0, [r4], -0x200",1
"streq r0, [r2], -0x9e",1
"movweq r6, 0x6605",1
"stmdavs r3, {r3, r4, sb, sl, sp, lr}",1
"streq r0, [r2], -0x4a",1
"rsbeq r0, r6, sl, lsl 12",1
"cdpls p4, 0, c0, c8, c2, 0",1
"stmdbeq r4, {sb}",1
"stmdane r3, {r1, r2, r5, r6, sb, sl}",1
bmi 0x1a76f08,1
"streq r0, [r2], -0x9f",1
"addseq r0, lr, r6, lsl 12",1
"cdpls p4, 0, c0, c4, c2, 0",1
"streq r0, [r4, -0x200]",1
"strne r0, [r3], -r6, ror 12",1
bmi 0x1ab6f20,1
beq 0x13698c,1
"andeq r6, r0, 0x600000",1
"addseq r0, lr, r4, lsl 16",1
"strvs r0, [sb], -r2, lsl 8",1
"ldrvs r0, [r6], -r6, lsl 6",1
svcls 0x4a6b03,1
"streq r0, [r4], -r0, lsl 4",1
"andeq sb, r0, 6, 28",1
"addseq r0, lr, r4, lsl 8",1
"strvs r0, [r5], -r2, lsl 8",1
"ldrvs r0, [r4], -r6, lsl 6",1
"subeq r6, sl, r3, lsl 24",1
"streq r0, [sl], -r2, lsl 8",1
"streq r0, [r2], -0x66",1
"andeq sb, r0, 8, 28",1
"strbteq r0, [r6], -r4, lsl 18",1
invalid,1
"addseq r4, pc, sp, ror 20",1
"streq r0, [r6], -r2, lsl 8",1
"streq r0, [r2], -0x9e",1
"andeq sb, r0, 4, 28",1
"strbteq r0, [r6], -r4, lsl 10",1
invalid,1
"andeq r4, r0, 0x6e000",1
"strvs r0, [r6], -r4, lsl 20",1
"stmdaeq r4, {sb}",1
"streq r0, [r2], -0x9e",1
"movweq r6, 0x6609",1
svcvs 0x36612,1
"andeq sb, r0, 0x128",1
"cdpls p6, 0, c0, c6, c4, 0",1
"streq r0, [r4], -0x200",1
"streq r0, [r2], -0x9e",1
"movweq r6, 0x6605",1
"andvc r6, r3, r0, lsl r6",1
"streq r0, [r2], -0x4a",1
"rsbeq r0, r6, sl, lsl 12",1
"cdpls p4, 0, c0, c8, c2, 0",1
"stmdbeq r4, {sb}",1
"andne r0, r3, r6, ror 12",1
bmi 0x1c76fc4,1
"streq r0, [r2], -0x9f",1
"addseq r0, lr, r6, lsl 12",1
"cdpls p4, 0, c0, c4, c2, 0",1
"streq r0, [r4, -0x200]",1
"cdpeq p6, 0, c0, c3, c6, 3",1
bmi 0x1cb6fdc,1
beq 0x136a48,1
"andeq r6, r0, 0x600000",1
"addseq r0, lr, r4, lsl 16",1
"strvs r0, [sb], -r2, lsl 8",1
"strvs r0, [lr], -r6, lsl 6",1
svcls 0x4a7303,1
"streq r0, [r4], -r0, lsl 4",1
"andeq sb, r0, 6, 28",1
"addseq r0, lr, r4, lsl 8",1
"strvs r0, [r5], -r2, lsl 8",1
"strvs r0, [ip], -r6, lsl 6",1
"subeq r7, sl, r3, lsl 8",1
"streq r0, [sl], -r2, lsl 8",1
"streq r0, [r2], -0x66",1
"andeq sb, r0, 8, 28",1
"strbteq r0, [r6], -r4, lsl 18",1
invalid,1
"addseq r4, pc, r5, ror sl",1
"streq r0, [r6], -r2, lsl 8",1
"streq r0, [r2], -0x9e",1
"andeq sb, r0, 4, 28",1
"strbteq r0, [r6], -r4, lsl 10",1
invalid,1
"andeq r4, r0, 0x76000",1
"strvs r0, [r6], -r4, lsl 20",1
"stmdaeq r4, {sb}",1
"streq r0, [r2], -0x9e",1
"movweq r6, 0x6609",1
"strvc r6, [r3, -sl, lsl 12]",1
"andeq sb, r0, 0x128",1
"cdpls p6, 0, c0, c6, c4, 0",1
"streq r0, [r4], -0x200",1
"streq r0, [r2], -0x9e",1
"cdpvs p6, 0, c6, c6, c5, 0",1
"subeq r7, sl, r3, lsl 16",1
"streq r0, [sl], -r2, lsl 8",1
"streq r0, [r2], -0x66",1
"andeq sb, r0, 8, 28",1
"strbteq r0, [r6], -r4, lsl 18",1
bmi 0x1e7709c,1
"streq r0, [r2], -0x9f",1
"addseq r0, lr, r6, lsl 12",1
"cdpls p4, 0, c0, c4, c2, 0",1
"streq r0, [r4, -0x200]",1
invalid,1
"andeq r4, r0, 0x7a000",1
"strvs r0, [r6], -r4, lsl 20",1
"stmdaeq r4, {sb}",1
"streq r0, [r2], -0x9e",1
invalid,1
"andeq sb, r0, 0x114",1
"cdpls p6, 0, c0, c6, c4, 0",1
"streq r0, [r4], -0x200",1
"streq r0, [r2], -0x9e",1
bvs 0x1cfb34,1
"streq r0, [r2], -0x46",1
"rsbeq r0, r6, sl, lsl 12",1
"cdpls p4, 0, c0, c8, c2, 0",1
"stmdbeq r4, {sb}",1
invalid,1
"andlo r4, r3, lr, asr 20",1
"strls r3, [r8, -sl, asr 2]",1
bvs 0xfe14a6a8,1
"smlalbblo r6, sp, r7, r7",1
"andeq pc, r0, 0x6b0000",1
beq 0xf675c,1
"rsbshi r0, r8, 0x28000001",1
"subeq r4, fp, ip, asr 24",1
"cdpmi p4, 0, c0, c2, c2, 0",1
"andeq r0, r4, 0, 4",1
"vmlsmi.f32 s13, s22, s18",1
blmi 0x1310d00,1
blmi 0x1ac9d74,1
"stcmi p7, c6, [r3, 0x12c]",1
"mcrrmi p14, 0xc, r6, ip, c0",1
"stmdblt r3, {r0, r1, r2, r5, r6, r8, sb, sl, fp, sp}",1
"sbcslo r6, r7, r4, ror r6",1
svcls 0x155202,1
"ldmdahi r1!, {r4, r5, r8, sb, sl, sp, lr}",1
"ldrhi fp, [pc], 0xb83       ; [0x36384:4]=0x2004501",1
"streq r0, [r2], -0x67",1
"andeq r4, r0, 0x400000",1
"eoreq r0, pc, r4, lsl 2",1
"movweq r0, 0x1402",1
"addeq r6, r3, sl, ror r6",1
"streq r0, [r1], -r2, lsl 8",1
"andne r0, r3, r6, ror 12",1
invalid,1
"strthi r6, [r1], lr, lsr 16",1
blmi 0xffd3e7cc,1
"rsbshi r0, r8, 0x9c000001",1
svchs 0x2e0e03,1
"ldmdbhs r3!, {r2, r7, r8, sb, pc}",1
"ldrteq r0, [r8], 0x330",1
bmi 0x5f71c8,1
"stcmi p9, c6, [r7], {0x84}",1
"ldmvs pc, {r2, r3, r6, sb, sl, pc}",1
"movwpl r3, 0x3348",1
bmi 0xb77088,1
invalid,1
"stmdami r8!, {r0, r1, r7, r8, sb, sl, fp, ip, pc} ^",1
bmi 0x3770f0,1
bmi 0x1cb717c,1
"andhi r8, r1, 0xc000000",1
invalid,1
"stmdaeq fp, {r0, r2, r4, r6, sb, fp, lr} ^",1
invalid,1
"stcmi p0, c10, [r5], {0x84}",1
"strhi sb, [r4, 0xf67]",1
"andne r6, r3, 0x1340000",1
invalid,1
"smlsdxhs r8, fp, lr, sb",1
"subge r5, r6, 8, 24",1
"stcmi p3, c8, [sp, -0x148]!",1
"strbeq r2, [lr], -0xd83",1
"ldclvs p3, c0, [lr, 0x20]",1
"movweq r0, 0x349e",1
svchs 0x6612a2,1
"movweq r0, 0x842f",1
"strbteq r6, [r6], -0xddc",1
"adcne r0, r4, 0xc000000",1
"strbtge r2, [r8], -r2, lsl 31",1
"stcllt p9, c8, [sb], -0x134",1
"eorlo r8, pc, 0x1a400000",1
"cdpls p3, 5, c0, c4, c7, 3",1
"strle r3, [lr, -r3, lsl 4]!",1
"bicseq r0, r3, 0x8c000001",1
"stmvs r7, {r1, r7, r8, sb, sl, pc}",1
"cdple p12, 3, c4, c0, c8, 3",1
"cdphs p13, 0, c9, c2, c3, 0",1
"ldclvc p3, c0, [sp, 0x210]",1
"strvs r0, [sp], -r6, ror 6",1
"cdphs p7, 7, c11, c12, c3, 0",1
"andgt r4, r3, fp, asr 28",1
"stmdbeq r3, {r0, r1, sb, sl, sp, lr}",1
"ldrbhi r0, [lr], -r6, ror 16",1
"orreq sl, r5, 0xa2",1
invalid,1
"strbhi r0, [r6, -0x181]!",1
"stmdavs r7!, {r0, r1, r2, r5, r6, sb, sl, fp, lr} ^",1
invalid,1
blmi 0x1310228,1
svchs 0x814d83,1
"andhi r0, pc, 0x94000001",1
"strvs r0, [sp], -r3, lsl 7",1
"movthi r4, 0xbb4d",1
"movteq r6, 0xc888",1
"stmdale r6!, {r5, r6, r7, r8, sb, sl, ip, sp, lr} ^",1
svcls 0x674c67,1
invalid,1
"strbvs r3, [r8, -r7, rrx]!",1
"stclmi p8, c6, [r7], -0x140",1
"andmi r8, r8, r8, ror 6",1
"mrseq r0, r12_usr",1
"stmdbvs r6, {r1, r2, sb, fp, lr}",1
svcls 0x695167,1
"teqhi r3, ip, asr 14",1
"ldrbtvc r0, [ip], 0x34c",1
"vmlseq.f64 d4, d3, d22",1
blmi 0x13091ec,1
"movweq r0, 0x5451",1
"strbteq r7, [r6], -0x8f7",1
"ldreq r0, [r3, r3, lsl 6]",1
"ldmibeq r8!, {r1, r2, r3, r4, r7, r8, sb} ^",1
"strvc r0, [r8], r2, lsl 7",1
"vstmdbls r4!, {d20, d21, d22, d23, d24, d25, d26, d27, d28, d29, d30, d31}",1
"vmlals.f32 s30, s18, s6",1
"andhi lr, r0, 0xc00",1
bllt 0x13098c0,1
"ldmvs fp!, {r1, r2, r7, r8, sb, sl, sp, lr}",1
"andeq fp, r0, 0x2ec00",1
"strvs r0, [r6], -r4, lsl 2",1
svcmi 0x674c06,1
"strblo r3, [r7, -0x9f]!",1
"addslo r3, pc, r3, lsl 1",1
"strbhi r3, [fp], -r7, rrx",1
"andeq sb, r0, 8, 8",1
"andhi r0, r6, 4, 2",1
"strls r6, [r8], -0xb06",1
"mrseq r0, r12_usr",1
"stcvs p2, c8, [r6, -0x18]",1
"stc2 p2, c5, [r3, -0x19c]",1
"strhi r8, [r3, -0x200]",1
"stmdbgt r3, {r0, r1, r2, r3, r4, r5, r6, sb, sl, fp, sp}",1
"strbhi r2, [fp], -0xe00",1
bllt 0x135e260,1
"stclmi p2, c3, [sl, -0xb4]!",1
"andvc r4, r3, fp, asr 22",1
"cdphs p3, 1, c0, c0, c14, 1",1
"stmibvs r0!, {r0, r2, r3, r5, r8, sb, pc}",1
"stclvs p7, c6, [r8], -0x1a0",1
invalid,1
"stmdahs r3, {r3, r4, r6, sb, pc}",1
"stmdaeq sl!, {r1, r2, r3, r5, sb, sl, pc} ^",1
"strthi r8, [r1], 0x992",1
invalid,1
"stcvs p14, c2, [r3, -0x4c]",1
"stchs p1, c3, [r5, 0x128]",1
"ldrbtge sb, [lr], -r3, lsl 31",1
"strbhi ip, [sb, -0x4e]!",1
"stmdbvs r6!, {r0, r1, r8, sl, fp} ^",1
svcls 0x832932,1
"stmdavc r3, {r0, r2, r7, r8, sb, pc}",1
"strvs r0, [ip], -sl, asr 6",1
"strlt sp, [r3], -0xb83",1
"andeq r8, r0, 0xe0000007",1
"andhi r0, r6, 4, 2",1
invalid,1
"streq r0, [r2], -0x67",1
bmi 0x1d37190,1
"streq r0, [r2], -0xf3",1
"strbeq r0, [sl], -r1, lsl 12",1
invalid,1
"movteq r7, 0xaef9",1
"movteq r0, 0xa199",1
"movteq r7, 0xaee2",1
blmi 0x12b83bc,1
invalid,1
invalid,1
invalid,1
"andvc r4, r3, ip, lsl 20",1
"andseq r0, fp, 0x8000002",1
invalid,1
"andle r6, r3, sl, lsl r6",1
"strhs r2, [r3, -0xe03]",1
"mcrls p3, 0, r0, c9, c6, 6",1
"andhi ip, r0, 3, 26",1
blmi 0x19d31e0,1
"cdp2 p3, 0, c8, c3, c11, 2",1
invalid,1
invalid,1
invalid,1
invalid,1
"stmdbhi r3, {r0, r3, sb, fp, lr}",1
"stc2 p6, c6, [r3, -0x1d8]",1
"movteq r4, 0xba0b",1
"addsge r0, lr, r7, ror 1",1
invalid,1
"stceq p6, c6, [r3, -0x1f8]",1
"mcrvc p3, 4, r0, c7, c10, 5",1
"movthi pc, 0xb466",1
"mrseq r0, r12_usr",1
invalid,1
"streq r0, [r2], -0xf3",1
"strbteq r0, [r6], -r1, lsl 12",1
"vstmiami r3, {d4, d5, d6, d7, d8, d9, d10, d11, d12, d13, d14, d15, d16, d17, d18, d19}",1
svcls 0x4c9f68,1
"smlabbvc r3, r3, fp, r4",1
"ldrvs r0, [r1], -sl, asr 6",1
"mrseq r0, r12_usr",1
invalid,1
"mrseq r0, r12_usr",1
"movweq r4, 0x6a06",1
"strlt r4, [r3, -0xa1a]",1
"rscslo r8, r3, pc, ror r2",1
"streq r0, [r2], -0x83",1
"strbteq r0, [r6], -r1, lsl 12",1
"addeq r8, r3, fp, ror 6",1
"streq r0, [r1], -r2, lsl 8",1
"vmax.u8 q8, q6, q5",1
"mrseq r0, r12_usr",1
bvs 0x1cfe74,1
blmi 0x13573fc,1
"mrseq r0, r12_usr",1
"eoreq r7, lr, r3, lsl 4",1
"movweq r0, 0x1402",1
"andeq r4, r0, 0xa000",1
"strvc r0, [r3], -0x104",1
invalid,1
"ldrbvc r0, [r1], 0x32e",1
svchs 0x4fbb66,1
"ldcmi p15, c2, [r0, -0x130]!",1
"stclmi p12, c6, [r7], -0xbc",1
"streq r3, [r4, -0x67]",1
"ldrbtvs ip, [sl], -r3, lsl 2",1
blls 0xf72a4,1
"ldrbhi r6, [r0, -0x606]",1
"strbvs r6, [r5, -r7, ror 20]!",1
"stcmi p2, c3, [r3], {0x65}",1
"orrhi r4, r3, 0x14800",1
bvs 0xf788b4,1
blvs 0x1310854,1
"andhi r0, sb, 0xc000002",1
bmi 0x1fe92c0,1
"mrsls r0, apsr",1
"movweq r4, 0x4a7d",1
bmi 0x15f2cc,1
invalid,1
"bicseq r6, r5, 0x7900000",1
"movteq r7, 0xaed0",1
"strheq r0, [r2], pc",1
"movweq r0, 0x4402",1
"sbcseq r7, r6, r2, ror 29",1
"movwhi r0, 0x4402",1
"streq r0, [r4], -0x200",1
blmi 0x1a42808,1
"ldrbeq r2, [r2], -0xf67",1
bvc 0xfebf7300,1
"movweq r0, 0x24ba",1
"ldmvs r8, {r1, r2, r4, r5, r6, sb, pc} ^",1
"ldcmi p13, c4, [ip, 0x19c]!",1
"cdpgt p3, 0, c0, c3, c4, 0",1
"andeq r6, r4, 0x500000",1
"cdphs p6, 7, c11, c10, c3, 0",1
"stcllt p12, c4, [r8], -0x12c",1
"strbvs r6, [fp, -r7, ror 24]!",1
blmi 0x1a894b8,1
"andlt r0, r3, 4, 6",1
blmi 0x1308f2c,1
"mrseq r0, r12_usr",1
blmi 0x1cff38,1
invalid,1
"stmdavs sl, {r6, r7, sb, fp} ^",1
svchs 0x2f2dbb,1
"movteq r8, 0x84bd",1
svchs 0x2e75be,1
bmi 0xf2f44,1
bllt 0xfe125474,1
"ldcmi p6, c15, [0x000368dc]",1
"orrhi r4, r4, 0x2ec000",1
"strbvs r8, [fp, -0x183]",1
"cdpmi p12, 4, c4, c11, c9, 3",1
"stcmi p12, c4, [r3], {0x83}",1
"movwle r8, 0x3383",1
invalid,1
"cdphs p3, 7, c0, c0, c14, 1",1
"strtlo r4, [pc], -r8, ror 24",1
"ldrdge sb, sl, [sp, -0xf9]",1
"stcvc p3, c0, [r3], 0x124",1
"biceq r0, r3, 0x28000001",1
"ldcvc p3, c0, [sp], 0x278",1
svcls 0x68d74a,1
bmi 0x11ef84,1
"stmdble r3, {r2, r8, sl}",1
"movweq sb, 0x4e73",1
"cdphs p8, 0, c10, c12, c3, 0",1
"stmdale r3, {r2, r8, sl}",1
"movweq r4, 0x4a73",1
"stmdaeq ip, {r0, r1, r8, sb, sl, sp, pc}",1
"stchs p1, c10, [r5, 0x240]",1
"ldmvc r4!, {r0, r1, r2, r5, r6, r8, sb} ^",1
"streq r0, [ip, r6, ror 6]",1
"ldrmi r3, [fp, lr, lsr 32]!",1
"stmibvc r2, {r0, r1, r2, r4, r5, r7, r8, sb} ^",1
"streq r0, [r2], -0xba",1
"strbteq r0, [r6], -r1, lsl 12",1
blt 0xddbbc,1
bmi 0x5b75c0,1
invalid,1
invalid,1
svchs 0x9e5a03,1
"stmdaeq r2!, {r0, r3, r5, r6, r8, sb}",1
"movteq r0, 0x3874",1
"stmdbvs r3, {r1, r2, r5, r6, sb, sl, fp, sp}",1
"eorshi r0, r4, 0xb8000000",1
"rsbshi lr, ip, 0x3000000",1
"cdphs p15, 0, c9, c3, c3, 0",1
svchs 0x834b9f,1
"movteq r7, 0xaa03",1
svclo 0x39e4b,1
invalid,1
"ldrvs r7, [sl, fp, ror 29]!",1
"ldrbvs fp, [r1, -pc, lsr 22]",1
"rsbshi lr, sp, 0xc0000000",1
"cdphs p1, 0, c10, c2, c3, 0",1
invalid,1
"movteq r7, 0xadd9",1
blmi 0x12b72ac,1
"stceq p13, c7, [r3, -0x19c]",1
"stmibmi r1!, {r1, r7, r8, sb, sl, fp, ip, pc}",1
"strvs r4, [r3], -0xc68",1
"eorhi r0, r2, 0xb8000000",1
invalid,1
"stmdbmi sl, {r0, r1, ip} ^",1
"eorlo r7, lr, r3, lsl 2",1
invalid,1
invalid,1
blmi 0xc82220,1
"andeq r6, r0, 76, 16",1
"strvs r0, [r6], -r4, lsl 2",1
"strbvs r4, [fp, -r6, lsl 22]",1
svcvc 0xbc0331,1
invalid,1
invalid,1
"strlt r4, [r3], -pc, lsl 20",1
blmi 0xc89074,1
"strbvc r0, [r6, 0x383]",1
beq 0xfeeb750c,1
"strlt sp, [r3, -0x72e]",1
"stcgt p2, c8, [r3, -0x1d4]",1
"movwgt r4, 0x3a0a",1
invalid,1
invalid,1
"and pc, r3, r8, lsr 4",1
b 0x102260,1
"strls r4, [r3], -r1, lsl 20",1
bne 0x110270,1
"movweq r0, 0x44ba",1
invalid,1
blmi 0xfe7bdc90,1
"movteq r2, 0xdf6a",1
blmi 0xfe0b6fcc,1
"orrseq r0, sl, r1, lsr r3",1
"stclvc p3, c0, [fp], 0x198",1
invalid,1
"stmdbvs fp, {r1, r4, r5, r6, r7, r8, sb, ip, sp, lr, pc} ^",1
"strbthi r8, [r8], -0x34b",1
"streq r8, [r4, -0x369]",1
"rsbhi sl, r4, 0x3000",1
ble 0xf78bc,1
"usada8vs r3, fp, r2, r8",1
"streq r8, [r4, -0x583]",1
"strbtvs sl, [r4], -r3",1
"str r0, [r3], -r4, lsl 8",1
"usada8vs r3, fp, r2, r8",1
"mcrrmi p14, 8, r6, ip, c3",1
bvs 0x13096d4,1
"stmdale sp, {r2, r3, r6, sb, fp, sp, lr} ^",1
blge 0x257a78,1
"rsbshi fp, sp, 3, 28",1
bmi 0xe84e4,1
"movteq r6, 0xd8b9",1
"movteq sb, 0x8e27",1
bvs 0xff64925c,1
"orreq r0, pc, 132, 16",1
"orreq r7, r2, 0x2ac0",1
"stmdblt sl, {r1, r3, r4, r6, r7, sb} ^",1
"strvs r0, [pc], -r8, ror 6",1
"rsbshi r0, sl, 108, 6",1
"strbge sp, [sp, -0x5dc]",1
"mrrcmi p15, 0xb, r7, r2, c11",1
"ldcmi p7, c6, [pc], {0x83}",1
"movteq fp, 0xeb32",1
"qaddlo sp, r3, r3",1
invalid,1
invalid,1
"strge r4, [r3], -0xa7e",1
"ldrbvs r0, [r4, -r1, lsl 16]!",1
blhi 0x117a44,1
"vstmiami r5, {s8, s9, s10, s11, s12, s13, s14, s15, s16, s17, s18, s19, s20, s21, s22, s23, s24, s25, s26, s27, s28, s29, s30, s31}",1
"mrchs p3, 3, r0, c8, c6, 1",1
"stclvs p5, c6, [ip, -0xc4]",1
"mlsge ip, pc, lr, r4",1
"rsbshi fp, pc, 3, 30",1
"strvs ip, [r0], -r3, lsl 10",1
invalid,1
"strbvs r7, [r6, -r3, lsl 14]!",1
"fstmdbxhs pc!, {d4, d5, d6, d7, d8, d9, d10, d11, d12, d13, d14, d15, d16, d17, d18, d19}",1
"andeq r0, r4, 0, 4",1
"streq r0, [r2], -0x2f",1
"andeq r8, r0, 0x80000000",1
"cdphs p1, 0, c0, c6, c4, 0",1
"cdpmi p9, 4, c6, c11, c6, 0",1
"strge r4, [r3], -r3, lsl 23",1
"stcle p6, c6, [r3, -0x1fc]",1
"teqvs r3, r0, lsl 20",1
"movthi r4, 0xcc31",1
bvc 0x11e69c,1
"streq r0, [r2], -0x4a",1
"strteq r0, [lr], -r1, lsl 12",1
bllt 0x19b9184,1
"mrseq r0, r12_usr",1
bvs 0x1c9198,1
svcvc 0x880368,1
"smlalseq r0, r8, lr, r3",1
"andeq r4, r0, 0x2e00",1
bmi 0x1b6da0,1
"andeq r6, r0, 0x18000",1
"strvs r0, [r6], -r4, lsl 2",1
"mrseq r0, r12_usr",1
"stmle r4, {r1, r2, r8, sb, sl, fp, sp}",1
"mrseq r0, r12_usr",1
"strhi r4, [r6, -r6, lsl 20]",1
"stmdapl r3, {r0, r1, r3, r6, fp, sp, lr}",1
"streq r0, [r2], -0x82",1
"strteq r0, [lr], -r1, lsl 12",1
"vstrvs d2, [r2, 0xc]",1
invalid,1
"stmdbvc r3, {r0, r1, r2, r6, r8, fp, pc}",1
"andeq r3, r0, 0x80000012",1
"strbtmi r0, [sl], -r4, lsl 4",1
"mrseq r0, r12_usr",1
"sublo r8, fp, r2, lsr r6",1
"rsbeq r7, r6, r3, lsl 8",1
"strvs r0, [r1], -0x402",1
blt 0x6b7700,1
"smulbblo fp, r1, ip",1
"cdpvc p3, 0xc, c0, c7, c3, 3",1
invalid,1
"stmdbvc r3, {r1, r2, r3, r5, r8, sl, ip, sp}",1
"andeq r3, r0, 0x80000012",1
"strbtmi r0, [sl], -r4, lsl 4",1
"mrseq r0, r12_usr",1
"movteq r8, 0xb632",1
"andeq r4, r0, 0x76000",1
"stmdbmi r4!, {r2, r8} ^",1
"cdplt p2, 6, c1, c6, c3, 0",1
"movteq r4, 0xbbd9",1
"sublo r4, r7, 0x7a000",1
"mrseq r0, r12_usr",1
"strvs r0, [sp], -sp, lsr 6",1
svchs 0x4b4c67,1
"streq r0, [r2], -0x65",1
"andeq r2, r0, 2, 30",1
"rsbeq r0, r5, r4, lsl 4",1
"streq r0, [r1], -r2, lsl 8",1
"mcrrmi p6, 2, r0, lr, c14",1
bmi 0x1fe5a40,1
bmi 0xa7e44,1
"ldrbtvs sp, [r2], -r3, lsl 20",1
"movweq r0, 0x54bd",1
"strbteq r7, [r6], -0x1f4",1
"cdpeq p3, 8, c0, c15, c4, 0",1
"mcrrmi p4, 8, r8, fp, c2",1
svcls 0x83bca0,1
"umullsge r6, pc, pc, r7",1
invalid,1
"streq r0, [r2], -0x66",1
"andshi r0, sl, 0x4000000",1
"andlo r4, r6, r6, lsl 20",1
"orreq sl, r3, 0x4b",1
"stmdbeq r3, {r1, r3, r4, r5, r6, sb, fp, lr}",1
invalid,1
bllt 0x19d6898,1
"addseq r4, pc, pc, lsr 24",1
"streq r0, [r1], -r2, lsl 8",1
"streq r0, [r2], -0x4a",1
"eorshi r0, r0, r1, lsl 12",1
"strhs sl, [r3, -0x131]",1
"stmibvs r3, {r1, r3, r6, r8, fp, sp, lr}",1
"stmdbvs ip, {r3, r5, r6, r8, sb, sl, fp, ip, pc} ^",1
bhi 0x11dec28,1
svchs 0x9e4b03,1
"andhi r6, r3, lr, asr 16",1
"strhs r8, [r3], -r2, lsl 4",1
"ldrbvs r0, [lr], -lr, lsr 6",1
"orreq fp, r3, 160, 26",1
"strpl r6, [r3], -0x630",1
"ldclvc p3, c0, [sb, 0x278]",1
"adceq r0, sb, 0x8000002",1
blmi 0x1302850,1
svchs 0x4b672f,1
"movteq r7, 0xa703",1
"strbhi r4, [ip], -0xa0e",1
blmi 0xfef49804,1
"stcmi p15, c11, [r0], 0x3d0",1
invalid,1
"smlaldvs fp, fp, r6, sl",1
"orreq r6, r4, 104, 20",1
invalid,1
"cdpvc p3, 8, c0, c7, c2, 4",1
invalid,1
"streq r0, [r1], -r2, lsl 8",1
"streq r0, [r2], -0x4a",1
"sbceq r0, r0, r1, lsl 12",1
"movweq r0, 0x1402",1
"stmdagt r3, {r1, r3, r4, r5, r6, sb, sl, fp, sp}",1
"ldrthi r2, [r2], -0xe02",1
"ldcmi p13, c2, [r1], -0xbc",1
invalid,1
invalid,1
bmi 0x6777c4,1
blmi 0x19c971c,1
"movteq sp, 0xd868",1
"movteq r8, 0xb20e",1
"stmdbeq r3, {r1, r4, r5, r6, sb, pc}",1
"stclmi p8, c6, [r7], -0x198",1
blmi 0x19ff344,1
"stmdavs r4!, {r0, r1, r2, r4, r6, r7, fp}",1
svchs 0x4d67bb,1
"strbvs r6, [pc, -fp, asr 14]",1
"strbhi r4, [r8, -0xc67]!",1
"popvs {r0, r2, r3, r6, r8, sb, sl, sp, lr}",1
invalid,1
"andhi ip, r0, 0x30000",1
"movteq r6, 0xa903",1
"rsbvs sp, r8, 0x1900000",1
bmi 0x1f71758,1
"stmdami sl, {r0, r1, r8, sb, sl, fp, ip, lr} ^",1
bmi 0xd37814,1
bmi 0x1577898,1
invalid,1
"strbhi r7, [r6, -0xea8]!",1
"strvs r0, [lr, -r3, lsl 18]!",1
invalid,1
"movteq r0, 0xa0d2",1
"stmdaeq sl, {r0, r4, r5, r7, r8, sb, sl, fp, ip, sp, lr} ^",1
"movweq r0, 0x5421",1
"streq r7, [r2], 0x3da",1
"stceq p3, c0, [sl], 0x10",1
blmi 0x1349918,1
blt 0x6b7844,1
"strthi r0, [lr], -0xb03",1
bllt 0x12b9398,1
bmi 0x160f9c,1
"ldmibmi r7, {r0, r2, r3, r6, r8, sb, sl, fp, ip, pc} ^",1
blvc 0xff6378c4,1
"bicseq r6, r7, 0x3580000",1
"ldmdaeq r4!, {r1, r3, fp} ^",1
blpl 0x110918,1
"rsbhi r0, r6, 0x28000001",1
"streq r0, [r2], -0x9f",1
"rsbhi r0, r6, 0x4000000",1
"mrseq r0, r12_usr",1
"eoreq r1, lr, r3, lsl 26",1
"movweq r0, 0x1402",1
blne 0x24254c,1
bmi 0x6e3d0,1
invalid,1
"movteq r6, 0xf62b",1
"andeq r8, r4, 0x20000005",1
"ldrbtvs sl, [r7], -r3, lsl 22",1
"strtlo r4, [sp], -0xba1",1
"stmdbhi r3, {r2, r8, sl}",1
"andeq r6, r4, 124, 12",1
"stmdaeq r3, {r0, r1, sb, fp, ip, sp, lr, pc}",1
blmi 0x1309868,1
"eorge r2, pc, pc, lsr 30",1
"fldmdbxmi r1!, {d4, d5, d6, d7, d8, d9, d10, d11, d12, d13, d14, d15, d16, d17, d18, d19}",1
bhs 0xcd0d9c,1
svchs 0x684b4d,1
svchs 0x4b3646,1
"subeq sl, fp, pc, lsr 8",1
"streq r0, [r1], -r2, lsl 8",1
svchs 0x84064a,1
"stclt p5, c0, [r3, -0x10]",1
"andeq r2, r4, 0x7b0",1
"andhi ip, r4, 0x3000000",1
invalid,1
"andeq r4, r4, 0x7b000",1
"andhi ip, r4, 0xc00000",1
"andeq r6, r0, 0x19c0000",1
"subeq r0, fp, r4, lsl 4",1
"movweq r0, 0x2402",1
"andeq r2, r0, 64, 28",1
"andgt r0, r3, r4, lsl 4",1
"andeq r2, r0, 0, 28",1
"rsbeq r0, r5, r4, lsl 4",1
"streq r0, [r1], -r2, lsl 8",1
"orrhi r0, sb, 0x2e00000",1
"strlt r4, [r3, -r3, lsl 23]",1
"stmdbgt r3, {r0, r1, r2, r3, r4, r5, r6, sb, fp, ip, sp, pc}",1
"andeq r2, r0, 0, 28",1
blmi 0x1337064,1
"andeq r0, r4, 0, 4",1
bhs 0x1a983a8,1
"sublo r2, sb, 0x13c",1
"andeq r6, r0, 0x19c000",1
"cdphs p2, 0, c0, c6, c4, 0",1
"andeq r0, r4, 0, 4",1
"streq r4, [r4, -0x906]",1
"rsbshi fp, fp, 0x300",1
"stmdbgt r3, {r2, sb}",1
invalid,1
"streq r2, [r4, -0xf67]",1
bmi 0x1f1b090,1
invalid,1
"strbteq r8, [r7], -0x204",1
blvc 0xfe3b78a4,1
"movweq r0, 0x244a",1
invalid,1
"addlo r0, r2, r3, lsl 20",1
"stcmi p3, c8, [r3, 0x1a0]",1
"strbvs r6, [ip, -ip, asr 22]!",1
bmi 0x337abc,1
"cdpvc p3, 0xe, c0, c2, c11, 2",1
"orrseq r0, lr, r6, ror 6",1
"addlo sp, r7, sl, asr 20",1
"andeq r6, r0, 100, 20",1
"stcmi p1, c0, [r1], {4}",1
"movweq r0, 0x5445",1
"strteq r7, [lr], -0xaec",1
"ldreq r0, [lr, 0x302]",1
"streq r8, [r3], 0x466",1
bvc 0xff7f78e4,1
"movweq r0, 0x244a",1
"strvs r0, [r2, r5, lsr 11]",1
"uasxvs r0, lr, r4",1
"ldrbtvs sb, [lr], -r3, lsl 12",1
blmi 0x1284670,1
bleq 0x125e84,1
"cdphs p3, 7, c0, c5, c10, 2",1
"sublo r4, r8, 0xc40",1
blvs 0x10ae88,1
"addeq r0, sp, 0xb8000000",1
invalid,1
"eoreq r6, pc, r7, ror 10",1
"streq r0, [r1], -r2, lsl 8",1
"streq r0, [r2], -0x2e",1
"eoreq r0, sp, r1, lsl 12",1
svchs 0x10402,1
"mrseq r0, r12_usr",1
"eoreq r6, sl, sp, lsr 20",1
"streq r0, [r4], -r2, lsl 8",1
"eorseq r0, r4, r2, lsl 13",1
"strhi r0, [r2, -0x402]",1
"andeq r0, r4, 0, 4",1
"eorseq r4, r1, sb, asr 16",1
"stchs p4, c0, [r1, -8]",1
"movweq r0, 0x5468",1
"strbteq r7, [r6], -0xac4",1
"ldreq r0, [0x0003703e]!     ; [0x3703e:4]=0x3040482",1
blmi 0xfe811ad8,1
"andeq r2, r0, 0x12c",1
blt 0x1b7558,1
"eoreq r6, ip, r6, lsl 16",1
"streq r0, [r5], -r2, lsl 8",1
blmi 0xd3875c,1
bvs 0x1a02af8,1
bvs 0x1310efc,1
"stmdavc r3, {r1, r3, r5, r6, sb, ip, lr}",1
"strbvs r3, [r7, -lr, lsr 32]!",1
"strbeq r6, [ip], -0xb67",1
"adcne r0, fp, r4, lsl 6",1
invalid,1
svchs 0x84f868,1
blmi 0x1350aa8,1
blgt 0xf818c,1
"streq r2, [r4], -0xe69",1
"andshi fp, r6, 0x3000",1
"movweq r0, 0x4200",1
"streq r0, [r2], -0x85",1
"andeq r4, r0, 0xc00",1
"subeq r0, fp, r4, lsl 6",1
blmi 0xf7da0,1
"movweq r0, 0x4200",1
"streq r0, [r2], -0x31",1
"movthi fp, 0xcb03",1
blmi 0x1365ad8,1
"andeq r2, r0, 0x13c",1
bmi 0x1b71c0,1
"addeq r6, r3, r6, lsl 16",1
"andpl r0, r1, r2, lsl 8",1
"ldclmi p8, c6, [r4], 0x1a0",1
"addseq r4, pc, fp, asr 26",1
"streq r0, [r1], -r2, lsl 8",1
blmi 0x1a386f0,1
"streq r0, [r2], -0x4c",1
"stmdage r3, {r0, r8, sl, fp, lr}",1
ble 0x1107d0,1
"stmdale fp, {sb, sl, fp, ip, pc} ^",1
"stclmi p12, c4, [fp, -0x210]",1
"sbceq r0, r1, ip, asr 6",1
"streq r3, [r4, -0x22e]",1
bmi 0x1a659f4,1
"stmdbgt r3, {r2, sl}",1
"orrpl r6, r5, r7, lsl r6",1
invalid,1
invalid,1
"stclmi p12, c4, [fp, -0x20c]",1
"stmdaeq sb!, {r0, r1, r2, r5, r6, sl, fp, lr} ^",1
svcmi 0x4bd922,1
"stcmi p8, c13, [r3], {0x4b}",1
invalid,1
"stc2 p2, c8, [r3, -0xe8]",1
"vstmiami r5, {s8, s9, s10, s11, s12, s13, s14, s15, s16, s17, s18, s19, s20, s21, s22, s23, s24, s25, s26, s27, s28, s29, s30, s31}",1
bllt 0x1a4a744,1
invalid,1
svcls 0x4d4b4c,1
"streq r0, [r2], -0x83",1
"strbeq r0, [sl], -r1, lsl 12",1
"andeq r4, r0, 104, 22",1
"andpl r0, r3, 4, 2",1
"streq r0, [r2], -0x4a",1
"andeq sp, r0, 0x8000",1
"strteq r0, [fp], -r4, lsl 4",1
"movwlo r0, 0x369e",1
"rsbeq r4, r7, lr, lsr 22",1
blmi 0x77e50,1
"mrseq r0, r12_usr",1
"streq r0, [r2], -0x69",1
"andeq r4, r0, 0x400",1
"subeq r0, sp, r4, lsl 2",1
svcls 0x10402,1
"mrseq r0, r12_usr",1
invalid,1
"vstrmi s9, [sp, -0x1f8]",1
blmi 0x12b9678,1
"teqeq r1, 0x12c0000",1
invalid,1
invalid,1
"strvs r8, [r1, r6, ror 6]",1
"strbeq r6, [fp], -0x96b",1
"ldmvs r5, {r0, r2, r8, sb} ^",1
"movweq r0, 0x4466",1
invalid,1
bmi 0x1fe469c,1
"movteq pc, 0xc5da",1
"strbhi r0, [sl, -0xaf7]",1
"mcrrmi p12, 8, r4, fp, c4",1
"movweq r0, 0x542f",1
"streq r5, [r2], 0xf8d",1
"rscshs r0, r5, r4, lsl 6",1
bllt 0x1a110b4,1
svcls 0x9f834c,1
"orrshi r0, lr, 0x3000",1
"strbtmi sp, [r7], -r0, lsr 15",1
"strbtvc r0, [sl], 0x34c",1
invalid,1
"movthi r7, 0xade8",1
invalid,1
bmi 0x13f7cd4,1
"stmibvs r6, {r0, r2, r3, r6, sp, pc}",1
"andeq r8, r0, 132, 8",1
"cdpls p1, 0, c0, c6, c4, 0",1
"andeq r0, r4, 0, 4",1
"streq r0, [r2], -0x4a",1
"andeq r4, r0, 0x1000",1
"subeq r0, sl, r4, lsl 4",1
bmi 0xf7ef4,1
"streq r0, [r4], -0x200",1
"streq r0, [r2], -0x4a",1
"andpl r4, r6, r5, lsl 20",1
bmi 0x6cb08,1
"stclmi p0, c3, [r7, -0x130]!",1
svcvc 0x85032d,1
"rscseq r0, lr, sl, asr 6",1
invalid,1
"cdpls p0, 0, c14, c0, c3, 0",1
"cdphs p3, 7, c10, c15, c3, 0",1
"teqvs r2, 0x1a8000",1
"stclmi p13, c4, [fp, -0xc4]",1
"stclmi p5, c8, [sb, -0x130]!",1
"sbcslo r4, sl, ip, asr 24",1
"movteq r4, 0xccdb",1
bhs 0xcc9898,1
invalid,1
"movwne r6, 0x360a",1
invalid,1
invalid,1
"ldcmi p14, c2, [0x00037008]!",1
"strbvs r6, [sb, -ip, asr 18]!",1
"ldrthi r3, [lr], sp, asr 32",1
"stmdbmi sb!, {r2, r3, r4, r5, r7, sl, fp, lr} ^",1
"movwhs r4, 0x8f84",1
bleq 0xfffb7c84,1
"stmdbvs r7!, {r1, r3, r6, sl, pc} ^",1
"strbvs r2, [ip, -ip, asr 30]",1
svchs 0x2f674c,1
"ldrbtvs pc, [r3], -r3, lsl 12",1
"orrseq r4, lr, 0xc00",1
invalid,1
blmi 0xff5d6e08,1
"mrseq r0, r12_usr",1
"stmdavs r6, {r1, r2, sb, sl, sp, lr}",1
"ldrle r4, [pc, sp, asr 18]  ; [0x36f7c:4]=0xbc4d84",1
blmi 0x131f0b0,1
"adcseq r4, ip, r4, lsl 27",1
"streq r0, [r1], -r2, lsl 8",1
"orrge r0, sb, r2, lsl 13",1
bllt 0xc114c0,1
"streq r0, [r2], -0x4b",1
"streq r0, [r2], r1, lsl 12",1
"sbcsge r6, r8, ip, ror 14",1
"strmi r8, [r3, -ip, asr 6]",1
"cdpls p3, 6, c0, c0, c10, 2",1
"strle sp, [r0], -r3, lsl 28",1
"orreq r0, pc, ip, asr 6",1
bmi 0x1cf7cd8,1
"cdphs p5, 7, c11, c14, c3, 0",1
"orreq r0, r2, 0xc000",1
"orreq r8, r3, 0xa0000000",1
invalid,1
svcls 0x667d9c,1
blmi 0x1343084,1
invalid,1
"stcmi p14, c2, [pc], -0x38",1
"stchs p4, c8, [0x00036f18]!",1
svchs 0xbd6a4e,1
"mcrlt p13, 1, fp, c15, c2, 6",1
"andeq r4, r0, 0x12c0",1
"strvs r0, [r6], -r4, lsl 2",1
"cdpmi p15, 0xb, c4, c12, c6, 0",1
"movteq r8, 0xc368",1
"ldrblo r6, [r1], -0x678",1
"ldrbtvs sl, [r8], -r3, lsl 6",1
"stmibvs r6!, {r0, r1, r3, r4, r5, r7, sb, sl, fp, lr}",1
"stchs p15, c2, [sp], -0x19c",1
"streq r4, [r4, -0xc6c]",1
bmi 0x1d9e810,1
"str r0, [r3, -0x404]",1
"orrseq r8, pc, 0xa0000000",1
"strne r8, [r3, -ip, ror 4]",1
"strbmi r4, [0x000364ae]",1
"streq r4, [r4, -0xb30]",1
bmi 0x1d73828,1
"strls r0, [r3], -0x404",1
"strle r8, [r3, -0x20b]",1
"ldcmi p14, c9, [pc], {0}",1
"stmdbvs fp, {r0, r2, r3, r6, sl, fp, lr} ^",1
"strbthi r4, [sb], -0xb4c",1
"movwhi r0, 0x3504",1
"streq r2, [r4], -0xe74",1
"cdpls p4, 0, c8, c12, c3, 0",1
"movweq r0, 0x5467",1
"streq r7, [r2], 0x3fb",1
"stceq p3, c0, [pc], {4}",1
svcvc 0x89039e,1
"streq r0, [r2], -0x2e",1
"strbteq r0, [r6], -r1, lsl 12",1
"streq r0, [r2], -0x85",1
"strvs r6, [r6], -r1, lsl 16",1
"andeq r6, r0, 0x180000",1
invalid,1
"streq r0, [r2], -0x66",1
"cdphs p3, 3, c0, c4, c1, 0",1
blmi 0x1a5f604,1
"stmdaeq r8!, {r0, r1, r2, r5, r6, r8, sb, fp, lr} ^",1
invalid,1
bge 0x109d38,1
invalid,1
"mcrmi p8, 3, r6, c7, c15, 4",1
"strvs r8, [r1], -r3, lsl 8",1
"rsbshi pc, lr, 3, 28",1
"subsge sl, r1, 0x2f",1
"sbceq r0, r8, r7, ror 6",1
"rsbge r6, sb, lr, lsr 14",1
svcls 0x30834c,1
"streq sb, [r4, -0xf67]",1
blt 0x1da3cb0,1
"andle r0, r3, r4, lsl 8",1
"strge r6, [r3, -sl, lsl 12]",1
invalid,1
invalid,1
"smlabbhs r3, r2, r7, r6",1
"uqadd8vs r0, r2, lr",1
"stmvs r3, {r2, r3, r6, r8, sb, fp, lr}",1
invalid,1
svcls 0x4c674d,1
"movwhs r2, 0x8708",1
"cmpge sb, pc, lsr 16",1
"ldrbtvs fp, [pc], -r3, lsl 12 ; [0x370d4:4]=0x4c2e0192",1
"movteq r3, 0xad03",1
"stcmi p1, c0, [lr], -0x248",1
blmi 0x1a09e10,1
"stmdaeq r7!, {r0, r1, r3, r6, sl, fp, lr} ^",1
invalid,1
"andeq r4, r0, 0xbc00",1
blmi 0xf7500,1
"eorshi r0, sb, 0x28000001",1
"movteq r6, 0xb74b",1
blmi 0x19d6c6c,1
"strge r4, [r3], -0xb49",1
invalid,1
"andhs r4, r8, 0x79000",1
"vmlalt.f64 d16, d10, d3",1
"stmdami r8!, {r3, r5, r6, fp, lr} ^",1
"streq r0, [r2], -0x2f",1
"subeq r0, sl, r1, lsl 12",1
"streq r0, [r1], -r2, lsl 8",1
"streq r0, [r2], pc, lsr 12",1
"rscseq r6, r6, fp, asr 26",1
"streq r0, [r2], -r2, lsl 8",1
"streq r0, [r2], -0x82",1
"andeq r8, r0, 0x60000000",1
"rsbeq r0, r6, r4, lsl 20",1
"andhi r0, r1, 0x2000000",1
"strvs r0, [sp], -r6, lsl 6",1
"strbthi r6, [r7], -0x767",1
"andeq r4, r0, 104, 28",1
"cdpls p2, 0, c0, c6, c4, 0",1
"streq r0, [r4], -0x200",1
"streq r0, [r2], -0x9e",1
"strbeq r0, [ip], -0x604",1
"streq r0, [r2], -2",1
bvc 0xffcb7d6c,1
"streq r0, [r2], -0x66",1
"streq r3, [r4], -4",1
"streq r0, [r4], -0x200",1
blt 0x19a178,1
"andeq r0, r0, 4, 4",1
invalid,1
"andeq r8, r0, 0xa0000007",1
"sbcseq r0, r8, r4, lsl 8",1
"strvs r0, [r4, -r2, lsl 8]",1
"strvs r6, [r3, sb, ror 14]",1
"movweq r0, 0x444b",1
svchs 0x2e0586,1
"strge r8, [r3], -0x42f",1
blmi 0x1309a00,1
"sbfxvs r6, r0, 0x12, 0x1c",1
"movteq r2, 0xbf8a",1
"eoreq r6, lr, sp, asr 9",1
"streq r0, [r1], -r2, lsl 8",1
"stcvs p6, c0, [r5, 0x198]",1
svchs 0x4c6d83,1
"orrhi r8, r3, 0xf8000002",1
"andeq r7, r0, 192, 30",1
"strvs r0, [r6], -r4, lsl 4",1
"mrseq r0, r12_usr",1
"ldclt p6, c0, [pc], {0x9e}",1
"rsceq r0, r7, pc, asr 6",1
"addeq r0, r6, 0x58000003",1
"ldcvc p3, c0, [fp, 0x198]",1
"sbceq r0, r1, r6, ror 6",1
"bicseq r0, r4, sl, asr 6",1
"stclvc p3, c0, [fp, 0xb8]!",1
"streq r0, [r2], -0x4a",1
invalid,1
"mrseq r0, r12_usr",1
"addeq r4, r3, r8, lsl 4",1
"movweq r0, 0x1402",1
"stmdbvs r3, {r4, sb, ip, sp, lr, pc}",1
"strvs r3, [sp, -r8, lsl 24]!",1
"strvs r7, [sp, -r8, lsl 22]!",1
invalid,1
"ldrvs r0, [r0, fp, lsl 16]",1
"cdphs p3, 7, c0, c10, c0, 5",1
"stmdaeq ip, {r1, r2, r5, r7, r8, sb}",1
"strbthi r6, [r8], -0x720",1
invalid,1
bleq 0x109fb4,1
"stcvs p0, c2, [r3], {8}",1
"mrseq r0, r12_usr",1
invalid,1
"strvs r8, [r2], -r3, lsl 4",1
"mcrmi p15, 0, r4, c3, c2, 1",1
svchs 0x9f852e,1
"stclhs p12, c4, [fp, -0x12c]",1
"stclmi p15, c2, [fp, -0xc0]",1
"ldcmi p6, c2, [lr], {3}",1
"movteq r6, 0xe8f6",1
"andne r4, r3, 0x6e000",1
svchs 0xbb312e,1
"movtlo r3, 0x512d",1
"stchs p3, c8, [0x0003718c]!",1
"movteq r6, 0xa403",1
svceq 0x34a14,1
"ldrbvs r0, [sl], -lr, lsr 6",1
invalid,1
invalid,1
blt 0x102b5c,1
"stcllt p2, c8, [r7], -0x1fc",1
bmi 0x338008,1
invalid,1
"movteq r8, 0xc368",1
"bicseq r0, r6, 224, 16",1
"cdpmi p1, 6, c0, c6, c11, 7",1
"strthi r5, [r1], 0xf5",1
"stmdane r6!, {r0, r2, r7, sb}",1
"strbhi r4, [fp], -0xea0",1
blmi 0xfe84b098,1
svchs 0xa06e4b,1
"ldrthi r7, [sl], 0x803",1
bmi 0x2f8108,1
"bicseq r4, r6, 0x30000",1
invalid,1
svchs 0x4c2f2f,1
"stmdavs pc!, {r1, r3, r5, r6, r8, sp, pc}",1
"movteq sl, 0xb069",1
invalid,1
"strbvs r4, [sb, -r0, lsr 31]!",1
"strvs sp, [sb], -r3, lsl 8",1
invalid,1
"cdpeq p3, 8, c0, c13, c14, 1",1
"stmdavs r8!, {r1, r3, r6, fp, sp, lr} ^",1
"strtvc r0, [r0], r4, lsl 7",1
"stcllt p14, c4, [0x00036f04]",1
invalid,1
"strmi r3, [r3, -r6, asr 2]",1
"sbceq r0, r0, sl, asr 6",1
"stmdahi r3, {r1, r7, r8, sb, fp, lr}",1
hvc 0xc9ed,1
"streq r0, [r2], -0x2f",1
"addeq r0, r2, r1, lsl 12",1
"strvs r0, [r2], -r2, lsl 8",1
"adcseq r8, sp, r6, lsl 10",1
"streq r0, [r1], -r2, lsl 8",1
"bicseq r0, r7, 0x4a00000",1
"orreq r0, r2, 0xe3",1
"ldcmi p14, c2, [r1, -0x28]!",1
blmi 0x1a4b110,1
"movweq r0, 0x5489",1
"strteq r7, [lr], -0x8e2",1
"streq r0, [r0, r4, lsl 6]!",1
blmi 0xfe12651c,1
"stcvc p3, c0, [r6, 0x130]",1
"rscseq r0, lr, 0xe8000002",1
svchs 0x4f2f4a,1
"ldcmi p14, c11, [ip], 0x27c",1
blmi 0xfe1260d4,1
"sublo r6, fp, ip, asr 24",1
"cdpvc p3, 0xc, c0, c0, c15, 1",1
bmi 0x6f805c,1
bmi 0x1ff4b44,1
"orrseq r0, r0, r5, lsl 7",1
"andeq r5, r0, 8, 16",1
invalid,1
invalid,1
"subeq r0, sl, ip, lsl 5",1
"streq r0, [r2], -r2, lsl 8",1
"streq r0, [r2], -0x2e",1
"movteq r0, 0x9602",1
"andeq r6, r0, 0xd00000",1
"cdpls p1, 0, c0, c6, c4, 0",1
invalid,1
"ldchs p6, c6, [r1, -0x2c]!",1
"mcrhs p3, 0, r0, c9, c1, 1",1
"cdphs p14, 7, c12, c13, c3, 0",1
"andhi sl, r2, 0xc0000000",1
"stchs p12, c4, [r3, 0x1a4]!",1
"stcvs p3, c8, [r3, -0x228]",1
"streq r0, [r2], -0x82",1
bmi 0x577f88,1
"ldrbtvs ip, [sp], -r3, lsl 22",1
"andhi fp, r2, 0xc0000",1
"andeq r0, r4, 0, 4",1
"andeq r2, r0, 6, 28",1
blmi 0x1b7ba8,1
"andeq r0, r4, 0, 4",1
"strgt r5, [r3, -0x47]",1
"stclt p14, c9, [r3, -0x1f4]",1
"stmvs r5, {r1, sb, fp, ip, sp, pc}",1
"mrseq r0, r12_usr",1
"bicseq r7, r6, 0x3000",1
"stclvs p14, c7, [r6, -0x264]!",1
invalid,1
"ldrdhs r0, r1, [r8], -r0",1
invalid,1
invalid,1
blmi 0x12b7b10,1
"andshi lr, sb, 0xc00000",1
blls 0x10a0fc,1
"vstrle s8, [r3, -0x198]",1
"andne r6, r3, sp, ror r6",1
"andeq ip, r4, 8, 16",1
"ldrbtvs r8, [fp], -r3, lsl 8",1
"movweq r0, 0x444b",1
"bicseq r0, r6, 0x2e400000",1
"adcsge r0, sl, lr, lsr 29",1
invalid,1
"mcrle p6, 0, r6, c3, c13, 3",1
invalid,1
svcge 0x36600,1
svcmi 0x67667f,1
"ldrvs r7, [lr, r3, lsl 20]",1
blt 0x397814,1
"cdpls p3, 7, c15, c13, c3, 0",1
invalid,1
"stmdbmi r3, {r3, sp}",1
"sbceq r0, pc, sl, asr 6",1
"vmlsgt.f64 d4, d3, d22",1
"and r4, r3, 0x7e000",1
svcgt 0x36600,1
"movteq r2, 0xbe00",1
"orreq r7, r2, 176, 30",1
blmi 0xbb776c,1
"ldrbtvs sl, [pc], -r3, lsl 12 ; [0x37434:4]=0x4c9f667a",1
"stmdb r3, {r2, r8, sb}",1
"ldcmi p6, c6, [pc], {0x7a}",1
"ldrsbeq r0, [r2], 0x37",1
svcvc 0xb003ba,1
"ldclmi p3, c8, [r4], 0x128",1
svchs 0x2e6a03,1
svcge 0x30704,1
"movweq r4, 0x4a7f",1
"strle sp, [r0], -r3, lsl 4",1
"subeq r1, sl, r3, lsl 12",1
"streq r0, [r1], -r2, lsl 8",1
"strvs r0, [sl, r2, lsl 13]",1
"strvs r4, [r3], -r3, lsl 23",1
"andshi r0, fp, 0x58000003",1
invalid,1
invalid,1
"streq lr, [r4, -0xf83]",1
"ldrbtvs r8, [lr], -r3, lsl 20",1
invalid,1
"andhs r6, r8, 0x100000",1
"vmax.s8 d0, d3, d4",1
"movweq r6, 0x4600",1
"ldrbtvs r8, [pc], -r3, lsl 28 ; [0x37490:4]=0x5203822e",1
invalid,1
"andpl r8, r3, 0xe0000002",1
"mrchs p3, 1, r0, c4, c14, 4",1
invalid,1
"strpl r4, [r3], -0xa2c",1
"eorhi r0, sp, 0xb8000000",1
svchs 0x664a03,1
svcge 0x30704,1
"movweq r4, 0x4a7f",1
"vhsub.s8 d13, d0, d3",1
"stmdaeq lr!, {r0, r1, r8, sb, ip, sp}",1
"andhi r0, sl, 56, 6",1
"cdphs p3, 1, c0, c9, c12, 2",1
"mrseq r0, r12_usr",1
"orreq r1, r2, 0xc00000",1
"andeq r8, r0, 108, 4",1
"strvs r0, [r6], -r4, lsl 2",1
"streq ip, [r4, -6]",1
bmi 0x1faa8e8,1
"stmdalt r3, {r2, r8, sb}",1
"streq r2, [r4, -0xe02]",1
"cdphs p8, 7, c12, c13, c3, 0",1
"stmdalt r3, {r2, r8, sb}",1
"vmlals.f32 s8, s6, s4",1
"str fp, [r3, -0xa7f]",1
"ldrbeq r4, [ip], 0xa00",1
"ldcvc p3, c0, [0x00037510]!",1
"movweq r0, 0x342e",1
"strteq r0, [lr], -0x1d6",1
"cdpvc p3, 0xa, c0, c10, c5, 0",1
"movweq r0, 0x3466",1
"movteq r0, 0xa1df",1
"strteq r0, [lr], -0xe7",1
"cdphs p3, 2, c0, c10, c6, 0",1
"strpl r0, [r3], -r4, lsl 6",1
svchi 0x34b82,1
"strteq r2, [pc], -0xe7f",1
svcvc 0xaf0307,1
"movweq r0, 0x3466",1
"bicseq r0, r6, 0xd2",1
invalid,1
"streq r0, [r1], -r2, lsl 8",1
"streq r0, [r4], 0x666",1
"eorhi r0, r6, 0x18000000",1
bpl 0xf8154,1
svcvc 0x8c0366,1
"rsceq r0, fp, lr, lsr 6",1
blt 0x478278,1
"movweq r0, 0x546a",1
"strbteq r7, [r6], -0xdaa",1
"sbcseq r0, sb, 0xc000000",1
blhi 0x10a368,1
"streq sb, [r4, -0xe7f]",1
"ldmdaeq lr!, {r0, r1, r8, sb, fp, ip, pc} ^",1
"movweq r0, 0x3420",1
"orrseq r0, lr, 0xe000000d",1
"stcvs p14, c7, [r2], {0xad}",1
"stcmi p8, c6, [r4], {0xbd}",1
"teqeq r0, 8, 30",1
invalid,1
svchs 0x4b6e30,1
svclt 0x30504,1
"movweq r2, 0x4e7e",1
"andhi ip, r1, 0x3000000",1
invalid,1
"stmdavs r7!, {r0, r1, r2, r5, r6, r8, sb, pc} ^",1
"strhi r0, [r3], -0x404",1
svchs 0xf84a01,1
"andeq r4, r0, 52, 24",1
bmi 0x1b79b8,1
"strvs sp, [r3], 0x806",1
"streq r0, [r2], -0x6a",1
"strbteq r0, [r6], -r1, lsl 12",1
"adcseq r4, sp, ip, asr 22",1
"streq r0, [r1], -r2, lsl 8",1
"ldcmi p6, c0, [pc], {0x4a}",1
"eorlo r2, sp, sl, ror 30",1
"mrseq r0, r12_usr",1
"strhi r6, [r6], -r6, lsl 12",1
"ldrbtvs r0, [r3], -lr, ror 6",1
bmi 0x37827c,1
"subpl r3, fp, sp, lsr 8",1
"movthi r7, 0xba08",1
bmi 0x6f8318,1
"ldcmi p12, c4, [fp], 0xcc",1
"cdpvs p3, 0, c3, c3, c7, 3",1
"cdphs p3, 0, c0, c13, c14, 1",1
"vmovmi.8 d14[1], r4",1
"movteq r6, 0xa803",1
"ldrthi r2, [r0], -0xe18",1
blmi 0x135139c,1
invalid,1
blhs 0x102f6c,1
"stclhs p8, c13, [fp, -0x128]",1
"mcrvc p3, 7, r0, c14, c15, 5",1
"orrseq r0, r4, sl, asr 6",1
svcmi 0x9b8366,1
"strpl sb, [r3], -0xd83",1
bmi 0x4b8504,1
"eorge r4, lr, r3, lsl 18",1
"streq r0, [r2], -0x6e",1
"strbteq r0, [r6], -r1, lsl 12",1
"teqeq r0, 0x27c000",1
invalid,1
"streq r0, [r2], -0x2e",1
"strbteq r0, [r6], -r1, lsl 12",1
"ldrbtvs fp, [pc], -r3, lsl 20 ; [0x3763c:4]=0x3820c03",1
svcmi 0x4a3703,1
"orreq r0, r2, 0x300",1
"strvc r7, [r8], -0xef9",1
"movteq r5, 0xb0dd",1
"strvs r2, [r3, -pc, lsl 28]",1
"cdphs p3, 0, c0, c10, c14, 1",1
"streq r4, [r4, -0xc30]",1
bmi 0x1fa2a68,1
blle 0xf8670,1
bvs 0x133e6c,1
bmi 0x778390,1
"movteq sb, 0xb208",1
bleq 0x103000,1
"cdphs p3, 1, c0, c2, c10, 2",1
"strgt r0, [r3], -0x304",1
svchs 0x846600,1
"smulwblo pc, r0, fp",1
"adclo r4, r1, r7, ror 26",1
"strbvs r3, [sp, -pc, lsr 32]",1
"mrcmi p12, 7, r4, c6, c11, 5",1
"andvc r5, r3, 0xd0000004",1
"cdphs p3, 0, c0, c10, c10, 2",1
"subshi r0, pc, 0x2c000001",1
invalid,1
invalid,1
"stcmi p8, c0, [r2], -0xc0",1
"strtmi r3, [pc], -sp, asr 32",1
"cdp2 p5, 0, c0, c3, c4, 0",1
"movweq r2, 0x4e7b",1
"strvs r8, [r4], -r3, lsl 24",1
"strvs sp, [r0], -r3, lsl 16",1
"subeq r2, ip, fp, asr 30",1
"streq r0, [r1], -r2, lsl 8",1
"mcrrmi p6, 6, r0, fp, c6",1
"sublo r3, fp, fp, asr 32",1
"movweq r0, 0x444b",1
"stmdble r6!, {r0, r6, r7, sl, fp, ip, sp, lr} ^",1
invalid,1
"strbvs r2, [0x000367a8]",1
"streq r0, [r2], -0x32",1
"strbteq r0, [r6], -r1, lsl 12",1
"stmeq r1!, {r0, r1, r3, r6, r8, sb, fp, lr}",1
"streq r0, [r2], -0x22",1
"strbteq r0, [r6], -r1, lsl 12",1
"stmdblo r3, {r0, r1, r3, r6, r8, sb, sl, sp, lr}",1
invalid,1
"vst1.8 {d20, d21}, [fp], ip",1
blmi 0x12ba308,1
invalid,1
"andls r4, r8, 0x12800",1
bmi 0xb1714,1
svchs 0x834c13,1
blmi 0x1a11fcc,1
invalid,1
"andeq r1, r1, r1, lsl 8",1
"stcle p2, c0, [r0, -0]",1
"andeq r0, r0, 0",1
"vstreq d15, [lr, -4]",1
"mrseq r0, apsr",1
"andeq r0, r0, r1",1
invalid,1
"rsbeq r6, r2, ip, ror 18",1
"rsbsvc r7, r3, 0xbc00000",1
invalid,1
"strbvs r7, [r4, -0x56c]!",1
"strbtvc r6, [sb], -0x22f",1
"strvc r0, [0x000376d5]!",1
"stcvs p2, c7, [pc], -0x1cc",1
"strvs r6, [pc, -sb, ror 4]!",1
invalid,1
"eorvc r6, sp, r2, ror sp",1
invalid,1
"strbvc r6, [lr, -0x96c]!",1
"mcrvs p13, 3, r2, c7, c8, 3",1
"rsbvs r6, r1, 0x1d400000",1
"cdphs p15, 3, c2, c4, c9, 3",1
svchs 0x322e37,1
"stclvs p14, c6, [r3], -0x1a4",1
"rsbeq r6, r5, r5, ror r4",1
"rsbsvc r7, r3, 0xbc00000",1
invalid,1
"strbvs r7, [r4, -0x56c]!",1
"stcvs p14, c2, [pc], -0",1
"andeq r6, r0, sb, ror 4",1
invalid,1
"ldrbtvc r2, [r3], -0xd65",1
"stclvs p5, c6, [r1, -0x1c8]!",1
invalid,1
"ldrbtvc r0, [r3], -0",1
"cdphs p9, 6, c6, c15, c4, 3",1
"andeq r0, r2, r8, rrx",1
"ldrbtvs r7, [r4], -0x300",1
"cdphs p5, 6, c6, c6, c4, 3",1
"andeq r0, r3, r8, rrx",1
"rsbsvc r7, sb, r0, lsl 8",1
"stmdavs lr!, {r0, r2, r5, r6, r8, sb, ip, sp, lr}",1
"andeq r0, r0, r0, lsl 4",1
"stmdbvs r4!, {r0, r1, r4, r5, r6, sl, ip, sp, lr} ^",1
"rsbeq r2, r8, pc, ror 28",1
invalid,1
svcvs 0x696269,1
"streq r6, [r0], -0x82e",1
"ldrbtvc r0, [r3], -0",1
svcpl 0x6f6964,1
"cdphs p8, 7, c7, c4, c5, 3",1
"andeq r0, r4, r8, rrx",1
"ldrbtvs r7, [r4], -0x300",1
"stmdavs lr!, {r0, r3, r5, r6, r8, sb, sl, fp, sp, lr}",1
"andeq r0, r0, r0, lsl 10",1
"cdpvs p2, 7, c7, c2, c5, 3",1
"rsbeq r2, r8, pc, ror 28",1
"andeq r0, r0, r2",1
"vst3.8 {d0, d2, d4}, [r2], r0",1
"movweq r0, 0x1a4",1
"strbeq r0, [fp], -0x138",1
"sbceq r0, ip, r2, lsl 6",1
"movweq r0, 0x144a",1
"movteq r7, 0xafb6",1
"andeq r8, r0, 0xa0000000",1
bmi 0x1b7c2c,1
"mrseq r0, r12_usr",1
blmi 0x1fa7c3c,1
bvs 0x120adc4,1
invalid,1
"andeq pc, r1, r1, lsl 6",1
bhs 0x38034,1
"andeq r0, r0, 1",1
"vstreq d15, [lr, -4]",1
"mrseq r0, apsr",1
"andeq r0, r0, r1",1
invalid,1
"rsbeq r6, r2, ip, ror 18",1
"rsbsvc r7, r3, 0xbc00000",1
invalid,1
"strbvs r7, [r4, -0x56c]!",1
"strbtvc r6, [sb], -0x22f",1
"strvc r0, [0x000377ed]!",1
"stcvs p2, c7, [pc], -0x1cc",1
"strvs r6, [pc, -sb, ror 4]!",1
invalid,1
"eorvc r6, sp, r2, ror sp",1
invalid,1
"strbvc r6, [lr, -0x96c]!",1
"mcrvs p13, 3, r2, c7, c8, 3",1
"rsbvs r6, r1, 0x1d400000",1
"cdphs p15, 3, c2, c4, c9, 3",1
svchs 0x322e37,1
"stclvs p14, c6, [r3], -0x1a4",1
"rsbeq r6, r5, r5, ror r4",1
"rsbsvc r7, r3, 0xbc00000",1
invalid,1
"strbvs r7, [r4, -0x56c]!",1
"stcvs p14, c2, [pc], -0",1
"andeq r6, r0, sb, ror 4",1
invalid,1
invalid,1
"strbtvc r7, [r5], -0x372",1
invalid,1
"ldrbtvc r0, [r3], -0",1
invalid,1
"rsbeq r2, r8, r3, lsr lr",1
"strvs r0, [r0], -r2",1
"ldclvs p14, c6, [r4], -0x18c",1
"rsbeq r2, r8, r2, lsr lr",1
"movwvc r0, 2",1
svcvs 0x696474,1
"andeq r6, r0, 0x2e0000",1
invalid,1
"mrchs p5, 3, r6, c3, c0, 3",1
"andeq r0, r2, r8, rrx",1
"ldrbtvs r7, [r4], -0x300",1
"cdphs p5, 6, c6, c6, c4, 3",1
"andeq r0, r3, r8, rrx",1
"ldrbtvs r7, [r4], -0x300",1
"stmdavs lr!, {r0, r3, r5, r6, r8, sb, sl, fp, sp, lr}",1
"andeq r0, r0, r0, lsl 8",1
"stmdbvs r2!, {r2, r3, r5, r6, r8, fp, sp, lr} ^",1
"rsbeq r2, r8, pc, ror 28",1
"cdpvs p0, 0, c0, c0, c4, 0",1
"ldmdbvc r4!, {r2, r3, r5, r6, r8, sb, sl, fp, ip, lr} ^",1
"mrchs p5, 3, r6, c3, c0, 3",1
"andeq r0, r4, r8, rrx",1
"rsbsvc r7, r4, 0, 6",1
"cdphs p14, 6, c6, c7, c9, 3",1
"andeq r0, r4, r8, rrx",1
"ldrbtvs r7, [r4], -0x300",1
"cdphs p9, 6, c6, c2, c12, 3",1
"andeq r0, r4, r8, rrx",1
"strbvc r3, [r2, -0xc00]!",1
"ldclhs p12, c6, [r4, -0x1a4]!",1
"eorseq r6, lr, sb, ror 28",1
"movwvc r0, 0",1
svcvs 0x696474,1
"streq r6, [r0, -0x82e]",1
"cdpvs p0, 7, c0, c5, c0, 0",1
"ldrbtvs r7, [r4], -0x369",1
"streq r6, [r0], -0x82e",1
invalid,1
"cdpvs p7, 6, c6, c9, c14, 3",1
"stmdavs lr!, {r1, r2, r5, r6, r8, sb, sl, fp, sp, lr}",1
"andeq r0, r0, r0, lsl 8",1
"andeq r0, r5, 0",1
"andeq sl, r1, r0, lsl 11",1
invalid,1
"movteq r0, 0xa903",1
"umaallo r0, sl, sp, r1",1
"ldrbtvs lr, [ip], -r3, lsl 24",1
bmi 0x2786a8,1
"strbvs sl, [ip], -0x34b",1
"strlo r4, [sb, -0xf29]!",1
"andeq r6, r4, 0x35c0000",1
bmi 0x201f998,1
"movw r0, 0x3104",1
"strteq r8, [pc], -0x200",1
svcvc 0x9c0302,1
"strhi r0, [r3], -0x44a",1
invalid,1
"ldrbvs r6, [r1, -r0, lsl 12]",1
"streq r4, [r4], -0xb69",1
bmi 0x2019db8,1
"stmdahi r3, {r2, r8}",1
"stcmi p8, c0, [r0], -4",1
"movweq r0, 0x44a0",1
"strbeq r7, [sl], -0xef4",1
"orrseq r0, r1, r1, lsl 6",1
bvs 0x19ff9e4,1
"stmdavs r7!, {r0, r1, r3, r6, fp, ip, lr, pc} ^",1
"strvs r4, [r6, ip, asr 22]",1
"mrrcmi p14, 8, r4, r0, c4",1
"movweq r0, 0x2445",1
"streq r7, [r2], 0xefa",1
"orreq r0, r7, r1, lsl 6",1
"movweq r0, 0x2466",1
"strteq r7, [lr], -0xef9",1
"rsceq r0, r1, r1, lsl 6",1
bmi 0x2b8864,1
"cdphs p3, 1, c0, c9, c15, 2",1
"movteq r3, 0x624b",1
"movteq r7, 0xafbc",1
"movteq r0, 0xa0c5",1
"andge r2, r3, 9, 28",1
invalid,1
"stclt p14, c2, [r3, -4]",1
vpushmi {s8},1
"streq r0, [r2], -0x9f",1
"strbeq r0, [sl], -r1, lsl 12",1
invalid,1
bmi 0x3786d0,1
"eoreq r0, lr, 0xc00",1
invalid,1
"strheq r0, [r0], -r0",1
"rsbseq r0, r6, r2",1
invalid,1
"strdeq r0, r1, [sp], -fp",1
"mrseq r0, apsr",1
invalid,1
svchs 0x10000,1
"strbvs r6, [sp, -0xf68]!",1
"strbvc r6, [r2, -0xa2f]!",1
"strbtvc r6, [r5], -0xb72",1
invalid,1
"eorvs r6, pc, 116, 30",1
"strbtvs r6, [ip], -0x975",1
"rsbvc r7, sp, pc, lsr 8",1
"rsbvc r7, pc, 0xbc0000",1
"ldmdavs r3!, {r0, r1, r3, r5, r6, r8, sl, fp, sp} ^",1
"strbtvs r7, [r5], -0x261",1
invalid,1
"strlo r3, [lr, -sp, lsr 8]!",1
"eorvc r3, sp, 0xe0000002",1
invalid,1
"strtlo r6, [sp], -0x363",1
"eorlo r3, lr, 0xb80000",1
"rsbvs r6, sb, 0x2f00",1
svchs 0x636367,1
"strbtvs r6, [lr], -r3, ror 30",1
invalid,1
"andeq r6, r0, r2, ror sp",1
invalid,1
invalid,1
"subseq r2, r3, r3, ror lr",1
"andeq r0, r0, r1",1
"and r0, r2, r0, lsl 10",1
"movweq r0, 0x1a8",1
"andlo r0, r1, ip, asr 15",1
svchs 0x2f2f2f,1
"ldclvc p3, c0, [r4], 0xbc",1
"strtle r0, [sb], -lr, lsr 6",1
"stmdaeq r2, {r0, r1, r8, sb, sl, sp, lr, pc}",1
svchs 0x312fe4,1
svchs 0x4c302f,1
"sasxvs r0, r6, r2",1
svchs 0x2f2f2f,1
"eoreq r2, pc, 47, 30",1
"mrseq r0, apsr",1
"strheq r0, [r0], -ip",1
"rsbseq r0, r6, r2",1
invalid,1
"strdeq r0, r1, [sp], -fp",1
"mrseq r0, apsr",1
invalid,1
svchs 0x10000,1
"strbvs r6, [sp, -0xf68]!",1
"strbvc r6, [r2, -0xa2f]!",1
"strbtvc r6, [r5], -0xb72",1
invalid,1
"eorvs r6, pc, 116, 30",1
"strbtvs r6, [ip], -0x975",1
"rsbvc r7, sp, pc, lsr 8",1
"rsbvc r7, pc, 0xbc0000",1
"ldmdavs r3!, {r0, r1, r3, r5, r6, r8, sl, fp, sp} ^",1
"strbtvs r7, [r5], -0x261",1
invalid,1
"strlo r3, [lr, -sp, lsr 8]!",1
"eorvc r3, sp, 0xe0000002",1
invalid,1
"strtlo r6, [sp], -0x363",1
"eorlo r3, lr, 0xb80000",1
"rsbvs r6, sb, 0x2f00",1
svchs 0x636367,1
"strbtvs r6, [lr], -r3, ror 30",1
invalid,1
"andeq r6, r0, r2, ror sp",1
invalid,1
invalid,1
"subseq r2, r3, r3, ror lr",1
"andeq r0, r0, r1",1
"stmdage r2, {r8, sl}",1
"movweq r0, 0x1a9",1
svchs 0x108f3,1
svchs 0x2f3030,1
svchs 0x2f302f,1
"strgt r2, [r3], -pc, lsr 30",1
"stmdbhs r3, {r0, r1, r3, r4, r5, r6, sb, sl, fp, sp}",1
"ldreq r0, [r5], 0x3d6",1
svchs 0x30e408,1
invalid,1
"eorlo r2, pc, r0, lsr pc",1
svchs 0x302f4c,1
"andshi r0, r6, 0xc8000000",1
svchs 0x2f2f2f,1
"eoreq r2, pc, 47, 30",1
"mrseq r0, apsr",1
"andeq r0, r0, pc, lsl 1",1
"rsbseq r0, r2, r2",1
invalid,1
"strdeq r0, r1, [sp], -fp",1
"mrseq r0, apsr",1
invalid,1
svchs 0x10000,1
"strbvs r6, [sp, -0xf68]!",1
"strbvc r6, [r2, -0xa2f]!",1
"strbtvc r6, [r5], -0xb72",1
invalid,1
"eorvs r6, pc, 116, 30",1
"strbtvs r6, [ip], -0x975",1
"rsbvc r7, sp, pc, lsr 8",1
"rsbvc r7, pc, 0xbc0000",1
"ldmdavs r3!, {r0, r1, r3, r5, r6, r8, sl, fp, sp} ^",1
"strbtvs r7, [r5], -0x261",1
invalid,1
"strlo r3, [lr, -sp, lsr 8]!",1
"eorvc r3, sp, 0xe0000002",1
invalid,1
"strtlo r6, [sp], -0x363",1
"eorlo r3, lr, 0xb80000",1
"rsbvs r6, sb, 0x2f00",1
svchs 0x636367,1
"strbtvs r6, [lr], -r3, ror 30",1
invalid,1
"andeq r6, r0, r2, ror sp",1
"rsbvs r7, r1, 0x62",1
"subseq r2, r3, sb, ror 28",1
"andeq r0, r0, r1",1
"strge r0, [r2], -0x500",1
"movweq r0, 0x1aa",1
"stmdaeq r1, {r0, r1, r2, r5, r6, r7}",1
svchs 0x2f305d,1
"andeq r2, r2, 47, 30",1
"andls r0, r1, 0, 2",1
"andeq r0, r0, 0",1
"andeq r7, r0, r0, lsl 12",1
blx 0x7843a,1
invalid,1
"andeq r0, r1, r1, lsl 2",1
"andeq r0, r1, r0",1
"stmdavs pc!, {r8}",1
svchs 0x656d6f,1
"rsbsvc r6, r5, 0xa0000006",1
svchs 0x74656b,1
"strbtvc r6, [r3], -0xf79",1
"strbvc r2, [r2, -0xf6f]!",1
svchs 0x646c69,1
svchs 0x706d74,1
blvs 0x1cd3a44,1
invalid,1
svchs 0x646572,1
"stclhs p3, c6, [r3, -0x19c]!",1
"mrchs p14, 1, r2, c7, c4, 1",1
"rsbslo r2, r2, 0xc80",1
invalid,1
"cdphs p13, 3, c2, c4, c3, 3",1
svchs 0x322e37,1
"strbvs r6, [r2, -ip, ror 18]!",1
invalid,1
"stmdbvs r6!, {r0, r1, r2, r3, r5, r6, sb, sl, fp, sp, lr} ^",1
"rsbvc r2, r1, 0x19c",1
invalid,1
"ldrtvs r6, [r1], -sb, ror 4",1
invalid,1
invalid,1
"andeq r0, r0, r0",1
bge 0xffa384c4,1
"stcge p0, c0, [r3, -4]",1
svchs 0x2f010a,1
"vaddhs.f64 d27, d7, d3",1
invalid,1
"andeq sb, r0, r1",1
"andvc r0, r0, 0, 4",1
"andeq r0, r0, 0",1
"vstreq d15, [lr, -4]",1
"mrseq r0, apsr",1
"andeq r0, r0, r1",1
invalid,1
"stclvs p8, c6, [0x00037c24]!",1
"rsbvs r2, sl, 0x194",1
"strbvs r7, [fp, -0x275]!",1
svcvs 0x792f74,1
svchs 0x6f7463,1
"stclvs p5, c7, [sb], -0x188",1
"ldclvs p15, c2, [r4, -0x190]!",1
svcvs 0x772f70,1
invalid,1
"ldrbvs r6, [r2, -0x168]!",1
invalid,1
"cdphs p13, 3, c2, c4, c3, 3",1
"ldchs p14, c2, [r2, -0xdc]!",1
svchs 0x303272,1
"stclhs p3, c6, [r3, -0x19c]!",1
"mrchs p14, 1, r2, c7, c4, 1",1
"stmdbvs ip!, {r1, r4, r5, r8, sb, sl, fp, sp} ^",1
invalid,1
"cdpvs p3, 6, c6, c15, c15, 1",1
svchs 0x676966,1
"rsbeq r7, sp, r1, ror 4",1
"cmnvs r0, r0, lsl 4",1
invalid,1
"andeq r0, r0, r0, lsl 2",1
"andeq r0, r5, 0",1
"strdeq sl, fp, [r1], -r8",1
"cdphs p5, 0, c2, c1, c3, 0",1
"ldrbtlo r2, [r4], 0xf85",1
invalid,1
invalid,1
"andeq pc, r0, r1, lsl 24",1
"strvc r0, [r0], -r0, lsl 4",1
"andeq r0, r0, 0",1
"vstreq d15, [lr, -4]",1
"mrseq r0, apsr",1
"andeq r0, r0, r1",1
invalid,1
"stclvs p8, c6, [0x00037cb8]!",1
"rsbvs r2, sl, 0x194",1
"strbvs r7, [fp, -0x275]!",1
svcvs 0x792f74,1
svchs 0x6f7463,1
"stclvs p5, c7, [sb], -0x188",1
"ldclvs p15, c2, [r4, -0x190]!",1
svcvs 0x772f70,1
invalid,1
"ldrbvs r6, [r2, -0x168]!",1
invalid,1
"cdphs p13, 3, c2, c4, c3, 3",1
"ldchs p14, c2, [r2, -0xdc]!",1
svchs 0x303272,1
"stclhs p3, c6, [r3, -0x19c]!",1
"mrchs p14, 1, r2, c7, c4, 1",1
"stmdbvs ip!, {r1, r4, r5, r8, sb, sl, fp, sp} ^",1
invalid,1
invalid,1
invalid,1
"rsbeq r2, r3, r2, lsr lr",1
invalid,1
invalid,1
"stmdavs lr!, {r0, r1, r5, r6, sb, ip, sp}",1
"andeq r0, r0, r0, lsl 2",1
"andeq r0, r5, 0",1
"andeq sl, r1, r0, ror fp",1
invalid,1
"stmdami pc!, {r2, r4, r5, sb, fp, sp}",1
svchs 0x493033,1
svchs 0x494c67,1
bmi 0x1feb5fc,1
"eorlo r5, lr, r3, lsl 16",1
"cdphs p3, 2, c0, c5, c15, 1",1
"teqlo r0, 48, 28",1
"eorlo r4, sp, 0xbc00",1
"strpl r0, [r2], -0x903",1
"addlo r4, r4, r1, lsl 22",1
svchs 0x2e0903,1
invalid,1
invalid,1
invalid,1
"strpl r3, [r2], -ip, lsr 32",1
"andseq r0, r0, 0x5c000000",1
"movwne r0, 0x3158",1
beq 0x103b50,1
"teqeq r4, 0x4a000000",1
invalid,1
"ldchs p0, c3, [r0], -0x128",1
"cmnlo sp, 0xc40",1
"ldmdaeq r3, {r1, sp, lr}",1
"eorlo r0, r2, 0x760000",1
"stclhs p0, c4, [sl, -0xc]",1
"cdphs p5, 0, c14, c0, c3, 0",1
invalid,1
"vstmdbmi pc!, {s8, s9, s10, s11, s12, s13, s14, s15, s16, s17, s18, s19, s20, s21, s22, s23, s24, s25, s26, s27, s28}",1
invalid,1
"andeq lr, r0, r1, lsl 22",1
"strvc r0, [r0], -r0, lsl 4",1
"andeq r0, r0, 0",1
"vstreq d15, [lr, -4]",1
"mrseq r0, apsr",1
"andeq r0, r0, r1",1
invalid,1
"stclvs p8, c6, [0x00037db8]!",1
"rsbvs r2, sl, 0x194",1
"strbvs r7, [fp, -0x275]!",1
svcvs 0x792f74,1
svchs 0x6f7463,1
"stclvs p5, c7, [sb], -0x188",1
"ldclvs p15, c2, [r4, -0x190]!",1
svcvs 0x772f70,1
invalid,1
"ldrbvs r6, [r2, -0x168]!",1
invalid,1
"cdphs p13, 3, c2, c4, c3, 3",1
"ldchs p14, c2, [r2, -0xdc]!",1
svchs 0x303272,1
"stclhs p3, c6, [r3, -0x19c]!",1
"mrchs p14, 1, r2, c7, c4, 1",1
"stmdbvs ip!, {r1, r4, r5, r8, sb, sl, fp, sp} ^",1
invalid,1
invalid,1
invalid,1
"rsbeq r2, r3, r2, lsr lr",1
invalid,1
invalid,1
"stmdavs lr!, {r0, r1, r5, r6, sb, ip, sp}",1
"andeq r0, r0, r0, lsl 2",1
"andeq r0, r5, 0",1
"strdeq sl, fp, [r1], -r8",1
invalid,1
"cdphs p14, 7, c9, c14, c3, 0",1
"cdphs p2, 0, c14, c1, c3, 0",1
bmi 0x1fb56f8,1
"strhs r2, [r3, -0xf30]",1
"sublo r3, lr, lr, lsr 32",1
"stclhs p15, c2, [fp, -0xcc]",1
"andeq r0, sb, 0xc8000000",1
"strbhi r0, [fp], -0x154",1
"mcrhs p3, 0, r0, c9, c0, 1",1
"cdphs p3, 7, c0, c6, c15, 1",1
"stchs p2, c1, [lr], -0xc",1
invalid,1
"strpl r3, [r2], -0x12b",1
"andseq r0, r0, 0x5c000000",1
"movwne r0, 0x3154",1
beq 0x103c48,1
"teqeq r4, 0x4a000000",1
invalid,1
"eorlo r3, sp, sl, asr 2",1
"subeq r3, sp, 44, 2",1
"strvc r1, [r8], -r2, ror 6",1
"teqeq r2, 8, 4",1
invalid,1
"eoreq r0, lr, 148, 2",1
"mrseq r0, apsr",1
"andeq r0, r0, r7, lsl 2",1
"sbceq r0, r7, r2",1
invalid,1
"strdeq r0, r1, [sp], -fp",1
"mrseq r0, apsr",1
invalid,1
svchs 0x10000,1
"strbvs r6, [sp, -0xf68]!",1
"strbvc r6, [r2, -0xa2f]!",1
"strbtvc r6, [r5], -0xb72",1
invalid,1
"eorvs r6, pc, 116, 30",1
"strbtvs r6, [ip], -0x975",1
"rsbvc r7, sp, pc, lsr 8",1
"cmnvc sb, 0xbc000000",1
"strbtvc r6, [pc], -0xf72",1
"ldmdalo r8!, {r0, r1, r4, r5, r6, r8, sb, sl, fp, sp} ^",1
"ldrtlo r5, [r6], -0xf36",1
"cdpvs p12, 6, c6, c9, c13, 1",1
"strvc r7, [0x0003771f]!",1
"stcvs p2, c7, [pc], -0x1cc",1
invalid,1
invalid,1
"ldrbtvs r2, [r6], -r1, ror 26",1
"strbvs r2, [lr, -0xd70]!",1
"eorvc r6, sp, pc, ror 28",1
invalid,1
"strbvc r6, [lr, -0x96c]!",1
"mcrvs p13, 3, r2, c7, c8, 3",1
"rsbvs r6, r1, 0x1d400000",1
invalid,1
"rsbvc r2, r3, 0x18c0",1
"ldclhs p3, c7, [r3, -0x1bc]!",1
"strbtvc r6, [sb], -0xe69",1
svchs 0x6c6169,1
svchs 0x636367,1
"stclhs p2, c7, [sp, -0x184]!",1
"stmdbvc fp!, {r4, r5, r6, r8, sb, sl, fp, sp, lr} ^",1
"cdpvs p12, 6, c6, c9, c13, 1",1
invalid,1
invalid,1
"strtlo r6, [pc], -0x962",1
"eorlo r3, lr, 0xb80000",1
invalid,1
"strbvs r7, [r4, -0x56c]!",1
"stclvs p0, c0, [r5], -0",1
"cdpvs p13, 6, c2, c9, c6, 3",1
invalid,1
"andeq r0, r0, r0",1
"strbtvs r7, [r4], -0x473",1
"stmdavs lr!, {r0, r2, r5, r6, sb, sl, sp, lr}",1
"andeq r0, r0, r0, lsl 2",1
"andeq r0, r5, 0",1
"andeq fp, r1, r4, lsl 8",1
invalid,1
"cdphs p3, 1, c0, c0, c14, 1",1
invalid,1
"andvc r2, r3, r0, lsl lr",1
"cdphs p3, 1, c0, c0, c14, 1",1
"subeq r3, fp, ip, lsr 32",1
"movwhi r0, 0x2402",1
"andeq r0, r4, 0, 4",1
"streq r0, [r2], -0x81",1
"andeq r2, r0, 2, 30",1
invalid,1
"andeq sb, r2, 9, 28",1
"mrspl r0, apsr",1
"andeq r0, r0, 0",1
"andeq r3, r0, r0, lsl 12",1
blx 0x7885e,1
invalid,1
"andeq r0, r1, r1, lsl 2",1
"andeq r0, r1, r0",1
"cdphs p1, 2, c0, c14, c0, 0",1
invalid,1
"strbvs r7, [r4, -0x56c]!",1
"strbtvc r0, [r1], -0",1
"strbtvc r7, [sb], -0x865",1
"andeq r6, r0, lr, lsr 6",1
"ldrbtvc r0, [r3], -0",1
"rsbvs r6, sb, 100, 24",1
invalid,1
"andeq r0, r0, r0",1
"strbtlt r0, [ip], -0x205",1
"andlo r0, r3, r1",1
"stmdbmi pc!, {r0, r8}",1
"andseq r8, r0, 0x2f000000",1
"mrseq r0, apsr",1
"andeq r0, r0, r6, asr r0",1
"eorseq r0, r2, r2",1
invalid,1
"strdeq r0, r1, [sp], -fp",1
"mrseq r0, apsr",1
invalid,1
"cdphs p0, 0, c0, c1, c0, 0",1
svcvs 0x702f2e,1
svchs 0x737472,1
"ldrbtvs r7, [r3], -0x973",1
svchs 0x737065,1
"rsbeq r7, sp, r1, ror 4",1
"ldrbtvc r6, [r2], -0x300",1
"subseq r2, r3, lr, ror 28",1
"andeq r0, r0, r1",1
"strvs r0, [r2], -0x500",1
"movweq r0, 0x91",1
"andeq r0, r2, 0x4000000b",1
"andeq r0, r1, r0, lsl 2",1
"ldrlt r0, [ip], 0x205",1
"strlo r0, [r3, -1]",1
"andeq r0, r2, r1, lsl 4",1
"andeq r0, r0, r1, lsl 2",1
"andeq r0, r0, ip",1
invalid,1
invalid,1
"andeq r0, sp, lr, lsl 24",1
"andeq r0, r0, r8, lsl r0",1
"andeq r0, r0, r0",1
"andeq sb, r0, r4, lsr r6",1
"andeq r0, r0, ip, lsl 2",1
"tsthi r0, 0x420",1
"strhi r8, [r3, -0x404]",1
"andeq r8, r1, r2, lsl 28",1
"andeq r0, r0, ip, lsl r0",1
"andeq r0, r0, r0",1
"andeq sb, r0, r0, asr 14",1
"andeq r0, r0, ip, lsl 1",1
"ldrhi r0, [r4], -0xe42",1
"strhi r8, [r4], -r5, lsl 10",1
"cdphi p7, 0, c8, c2, c3, 0",1
"stmdahs lr, {r0, sb, lr}",1
"andeq r0, r0, r4, lsr 32",1
"andeq r0, r0, r0",1
"andeq sb, r0, ip, asr 15",1
"andeq r0, r0, r8, asr r4",1
"strthi r0, [r4], -0xe42",1
"strhi r8, [r8], -sb, lsl 10",1
"stmdahi r6, {r0, r1, r2, r8, sb, sl, pc}",1
bhi 0x15a580,1
"vmlahi.f64 d8, d2, d3",1
"stmdalo lr, {r0, sb, lr}",1
"andeq r0, r0, r4, lsl r0",1
"andeq r0, r0, r0",1
"andeq sb, r0, r4, lsr 24",1
"andeq r0, r0, r4, asr 4",1
"movwhi r0, 0x8e42",1
"andeq r8, r1, r2, lsl 28",1
"andeq r0, r0, r4, lsr 32",1
"andeq r0, r0, r0",1
"andeq sb, r0, r8, ror 28",1
"andeq r0, r0, r4, ror r8",1
"strthi r0, [r4], -0xe42",1
"strhi r8, [r8], -sb, lsl 10",1
"stmdahi r6, {r0, r1, r2, r8, sb, sl, pc}",1
bhi 0x15a5c0,1
"vmlahi.f64 d8, d2, d3",1
"stmdami lr, {r0, sb, lr}",1
"andeq r0, r0, ip",1
invalid,1
invalid,1
"andeq r0, sp, lr, lsl 24",1
"andeq r0, r0, ip",1
"strheq r0, [r0], -r4",1
"ldrdeq sl, fp, [r0], -ip",1
"andeq r0, r0, r0, lsl r0",1
"andeq r0, r0, ip",1
"strheq r0, [r0], -r4",1
"andeq sl, r0, ip, ror 13",1
"andeq r0, r0, r0, lsl r0",1
"andeq r0, r0, ip, lsl r0",1
"strheq r0, [r0], -r4",1
"strdeq sl, fp, [r0], -ip",1
"strdeq r0, r1, [r0], -r8",1
"ldrhi r0, [r0], -0xe42",1
"strhi r8, [r3], -r4, lsl 10",1
"andmi r8, r1, 2, 28",1
"andeq r1, r0, lr, lsl 16",1
"andeq r0, r0, ip",1
invalid,1
invalid,1
"andeq r0, sp, lr, lsl 24",1
"andeq r0, r0, r4, lsl r0",1
"andeq r0, r0, r4, lsl 2",1
"strdeq sl, fp, [r0], -r4",1
"andeq r0, r0, r8, ror r0",1
"strhi r0, [r8], -0xe42",1
"andeq r8, r1, r2, lsl 10",1
"andeq r0, r0, r4, lsl r0",1
"andeq r0, r0, r4, lsl 2",1
"andeq sl, r0, ip, ror 16",1
"andeq r0, r0, r8, asr 32",1
"strhi r0, [r8], -0xe42",1
"andeq r8, r1, r2, lsl 28",1
"andeq r0, r0, ip",1
invalid,1
invalid,1
"andeq r0, sp, lr, lsl 24",1
"andeq r0, r0, r8, lsl r0",1
"andeq r0, r0, r4, asr 2",1
"strheq sl, [r0], -r4",1
"andeq r0, r0, r8, lsr 32",1
"strhi r0, [ip], -0xe42",1
"cdphi p5, 0, c8, c2, c3, 0",1
"andhs r4, lr, r1, lsl 4",1
"andeq r0, r0, r8, lsl r0",1
"andeq r0, r0, r4, asr 2",1
"ldrdeq sl, fp, [r0], -ip",1
"andeq r0, r0, r4, lsr r0",1
"strhi r0, [r8], -0xe42",1
"andmi r8, r1, 2, 28",1
"andeq r1, r0, lr, lsl 16",1
"andeq r0, r0, ip",1
invalid,1
invalid,1
"andeq r0, sp, lr, lsl 24",1
"andeq r0, r0, ip",1
"andeq r0, r0, ip, lsl 3",1
"andeq sl, r0, r0, lsl sb",1
"andeq r0, r0, r0, asr 32",1
"andeq r0, r0, r0, lsr 32",1
"andeq r0, r0, ip, lsl 3",1
"andeq sl, r0, r0, asr sb",1
"andeq r0, r0, r0, ror 1",1
"strthi r0, [r0], -0xe42",1
"strhi r8, [r7], -r8, lsl 10",1
"stmdahi r5, {r1, r2, r8, sb, sl, pc}",1
bhi 0x11a6dc,1
"andeq r8, r1, r2, lsl 28",1
"andeq r0, r0, r4, lsl r0",1
"andeq r0, r0, ip, lsl 3",1
"andeq sl, r0, r0, lsr sl",1
"andeq r0, r0, r0, lsl r0",1
"movwhi r0, 0x8e42",1
"andeq r8, r1, r2, lsl 28",1
"andeq r0, r0, r4, lsl r0",1
"andeq r0, r0, ip, lsl 3",1
"andeq sl, r0, r0, asr 20",1
"andeq r0, r0, r0, lsl r0",1
"movwhi r0, 0x8e42",1
"andeq r8, r1, r2, lsl 28",1
"andeq r0, r0, ip",1
invalid,1
invalid,1
"andeq r0, sp, lr, lsl 24",1
"andeq r0, r0, r8, lsl r0",1
"andeq r0, r0, r0, lsl 4",1
"andeq sl, r0, r0, asr sl",1
"strheq r0, [r0], -r8",1
"tsthi r0, 0x420",1
"strhi r8, [r3, -0x404]",1
"andeq r8, r1, r2, lsl 28",1
"andeq r0, r0, ip",1
invalid,1
invalid,1
"andeq r0, sp, lr, lsl 24",1
"andeq r0, r0, r4, lsl r0",1
"andeq r0, r0, ip, lsr 4",1
"andeq sl, r0, r8, lsl 22",1
"andeq r0, r0, r4, asr r0",1
"movwhi r0, 0x8e42",1
"andeq r8, r1, r2, lsl 28",1
"andeq r0, r0, r8, lsl r0",1
"andeq r0, r0, ip, lsr 4",1
"andeq sl, r0, ip, asr fp",1
"andeq r0, r0, ip, lsl 3",1
"ldrhi r0, [r0], -0xe42",1
"strhi r8, [r3], -r4, lsl 10",1
"andeq r8, r1, r2, lsl 28",1
"andeq r0, r0, r8, lsr 32",1
"andeq r0, r0, ip, lsr 4",1
"andeq sl, r0, r8, ror 25",1
"andeq r0, r0, r0, lsr 26",1
"strthi r0, [r4], -0xe42",1
"strhi r8, [r8], -sb, lsl 10",1
"stmdahi r6, {r0, r1, r2, r8, sb, sl, pc}",1
bhi 0x15a7a4,1
"vmlahi.f64 d8, d2, d3",1
"stmdahi lr, {r0, sb, lr}",1
"andeq r0, r0, r1",1
"andeq r0, r0, r4, lsr 32",1
"andeq r0, r0, ip, lsr 4",1
"andeq fp, r0, r8, lsl 20",1
"andeq r0, r0, r0, asr 3",1
"strthi r0, [r4], -0xe42",1
"strhi r8, [r8], -sb, lsl 10",1
"stmdahi r6, {r0, r1, r2, r8, sb, sl, pc}",1
bhi 0x15a7d0,1
"vmlahi.f64 d8, d2, d3",1
"andpl r4, lr, r1, lsl 4",1
"andeq r0, r0, r8, lsl r0",1
"andeq r0, r0, ip, lsr 4",1
"andeq fp, r0, r8, asr 23",1
"andeq r0, r0, r8, lsr r0",1
"ldrhi r0, [r0], -0xe42",1
"strhi r8, [r3], -r4, lsl 10",1
"andeq r8, r1, r2, lsl 28",1
"andeq r0, r0, ip",1
"andeq r0, r0, ip, lsr 4",1
"andeq fp, r0, r0, lsl 24",1
"andeq r0, r0, r8, lsl r0",1
"andeq r0, r0, ip",1
"andeq r0, r0, ip, lsr 4",1
"andeq fp, r0, r8, lsl ip",1
"andeq r0, r0, r8, lsl r0",1
"andeq r0, r0, r4, lsl r0",1
"andeq r0, r0, ip, lsr 4",1
"andeq fp, r0, r0, lsr ip",1
"andeq r0, r0, r4, asr 32",1
"strhi r0, [r4], -0xe42",1
"andeq r0, r0, r1",1
"andeq r0, r0, ip",1
"andeq r0, r0, ip, lsr 4",1
"andeq fp, r0, r4, ror ip",1
"andeq r0, r0, ip, lsl r0",1
"andeq r0, r0, r4, lsl r0",1
"andeq r0, r0, ip, lsr 4",1
"muleq r0, r0, ip",1
"andeq r0, r0, r4, lsr r0",1
"movwhi r0, 0x8e42",1
"andeq r8, r1, r2, lsl 28",1
"andeq r0, r0, r4, lsr 32",1
"andeq r0, r0, ip, lsr 4",1
"andeq fp, r0, r4, asr 25",1
"andeq r0, r0, r0, lsl 1",1
"strthi r0, [r0], -0xe42",1
"strhi r8, [r7], -r8, lsl 10",1
"stmdahi r5, {r1, r2, r8, sb, sl, pc}",1
bhi 0x11a870,1
"andmi r8, r1, 2, 28",1
"andeq r3, r0, lr, lsl 16",1
"andeq r0, r0, r4, lsr 32",1
"andeq r0, r0, ip, lsr 4",1
"andeq fp, r0, r4, asr 26",1
"ldrdeq r0, r1, [r0], -ip",1
"strthi r0, [r4], -0xe42",1
"strhi r8, [r8], -sb, lsl 10",1
"stmdahi r6, {r0, r1, r2, r8, sb, sl, pc}",1
bhi 0x15a89c,1
"vmlahi.f64 d8, d2, d3",1
"andpl r4, lr, r1, lsl 4",1
"andeq r0, r0, r4, lsl r0",1
"andeq r0, r0, ip, lsr 4",1
"andeq fp, r0, r0, lsr 28",1
"andeq r0, r0, r4, lsl r0",1
"movwhi r0, 0x8e42",1
"andeq r8, r1, r2, lsl 28",1
"andeq r0, r0, ip, lsl r0",1
"andeq r0, r0, ip, lsr 4",1
"andeq fp, r0, r4, lsr lr",1
"andeq r0, r0, r4, lsr 1",1
"tsthi r8, 0x420",1
"strhi r8, [r5, -0x406]",1
"strhi r8, [r3, -r4, lsl 12]",1
"andeq r8, r1, r2, lsl 28",1
"andeq r0, r0, r4, lsl r0",1
"andeq r0, r0, ip, lsr 4",1
"ldrdeq fp, ip, [r0], -r8",1
"andeq r0, r0, r8, lsl r0",1
"movwhi r0, 0x8e42",1
"andeq r8, r1, r2, lsl 28",1
"andeq r0, r0, r4, lsl r0",1
"andeq r0, r0, ip, lsr 4",1
"strdeq fp, ip, [r0], -r0",1
"andeq r0, r0, r4, lsl r0",1
"movwhi r0, 0x8e42",1
"andeq r8, r1, r2, lsl 28",1
"andeq r0, r0, r4, lsl r0",1
"andeq r0, r0, ip, lsr 4",1
"andeq fp, r0, r4, lsl 30",1
"andeq r0, r0, r4, lsl r0",1
"movwhi r0, 0x8e42",1
"andeq r8, r1, r2, lsl 28",1
"andeq r0, r0, r4, lsl r0",1
"andeq r0, r0, ip, lsr 4",1
"andeq fp, r0, r8, lsl pc",1
"andeq r0, r0, ip, lsl r0",1
"movwhi r0, 0x8e42",1
"andeq r8, r1, r2, lsl 28",1
"andeq r0, r0, r8, lsl r0",1
"andeq r0, r0, ip, lsr 4",1
"andeq fp, r0, r4, lsr pc",1
"andeq r0, r0, r4, lsr r0",1
"strhi r0, [ip], -0xe42",1
"cdphi p5, 0, c8, c2, c3, 0",1
"andmi r4, lr, r1, lsl 4",1
"andeq r0, r0, ip, lsl r0",1
"andeq r0, r0, ip, lsr 4",1
"andeq fp, r0, r8, ror 30",1
"andeq r0, r0, r8, lsr r0",1
"ldrhi r0, [r0], -0xe42",1
"strhi r8, [r3], -r4, lsl 10",1
"andmi r8, r1, 2, 28",1
"andeq r4, r0, lr",1
"andeq r0, r0, r4, lsl r0",1
"andeq r0, r0, ip, lsr 4",1
"andeq fp, r0, r0, lsr 31",1
"andeq r0, r0, ip, lsl r0",1
"movwhi r0, 0x8e42",1
"andeq r8, r1, r2, lsl 28",1
"andeq r0, r0, r4, lsl r0",1
"andeq r0, r0, ip, lsr 4",1
"strheq fp, [r0], -ip",1
"andeq r0, r0, r4, lsr 32",1
"movwhi r0, 0x8e42",1
"andeq r8, r1, r2, lsl 28",1
"andeq r0, r0, ip, lsl r0",1
"andeq r0, r0, ip, lsr 4",1
"andeq fp, r0, r0, ror 31",1
"andeq r0, r0, r4, rrx",1
"ldrhi r0, [r0], -0xe42",1
"strhi r8, [r3], -r4, lsl 10",1
"andmi r8, r1, 2, 28",1
"andeq r4, r0, lr",1
"andeq r0, r0, r4, lsl r0",1
"andeq r0, r0, ip, lsr 4",1
"andeq ip, r0, r4, asr 32",1
"andeq r0, r0, r4, lsl r0",1
"movwhi r0, 0x8e42",1
"andeq r8, r1, r2, lsl 28",1
"andeq r0, r0, r4, lsl r0",1
"andeq r0, r0, ip, lsr 4",1
"andeq ip, r0, r8, asr r0",1
"andeq r0, r0, r0, lsl r0",1
"movwhi r0, 0x8e42",1
"andeq r8, r1, r2, lsl 28",1
"andeq r0, r0, r4, lsl r0",1
"andeq r0, r0, ip, lsr 4",1
"andeq ip, r0, r8, rrx",1
"andeq r0, r0, r0, lsl r0",1
"movwhi r0, 0x8e42",1
"andeq r8, r1, r2, lsl 28",1
"andeq r0, r0, ip, lsl r0",1
"andeq r0, r0, ip, lsr 4",1
"andeq ip, r0, r8, ror r0",1
"andeq r0, r0, r8, rrx",1
"ldrhi r0, [r4], -0xe42",1
"strhi r8, [r4], -r5, lsl 10",1
"cdphi p7, 0, c8, c2, c3, 0",1
"stmdami lr, {r0, sb, lr}",1
"andeq r0, r0, r4, lsl r0",1
"andeq r0, r0, ip, lsr 4",1
"andeq ip, r0, r0, ror 1",1
"andeq r0, r0, ip, lsl r0",1
"cdphi p14, 0, c0, c4, c2, 2",1
"andne r4, lr, r1, lsl 4",1
"andeq r0, r0, r4, lsl r0",1
"andeq r0, r0, ip, lsr 4",1
"strdeq ip, sp, [r0], -ip",1
"andeq r0, r0, r4, lsr 32",1
"movwhi r0, 0x8e42",1
"andeq r8, r1, r2, lsl 28",1
"andeq r0, r0, r8, lsl r0",1
"andeq r0, r0, ip, lsr 4",1
"andeq ip, r0, r0, lsr 2",1
"andeq r0, r0, r4, lsr r0",1
"strhi r0, [r8], -0xe42",1
"andmi r8, r1, 2, 28",1
"andeq r1, r0, lr",1
"andeq r0, r0, r4, lsl r0",1
"andeq r0, r0, ip, lsr 4",1
"andeq ip, r0, r4, asr r1",1
"andeq r0, r0, r4, lsl r0",1
"movwhi r0, 0x8e42",1
"andeq r8, r1, r2, lsl 28",1
"andeq r0, r0, r4, lsl r0",1
"andeq r0, r0, ip, lsr 4",1
"andeq ip, r0, r8, ror 2",1
"andeq r0, r0, ip, lsl r0",1
"movwhi r0, 0x8e42",1
"andeq r8, r1, r2, lsl 28",1
"andeq r0, r0, r4, lsl r0",1
"andeq r0, r0, ip, lsr 4",1
"andeq ip, r0, r4, lsl 3",1
"andeq r0, r0, r0, lsl r0",1
"movwhi r0, 0x8e42",1
"andeq r8, r1, r2, lsl 28",1
"andeq r0, r0, r4, lsl r0",1
"andeq r0, r0, ip, lsr 4",1
"muleq r0, r4, r1",1
"andeq r0, r0, r4, lsl r0",1
"movwhi r0, 0x8e42",1
"andeq r8, r1, r2, lsl 28",1
"andeq r0, r0, ip",1
invalid,1
invalid,1
"andeq r0, sp, lr, lsl 24",1
"andeq r0, r0, ip, lsl r0",1
"andeq r0, r0, r8, asr 11",1
"andeq ip, r0, r8, lsr 3",1
"andeq r0, r0, r0, lsl 8",1
"ldrhi r0, [r0], -0xe42",1
"strhi r8, [r3], -r4, lsl 10",1
"andmi r8, r1, 2, 28",1
"andeq r3, r0, lr",1
"andeq r0, r0, r8, lsl r0",1
"andeq r0, r0, r8, asr 11",1
"andeq ip, r0, r8, lsr 11",1
"andeq r0, r0, ip, asr 32",1
"strhi r0, [ip], -0xe42",1
"cdphi p5, 0, c8, c2, c3, 0",1
"stmdane lr, {r0, sb, lr}",1
"andeq r0, r0, r8, lsl r0",1
"andeq r0, r0, r8, asr 11",1
"strdeq ip, sp, [r0], -r4",1
"andeq r0, r0, r8, rrx",1
"strhi r0, [ip], -0xe42",1
"cdphi p5, 0, c8, c2, c3, 0",1
"andmi r4, lr, r1, lsl 4",1
"andeq r0, r0, ip, lsl r0",1
"andeq r0, r0, r8, asr 11",1
"andeq ip, r0, ip, asr r6",1
"andeq r0, r0, r0, lsr r0",1
"movwhi r0, 0x4e42",1
"stmdaeq lr, {r0, sb, lr}",1
"cdpeq p2, 4, c0, c2, c14, 4",1
"andeq r0, r0, r8, lsl r0",1
"andeq r0, r0, r4, lsl r0",1
"andeq r0, r0, r8, asr 11",1
"andeq ip, r0, ip, lsl 13",1
"andeq r0, r0, r4, lsl 1",1
"movwhi r0, 0x8e42",1
"andeq r8, r1, r2, lsl 28",1
"andeq r0, r0, ip",1
invalid,1
invalid,1
"andeq r0, sp, lr, lsl 24",1
"andeq r0, r0, r4, lsl r0",1
"andeq r0, r0, r8, ror 12",1
"andeq ip, r0, r0, lsl r7",1
"andeq r0, r0, r4, lsr r0",1
"strhi r0, [r8], -0xe42",1
"andeq r8, r1, r2, lsl 28",1
"andeq r0, r0, r4, lsl r0",1
"andeq r0, r0, r8, ror 12",1
"andeq ip, r0, r4, asr 14",1
"andeq r0, r0, ip",1
"movwhi r0, 0x8e42",1
"andeq r8, r1, r2, lsl 28",1
"andeq r0, r0, r8, lsl r0",1
"andeq r0, r0, r8, ror 12",1
"andeq ip, r0, r0, asr r7",1
"andeq r0, r0, ip, lsr 32",1
"tsthi r0, 0x420",1
"strhi r8, [r3, -0x404]",1
"andeq r8, r1, r2, lsl 28",1
"andeq r0, r0, r4, lsl r0",1
"andeq r0, r0, r8, ror 12",1
"andeq ip, r0, ip, ror r7",1
"andeq r0, r0, ip, asr r0",1
"strhi r0, [r8], -0xe42",1
"andeq r8, r1, r2, lsl 28",1
"andeq r0, r0, ip, lsl r0",1
"andeq r0, r0, r8, ror 12",1
"ldrdeq ip, sp, [r0], -r8",1
"andeq r0, r0, r4, ror r0",1
"tsthi r8, 0x420",1
"strhi r8, [r5, -0x406]",1
"strhi r8, [r3, -r4, lsl 12]",1
"andeq r8, r1, r2, lsl 28",1
"andeq r0, r0, r8, lsl r0",1
"andeq r0, r0, r8, ror 12",1
"andeq ip, r0, ip, asr 16",1
"andeq r0, r0, r8, lsr r0",1
"ldrhi r0, [r0], -0xe42",1
"strhi r8, [r3], -r4, lsl 10",1
"andeq r8, r1, r2, lsl 28",1
"andeq r0, r0, r4, lsl r0",1
"andeq r0, r0, r8, ror 12",1
"andeq ip, r0, r4, lsl 17",1
"andeq r0, r0, r8, asr 32",1
"movwhi r0, 0x8e42",1
"andeq r8, r1, r2, lsl 28",1
"andeq r0, r0, r4, lsl r0",1
"andeq r0, r0, r8, ror 12",1
"andeq ip, r0, ip, asr 17",1
"andeq r0, r0, ip, lsl r0",1
"strhi r0, [r8], -0xe42",1
"andeq r8, r1, r2, lsl 28",1
"andeq r0, r0, r4, lsl r0",1
"andeq r0, r0, r8, ror 12",1
"andeq ip, r0, r8, ror 17",1
"andeq r0, r0, r4, lsl r0",1
"movwhi r0, 0x8e42",1
"andeq r8, r1, r2, lsl 28",1
"andeq r0, r0, r8, lsl r0",1
"andeq r0, r0, r8, ror 12",1
"strdeq ip, sp, [r0], -ip",1
"andeq r0, r0, r4, lsr 32",1
"tsthi r0, 0x420",1
"strhi r8, [r3, -0x404]",1
"andeq r8, r1, r2, lsl 28",1
"andeq r0, r0, r4, lsl r0",1
"andeq r0, r0, r8, ror 12",1
"andeq ip, r0, r0, lsr 18",1
"andeq r0, r0, ip, lsl r0",1
"strhi r0, [r8], -0xe42",1
"andeq r8, r1, r2, lsl 28",1
"andeq r0, r0, ip",1
invalid,1
invalid,1
"andeq r0, sp, lr, lsl 24",1
"andeq r0, r0, r4, lsl r0",1
"muleq r0, r4, r7",1
"andeq ip, r0, ip, lsr sb",1
"andeq r0, r0, r0, asr 32",1
"movwhi r0, 0x8e42",1
"andeq r8, r1, r2, lsl 28",1
"andeq r0, r0, ip",1
invalid,1
invalid,1
"andeq r0, sp, lr, lsl 24",1
"andeq r0, r0, r0, lsr 32",1
"strheq r0, [r0], -ip",1
"andeq ip, r0, ip, ror sb",1
"muleq r0, ip, r0",1
invalid,1
"strhi r8, [r7, -0x408]",1
"strhi r8, [r5, -r6, lsl 12]",1
bhi 0x11a8fc,1
"andeq r8, r1, r2, lsl 28",1
"andeq r0, r0, ip, lsl r0",1
"strheq r0, [r0], -ip",1
"andeq ip, r0, r8, lsl sl",1
"andeq r0, r0, r4, asr 32",1
"tsthi r8, 0x420",1
"strhi r8, [r5, -0x406]",1
"strhi r8, [r3, -r4, lsl 12]",1
"andeq r8, r1, r2, lsl 28",1
"andeq r0, r0, r0, lsr 32",1
"strheq r0, [r0], -ip",1
"andeq ip, r0, ip, asr sl",1
"andeq r0, r0, r0, ror r3",1
"ldrhi r0, [ip], -0xe42",1
"strhi r8, [r6], -r7, lsl 10",1
"stmdahi r4, {r0, r2, r8, sb, sl, pc}",1
"vmlahi.f32 s16, s4, s6",1
"andlo r4, lr, r1, lsl 4",1
"andeq r0, r0, ip",1
invalid,1
invalid,1
"andeq r0, sp, lr, lsl 24",1
"andeq r0, r0, r8, lsl r0",1
"andeq r0, r0, r4, lsr r8",1
"andeq ip, r0, ip, asr 27",1
"andeq r0, r0, ip, asr r0",1
"ldrhi r0, [r0], -0xe42",1
"strhi r8, [r3], -r4, lsl 10",1
"andeq r8, r1, r2, lsl 28",1
"andeq r0, r0, ip, lsl r0",1
"andeq r0, r0, r4, lsr r8",1
"andeq ip, r0, r8, lsr 28",1
"andeq r0, r0, r4, asr 32",1
"tsthi r8, 0x420",1
"strhi r8, [r5, -0x406]",1
"strhi r8, [r3, -r4, lsl 12]",1
"andeq r8, r1, r2, lsl 28",1
"andeq r0, r0, r0, lsr 32",1
"andeq r0, r0, r4, lsr r8",1
"andeq ip, r0, ip, ror 28",1
"andeq r0, r0, r4, ror 6",1
"ldrhi r0, [ip], -0xe42",1
"strhi r8, [r6], -r7, lsl 10",1
"stmdahi r4, {r0, r2, r8, sb, sl, pc}",1
"vmlahi.f32 s16, s4, s6",1
"stmdahs lr, {r0, sb, lr}",1
"andeq r0, r0, ip",1
invalid,1
invalid,1
"andeq r0, sp, lr, lsl 24",1
"andeq r0, r0, ip, lsl r0",1
"andeq r0, r0, r4, lsr 17",1
"ldrdeq sp, lr, [r0], -r0",1
"andeq r0, r0, r8, lsr 1",1
"ldrhi r0, [r0], -0xe42",1
"strhi r8, [r3], -r4, lsl 10",1
"andmi r8, r1, 2, 28",1
"andeq r1, r0, lr, lsl 16",1
"andeq r0, r0, ip",1
invalid,1
invalid,1
"andeq r0, sp, lr, lsl 24",1
"andeq r0, r0, r8, lsl r0",1
"ldrdeq r0, r1, [r0], -r4",1
"andeq sp, r0, r8, ror r2",1
"andeq r0, r0, r0, rrx",1
"strhi r0, [r8], -0xe42",1
"andmi r8, r1, 2, 28",1
"andeq r1, r0, lr",1
"andeq r0, r0, ip",1
invalid,1
invalid,1
"andeq r0, sp, lr, lsl 24",1
"andeq r0, r0, ip, lsl r0",1
"andeq r0, r0, r0, lsl 18",1
"ldrdeq sp, lr, [r0], -r8",1
"strheq r0, [r0], -r4",1
"ldrhi r0, [r4], -0xe42",1
"strhi r8, [r4], -r5, lsl 10",1
"cdphi p7, 0, c8, c2, c3, 0",1
"andhs r4, lr, r1, lsl 4",1
"andeq r0, r0, ip",1
invalid,1
invalid,1
"andeq r0, sp, lr, lsl 24",1
"andeq r0, r0, ip",1
"andeq r0, r0, r0, lsr sb",1
"andeq sp, r0, ip, lsl 7",1
"andeq r0, r0, ip, lsl r0",1
"andeq r0, r0, ip",1
"andeq r0, r0, r0, lsr sb",1
"andeq sp, r0, r8, lsr 7",1
"andeq r0, r0, ip, lsl r0",1
"andeq r0, r0, ip",1
"andeq r0, r0, r0, lsr sb",1
"andeq sp, r0, r4, asr 7",1
"andeq r0, r0, r8, lsl r0",1
"andeq r0, r0, ip",1
"andeq r0, r0, r0, lsr sb",1
"ldrdeq sp, lr, [r0], -ip",1
"andeq r0, r0, ip, lsl r0",1
"andeq r0, r0, ip",1
"andeq r0, r0, r0, lsr sb",1
"strdeq sp, lr, [r0], -r8",1
"andeq r0, r0, r4, lsr 32",1
"andeq r0, r0, ip",1
"andeq r0, r0, r0, lsr sb",1
"andeq sp, r0, ip, lsl r4",1
"andeq r0, r0, r4, lsr 32",1
"andeq r0, r0, ip",1
"andeq r0, r0, r0, lsr sb",1
"andeq sp, r0, r0, asr 8",1
"andeq r0, r0, r4, ror r0",1
"andeq r0, r0, ip",1
"andeq r0, r0, r0, lsr sb",1
"strheq sp, [r0], -r4",1
"andeq r0, r0, ip, lsl r0",1
"andeq r0, r0, r4, lsl r0",1
"andeq r0, r0, r0, lsr sb",1
"ldrdeq sp, lr, [r0], -r0",1
"andeq r0, r0, r4, rrx",1
"strhi r0, [r4], -0xe42",1
"andeq r0, r0, r1",1
"andeq r0, r0, ip",1
"andeq r0, r0, r0, lsr sb",1
"andeq sp, r0, r4, lsr r5",1
"andeq r0, r0, r8, asr r0",1
"andeq r0, r0, r4, lsl r0",1
"andeq r0, r0, r0, lsr sb",1
"andeq sp, r0, ip, lsl 11",1
"andeq r0, r0, ip, ror r0",1
"strhi r0, [r4], -0xe42",1
"andeq r0, r0, r1",1
"andeq r0, r0, r4, lsl r0",1
"andeq r0, r0, r0, lsr sb",1
"andeq sp, r0, r8, lsl 12",1
"andeq r0, r0, r0, lsr 1",1
"strhi r0, [r8], -0xe42",1
"andeq r8, r1, r2, lsl 10",1
"andeq r0, r0, ip",1
"andeq r0, r0, r0, lsr sb",1
"andeq sp, r0, r8, lsr 13",1
"andeq r0, r0, r8, asr 32",1
"andeq r0, r0, ip",1
"andeq r0, r0, r0, lsr sb",1
"strdeq sp, lr, [r0], -r0",1
"andeq r0, r0, r0, lsr r0",1
"andeq r0, r0, ip",1
"andeq r0, r0, r0, lsr sb",1
"andeq sp, r0, r0, lsr 14",1
"muleq r0, r8, r0",1
"andeq r0, r0, ip",1
"andeq r0, r0, r0, lsr sb",1
"strheq sp, [r0], -r8",1
"andeq r0, r0, ip, rrx",1
"andeq r0, r0, r4, lsl r0",1
"andeq r0, r0, r0, lsr sb",1
"andeq sp, r0, r4, lsr 16",1
"muleq r0, r0, r1",1
"strhi r0, [r4], -0xe42",1
"andeq r0, r0, r1",1
"andeq r0, r0, ip",1
"andeq r0, r0, r0, lsr sb",1
"strheq sp, [r0], -r4",1
"andeq r0, r0, r8, lsr 32",1
"andeq r0, r0, r4, lsr 32",1
"andeq r0, r0, r0, lsr sb",1
"ldrdeq sp, lr, [r0], -ip",1
"andeq r0, r0, r0, lsl 4",1
"strthi r0, [r4], -0xe42",1
"strhi r8, [r8], -sb, lsl 10",1
"stmdahi r6, {r0, r1, r2, r8, sb, sl, pc}",1
bhi 0x15afb4,1
"vmlahi.f64 d8, d2, d3",1
"andpl r4, lr, r1, lsl 4",1
"andeq r0, r0, r8, lsl r0",1
"andeq r0, r0, r0, lsr sb",1
"ldrdeq sp, lr, [r0], -ip",1
"andeq r0, r0, r8, ror r0",1
"strhi r0, [r8], -0xe42",1
"andmi r8, r1, 2, 28",1
"andeq r1, r0, lr",1
"andeq r0, r0, r8, lsl r0",1
"andeq r0, r0, r0, lsr sb",1
"andeq sp, r0, r4, asr ip",1
"andeq r0, r0, r0, rrx",1
"strhi r0, [ip], -0xe42",1
"strhi r8, [r2], -r3, lsl 10",1
"andeq r0, r0, r1",1
"andeq r0, r0, r8, lsl r0",1
"andeq r0, r0, r0, lsr sb",1
"strheq sp, [r0], -r4",1
"strheq r0, [r0], -r8",1
"strhi r0, [ip], -0xe42",1
"strhi r8, [r2], -r3, lsl 10",1
"andeq r0, r0, r1",1
"andeq r0, r0, r4, lsr 32",1
"andeq r0, r0, r0, lsr sb",1
"andeq sp, r0, ip, ror 26",1
"ldrdeq r0, r1, [r0], -ip",1
"strthi r0, [r4], -0xe42",1
"strhi r8, [r8], -sb, lsl 10",1
"stmdahi r6, {r0, r1, r2, r8, sb, sl, pc}",1
bhi 0x15b030,1
"vmlahi.f64 d8, d2, d3",1
"stmdalo lr, {r0, sb, lr}",1
"andeq r0, r0, r4, lsr 32",1
"andeq r0, r0, r0, lsr sb",1
"andeq sp, r0, r8, asr 28",1
"andeq r0, r0, ip, lsl 5",1
"strthi r0, [r0], -0xe42",1
"strhi r8, [r7], -r8, lsl 10",1
"stmdahi r5, {r1, r2, r8, sb, sl, pc}",1
bhi 0x11b054,1
"andmi r8, r1, 2, 28",1
"andeq r2, r0, lr, lsl 16",1
"andeq r0, r0, r8, lsl r0",1
"andeq r0, r0, r0, lsr sb",1
"ldrdeq lr, pc, [r0], -r4    ; [0x38c58:4]=0x84100e42",1
"andeq r0, r0, r4, ror r0",1
"ldrhi r0, [r0], -0xe42",1
"strhi r8, [r3], -r4, lsl 10",1
"andeq r8, r1, r2, lsl 28",1
"andeq r0, r0, ip, lsl r0",1
"andeq r0, r0, r0, lsr sb",1
"andeq lr, r0, r8, asr 2",1
"andeq r0, r0, r0, ror r0",1
"tsthi r8, 0x420",1
"strhi r8, [r5, -0x406]",1
"strhi r8, [r3, -r4, lsl 12]",1
"andeq r8, r1, r2, lsl 28",1
"andeq r0, r0, r4, lsl r0",1
"andeq r0, r0, r0, lsr sb",1
"strheq lr, [r0], -r8",1
"andeq r0, r0, r0, lsr r0",1
"strhi r0, [r8], -0xe42",1
"andeq r8, r1, r2, lsl 28",1
"andeq r0, r0, r8, lsl r0",1
"andeq r0, r0, r0, lsr sb",1
"andeq lr, r0, r8, ror 3",1
"andeq r0, r0, r4, asr 32",1
"tsthi r0, 0x420",1
"strhi r8, [r3, -0x404]",1
"andeq r8, r1, r2, lsl 28",1
"andeq r0, r0, ip, lsl r0",1
"andeq r0, r0, r0, lsr sb",1
"andeq lr, r0, ip, lsr 4",1
"strheq r0, [r0], -r4",1
"tsthi r8, 0x420",1
"strhi r8, [r5, -0x406]",1
"strhi r8, [r3, -r4, lsl 12]",1
"andeq r8, r1, r2, lsl 28",1
"andeq r0, r0, r0, lsr 32",1
"andeq r0, r0, r0, lsr sb",1
"andeq lr, r0, r0, ror 5",1
"andeq r0, r0, r0, asr 1",1
"ldrhi r0, [r8], -0xe42",1
"strhi r8, [r5], -r6, lsl 10",1
"stmdahi r3, {r2, r8, sb, sl, pc}",1
"andmi r8, r1, 2, 28",1
"andeq r2, r0, lr",1
"andeq r0, r0, r4, lsl r0",1
"andeq r0, r0, r0, lsr sb",1
"andeq lr, r0, r0, lsr 7",1
"andeq r0, r0, ip, lsl r0",1
"cdphi p14, 0, c0, c4, c2, 2",1
"andne r4, lr, r1, lsl 4",1
"andeq r0, r0, r0, lsr 32",1
"andeq r0, r0, r0, lsr sb",1
"strheq lr, [r0], -ip",1
"muleq r0, r8, r1",1
invalid,1
"strhi r8, [r7, -0x408]",1
"strhi r8, [r5, -r6, lsl 12]",1
bhi 0x11ad48,1
"andeq r8, r1, r2, lsl 28",1
"andeq r0, r0, r8, lsl r0",1
"andeq r0, r0, r0, lsr sb",1
"andeq lr, r0, r4, asr r5",1
"andeq r0, r0, r4, lsl 1",1
"strhi r0, [ip], -0xe42",1
"cdphi p5, 0, c8, c2, c3, 0",1
"stmdane lr, {r0, sb, lr}",1
"andeq r0, r0, r4, lsl r0",1
"andeq r0, r0, r0, lsr sb",1
"ldrdeq lr, pc, [r0], -r8    ; [0x38d64:4]=0x84080e42",1
"andeq r0, r0, ip, asr r0",1
"strhi r0, [r8], -0xe42",1
"andeq r8, r1, r2, lsl 28",1
"andeq r0, r0, r0, lsr 32",1
"andeq r0, r0, r0, lsr sb",1
"andeq lr, r0, r4, lsr r6",1
"andeq r0, r0, r8, lsr 1",1
invalid,1
"strhi r8, [r7, -0x408]",1
"strhi r8, [r5, -r6, lsl 12]",1
bhi 0x11ada0,1
"andeq r8, r1, r2, lsl 28",1
"andeq r0, r0, r8, lsl r0",1
"andeq r0, r0, r0, lsr sb",1
"ldrdeq lr, pc, [r0], -ip    ; [0x38da0:4]=0x84100e42",1
"andeq r0, r0, r4, rrx",1
"ldrhi r0, [r0], -0xe42",1
"strhi r8, [r3], -r4, lsl 10",1
"andeq r8, r1, r2, lsl 28",1
"andeq r0, r0, r4, lsl r0",1
"andeq r0, r0, r0, lsr sb",1
"andeq lr, r0, r0, asr 14",1
"andeq r0, r0, r0, lsr r0",1
"strhi r0, [r8], -0xe42",1
"andeq r8, r1, r2, lsl 28",1
"andeq r0, r0, r4, lsl r0",1
"andeq r0, r0, r0, lsr sb",1
"andeq lr, r0, r0, ror r7",1
"andeq r0, r0, r4, lsr 32",1
"strhi r0, [r8], -0xe42",1
"andeq r8, r1, r2, lsl 28",1
"andeq r0, r0, r4, lsl r0",1
"andeq r0, r0, r0, lsr sb",1
"muleq r0, r4, r7",1
"andeq r0, r0, ip, lsr r0",1
"movwhi r0, 0x8e42",1
"andeq r8, r1, r2, lsl 28",1
"andeq r0, r0, r4, lsl r0",1
"andeq r0, r0, r0, lsr sb",1
"ldrdeq lr, pc, [r0], -r0    ; [0x38e04:4]=0x83080e42",1
"andeq r0, r0, r4, lsl r0",1
"movwhi r0, 0x8e42",1
"andeq r8, r1, r2, lsl 28",1
"andeq r0, r0, r0, lsr 32",1
"andeq r0, r0, r0, lsr sb",1
"andeq lr, r0, r4, ror 15",1
"andeq r0, r0, r4, ror r1",1
invalid,1
"strhi r8, [r7, -0x408]",1
"strhi r8, [r5, -r6, lsl 12]",1
bhi 0x11ae40,1
"andeq r8, r1, r2, lsl 28",1
"andeq r0, r0, r8, lsl r0",1
"andeq r0, r0, r0, lsr sb",1
"andeq lr, r0, r8, asr sb",1
"andeq r0, r0, ip, asr 32",1
"tsthi r0, 0x420",1
"strhi r8, [r3, -0x404]",1
"andeq r8, r1, r2, lsl 28",1
"andeq r0, r0, r4, lsl r0",1
"andeq r0, r0, r0, lsr sb",1
"andeq lr, r0, r4, lsr 19",1
"andeq r0, r0, r0, lsl r0",1
"movwhi r0, 0x8e42",1
"andeq r8, r1, r2, lsl 28",1
"andeq r0, r0, r8, lsl r0",1
"andeq r0, r0, r0, lsr sb",1
"strheq lr, [r0], -r4",1
"andeq r0, r0, ip, lsr 1",1
"ldrhi r0, [r0], -0xe42",1
"strhi r8, [r3], -r4, lsl 10",1
"andeq r8, r1, r2, lsl 28",1
"andeq r0, r0, r8, lsl r0",1
"andeq r0, r0, r0, lsr sb",1
"andeq lr, r0, r0, ror 20",1
"andeq r0, r0, r8, lsr 4",1
"ldrhi r0, [r0], -0xe42",1
"strhi r8, [r3], -r4, lsl 10",1
"andeq r8, r1, r2, lsl 28",1
"andeq r0, r0, r8, lsl r0",1
"andeq r0, r0, r0, lsr sb",1
"andeq lr, r0, r8, lsl 25",1
"andeq r0, r0, ip, lsr 1",1
"ldrhi r0, [r0], -0xe42",1
"strhi r8, [r3], -r4, lsl 10",1
"andeq r8, r1, r2, lsl 28",1
"andeq r0, r0, r8, lsl r0",1
"andeq r0, r0, r0, lsr sb",1
"andeq lr, r0, r4, lsr sp",1
"andeq r0, r0, r4, rrx",1
"tsthi r0, 0x420",1
"strhi r8, [r3, -0x404]",1
"andeq r8, r1, r2, lsl 28",1
"andeq r0, r0, ip, lsl r0",1
"andeq r0, r0, r0, lsr sb",1
"muleq r0, r8, sp",1
"strdeq r0, r1, [r0], -r8",1
"ldrhi r0, [r8], -0xe42",1
"strhi r8, [r5], -r6, lsl 10",1
"stmdahi r3, {r2, r8, sb, sl, pc}",1
"andeq r8, r1, r2, lsl 28",1
"andeq r0, r0, r8, lsl r0",1
"andeq r0, r0, r0, lsr sb",1
"muleq r0, r0, lr",1
"strheq r0, [r0], -r4",1
"ldrhi r0, [r0], -0xe42",1
"strhi r8, [r3], -r4, lsl 10",1
"andeq r8, r1, r2, lsl 28",1
"andeq r0, r0, r8, lsl r0",1
"andeq r0, r0, r0, lsr sb",1
"andeq pc, r0, r4, asr 32",1
"andeq r0, r0, r8, lsl r1",1
"tsthi r0, 0x420",1
"strhi r8, [r3, -0x404]",1
"andeq r8, r1, r2, lsl 28",1
"andeq r0, r0, r0, lsr 32",1
"andeq r0, r0, r0, lsr sb",1
"andeq pc, r0, ip, asr r1",1
"andeq r0, r0, r4, lsl 2",1
"ldrhi r0, [r8], -0xe42",1
"strhi r8, [r5], -r6, lsl 10",1
"stmdahi r3, {r2, r8, sb, sl, pc}",1
"andmi r8, r1, 2, 28",1
"andeq r2, r0, lr",1
"andeq r0, r0, r4, lsr 32",1
"andeq r0, r0, r0, lsr sb",1
"andeq pc, r0, r0, ror 4",1
"strdeq r0, r1, [r0], -r0",1
"strthi r0, [r4], -0xe42",1
"strhi r8, [r8], -sb, lsl 10",1
"stmdahi r6, {r0, r1, r2, r8, sb, sl, pc}",1
bhi 0x15b388,1
"vmlahi.f64 d8, d2, d3",1
"andmi r4, lr, r1, lsl 4",1
"andeq r0, r0, ip, lsl r0",1
"andeq r0, r0, r0, lsr sb",1
"andeq pc, r0, r0, asr r3",1
"andeq r0, r0, r4, ror 3",1
"ldrhi r0, [r8], -0xe42",1
"strhi r8, [r5], -r6, lsl 10",1
"stmdahi r3, {r2, r8, sb, sl, pc}",1
"andeq r8, r1, r2, lsl 28",1
"andeq r0, r0, r0, lsr 32",1
"andeq r0, r0, r0, lsr sb",1
"andeq pc, r0, r4, lsr r5",1
"andeq r0, r0, ip, asr 3",1
"ldrhi r0, [ip], -0xe42",1
"strhi r8, [r6], -r7, lsl 10",1
"stmdahi r4, {r0, r2, r8, sb, sl, pc}",1
"vmlahi.f32 s16, s4, s6",1
"andvc r4, lr, r1, lsl 4",1
"andeq r0, r0, r8, lsl r0",1
"andeq r0, r0, r0, lsr sb",1
"andeq pc, r0, r0, lsl 14",1
"andeq r0, r0, r4, lsl r1",1
"tsthi r0, 0x420",1
"strhi r8, [r3, -0x404]",1
"andeq r8, r1, r2, lsl 28",1
"andeq r0, r0, r8, lsl r0",1
"andeq r0, r0, r0, lsr sb",1
"andeq pc, r0, r4, lsl r8",1
"andeq r0, r0, r0, ror r1",1
"ldrhi r0, [r0], -0xe42",1
"strhi r8, [r3], -r4, lsl 10",1
"andeq r8, r1, r2, lsl 28",1
"andeq r0, r0, ip, lsl r0",1
"andeq r0, r0, r0, lsr sb",1
"andeq pc, r0, r4, lsl 19",1
"andeq r0, r0, ip, asr 1",1
"ldrhi r0, [r8], -0xe42",1
"strhi r8, [r5], -r6, lsl 10",1
"stmdahi r3, {r2, r8, sb, sl, pc}",1
"andeq r8, r1, r2, lsl 28",1
"andeq r0, r0, r4, lsl r0",1
"andeq r0, r0, r0, lsr sb",1
"andeq pc, r0, r0, asr sl",1
"andeq r0, r0, r4, lsl r0",1
"movwhi r0, 0x8e42",1
"andeq r8, r1, r2, lsl 28",1
"andeq r0, r0, ip",1
"andeq r0, r0, r0, lsr sb",1
"andeq pc, r0, r4, ror 20",1
"andeq r0, r0, ip, asr 32",1
"andeq r0, r0, r8, lsl r0",1
"andeq r0, r0, r0, lsr sb",1
"strheq pc, [r0], -r0",1
"andeq r0, r0, r8, lsr 1",1
"tsthi r0, 0x420",1
"strhi r8, [r3, -0x404]",1
"andeq r8, r1, r2, lsl 28",1
"andeq r0, r0, r0, lsr 32",1
"andeq r0, r0, r0, lsr sb",1
"andeq pc, r0, r8, asr fp",1
"andeq r0, r0, ip, lsr 3",1
invalid,1
"strhi r8, [r7, -0x408]",1
"strhi r8, [r5, -r6, lsl 12]",1
bhi 0x11b08c,1
"andeq r8, r1, r2, lsl 28",1
"andeq r0, r0, r4, lsr 32",1
"andeq r0, r0, r0, lsr sb",1
"andeq pc, r0, r4, lsl 26",1
"andeq r0, r0, ip, lsl r2",1
"strthi r0, [r0], -0xe42",1
"strhi r8, [r7], -r8, lsl 10",1
"stmdahi r5, {r1, r2, r8, sb, sl, pc}",1
bhi 0x11b4b0,1
"andmi r8, r1, 2, 28",1
"andeq r2, r0, lr, lsl 16",1
"andeq r0, r0, ip, lsl r0",1
"andeq r0, r0, r0, lsr sb",1
"andeq pc, r0, r0, lsr 30",1
"andeq r0, r0, r8, lsr 1",1
"tsthi r8, 0x420",1
"strhi r8, [r5, -0x406]",1
"strhi r8, [r3, -r4, lsl 12]",1
"andeq r8, r1, r2, lsl 28",1
"andeq r0, r0, r4, lsr 32",1
"andeq r0, r0, r0, lsr sb",1
"andeq pc, r0, r8, asr 31",1
"andeq r0, r0, ip, lsl 6",1
"strthi r0, [r4], -0xe42",1
"strhi r8, [r8], -sb, lsl 10",1
"stmdahi r6, {r0, r1, r2, r8, sb, sl, pc}",1
bhi 0x15b4fc,1
"vmlahi.f64 d8, d2, d3",1
"stmdalo lr, {r0, sb, lr}",1
"andeq r0, r0, r4, lsr 32",1
"andeq r0, r0, r0, lsr sb",1
"ldrdeq r0, r1, [r1], -r4",1
"andeq r0, r0, r8, lsr r2",1
"strthi r0, [r4], -0xe42",1
"strhi r8, [r8], -sb, lsl 10",1
"stmdahi r6, {r0, r1, r2, r8, sb, sl, pc}",1
bhi 0x15b524,1
"vmlahi.f64 d8, d2, d3",1
"stmdapl lr, {r0, sb, lr}",1
"andeq r0, r0, r8, lsl r0",1
"andeq r0, r0, r0, lsr sb",1
"andeq r0, r1, ip, lsl 10",1
"muleq r0, ip, r0",1
"tsthi r0, 0x420",1
"strhi r8, [r3, -0x404]",1
"andeq r8, r1, r2, lsl 28",1
"andeq r0, r0, r4, lsr 32",1
"andeq r0, r0, r0, lsr sb",1
"andeq r0, r1, r8, lsr 11",1
"strdeq r0, r1, [r0], -r4",1
"strthi r0, [r4], -0xe42",1
"strhi r8, [r8], -sb, lsl 10",1
"stmdahi r6, {r0, r1, r2, r8, sb, sl, pc}",1
bhi 0x15b568,1
"vmlahi.f64 d8, d2, d3",1
"stmdavc lr, {r0, sb, lr}",1
"andeq r0, r0, r0, lsr 32",1
"andeq r0, r0, r0, lsr sb",1
"muleq r1, ip, fp",1
"strheq r0, [r0], -r8",1
"strthi r0, [r0], -0xe42",1
"strhi r8, [r7], -r8, lsl 10",1
"stmdahi r5, {r1, r2, r8, sb, sl, pc}",1
bhi 0x11b58c,1
"andeq r8, r1, r2, lsl 28",1
"andeq r0, r0, r8, lsl r0",1
"andeq r0, r0, r0, lsr sb",1
"andeq r0, r1, r4, asr ip",1
"ldrdeq r0, r1, [r0], -r8",1
"tsthi r0, 0x420",1
"strhi r8, [r3, -0x404]",1
"andeq r8, r1, r2, lsl 28",1
"andeq r0, r0, r8, lsl r0",1
"andeq r0, r0, r0, lsr sb",1
"andeq r0, r1, ip, lsr 26",1
"andeq r0, r0, ip, lsl 1",1
"ldrhi r0, [r0], -0xe42",1
"strhi r8, [r3], -r4, lsl 10",1
"andeq r8, r1, r2, lsl 28",1
"andeq r0, r0, r0, lsr 32",1
"andeq r0, r0, r0, lsr sb",1
"strheq r0, [r1], -r8",1
"andeq r0, r0, r0, lsl sl",1
"ldrhi r0, [r8], -0xe42",1
"strhi r8, [r5], -r6, lsl 10",1
"stmdahi r3, {r2, r8, sb, sl, pc}",1
"andmi r8, r1, 2, 28",1
"andeq r2, r0, lr",1
"andeq r0, r0, r8, lsl r0",1
"andeq r0, r0, r0, lsr sb",1
"andeq r1, r1, r8, asr 15",1
"andeq r0, r0, ip, lsl r0",1
"tsthi r0, 0x420",1
"strhi r8, [r3, -0x404]",1
"andeq r8, r1, r2, lsl 28",1
"andeq r0, r0, ip, lsl r0",1
"andeq r0, r0, r0, lsr sb",1
"andeq r1, r1, r4, ror 15",1
"andeq r0, r0, r0, lsr 1",1
"ldrhi r0, [r8], -0xe42",1
"strhi r8, [r5], -r6, lsl 10",1
"stmdahi r3, {r2, r8, sb, sl, pc}",1
"andeq r8, r1, r2, lsl 28",1
"andeq r0, r0, r4, lsr 32",1
"andeq r0, r0, r0, lsr sb",1
"andeq r1, r1, r4, lsl 17",1
"andeq r0, r0, r8, lsr 5",1
"strthi r0, [r4], -0xe42",1
"strhi r8, [r8], -sb, lsl 10",1
"stmdahi r6, {r0, r1, r2, r8, sb, sl, pc}",1
bhi 0x15b64c,1
"vmlahi.f64 d8, d2, d3",1
"stmdalo lr, {r0, sb, lr}",1
"andeq r0, r0, r4, lsr 32",1
"andeq r0, r0, r0, lsr sb",1
"andeq r1, r1, ip, lsr 22",1
"andeq r0, r0, r4, lsr 2",1
"strthi r0, [r4], -0xe42",1
"strhi r8, [r8], -sb, lsl 10",1
"stmdahi r6, {r0, r1, r2, r8, sb, sl, pc}",1
bhi 0x15b674,1
"vmlahi.f64 d8, d2, d3",1
"andlo r4, lr, r1, lsl 4",1
"andeq r0, r0, r4, lsr 32",1
"andeq r0, r0, r0, lsr sb",1
"andeq r1, r1, r0, asr ip",1
"andeq r0, r0, r8, ror 3",1
invalid,1
"strhi r8, [sb, -0x40a]",1
"strhi r8, [r7, -r8, lsl 12]",1
"stmdbhi r5, {r1, r2, fp, pc}",1
blhi 0x11ba9c,1
"andeq r8, r1, r2, lsl 28",1
"andeq r0, r0, r4, lsr 32",1
"andeq r0, r0, r0, lsr sb",1
"andeq r1, r1, r8, lsr lr",1
"andeq r0, r0, r0, lsr 4",1
"strthi r0, [r4], -0xe42",1
"strhi r8, [r8], -sb, lsl 10",1
"stmdahi r6, {r0, r1, r2, r8, sb, sl, pc}",1
bhi 0x15b6c4,1
"vmlahi.f64 d8, d2, d3",1
"stmdami lr, {r0, sb, lr}",1
"andeq r0, r0, r0, lsr 32",1
"andeq r0, r0, r0, lsr sb",1
"andeq r2, r1, r8, asr r0",1
"strheq r0, [r0], -r0",1
"ldrhi r0, [ip], -0xe42",1
"strhi r8, [r6], -r7, lsl 10",1
"stmdahi r4, {r0, r2, r8, sb, sl, pc}",1
"vmlahi.f32 s16, s4, s6",1
"andlo r4, lr, r1, lsl 4",1
"andeq r0, r0, r0, lsr 32",1
"andeq r0, r0, r0, lsr sb",1
"andeq r2, r1, r8, lsl 2",1
"andeq r0, r0, ip, lsl r3",1
"strthi r0, [r0], -0xe42",1
"strhi r8, [r7], -r8, lsl 10",1
"stmdahi r5, {r1, r2, r8, sb, sl, pc}",1
bhi 0x11b70c,1
"andeq r8, r1, r2, lsl 28",1
"andeq r0, r0, r0, lsr 32",1
"andeq r0, r0, r0, lsr sb",1
"andeq r2, r1, r4, lsr 8",1
"andeq r0, r0, r8, lsr r8",1
invalid,1
"strhi r8, [r7, -0x408]",1
"strhi r8, [r5, -r6, lsl 12]",1
bhi 0x11b330,1
"andeq r8, r1, r2, lsl 28",1
"andeq r0, r0, r4, lsr 32",1
"andeq r0, r0, r0, lsr sb",1
"andeq r2, r1, ip, asr ip",1
"andeq r0, r0, r0, asr 3",1
"strthi r0, [r0], -0xe42",1
"strhi r8, [r7], -r8, lsl 10",1
"stmdahi r5, {r1, r2, r8, sb, sl, pc}",1
bhi 0x11b754,1
"andmi r8, r1, 2, 28",1
"andeq r3, r0, lr, lsl 16",1
"andeq r0, r0, r8, lsr 32",1
"andeq r0, r0, r0, lsr sb",1
"andeq r2, r1, ip, lsl lr",1
"muleq r0, ip, r3",1
"strthi r0, [r4], -0xe42",1
"strhi r8, [r8], -sb, lsl 10",1
"stmdahi r6, {r0, r1, r2, r8, sb, sl, pc}",1
bhi 0x15b780,1
"vmlahi.f64 d8, d2, d3",1
"andgt r4, lr, r1, lsl 4",1
"andeq r0, r0, r1",1
"andeq r0, r0, r4, lsr 32",1
"andeq r0, r0, r0, lsr sb",1
"strheq r4, [r1], -r8",1
"andeq r0, r0, r0, asr 2",1
"strthi r0, [r4], -0xe42",1
"strhi r8, [r8], -sb, lsl 10",1
"stmdahi r6, {r0, r1, r2, r8, sb, sl, pc}",1
bhi 0x15b7ac,1
"vmlahi.f64 d8, d2, d3",1
"stmdalo lr, {r0, sb, lr}",1
"andeq r0, r0, r4, lsr 32",1
"andeq r0, r0, r0, lsr sb",1
"strdeq r4, r5, [r1], -r8",1
"andeq r0, r0, r0, lsl r1",1
"strthi r0, [r4], -0xe42",1
"strhi r8, [r8], -sb, lsl 10",1
"stmdahi r6, {r0, r1, r2, r8, sb, sl, pc}",1
bhi 0x15b7d4,1
"vmlahi.f64 d8, d2, d3",1
"stmdalo lr, {r0, sb, lr}",1
"andeq r0, r0, r8, lsr 32",1
"andeq r0, r0, r0, lsr sb",1
"andeq r4, r1, r8, lsl 8",1
"strheq r0, [r0], -r8",1
"strthi r0, [r4], -0xe42",1
"strhi r8, [r8], -sb, lsl 10",1
"stmdahi r6, {r0, r1, r2, r8, sb, sl, pc}",1
bhi 0x15b7fc,1
"vmlahi.f64 d8, d2, d3",1
"andlt r4, lr, r1, lsl 4",1
"andeq r0, r0, r1",1
"andeq r0, r0, r8, lsr 32",1
"andeq r0, r0, r0, lsr sb",1
"andeq r5, r1, r0, asr 1",1
"andeq r0, r0, r8, asr sl",1
"strthi r0, [r4], -0xe42",1
"strhi r8, [r8], -sb, lsl 10",1
"stmdahi r6, {r0, r1, r2, r8, sb, sl, pc}",1
bhi 0x15b828,1
"vmlahi.f64 d8, d2, d3",1
bleq 0x349c20,1
"andeq r0, r0, r4",1
"andeq r0, r0, r4, lsr 32",1
"andeq r0, r0, r0, lsr sb",1
"andeq r5, r1, r8, lsl fp",1
"andeq r0, r0, ip, lsl 3",1
"strthi r0, [r4], -0xe42",1
"strhi r8, [r8], -sb, lsl 10",1
"stmdahi r6, {r0, r1, r2, r8, sb, sl, pc}",1
bhi 0x15b854,1
"vmlahi.f64 d8, d2, d3",1
"andmi r4, lr, r1, lsl 4",1
"andeq r0, r0, r8, lsr 32",1
"andeq r0, r0, r0, lsr sb",1
"andeq r5, r1, r4, lsr 25",1
"andeq r0, r0, r8, ror r6",1
"strthi r0, [r4], -0xe42",1
"strhi r8, [r8], -sb, lsl 10",1
"stmdahi r6, {r0, r1, r2, r8, sb, sl, pc}",1
bhi 0x15b87c,1
"vmlahi.f64 d8, d2, d3",1
"stmdahi lr, {r0, sb, lr}",1
"andeq r0, r0, r1",1
"andeq r0, r0, r4, lsr 32",1
"andeq r0, r0, r0, lsr sb",1
"andeq r6, r1, ip, lsl r3",1
"andeq r0, r0, ip, lsr 5",1
"strthi r0, [r4], -0xe42",1
"strhi r8, [r8], -sb, lsl 10",1
"stmdahi r6, {r0, r1, r2, r8, sb, sl, pc}",1
bhi 0x15b8a8,1
"vmlahi.f64 d8, d2, d3",1
"andvs r4, lr, r1, lsl 4",1
"andeq r0, r0, r4, lsr 32",1
"andeq r0, r0, r0, lsr sb",1
"andeq r6, r1, r8, asr 11",1
"andeq r0, r0, r4, lsl 14",1
"strthi r0, [r4], -0xe42",1
"strhi r8, [r8], -sb, lsl 10",1
"stmdahi r6, {r0, r1, r2, r8, sb, sl, pc}",1
bhi 0x15b8d0,1
"vmlahi.f64 d8, d2, d3",1
"andmi r4, lr, r1, lsl 4",1
"andeq r0, r0, r8, lsr 32",1
"andeq r0, r0, r0, lsr sb",1
"andeq r6, r1, ip, asr 25",1
"andeq r0, r0, ip, asr r6",1
"strthi r0, [r4], -0xe42",1
"strhi r8, [r8], -sb, lsl 10",1
"stmdahi r6, {r0, r1, r2, r8, sb, sl, pc}",1
bhi 0x15b8f8,1
"vmlahi.f64 d8, d2, d3",1
"andhi r4, lr, r1, lsl 4",1
"andeq r0, r0, r1",1
"andeq r0, r0, r4, lsr 32",1
"andeq r0, r0, r0, lsr sb",1
"andeq r7, r1, r8, lsr 6",1
"andeq r0, r0, r8, asr 3",1
"strthi r0, [r0], -0xe42",1
"strhi r8, [r7], -r8, lsl 10",1
"stmdahi r5, {r1, r2, r8, sb, sl, pc}",1
bhi 0x11b920,1
"andmi r8, r1, 2, 28",1
"andeq r3, r0, lr",1
"andeq r0, r0, r8, lsr 32",1
"andeq r0, r0, r0, lsr sb",1
"strdeq r7, r8, [r1], -r0",1
"andeq r0, r0, ip, lsr 13",1
"strthi r0, [r4], -0xe42",1
"strhi r8, [r8], -sb, lsl 10",1
"stmdahi r6, {r0, r1, r2, r8, sb, sl, pc}",1
bhi 0x15b94c,1
"vmlahi.f64 d8, d2, d3",1
"andhi r4, lr, r1, lsl 4",1
"andeq r0, r0, r1",1
"andeq r0, r0, r4, lsr 32",1
"andeq r0, r0, r0, lsr sb",1
"muleq r1, ip, fp",1
"andeq r0, r0, ip, ror r1",1
"strthi r0, [r0], -0xe42",1
"strhi r8, [r7], -r8, lsl 10",1
"stmdahi r5, {r1, r2, r8, sb, sl, pc}",1
bhi 0x11b974,1
"andmi r8, r1, 2, 28",1
"andeq r3, r0, lr",1
"andeq r0, r0, r8, lsr 32",1
"andeq r0, r0, r0, lsr sb",1
"andeq r7, r1, r8, lsl sp",1
"muleq r0, ip, r6",1
"strthi r0, [r4], -0xe42",1
"strhi r8, [r8], -sb, lsl 10",1
"stmdahi r6, {r0, r1, r2, r8, sb, sl, pc}",1
bhi 0x15b9a0,1
"vmlahi.f64 d8, d2, d3",1
bleq 0x349d98,1
"andeq r0, r0, r4",1
"andeq r0, r0, r8, lsr 32",1
"andeq r0, r0, r0, lsr sb",1
"strheq r8, [r1], -r4",1
"andeq r1, r0, r8, asr 5",1
"strthi r0, [r4], -0xe42",1
"strhi r8, [r8], -sb, lsl 10",1
"stmdahi r6, {r0, r1, r2, r8, sb, sl, pc}",1
bhi 0x15b9cc,1
"vmlahi.f64 d8, d2, d3",1
"andgt r4, lr, r1, lsl 4",1
"andeq r0, r0, r2",1
"andeq r0, r0, r8, lsr 32",1
"andeq r0, r0, r0, lsr sb",1
"andeq sb, r1, ip, ror r6",1
"andeq r0, r0, r4, lsr 9",1
"strthi r0, [r4], -0xe42",1
"strhi r8, [r8], -sb, lsl 10",1
"stmdahi r6, {r0, r1, r2, r8, sb, sl, pc}",1
bhi 0x15b9f8,1
"vmlahi.f64 d8, d2, d3",1
"and r4, lr, r1, lsl 4",1
"andeq r0, r0, r2",1
"andeq r0, r0, r4, lsl r0",1
"andeq r0, r0, r0, lsr sb",1
"andeq sb, r1, r0, lsr 22",1
"andeq r0, r0, ip, ror r0",1
"movwhi r0, 0x8e42",1
"andeq r8, r1, r2, lsl 28",1
"andeq r0, r0, ip",1
"andeq r0, r0, r0, lsr sb",1
"muleq r1, ip, fp",1
"andeq r0, r0, r8, lsl r0",1
"andeq r0, r0, r8, lsl r0",1
"andeq r0, r0, r0, lsr sb",1
"strheq sb, [r1], -r4",1
"muleq r0, r8, r0",1
"ldrhi r0, [r0], -0xe42",1
"strhi r8, [r3], -r4, lsl 10",1
"andeq r8, r1, r2, lsl 28",1
"andeq r0, r0, r4, lsr 32",1
"andeq r0, r0, r0, lsr sb",1
"andeq sb, r1, ip, asr 24",1
"strdeq r0, r1, [r0], -r4",1
"strthi r0, [r4], -0xe42",1
"strhi r8, [r8], -sb, lsl 10",1
"stmdahi r6, {r0, r1, r2, r8, sb, sl, pc}",1
bhi 0x15ba68,1
"vmlahi.f64 d8, d2, d3",1
"stmdami lr, {r0, sb, lr}",1
"andeq r0, r0, r4, lsr 32",1
"andeq r0, r0, r0, lsr sb",1
"andeq sl, r1, r0, asr 32",1
"ldrdeq r0, r1, [r0], -r4",1
"strthi r0, [r0], -0xe42",1
"strhi r8, [r7], -r8, lsl 10",1
"stmdahi r5, {r1, r2, r8, sb, sl, pc}",1
bhi 0x11ba8c,1
"andmi r8, r1, 2, 28",1
"andeq r3, r0, lr",1
"andeq r0, r0, ip, lsl r0",1
"andeq r0, r0, r0, lsr sb",1
"andeq sl, r1, r4, lsl r1",1
"andeq r0, r0, ip, lsl 2",1
"tsthi r8, 0x420",1
"strhi r8, [r5, -0x406]",1
"strhi r8, [r3, -r4, lsl 12]",1
"andeq r8, r1, r2, lsl 28",1
"andeq r0, r0, ip, lsl r0",1
"andeq r0, r0, r0, lsr sb",1
"andeq sl, r1, r0, lsr 4",1
"andeq r0, r0, r8, ror r0",1
"tsthi r8, 0x420",1
"strhi r8, [r5, -0x406]",1
"strhi r8, [r3, -r4, lsl 12]",1
"andeq r8, r1, r2, lsl 28",1
"andeq r0, r0, r8, lsl r0",1
"andeq r0, r0, r0, lsr sb",1
"muleq r1, r8, r2",1
"andeq r0, r0, ip, asr r0",1
"tsthi r0, 0x420",1
"strhi r8, [r3, -0x404]",1
"andeq r8, r1, r2, lsl 28",1
"andeq r0, r0, r4, lsr 32",1
"andeq r0, r0, r0, lsr sb",1
"strdeq sl, fp, [r1], -r4",1
"andeq r0, r0, ip, asr 1",1
"strthi r0, [r4], -0xe42",1
"strhi r8, [r8], -sb, lsl 10",1
"stmdahi r6, {r0, r1, r2, r8, sb, sl, pc}",1
bhi 0x15bb14,1
"vmlahi.f64 d8, d2, d3",1
"andmi r4, lr, r1, lsl 4",1
"andeq r0, r0, r4, lsl r0",1
"andeq r0, r0, r0, lsr sb",1
"andeq sl, r1, r0, asr 7",1
"andeq r0, r0, r0, lsr r0",1
"cdphi p14, 0, c0, c4, c2, 2",1
"stmdane lr, {r0, sb, lr}",1
"andeq r0, r0, r4, lsl r0",1
"andeq r0, r0, r0, lsr sb",1
"strdeq sl, fp, [r1], -r0",1
"andeq r0, r0, r0, lsr r0",1
"cdphi p14, 0, c0, c4, c2, 2",1
"stmdane lr, {r0, sb, lr}",1
"andeq r0, r0, r4, lsl r0",1
"andeq r0, r0, r0, lsr sb",1
"andeq sl, r1, r0, lsr 8",1
"andeq r0, r0, r4, asr 32",1
"cdphi p14, 0, c0, c4, c2, 2",1
"andhs r4, lr, r1, lsl 4",1
"andeq r0, r0, r4, lsl r0",1
"andeq r0, r0, r0, lsr sb",1
"andeq sl, r1, r4, ror 8",1
"andeq r0, r0, r4, asr 32",1
"cdphi p14, 0, c0, c4, c2, 2",1
"andhs r4, lr, r1, lsl 4",1
"andeq r0, r0, ip",1
"andeq r0, r0, r0, lsr sb",1
"andeq sl, r1, r8, lsr 9",1
"andeq r0, r0, ip, asr 32",1
"andeq r0, r0, ip",1
invalid,1
invalid,1
"andeq r0, sp, lr, lsl 24",1
"andeq r0, r0, r8, lsl r0",1
"andeq r1, r0, r8, ror r6",1
"strdeq sl, fp, [r1], -r4",1
"andeq r0, r0, ip, lsl 1",1
"ldrhi r0, [r0], -0xe42",1
"strhi r8, [r3], -r4, lsl 10",1
"andeq r8, r1, r2, lsl 28",1
"andeq r0, r0, ip",1
invalid,1
invalid,1
"andeq r0, sp, lr, lsl 24",1
"andeq r0, r0, r8, lsr 32",1
"andeq r1, r0, r4, lsr 13",1
"andeq sl, r1, r0, lsl 11",1
"andeq r0, r0, r0, ror 6",1
"strthi r0, [r4], -0xe42",1
"strhi r8, [r8], -sb, lsl 10",1
"stmdahi r6, {r0, r1, r2, r8, sb, sl, pc}",1
bhi 0x15bbe8,1
"vmlahi.f64 d8, d2, d3",1
"andls r4, lr, r1, lsl 4",1
"andeq r0, r0, r1",1
"andeq r0, r0, ip",1
invalid,1
invalid,1
"andeq r0, sp, lr, lsl 24",1
"andeq r0, r0, ip",1
"andeq r1, r0, r0, ror 13",1
"andeq sl, r1, r0, ror 17",1
"andeq r0, r0, r8, lsr 1",1
"andeq r0, r0, ip",1
invalid,1
invalid,1
"andeq r0, sp, lr, lsl 24",1
"andeq r0, r0, ip",1
"andeq r1, r0, r0, lsl 14",1
"andeq sl, r1, r8, lsr 19",1
"ldrdeq r0, r1, [r0], -ip",1
"andeq r0, r0, ip",1
invalid,1
invalid,1
"andeq r0, sp, lr, lsl 24",1
"andeq r0, r0, ip, lsl r0",1
"andeq r1, r0, r0, lsr 14",1
"strdeq sl, fp, [r1], -r8",1
"andeq r0, r0, ip, lsr r0",1
"tsthi r8, 0x420",1
"strhi r8, [r5, -0x406]",1
"strhi r8, [r3, -r4, lsl 12]",1
"andeq r8, r1, r2, lsl 28",1
"andeq r0, r0, ip, lsl r0",1
"andeq r1, r0, r0, lsr 14",1
"andeq sl, r1, r4, lsr fp",1
"andeq r0, r0, ip, lsr r0",1
"tsthi r8, 0x420",1
"strhi r8, [r5, -0x406]",1
"strhi r8, [r3, -r4, lsl 12]",1
"andeq r8, r1, r2, lsl 28",1
"andeq r0, r0, ip",1
invalid,1
invalid,1
"andeq r0, sp, lr, lsl 24",1
"andeq r0, r0, r8, lsr 32",1
"andeq r1, r0, r0, ror r7",1
"andeq sl, r1, r0, ror fp",1
"andeq r0, r0, r8, lsl 9",1
"eorshi r0, r0, r2, asr 28",1
"andhi r8, fp, 12, 2",1
"strhi r8, [sb, -0x40a]",1
"strhi r8, [r7, -r8, lsl 12]",1
"stmdbhi r5, {r1, r2, fp, pc}",1
blhi 0x11c0b8,1
"andeq r8, r1, r2, lsl 28",1
"andeq r0, r0, ip",1
invalid,1
invalid,1
"andeq r0, sp, lr, lsl 24",1
"andeq r0, r0, r8, lsr 32",1
"andeq r1, r0, ip, lsr 15",1
"strdeq sl, fp, [r1], -r8",1
"andeq r0, r0, ip, lsl 8",1
"eorshi r0, r0, r2, asr 28",1
"andhi r8, fp, 12, 2",1
"strhi r8, [sb, -0x40a]",1
"strhi r8, [r7, -r8, lsl 12]",1
"stmdbhi r5, {r1, r2, fp, pc}",1
blhi 0x11c0f4,1
"andeq r8, r1, r2, lsl 28",1
"andeq r0, r0, ip",1
invalid,1
invalid,1
"andeq r0, sp, lr, lsl 24",1
"andeq r0, r0, r0, lsr 32",1
"andeq r1, r0, r8, ror 15",1
"andeq fp, r1, r4, lsl 8",1
"andeq r0, r0, r4, rrx",1
invalid,1
"strhi r8, [r7, -0x408]",1
"strhi r8, [r5, -r6, lsl 12]",1
bhi 0x11b928,1
"andeq r8, r1, r2, lsl 28",1
"andeq r0, r0, ip",1
"andeq r1, r0, r8, ror 15",1
"andeq fp, r1, r8, ror 8",1
"andeq r0, r0, r4",1
"andeq r0, r0, ip",1
invalid,1
invalid,1
"andeq r0, sp, lr, lsl 24",1
"andeq r0, r0, ip",1
"andeq r1, r0, ip, lsr 16",1
"andeq fp, r1, ip, ror 8",1
"andeq r0, r0, ip, lsr 32",1
"strbvs r6, [lr, -ip, ror 30]!",1
"cdpvs p12, 6, c6, c15, c0, 1",1
"cdpvs p0, 6, c2, c9, c7, 3",1
"mcrmi p0, 2, r0, c7, c4, 3",1
"subhs r2, r3, r5, asr r0",1
"mrchs p14, 1, r2, c7, c4, 1",1
svcvs 0x6c0032,1
"stcvs p7, c6, [r0], -0x1b8",1
"rsbhs r6, r7, pc, ror 28",1
"ldmdbvs r3!, {r0, r2, r4, r5, r6, sb, sl, fp, sp, lr} ^",1
"strbtvs r6, [r5], -0xe67",1
"strbtvc r6, [lr], -0x920",1
invalid,1
"strbvs r6, [lr, -0x769]!",1
"stmdavs r3!, {r2, r5, r6, sp} ^",1
"movwvc r7, 0x261",1
"ldrbtvc r6, [r2], -0xf68",1
invalid,1
"strbvs r6, [lr, -0x769]!",1
"cdpvs p0, 6, c2, c9, c4, 3",1
"ldmdbmi pc, {r2, r4, r5, r6} ^",1
"ldrbtvc r5, [r3], -0xf4f",1
svcpl 0x6e6964,1
"strbtvs r7, [r5], -0x375",1
svcvs 0x682f00,1
bvs 0xc12f68,1
blvs 0x1cd6f40,1
"stmdbvc pc!, {r0, r2, r5, r6, sl, ip, sp, lr}",1
svcvs 0x74636f,1
"ldmdbvs r5!, {r0, r1, r2, r3, r5, sb, sp, lr} ^",1
"strtvc r6, [pc], -0x46c",1
"strvc r7, [pc, -sp, rrx]!",1
svchs 0x6b726f,1
"strbtvc r7, [sp], -r1, ror 4",1
"qasxvc r6, sp, r7",1
"cdpvs p0, 2, c7, c13, c6, 3",1
"stclhs p15, c6, [lr, -0x194]!",1
"stmdbvc fp!, {r4, r5, r6, r8, sb, sl, fp, sp, lr} ^",1
"cdpvs p12, 6, c6, c9, c13, 1",1
invalid,1
invalid,1
"strvs r6, [0x00039092]!",1
"rsbvs r6, sb, 0x6700",1
"cdphs p15, 3, c2, c2, c3, 3",1
"eorvc r3, sp, 0xc40000",1
invalid,1
invalid,1
invalid,1
"stmdbvs ip!, {r0, r1, r2, r4, r5, r8, sb, sl, fp, sp} ^",1
invalid,1
"movwvc r7, 0x573",1
"ldrbtvc r6, [r2], -0xf68",1
"strbtvc r6, [lr], -0x920",1
bvc 0x1a96624,1
"rsbsvc r7, sb, r5, ror 8",1
"rsbsvc r0, r0, 0x65",1
"ldmdavs pc, {r0, r1, r2, r3, r5, r6, r8, sb, sp, lr} ^",1
"strbvs r6, [r4, -0x165]!",1
svcvs 0x620072,1
"ldrbvs r7, [pc], -0x964     ; [0x39a3c:4]=0x74006e65",1
"mrrcvs p12, 6, r6, pc, c5",1
"strvc r6, [r0], -0xe65",1
invalid,1
"ldrbvs r6, [r4, -0x16c]!",1
"stmdavs r3!, {r8, sb, sl, fp, ip, lr} ^",1
"rsbeq r6, lr, r1, ror 18",1
svcvs 0x68735f,1
"strbvc r7, [r2, -0x472]!",1
"strbmi r0, [r7, -0x66]",1
"ldrbpl r4, [r0], -0xf54",1
"subpl r5, r5, 0x5f00000",1
"mcrmi p9, 2, r4, c15, c3, 2",1
"qdaddmi r4, pc, r8",1
svcvs 0x6c0052,1
"rsbvc r6, pc, lr, ror 14",1
invalid,1
"ldrbvs r6, [r4, -0xf6f]!",1
"strbvs r5, [r4, -0xf72]!",1
"ldrbvs r0, [r3, -0x6c]!",1
"rsbsvc r5, r0, 116, 30",1
"cmnvs r2, pc, ror 14",1
invalid,1
"andvc r6, r0, sp, ror 10",1
"strbtvc r6, [lr], -0x972",1
svcpl 0x6f6e5f,1
"strbvs r6, [lr, -0x96c]!",1
"strbtvc r6, [sp], -0x65f",1
invalid,1
svcpl 0x726564,1
"strbvs r6, [r7, -0x572]!",1
"strbvs r0, [r8, -0x78]",1
"rsbvc r6, r5, 0x61000000",1
"cmpvc pc, 0, 30",1
svcpl 0x5f0031,1
"strvs r6, [r0], -r3, ror 16",1
"ldrbvs r6, [r4, -0xf6f]!",1
invalid,1
invalid,1
"strbmi r0, [r7, -0x70]",1
"ldrbpl r4, [r0], -0xf54",1
"mcrrmi p8, 5, r4, r5, c15",1
"stmdami r3, {r4, r6, r8, sb, sl, fp, ip, lr} ^",1
svcpl 0x5241,1
"subsvs r4, pc, 0x124",1
"subsvs r6, pc, 0x7500000",1
"rsbeq r7, r5, r1, ror 6",1
"strbvc r5, [r2, -0xf5f]!",1
"ldmdbvs r4!, {r0, r3, r5, r6, sl, fp, sp, lr} ^",1
"strbvs r5, [sp, -0xf6e]!",1
"strbtvc r7, [r5], -0x36d",1
svcmi 0x495f00,1
invalid,1
svcpl 0x70756b,1
"ldrbvs r6, [r3, -0x162]!",1
"cmpvc pc, 0, 30",1
invalid,1
"stmdbmi r7, {r0, r1, r2, r3, r6, sb, sl, fp, lr} ^",1
svcmi 0x5f544e,1
"usaxmi r4, r2, r6",1
"subseq r4, r7, ip, asr 30",1
"rsbsvc r7, r4, 120, 6",1
"rsbeq r6, ip, r4, ror pc",1
"strbmi r4, [lr, -ip, asr 30]",1
svcpl 0x544e49,1
"cmpmi r6, sb, asr 28",1
svcpl 0x44494c,1
invalid,1
"cmpmi pc, 0x490000",1
"subseq r4, r2, r8, asr 2",1
"strbmi r4, [lr, -ip, asr 30]",1
svcpl 0x544e49,1
"cmpmi r6, sb, asr 28",1
"subeq r4, r4, ip, asr 18",1
"ldclvs p5, c6, [r7], -0x1b8",1
svcpl 0x656e69,1
"stmdavs r3!, {r0, r5, r6, sb, sl, fp, sp, lr} ^",1
"andvc r7, r0, 0xf0000006",1
"subsvc r6, pc, 112, 24",1
"ldmdbvc r3!, {r0, r2, r5, r6, r8, sb, sl, fp, ip, lr} ^",1
"stmdavc r1!, {r1, r2, r3, r5, r6, sl, ip, sp, lr} ^",1
"ldrbtvc r6, [r0], -0xf5f",1
invalid,1
"stmdbvs r6!, {r8, sb, sl, fp, ip, lr} ^",1
svcvs 0x6e656c,1
svcmi 0x495f00,1
"qdsubvs r7, pc, r5",1
"cdpvs p15, 6, c5, c5, c4, 3",1
svcvs 0x6e0064,1
"rsbsvs r7, r5, 0x7c000001",1
"cmpvc pc, 0, 30",1
"strbvs r5, [ip, -0xf32]!",1
"stmdavs r3!, {r1, r2, r3, r5, r6} ^",1
svcpl 0x6b6365,1
"strbtvc r6, [r3], -0x573",1
"rsbeq r6, lr, sb, ror 30",1
"cmnvc r3, 0x17c",1
svcpl 0x657a69,1
svcvs 0x6e0074,1
svcvs 0x625f74,1
"ldmdbmi pc, {r2, r3, r5, r6} ^",1
"strbvc r5, [r2, -0xf4f]!",1
"cdpvs p15, 6, c5, c5, c6, 3",1
"cmpvs pc, 0x64",1
"cmpvs pc, 0x50000007",1
"ldclvs p12, c6, [r5, -0x1bc]!",1
invalid,1
"ldrbtvc r6, [r4], -0x567",1
"rsbseq r7, r4, r5, ror 16",1
"strbvs r6, [r7, -0x170]!",1
invalid,1
svcpl 0x5f0072,1
"strbtvs r7, [r1], -0x571",1
svcpl 0x745f,1
"ldmdbvs r2!, {r0, r1, r2, r3, r4, r6, ip, sp, lr} ^",1
svcpl 0x66746e,1
"rsbeq r6, fp, r3, ror 16",1
"ldclvs p3, c6, [0x00039a60]",1
"cmnvs r3, r5, ror 6",1
"rsbseq r6, r3, r7, ror 10",1
"strbtvs r6, [ip], -0xf5f",1
"uqsaxvs r6, r6, pc",1
"rsbseq r6, r4, r3, ror r5",1
"ldrbvs r5, [r2, -0xf5f]!",1
"strbtvc r7, [ip], -0x573",1
"stmdbvs lr!, {r8, fp, sp, lr} ^",1
"uhsub16vs r6, r5, r4",1
"rsbseq r6, r2, r6, ror 10",1
"mcrvs p2, 3, r7, c9, c0, 3",1
"stmdbvs ip!, {r2, r4, r5, r6, r8, sb, sl, fp, ip, lr} ^",1
svcvs 0x6e656e,1
"subsvc r5, pc, r0, lsl 30",1
"eorseq r6, r3, r1, ror 8",1
"ldrbvs r5, [r2, -0xf5f]!",1
bvc 0x1a969d0,1
"rsbseq r5, r4, r5, ror 30",1
svcpl 0x6c7072,1
svcvs 0x6c6366,1
"andvc r6, r0, r3, ror r5",1
svcpl 0x636f72,1
"stmdbvc r4!, {r1, r5, r6, r8, sb, sl, fp, sp, lr} ^",1
"ldclvs p14, c6, [r5, -0]!",1
invalid,1
"ldrbvs r0, [r6, -0x73]!",1
svcvs 0x697372,1
"strbtvc r5, [r5], -0xf6e",1
"ldmdbmi pc, {r0, r1, r5, r6} ^",1
invalid,1
"rsbvc r6, r5, 0x1c800",1
svcvs 0x6f6600,1
svcpl 0x726574,1
svcpl 0x6c6564,1
"rsbeq r6, lr, ip, ror 10",1
invalid,1
svcpl 0x737365,1
"strbvs r6, [ip, -0x966]!",1
"rsbsvc r6, r0, 0, 12",1
"ldrbtvs r6, [r4], -sb, ror 28",1
invalid,1
"mcrvs p9, 3, r6, c15, c4, 3",1
"stclvs p4, c6, [r5], -0x17c",1
svcvs 0x6f6600,1
svcpl 0x726574,1
"ldrbvs r7, [r0, -0x974]!",1
"cmpvc pc, 0, 30",1
invalid,1
"rsbvc r0, pc, sp, rrx",1
"mcrvs p9, 3, r6, c15, c4, 3",1
svcmi 0x495f00,1
"ldmdbvs r2!, {r0, r1, r2, r3, r4, r6, r8, sb, sl, ip, sp, lr} ^",1
"subsvc r6, pc, r4, ror r5",1
invalid,1
"ldrbvs r6, [r4, -0xf6f]!",1
"cmpvc pc, 0x72",1
"rsbeq r7, r6, r2, ror 10",1
"stclvs p8, c6, [0x00039c3c]!",1
"ldmdbvs r4!, {r0, r2, r5, r6, r8, sb, sl, fp, sp} ^",1
"cdpvs p6, 6, c6, c1, c6, 3",1
invalid,1
"strbvc r7, [r5, -0x26f]!",1
invalid,1
"eorlo r3, lr, 0x2d0000",1
"ldrbvs r0, [r6, -0x32]",1
svcvs 0x697372,1
"stmdavc r5!, {r1, r2, r3, r5, r6} ^",1
"ldrbvs r7, [pc], -sb, ror 8 ; [0x39d20:4]=0x5f006572",1
"strbvc r6, [ip, -0x961]!",1
svcpl 0x6572,1
"cmpvc pc, 0x124",1
svcpl 0x657661,1
"ldrbvs r6, [r3, -0x162]!",1
invalid,1
svcpl 0x726564,1
"rsbeq r6, ip, r4, ror 10",1
svcpl 0x676572,1
"strbtvc r7, [lr], -0x973",1
"ldrbvc r7, [pc], -0x861     ; [0x39d4c:4]=0x5f6f6e65",1
"cdpvs p12, 6, c6, c9, c0, 0",1
svcpl 0x6f6e65,1
"strbtvc r6, [r4], -0x977",1
"ldclvs p0, c0, [0x00039bbc]",1
"rsbeq r6, r5, pc, ror 8",1
"ldclmi p15, c4, [r2, -0x118]",1
"mrrcmi p4, 4, r5, pc, c1",1
"subseq r4, r4, r5, asr 12",1
"ldrbtvc r7, [r2], -0x473",1
"ldrbvs r6, [0x00039105]     ; [0x39105:4]=0x5880687",1
"rsbvc r7, pc, 0x20000007",1
"strbtvc r7, [r5], -0x300",1
invalid,1
"cdpvs p5, 0, c6, c0, c12, 3",1
svcpl 0x747865,1
"strbvs r6, [lr, -0x96c]!",1
"rsbeq r6, pc, pc, asr lr",1
invalid,1
"rsbsvc r6, r2, 0x1c800000",1
"stclvs p5, c7, [lr], -0x17c",1
"strbvs r6, [fp, -0x36f]!",1
"cmnvc r5, 0x64",1
"rsbeq r6, r5, r1, ror 14",1
"cmnvs r4, pc, rrx",1
svcvs 0x6772,1
"mcrvs p4, 3, r7, c9, c0, 3",1
"ldrbtvc r0, [r3], -0x64",1
"ldmdbvs r4!, {r0, r5, r6, sb, ip, sp, lr} ^",1
"mrrcvs p7, 6, r6, pc, c14",1
svcpl 0x656e69,1
"rsbvs r7, sp, 0x1b800000",1
svcpl 0x7265,1
"subsvc r4, pc, 0x124",1
svcpl 0x646165,1
"rsbseq r7, r2, r0, ror r4",1
"uqsaxvc r5, pc, pc",1
"stclvs p2, c7, [r6], -0x194",1
svcpl 0x776f,1
invalid,1
svcpl 0x5f0074,1
"strbtlo r6, [r6], -pc, ror 12",1
"rsbseq r5, r4, r4, lsr pc",1
"rsbsvc r7, r4, 120, 6",1
"stclvs p15, c6, [sb, -0x1d0]!",1
"stmdbvs r0, {r0, r5, r6, fp, ip, sp, lr}",1
invalid,1
"rsbseq r5, r4, r8, ror pc",1
svcpl 0x4f495f,1
blvs 0x1915bc0,1
"andvc r7, r0, 0x5f000000",1
svcpl 0x736765,1
svcvs 0x6c6c61,1
"ldrbvs r6, [r4, -0x163]!",1
"ldmdbmi pc, {r2, r5, r6} ^",1
"stmdbmi r6, {r0, r1, r2, r3, r6, r8, sb, sl, fp, ip, lr} ^",1
"stmdavs r0, {r2, r3, r6, r8, sl, lr}",1
"strbvs r6, [r4, -0x165]!",1
"strbvs r5, [r4, -0xf72]!",1
"strbvs r5, [ip, -0xf6c]!",1
"rsbsvc r0, r2, lr, rrx",1
"ldrbvs r5, [r2, -0xf6c]!",1
"stclvs p3, c6, [0x00039cc8]!",1
"strbvs r6, [ip, -0x970]!",1
"strbtvc r7, [r1], -0x5f",1
"mrcvs p5, 3, r6, c2, c4, 3",1
svcvs 0x5f5f00,1
"ldrbvc r6, [pc], -0x666     ; [0x39e58:4]=0x656c5f31",1
"cmpvc pc, 0, 30",1
"strbvs r5, [ip, -0xf31]!",1
"ldrbtvc r0, [r3], -0x6e",1
"rsbsvc r6, r2, 100, 10",1
"cmnvs r2, 0, 6",1
"cdphs p14, 6, c6, c12, c15, 1",1
svcpl 0x5f0063,1
"rsbeq r6, lr, ip, ror 10",1
"ldrbvs r6, [r0, -0xf66]!",1
"ldmdbvc r4!, {r1, r2, r3, r5, r6} ^",1
"rsbseq r6, r0, r0, ror r5",1
"cdpvs p12, 6, c6, c1, c2, 3",1
svcvs 0x6a5f6b,1
svcpl 0x6e69,1
blvs 0x1cd2448,1
"rsbseq r7, r3, r5, ror 4",1
invalid,1
svcvs 0x6f665f,1
"rsbseq r6, r2, r4, ror r5",1
"ldrbtvc r6, [r3], -0x166",1
svcpl 0x70616d,1
"strbvc r6, [r3, -0x361]!",1
"ldrbvs r6, [r4, -0x172]!",1
"cdpmi p12, 4, c4, c15, c0, 0",1
"strbpl r4, [lr], -0x947",1
"subeq r4, fp, pc, asr pc",1
"stmdbvc r4!, {r1, r5, r6, r8, sb, sl, fp, sp, lr} ^",1
invalid,1
"rsbvc r6, r1, r4, ror sp",1
svcvs 0x425f00,1
"strmi r6, [r0], -pc, ror 24",1
invalid,1
"ldmdbmi r2, {r2, r4, r6, r8, sb, sl, fp, ip, lr} ^",1
svcpl 0x544847,1
bpl 0x134dc1c,1
"subsvs r5, pc, 0, 30",1
"strbtvc r6, [ip], -0x975",1
"cmpvc pc, 0x690",1
"rsbvc r7, r3, r4, ror r2",1
svcpl 0x5f0079,1
"rsbseq r6, r4, r3, ror 28",1
"mrcvs p4, 3, r7, c2, c3, 3",1
"rsbseq r6, r0, r3, ror 26",1
"rsbsvc r7, r2, 0x18c00000",1
svcpl 0x746e65,1
"strbvs r6, [r7, -0x572]!",1
"ldrbvs r0, [r2, -0x78]!",1
"strbtvs r6, [r6], -r7, ror 30",1
"mcrvs p4, 0, r7, c0, c15, 2",1
"ldrbvs r7, [0x00039ab1]     ; [0x39ab1:4]=0x61654800",1
svcpl 0x6c6f,1
"strbvs r6, [r1, -r6, ror 24]!",1
"andvs r3, r0, 0x30000007",1
"strbtvc r6, [r4], -0xe69",1
"ldrbtvs r7, [r4], -0x865",1
"stmdbvs r1!, {r0, r1, r2, r3, r5, r6, r8, sl, fp, sp, lr} ^",1
svcvs 0x62006e,1
"ldrbvc r7, [pc], -0x964     ; [0x39f40:4]=0x6c727473",1
"rsbeq r7, r5, sb, ror r0",1
"ldclvs p4, c7, [r2], -0x1cc",1
"andvc r6, r0, 0x650",1
"ldrbvs r5, [r2, -0xf65]!",1
"ldrbtvc r6, [r3], -0x967",1
"rsbseq r7, r3, r5, ror 4",1
"cmnvs r4, pc, asr r6",1
svcpl 0x656c62,1
invalid,1
svcpl 0x7465,1
"stclvs p4, c7, [sb, -0x17c]!",1
"rsbseq r5, r4, r5, ror 30",1
"strbtvs r6, [r1], -0x572",1
"strbvs r6, [lr, -0x96c]!",1
"strbtvs r7, [r6], -r2, ror 10",1
svcpl 0x7265,1
"rsbsvc r6, r0, 0x5f00000",1
"ldrbtvs r6, [r4], -sb, ror 28",1
blvs 0x1a52d08,1
"strbmi r4, [r1], -0x600",1
"ldrbmi r4, [r3, -0x956]",1
"mcrmi p2, 2, r5, c1, c15, 2",1
"subeq r4, sp, r4, asr 30",1
"cmnvs r4, 112, 10           ; 0x70",1
svcpl 0x726168,1
svcvs 0x6c6e75,1
"strbtvs r6, [r5], -0xb63",1
"strbmi r4, [r1], -0x600",1
"ldrbmi r4, [r3, -0x956]",1
"subpl r4, pc, 0x5f0",1
"ldrbmi r5, [r3, -0x545]",1
"ldmdbvs r5!, {sb, sp, lr} ^",1
"ldrbvc r6, [pc], -0x46c     ; [0x39fc4:4]=0x677261",1
svcpl 0x657079,1
"rsbeq r7, r7, r1, ror 4",1
"ldmdbvs r2!, {r1, r2, r5, r6, r8, sb, sl, ip, sp, lr} ^",1
"ldrbvc r6, [0x00039a60]     ; [0x39a60:4]=0x5245565f",1
invalid,1
"rsbeq r6, r4, fp, ror 10",1
"rsbsvc r6, r2, 0x19800000",1
"ldrbvc r7, [0x00039d75]     ; [0x39d75:4]=0x6c746573",1
invalid,1
"rsbeq r6, r4, fp, ror 10",1
"strbvs r6, [lr, -0x96c]!",1
"ldrbvs r6, [pc], -lr, ror 30 ; [0x39ff4:4]=0x72700074",1
invalid,1
"rsbsvc r0, r0, 0x74",1
"ldrbvc r6, [pc], -0x36f     ; [0x3a000:4]=0x5f706d74",1
"rsbseq r7, r4, r5, ror 16",1
svcpl 0x706d74,1
"strbvs r6, [lr, -ip, ror 30]!",1
"cdpvs p12, 6, c6, c5, c0, 0",1
"rsbeq r7, r8, r7, ror 8",1
"strbpl r4, [r4], -r6, asr 2",1
svcpl 0x455349,1
"strbpl r4, [lr], -0xf44",1
"strbmi r4, [r5], -0x54e",1
"strbvs r7, [r5, -r0, lsl 4]!",1
"rsbseq r7, r0, r5, ror 16",1
"strbtvc r6, [r4], -r6, ror 2",1
svcpl 0x656369,1
"stmdbvs ip!, {r2, r4, r5, r6} ^",1
"subsvs r6, pc, 0x1b800000",1
"andvc r6, r0, 0x7500000",1
"strbtvs r5, [r4], -r5, ror 30",1
"rsbseq r5, r4, r1, ror 30",1
"ldrbtvc r6, [r3], -0x16c",1
"stclvs p3, c6, [0x00039ed4]!",1
"strbvs r6, [lr, -0xf70]!",1
"andvc r7, r0, 0x6e000000",1
"cmnvs r0, r5, ror 30",1
"rsbvc r7, r5, 116, 8",1
"strbvc r5, [r2, -0xf6e]!",1
"rsbvc r6, r5, 0x6600000",1
"ldrbvs r5, [0x0003916c]     ; [0x3916c:4]=0x86078508",1
svcvs 0x6e7272,1
invalid,1
svcvs 0x697461,1
"strbvs r0, [sp, -0x6e]!",1
"rsbvc r6, sp, sp, ror 6",1
"strbmi r4, [r1], -0x600",1
"ldrbmi r4, [r3, -0x956]",1
"subpl r4, pc, 0x5f0",1
"subeq r4, ip, sp, asr 2",1
"ldclvs p2, c7, [r2, -0x194]!",1
svcpl 0x6773,1
"subsvc r4, pc, 0x124",1
svcpl 0x646165,1
"ldrbvs r6, [r3, -0x162]!",1
svcmi 0x495f00,1
"uqsaxvc r7, r1, pc",1
"cdpvs p15, 6, c5, c5, c5, 3",1
invalid,1
"movtpl r5, 0x9644",1
"ldrbmi r5, [r3, -0xf45]",1
"mcrmi p5, 2, r5, c5, c1, 2",1
"mcrrmi p9, 5, r4, r1, c4",1
"strbtvc r6, [r1], -r0, lsl 16",1
"ldrbvs r5, [r2, -0xf65]!",1
"cmpvc pc, 0x61000000",1
"mcrvs p4, 3, r6, c9, c4, 3",1
"ldrbvs r5, [pc], -r0, lsl 30 ; [0x3a0d8:4]=0x6e65706f",1
"strvs r7, [r0], -sp, ror 8",1
"cdpvs p0, 6, c7, c5, c15, 3",1
svcpl 0x3436,1
"strbtvs r7, [r1], -0x5f",1
svcpl 0x5f0031,1
"rsblo r6, r4, 112, 2",1
invalid,1
invalid,1
"subsvc r5, pc, r0, lsl 30",1
"eorseq r6, r4, r1, ror 8",1
"cmnvs r0, pc, asr pc",1
"strvs r3, [r0], -r4, ror 10",1
"ldrbvs r6, [r4, -0xf6f]!",1
"ldrbvs r5, [r2, -0xf72]!",1
"rsbseq r6, r8, r7, ror 10",1
svcpl 0x4f495f,1
"strbtvc r7, [sb], -0x277",1
"cdpvs p15, 6, c5, c5, c5, 3",1
"ldrbvc r0, [0x0003a0c0]     ; [0x3a0c0:4]=0x76616800",1
"ldrbvs r7, [r3, -0x56e]!",1
"strvs r3, [r0, -0x264]",1
svcpl 0x74696d,1
svcpl 0x797274,1
"rsbvc r6, ip, r8, ror 10",1
svcpl 0x6c6e00,1
"strbvs r6, [ip, -0x966]!",1
"cmnvs r6, r0, lsl 4",1
svcpl 0x5f006c,1
"stclvs p5, c7, [sb], -0x188",1
svcpl 0x6e6974,1
"cmnvs r0, 0x73000000",1
"andvs r7, r0, 112, 18",1
blvs 0x1bd270c,1
"mcrvs p12, 3, r6, c9, c15, 2",1
"andvs r7, r0, 0x94000001",1
svcpl 0x79646f,1
"strbvs r6, [r7, -0x572]!",1
"ldrbtvc r0, [r3], -0x78",1
"cmnvc r5, 0x61000000",1
"strbtvs r6, [pc], -0x200",1
"strbvs r5, [r4, -0xf79]!",1
"strbvs r0, [r8, -0x6c]!",1
"rsbvc r6, r5, 0x61000000",1
invalid,1
"rsbvc r6, r1, r4, ror sp",1
invalid,1
"cdpvs p4, 5, c7, c15, c5, 3",1
"strbvs r6, [r2, -0xd75]!",1
invalid,1
"stmdbmi r7, {r0, r1, r2, r3, r6, sb, sl, fp, lr} ^",1
"ldmdbmi pc, {r1, r2, r3, r6, sl, ip, lr} ^",1
"mcrrmi p6, 4, r5, r1, c14",1
"cmppl pc, 0x49000000",1
"stmdbmi r6, {r0, r2, r4, r6, sb, sl, lr} ^",1
"stmdami r3, {r3, r4, r6, r8, sb, sl, fp, ip, lr} ^",1
"ldrbpl r5, [pc, -r1, asr 4] ; [0x3a1b8:4]=0x5245564f",1
svcpl 0x485449,1
"subpl r5, r5, 0x4f00000",1
"strbpl r4, [pc, -r6, asr 24]",1
"ldclvs p2, c7, [r0], -0",1
svcpl 0x65725f,1
"rsbvc r6, r1, 0x1cc00000",1
"strmi r6, [r0], -0x863",1
"strbpl r4, [r1, -0x645]",1
"cmppl pc, 76, 8             ; 0x4c",1
"ldmdbmi r4, {r0, r2, r6, r8, sb, lr} ^",1
"ldrbmi r4, [pc], -0xe4f     ; [0x3a1e4:4]=0x52455449",1
"stclmi p12, c4, [sb, -0x114]",1
"subpl r5, r5, 0x49000000",1
svcpl 0x5f0053,1
"mrrcvs p5, 7, r6, pc, c2",1
svcpl 0x676e6f,1
"ldrbvs r6, [sl, -0x973]!",1
invalid,1
invalid,1
"ldmdbmi r2, {r2, r4, r6, r8, sb, sl, fp, ip, lr} ^",1
svcpl 0x544847,1
"stmdavc r0, {r2, r3, r6, sb, fp, ip, lr}",1
"stclvs p1, c6, [ip], -0x1b4",1
"movwvc r6, 0x36f",1
"rsbvc r7, r1, 0x65",1
"rsbvc r7, pc, 0x61000000",1
"rsbsvc r7, r4, 0x7c000001",1
"stmdbvs sp!, {r8, sl, sp, lr} ^",1
invalid,1
"strbtvc r6, [r1], -0x46e",1
svcpl 0x79726f,1
svcpl 0x677261,1
"ldrbvs r6, [r4, -0xf6e]!",1
"strbtvs r4, [pc], -0x200",1
"strbvs r0, [r7, -0x79]!",1
"ldrbtvc r6, [r0], -0xf74",1
"mcrvs p12, 3, r6, c15, c15, 2",1
"rsbvc r0, r1, 0x67",1
svcpl 0x6367,1
"rsbsvc r7, r4, 0x5f",1
"rsbsvc r6, r5, 0, 6",1
"strbtvc r6, [lr], -0x572",1
"rsbsvc r7, sb, pc, asr r4",1
svcpl 0x5f0065,1
"ldmdbvs pc, {r1, r4, r5, r6, r8, sl, sp, lr} ^",1
"ldrbvc r7, [pc], -0x864     ; [0x3a270:4]=0x5f65625f",1
"cdpvs p3, 6, c6, c1, c0, 0",1
svcpl 0x65625f,1
"stclvs p5, c7, [ip], -0x1b8",1
invalid,1
svcpl 0x726564,1
"ldrbvs r7, [r0, -0x974]!",1
"strbmi r4, [r1], -0x600",1
"ldrbmi r4, [r3, -0x956]",1
"mcrrmi p7, 5, r5, sb, c15",1
"strbmi r4, [r5, -0xe4c]",1
"rsbvc r0, r6, r4, asr 32",1
svcpl 0x737475,1
svcvs 0x6c6e75,1
"strbtvs r6, [r5], -0xb63",1
"ldrbvs r6, [r2, -r0, lsl 2]!",1
"ldmdbmi pc, {r1, r2, r4, r5, r6} ^",1
"rsbsvc r5, r7, 0x13c",1
svcpl 0x657469,1
"ldrbvs r6, [r3, -0x162]!",1
"stmdbvs sp!, {r8, sl, sp, lr} ^",1
"mcrvs p15, 3, r5, c1, c4, 3",1
"stclvs p9, c6, [ip], -0x18c",1
svcpl 0x797261,1
svcvs 0x666e69,1
"stmdavc r5!, {sl, ip, lr} ^",1
"ldrbvs r0, [r2, -0x74]!",1
"ldrbvc r6, [r3, -0xe5f]!",1
"rsbsvc r0, r3, 0x62",1
"ldrbvs r2, [r6, -0xf63]!",1
svcvs 0x697372,1
"rsbeq r2, r3, lr, ror 28",1
invalid,1
"ldrbtvc r5, [r3], -0xf65",1
"ldrbtvc r6, [r5], -0xf64",1
"strbtvc r7, [r5], -0x35f",1
"stclvs p6, c6, [sb], -0x17c",1
invalid,1
"strvc r6, [r0, -sp, ror 10]",1
"ldrbvs r6, [r4, -0x972]!",1
"rsbsvc r6, r2, 0x17c00000",1
svcpl 0x726f,1
"strbtvc r7, [sb], -0x865",1
svcvs 0x6c6300,1
"cmpvc pc, 0x1cc00000",1
"strbvc r6, [0x00039eb0]!",1
"ldrbvs r5, [r3, -0xf74]!",1
invalid,1
"ldrbvs r6, [r2, -0xf6e]!",1
"ldmdbmi r0, {r0, r1, r2, r3, r4, r6, r8, sl, lr} ^",1
"movwvs r4, 0x550",1
"ldrbvs r6, [r3, -0xf6c]!",1
"rsbsvc r7, r4, 0x7c000001",1
"rsbeq r6, sp, r5, ror 2",1
"strbtvc r7, [pc], -0x571",1
"ldrbvs r6, [r2, -r5, ror 2]!",1
"stclvs p3, c6, [pc], -0x17c",1
"stmdbvs r0, {r0, r1, r2, r3, r5, r6, sb, sl, fp, sp, lr}",1
"rsbvc r6, pc, 0x670",1
"stmdbvs ip!, {r0, r2, r5, r6} ^",1
"stclvs p15, c2, [r3], -0x188",1
svcvs 0x65736f,1
invalid,1
svcvs 0x6c6300,1
"cmpvc pc, 0x1cc00000",1
"strbvc r6, [0x00039f00]!",1
invalid,1
"mrrcvs p5, 7, r6, pc, c3",1
"movwvc r6, 0xe65",1
"cmpvc pc, 0x1840000",1
"ldmdavs r3!, {r2, r3, r5, r6, r8, sp, lr} ^",1
"ldrbvs r7, [r2, -0]!",1
svcpl 0x786966,1
"rsbeq r6, lr, ip, ror 10",1
svchs 0x62696c,1
"ldrbvs r6, [r3, -0x162]!",1
"strbvs r6, [sp, -0x16e]!",1
"rsbvc r6, r7, sp, lsr 24",1
"rsbeq r2, r3, ip, ror 28",1
svchs 0x62696c,1
"strbtvc r7, [sb], -0x865",1
"stclvs p1, c6, [sb], -0x198",1
invalid,1
invalid,1
"strbtvs r0, [r6], -0x65",1
"ldmdbvs r6!, {r0, r5, r6, sl, sp, lr} ^",1
"andvc r6, r0, r3, ror r5",1
"stmdavc sb!, {r0, r1, r2, r3, r5, r6, r8, sb, ip, sp, lr} ^",1
"strbtvs r6, [r1], -0x65f",1
"ldrbvs r6, [r3, -0x976]!",1
"rsbvs r6, sb, 0, 24",1
"strbtvs r6, [r1], -0x62f",1
"ldrbvs r6, [r3, -0x976]!",1
"andvc r6, r0, lr, lsr 6",1
"stmdavc sb!, {r0, r1, r2, r3, r5, r6, r8, sb, ip, sp, lr} ^",1
"strbtvs r6, [r1], -0x65f",1
"ldrbvs r6, [r3, -0x976]!",1
invalid,1
"rsbvs r6, r5, 0x1c800000",1
"strbvs r6, [r6, -0x675]!",1
"stmdbvs ip!, {r1, r4, r5, r6} ^",1
"stmdbvs ip!, {r1, r5, r6, r8, sb, sl, fp, sp} ^",1
"strbvc r6, [r2, -0x56e]!",1
"rsbvc r6, r5, 0x6600000",1
"strvs r6, [r0], -lr, lsr 6",1
svcpl 0x666f65,1
svcvs 0x6c6e75,1
"strbtvs r6, [r5], -0xb63",1
"ldrbvs r5, [pc], -r0, lsl 30 ; [0x3a420:4]=0x6c616572",1
"rsbslo r0, r8, 0x70",1
"stclvs p5, c6, [r1], -0x1c8",1
"rsbeq r6, r3, ip, ror 30",1
"strbtvs r6, [r1], -0x572",1
"strbvs r6, [lr, -0x96c]!",1
"strbtvs r7, [r6], -r2, ror 10",1
"ldrbvs r7, [pc], -0x265     ; [0x3a43c:4]=0x755f5f00",1
"stclvs p12, c6, [sb, -0x194]!",1
"ldrbvc r5, [0x00039544]     ; [0x39544:4]=0x930",1
"strbvc r6, [pc, -r6, ror 24]!",1
"strbtvc r6, [r5], -0x700",1
"cdpvs p15, 7, c5, c5, c3, 3",1
blvs 0x1916204,1
"strvs r6, [r0], -0x465",1
"stclvs p12, c6, [sb, -0x194]!",1
"rsbvc r7, r5, 0x69000000",1
"strbtvs r6, [ip], -0xf00",1
"ldrbvs r6, [sl, -0x973]!",1
"rsbvs r6, sb, 0, 24",1
svcvs 0x72702f,1
"stclvs p14, c6, [r1, -0x19c]!",1
"rsbeq r2, r3, r5, ror 28",1
"strbvc r5, [r2, -0xf5f]!",1
"ldmdbvs r4!, {r0, r3, r5, r6, sl, fp, sp, lr} ^",1
"strbvc r5, [r6, -lr, ror 30]!",1
"ldrbvs r6, [r4, -0x972]!",1
svcvs 0x727000,1
"stclvs p2, c7, [r1, -0x19c]!",1
"uqsaxvc r6, lr, pc",1
"strbtvc r6, [r1], -0x36f",1
svcpl 0x6e6f69,1
"rsbvc r6, pc, 0x730000",1
invalid,1
"andvc r6, r0, sp, ror 10",1
"rsbvc r6, r7, 0x1c8",1
"ldmdbvs pc, {r0, r5, r6, r8, sl, fp, sp, lr} ^",1
invalid,1
svcvs 0x697461,1
invalid,1
"movwvc r6, 0x56d",1
"cmnvs r2, 116, 4            ; 0x74",1
invalid,1
"ldrbtvc r6, [r2], -0xf62",1
"ldrbvs r6, [r2, -r0, lsl 2]!",1
invalid,1
"ldrbvs r6, [r4, -0xf75]!",1
"rsbsvc r7, r4, 0x7c000001",1
svcpl 0x676e69,1
"rsbeq r6, lr, ip, ror 10",1
svcvs 0x6c736e,1
invalid,1
"ldrbvs r6, [r4, -0xf75]!",1
svcpl 0x677261,1
"strbtvs r7, [r6], -r2, ror 10",1
invalid,1
"ldrbvs r6, [r4, -0xf75]!",1
svcpl 0x677261,1
"rsbeq r6, sp, sp, ror 10",1
"strbtvc r5, [r3], -0xf5f",1
svcpl 0x657079,1
svcvs 0x6c5f62,1
"ldrbvc r0, [r1, -0x63]!",1
invalid,1
"mrcvs p7, 2, r6, c15, c2, 3",1
"ldmdbvc r4!, {r0, r1, r2, r3, r4, r6, r8, sb, ip, sp, lr} ^",1
invalid,1
invalid,1
"ldrbvs r6, [r4, -0xf75]!",1
"cdphs p2, 6, c7, c7, c1, 3",1
"cmpmi r1, r3, rrx",1
"stmdbmi ip, {r0, r1, r2, r3, r4, r6, r8, sl, lr} ^",1
"cdpmi p5, 5, c4, c15, c4, 2",1
svcpl 0x4c4c55,1
"ldrbmi r5, [r4, -0x942]",1
"cmnvs r7, 0x53",1
svcpl 0x726168,1
"ldrbtvc r0, [r3], -0x74",1
invalid,1
"ldrbtlo r6, [r1], -0x565",1
"rsbsvc r7, r4, 0, 6",1
"ldrbvs r6, [r3, -0x163]!",1
"eorseq r7, r5, r5, ror 2",1
"strbtvc r7, [pc], -0x571",1
"ldrbvs r6, [r2, -r5, ror 2]!",1
"cmpvc pc, 0x5f0",1
"strbvs r7, [ip, -0x974]!",1
"stclvs p13, c6, [r5, -0x17c]!",1
svcpl 0x736900,1
"stmdavs r7!, {r1, r4, r5, r6, r8, fp, sp, lr} ^",1
"ldrbvc r5, [r1, -0xf74]!",1
"rsbeq r7, r5, pc, ror 8",1
"strbtvc r7, [pc], -0x571",1
"ldrbvs r6, [r2, -r5, ror 2]!",1
"ldmdbvc r4!, {r0, r1, r2, r3, r4, r6, r8, sb, ip, sp, lr} ^",1
"ldclvs p5, c6, [0x0003a3ec]",1
"movwvc r6, 0xd65",1
"cmpvs pc, 0x65000000",1
svcvs 0x747375,1
"ldrbvc r5, [r1, -0xf6d]!",1
"cdpvs p4, 6, c7, c9, c15, 3",1
svcpl 0x630067,1
"rsbsvs r6, sb, 0x4000001b",1
"ldrbvc r5, [r1, -0xf65]!",1
"cdpvs p4, 6, c7, c9, c15, 3",1
"ldrbtvc r5, [r3], -0xf67",1
"rsbeq r6, r5, sb, ror ip",1
invalid,1
"cmpvs pc, 108, 10           ; 0x6c",1
"rsbeq r6, r5, pc, ror 8",1
"strbtvc r7, [pc], -0x571",1
"ldrbvs r6, [r2, -r5, ror 2]!",1
"ldmdbvc r4!, {r0, r1, r2, r3, r4, r6, r8, sb, ip, sp, lr} ^",1
"stmdavc r0, {r2, r3, r5, r6, r8, sl, sp, lr}",1
svcvs 0x6c6c61,1
"stmdbvs r4!, {r0, r1, r5, r6, r8, sb, sl, fp, ip, lr} ^",1
"ldrbtvc r0, [r3], -0x65",1
svcpl 0x65726f,1
invalid,1
"movwvc r6, 0x570",1
"stclvs p5, c6, [ip], -0x1a0",1
invalid,1
svcpl 0x737961,1
"strbtvc r7, [pc], -0x571",1
svcpl 0x676e69,1
"ldclvs p4, c7, [sb], -0x1cc",1
svcpl 0x5f0065,1
"cdpvs p15, 7, c6, c5, c3, 3",1
"ldrbvc r0, [r1, -0x74]!",1
invalid,1
"mrcvs p7, 2, r6, c15, c2, 3",1
"cmnvc r5, 0x7c000001",1
svcpl 0x6d6f74,1
"rsbeq r6, sp, sp, ror 10",1
"strbtvc r7, [pc], -0x571",1
svcpl 0x6e5f65,1
"rsbeq r6, sp, sp, ror 10",1
"mcrvs p2, 3, r7, c1, c4, 3",1
"strbtvc r6, [r1], -0xc73",1
"rsbeq r6, lr, sb, ror 30",1
"strbtvc r7, [pc], -0x571",1
"ldrbvs r6, [r2, -r5, ror 2]!",1
"stclvs p1, c6, [ip], -0x17c",1
"ldclvs p3, c6, [0x0003a4a0]",1
"movwvc r6, 0xd65",1
"ldrbvs r6, [r2, -0xf74]!",1
"smlsdvs r0, pc, r3, r6",1
"cmpvc pc, r5, ror 8",1
"ldmdbvs r4!, {r0, r2, r4, r5, r6, r8, sb, sl, fp, sp, lr} ^",1
"cmpvc pc, 0x1b80000",1
"strbvs r7, [ip, -0x974]!",1
"stmdbvs ip!, {r8, sl, sp, lr} ^",1
svcvs 0x5f6564,1
"rsbvc r7, r5, 0x75000000",1
svcvs 0x75715f,1
"rsbseq r6, r3, r4, ror r5",1
"strbtvc r7, [pc], -0x571",1
"ldrbvs r6, [r2, -r5, ror 2]!",1
"ldrbvs r6, [r2, -0x65f]!",1
svcvs 0x660065,1
svcpl 0x656372,1
"ldrbvs r7, [r4, -0x56f]!",1
"ldrbvc r5, [r1, -0xf72]!",1
"cdpvs p4, 6, c7, c9, c15, 3",1
"ldrbtvc r5, [r3], -0xf67",1
"rsbeq r6, r5, sb, ror ip",1
svcpl 0x746573,1
"strbtvc r7, [pc], -0x571",1
svcpl 0x676e69,1
"strbvs r6, [r1, -r6, ror 24]!",1
"ldmdbmi pc, {r0, r1, r4, r5, r6} ^",1
invalid,1
"stmdavc r0, {r0, r2, r5, r6, sb, ip, sp, lr}",1
"stclvs p5, c6, [r1], -0x1c8",1
"rsbeq r6, r3, ip, ror 30",1
"ldrbvs r6, [r4, -0x96c]!",1
svcpl 0x6c6172,1
"strbtvc r7, [pc], -0x571",1
svcpl 0x676e69,1
"ldclvs p4, c7, [sb], -0x1cc",1
svcpl 0x5f0065,1
"rsbsvc r7, sb, r3, ror 8",1
"strbvs r5, [r7, -0xf65]!",1
"rsbvs r5, sp, 116, 30",1
"rsbsvc r6, r5, 0x7c000001",1
"stmdavc r1!, {r0, r1, r2, r3, r4, r6, r8, sl, fp, sp, lr} ^",1
"movtpl r5, 0x9f00",1
invalid,1
invalid,1
"ldrbvs r6, [r4, -0xf75]!",1
svcpl 0x677261,1
"rsbvc r6, r1, 0x630000",1
svcvs 0x757100,1
invalid,1
"ldmdbvc r4!, {r0, r1, r2, r3, r4, r6, r8, sb, ip, sp, lr} ^",1
"ldrbvc r6, [pc], -ip, ror 10 ; [0x3a72c:4]=0x746f7571",1
"rsbseq r6, r3, r1, ror 24",1
"strbtvc r7, [pc], -0x571",1
"ldrbvs r6, [r2, -r5, ror 2]!",1
"cmnvc r5, 0x7c000001",1
"rsbeq r6, sp, r4, ror pc",1
"stclvs p8, c6, [r5], -0x1cc",1
"ldrbvc r5, [r1, -0xf6c]!",1
"cdpvs p4, 6, c7, c9, c15, 3",1
"ldrbtvc r5, [r3], -0xf67",1
"rsbeq r6, r5, sb, ror ip",1
"cmnvs r6, pc, asr pc",1
"rsbeq r7, r5, ip, ror 10",1
invalid,1
invalid,1
"strbtvs r7, [r5], -0x461",1
svcvs 0x757100,1
"rsbvc r6, r1, 116, 10",1
"strbvc r5, [r3, -0xf67]!",1
"stclvs p4, c7, [0x0003a5ac]!",1
"stclvs p13, c6, [r5, -0x17c]!",1
"cmnvs r3, 0, 10",1
svcpl 0x657061,1
"strbtvc r7, [pc], -0x571",1
svcpl 0x676e69,1
"ldclvs p4, c7, [sb], -0x1cc",1
invalid,1
"ldmdbvs r2!, {r0, r1, r2, r4, r5, r6, ip, sp, lr} ^",1
"movwvc r7, 0x46e",1
"cmpvs pc, 0x65000000",1
svcpl 0x726168,1
"strbtvc r7, [pc], -0x571",1
"rsbeq r6, r7, sb, ror 28",1
"ldrbtvc r7, [r3], -0x563",1
"cmpvc pc, pc, ror 26",1
"ldmdbvs r4!, {r0, r2, r4, r5, r6, r8, sb, sl, fp, sp, lr} ^",1
"cmpvc pc, 0x1b80000",1
"strbvs r7, [ip, -0x974]!",1
"ldrbvc r5, [pc, -r0, lsl 30] ; [0x3a7c4:4]=0x61636f6c",1
"movwvs r6, 0x863",1
invalid,1
"cmpvc pc, ip, ror 10",1
"ldmdbvs r4!, {r0, r2, r4, r5, r6, r8, sb, sl, fp, sp, lr} ^",1
"cmpvc pc, 0x1b80000",1
"strbvs r7, [ip, -0x974]!",1
"ldrbvs r6, [0x0003a4e0]     ; [0x3a4e0:4]=0x6f6c736e",1
"rsbvc r6, r1, r3, ror r3",1
"cmpmi r1, r5, rrx",1
"stmdbmi ip, {r0, r1, r2, r3, r4, r6, r8, sl, lr} ^",1
svcmi 0x5f4544,1
"subpl r5, r5, 0x55000000",1
svcmi 0x55515f,1
"subseq r4, r3, r4, asr r5",1
"stclvs p13, c6, [r5, -0x1e0]!",1
"rsbseq r7, r0, r4, ror 10",1
"strbtvs r7, [r6], -r2, ror 10",1
"ldmdbvs r3!, {r0, r2, r5, r6, sb, ip, sp, lr} ^",1
"andvs r6, r0, 0x1e800000",1
"ldmdbvs r3!, {r0, r2, r4, r5, r6, sb, sl, sp, lr} ^",1
"movwvc r6, 0x57a",1
"ldrbtvc r6, [r4], -ip, ror 30",1
"eorseq r6, r0, r5, ror 6",1
"cmpvs r3, 0x17c000",1
"ldclvs p4, c7, [r2], -0x1b8",1
"movtpl r5, 0x9f00",1
"stmdbvs r7!, {r2, r5, r6, r8, fp, sp, lr} ^",1
"ldrbvs r0, [r3, -0x74]!",1
"ldrbvc r5, [r1, -0xf74]!",1
"cdpvs p4, 6, c7, c9, c15, 3",1
"ldrbtvc r5, [r3], -0xf67",1
"rsbeq r6, r5, sb, ror ip",1
"cmpvc r3, 0x17c000",1
"strbvs r6, [r3, -0x170]!",1
invalid,1
"ldrbvs r6, [r4, -0x174]!",1
"stmdbvs lr!, {r8, sl, ip, sp, lr} ^",1
"ldrbvs r7, [r4, -0x962]!",1
invalid,1
"rsbeq r6, r5, r1, ror 24",1
"ldmdbvs r3!, {r0, r2, r3, r5, r6, sb, sp, lr} ^",1
"rsbseq r6, r4, lr, ror 18",1
"ldrbvc r5, [r1, -0xf63]!",1
"cdpvs p4, 6, c7, c9, c15, 3",1
"ldrbtvc r5, [r3], -0xf67",1
"rsbeq r6, r5, sb, ror ip",1
"strbtvc r7, [pc], -0x571",1
"strbvs r5, [sp, -0xf65]!",1
svcpl 0x63006d,1
svcpl 0x646e61,1
"stclvs p8, c6, [r5], -0x1cc",1
invalid,1
"ldrbvs r6, [r0, -0x163]!",1
"ldclvs p15, c5, [0x0003a89c]",1
"cmnvs r4, r2, ror 6",1
"ldrbvc r6, [pc], -0x574     ; [0x3a8a4:4]=0x715f656e",1
svcvs 0x6c6300,1
"cmpvc pc, lr, ror 10",1
"ldmdbvs r4!, {r0, r2, r4, r5, r6, r8, sb, sl, fp, sp, lr} ^",1
svcvs 0x5f676e,1
svcvs 0x697470,1
invalid,1
"ldmdbvs r4!, {r0, r2, r4, r5, r6, r8, sb, sl, fp, sp, lr} ^",1
"cmpvc pc, 0x1b80000",1
"strbvs r7, [ip, -0x974]!",1
invalid,1
"ldmdbmi pc, {r0, r1, r4, r5, r6} ^",1
"mrcvs p0, 3, r7, c5, c3, 2",1
"stcvs p4, c7, [r0, -0x18c]",1
svcvs 0x747262,1
svcpl 0x6377,1
"rsbsvc r5, r0, 0x24000001",1
"rsbseq r6, r4, sb, ror 28",1
"strbtvc r7, [pc], -0x571",1
"ldrbvc r5, [r1, -0xf65]!",1
"cdpvs p4, 6, c7, c9, c15, 3",1
"rsbvc r5, pc, r7, ror 30",1
"mcrvs p9, 3, r6, c15, c4, 3",1
"cmnvs r8, 0x73",1
"cmnvs r2, r8, ror 2",1
invalid,1
"ldrbvc r5, [pc, -r0, lsl 30] ; [0x3a90c:4]=0x746f7571",1
"rsbeq r6, r2, r3, ror 16",1
"strbtvc r7, [pc], -0x571",1
"ldrbtvc r5, [r3], -0xf65",1
invalid,1
"strbtvc r6, [r5], -0x700",1
"ldrbtvc r6, [r8], -0x574",1
svcvs 0x75715f,1
invalid,1
"subspl r5, r3, r1, asr 30",1
svcpl 0x54494c,1
"smlsldmi r5, sb, r4, r2",1
"ldmdami r0, {r1, r4, r6, r8, lr} ^",1
"ldmdbmi pc, {r0, r1, r4, r6} ^",1
"cmnvs r2, r3, asr r7",1
"movwvc r6, 0x870",1
"ldrbtvc r6, [r4], -ip, ror 30",1
"movwvc r6, 0x365",1
"rsbslo r6, r4, ip, ror 30",1
svcvs 0x757100,1
"rsbvc r6, r1, 116, 10",1
svcpl 0x6e5f67,1
"ldmdbvs r4!, {r0, r1, r2, r3, r5, r6, ip, sp, lr} ^",1
"rsbseq r6, r3, pc, ror 28",1
invalid,1
"rsbeq r7, r5, sb, ror 20",1
"cmnvs r2, 0x73000000",1
"strbvs r7, [r5, -0x361]!",1
"movwvc r3, 0x71",1
invalid,1
invalid,1
"ldrbtvc r0, [r3], -0x31",1
invalid,1
"rsbslo r6, r1, 0x19400000",1
"rsbsvc r7, r4, 0, 6",1
"ldrbvs r6, [r3, -0x163]!",1
"eorseq r7, r3, r5, ror 2",1
"strbtvc r7, [pc], -0x571",1
svcpl 0x676e69,1
"ldmdbvs r4!, {r0, r1, r2, r3, r5, r6, ip, sp, lr} ^",1
svcpl 0x736e6f,1
"stclvs p2, c7, [0x0003a818]!",1
"ldmdbvc r4!, {r0, r1, r2, r3, r4, r6, r8, sb, ip, sp, lr} ^",1
"movwvc r6, 0x56c",1
invalid,1
invalid,1
"ldrbtvc r0, [r3], -0x36",1
invalid,1
"ldrblo r6, [r1, -r5, ror 10]!",1
"rsbsvc r7, r4, 0, 6",1
"ldrbvs r6, [r3, -0x163]!",1
"eorseq r7, r8, r5, ror 2",1
"cmnvs r2, 0x73000000",1
"strbvs r7, [r5, -0x361]!",1
"smlsdxvc r0, r1, sb, r3",1
svcpl 0x746e69,1
"ldmdbmi pc, {r2, r4, r5, r6} ^",1
"rsbvc r6, ip, r3, asr r1",1
invalid,1
"stclvs p3, c6, [r1], -0x1bc",1
"stmdavs r3!, {r0, r2, r5, r6, r8, sb, sl, fp, ip, lr} ^",1
"ldrbvs r7, [r3, -0x261]!",1
"ldrbvc r0, [r1, -0x74]!",1
invalid,1
invalid,1
"ldrbvs r6, [r4, -0xf75]!",1
svcpl 0x677261,1
svcvs 0x6c6c61,1
"ldrbvc r0, [r1, -0x63]!",1
invalid,1
"mrcvs p7, 2, r6, c15, c2, 3",1
"cmnvc r5, 0x7c000001",1
"rsbeq r6, sp, r4, ror pc",1
bvc 0x1a977f4,1
"ldrbvc r0, [r1, -0x65]!",1
invalid,1
"mrcvs p7, 2, r6, c15, c2, 3",1
svcvs 0x757100,1
"rsbvc r6, r1, 116, 10",1
"strbvc r5, [r2, -0xf67]!",1
"rsbvc r6, r5, 0x6600000",1
invalid,1
"strbvs r7, [ip, -0x974]!",1
"ldrbvc r0, [r1, -0x64]!",1
svcpl 0x65746f,1
invalid,1
svcvs 0x745f65,1
"ldrbvc r0, [r1, -0x6f]!",1
invalid,1
"cmpvs pc, 0x1c80000",1
"cdpvs p12, 6, c6, c15, c15, 3",1
"stclvs p13, c6, [r5, -0x17c]!",1
"movtpl r5, 0x9f00",1
"strbvc r6, [lr, -0xc61]!",1
"strbvs r0, [r4, -0x6d]!",1
"ldclvs p1, c6, [r5], -0x198",1
"ldrbvc r5, [r1, -0xf74]!",1
"cdpvs p4, 6, c7, c9, c15, 3",1
"rsbvc r5, pc, r7, ror 30",1
"mcrvs p9, 3, r6, c15, c4, 3",1
"ldmdbmi pc, {r0, r1, r4, r5, r6} ^",1
"qdsubvs r6, r3, ip",1
"andvs r6, r0, 0x1b800",1
invalid,1
"ldmdavs r3!, {r2, r3, r5, r6, r8, sp, lr} ^",1
"cmnvs r3, 0x17c00000",1
invalid,1
svcvs 0x757100,1
"rsbvc r6, r1, 116, 10",1
svcpl 0x6e5f67,1
"rsbeq r6, sp, sp, ror 10",1
"mcrvs p2, 3, r7, c9, c0, 3",1
"stclvs p1, c6, [r2], -0x1d0",1
"strbvs r0, [ip, -0x65]!",1
"cmpvc pc, r6, ror 8",1
"ldrbvs r6, [r4, -0xf75]!",1
svcvs 0x757100,1
"mrcvs p5, 2, r6, c15, c4, 3",1
"movtpl r5, 0x9f00",1
"ldrbvs r7, [r0, -0x75]!",1
"ldrbvc r0, [r1, -0x72]!",1
invalid,1
"cmpvs pc, 0x1c80000",1
svcpl 0x726168,1
"rsbeq r6, sp, sp, ror 10",1
"stclvs p12, c6, [sb, -0x1a4]!",1
"cmpvs pc, r0, lsl 28",1
svcvs 0x687475,1
"strvs r7, [r0, -0x372]",1
svcpl 0x74696d,1
svcpl 0x677562,1
svcvs 0x706572,1
"mcrvs p4, 3, r7, c9, c2, 3",1
"strbtvs r5, [r1], -0xf67",1
invalid,1
"ldrbvs r0, [r6, -0x73]!",1
svcvs 0x697372,1
"strbtvc r5, [r5], -0xf6e",1
"rsbvc r5, r1, 0x18c",1
"stmdbvs ip!, {r1, r2, r3, r5, r6} ^",1
"ldrbvs r2, [r6, -0xf62]!",1
svcvs 0x697372,1
"strbtvc r2, [r5], -0xd6e",1
"rsbeq r2, r3, r3, ror 28",1
blvs 0x191310c,1
"rsbeq r6, r5, r1, ror 14",1
"stclvs p15, c6, [sp, -0x18c]!",1
svcpl 0x646e61,1
"strbvs r6, [sp, -0x16e]!",1
"ldrbvc r5, [pc], -r0, lsl 30 ; [0x3ab60:4]=0x43007473",1
"stmdbvs ip!, {r0, r5, r6, r8, sb, sl, fp, ip, lr} ^",1
"movwmi r7, 0x473",1
"subspl r5, sb, 0x4f",1
"strbpl r4, [r8], -0x749",1
"qdaddmi r5, pc, r5",1
"strbvc r0, [r1, -0x52]!",1
"cmnvs r4, r4, ror r8",1
"ldrbvs r0, [r6, -0x62]!",1
svcvs 0x697372,1
"strbtvc r5, [r5], -0xf6e",1
svcvs 0x635f63,1
"ldmdbvs r2!, {r4, r5, r6, r8, fp, ip, sp, lr} ^",1
"rsbseq r6, r4, r7, ror 16",1
"cmnvc r2, 0x1d800000",1
"rsbeq r6, lr, sb, ror 30",1
"mcrvs p15, 3, r5, c7, c15, 2",1
"usub16vc r6, pc, r5",1
"stmdbvs ip!, {r0, r5, r6, r8, sb, sl, fp, ip, lr} ^",1
invalid,1
"ldmdbvs r3!, {r0, r2, r5, r6, sb, ip, sp, lr} ^",1
"ldrbvs r6, [0x00039d45]     ; [0x39d45:4]=0x745f78",1
"usub16vc r6, pc, r4",1
svcpl 0x5f0061,1
"strvc r7, [r0], -r1, rrx",1
"ldmdbvs r3!, {r0, r2, r5, r6, sb, ip, sp, lr} ^",1
"ldrbvs r6, [0x00039d59]     ; [0x39d59:4]=0x46006564",1
"cmpvs pc, r4, ror r3",1
"stmdbvs ip!, {r1, r4, r5, r6} ^",1
"ldrbvs r2, [r6, -0xf62]!",1
svcvs 0x697372,1
"strbtvc r2, [r5], -0xd6e",1
invalid,1
"rsbeq r2, r3, r6, ror 28",1
invalid,1
"rsbeq r6, r3, ip, ror 30",1
invalid,1
invalid,1
"rsbvs r6, sb, 0, 24",1
invalid,1
invalid,1
"stmdami r0, {r1, r2, r3, r5, r8, sb, sp, lr}",1
svcpl 0x455641,1
svcpl 0x554e47,1
"mcrrmi p1, 4, r4, ip, c3",1
"stcvs p3, c4, [r0, -0x13c]",1
"rsbvc r6, r3, r5, ror 26",1
"rsbslo r0, r8, 0x79",1
invalid,1
invalid,1
"ldrbtvc r7, [r3], -0x800",1
"rsbsvc r6, r5, r2, ror r4",1
"rsbvc r7, lr, 0, 16",1
"stclvs p1, c6, [ip], -0x194",1
"stmdavc r0, {r0, r1, r2, r3, r5, r6, r8, sb, sp, lr}",1
"stclvs p1, c6, [ip], -0x18c",1
"strmi r6, [r0], -0x36f",1
"strbpl r4, [r1, -0x645]",1
"ldclmi p4, c5, [0x0003ab18]",1
"movtpl r4, 0x1658",1
"stmdbvs ip!, {r2, r4, r6} ^",1
"cmnvs r8, r2, ror 30",1
invalid,1
"strbvs r6, [sb, -0x42d]!",1
"strvc r6, [r0], -lr, lsr 6",1
"strbtvs r6, [sb], -0xc61",1
"uhsaxvs r7, r5, pc",1
"ldrbvs r6, [r8, -0x966]!",1
svcpl 0x5f0073,1
"strbpl r5, [r5], -0x250",1
"usaxmi r5, pc, r4",1
"strbpl r4, [r3], -0xe55",1
svcpl 0x4e4f49,1
blvs 0x18bae00,1
"cmnvs r3, 0x1b4",1
svcpl 0x656c61,1
"subsvc r7, pc, r2, ror 18",1
"rsbvc r7, r5, 0x1bc0000",1
invalid,1
"ldrbvs r6, [pc], -ip, ror 10 ; [0x3ac9c:4]=0x74730072",1
svcvs 0x746361,1
"ldrbtvc r0, [r3], -0x72",1
"stclvs p4, c7, [pc], -0x1c8",1
invalid,1
"stmdbvs ip!, {r0, r2, r5, r6} ^",1
"cmnvc r8, 0x188",1
svcvs 0x747274,1
"stmdavc r1!, {r0, r3, r5, r6, r8, sl, fp, sp, lr} ^",1
"strvc r6, [r0], -0x32e",1
"rsbsvc r7, r4, 0x5f",1
"strbtvs r6, [lr], -0x500",1
"rsbseq r7, r2, r0, ror r4",1
"strbvc r5, [r2, -0xf5f]!",1
"ldmdbvs r4!, {r0, r3, r5, r6, sl, fp, sp, lr} ^",1
"ldrbtvc r5, [r3], -0xf6e",1
"rsbvc r6, r8, 0xc8000001",1
"ldrbtvc r6, [r0], -0xe00",1
svcpl 0x5f0072,1
"ldrbvs r7, [r3, -0x361]!",1
"usub16vs r7, pc, r2",1
"rsbeq r6, ip, r1, ror 18",1
"ldrbtvc r5, [r3], -0xf5f",1
"stclvs p4, c7, [pc], -0x1c8",1
"cdpvs p15, 6, c5, c9, c12, 3",1
"mrcvs p5, 3, r6, c2, c4, 3",1
"andvs r6, r0, 0x6100",1
"cmpvc pc, 0x1ac0",1
"strbvs r6, [ip, -0x163]!",1
"rsbvs r6, sb, 0, 24",1
"ldrbtvc r7, [r3], -0x82f",1
"stclvs p4, c7, [pc], -0x1c8",1
svcpl 0x632e,1
"ldrbvs r6, [r2, -0x65f]!",1
"cdpvs p4, 6, c6, c9, c1, 3",1
"rsbsvc r0, r2, r7, rrx",1
"strbtvs r5, [r6], -ip, ror 30",1
"ldmdavs r3!, {r2, r3, r5, r6, r8, sl, ip, sp, lr} ^",1
"ldrbvs r6, [r3, -0xc00]!",1
invalid,1
"strtvs r6, [pc], -sb, ror 4",1
invalid,1
"rsbeq r2, r3, r5, ror 28",1
"strbvs r7, [r5, -0x36c]!",1
"eorseq r3, r4, fp, ror 12",1
"ldrbvs r6, [r6, -0x173]!",1
"rsbvc r5, r5, 100, 30",1
"rsbeq r6, pc, r2, ror lr",1
svchs 0x62696c,1
"strbvc r6, [ip, -0x666]!",1
invalid,1
"strbvs r6, [ip, -0x300]!",1
"ldrbvc r7, [0x0003ab0b]     ; [0x3ab0b:4]=0x6775625f",1
"strbtvc r6, [r5], -0x76e",1
"strbvc r5, [r2, -0xf63]!",1
"rsbvc r6, r5, 0x6600000",1
"ldrbvs r7, [r2, -0x5f]!",1
"uhsub16vc r6, r2, r3",1
svcpl 0x676e69,1
"ldmdbvs r3!, {r4, r5, r6, r8, sb, sl, fp, sp, lr} ^",1
"mcrvs p9, 3, r6, c15, c4, 3",1
"ldclvs p2, c7, [r0], -0",1
"ldrbvs r6, [r3, -0x65f]!",1
"rsbeq r6, pc, r5, ror 22",1
svchs 0x62696c,1
"strbvs r7, [r5, -0x366]!",1
invalid,1
"strbvs r7, [r8, -0x700]!",1
"rsbeq r6, r5, lr, ror 6",1
"strbvs r7, [r5, -0x366]!",1
"ldrtlo r6, [r6], -0xf6b",1
invalid,1
"ldrbvs r7, [r2, -0x45f]!",1
"cdpmi p0, 5, c0, c15, c5, 3",1
"strbpl r5, [r3], -0xf4c",1
svcpl 0x455059,1
"ldrbmi r5, [r4], -0x54f",1
"strbpl r4, [sb], -0x749",1
"cmpmi r7, 57, 30            ; 0x39",1
"strbvc r6, [r5, -r0, lsl 28]!",1
invalid,1
svcvs 0x6e5f74,1
"rsbseq r6, r3, r4, ror 10",1
"strbtvc r6, [r6], -0x973",1
"cmnvs r4, pc, asr r3",1
svcpl 0x736574,1
blvs 0x191337c,1
"ldrbtvs r6, [r2], -0x177",1
"cmpvs pc, r0, lsl 30",1
"cdpvs p9, 6, c6, c7, c12, 3",1
"rsbsvs r7, r5, 0, 6",1
"rsbseq r6, r8, sb, ror 8",1
svcpl 0x6d696c,1
"strbtvc r7, [r1], -0x473",1
"andvs r7, r0, 0x94000001",1
"ldrbvs r7, [r3, -0x469]!",1
svcvs 0x6e5f74,1
"mrcmi p0, 2, r0, c15, c4, 3",1
"ldmdbmi r4, {r2, r3, r6, r8, sb, sl, fp, ip, lr} ^",1
"cmpmi pc, 0x13400000",1
"ldrbmi r4, [pc], -0xc41     ; [0x3ae2c:4]=0x4e4f4954",1
"movtmi r5, 0x5249",1
"mcrmi p9, 2, r4, c15, c4, 2",1
"strbvc r6, [r5, -r0, lsl 28]!",1
"strbvs r7, [r5, -0x274]!",1
"rsbsvc r6, r2, 0, 10",1
svcpl 0x667562,1
"ldrbvs r6, [sl, -0x973]!",1
"subsvc r5, pc, r0, lsl 30",1
"ldrbvs r6, [r2, -0x874]!",1
"ldclvs p4, c6, [0x0003acd0]",1
"stmdavc r5!, {r0, r2, r4, r5, r6, sl, ip, sp, lr} ^",1
"movwvc r7, 0x35f",1
"ldrbvs r6, [r3, -0x162]!",1
"cmnvs r2, r0, lsl 8",1
"strbtvc r7, [sb], -0x36e",1
"cmnvs r4, pc, asr r3",1
"subsvs r6, pc, 116, 10",1
"strbtvs r7, [r5], -fp, ror 4",1
"mcrrmi p15, 0, r5, lr, c0",1
"submi r5, r1, 0x17c0000",1
svcpl 0x4e4f4d,1
"mrcmi p0, 2, r0, c15, c1, 1",1
"cmpmi r7, ip, asr 30",1
"cdpmi p13, 4, c4, c15, c2, 2",1
svcpl 0x335f,1
"ldrbpl r4, [pc, -lr, asr 24] ; [0x3ae94:4]=0x345f4e",1
svcmi 0x4d4241,1
"eorseq r5, r4, lr, asr 30",1
svcpl 0x4c4e5f,1
"stclmi p1, c4, [r2, -0x15c]",1
"ldrblo r4, [0x0003a059]     ; [0x3a059:4]=0x6e726574",1
"mcrrmi p15, 0, r5, lr, c0",1
"submi r5, r1, 0x17c0000",1
svcpl 0x4e4f4d,1
"mrcmi p0, 2, r0, c15, c6, 1",1
"cmpmi r7, ip, asr 30",1
"cdpmi p13, 4, c4, c15, c2, 2",1
svcpl 0x375f,1
"ldrbpl r4, [pc, -lr, asr 24] ; [0x3aec8:4]=0x385f4e",1
svcmi 0x4d4241,1
"eorseq r5, r8, lr, asr 30",1
svcpl 0x4c4e5f,1
"stclmi p1, c4, [r2, -0x15c]",1
"ldmdblo pc, {r0, r1, r2, r3, r6, sb, sl, fp, lr} ^",1
"strbvs r7, [r5, -r0, lsl 4]!",1
"ldrbvs r7, [r4, -0x369]!",1
"ldrbtvc r5, [r3], -0xf72",1
"rsbeq r7, r5, r1, ror 8",1
"mcrvs p2, 3, r7, c1, c4, 3",1
svcpl 0x746973,1
"strbtvc r7, [r1], -0x473",1
"cdpmi p0, 4, c0, c1, c5, 3",1
"subpl r4, pc, 0x430000",1
"mcrrmi p15, 0, r5, lr, c0",1
svcmi 0x4d575f,1
"eorslo r5, r1, lr, asr 30",1
"mcrrmi p15, 0, r5, lr, c0",1
svcmi 0x4d575f,1
"teqlo r1, lr, asr 30",1
"mcrrmi p15, 0, r5, lr, c0",1
svcmi 0x4d575f,1
"eorslo r5, r1, 0x138",1
"mcrrmi p15, 0, r5, lr, c0",1
"submi r5, r1, 0x17c0000",1
svcpl 0x4e4f4d,1
svcpl 0x3031,1
"ldrbpl r4, [pc, -lr, asr 24] ; [0x3af38:4]=0x31315f4e",1
svcmi 0x4d4241,1
"teqlo r1, lr, asr 30",1
"mcrrmi p15, 0, r5, lr, c0",1
"submi r5, r1, 0x17c0000",1
svcpl 0x4e4f4d,1
"movwvs r3, 0x231",1
"strbtvc r6, [r1], -0x572",1
"stmdbvs r3!, {r0, r2, r5, r6, r8, sb, sl, fp, ip, lr} ^",1
invalid,1
"strbtvc r7, [r1], -0x473",1
"cdpmi p0, 5, c0, c15, c5, 3",1
"strbmi r5, [sb], -0xf4c",1
"ldmdbmi r4, {r0, r2, r6, sb, sl, fp, lr} ^",1
invalid,1
"mcrmi p9, 2, r4, c15, c4, 2",1
"qdaddmi r4, pc, sp",1
"andvc r4, r0, 0x4900",1
"ldrbtvc r5, [r3], -0xf65",1
invalid,1
"mcrvs p3, 3, r6, c15, c15, 2",1
"ldrbvc r7, [r2, -0x473]!",1
"stmdavs r0, {r0, r1, r5, r6, sl, ip, sp, lr}",1
"subsvs r7, pc, 0x84000001",1
"rsbvc r6, fp, 0x84000001",1
svcpl 0x6665,1
"cmpmi pc, 0x4e00",1
"ldrbmi r5, [r0, -0x954]",1
"strbmi r4, [lr], -0x95f",1
"strbpl r4, [sb], -0x749",1
"ldclmi p1, c3, [0x0003ae64]",1
"rsbsvc r0, r2, r2, asr 32",1
"ldrbvs r5, [r2, -0xf6c]!",1
"rsbsvc r6, r2, 0x19c00000",1
svcpl 0x726f,1
"ldrbpl r4, [pc], -0xc4e     ; [0x3afc4:4]=0x4b454557",1
svcpl 0x454d49,1
blmi 0x118c528,1
"ldrbpl r3, [r3], -0x15f",1
"subseq r4, sb, r4, asr 2",1
"cmpvc pc, 0x1c800000",1
"ldrbvs r7, [pc], -r5, ror 8 ; [0x3afdc:4]=0x5f007061",1
"ldclvs p3, c7, [r4, -0x184]!",1
svcpl 0x7061,1
svcpl 0x474552,1
"subpl r4, r4, 0x80000010",1
"andvs r5, r0, 80, 8",1
"strbtvs r6, [ip], -0x975",1
"uqsaxvs r7, sb, pc",1
svcpl 0x646574,1
"strbtvc r7, [r1], -0x473",1
svcpl 0x7365,1
"cmpmi pc, 0x4e00",1
"ldrbmi r5, [r0, -0x954]",1
"ldrbpl r4, [r5], -0xf5f",1
"stmdbmi r7, {r2, r6, r8, fp, lr} ^",1
invalid,1
invalid,1
"ldrbtvc r6, [r0], -0x563",1
"strbvs r6, [ip, -0x261]!",1
invalid,1
"rsbvc r7, r5, 0x5f",1
"rsbeq r6, r4, sb, ror 30",1
svcpl 0x747364,1
"rsbseq r6, r8, sb, ror 8",1
"ldrbpl r5, [0x0003afed]     ; [0x3afed:4]=0x5f646c69",1
svcpl 0x384654,1
"ldmdbmi r2, {r4, r6, r8, sl, lr} ^",1
invalid,1
"ldrbvs r6, [0x0003abe8]     ; [0x3abe8:4]=0x616d6e78",1
"stclvs p3, c7, [sb], -0x1c0",1
"cmpvc pc, 0x6f0",1
"mrcvs p3, 2, r6, c15, c2, 3",1
invalid,1
"strbtvc r6, [sb], -0x200",1
svcpl 0x746573,1
"ldmdbvc r0!, {r0, r1, r5, r6, r8, sb, sl, fp, sp, lr} ^",1
svcvs 0x727000,1
"strbtvs r6, [r5], -0x563",1
"stmdavc r5!, {r0, r1, r2, r3, r4, r6, sb, sl, fp, sp, lr} ^",1
svcvs 0x6e5f74,1
"stcvs p5, c6, [r0, -0x190]",1
"stmdavs r3!, {r0, r5, r6, sl, ip, sp, lr} ^",1
"ldmdavc r4!, {r0, r1, r2, r3, r4, r6, r8, sb, sp, lr} ^",1
"stmdbvs lr!, {r0, r1, r2, r3, r4, r6, r8, fp, sp, lr} ^",1
svcpl 0x5f0074,1
"cmppl r3, 0x16400000",1
"strvc r5, [r0, -0x254]",1
svcpl 0x386674,1
"ldclvs p2, c6, [0x0003aed0]",1
svcpl 0x7061,1
svcpl 0x474552,1
"strbmi r4, [lr], -0x545",1
"rsbsvs r7, r5, 0, 6",1
svcpl 0x707865,1
"stclvs p2, c7, [0x0003af1c]!",1
"stmdavc r1!, {r8, sl, fp, sp, lr} ^",1
svcpl 0x626d5f,1
"stclvs p12, c6, [r5, -0x194]!",1
"mcrvs p12, 3, r6, c5, c15, 2",1
svcpl 0x504f00,1
"cdpmi p0, 4, c5, c5, c15, 2",1
"subsmi r5, r5, 0x7c000001",1
"subseq r5, r0, r5, asr 16",1
"strbvs r7, [r5, -0x274]!",1
"subspl r0, pc, 0x31",1
"ldrbmi r4, [0x0003a99b]     ; [0x3a99b:4]=0x676e6974",1
"ldmdbpl r3, {r1, r2, r3, r6, r8, sb, sl, fp, lr} ^",1
"mrcmi p0, 2, r0, c15, c3, 2",1
"strbpl r5, [r3], -0xf4c",1
svcpl 0x455059,1
"stmdbmi r4, {r0, r3, r6, sb, sl, fp, lr} ^",1
"cmppl r4, 0x11c000",1
"cmpmi r7, 57, 30            ; 0x39",1
invalid,1
"mrcvs p3, 2, r7, c15, c4, 3",1
svcpl 0x65646f,1
"stclvs p1, c6, [ip], -0x1b4",1
"strbtvs r6, [r5], -0x36f",1
"cmnvs r2, r0, lsl 4",1
"strbtvc r6, [r5], -0xb63",1
"strbvs r6, [ip, -0x55f]!",1
"ldmdbvc r4!, {r0, r2, r3, r5, r6, r8, sb, sl, fp, ip, lr} ^",1
"stcvs p5, c6, [r0, -0x1c0]",1
"strbvs r6, [ip, -0x362]!",1
"rsbvc r0, r3, lr, rrx",1
"ldmdbvs r3!, {r0, r3, r4, r5, r6, r8, sb, sl, fp, ip, lr} ^",1
svcpl 0x657a,1
"cmpmi pc, 0x4e00",1
invalid,1
"cmpmi pc, 84, 10            ; 0x54",1
"movtpl r4, 0x544f",1
"andvc r5, r0, 0x45000000",1
"ldrbtvc r5, [r3], -0xf65",1
invalid,1
"stmdavs r3!, {r0, r1, r2, r3, r4, r6, r8, sb, sl, ip, sp, lr} ^",1
"cmpvs pc, r1, ror 4",1
"cmnvs r0, r4, ror r0",1
svcpl 0x657372,1
invalid,1
svcpl 0x74656b,1
"rsbseq r7, r0, r5, ror 16",1
svcpl 0x727473,1
"strbvs r7, [r5, -0x274]!",1
svcvs 0x74735f,1
"strbvs r6, [r7, -0x172]!",1
"stmdavc r4!, {r0, r1, r2, r3, r4, r6, r8, fp, sp, lr} ^",1
"subsvs r5, pc, 0, 30",1
"strbtvc r6, [ip], -0x975",1
"ldclvs p14, c6, [0x0003afe8]",1
svcvs 0x6d6d65,1
invalid,1
"rsbseq r6, r4, r5, ror 12",1
svcpl 0x6c7072,1
"uqsub16vs r6, r7, r2",1
"rsbeq r6, r5, r2, ror r5",1
invalid,1
"rsbvc r5, r1, 0x1ac",1
"cmnvs r6, r2, ror sb",1
"ldrbvs r0, [r2, -0x6c]!",1
"strbtvs r6, [pc], -0xe5f",1
"ldrbvs r5, [r3, -0xf65]!",1
"ldrbvs r5, [r2, -0xf74]!",1
"ldrbvs r6, [r6, -0xf6d]!",1
"rsbseq r6, r4, pc, asr r1",1
"strbtvs r6, [lr], -0x163",1
"strbtvc r6, [r1], -0x469",1
"ldmdami r4, {r0, r2, r5, r6} ^",1
"ldrbmi r5, [r3, -0x54f]",1
"mrcmi p0, 2, r0, c15, c0, 2",1
"strbpl r5, [r3], -0xf4c",1
svcpl 0x455059,1
"ldrbmi r5, [r4], -0x54f",1
"strbpl r4, [sb], -0x749",1
"cmpmi r7, 53, 30            ; 0x35",1
svcpl 0x657200,1
"ldmdbvs r2!, {r0, r1, r4, r5, r6, sl, ip, sp, lr} ^",1
"cmpvs pc, lr, ror 14",1
invalid,1
"rsbeq r7, r5, r1, ror 8",1
svcpl 0x4c4e5f,1
"movtpl r4, 0x154d",1
"stclmi p2, c5, [r5, -0x154]",1
svcpl 0x544e45,1
"strbmi r4, [r4, -0xf43]",1
"subseq r4, r4, r3, asr r5",1
svcpl 0x4c4e5f,1
"strbmi r4, [ip, -0x554]",1
"mcrmi p8, 2, r4, c15, c0, 2",1
"ldrbmi r5, [r4, -0xf45]",1
"cdpmi p15, 4, c5, c9, c12, 2",1
"stclmi p15, c5, [r6, -0x150]",1
"qdsubvs r0, r4, ip",1
"mrcvs p4, 2, r7, c15, c3, 3",1
"rsbeq r6, r5, pc, ror 8",1
"mrcvs p5, 2, r6, c15, c2, 3",1
svcpl 0x65646f,1
svcpl 0x746573,1
"rsbvc r6, sp, r3, ror 30",1
"rsbeq r7, r5, r1, ror 4",1
"subpl r5, r7, 0x17c",1
"ldmdbmi r0, {r0, r1, r2, r3, r6, r8, sl, ip, lr} ^",1
"andvc r4, r0, lr, asr 14",1
invalid,1
"mcrrmi p15, 0, r5, lr, c0",1
"ldmdbpl r4, {r0, r1, r2, r3, r4, r6, r8, sb, lr} ^",1
"ldmdbmi pc, {r4, r6, r8, sl, lr} ^",1
"strbmi r4, [sb, -lr, asr 8]",1
"ldrblo r5, [r3, -sb, asr 8]",1
"subeq r5, r3, pc, asr r7",1
svcpl 0x706f74,1
"strbvs r6, [r4, -0xf6e]!",1
"ldclvs p2, c7, [r0], -0",1
svcpl 0x65725f,1
"rsbvc r6, sp, r3, ror 30",1
svcpl 0x656c69,1
"ldrbtvc r6, [r3], -0x166",1
"rsbseq r6, r0, sp, ror 2",1
svcpl 0x4c4e5f,1
"strbmi r4, [sp, -0x14e]",1
"strbmi r4, [pc], -0x35f",1
"strbpl r5, [r5], -0x345",1
"ldrbmi r5, [r2, -0xf00]",1
svcmi 0x4e5f47,1
"cmpmi r4, 0x40000013",1
"ldrbtvc r0, [r3], -0x48",1
svcpl 0x657461,1
"cmnvs r2, r1, ror 4",1
"rsbseq r5, r4, sb, ror pc",1
"cmpvc pc, 0x1c800000",1
"mcrvs p2, 3, r7, c9, c4, 3",1
svcvs 0x635f67,1
"rsbsvc r7, r4, 0xb8000001",1
svcpl 0x746375,1
"stclvs p15, c6, [sp, -0x18c]!",1
svcpl 0x6e6f,1
"cmpmi pc, 0x4e00",1
invalid,1
invalid,1
"stmdami r7, {r0, r2, r6, r8, fp, lr} ^",1
"subeq r5, r3, r4, asr r7",1
"stmdavc r4!, {r4, r5, r6, r8, fp, sp, lr} ^",1
invalid,1
svcpl 0x747065,1
"cdpvs p2, 0, c6, c0, c13, 3",1
"cmpvs pc, r5, ror 14",1
"stmdbvc r1!, {r1, r4, r5, r6, sb, ip, sp, lr} ^",1
"cdpmi p15, 5, c5, c15, c0, 0",1
"subpl r5, r5, pc, asr r3",1
svcpl 0x59425f,1
"movtmi r5, 0x1053",1
"cdpmi p0, 5, c0, c15, c5, 2",1
"strbmi r5, [r1], -0xf4c",1
"movtpl r5, 0x5244",1
"qdaddmi r5, r3, ip",1
"mrrcmi p7, 4, r4, pc, c14",1
"andvc r4, r0, 0x90000004",1
invalid,1
"rsbvc r7, sb, 0x1c400000",1
"ldrbtvc r5, [r3], -0xf65",1
"rsbeq r7, r5, r1, ror 8",1
"strbvs r6, [r7, -0x572]!",1
"rsbseq r5, r4, r8, ror pc",1
"ldrbvs r6, [r2, -0xb62]!",1
svcvs 0x6e5f66,1
"movwvc r6, 0x564",1
"ldrbtvc r6, [r2], -0x174",1
blvs 0x1c184e0,1
svcpl 0x6e65,1
"cdpmi p12, 5, c4, c15, c14, 2",1
"subpl r4, r5, 0x1540",1
"ldrbmi r4, [pc], -0x349     ; [0x3b374:4]=0x505f4c41",1
"stclmi p3, c4, [sb, -0x114]",1
"subspl r4, pc, r1, asr 24",1
"strbpl r4, [lr], -0x94f",1
"subeq r5, r3, pc, asr r7",1
"stmdbvs ip!, {r1, r2, r4, r5, r6, r8, sp, lr} ^",1
"cmnvs r2, r4, ror 30",1
"strbvs r5, [ip, -0xf77]!",1
"subpl r0, pc, lr, rrx",1
svcmi 0x4c435f,1
"subsmi r4, pc, 0x14c00000",1
blmi 0x110b8e8,1
svcpl 0x5445,1
"cmpmi pc, 0x4e00",1
"ldrbmi r5, [r0, -0x954]",1
"ldrbpl r4, [r5], -0xf5f",1
"stmdbmi r7, {r2, r6, r8, fp, lr} ^",1
invalid,1
"rsbsvc r0, r2, r3, asr 32",1
"ldrbvs r5, [r2, -0xf6c]!",1
"qdsubvs r7, pc, r5",1
svcpl 0x686372,1
svcmi 0x4e0032,1
"ldmdbpl r4, {r1, r2, r3, r6, r8, sb, sl, fp, ip, lr} ^",1
invalid,1
"stclvs p3, c6, [r1], -0x1bc",1
"strbtvc r7, [r3], -0x35f",1
"cmnvs r2, r8, ror r0",1
"ldrbtvc r5, [r3], -0xf77",1
"andvs r7, r0, 0x6f",1
"strbtvs r6, [ip], -0x975",1
"rsbvc r7, pc, 0x17c0000",1
"rsbvc r5, pc, r4, ror 30",1
"rsbsvc r6, r3, pc, asr r5",1
"rsbeq r6, r5, r1, ror 6",1
svcpl 0x4c4e5f,1
"mcrrmi p15, 4, r4, ip, c3",1
svcpl 0x455441,1
"mcrrmi p1, 5, r4, r2, c4",1
"subeq r5, r3, r5, asr 14",1
"cdpvs p15, 7, c6, c5, c2, 3",1
"ldmdbvs r2!, {r2, r5, r6, r8, sp, lr} ^",1
"cdpvs p3, 0, c7, c0, c5, 3",1
"ldclvs p14, c6, [0x0003b264]",1
"stmdavs r3!, {r0, r5, r6, sl, ip, sp, lr} ^",1
"mcrrmi p15, 0, r5, lr, c0",1
"ldmdbpl r4, {r0, r1, r2, r3, r4, r6, r8, sb, lr} ^",1
"ldmdbmi pc, {r4, r6, r8, sl, lr} ^",1
"strbmi r4, [sb, -lr, asr 8]",1
"ldrblo r5, [r3, -0x449]",1
"subeq r5, r3, pc, asr r7",1
"strbtvc r6, [r6], -0x973",1
"cmnvs r4, pc, asr r3",1
svcpl 0x736574,1
"rsbvc r7, r5, 0x69000000",1
"rsbeq r6, r2, pc, asr sp",1
svcmi 0x5f504f,1
svcpl 0x4e4550,1
"mcrrmi p15, 4, r4, ip, c3",1
"strbmi r4, [ip, -0x55f]",1
svcpl 0x5f004d,1
svcpl 0x544e49,1
"ldrbmi r5, [r3, -0xf50]",1
"stmdbpl r2, {r4, r6, r8, sb, sl, fp, ip, lr} ^",1
"cmpmi r0, pc, asr r3",1
"andvs r4, r0, 0x10c00000",1
blvs 0x1913a44,1
"ldrbvs r7, [0x0003b01b]     ; [0x3b01b:4]=0x6c626174",1
svcpl 0x6d656c,1
"rsbvc r0, r3, 0x74",1
"ldrbvs r6, [r4, -0x165]!",1
svcpl 0x64635f,1
"cmnvc r7, 0x1b800000",1
"ldrbvs r6, [r4, -0x174]!",1
"mcrrmi p15, 0, r5, lr, c0",1
"strbmi r4, [r4, -0x95f]",1
"strbmi r5, [sb], -lr, asr 8",1
"strbpl r4, [r1], -0x349",1
svcpl 0x4e4f49,1
"subpl r4, r4, 0x41000000",1
"subseq r5, r3, r5, asr 6",1
svcpl 0x77656e,1
"stmdavs r3!, {r0, r2, r3, r5, r6, sb, sp, lr} ^",1
"rsbseq r7, r3, r1, ror 4",1
"strbvs r7, [r5, -0x266]!",1
"ldrbvs r7, [r2, -0x45f]!",1
"rsbsvc r0, r2, r5, rrx",1
"ldrbvs r5, [r2, -0xf6c]!",1
"strbtvc r6, [r1], -0xd5f",1
"subslo r6, pc, 0x630000",1
"ldclmi p15, c5, [0x0003b4dc]",1
"ldrbmi r4, [pc], -0xe4f     ; [0x3b4e0:4]=0x505f4c41",1
"stclmi p3, c4, [sb, -0x114]",1
"subspl r4, pc, r1, asr 24",1
"strbpl r4, [lr], -0x94f",1
invalid,1
"mrcvs p3, 2, r7, c15, c3, 3",1
"rsbeq r6, r5, r1, ror 26",1
svcpl 0x4c4e5f,1
"subpl r4, r4, 0x41000000",1
svcpl 0x535345,1
"cdpmi p15, 5, c4, c5, c3, 2",1
svcpl 0x595254,1
"strbmi r4, [sp, -0x14e]",1
"subpl r5, pc, 0, 14",1
"stmdbmi r6, {r2, r6, r8, sb, sl, fp, ip, lr} ^",1
"subseq r5, r4, r2, asr r3",1
"ldrbvc r7, [pc], -0x262     ; [0x3b520:4]=0x4c4e5f00",1
"vnmulvs.f64 d22, d5, d31",1
"mcrrmi p15, 0, r5, lr, c0",1
"stclmi p14, c4, [r1, -0x17c]",1
invalid,1
"ldclmi p5, c4, [0x0003b400]",1
"stmdbvs r0, {r1, r4, r6, r8, sb, ip, lr}",1
invalid,1
"ldrbvc r6, [r3, -0xf6c]!",1
"rsbseq r6, r3, r2, ror r5",1
"strbtvc r6, [ip], -0x168",1
"strbtvs r6, [pc], -0xe5f",1
"cmnvs r2, r5, rrx",1
"rsbeq r6, r5, lr, ror 14",1
svcpl 0x4c4e5f,1
"strbmi r4, [lr, -0xf4d]",1
"ldmdbpl r2, {r2, r4, r6, r8, lr} ^",1
svcmi 0x55445f,1
"strbpl r4, [lr], -0x95f",1
"cmppl pc, 0x5f",1
"subsmi r5, pc, 0x45",1
"subspl r5, r3, sb, asr pc",1
"subeq r4, r5, r1, asr 6",1
"strbtvc r7, [r1], -0x473",1
invalid,1
"ldclvs p8, c6, [0x0003b3b8]",1
"rsbeq r7, fp, r1, ror 6",1
"ldrbvs r6, [r7, -0xf6c]!",1
"ldrbvc r5, [r3, -0xf72]!",1
"rsbsvc r6, r8, r2, ror 10",1
"mcrvs p0, 3, r0, c9, c3, 3",1
"subsvs r7, pc, 0x69000000",1
"mrrcvs p6, 7, r6, pc, c5",1
invalid,1
"rsbvc r6, r5, r3, ror 6",1
"stmdbvc r8!, {r2, r4, r5, r6, r8, sb, sl, fp, ip, lr} ^",1
"mcrvs p8, 3, r6, c5, c0, 3",1
"mcrrmi p15, 0, r5, lr, c0",1
"ldclmi p14, c4, [r5, -0x17c]",1
svcpl 0x434c5f,1
"subpl r4, r4, 0x41000000",1
"subseq r5, r3, r5, asr 6",1
svcpl 0x4c4e5f,1
"subspl r5, sb, r3, asr 8",1
"strbpl r5, [0x0003a68b]",1
"smlsldmi r4, sb, r4, r4",1
svcpl 0x315449,1
"strvs r4, [r0, -0x357]",1
svcvs 0x637272,1
svcpl 0x6564,1
invalid,1
svcvs 0x5f5f00,1
"rsbvc r6, r5, 0x770",1
"mcrrmi p15, 0, r5, lr, c0",1
"mcrrmi p3, 5, r4, pc, c15",1
"ldrbmi r4, [r4, -0x14c]",1
"strbmi r4, [lr], -0x95f",1
"movtmi r5, 0x5249",1
"subeq r4, r2, r4, asr sp",1
"ldrbtvc r6, [r3], -0x564",1
"strbtvs r6, [pc], -0xe5f",1
"cdpmi p0, 5, c0, c15, c5, 3",1
"strbpl r5, [r3], -0xf4c",1
svcpl 0x455059,1
"subspl r5, r4, 0x450000",1
invalid,1
"eorseq r5, r2, r0, asr pc",1
invalid,1
invalid,1
"stmdbvs ip!, {r2, r4, r5, r6, r8, sb, sl, fp, ip, lr} ^",1
"cmnvc r4, 0x1b4000",1
"stclvs p3, c6, [r1], -0x17c",1
svcvs 0x705f63,1
"eorseq r5, r1, r3, ror pc",1
svcpl 0x4c4e5f,1
"cdpmi p4, 4, c4, c5, c9, 2",1
"stmdbmi r6, {r2, r4, r6, r8, fp, lr} ^",1
"ldmdbmi r4, {r0, r1, r6, r8, lr} ^",1
"cmpmi pc, pc, asr 28",1
"stmdbmi ip, {r4, r6, ip, lr} ^",1
"ldmdbmi r4, {r0, r1, r6, r8, lr} ^",1
"strvs r4, [r0, -0xe4f]",1
invalid,1
"mcrrmi p15, 0, r5, lr, c0",1
"mcrmi p13, 2, r4, c15, c15, 2",1
"subpl r5, r1, 0x45000000",1
"subpl r5, r3, 0x164",1
"cmppl sb, 0x38000001",1
"movwvs r5, 0x254",1
"strbtvc r6, [r1], -0x572",1
svcvs 0x745f65,1
svcpl 0x6e656b,1
"strbvs r7, [r5, -0x274]!",1
"stmdbvs lr!, {r8, fp, sp, lr} ^",1
"strbvs r5, [ip, -0xf74]!",1
"strbvc r0, [r3, -0x6e]!",1
svcvs 0x6e5f72,1
"cdpvs p5, 0, c6, c0, c4, 3",1
"strbtvc r5, [sb], -0xf6c",1
svcpl 0x6d65,1
"cmpmi pc, 0x4e00",1
invalid,1
"cmppl pc, 84, 10            ; 0x54",1
svcpl 0x424d59,1
"ldmdami r3, {r3, r6, r8, lr} ^",1
bpl 0x1290440,1
"subeq r4, r2, r5, asr 26",1
svcpl 0x4c4e5f,1
"subspl r5, sb, r3, asr 8",1
"cdpmi p15, 4, c5, c9, c5, 2",1
"stmdbmi r7, {r2, r6, r8, fp, lr} ^",1
svcpl 0x335354,1
svcpl 0x4357,1
"ldrbpl r4, [pc, -lr, asr 24] ; [0x3b6e4:4]=0x73640054",1
"stclmi p15, c5, [r6, -0x110]",1
invalid,1
svcvs 0x6e5f74,1
"strvs r6, [r0], -0x564",1
svcpl 0x747365,1
svcpl 0x727473,1
"rsbseq r6, r8, sb, ror 8",1
"subsvs r7, pc, 0x98000001",1
"rsbseq r6, sb, pc, ror 8",1
svcvs 0x6c5f5f,1
"andvc r6, r0, 0x18c00",1
"subsvc r6, pc, 112, 24",1
"stmdavc r5!, {r0, r2, r5, r6, r8, sb, sl, sp, lr} ^",1
"strvc r6, [r0], -0x365",1
"strbvc r6, [pc, -pc, ror 24]!",1
"cdpvs p2, 0, c7, c0, c5, 3",1
"ldrbvs r6, [r2, -0xb62]!",1
"cdpvs p15, 6, c5, c5, c6, 3",1
svcmi 0x7374,1
svcmi 0x4e5f50,1
"cmpmi r0, r4, asr r3",1
svcpl 0x4543,1
"ldrbpl r4, [pc, -lr, asr 24] ; [0x3b740:4]=0x6f6e0054",1
"stclmi p15, c5, [r6, -0x150]",1
svcvs 0x6e0054,1
"rsbvc r5, r5, lr, ror 30",1
svcvs 0x6e5f73,1
"rsbseq r6, r3, r4, ror 10",1
svcpl 0x505f5f,1
"mcrmi p9, 2, r4, c7, c3, 2",1
"movtpl r5, 0xf05f",1
"ldrbvs r0, [r2, -0x4e]!",1
"rsbsvc r7, r4, 0x7c000001",1
svcpl 0x676e69,1
"stclvs p5, c6, [r1], -0x1c8",1
svcpl 0x636f6c,1
"strbtvs r7, [r6], -r2, ror 10",1
"rsbseq r7, r3, r5, ror 4",1
"ldrbtvc r6, [r3], -0x465",1
"strbvs r0, [r6, -0x32]!",1
svcpl 0x686374,1
"rsbvs r7, sp, 0x1b800000",1
"andvc r7, r0, r5, ror 4",1
"ldrbvs r7, [r3, -0x261]!",1
"rsbsvc r6, r5, pc, asr r4",1
"rsbseq r6, r0, pc, asr pc",1
"cmpvc pc, 0x7300            ; ""\n0\xa0\xe1\x94\xff\xff\xeb""",1
"ldrbvs r7, [pc], -0x274     ; [0x3b7a4:4]=0x5f77656e",1
"rsbeq r6, r6, sb, ror 12",1
svcpl 0x77656e,1
invalid,1
"strvs r7, [r0], -0x374",1
"cmnvc r4, 0x94000001",1
"rsbeq r6, r8, pc, asr r3",1
"ldrbtvc r6, [r3], -0x572",1
"rsbseq r7, r4, r1, ror 4",1
"cmpvs pc, 0x1c800000",1
"ldmdbvs r0!, {r0, r1, r2, r3, r5, r6, r8, sl, fp, sp, lr} ^",1
"ldmdbvs pc, {r2, r3, r5, r6, r8, sl, sp, lr} ^",1
"rsbvc r7, r5, 0x6e000000",1
"rsbeq r6, ip, lr, ror 2",1
"cmnvc r2, 112, 2            ; 0x70",1
"rsbvc r5, r2, 0x194",1
"strbvs r6, [fp, -0x361]!",1
"stmdavc r5!, {r2, r4, r5, r6, r8, sb, sl, fp, ip, lr} ^",1
invalid,1
"strbvs r6, [r3, -0x170]!",1
"rsbvs r6, sb, 0, 24",1
"strbvs r7, [r5, -pc, lsr 4]!",1
invalid,1
"movtpl r4, 0xe900",1
svcpl 0x454449,1
"ldrbmi r4, [r2], -0xf57",1
"strbvc r6, [r5, -r0, lsl 28]!",1
"uhsaxvs r6, r5, pc",1
"mcrvs p12, 3, r6, c5, c15, 2",1
"mcrrmi p15, 0, r5, lr, c0",1
"mcrmi p13, 2, r4, c15, c15, 2",1
"subpl r5, r1, 0x45000000",1
"mrcmi p15, 2, r5, c5, c9, 2",1
"cmpmi r6, pc, asr 30",1
svcpl 0x44494c,1
"smlsdpl r0, r4, pc, r4",1
svcpl 0x44524f,1
"ldrbpl r4, [r3], -0x14c",1
"cmnvs r4, r0, lsl 6",1
"ldrbvs r7, [0x0003b3ce]     ; [0x3b3ce:4]=0x636f6c00",1
"rsbeq r6, sp, ip, ror 10",1
svcpl 0x4c4e5f,1
"subspl r5, sb, r3, asr 8",1
"submi r5, sp, 0x114",1
"subspl r4, r5, 0x7c000001",1
"stmdapl r1, {r0, r1, r2, r3, r4, r6, r8, sl, fp, lr} ^",1
"strbvs r7, [r5, -0]!",1
svcvs 0x745f6b,1
"rsbeq r6, lr, fp, ror 10",1
svcpl 0x77656e,1
"ldrbtvc r6, [r8], -0x56e",1
"mrcmi p0, 2, r0, c15, c3, 3",1
"strbmi r5, [r1], -0xf4c",1
"movtpl r5, 0x5244",1
svcmi 0x435f53,1
"ldrbmi r4, [r3, -0x544]",1
"strbvs r0, [lr, -0x54]!",1
"rsbvc r5, lr, 0x1dc",1
"strbvs r6, [r7, -0xe61]!",1
"mrcmi p0, 2, r0, c15, c3, 3",1
"strbpl r5, [r3], -0xf4c",1
svcpl 0x455059,1
invalid,1
"stmdbmi sb, {r0, r1, r4, r6, r8, sb, lr} ^",1
"movtpl r4, 0x135f",1
invalid,1
"rsbvc r6, r5, r3, ror 6",1
"rsbeq r6, r4, r4, ror r5",1
svcpl 0x707564,1
"strbvs r6, [r4, -0xf6e]!",1
"ldrbmi r5, [r2, -0xf00]",1
"subpl r5, r5, 0x11c",1
"strbmi r4, [r7, -0xe41]",1
"mcrrmi p15, 0, r5, lr, c0",1
"mcrmi p13, 2, r4, c15, c15, 2",1
"subpl r5, r1, 0x45000000",1
"ldmdami r4, {r0, r3, r4, r6, r8, sb, sl, fp, ip, lr} ^",1
"cmpmi r3, pc, asr 10",1
svcpl 0x53444e,1
svcpl 0x504553,1
"andvs r4, r0, 0x5c000001",1
"ldrbvs r7, [r3, -0x469]!",1
svcvs 0x775f74,1
"ldrbvc r6, [pc], -0x472     ; [0x3b8f0:4]=0x5954435f",1
"mcrrmi p15, 0, r5, lr, c0",1
"ldmdbpl r4, {r0, r1, r2, r3, r4, r6, r8, sb, lr} ^",1
"ldmdbmi pc, {r4, r6, r8, sl, lr} ^",1
"strbmi r4, [sb, -lr, asr 8]",1
"cmplo r3, sb, asr 8",1
"subeq r5, r3, pc, asr r7",1
svcpl 0x4c4e5f,1
"cdpmi p4, 4, c4, c5, c9, 2",1
"stmdbmi r6, {r2, r4, r6, r8, fp, lr} ^",1
"ldmdbmi r4, {r0, r1, r6, r8, lr} ^",1
"subspl r4, pc, 0x4f0",1
"movtpl r5, 0x9645",1
"subeq r4, lr, sb, asr 30",1
"strbvs r6, [fp, -0xf74]!",1
svcpl 0x326e,1
"ldclmi p12, c4, [0x0003b7f8]",1
"strbpl r4, [r5], -0xe4f",1
svcpl 0x595241,1
svcpl 0x4f5544,1
"ldmdbmi r3, {r1, r2, r3, r6, r8, sb, sl, fp, ip, lr} ^",1
"subspl r4, pc, r7, asr 28",1
"subeq r5, lr, pc, asr 6",1
"stmdavc r5!, {r0, r1, r5, r6, sl, fp, sp, lr} ^",1
"strbtvs r5, [sb], -0xf70",1
"ldrbtvc r0, [r3], -0x78",1
svcpl 0x657461,1
"stclvs p1, c6, [r2], -0x1d0",1
"strbtvc r0, [pc], -0x65",1
svcpl 0x726568,1
"rsbseq r6, r8, sb, ror 8",1
svcpl 0x637273,1
"rsbseq r6, r3, r0, ror pc",1
"mrcvs p5, 2, r6, c15, c2, 3",1
svcpl 0x65646f,1
svcpl 0x746573,1
"ldrbvs r6, [r3, -0xe69]!",1
"mrrcvs p4, 7, r7, pc, c2",1
"rsbseq r7, r4, r1, ror 6",1
svcpl 0x4c4e5f,1
"subspl r5, sb, r3, asr 8",1
svcmi 0x545f45,1
"ldrbmi r5, [r0, -0x55]",1
"ldrbvs r0, [r2, -0x52]!",1
"qdsubvs r6, pc, r8",1
"strbtvc r7, [r5], -0x372",1
"movwvs r7, 0x45f",1
blvs 0x1914f4c,1
"rsbsvc r6, r2, 0xc0000017",1
"stclvs p6, c7, [r1], -0x1a4",1
"rsbsvc r6, r8, pc, asr r5",1
svcpl 0x646e61,1
"rsbeq r6, ip, r5, ror 6",1
"cmpvs pc, 0xd0000006",1
"cmnvc r2, 104, 2            ; 0x68",1
svcpl 0x504f00,1
"subseq r4, r4, r1, asr 24",1
"subsvs r6, pc, 0x1c800000",1
"ldrbvs r7, [r3, -0x469]!",1
"ldrbtvc r5, [r0], -0xf74",1
"rsbseq r5, r4, r2, ror pc",1
svcpl 0x736c63,1
"strbvs r6, [r4, -0xf6e]!",1
"mcrrmi p15, 0, r5, lr, c0",1
"ldmdbpl r4, {r0, r1, r2, r3, r4, r6, r8, sb, lr} ^",1
"ldrbpl r4, [pc], -0x550     ; [0x3b9f4:4]=0x32335245",1
"strbpl r4, [pc, -pc, asr 24]",1
"eorslo r5, r3, 0x50000004",1
"strbtvc r6, [r5], -0x600",1
"ldrbvc r6, [pc], -0x863     ; [0x3ba04:4]=0x45525f00",1
"vnmulvs.f64 d22, d5, d31",1
"ldrbmi r5, [r2, -0xf00]",1
"strbmi r5, [r5, -0xf47]",1
"subpl r4, r1, r3, asr r3",1
svcpl 0x5f0045,1
"cmnvs r4, r4, ror 2",1
"strbtvc r6, [r1], -0xd00",1
"mrrcvs p8, 6, r6, pc, c3",1
"rsbseq r7, r4, r1, ror 6",1
"cmpmi pc, 0x4f",1
"ldrbmi r4, [r3, -0xf4c]",1
"subsmi r5, r5, 0x7c000001",1
"subseq r5, r0, r5, asr 16",1
svcpl 0x505f5f,1
"subspl r5, pc, r3, asr 6",1
"strbmi r4, [r3, -0x552]",1
"subseq r4, r3, r4, asr 10",1
"cmnvs r4, 0x4000001b",1
"strbvs r5, [ip, -0xf68]!",1
invalid,1
"mcrvs p2, 3, r7, c1, c15, 2",1
"ldrbvs r6, [0x0003b4f5]     ; [0x3b4f5:4]=0x415f4c4e",1
"stmdbvs r0, {r3, r4, r5, r6, ip, sp, lr}",1
svcpl 0x74696e,1
"strbtvc r7, [r1], -0x473",1
"stclvs p15, c5, [lr], -0x194",1
svcpl 0x786500,1
"strbvs r7, [r2, -0x573]!",1
"andvc r7, r0, 0x78",1
invalid,1
"rsbvc r7, sb, 0x1c400000",1
"ldrbtvc r5, [r3], -0xf65",1
svcpl 0x657461,1
"strbtvc r6, [lr], -0xf63",1
"rsbseq r7, r4, r5, ror 16",1
"stclvs p12, c6, [r5, -0x194]!",1
"strbvs r0, [lr, -0x32]!",1
"mcrvs p15, 3, r5, c9, c7, 3",1
"strbvs r6, [r3, -0x964]!",1
"stmdbvs r2!, {r0, r1, r4, r5, r6} ^",1
"eorseq r7, r1, r4, ror r3",1
"cmnvc r4, 0x188000",1
svcpl 0x5f0032,1
svcpl 0x544e49,1
"subspl r5, r2, 0x10c00000",1
"ldclmi p3, c5, [sb, -0x17c]",1
"subeq r4, ip, r2, asr 30",1
"cmnvc r4, 0x188000",1
"ldrbtvc r0, [r0], -0x33",1
invalid,1
"strbvc r5, [sp, -0xf64]!",1
svcpl 0x786574,1
"ldrbtvc r6, [r3], -0x564",1
"rsbseq r6, sb, r2, ror pc",1
svcpl 0x646e65,1
"cdpvs p8, 0, c6, c0, c3, 3",1
"cmpvs pc, 0x6f000000",1
"ldrbvc r6, [r3, -0xe6f]!",1
"rsbeq r6, r4, sp, ror 10",1
"rsbvc r7, r8, 112, 8",1
svcpl 0x646165,1
"ldrbvs r7, [r4, -0x56d]!",1
"rsbseq r5, r4, r8, ror pc",1
"stmdavs r3!, {r0, r1, r5, r6, r8, sp, lr} ^",1
"strbtvs r5, [sb], -0xf65",1
"ldrbtvc r5, [r3], -0xf78",1
"rsbseq r7, r4, r1, ror 4",1
"strbtvc r6, [pc], -0xf72",1
"strbtvs r6, [pc], -0xe5f",1
"rsbsvc r0, r0, 0x65",1
"ldmdbvs pc, {r0, r2, r5, r6, sb, sl, ip, sp, lr} ^",1
"ldclvs p8, c7, [0x0003b994]",1
"stmdavs r3!, {r0, r5, r6, sl, ip, sp, lr} ^",1
svcpl 0x657200,1
"strbvs r6, [r4, -0xf6e]!",1
"strbtvc r7, [r5], -0x35f",1
"stmdbvs lr!, {r0, r1, r2, r3, r4, r6, r8, fp, sp, lr} ^",1
"eorseq r5, r2, r4, ror pc",1
invalid,1
invalid,1
"stmdbvs ip!, {r2, r4, r5, r6, r8, sb, sl, fp, ip, lr} ^",1
"cmnvc r4, 0x1b4000",1
svcpl 0x504f00,1
"ldrbpl r4, [r4, -lr, asr 30]",1
"subeq r5, r4, pc, asr 4",1
svcpl 0x736377,1
"rsbseq r6, r8, sb, ror 8",1
"stclvs p2, c7, [0x0003b9cc]!",1
"strbtvs r6, [pc], -0xe5f",1
"strbvs r0, [lr, -0x65]!",1
"stclvs p15, c5, [r1], -0x1dc",1
"rsbeq r6, r3, ip, ror 30",1
"mrcvs p5, 2, r6, c15, c2, 3",1
svcpl 0x65646f,1
svcpl 0x746573,1
"strbtvc r6, [sb], -0xe69",1
"rsbvc r6, pc, pc, asr r3",1
"ldrbvc r0, [r3, -0x79]!",1
"rsbsvc r6, r8, r2, ror 10",1
"mcrvs p12, 3, r6, c5, c15, 2",1
"rsbvc r7, r1, 0, 8",1
"rsbseq r6, r4, r7, ror 10",1
"stclvs p5, c6, [r7, -0x1c8]!",1
"stmdavs r3!, {r0, r5, r6, sl, ip, sp, lr} ^",1
"strvs r7, [r0], -0x45f",1
"cmnvs r4, r5, ror 24",1
"ldrbvs r6, [r2, -0x600]!",1
"ldrbtvc r5, [r3], -0xf65",1
"rsbeq r7, r5, r1, ror 8",1
"ldrbvs r6, [r2, -0xb62]!",1
"ldrbtvc r5, [r3], -0xf66",1
"uqsub16vs r5, pc, r2",1
"subsmi r0, r3, 0x66",1
"qdaddmi r4, pc, r8",1
"mrcmi p0, 2, r0, c15, c2, 2",1
"strbpl r5, [r3], -0xf4c",1
svcpl 0x455059,1
"mcrmi p2, 2, r5, c1, c4, 2",1
"strbpl r4, [sb], -0xc53",1
invalid,1
"strbpl r5, [ip], -0x541",1
"movtpl r4, 0x9d5f",1
"smlsldmi r4, lr, r3, sb",1
"mcrmi p12, 2, r4, c5, c15, 2",1
"ldrbtvc r6, [r8], -0x500",1
"mrcvs p1, 2, r6, c15, c2, 3",1
"cmnvs r4, 0x4000001b",1
svcpl 0x5f0068,1
"ldrbtvc r6, [r2], -0x377",1
svcpl 0x626d6f,1
invalid,1
"ldrbvs r0, [r2, -0x73]!",1
"cdpvs p1, 6, c6, c9, c13, 3",1
"mcrvs p12, 3, r6, c5, c15, 2",1
blvs 0x1813820,1
"rsbeq r6, r4, sb, ror 28",1
svcpl 0x4c4e5f,1
"strbmi r4, [lr, -0xf4d]",1
"ldmdbpl r2, {r2, r4, r6, r8, lr} ^",1
"mcrmi p3, 2, r4, c15, c15, 2",1
"cmppl r2, 0x15800000",1
svcpl 0x4e4f49,1
"ldrbmi r4, [r4, -0x152]",1
"strbvs r7, [sb, -r0, lsl 4]!",1
"mrrcvs p4, 6, r7, pc, c8",1
svcpl 0x6d69,1
"cmpmi pc, lr, asr 24",1
"ldrbmi r4, [r2, -0x444]",1
"mrrcmi p3, 5, r5, pc, c3",1
svcpl 0x474e41,1
"strbmi r4, [sp, -0x14e]",1
"mcrrmi p15, 0, r5, lr, c0",1
"ldmdbpl r4, {r0, r1, r2, r3, r4, r6, r8, sb, lr} ^",1
"cmpmi pc, 80, 10            ; 0x50",1
"cmppl r3, 76, 2             ; 0x4c",1
"strbvs r6, [sb, -r0, lsl 16]!",1
svcvs 0x740068,1
invalid,1
svcpl 0x7265,1
"cmpmi pc, 0x4e00",1
invalid,1
"cmppl pc, 84, 10            ; 0x54",1
svcpl 0x424d59,1
"subspl r5, r4, 0x450000",1
"subeq r4, r2, r1, asr 26",1
svcpl 0x77656e,1
svcpl 0x776172,1
"rsbseq r6, r8, sb, ror 8",1
"strbvs r6, [lr, -ip, ror 10]!",1
"eorseq r6, r1, r4, ror r8",1
"strbvs r6, [lr, -ip, ror 10]!",1
"eorseq r6, r2, r4, ror r8",1
svcpl 0x4c4e5f,1
"subpl r4, r4, 0x41000000",1
svcpl 0x535345,1
"cdpmi p15, 5, c4, c5, c3, 2",1
svcpl 0x595254,1
"cdpmi p3, 4, c5, c2, c9, 2",1
svcpl 0x6c6600,1
blvs 0x191425c,1
invalid,1
"cdpvs p0, 6, c0, c9, c11, 3",1
"cdpvs p4, 5, c7, c15, c9, 3",1
invalid,1
"ldrbtvs r6, [r5], -r0, lsl 4",1
"strbvs r5, [ip, -0xf73]!",1
"stmdavs r3!, {r1, r2, r3, r5, r6} ^",1
svcpl 0x6b6365,1
"strbvs r6, [r4, -0xf6e]!",1
invalid,1
svcpl 0x747065,1
"ldrbvs r7, [r4, -0x962]!",1
invalid,1
"rsbeq r6, r8, r4, ror r3",1
invalid,1
svcpl 0x686374,1
"cmnvc r2, 0x198000",1
"ldrbvc r0, [r3, -0x74]!",1
"rsbsvc r6, r8, r2, ror 10",1
"rsbvc r6, r1, pc, asr sp",1
"rsbvc r7, r1, 0",1
"ldrbvs r6, [pc], -0x573     ; [0x3bd2c:4]=0x73655f70",1
svcvs 0x5f7075,1
invalid,1
"strbvs r6, [r3, -0x170]!",1
"strbtvs r6, [lr], -0x500",1
"rsbeq r7, r3, pc, asr r7",1
"ldmdbvs pc, {r0, r1, r2, r4, r5, r6, r8, sb, sp, lr} ^",1
"strvc r7, [r0], -0x864",1
"vnmulvs.f64 d22, d5, d31",1
"mcrvs p12, 3, r6, c5, c15, 2",1
invalid,1
svcpl 0x686374,1
svcpl 0x787463,1
svcpl 0x646461,1
"strbtvc r7, [r2], -0x573",1
"cdpvs p0, 0, c7, c0, c15, 3",1
"ldrbvs r7, [0x0003b607]     ; [0x3b607:4]=0x6f6e5f74",1
"ldmdbvc r2!, {r1, r2, r3, r5, r6, sl, ip, sp, lr} ^",1
"strbtvs r6, [lr], -0x500",1
"stclvs p14, c6, [r1, -0x17c]!",1
"strbvc r5, [r2, -0xf65]!",1
"cdpmi p0, 5, c0, c15, c6, 3",1
svcmi 0x4d5f4c,1
"cmpmi r4, lr, asr 10",1
"ldrbmi r5, [pc], -0x952     ; [0x3bd8c:4]=0x505f544e",1
"ldmdbmi pc, {r0, r2, r4, r6, r8, sb, sl, fp, lr} ^",1
"subspl r5, pc, lr, asr 8",1
"smlsldmi r5, sb, pc, r3",1
svcmi 0x505f4e,1
svcvs 0x4e53,1
"ldmdbvs r3!, {r0, r2, r4, r5, r6, sl, ip, sp, lr} ^",1
"cdpvs p5, 5, c6, c15, c4, 3",1
"rsbeq r6, r5, pc, ror 8",1
"cmpmi pc, 0x4f",1
"ldrbmi r4, [r3, -0xf4c]",1
"qdaddmi r4, pc, r8",1
"mcrrmi p15, 5, r5, r3, c2",1
"subseq r5, r3, r1, asr 6",1
svcpl 0x4c4e5f,1
"subpl r4, r4, 0x41000000",1
svcpl 0x535345,1
"cdpmi p15, 5, c4, c5, c3, 2",1
svcpl 0x595254,1
"subseq r4, r2, r3, asr 2",1
svcpl 0x4c4e5f,1
"mcrrmi p15, 4, r4, ip, c3",1
svcpl 0x455441,1
"stmdbmi r4, {r0, r3, r6, sb, sl, fp, lr} ^",1
"strbpl r4, [r3], -0x552",1
"andvc r4, r0, 0x5c000001",1
invalid,1
"cmpvc pc, 0x6900",1
blvs 0x19143cc,1
invalid,1
svcpl 0x646e69,1
svcvs 0x636572,1
svcpl 0x726576,1
"strbtvc r7, [r1], -0x473",1
"stmdbvs r2!, {r0, r2, r5, r6} ^",1
"eorseq r7, r0, r4, ror r3",1
"stclvs p5, c7, [sb], -0x188",1
"cmnvs r7, 100, 30           ; 0x64",1
"strbvc r5, [r2, -0xf73]!",1
"rsbvc r6, r5, 0x6600000",1
"ldrbmi r5, [r2, -0xf00]",1
invalid,1
"subseq r4, r2, r4, asr 4",1
invalid,1
"ldrbtvc r5, [r3], -0xf65",1
"cmnvc r4, 0x10000006",1
"rsbsvc r6, r2, 0, 10",1
"cmnvc r2, 0x32",1
"strbtvc r6, [r6], -0x968",1
"strbtvs r6, [r6], -r0, lsl 30",1
"cmnvc r4, 0x1cc00000",1
"strbvs r6, [r5, -0xe5f]!",1
"rsbeq r6, r4, r4, ror 10",1
svcpl 0x707564,1
"strbtvc r6, [pc], -0xf72",1
"strbtvc r6, [r1], -0xd00",1
"cmpvs pc, 0x630000",1
"cmpvs pc, 116, 16           ; 0x74",1
"cdpvs p5, 6, c6, c1, c12, 3",1
svcpl 0x657200,1
"rsbvc r6, r1, 0x1cc00000",1
"ldmdbvs pc, {r0, r1, r5, r6, fp, sp, lr} ^",1
"rsbvc r7, r5, 0x6e000000",1
"rsbeq r6, ip, lr, ror 2",1
svcpl 0x4c4e5f,1
"mcrmi p13, 2, r4, c15, c7, 2",1
svcpl 0x315f,1
"ldrbpl r4, [pc, -lr, asr 24] ; [0x3be98:4]=0x4e5f0032",1
svcpl 0x4e4f4d,1
"mrcmi p0, 2, r0, c15, c2, 1",1
"ldclmi p15, c5, [r7, -0x130]",1
"cmplo pc, 0x4f0",1
"mcrrmi p15, 0, r5, lr, c0",1
svcmi 0x4d575f,1
"eorseq r5, r4, lr, asr 30",1
svcpl 0x4c4e5f,1
"mcrmi p13, 2, r4, c15, c7, 2",1
svcpl 0x355f,1
"ldrbpl r4, [pc, -lr, asr 24] ; [0x3bec4:4]=0x4e5f0036",1
svcpl 0x4e4f4d,1
"mrcmi p0, 2, r0, c15, c6, 1",1
"ldclmi p15, c5, [r7, -0x130]",1
"ldrblo r4, [pc, -pc, asr 28] ; [0x3bed4:4]=0x4f4d575f",1
"mcrrmi p15, 0, r5, lr, c0",1
svcmi 0x4d575f,1
"eorseq r5, r8, lr, asr 30",1
svcpl 0x4c4e5f,1
"mcrmi p13, 2, r4, c15, c7, 2",1
"andvc r3, r0, pc, asr sb",1
"rsbseq r7, r2, r3, ror r4",1
svcpl 0x6e6962,1
"strbvs r7, [r5, -0x274]!",1
svcvs 0x74735f,1
"strbvs r6, [r7, -0x172]!",1
"andvs r7, r0, 0x5f000000",1
"ldrbvs r7, [r3, -0x469]!",1
"ldrbvs r5, [r3, -0xf74]!",1
"mrcmi p0, 2, r0, c15, c4, 3",1
"ldmdbmi r4, {r2, r3, r6, r8, sb, sl, fp, ip, lr} ^",1
"ldrbpl r4, [pc, -sp, asr 10] ; [0x3bf18:4]=0x57545331",1
svcpl 0x4b4545,1
"smmlarpl r4, r1, r3, r5",1
"subeq r4, fp, r5, asr 10",1
svcpl 0x4c4e5f,1
"mcrrmi p15, 4, r4, ip, c3",1
svcpl 0x455441,1
"subspl r5, r4, 0x450000",1
"subeq r4, r2, r1, asr 26",1
"ldmdavc r4!, {r0, r2, r3, r5, r6, r8, sb, sp, lr} ^",1
"mcrrmi p15, 0, r5, lr, c0",1
"ldmdbpl r4, {r0, r1, r2, r3, r4, r6, r8, sb, lr} ^",1
"ldclmi p5, c4, [0x0003be08]",1
"cdpmi p0, 5, c5, c15, c1, 2",1
"movtpl r4, 0x5d41",1
svcpl 0x504f00,1
"movtpl r4, 0xfc43",1
invalid,1
svcpl 0x564955,1
"movtpl r4, 0x1c43",1
"strbvc r0, [lr, -0x53]!",1
"cmpvs pc, 108, 24           ; 0x6c",1
"cdpvs p4, 0, c7, c0, c14, 3",1
svcpl 0x656d61,1
"rsbeq r6, lr, ip, ror 10",1
"ldmdbvs r3!, {r0, r1, r2, r3, r4, r6, r8, sb, sl, fp, ip, lr} ^",1
invalid,1
"cmpvc pc, 0x1b8000",1
"andvc r7, r0, 0x65000000",1
"ldmdbvs r3!, {r0, r2, r5, r6, r8, sb, sl, fp, ip, lr} ^",1
"cmpvs pc, 0x66000000",1
"ldrbvs r6, [r4, -0xe6f]!",1
"ldrbvc r7, [pc], -0x478     ; [0x3bf98:4]=0x7363775f",1
"strbvc r6, [r5, -r0, lsl 28]!",1
invalid,1
"rsbvc r7, r1, 0",1
"subsvs r6, pc, 0x1cc00000",1
blvs 0x1914574,1
"ldrbvs r7, [0x0003bb4b]     ; [0x3bb4b:4]=0x544f4e5f",1
"strbvs r6, [sp, -0x56c]!",1
"movwvc r7, 0x46e",1
"subsvs r6, pc, 0xc8000001",1
"strbtvs r7, [r5], -fp, ror 4",1
"stmdavc r4!, {r0, r1, r2, r3, r4, r6, r8, fp, sp, lr} ^",1
"ldrbtvs r7, [r0], -0x500",1
svcpl 0x657461,1
invalid,1
"mcrrmi p15, 0, r5, lr, c0",1
"stclmi p14, c4, [r1, -0x17c]",1
invalid,1
"ldclmi p5, c4, [0x0003beac]",1
"subseq r5, r3, sb, asr 6",1
svcpl 0x746567,1
"strbvs r7, [r2, -0x573]!",1
"andvs r7, r0, 0x78",1
"strbtvs r6, [ip], -0x975",1
"ldrbtvc r7, [r2], -0x45f",1
"strbvs r6, [ip, -0x261]!",1
"strbvc r6, [r5, -r0, lsl 28]!",1
"rsbsvc r6, r2, 0xc0000017",1
"cmpvc pc, 0x184000",1
"ldrbtvc r6, [r2], -0x174",1
"mcrrmi p15, 0, r5, lr, c0",1
"stclmi p14, c4, [r1, -0x17c]",1
invalid,1
"ldrbmi r4, [pc, -sp, asr 10] ; [0x3c01c:4]=0x68637461",1
"stcvs p14, c4, [r0, -0x114]",1
"stmdavs r3!, {r0, r5, r6, sl, ip, sp, lr} ^",1
invalid,1
"strbvs r0, [lr, -0x64]!",1
"rsbvc r5, r1, 0x1dc",1
svcpl 0x796172,1
"rsbeq r6, r4, r5, ror 28",1
"cmpvs pc, 0x1c800000",1
"ldrbtvc r6, [r3], -0xe6f",1
"strbtvc r6, [sb], -0x25f",1
svcpl 0x746573,1
svcpl 0x727470,1
"mcrvs p0, 3, r0, c5, c4, 3",1
"mcrvs p2, 3, r7, c1, c4, 3",1
"cdpvs p5, 5, c6, c15, c3, 3",1
invalid,1
"ldrbmi r5, [r2, -0xf00]",1
"subpl r5, r5, 0x11c",1
"ldrbmi r4, [r2, -0x150]",1
invalid,1
svcpl 0x686374,1
svcpl 0x787463,1
svcpl 0x646461,1
"stclvs p5, c7, [r2], -0x1cc",1
"rsbseq r7, r4, r1, ror 6",1
svcpl 0x77656e,1
"rsbseq r6, r3, sp, ror 4",1
svcpl 0x4c4e5f,1
"subeq r5, sp, lr, asr 10",1
svcpl 0x4c4e5f,1
"subspl r5, sb, r3, asr 8",1
"strbpl r5, [0x0003b157]",1
"smlsldmi r4, sb, r4, r4",1
svcpl 0x385449,1
invalid,1
svcpl 0x747361,1
"rsbvc r7, r1, 0x73000000",1
svcpl 0x5f0074,1
invalid,1
"rsbsvc r0, r3, 0x72",1
"strbtvs r5, [sb], -0xf63",1
"mrcvs p0, 3, r0, c5, c8, 3",1
"strbtvs r7, [r5], -0x375",1
"rsbsvs r7, r5, 0, 6",1
invalid,1
"mcrvs p0, 3, r0, c9, c4, 3",1
"ldrbvs r7, [pc], -0x469     ; [0x3c0d8:4]=0x765f7370",1
"strvs r6, [r0, -0x166]",1
"usub16vc r7, pc, r0",1
"cdpvs p1, 5, c6, c15, c9, 3",1
invalid,1
"ldrbmi r5, [0x0003b1ec]     ; [0x3b1ec:4]=0x5f657200",1
"ldmdbpl pc, {r1, r4, r6, r8, lr} ^",1
"subseq r4, r2, r5, asr 2",1
"ldmdbvs pc, {r1, r2, r5, r6, r8, sb, ip, sp, lr} ^",1
"strvc r7, [r0], -0x864",1
"vnmulvs.f64 d22, d5, d31",1
"mcrvs p12, 3, r6, c5, c15, 2",1
"mcrrmi p15, 0, r5, lr, c0",1
"ldmdbpl r4, {r0, r1, r2, r3, r4, r6, r8, sb, lr} ^",1
"ldrbpl r4, [pc], -0x550     ; [0x3c110:4]=0x32335245",1
"subspl r5, r0, pc, asr 10",1
"eorslo r5, r3, 0x50000004",1
"stmdavc r5!, {sb, sl, fp, sp, lr} ^",1
"ldrbtvc r5, [r3], -0xf74",1
svcpl 0x657461,1
svcpl 0x676f6c,1
"rsbseq r6, r8, sb, ror 8",1
svcpl 0x736168,1
invalid,1
"stmdbvs r1!, {r2, r4, r5, r6, sb, ip, sp, lr} ^",1
svcpl 0x746e,1
"cdpmi p12, 5, c4, c15, c14, 2",1
"mrrcmi p13, 5, r4, pc, c5",1
"cmpmi r0, r3, asr 30",1
"subseq r4, r2, r0, asr r5",1
"strbmi r4, [lr, -0x94c]",1
"movtpl r4, 0x1c5f",1
"ldrbtvc r0, [r3], -0x54",1
"rsbsvc r5, r4, 0x1c8",1
svcmi 0x6565,1
"subpl r5, pc, r0, asr pc",1
"ldrbmi r4, [0x0003b323]     ; [0x3b323:4]=0x45524444",1
invalid,1
"qdaddmi r4, pc, ip",1
"strvs r5, [r0], -0x353",1
svcpl 0x747365,1
"strbtvc r7, [r1], -0x473",1
"ldclvs p3, c7, [0x0003bfec]",1
svcvs 0x6c6c61,1
"rsbeq r6, r4, r3, ror 10",1
svcpl 0x736168,1
"ldrbvs r6, [r4, -0xe69]!",1
invalid,1
invalid,1
"ldrbtvc r5, [r3], -0xf74",1
invalid,1
"rsbvc r7, pc, 0x17c0000",1
"cdpmi p0, 5, c0, c15, c4, 3",1
invalid,1
"cdpmi p5, 5, c4, c15, c13, 2",1
svcpl 0x454d41,1
"subseq r4, r4, r6, asr 26",1
"smlsldmi r5, r5, pc, r2",1
"ldrbpl r4, [r3, -0x55f]",1
"strbmi r5, [r5, -r2, asr 4]",1
"rsbsvc r6, r2, 0, 10",1
"subsvc r7, pc, 0xf0000006",1
"rsbsvc r7, r5, 0x65000000",1
"cdpmi p0, 5, c0, c15, c14, 3",1
"strbpl r5, [r3], -0xf4c",1
svcpl 0x455059,1
"strbmi r4, [r4, -0xf43]",1
svcpl 0x544553,1
"strbmi r4, [sp, -0x14e]",1
"stmdavs r3!, {sb, sl, fp, sp, lr} ^",1
"cmpvs pc, 0x10000006",1
"cmnvc r3, 108, 2            ; 0x6c",1
svcmi 0x7365,1
"mcrrmi p15, 5, r5, r3, c0",1
svcpl 0x45534f,1
"mcrrmi p15, 4, r4, ip, c3",1
"strbmi r4, [ip, -0x55f]",1
"stmdbvs ip!, {r0, r2, r3, r6} ^",1
"ldrbvs r6, [r4, -0x96d]!",1
"ldrbtvc r5, [r3], -0xf64",1
"subpl r0, pc, r3, ror r0",1
"ldrbmi r4, [r0, -0xf5f]",1
"subpl r5, r2, 0x138",1
"strbmi r4, [fp, -0x341]",1
"mrcmi p0, 2, r0, c15, c4, 2",1
"strbmi r5, [r1], -0xf4c",1
"movtpl r5, 0x5244",1
svcmi 0x435f53,1
"subspl r4, r4, 0x550",1
"submi r5, r1, 0x164",1
"mrcmi p0, 2, r0, c15, c2, 1",1
"strbmi r5, [r1], -0xf4c",1
"movtpl r5, 0x5244",1
svcmi 0x435f53,1
"subspl r4, r4, 0x550",1
"submi r5, r1, 0x164",1
"subpl r0, pc, r3, lsr r0",1
"subspl r4, r5, pc, asr r4",1
"ldrbmi r5, [r5, -0x15f]",1
svcmi 0x495453,1
"strbvs r0, [lr, -0x4e]!",1
"stmdavs r3!, {r0, r1, r2, r4, r5, r6, r8, sb, sl, fp, ip, lr} ^",1
"cmpvs pc, 0x10000006",1
"cmnvc r3, 108, 2            ; 0x6c",1
svcpl 0x7365,1
"cmpmi pc, 0x4e00",1
"ldrbmi r5, [r0, -0x954]",1
"ldrbpl r4, [r5], -0xf5f",1
"stmdbmi r7, {r2, r6, r8, fp, lr} ^",1
"ldclmi p6, c3, [0x0003c13c]",1
"cdpmi p0, 5, c0, c15, c2, 2",1
"ldrbmi r5, [r4, -0xf4c]",1
"ldmdami r0, {r2, r3, r6, r8, sl, lr} ^",1
svcpl 0x454e4f,1
svcpl 0x544e49,1
invalid,1
"strvc r5, [r0], -0x849",1
"cmpvs pc, 0x6f",1
"strbvs r6, [lr, -0xf6c]!",1
"strbtvs r6, [pc], -0xe5f",1
"stclvs p0, c0, [r3], -0x194",1
svcpl 0x6e6165,1
"strbtvc r7, [r1], -0x473",1
svcvs 0x6c5f65,1
"strbtvs r5, [sb], -r7, ror 30",1
"strbvs r6, [r5, -0xe5f]!",1
"rsbeq r6, r4, r4, ror 10",1
"cmnvc r2, 112, 2            ; 0x70",1
"ldrbvs r5, [r2, -0xf65]!",1
"stmdavc r5!, {r0, r1, r2, r5, r6, r8, sb, sl, fp, ip, lr} ^",1
"rsbvs r0, sp, 0x70",1
"ldrbvs r5, [r2, -0xf63]!",1
"cdpvs p1, 6, c6, c9, c13, 3",1
"stclvs p3, c6, [r1], -0",1
"cdpvs p15, 6, c5, c9, c3, 3",1
"stclvs p5, c6, [r3], -0x1d8",1
"rsbsvc r7, r5, 0xbc000001",1
"ldrbvs r0, [r2, -0x65]!",1
"strbvs r5, [ip, -0xf74]!",1
"stmdbvs r2!, {r1, r2, r3, r5, r6} ^",1
"rsbsvc r5, r4, 0x1b8",1
"ldrbvc r6, [pc], -0x565     ; [0x3c30c:4]=0x4c4f435f",1
"mcrrmi p15, 0, r5, lr, c0",1
"mcrrmi p3, 5, r4, pc, c15",1
"ldrbmi r4, [r4, -0x14c]",1
"mrrcmi p2, 5, r5, r5, c15",1
"strbpl r5, [r5], -0x345",1
"mrcmi p0, 2, r0, c15, c3, 2",1
"strbpl r5, [r3], -0xf4c",1
svcpl 0x455059,1
"stmdbmi r4, {r0, r3, r6, sb, sl, fp, lr} ^",1
"cmppl r4, 0x11c000",1
svcpl 0x424d5f,1
"subeq r4, lr, ip, asr 10",1
svcpl 0x4c4e5f,1
"subspl r5, sb, r3, asr 8",1
"cdpmi p15, 4, c5, c9, c5, 2",1
"stmdbmi r7, {r2, r6, r8, fp, lr} ^",1
svcpl 0x385354,1
"movwvc r4, 0x24d",1
"ldmdbvs pc, {r1, r5, r6, r8, sb, sp, lr} ^",1
"stcvs p8, c7, [r0, -0x190]",1
"stclvs p3, c6, [r4], -0x188",1
svcpl 0x6e65,1
"subspl r4, r5, 0x7c000001",1
"movtmi r4, 0xe552",1
"ldmdbpl r3, {r0, r3, r4, r6, r8, sb, sl, fp, ip, lr} ^",1
"mcrrmi p2, 4, r4, pc, c13",1
"mcrrmi p15, 0, r5, lr, c0",1
"ldclmi p7, c5, [r0, -0x17c]",1
"subspl r5, r4, 0x7c000001",1
"strbvs r6, [r4, -0x500]!",1
"andvc r7, r0, 0x73000000",1
"strbtvs r5, [r4], -r5, ror 30",1
"strbtvs r5, [r1], -0xf61",1
svcvs 0x6e5f64,1
svcpl 0x6564,1
"cmpmi pc, 0x4e00",1
"ldrbmi r5, [r0, -0x954]",1
"subpl r4, r1, pc, asr sp",1
svcpl 0x4f545f,1
invalid,1
"stmdbmi sb, {r0, r1, r4, r6, r8, sb, lr} ^",1
"ldmdbvs r5!, {sb, sp, lr} ^",1
"cmpvs pc, 108, 8            ; 0x6c",1
"cmnvs r2, 104, 2            ; 0x68",1
"cmnvc r3, 108, 2            ; 0x6c",1
"ldrbvs r7, [r2, -0]!",1
"strbvs r5, [lr, -0xf76]!",1
"rsbeq r6, sp, ip, ror 10",1
"strbtvc r7, [r1], -0x473",1
svcvs 0x6c5f65,1
svcvs 0x745f67,1
"rsbvc r0, pc, r0, ror r0",1
"stmdbvs sp!, {r2, r4, r5, r6, r8, fp, sp, lr} ^",1
"cmpvc pc, 0x1e800000",1
"stmdavc r5!, {r0, r2, r4, r5, r6, sb, sp, lr} ^",1
"mcrvs p3, 0, r7, c0, c0, 3",1
"subsvs r7, pc, 0x1940000",1
"strbvs r6, [r6, -0x675]!",1
svcvs 0x6c0072,1
svcpl 0x726577,1
"strbvs r7, [r2, -0x573]!",1
svcpl 0x7078,1
"ldclmi p12, c4, [0x0003c2d0]",1
"strbpl r4, [r5], -0xe4f",1
svcpl 0x595241,1
svcpl 0x4f5544,1
"ldrbmi r5, [r3, -0xf4e]",1
"stmdbpl r2, {r4, r6, r8, sb, sl, fp, ip, lr} ^",1
"cmpmi r0, pc, asr r3",1
"strvs r4, [r0], -r3, asr 10",1
svcpl 0x656572,1
blvs 0x1cd8208,1
invalid,1
"stclvs p3, c6, [0x0003c2b8]!",1
"strbvs r6, [ip, -0x970]!",1
svcpl 0x657200,1
"ldmdavs r3!, {r3, r5, r6, r8, sp, lr} ^",1
svcpl 0x6c6176,1
"stclvs p0, c0, [lr, -0x1d0]!",1
invalid,1
"mcrvs p3, 0, r7, c0, c2, 3",1
"cmpvs pc, r5, ror 14",1
svcpl 0x627573,1
"cmnvc r0, 116, 30           ; 0x74",1
invalid,1
"cmnvc r4, 0x65",1
invalid,1
"strbvs r6, [lr, -0x96c]!",1
svcpl 0x657200,1
"ldmdbvs r2!, {r0, r1, r4, r5, r6, sl, ip, sp, lr} ^",1
"cmpvs pc, 0x1b80000",1
svcpl 0x726168,1
"ldrbvs r6, [sl, -0x973]!",1
"rsbseq r6, r4, pc, asr r1",1
"mrcvs p5, 2, r6, c15, c2, 3",1
svcpl 0x65646f,1
svcpl 0x746573,1
svcpl 0x646461,1
"ldrbvs r6, [r4, -0xe69]!",1
invalid,1
"mrcmi p0, 2, r0, c15, c4, 3",1
"ldmdbmi r4, {r2, r3, r6, r8, sb, sl, fp, ip, lr} ^",1
"ldrbmi r4, [pc], -sp, asr 10 ; [0x3c4a8:4]=0x4545575f",1
"ldrbpl r5, [r3], -0x249",1
"strbmi r5, [r5, -0x75f]",1
"stmdbpl r1, {r0, r1, r3, r6, sl, lr} ^",1
"mcrrmi p15, 0, r5, lr, c0",1
"ldmdbpl r4, {r0, r1, r2, r3, r4, r6, r8, sb, lr} ^",1
svcmi 0x5f4550,1
"stmdbmi r4, {r0, r2, r4, r6, sl, ip, lr} ^",1
"ldrblo r4, [r4], -0x947",1
"subeq r4, r2, pc, asr sp",1
"cmpvc pc, 0x1c800000",1
"mcrvs p2, 3, r7, c9, c4, 3",1
"rsbsvc r5, r4, 0x19c",1
"ldclvs p14, c6, [r3], -0x184",1
svcpl 0x657461,1
"strbtvs r7, [r6], -r2, ror 10",1
"stcvs p2, c7, [r0, -0x194]",1
"cmpvc pc, 0x1cc0000",1
"rsbeq r7, r5, sb, ror 20",1
"strbvs r6, [r4, -0xf6e]!",1
"strbvs r5, [ip, -0xf73]!",1
invalid,1
"cmpvc pc, 0x73000000",1
"ldmdbvs pc, {r2, r4, r5, r6, sb, ip, sp, lr} ^",1
svcpl 0x7864,1
"cmpmi pc, 0x4e00",1
"ldrbmi r5, [r0, -0x954]",1
"subpl r4, r1, pc, asr r7",1
"mrcmi p0, 2, r0, c15, c1, 1",1
"strbpl r5, [r3], -0xf4c",1
svcpl 0x455059,1
"subslo r4, r0, 0xc0000011",1
"mcrrmi p15, 0, r5, lr, c0",1
"ldmdbpl r4, {r0, r1, r2, r3, r4, r6, r8, sb, lr} ^",1
invalid,1
"eorseq r5, r3, r1, asr 32",1
svcpl 0x4c4e5f,1
"subspl r5, sb, r3, asr 8",1
invalid,1
svcpl 0x3450,1
svcpl 0x474552,1
"cmpmi r0, r5, asr 6",1
svcpl 0x4543,1
"cmpmi pc, 0x4e00",1
"ldrbmi r5, [r0, -0x954]",1
"subpl r4, r1, pc, asr r7",1
"strbvs r0, [lr, -0x36]!",1
"cmpvs pc, 120, 8            ; 0x78",1
svcpl 0x726168,1
"rsbseq r6, r8, sb, ror 8",1
"mcrmi p15, 2, r5, c9, c15, 2",1
svcpl 0x4e5f54,1
"mcrmi p9, 2, r4, c7, c3, 2",1
"movtpl r5, 0xf05f",1
"cmpmi r2, lr, asr 32",1
"cmpmi r8, 68, 18            ; 0x44",1
"subseq r4, r2, r8, asr 2",1
"cdpvs p12, 6, c6, c15, c3, 3",1
"strbvs r5, [r4, -0xf65]!",1
"strvs r7, [r0, -0x473]",1
"rsbseq r7, r2, r8, ror r0",1
svcpl 0x4c4e5f,1
"strbmi r4, [lr, -0xf4d]",1
"ldmdbpl r2, {r2, r4, r6, r8, lr} ^",1
"movtmi r4, 0x545f",1
"mcrrmi p13, 4, r4, r1, c9",1
"stmdbmi pc, {r0, r1, r2, r3, r4, r6, ip, lr} ^",1
"ldrbpl r5, [pc, -lr, asr 8] ; [0x3c5b4:4]=0x41575f4c",1
"cdpmi p0, 5, c0, c15, c3, 2",1
"cmpmi r7, ip, asr 30",1
"ldrbpl r5, [r3], -0xf4d",1
"mcrmi p0, 2, r0, c5, c2, 2",1
"strbmi r5, [pc], -r4, asr 30",1
"subeq r5, r5, pc, asr r2",1
"cmnvc r4, 0x188000",1
"cmpvs pc, 0x65000000",1
"cmnvs r4, pc, ror 28",1
"andvc r6, r0, sb, ror 28",1
"ldrbvs r7, [pc], -pc, rrx   ; [0x3c5e0:4]=0x63617473",1
svcpl 0x6c6961,1
invalid,1
"cdpmi p0, 5, c0, c15, c11, 3",1
"strbpl r5, [r3], -0xf4c",1
svcpl 0x455059,1
"stmdbmi r4, {r0, r3, r6, sb, sl, fp, lr} ^",1
"cmppl r4, 0x11c000",1
"submi r5, sp, 54, 30",1
"stclvs p5, c6, [r3], -0",1
"rsbsvc r7, r5, 0xbc000001",1
"stclvs p15, c5, [r5], -0x194",1
"andvc r6, r0, 0x1940",1
"ldrbtvc r5, [r3], -0xf65",1
invalid,1
"strbvs r6, [ip, -0x55f]!",1
"ldmdbvs r3!, {r0, r2, r3, r5, r6, r8, sb, sl, fp, ip, lr} ^",1
"cmpvs pc, sl, ror r5",1
"rsbsvc r0, r0, 0x74",1
"cmpvc pc, 0x6500000",1
svcpl 0x5f0074,1
"ldrbvs r6, [0x0003c0c2]     ; [0x3c0c2:4]=0x73006465",1
"rsbvc r7, pc, 0x20000007",1
invalid,1
"andvc r6, r0, 0x69000000",1
svcvs 0x655f6d,1
"ldrbmi r5, [r2, -0xf00]",1
"movtmi r5, 0x5f47",1
"ldrbmi r5, [r0, -0x954]",1
"strbpl r4, [pc], -0xe00",1
"subpl r5, pc, 0x17c0000",1
"strbmi r5, [r4, -0xf44]",1
"subeq r4, sp, ip, asr 18",1
svcpl 0x77656e,1
"strbvs r6, [r4, -0xf6e]!",1
"stclvs p15, c5, [r1], -0x1cc",1
"rsbeq r6, r3, ip, ror 30",1
invalid,1
"cmnvs r4, pc, asr r3",1
"ldmdavs pc, {r2, r4, r5, r6, r8, sl, sp, lr} ^",1
"rsbeq r7, r8, r1, ror 6",1
invalid,1
"stmdbvs r0, {r0, r1, r2, r5, r6, r8, sb, ip, sp, lr}",1
svcvs 0x6c7773,1
"rsbseq r6, r2, r7, ror r5",1
"cmpvc pc, 0x1c800000",1
"mcrvs p2, 3, r7, c9, c4, 3",1
"strbvs r5, [r6, -0xf67]!",1
svcpl 0x686374,1
"ldrbvs r7, [r4, -0x962]!",1
invalid,1
"stmdavs r3!, {r0, r2, r5, r6} ^",1
svcpl 0x6b6365,1
"ldmdbvs r2!, {r0, r5, r6, sb, ip, sp, lr} ^",1
svcpl 0x6c6176,1
"cmnvs r0, r5, ror 16",1
"ldrbvs r6, [0x0003c252]     ; [0x3c252:4]=0x445f504f",1
"cmpvc pc, 0x6300",1
"movwvs r6, 0x275",1
svcpl 0x726168,1
"rsbeq r6, lr, ip, ror 10",1
"ldrbvs r6, [r2, -0xf6d]!",1
svcpl 0x657200,1
"strbtvc r7, [r1], -0x473",1
"cmnvs r4, r5, ror 30",1
svcpl 0x656c62,1
"rsbsvc r6, r4, 0x650",1
"mrcmi p0, 2, r0, c15, c9, 3",1
"ldrbmi r5, [r7], -0xf4c",1
"usaxmi r5, pc, pc",1
"strvs r5, [r0], -sp, asr 8",1
"ldrbtvc r7, [r3], -0x269",1
"stmdavc r4!, {r0, r1, r2, r3, r4, r6, r8, fp, sp, lr} ^",1
"mcrrmi p15, 0, r5, lr, c0",1
"strbmi r4, [r4, -0x95f]",1
"strbmi r5, [sb], -lr, asr 8",1
"strbpl r4, [r1], -0x349",1
svcpl 0x4e4f49,1
"strbmi r4, [lr, -ip, asr 2]",1
"strbmi r4, [r7, -0x155]",1
"mcrrmi p15, 0, r5, lr, c0",1
"ldmdbpl r4, {r0, r1, r2, r3, r4, r6, r8, sb, lr} ^",1
svcmi 0x5f4550,1
"stmdbmi r4, {r0, r2, r4, r6, sl, ip, lr} ^",1
"subslo r4, r4, 0x11c000",1
"subeq r4, r2, pc, asr sp",1
"ldrbvs r7, [r4, -0x962]!",1
"stmdavc r4!, {r0, r1, r2, r3, r4, r6, r8, fp, sp, lr} ^",1
"ldclvs p2, c7, [r0], -0",1
invalid,1
"rsbvc r6, sp, r3, ror 30",1
"mcrrmi p15, 0, r5, lr, c0",1
"ldclmi p14, c4, [r5, -0x17c]",1
svcpl 0x434c5f,1
"strbmi r4, [lr, -0xf4d]",1
"ldmdbpl r2, {r2, r4, r6, r8, lr} ^",1
"subsvc r5, pc, r0, lsl 30",1
"ldrbvs r6, [r2, -0x874]!",1
"cmpvc pc, 0x61000000",1
"ldrbtvc r6, [r3], -0x96c",1
"andvc r7, r0, 0x5f000000",1
"strbvs r6, [r7, -0xe61]!",1
"stclvs p1, c6, [ip], -0x17c",1
"movwvs r6, 0x36f",1
svcpl 0x636c61,1
"cmnvc r2, 0x198000",1
"strbvc r0, [r4, -0x74]!",1
invalid,1
svcpl 0x657461,1
"strbvs r6, [r4, -0xf6e]!",1
"cmpvs pc, 0, 30",1
"ldrbvs r7, [r0, -0x974]!",1
"strbvc r7, [0x0003c341]!",1
"rsbvc r7, r5, 0x70",1
invalid,1
invalid,1
"strbtvs r5, [sb], -0xf74",1
"strbvc r0, [r3, -0x78]!",1
"ldrbtvc r5, [r3], -0xf72",1
"rsbeq r7, r5, r1, ror 8",1
"ldrbvc r6, [r1, -0x361]!",1
svcpl 0x657269,1
"strbtvc r6, [sb], -0xe69",1
"cmnvs r4, pc, asr r3",1
"cmpvs pc, 116, 10           ; 0x74",1
"ldrbvs r6, [r4, -0xe6f]!",1
svcpl 0x7478,1
"ldmdbmi pc, {r1, r2, r3, r6, sl, fp, lr} ^",1
"strbpl r4, [lr], -0x544",1
"movtmi r4, 0x9649",1
svcmi 0x495441,1
invalid,1
"mrcmi p0, 2, r0, c15, c8, 2",1
"strbpl r5, [r3], -0xf4c",1
svcpl 0x455059,1
"stmdbmi r4, {r0, r3, r6, sb, sl, fp, lr} ^",1
"cmppl r4, 0x11c000",1
"submi r5, sp, 52, 30",1
"strbvs r6, [r5, -0xe00]!",1
svcvs 0x775f64,1
"ldrbvc r6, [pc], -0x472     ; [0x3c810:4]=0x7400656c",1
"rsbvs r7, r1, 0x72000000",1
"strvc r6, [r0], -0x56c",1
"cmpvc pc, 0x6f",1
"andvc r7, r0, 116, 4",1
svcvs 0x6e5f65,1
"cmpvc pc, 100, 10           ; 0x64",1
"ldmdbvs pc, {r0, r2, r5, r6, sl, ip, sp, lr} ^",1
"rsbvc r7, r5, 0xb8000001",1
"ldmdbvs r3!, {r2, r4, r5, r6} ^",1
"cmpvc pc, 0x66000000",1
"ldrbvs r6, [r4, -0x174]!",1
blvs 0x18d460c,1
"rsbeq r6, r6, r2, ror r5",1
invalid,1
"stclvs p5, c6, [r3], -0x17c",1
"rsbsvc r7, r5, 0xbc000001",1
"strbtvc r5, [sb], -0xf65",1
"strvs r7, [r0, -0x265]",1
"cmnvs r2, r8, ror r4",1
"mcrrmi p15, 0, r5, lr, c0",1
"subpl r5, r1, pc, asr r0",1
"cmpmi pc, 0x50000004",1
"movtpl r4, 0x544f",1
"andvc r5, r0, r5, asr 8",1
svcpl 0x687375,1
"stclvs p1, c6, [sb], -0x198",1
"cmnvs r4, pc, asr r3",1
"andvc r6, r0, r3, ror 22",1
"strbvs r7, [lr, -0x572]!",1
"rsbvc r6, sp, pc, asr sb",1
"ldmdbvs r3!, {r0, r1, r2, r3, r5, r6, r8, sb, ip, sp, lr} ^",1
svcpl 0x656c62,1
"strbvs r6, [r4, -0xf6e]!",1
"mrcmi p0, 2, r0, c15, c3, 3",1
"strbmi r5, [sb], -0xf4c",1
"ldmdbmi r4, {r0, r2, r6, sb, sl, fp, lr} ^",1
invalid,1
"mcrmi p9, 2, r4, c15, c4, 2",1
"strbpl r4, [r1], -0x35f",1
"subpl r4, pc, 0x1140000",1
"mrcmi p0, 2, r0, c15, c9, 2",1
"ldmdbmi r4, {r2, r3, r6, r8, sb, sl, fp, ip, lr} ^",1
"ldrbpl r4, [pc], -0x54d     ; [0x3c8bc:4]=0x454e4f",1
bpl 0x118fde4,1
"subeq r4, r5, pc, asr 28",1
svcpl 0x4c4e5f,1
"mcrrmi p15, 4, r4, ip, c3",1
svcpl 0x455441,1
"subspl r5, r4, 0x450000",1
"subeq r5, r3, r1, asr 14",1
svcpl 0x707564,1
"rsbseq r6, r8, sb, ror 8",1
svcpl 0x6c7072,1
"cmpvc pc, 0x1c800000",1
"cmpvc pc, 0x65000000",1
"cmnvs r4, sb, ror lr",1
"mrcmi p0, 2, r0, c15, c8, 3",1
"strbpl r5, [r3], -0xf4c",1
svcpl 0x455059,1
"ldrbmi r5, [r4], -0x54f",1
"strbpl r4, [sb], -0x749",1
"submi r5, sp, 48, 30",1
"ldrbvc r6, [r3, -0xe00]!",1
svcvs 0x745f62,1
"andvs r7, r0, 112, 6",1
"ldrbvs r7, [r3, -0x469]!",1
invalid,1
svcpl 0x6b73,1
svcpl 0x474552,1
"subpl r5, r1, 0x45",1
svcvs 0x4e45,1
"mrcvs p3, 2, r7, c15, c0, 3",1
"rsbeq r6, r5, pc, ror 8",1
"strbvs r5, [lr, -0xf5f]!",1
svcpl 0x7478,1
"cmpmi r2, pc, asr r6",1
"stmdbmi r4, {r0, r1, r6, r8, sb, sl, fp, ip, lr} ^",1
"cmppl r4, 0x11c000",1
svcpl 0x504f00,1
blmi 0x110ce58,1
invalid,1
"cdpmi p3, 4, c4, c15, c0, 0",1
"subseq r4, r4, r3, asr 2",1
svcpl 0x4c4e5f,1
"strbmi r4, [r2], -0x157",1
"cmplo pc, r1, asr 18",1
"mcrrmi p15, 0, r5, lr, c0",1
"submi r5, r1, 0x17c0000",1
svcpl 0x594144,1
"mrcmi p0, 2, r0, c15, c2, 1",1
"cmpmi r7, ip, asr 30",1
"stmdbpl r1, {r1, r6, sl, lr} ^",1
svcpl 0x335f,1
"ldrbpl r4, [pc, -lr, asr 24] ; [0x3c988:4]=0x345f59",1
invalid,1
"eorseq r5, r4, sb, asr pc",1
svcpl 0x4c4e5f,1
"strbmi r4, [r2], -0x157",1
"ldrblo r5, [0x0003c05b]     ; [0x3c05b:4]=0x455f4745",1
"mcrrmi p15, 0, r5, lr, c0",1
"submi r5, r1, 0x17c0000",1
svcpl 0x594144,1
"mrcmi p0, 2, r0, c15, c6, 1",1
"cmpmi r7, ip, asr 30",1
"stmdbpl r1, {r1, r6, sl, lr} ^",1
"stmdbvs r0, {r0, r1, r2, r3, r4, r6, r8, sb, sl, ip, sp}",1
"stclvs p7, c7, [r1], -0x1cc",1
"rsbeq r7, sp, lr, ror 10",1
svcpl 0x4c4e5f,1
"subspl r5, sb, r3, asr 8",1
"cdpmi p15, 4, c5, c9, c5, 2",1
"stmdbmi r7, {r2, r6, r8, fp, lr} ^",1
svcpl 0x325354,1
"strvs r4, [r0, -0x24d]",1
"uqsub16vc r7, sb, r1",1
"qdsubvs r6, pc, ip",1
"cmpvs pc, r3, ror r3",1
invalid,1
"mcrrmi p15, 0, r5, lr, c0",1
"ldclmi p14, c4, [r5, -0x17c]",1
svcpl 0x434c5f,1
"subspl r5, sb, r3, asr 8",1
invalid,1
"cmpvc pc, 0x73000000",1
svcpl 0x7274,1
svcmi 0x48545f,1
"mcrmi p3, 2, r5, c1, c5, 2",1
"cmppl pc, 68, 6             ; 0x44",1
"andvc r5, r0, r5, asr 32",1
"ldrbvs r6, [r2, -0x874]!",1
"ldclvs p4, c6, [0x0003c898]",1
"stmdavc r5!, {r0, r2, r4, r5, r6, sl, ip, sp, lr} ^",1
"rsbsvc r7, r4, 0x61000000",1
"stcvs p4, c7, [r0, -0x17c]",1
"cmnvs r0, r2, ror 30",1
invalid,1
"ldrbtvc r0, [r3], -0x6c",1
svcpl 0x747261,1
"movwvc r6, 0x863",1
"ldrbvs r6, [r3, -0x362]!",1
"mrcmi p0, 2, r0, c15, c4, 3",1
"strbpl r5, [r3], -0xf4c",1
svcpl 0x455059,1
"ldrbmi r5, [r4], -0x54f",1
"strbpl r4, [sb], -0x749",1
"cmpmi r7, 56, 30            ; 0x38",1
"mcrrmi p15, 0, r5, lr, c0",1
"submi r5, r1, 0x17c0000",1
svcpl 0x4e4f4d,1
"mcrvs p0, 3, r0, c9, c2, 1",1
"cmpvc pc, 0x69000000",1
"ldrbvs r6, [r4, -0x174]!",1
"rsbvc r7, pc, 0x17c0000",1
"cdpmi p0, 5, c0, c15, c4, 3",1
"strbpl r5, [lr, -0xf4c]",1
"movtmi r5, 0xcf4d",1
"mcrrmi p4, 5, r5, r5, c15",1
svcmi 0x485045,1
svcpl 0x454e,1
"ldclmi p12, c4, [0x0003c958]",1
"strbpl r4, [r5], -0xe4f",1
svcpl 0x595241,1
svcpl 0x4f5544,1
svcpl 0x544e49,1
"movtpl r5, 0x3f4e",1
"ldrbmi r5, [r2, -0x5f]",1
"strbmi r4, [r4, -0x543]",1
"subpl r0, pc, r3, asr r0",1
"subspl r4, r5, pc, asr r4",1
"strbpl r5, [ip, -0x5f]",1
"rsbvs r0, lr, 0x53",1
"rsbvc r6, fp, 0x84000001",1
"andvs r6, r0, 0x6500000",1
"ldmdbvs pc, {r0, r1, r3, r5, r6, r8, sb, sp, lr} ^",1
svcpl 0x7864,1
"strbpl r4, [lr], -0x95f",1
"cmpmi r2, pc, asr r6",1
"stmdbmi r4, {r0, r1, r6, r8, sb, sl, fp, ip, lr} ^",1
"cmppl r4, 0x11c000",1
svcpl 0x657200,1
"ldmdbvs r2!, {r0, r1, r4, r5, r6, sl, ip, sp, lr} ^",1
"cmpvs pc, 0x1b80000",1
"ldrbvs r6, [r4, -0xe6f]!",1
"cmpvs pc, r8, ror r4",1
"mrcmi p0, 2, r0, c15, c4, 3",1
svcmi 0x4d5f4c,1
"cmpmi r4, lr, asr 10",1
"ldrbmi r5, [pc], -0x952     ; [0x3cb00:4]=0x4749535f",1
"subspl r4, pc, r5, asr pc",1
"smlsldmi r5, sb, pc, r3",1
svcmi 0x505f4e,1
svcpl 0x4e53,1
"cdpmi p12, 5, c4, c15, c14, 2",1
"mrrcmi p13, 5, r4, pc, c5",1
"strbmi r5, [sb], -0xf43",1
"ldmdbmi r4, {r0, r2, r6, sb, sl, fp, lr} ^",1
invalid,1
"mcrmi p9, 2, r4, c15, c4, 2",1
"ldrbtvs r6, [r5], -r0, lsl 4",1
"strbvs r0, [lr, -0x70]!",1
"strbtvs r5, [r5], -0xf77",1
"cmnvc r4, 0x94000001",1
"strbtvs r6, [ip], -0xf00",1
"cmnvs r4, pc, asr r3",1
svcpl 0x6574,1
"ldclmi p12, c4, [0x0003ca10]",1
"strbpl r4, [r5], -0xe4f",1
svcpl 0x595241,1
svcpl 0x4f5544,1
svcpl 0x544e49,1
"movtpl r5, 0x3f50",1
"ldrbmi r5, [r2, -0x5f]",1
"strbmi r4, [r4, -0x543]",1
"rsbvc r0, pc, 0x53",1
"cdpvs p15, 6, c5, c9, c7, 3",1
"strbvs r6, [r3, -0x964]!",1
"ldrbvs r0, [r2, -0x73]!",1
"strbtvs r6, [pc], -0xe5f",1
"ldrbvs r5, [r3, -0xf65]!",1
"mcrvs p15, 3, r5, c9, c4, 3",1
"ldrbvc r7, [0x0003c71b]     ; [0x3c71b:4]=0x54435f4c",1
"cdpvs p9, 6, c6, c15, c14, 3",1
"mcrrmi p15, 0, r5, lr, c0",1
"mcrmi p13, 2, r4, c15, c15, 2",1
"subpl r5, r1, 0x45000000",1
"mrcmi p15, 2, r5, c5, c9, 2",1
"cmpmi r6, pc, asr 30",1
svcpl 0x44494c,1
"stclmi p2, c5, [0x0003ca8c]",1
invalid,1
"stclvs p1, c6, [ip], -0x17c",1
"strbtvc r6, [r1], -0x36f",1
"andvc r6, r0, 0x65000000",1
svcvs 0x6e5f65,1
"cmpvc pc, 100, 10           ; 0x64",1
"cmpvs pc, 0x65000000",1
"cmnvs r4, pc, ror 28",1
"rsbseq r6, r3, sb, ror 28",1
svcpl 0x727563,1
svcpl 0x727473,1
"rsbseq r6, r8, sb, ror 8",1
svcpl 0x727563,1
"strbvs r6, [r4, -0xf6e]!",1
"mrcmi p0, 2, r0, c15, c3, 3",1
svcmi 0x4d5f4c,1
"cmpmi r4, lr, asr 10",1
"ldrbmi r5, [pc], -0x952     ; [0x3cbec:4]=0x4e5f544e",1
"ldmdbmi pc, {r0, r2, r4, r6, r8, sb, sl, fp, lr} ^",1
"cdpmi p4, 5, c5, c15, c14, 2",1
"subpl r5, r5, pc, asr r3",1
svcpl 0x59425f,1
"movtmi r5, 0x1053",1
invalid,1
svcpl 0x6c6c6f,1
invalid,1
svcpl 0x657200,1
"stclvs p1, c6, [sb], -0x198",1
"cmnvs r4, pc, asr r3",1
"ldrbvs r6, [0x0003c0b9]     ; [0x3c0b9:4]=0x7864695f",1
"ldrbvc r7, [pc], -0x46e     ; [0x3cc20:4]=0x655f646c",1
"ldmdbvs r5!, {sb, sp, lr} ^",1
"ldrbvs r6, [0x0003c7bc]     ; [0x3c7bc:4]=0x5f657269",1
"uqsub16vc r7, sb, r1",1
"qdsubvs r6, pc, ip",1
"strvs r7, [r0], -0x373",1
svcpl 0x747365,1
"strbtvc r7, [r1], -0x473",1
"cdpvs p3, 5, c7, c15, c5, 3",1
"cdpmi p0, 5, c0, c15, c12, 3",1
"strbpl r5, [r3], -0xf4c",1
svcpl 0x455059,1
"stmdbmi r4, {r0, r3, r6, sb, sl, fp, lr} ^",1
"cmppl r4, 0x11c000",1
"submi r5, sp, 48, 30",1
"stclvs p3, c6, [r1], -0",1
"strbvs r5, [lr, -0xf63]!",1
"strvs r7, [r0, -0x478]",1
"ldrbvs r6, [0x0003c7fa]     ; [0x3c7fa:4]=0x5f345354",1
"rsbeq r6, sp, ip, ror 10",1
svcpl 0x4c4e5f,1
"strbmi r4, [sp, -0x954]",1
"cmpmi r2, pc, asr r5",1
"strbpl r4, [lr], -0x55f",1
"movtpl r4, 0x5952",1
"ldrbtvc r7, [r3], -0",1
"rsbeq r7, r5, r1, ror 8",1
"stclvs p5, c7, [sb], -0x188",1
"stmdavs r3!, {r2, r5, r6, r8, sb, sl, fp, ip, lr} ^",1
"stclvs p2, c7, [r3], -0x184",1
svcpl 0x737361,1
"cdpvs p0, 0, c7, c0, c15, 3",1
"ldrbtvc r6, [r3], -0x564",1
"stmdami r3, {r0, r1, r4, r5, r6} ^",1
"movtmi r5, 0x1241",1
"subseq r4, r2, r4, asr r5",1
svcpl 0x4c4e5f,1
"subspl r5, sb, r3, asr 8",1
"strbpl r5, [0x0003bd73]",1
"smlsldmi r4, sb, r4, r4",1
svcpl 0x365449,1
svcpl 0x4357,1
"cmpmi pc, lr, asr 24",1
"ldrbmi r4, [r2, -0x444]",1
"cmpmi pc, 0x4c000001",1
"strbpl r5, [lr], -0x54f",1
"subspl r5, pc, r2, asr sb",1
"subseq r5, r4, pc, asr 6",1
"cmpmi pc, 0xd0000004",1
"subseq r4, r2, r8, asr 2",1
svcpl 0x78616d,1
svcpl 0x727473,1
"rsbseq r6, r8, sb, ror 8",1
"cmpvc pc, 0x1c800000",1
"mcrvs p2, 3, r7, c9, c4, 3",1
"rsbseq r5, r4, r7, ror 30",1
"ldrbvc r6, [r1, -0x56e]!",1
"cmpvs pc, 0x6900000",1
"cmnvc r3, 108, 2            ; 0x6c",1
svcmi 0x7365,1
svcmi 0x575f50,1
"mcrvs p4, 0, r4, c0, c2, 2",1
"ldrbtvc r6, [r3], -0x16c",1
"rsbsvc r0, r2, r3, ror r0",1
"ldrbvs r5, [r2, -0xf6c]!",1
"strbtvc r7, [r5], -0x35f",1
invalid,1
"ldrbvs r7, [r4, -0x369]!",1
svcpl 0x7372,1
"cmpmi pc, 0x4e00",1
"ldrbmi r5, [r0, -0x954]",1
"strbmi r4, [lr], -0x95f",1
"strbpl r4, [sb], -0x749",1
invalid,1
"stmdavs r3!, {r0, r1, r6} ^",1
svcpl 0x6b6365,1
"strbvs r7, [r2, -0x573]!",1
"ldclvs p0, c7, [0x0003cb74]",1
"stmdavs r3!, {r0, r5, r6, sl, ip, sp, lr} ^",1
svcpl 0x676e69,1
"rsbseq r6, r0, r4, ror pc",1
svcpl 0x4c4e5f,1
"cmpmi r2, r7, asr r5",1
"usaxmi r4, pc, pc",1
svcpl 0x544d,1
"ldclmi p12, c4, [0x0003cc3c]",1
"strbpl r4, [r5], -0xe4f",1
svcpl 0x595241,1
svcpl 0x4f5544,1
"ldrbmi r5, [r3, -0xf50]",1
"stmdbpl r2, {r4, r6, r8, sb, sl, fp, ip, lr} ^",1
"cmpmi r0, pc, asr r3",1
"andvc r4, r0, 0x10c00000",1
"ldrbvs r6, [0x0003c62f]     ; [0x3c62f:4]=0x6f727265",1
svcvs 0x637272,1
"ldrbvc r6, [pc], -0x564     ; [0x3cd9c:4]=0x6e635f65",1
"strbtvs r6, [pc], -0xe00",1
"cdpvs p15, 6, c5, c3, c5, 3",1
"ldrbvs r0, [r2, -0x74]!",1
"strbtvs r6, [pc], -0xe5f",1
"ldrbvs r5, [r3, -0xf65]!",1
"strbvs r5, [sp, -0xf74]!",1
"rsbeq r6, r5, r2, ror r7",1
"ldrbvc r6, [r0, -0xe69]!",1
"rsbvs r0, sp, 0x74",1
"rsbvc r6, r1, 0x630000",1
"stclvs p1, c6, [ip], -0x17c",1
"cdpvs p3, 0, c6, c0, c15, 3",1
"ldrbvs r7, [pc], -0x765     ; [0x3cdd0:4]=0x4c4e5f00",1
"cmnvc r4, 0x94000001",1
"mcrrmi p15, 0, r5, lr, c0",1
"subpl r5, r5, 0x17c0000",1
svcpl 0x545f41,1
"subseq r4, r4, r6, asr 26",1
blvs 0x1cd539c,1
"ldrbtvc r6, [r0], -0xf5f",1
"rsbsvs r7, r5, 0x7c000001",1
"rsbseq r7, r0, r5, ror 16",1
"cmnvc r4, 0x188000",1
"ldrbvs r7, [0x0003c997]     ; [0x3c997:4]=0x4e5f0035",1
"ldmdbvc r4!, {r0, r2, r3, r5, r6, ip, sp, lr} ^",1
"mcrrmi p15, 0, r5, lr, c0",1
"strbmi r4, [r4, -0x95f]",1
"strbmi r5, [sb], -lr, asr 8",1
"strbpl r4, [r1], -0x349",1
svcpl 0x4e4f49,1
"strbpl r4, [lr], -0xf43",1
"subseq r4, r4, r1, asr 6",1
svcpl 0x4c4e5f,1
"subspl r5, sb, r3, asr 8",1
"strbpl r5, [0x0003bee3]",1
"smlsldmi r4, sb, r4, r4",1
svcpl 0x345449,1
"stmdbvs r0, {r0, r1, r2, r4, r6, r8, sb, lr}",1
svcpl 0x74696e,1
invalid,1
"stmdbvs r1!, {r2, r4, r5, r6, sb, ip, sp, lr} ^",1
"stmdavs r0, {r1, r2, r3, r5, r6, sl, ip, sp, lr}",1
"rsbseq r6, r4, r1, ror 24",1
"rsbvc r6, r3, 0x690",1
"stclvs p1, c6, [ip], -0x17c",1
svcpl 0x636f,1
"rsbseq r7, r3, pc, asr r0",1
invalid,1
invalid,1
"cmpvc pc, 108, 8            ; 0x6c",1
"ldrbvs r6, [r4, -0x174]!",1
"mcrvs p3, 3, r6, c15, c15, 2",1
"ldrbtvc r6, [r8], -0x574",1
"mcrrmi p15, 0, r5, lr, c0",1
"ldmdbpl r4, {r0, r1, r2, r3, r4, r6, r8, sb, lr} ^",1
"ldrbpl r4, [pc], -0x550     ; [0x3ce7c:4]=0x62005245",1
"strbpl r4, [pc, -pc, asr 24]",1
"andvs r5, r0, 0x50000004",1
"strbvc r6, [fp, -0x361]!",1
"strbvc r5, [r3, -0xf70]!",1
"strbtvs r5, [sb], -0xf72",1
"subspl r0, pc, 0x78",1
"subsmi r4, pc, 0x1140000",1
"cmpmi r0, r1, asr 8",1
"stclvs p0, c0, [pc], -0x150",1
"rsbsvc r5, r4, 100, 30",1
"andvc r6, r0, 0x19400000",1
"cdpvs p7, 5, c6, c15, c5, 3",1
"mcrvs p13, 0, r6, c0, c5, 3",1
"cmpvs pc, 0x1940000",1
svcpl 0x726168,1
invalid,1
"stclvs p15, c5, [r1], -0x1cc",1
"rsbeq r6, r3, ip, ror 30",1
svcpl 0x4c4e5f,1
"subspl r5, sb, r3, asr 8",1
"cdpmi p15, 4, c5, c9, c5, 2",1
"stmdbmi r7, {r2, r6, r8, fp, lr} ^",1
svcpl 0x365354,1
svcvs 0x4357,1
"stclvs p4, c7, [sb, -0x1c0]!",1
svcpl 0x657a69,1
"stmdalo r6!, {r0, r2, r4, r5, r6, sl, ip, sp, lr} ^",1
"mcrrmi p15, 0, r5, lr, c0",1
"mcrrmi p3, 5, r4, pc, c15",1
"ldrbmi r4, [r4, -0x14c]",1
"ldclmi p3, c5, [sb, -0x17c]",1
"cmpmi r4, r2, asr 30",1
"stclmi p12, c4, [r5, -0x108]",1
svcpl 0x5f0042,1
"strbvc r7, [pc, -r2, ror 8]!",1
"stclvs p15, c5, [r1], -0x18c",1
"rsbseq r6, r3, sb, ror 2",1
"rsbvc r6, sp, r3, ror 30",1
"ldrbvs r6, [r4, -0x56c]!",1
blvs 0x18d4cac,1
svcpl 0x666572,1
"rsbseq r6, r0, sp, ror 2",1
svcpl 0x727563,1
"ldrbtvc r6, [r3], -0x564",1
"mcrrmi p15, 0, r5, lr, c0",1
"ldrbmi r5, [pc], -0x75f     ; [0x3cf34:4]=0x544d46",1
svcpl 0x455441,1
"subseq r4, r4, r6, asr 26",1
svcpl 0x4c4e5f,1
"strbmi r4, [lr, -0xf4d]",1
"ldmdbpl r2, {r2, r4, r6, r8, lr} ^",1
svcmi 0x55445f,1
"mcrrmi p6, 5, r5, r1, c15",1
"ldrbmi r4, [pc], -sb, asr 8 ; [0x3cf54:4]=0x5f4c4e5f",1
"subeq r4, sp, r2, asr pc",1
svcpl 0x4c4e5f,1
"strbmi r4, [lr, -0xf4d]",1
"ldmdbpl r2, {r2, r4, r6, r8, lr} ^",1
"strbmi r4, [pc], -0x35f",1
"strbpl r5, [r5], -0x345",1
"ldmdbpl pc, {r8, sb, sl, fp, ip, lr} ^",1
"stmdapl r5, {r0, r2, r6, r8, sb, ip, lr} ^",1
svcpl 0x5250,1
"cmpmi pc, 0x4e00",1
invalid,1
"cmpmi pc, 84, 10            ; 0x54",1
"movtpl r4, 0xcc4f",1
"submi r5, sp, 0x40000011",1
"subsvs r5, pc, 0, 30",1
"strbtvc r6, [ip], -0x975",1
"cmpvc pc, 0x690",1
"stclvs p2, c7, [r3, -0x1d0]!",1
"ldrbtvc r0, [r0], -0x70",1
invalid,1
"strbvc r5, [sp, -0xf64]!",1
svcpl 0x786574,1
blvs 0x1918d60,1
"stclvs p12, c6, [sb, -0]!",1
"strbtvs r7, [r5], -0x469",1
"cmnvs r4, pc, asr r3",1
"rsbseq r6, r3, r4, ror r5",1
svcmi 0x4e5f5f,1
"subseq r5, r2, r3, asr r4",1
"stmdbvs sp!, {r2, r3, r5, r6, r8, fp, sp, lr} ^",1
"mrcmi p0, 2, r0, c15, c4, 3",1
"strbpl r5, [r3], -0xf4c",1
svcpl 0x455059,1
"ldrbmi r5, [r4], -0x54f",1
"strbpl r4, [sb], -0x749",1
"cmpmi r7, 50, 30            ; 0x32",1
"ldrbvs r6, [r2, -0x600]!",1
"stmdavs r3!, {r0, r2, r5, r6, r8, sb, sl, fp, ip, lr} ^",1
"ldrbvs r7, [r3, -0x261]!",1
"ldrbtvc r0, [r3], -0x74",1
"rsbsvc r5, r4, 0x1c8",1
"cmpvc pc, 0x19400000",1
"cmnvs r2, r4, ror pc",1
"andvc r6, r0, 0x19c00000",1
"ldrbvc r5, [r3, -0xf65]!",1
invalid,1
svcpl 0x686374,1
"ldrbtvc r6, [r3], -0x16c",1
"movwvc r7, 0x45f",1
"ldrbvs r6, [0x0003cda7]     ; [0x3cda7:4]=0x735f6564",1
"stclvs p3, c7, [sb], -0x1c0",1
"cmpvc pc, 0x6f0",1
"mrcvs p3, 2, r6, c15, c2, 3",1
invalid,1
"subsvc r5, pc, r0, lsl 30",1
"ldrbvs r6, [r2, -0x874]!",1
"ldmdbvs pc, {r0, r5, r6, sl, sp, lr} ^",1
"rsbvc r7, r5, 0x6e000000",1
svcpl 0x6c616e,1
invalid,1
"subspl r0, pc, 0x74",1
"ldrbmi r4, [0x0003c907]     ; [0x3c907:4]=0x745f6275",1
"movtmi r5, 0x1242",1
"subspl r0, pc, 0x45",1
"ldrbmi r4, [0x0003c913]     ; [0x3c913:4]=0x6d5f7465",1
"movtmi r5, 0x1242",1
"cdpmi p0, 5, c0, c15, c11, 2",1
svcmi 0x4d5f4c,1
"cmpmi r4, lr, asr 10",1
"ldrbmi r5, [pc], -0x952     ; [0x3d06c:4]=0x5f53435f",1
"mrcmi p15, 2, r4, c15, c5, 2",1
svcpl 0x53435f,1
"movtmi r5, 0x5250",1
"movtpl r4, 0x5445",1
"mcrrmi p15, 0, r5, lr, c0",1
"ldmdbpl r4, {r0, r1, r2, r3, r4, r6, r8, sb, lr} ^",1
"ldmdbmi pc, {r4, r6, r8, sl, lr} ^",1
"strbmi r4, [sb, -lr, asr 8]",1
"ldrblo r5, [r3], -0x449",1
"subeq r5, r3, pc, asr r7",1
svcpl 0x746567,1
"strbvs r7, [r2, -0x573]!",1
"cmpvc pc, 0x78",1
svcpl 0x6275,1
"ldclmi p12, c4, [0x0003cf70]",1
"strbpl r4, [r5], -0xe4f",1
svcpl 0x595241,1
svcpl 0x4f5544,1
svcpl 0x544e49,1
"movtmi r5, 0x1246",1
"smlsldmi r4, sb, pc, r4",1
"subseq r5, r3, sb, asr 8",1
"subpl r4, sp, r3, asr sb",1
"subsmi r4, pc, 76, 10",1
blmi 0x110d618,1
"cdpvs p4, 0, c5, c0, c5, 2",1
svcvs 0x5f7765,1
"ldrbvs r6, [r3, -0x666]!",1
svcmi 0x7374,1
"ldrbmi r5, [r0, -0xf50]",1
"strbmi r4, [pc], -0x952",1
"mcrrmi p15, 0, r5, lr, c0",1
"strbmi r4, [r4], -0x15f",1
"cmppl r3, 0x14800000",1
"mcrmi p12, 2, r4, c1, c15, 2",1
"ldrbmi r5, [r4, -0xf47]",1
"strvc r4, [r0], -0xd52",1
"strbvs r6, [ip, -0x261]!",1
"strbtvs r6, [pc], -0xe5f",1
"strvc r7, [r0, -0x365]",1
"rsbsvc r6, r4, sb, ror 28",1
"ldrbvc r7, [pc], -0x274     ; [0x3d114:4]=0x6d006377",1
svcvs 0x746200,1
"stcvs p3, c6, [r0, -0x1dc]",1
"mrrcvs p14, 6, r6, pc, c9",1
"andvc r6, r0, 0x650",1
"ldrbvs r5, [r3, -0xf65]!",1
"stmdavs r3!, {r0, r5, r6, sb, ip, sp, lr} ^",1
"cmpvc pc, 0xf0000005",1
"rsbeq r7, r2, r4, ror r5",1
svcpl 0x4c4e5f,1
"strbmi r4, [lr, -0xf4d]",1
"ldmdbpl r2, {r2, r4, r6, r8, lr} ^",1
svcmi 0x55445f,1
"cmpmi pc, 0x5f",1
"subspl r5, r0, 0x14c",1
"strbmi r4, [r5], -0x345",1
svcpl 0x5345,1
"cmpmi pc, 0x4e00",1
invalid,1
"ldrbpl r4, [pc], -0x554     ; [0x3d160:4]=0x6d00424d",1
"strbmi r4, [ip, -0x241]",1
"stcvs p2, c4, [r0, -0x134]",1
"strbvs r7, [r7, -0x265]!",1
"cmnvs r4, pc, asr r3",1
"cmpvs pc, r4, ror r5",1
"stmdbvc r1!, {r1, r4, r5, r6, sb, ip, sp, lr} ^",1
"strbvs r7, [r5, -0]!",1
svcvs 0x745f6b,1
svcpl 0x6e656b,1
invalid,1
"rsbseq r6, r4, fp, ror 10",1
svcpl 0x676f6c,1
"strbvs r6, [r4, -0xf6e]!",1
invalid,1
"uhsaxvs r7, r4, pc",1
"mrcmi p0, 2, r0, c15, c8, 1",1
"strbpl r5, [r3], -0xf4c",1
svcpl 0x455059,1
"movtpl r4, 0x1c43",1
invalid,1
"strbpl r5, [r5], -0x346",1
"mcrrmi p15, 0, r5, lr, c0",1
svcpl 0x54575f,1
svcpl 0x544d46,1
"ldclmi p13, c4, [r0, -0x104]",1
"rsbvc r6, fp, 0, 4",1
"cmpvc pc, 0x6500000",1
"ldmdbvs pc, {r2, r4, r5, r6, sb, ip, sp, lr} ^",1
"andvc r7, r0, r4, ror 16",1
"ldrbvs r7, [r3, -0x261]!",1
"mcrrmi p15, 0, r5, lr, c0",1
"ldmdbpl r4, {r0, r1, r2, r3, r4, r6, r8, sb, lr} ^",1
svcmi 0x5f4550,1
"stmdbmi r4, {r0, r2, r4, r6, sl, ip, lr} ^",1
"subslo r4, r4, r7, asr 18",1
"subeq r5, r3, pc, asr r7",1
"ldrbtvc r6, [r3], -0x564",1
svcvs 0x6e5f73,1
svcpl 0x6564,1
"ldrbpl r4, [pc], -0xc4e     ; [0x3d200:4]=0x53524946",1
svcpl 0x454d49,1
"cmppl r2, 0x118000",1
svcmi 0x575f54,1
"qdaddmi r4, r2, r4",1
svcvs 0x740059,1
"stmdavc r4!, {r0, r1, r2, r3, r4, r6, r8, fp, sp, lr} ^",1
"mcrrmi p15, 0, r5, lr, c0",1
"ldmdbpl r4, {r0, r1, r2, r3, r4, r6, r8, sb, lr} ^",1
"ldrbpl r4, [pc], -0x550     ; [0x3d224:4]=0x5f54494c",1
"movtpl r4, 0xe152",1
svcpl 0x54494c,1
svcpl 0x424154,1
"ldrbmi r4, [sl, -0x953]",1
"rsbvc r7, pc, 0, 14",1
"rsbsvc r5, r4, 0x1ac",1
svcpl 0x6565,1
"cmpmi pc, 0x4e00",1
invalid,1
"mrcmi p5, 2, r4, c15, c4, 2",1
"strbmi r5, [ip, -0x552]",1
"ldclvs p0, c0, [r0, -0x14c]!",1
"stmdavs r3!, {r0, r5, r6, sl, ip, sp, lr} ^",1
"rsbsvc r6, r5, r0, lsl 8",1
invalid,1
"ldrbvc r6, [pc], -0x574     ; [0x3d264:4]=0x735f6572",1
"rsbeq r6, r5, r2, ror r5",1
"cmpvc pc, 0x1c800000",1
"mcrvs p2, 3, r7, c9, c4, 3",1
"ldrbvs r5, [r0, -0xf67]!",1
"subsvs r6, pc, 0x19400",1
svcpl 0x657479,1
"ldrbvs r6, [r3, -0x163]!",1
"stmdbvs lr!, {r8, fp, sp, lr} ^",1
svcvs 0x6e5f74,1
"andvc r6, r0, r4, ror 10",1
"ldrbvs r7, [r3, -0x261]!",1
"rsbsvc r6, r8, pc, asr r5",1
"cmnvc r3, 0x1c800000",1
"rsbeq r6, lr, sb, ror 30",1
"subpl r4, sp, r3, asr 30",1
svcpl 0x58454c,1
"movtmi r5, 0x1242",1
"subseq r4, r4, fp, asr 10",1
svcpl 0x4c4e5f,1
"subspl r5, sb, r3, asr 8",1
"mcrrmi p15, 4, r5, r3, c5",1
svcpl 0x535341,1
"strbmi r4, [sp, -0x14e]",1
"ldmdbvs r4!, {r0, r1, r4, r6} ^",1
svcvs 0x635f70,1
"stmdavc r5!, {r1, r2, r3, r5, r6, sl, ip, sp, lr} ^",1
"strbvs r0, [sp, -0x74]!",1
svcpl 0x656772,1
"rsbseq r7, r2, r5, ror 4",1
"cmpvc pc, 0x1c80",1
"cdpmi p0, 5, c0, c15, c15, 3",1
"strbpl r5, [r3], -0xf4c",1
svcpl 0x455059,1
"stmdbmi r4, {r0, r3, r6, sb, sl, fp, lr} ^",1
"cmppl r4, 0x11c000",1
"cmpmi r7, 50, 30            ; 0x32",1
"rsbsvc r6, r5, 0, 6",1
"qdsubvs r6, pc, r8",1
"ldmdbvs r3!, {r1, r4, r5, r6, r8, sb, sl, fp, ip, lr} ^",1
invalid,1
"ldrbvs r6, [r2, -0xb62]!",1
"cdpvs p15, 6, c5, c5, c6, 3",1
svcpl 0x7374,1
"cmpmi pc, 0x4e00",1
"ldrbmi r5, [r0, -0x954]",1
"subpl r4, r1, pc, asr r7",1
"cmnvs r7, 0x35",1
"ldrbvs r7, [r0, -0x974]!",1
svcmi 0x745f,1
"mcrrmi p15, 5, r5, r3, c0",1
svcpl 0x45534f,1
svcpl 0x505544,1
"subeq r5, sp, lr, asr 10",1
"cmpvs pc, 0x1c800000",1
"ldrbvs r6, [r4, -0xe6f]!",1
"ldrbvc r7, [pc], -0x478     ; [0x3d344:4]=0x5f736168",1
"rsbeq r7, r5, sb, ror r0",1
svcpl 0x736168,1
"cdpvs p2, 5, c6, c15, c13, 3",1
"rsbeq r6, r5, pc, ror 8",1
svcpl 0x4c4e5f,1
"cdpmi p4, 4, c4, c5, c9, 2",1
"stmdbmi r6, {r2, r4, r6, r8, fp, lr} ^",1
"ldmdbmi r4, {r0, r1, r6, r8, lr} ^",1
"ldrbpl r4, [pc], -0xe4f     ; [0x3d368:4]=0x726f6600",1
"strbmi r5, [ip, -0x449]",1
"rsbvc r6, pc, 0, 12",1
"ldrbtvs r6, [r2], -0x177",1
"strbtvc r6, [r1], -0xd5f",1
"ldrbvs r6, [pc], -r3, ror 16 ; [0x3d37c:4]=0x6174735f",1
"strbtvs r7, [lr], -0x56f",1
"cmnvs r4, pc, asr r3",1
svcvs 0x5f7472,1
"ldrbvs r5, [r2, -0xf72]!",1
"strbvs r6, [r8, -0x361]!",1
"cdpvs p15, 6, c5, c5, c4, 3",1
"rsbvc r0, r3, r4, rrx",1
"movwvc r7, 0x36f",1
"ldrbvc r6, [pc], -0x275     ; [0x3d3a0:4]=0x745f6275",1
"movwvc r7, 0x6f",1
"ldrbvc r6, [pc], -0x275     ; [0x3d3a8:4]=0x62007864",1
"ldmdbvs pc, {r0, r1, r2, r3, r5, r6, ip, sp, lr} ^",1
"andvs r7, r0, 100, 16",1
"strbtvs r6, [ip], -0x975",1
"rsbsvc r7, r0, pc, asr r5",1
"subsvs r7, pc, 0x50000006",1
"strbvs r6, [r6, -0x675]!",1
"rsbsvc r0, r5, r2, ror r0",1
"ldrbvs r6, [r4, -0x164]!",1
"rsbsvc r6, r5, 0x7c000001",1
"uqsaxvs r7, sb, pc",1
svcpl 0x646574,1
"strbtvc r7, [r1], -0x473",1
svcpl 0x5f0065,1
"mcrvs p0, 3, r7, c9, c3, 3",1
"ldrbtvc r0, [r3], -0x73",1
svcpl 0x747261,1
"strbvs r6, [sp, -0x16e]!",1
"uhsaxvs r6, r5, pc",1
"rsbvc r6, fp, 0, 4",1
"ldrbvs r6, [0x0003cd93]     ; [0x3cd93:4]=0x5f65646f",1
svcpl 0x746e,1
"strbpl r4, [lr], -0x95f",1
"cmppl pc, 0x5f0",1
"subsmi r5, pc, 0x45",1
"subspl r5, r3, sb, asr pc",1
"subeq r4, r5, r1, asr 6",1
"uqsub16vc r7, r5, r0",1
"stmdavc r4!, {r0, r1, r2, r3, r4, r6, r8, fp, sp, lr} ^",1
"strbtvc r6, [r1], -0xd5f",1
"ldclvs p8, c6, [0x0003d294]",1
svcvs 0x6c6c61,1
"rsbeq r6, r4, r3, ror 10",1
"strbvc r5, [lr, -0xf5f]!",1
"cmnvc r2, 0x1cc00000",1
svcvs 0x726700,1
"mrcvs p0, 2, r7, c15, c5, 3",1
invalid,1
"strbtvc r6, [lr], -0x95f",1
"strbmi r5, [r4], -pc, ror 30",1
"cmnvs r4, r1, asr 6",1
"rsbseq r6, r3, r4, ror r5",1
svcpl 0x505f5f,1
svcpl 0x504553,1
"cmppl pc, 0x108000",1
"strbmi r4, [r3, -0x150]",1
"strbvc r6, [r5, -r0, lsl 28]!",1
"stclvs p5, c6, [r3], -0x17c",1
"rsbsvc r7, r5, 0xbc000001",1
svcvs 0x7365,1
"ldrbvs r6, [pc], -0x772     ; [0x3d470:4]=0x7874636e",1
"rsbseq r7, r4, r5, ror 6",1
"ldmdavc r4!, {r1, r2, r3, r5, r6, r8, sb, sp, lr} ^",1
"strbtvs r6, [pc], -0xe5f",1
"andvc r7, r0, 0x94000001",1
"ldrbvs r5, [r3, -0xf65]!",1
"stmdavs r3!, {r0, r5, r6, sb, ip, sp, lr} ^",1
"ldrbvc r7, [r4, -0x35f]!",1
"cmnvs r0, r2, rrx",1
svcpl 0x657372,1
invalid,1
svcpl 0x74656b,1
svcpl 0x707865,1
"strbvs r7, [r5, -0x266]!",1
"strbtvc r7, [r5], -0x25f",1
"rsbeq r7, lr, r5, ror r2",1
"strbmi r4, [lr, -0x94c]",1
"subpl r4, sb, 0x5f00000",1
"andvc r5, r0, 0x53000000",1
svcvs 0x635f65,1
"stclvs p0, c7, [sb], -0x1b4",1
"cdpvs p15, 6, c5, c9, c5, 3",1
"mrcvs p5, 3, r6, c2, c4, 3",1
"ldrbvs r6, [pc], -r1, ror 24 ; [0x3d4cc:4]=0x75746572",1
svcpl 0x656572,1
"ldrbvc r6, [r4, -0x572]!",1
"movwvs r6, 0xe72",1
"strbvs r6, [r8, -0x361]!",1
"stmdavc r4!, {r0, r1, r2, r3, r4, r6, r8, fp, sp, lr} ^",1
svcpl 0x504f00,1
svcpl 0x4e4f4e,1
"cmpmi r4, 0x40000013",1
"stmdbmi ip, {r3, r6, r8, sb, sl, fp, ip, lr} ^",1
svcpl 0x5453,1
"ldmdbmi pc, {r1, r2, r3, r6, sl, fp, lr} ^",1
"strbpl r4, [lr], -0x544",1
"movtmi r4, 0x9649",1
svcmi 0x495441,1
"submi r5, r1, 0x138",1
"strbpl r5, [r5], -r2, asr 4",1
"ldmdbmi r4, {r0, r3, r6, r8, lr} ^",1
"stmdavs r0, {r0, r1, r2, r3, r6, sb, sl, fp, lr}",1
"subsvc r7, pc, r1, ror 6",1
"cmnvs r2, ip, ror 10",1
invalid,1
"rsbeq r6, r8, r4, ror r3",1
svcpl 0x4c4e5f,1
svcpl 0x4d554e,1
"ldclmi p3, c4, [0x0003d400]",1
"ldrbpl r4, [r3, -0x145]",1
"strbmi r4, [sp, -0x552]",1
"movwvs r5, 0x44e",1
svcpl 0x6c6c6f,1
svcpl 0x6d7973,1
svcvs 0x6c6c61,1
"ldclvs p0, c0, [r3], -0x18c",1
"rsbsvc r7, r4, 0x7c000001",1
"uqsaxvs r6, r6, pc",1
"strbvc r7, [0x0003d158]!",1
"rsbvc r7, r5, 0x70",1
"cdpvs p3, 6, c6, c1, c0, 0",1
invalid,1
"rsbseq r6, r3, r4, ror r5",1
svcpl 0x4c4e5f,1
"subspl r5, sb, r3, asr 8",1
"cdpmi p15, 4, c5, c9, c5, 2",1
"stmdbmi r7, {r2, r6, r8, fp, lr} ^",1
svcpl 0x305354,1
svcpl 0x4357,1
"ldrbpl r4, [pc], -0xc4e     ; [0x3d584:4]=0x45444f43",1
svcpl 0x454d49,1
"strbmi r4, [r4, -0xf43]",1
"subseq r4, r4, r3, asr r5",1
svcpl 0x766e69,1
svcvs 0x6c6365,1
"ldrbvs r7, [r2, -0x573]!",1
"mcrrmi p15, 0, r5, lr, c0",1
"stclmi p4, c5, [sb, -0x17c]",1
"subpl r5, r5, 0x114",1
"strbpl r5, [lr, -0xf41]",1
"cdpmi p15, 4, c5, c5, c13, 2",1
"strbmi r5, [sb, -0x254]",1
"mcrvs p0, 3, r0, c9, c3, 2",1
"rsbvc r6, sp, r3, ror 30",1
"ldrbvs r6, [r4, -0x56c]!",1
"ldrbtvc r6, [r5], -0xf00",1
"ldrbvs r6, [r2, -0x65f]!",1
"ldrbvc r0, [r3, -0x65]!",1
"rsbsvc r6, r8, r2, ror 10",1
"ldclvs p14, c6, [r5, -0x17c]!",1
"cdpvs p7, 6, c6, c5, c0, 0",1
"stclvs p2, c7, [r1], -0x194",1
invalid,1
"subpl r0, pc, r5, rrx",1
"cmpmi r0, pc, asr r3",1
"movwvs r4, 0x543",1
blvs 0x1916b90,1
"strbtvc r6, [r1], -0xd5f",1
"cdpvs p8, 6, c6, c9, c3, 3",1
"cdpmi p0, 5, c0, c15, c7, 3",1
"strbpl r5, [lr, -0xf4c]",1
"movtmi r5, 0xcf4d",1
"movtpl r4, 0x5d5f",1
"strbmi r4, [r7, -0x153]",1
"mrcmi p0, 2, r0, c15, c3, 2",1
"strbpl r5, [lr, -0xf4c]",1
"ldmdbmi r2, {r0, r2, r3, r6, r8, sl, lr} ^",1
svcmi 0x435f43,1
"ldrbmi r4, [r3, -0x544]",1
"mrcmi p0, 2, r0, c15, c4, 2",1
"strbpl r5, [r3], -0xf4c",1
svcpl 0x455059,1
"ldrbmi r5, [r4], -0x54f",1
"strbpl r4, [sb], -0x749",1
"submi r5, sp, 57, 30",1
"stclvs p3, c6, [r1], -0",1
invalid,1
"ldrbvc r6, [r3, -0xf6c]!",1
"stcvs p5, c6, [r0, -0x1c8]",1
"strbvs r7, [r7, -0x265]!",1
"cmnvs r4, pc, asr r3",1
invalid,1
svcpl 0x687469,1
"rsbeq r6, r7, ip, ror 30",1
invalid,1
"andvs r7, r0, 0x65000000",1
"strbtvs r6, [ip], -0x975",1
"mcrvs p2, 3, r7, c1, c15, 2",1
"ldrbvs r6, [0x0003d109]     ; [0x3d109:4]=0x7470746e",1
svcpl 0x7078,1
"ldclmi p12, c4, [0x0003d540]",1
"strbpl r4, [r5], -0xe4f",1
svcpl 0x595241,1
svcpl 0x4f5544,1
"stmdbmi ip, {r1, r2, r4, r6, r8, lr} ^",1
svcmi 0x545f44,1
svcpl 0x657200,1
"strbvs r6, [r4, -0xf6e]!",1
"strbtvc r7, [r5], -0x35f",1
svcpl 0x746100,1
"strbtvc r6, [sb], -0xe69",1
"cmnvs r4, pc, asr r3",1
svcpl 0x6574,1
"movtpl r5, 0xf05f",1
"strbpl r5, [sb], -sb, asr 8",1
"ldmdbmi r3, {r0, r2, r6, r8, sb, sl, fp, ip, lr} ^",1
"strvc r4, [r0, -0xe47]",1
svcpl 0x646573,1
"ldrbvs r6, [r2, -0xb62]!",1
invalid,1
svcvs 0x700070,1
"rsbvc r7, pc, 0x73000000",1
"rsbseq r6, r2, r4, ror 10",1
svcpl 0x736c63,1
"rsbseq r6, r8, sb, ror 8",1
"ldmdbvs pc, {r0, r1, r4, r5, r6, sl, fp, sp, lr} ^",1
"strvs r7, [r0, -0x864]",1
"ldmdbvs pc, {r0, r1, r5, r6, sl, fp, sp, lr} ^",1
svcpl 0x7864,1
"ldmdbmi pc, {r1, r2, r3, r6, sl, fp, lr} ^",1
"strbpl r4, [lr], -0x544",1
"movtmi r4, 0x9649",1
svcmi 0x495441,1
invalid,1
"movwvc r4, 0x554",1
"rsbseq r6, r4, r0, ror pc",1
svcpl 0x4c4e5f,1
"strbmi r4, [ip, -0x554]",1
"mcrmi p8, 2, r4, c15, c0, 2",1
svcmi 0x435f45,1
"ldrbmi r4, [r3, -0x544]",1
"ldrbvs r0, [r2, -0x54]!",1
"strbtvs r6, [pc], -0xe5f",1
"ldrbvs r5, [r3, -0xf65]!",1
"stclvs p15, c5, [r1], -0x1d0",1
"rsbeq r6, r3, ip, ror 30",1
"strbvs r7, [r5, -0x266]!",1
blvs 0x1c1a8b0,1
"movwvs r6, 0xe65",1
blvs 0x1916cdc,1
"stclvs p8, c6, [r1], -0x17c",1
svcvs 0x6e5f74,1
"cmpvs pc, 100, 10           ; 0x64",1
"ldrbvs r6, [r4, -0xe6f]!",1
"movwvs r7, 0x478",1
"strbtvc r6, [r1], -0x572",1
"rsbsvc r5, r4, 0x194",1
svcmi 0x6565,1
"subpl r5, pc, r0, asr pc",1
"cmpmi pc, 0x450",1
svcpl 0x524148,1
"movtpl r4, 0x1c43",1
"strbvc r0, [r2, -0x53]!",1
svcpl 0x646c69,1
svcpl 0x736377,1
"ldrbvs r7, [r0, -0x75]!",1
"strbvc r5, [r2, -0xf72]!",1
"rsbvc r6, r5, 0x6600000",1
"ldmdbmi pc, {r8, sb, sl, fp, ip, lr} ^",1
"subspl r5, pc, lr, asr 8",1
"smlsldmi r5, sb, pc, r3",1
svcmi 0x505f4e,1
"strvc r4, [r0], -0xe53",1
"strbvs r6, [ip, -0x261]!",1
bvc 0x1a9a51c,1
"cdpmi p0, 5, c0, c15, c5, 3",1
"strbmi r5, [r1], -0xf4c",1
"movtpl r5, 0x5244",1
"qdaddmi r5, r3, ip",1
"cmpmi pc, lr, asr 14",1
"rsbvc r0, pc, 0x42",1
"strbtvs r5, [sb], -0xf67",1
"strbtvs r0, [r5], -0x78",1
"eorseq r7, r1, r3, ror r4",1
"ldrbtvc r6, [r8], -0x56e",1
"cmnvs r4, pc, asr r3",1
"movwvs r6, 0x574",1
blvs 0x1916d74,1
"ldrbtvc r6, [r3], -0x45f",1
"stclvs p12, c6, [sb, -0x17c]!",1
svcpl 0x737469,1
invalid,1
invalid,1
"stmdavc r5!, {sb, sl, fp, sp, lr} ^",1
"ldrbtvc r5, [r3], -0xf74",1
svcpl 0x747261,1
"rsbseq r6, r8, sb, ror 8",1
"mrrcvs p12, 6, r6, pc, c6",1
"strbvs r6, [r7, -0xe6f]!",1
"ldclvs p4, c7, [0x0003d638]",1
"stmdavs r3!, {r0, r5, r6, sl, ip, sp, lr} ^",1
"strbvc r6, [r5, -r0, lsl 28]!",1
"strbtvs r6, [lr], -0x55f",1
"stmdbvs lr!, {r8, sl, ip, sp, lr} ^",1
"cmpvc pc, 0x6f0",1
"movwvc r7, 0x465",1
"ldrbvs r6, [r4, -0x669]!",1
"ldrbtvc r5, [r3], -0xf64",1
"strbvs r0, [lr, -0x73]!",1
"ldrbtvc r5, [r3], -0xf77",1
"rsbeq r7, r5, r1, ror 8",1
svcpl 0x4c4e5f,1
"subspl r5, sb, r3, asr 8",1
"subspl r5, r4, 0x114",1
"mrrcmi p14, 4, r4, r3, c1",1
"ldmdbmi pc, {r0, r3, r6, sl, ip, lr} ^",1
"subpl r4, pc, 0x470",1
"strbmi r5, [ip, -0xf45]",1
"subspl r0, pc, 0x4e",1
"ldrbmi r4, [0x0003d10f]     ; [0x3d10f:4]=0x74620074",1
"mcrrmi p15, 4, r4, ip, c3",1
"subeq r5, r5, r1, asr 8",1
svcpl 0x4c4e5f,1
"ldrbmi r4, [r0, -0x150]",1
"strbmi r5, [r8, -0xf52]",1
"strbpl r4, [r8], -0x749",1
invalid,1
"strbtvs r6, [r5], -0xc62",1
"stmdavc r4!, {r0, r1, r2, r3, r4, r6, r8, fp, sp, lr} ^",1
svcpl 0x6c7300,1
"rsbseq r7, r2, r3, ror r4",1
"subsvs r6, pc, 0x1c800000",1
"rsbvc r6, fp, 0x84000001",1
"cmpvs pc, 0x6500000",1
"strbvs r6, [r8, -0x361]!",1
"strbtvc r6, [lr], -0x55f",1
svcpl 0x7972,1
"ldmdbmi pc, {r1, r2, r3, r6, sl, fp, lr} ^",1
"strbpl r4, [lr], -0x544",1
"movtmi r4, 0x9649",1
svcmi 0x495441,1
svcmi 0x535f4e,1
"strbmi r5, [r3, -0x255]",1
"cmnvs r2, 0, 6",1
"strbtvs r6, [pc], -0xe5f",1
invalid,1
"cmppl pc, 0x10c00",1
"ldmdami r3, {r2, r3, r6, r8, lr} ^",1
svcpl 0x657200,1
"strbvs r6, [r4, -0xf6e]!",1
"strbtvc r7, [r5], -0x35f",1
"stmdbvs lr!, {r0, r1, r2, r3, r4, r6, r8, fp, sp, lr} ^",1
"eorseq r5, r1, r4, ror pc",1
svcpl 0x4c4e5f,1
"mcrrmi p15, 4, r4, ip, c3",1
svcpl 0x455441,1
"mcrrmi p15, 4, r4, ip, c3",1
invalid,1
"rsbvc r0, lr, 0x43",1
"rsbseq r6, r3, r5, ror 14",1
svcpl 0x70616d,1
"cmnvs r4, lr, ror 30",1
"stmdbvs sb!, {r0, r1, r4, r5, r6, r8, sb, sp, lr} ^",1
"ldmdbvs pc, {r8, sb, sl, fp, ip, lr} ^",1
"eorslo r7, r3, 0x6e000000",1
"stmdbvs r0, {r0, r1, r2, r3, r4, r6, sl, ip, sp, lr}",1
"ldrbvs r6, [r3, -0x163]!",1
"ldmdavc r4!, {r8, sb, sp, lr} ^",1
"rsbsvc r7, sb, pc, asr r4",1
svcvs 0x660065,1
"strbvc r6, [pc, -ip, ror 24]!",1
"mrcmi p0, 2, r0, c15, c3, 3",1
svcmi 0x4d5f4c,1
"cmpmi r4, lr, asr 10",1
"ldrbmi r5, [pc], -0x952     ; [0x3d930:4]=0x435f544e",1
"ldmdbmi pc, {r0, r2, r4, r6, r8, sb, sl, fp, lr} ^",1
"cmpmi pc, 0x4e000000",1
svcpl 0x525255,1
"submi r5, sp, 0x14c000",1
svcpl 0x4c4f,1
svcpl 0x474552,1
"subpl r4, r5, 0x138",1
"subseq r4, r2, r2, asr pc",1
"ldrbtvc r6, [r2], -0x377",1
"rsbeq r6, r2, pc, ror 26",1
svcvs 0x657270,1
"rsbvc r6, r5, 0x72000000",1
"ldrbmi r4, [r5], -r0, lsl 4",1
"movtpl r4, 0x1c5f",1
"rsbvc r0, r6, 0x54",1
"ldrbvs r6, [pc], -r5, ror 10 ; [0x3d970:4]=0x63617473",1
svcpl 0x6c6961,1
invalid,1
"ldrbvs r5, [r2, -0xf6b]!",1
"mrcvs p5, 3, r7, c2, c4, 3",1
"ldrbvs r6, [r2, -0x600]!",1
"strbtvs r5, [r4], -r5, ror 30",1
svcvs 0x635f61,1
"cdpvs p4, 6, c7, c5, c14, 3",1
svcpl 0x5f0074,1
invalid,1
"ldrbmi r4, [r6, -0x954]",1
"smlsldmi r5, sb, pc, r3",1
"strbvc r0, [r3, -0x4e]!",1
"rsbsvc r5, r3, 0x1c8",1
"cdpmi p0, 5, c0, c15, c3, 3",1
"strbpl r5, [r3], -0xf4c",1
svcpl 0x455059,1
"mcrmi p2, 2, r5, c1, c4, 2",1
"strbpl r4, [sb], -0xc53",1
"mcrmi p9, 2, r4, c7, c15, 2",1
"subeq r5, r5, pc, asr 4",1
"strbtvc r6, [r6], -0x56c",1
"stclvs p12, c6, [sb, -0x17c]!",1
"ldrbvs r6, [r2, -0x300]!",1
svcpl 0x657461,1
"strbtvc r6, [sb], -0xe69",1
svcpl 0x6c6169,1
"strbtvc r7, [r1], -0x473",1
"strbvs r0, [lr, -0x65]!",1
"stclvs p15, c5, [r5], -0x1dc",1
"rsbseq r6, r3, r5, ror 26",1
svcpl 0x4c4e5f,1
"strbmi r4, [ip, -0x554]",1
"mcrmi p8, 2, r4, c15, c0, 2",1
"ldrbmi r5, [r4, -0xf45]",1
svcmi 0x445f4c,1
"stclmi p15, c5, [r6, -0x134]",1
svcpl 0x5f0054,1
svcpl 0x544e49,1
"movtpl r5, 0x3f4e",1
"ldrbmi r5, [r2, -0x5f]",1
"strbmi r4, [r4, -0x543]",1
"ldrbtvc r0, [r3], -0x53",1
invalid,1
"ldrbtvc r0, [r3], -0x31",1
invalid,1
"subspl r0, pc, 0x32",1
"ldrbmi r4, [0x0003d2eb]     ; [0x3d2eb:4]=0x575f3253",1
"ldrbmi r4, [sl, -0x953]",1
"rsbvc r6, r5, 0, 26",1
svcpl 0x646567,1
"rsbseq r6, r4, r3, ror r5",1
svcpl 0x4c4e5f,1
"strbpl r4, [ip], -0x157",1
"smlsldmi r4, sb, pc, r4",1
"subseq r5, r3, sb, asr 8",1
"strbmi r5, [r4, -0xf5f]",1
invalid,1
svcmi 0x505f4c,1
"subseq r4, r4, sb, asr 28",1
"rsbvc r7, r8, 112, 8",1
svcpl 0x646165,1
"ldrbvs r7, [r4, -0x56d]!",1
"mcrvs p15, 3, r5, c9, c8, 3",1
"strvs r7, [r0], -0x469",1
"stmdbvs ip!, {r0, r2, r4, r5, r6, ip, sp, lr} ^",1
"ldrbvs r6, [r4, -0x163]!",1
"strbvs r0, [lr, -0x64]!",1
"subsvc r6, pc, 0x65000000",1
"rsbseq r6, r3, r5, ror 14",1
svcpl 0x4c4e5f,1
"stmdbpl r1, {r0, r1, r2, r4, r6, sl, lr} ^",1
svcpl 0x315f,1
"ldrbpl r4, [pc, -lr, asr 24] ; [0x3da98:4]=0x4e5f0032",1
svcpl 0x594144,1
"mrcmi p0, 2, r0, c15, c2, 1",1
"ldrbmi r5, [r7], -0xf4c",1
"cmplo pc, 0x104000",1
"mcrrmi p15, 0, r5, lr, c0",1
"qdaddmi r5, pc, r4",1
"eorseq r5, r4, sb, asr pc",1
svcpl 0x4c4e5f,1
"stmdbpl r1, {r0, r1, r2, r4, r6, sl, lr} ^",1
svcpl 0x355f,1
"ldrbpl r4, [pc, -lr, asr 24] ; [0x3dac4:4]=0x4e5f0036",1
svcpl 0x594144,1
"mrcmi p0, 2, r0, c15, c6, 1",1
"ldrbmi r5, [r7], -0xf4c",1
"ldrblo r5, [pc, -r1, asr 18] ; [0x3dad4:4]=0x475f4e4f",1
"ldclmi p15, c5, [0x0003dad8]",1
"ldrbmi r4, [pc, -pc, asr 28] ; [0x3dadc:4]=0x474e49",1
"subspl r4, r5, r2, asr pc",1
"subeq r4, r7, sb, asr 28",1
invalid,1
"cmnvs r2, 0, 6",1
svcpl 0x5f0032,1
svcpl 0x544e49,1
"movtpl r5, 0x3f50",1
"ldrbmi r5, [r2, -0x5f]",1
"strbmi r4, [r4, -0x543]",1
"strbvs r0, [r4, -0x53]!",1
svcpl 0x737473,1
svcvs 0x6c6c61,1
"cdpvs p0, 6, c0, c1, c3, 3",1
bvc 0x1e98c98,1
"strbvc r0, [r3, -0x65]!",1
invalid,1
invalid,1
"ldmdbvs pc, {r0, r3, r5, r6, r8, sl, fp, sp, lr} ^",1
"movwvc r7, 0x864",1
"cmnvs r2, 0x40000019",1
"strbvc r5, [r3, -0xf68]!",1
blvs 0x18d58fc,1
svcpl 0x666572,1
"rsbsvc r6, r4, 0x650",1
"cmnvs r2, sb, ror r0",1
"rsbvs r5, sp, 0x1dc",1
"stmdavc r5!, {r0, r1, r4, r5, r6} ^",1
"strbtvs r6, [lr], -0x170",1
"rsbvc r6, fp, 0xf0000005",1
"cmpvs pc, 0x6500000",1
"strbvs r6, [r8, -0x361]!",1
svcpl 0x657200,1
"ldmdbvs r2!, {r0, r1, r4, r5, r6, sl, ip, sp, lr} ^",1
"subsvc r6, pc, 0x1b80000",1
"cdpvs p3, 6, c6, c15, c5, 3",1
"ldrbvc r7, [r2, -0x473]!",1
"strvc r7, [r0], -0x463",1
invalid,1
"strbvs r6, [r8, -0x300]!",1
"cmpvc pc, 0x18c00",1
"stmdavc r5!, {r0, r2, r4, r5, r6, sb, sp, lr} ^",1
"stmdbvs ip!, {r4, r5, r6, r8, sb, sl, fp, ip, lr} ^",1
"cmnvc r4, 0x1b4000",1
"mcrrmi p15, 0, r5, lr, c0",1
"qdaddmi r4, pc, r5",1
"ldrbmi r5, [r2, -0x553]",1
"strbpl r4, [lr], -0x54d",1
"qdaddmi r4, pc, r5",1
"ldrbmi r5, [r2, -0x553]",1
"strbpl r4, [lr], -0x54d",1
"rsbsvc r6, r2, 0, 10",1
"rsbeq r7, r6, r2, ror 10",1
"cmnvc r2, 0x198000",1
svcvs 0x725f74,1
"rsbeq r6, r4, r5, ror lr",1
svcmi 0x4d5f5f,1
"ldmdami r4, {r1, r2, r3, r6, r8, sb, sl, fp, ip, lr} ^",1
"cmpmi r3, pc, asr 10",1
svcpl 0x53444e,1
"subseq r4, r0, r3, asr r5",1
"cmnlo r4, r3, ror r5",1
"strbtvc r7, [r5], -0x300",1
"mrcmi p0, 2, r0, c15, c2, 1",1
"ldrbmi r5, [r7, -0xf4c]",1
"ldmdbpl pc, {r1, r4, r6, r8, lr} ^",1
"subseq r4, r2, r5, asr 2",1
"ldrbvs r6, [r2, -0x170]!",1
"andvc r7, r0, 0x6e000000",1
"ldmdbvs pc, {r0, r2, r5, r6, r8, sb, sl, sp, lr} ^",1
"andvc r7, r0, 100, 16",1
svcvs 0x745f65,1
svcpl 0x6e656b,1
"ldrbvs r7, [r0, -0x974]!",1
svcpl 0x745f,1
"cmpmi pc, 0x4e00",1
"ldrbmi r5, [r0, -0x954]",1
"strbmi r5, [sb], -0x75f",1
"andmi r4, r0, 84, 16",1
"usaxmi r4, pc, r5",1
"ldrbpl r5, [r3], -0x249",1
"mcrrmi p15, 0, r5, lr, c0",1
"ldclmi p14, c4, [r5, -0x17c]",1
svcpl 0x434c5f,1
"strbmi r4, [sp, -0x14e]",1
"strbvc r6, [r5, -r0, lsl 28]!",1
"strbtvs r6, [pc], -0xe5f",1
"movwvc r7, 0x365",1
"ldrbtvc r6, [r2], -0x174",1
"rsbeq r7, r3, pc, asr r7",1
svcpl 0x4e5f5f,1
"subspl r5, pc, r3, asr 6",1
"strbmi r4, [r3, -0x552]",1
"subseq r4, r3, r4, asr 10",1
svcpl 0x4c4e5f,1
"ldrbmi r4, [r0, -0x150]",1
"ldmdbmi r7, {r1, r4, r6, r8, sb, sl, fp, ip, lr} ^",1
"subeq r5, r8, r4, asr 8",1
svcpl 0x706f74,1
svcpl 0x67726f,1
"strbvs r6, [r4, -0xf6e]!",1
"stclvs p2, c7, [r5, -0]!",1
invalid,1
"mrrcvs p15, 0, r5, pc, c0",1
"rsbseq r7, r4, sb, ror 6",1
"cmnvc r2, 112, 2            ; 0x70",1
"rsbvc r5, r2, 0x194",1
"stmdavs r3!, {r0, r5, r6, sb, sl, fp, sp, lr} ^",1
svcpl 0x657200,1
"strbvs r6, [fp, -0xf74]!",1
"rsbseq r5, r4, lr, ror 30",1
"cmnvc r4, 0x188000",1
"ldclvs p4, c7, [0x0003db08]",1
"strbvs r7, [r7, -0x265]!",1
"cdpmi p15, 5, c5, c15, c0, 0",1
"smlsldmi r5, sb, pc, r3",1
svcmi 0x505f4e,1
"andvs r4, r0, 0x530",1
"strbtvs r7, [r5], -fp, ror 4",1
"rsbsvc r7, r4, 0x7c000001",1
"mcrrmi p15, 0, r5, lr, c0",1
"ldmdbpl r4, {r0, r1, r2, r3, r4, r6, r8, sb, lr} ^",1
"ldrbpl r4, [pc], -0x550     ; [0x3dcc4:4]=0x5f54494c",1
"movtpl r4, 0xe152",1
svcpl 0x54494c,1
"ldmdbmi pc, {r2, r4, r6, r8, sb, sl, fp, lr} ^",1
"andvs r5, r0, 68, 16",1
"ldrbvs r7, [r3, -0x469]!",1
"stclvs p15, c5, [r3], -0x1d0",1
"rsbseq r6, r2, r5, ror 2",1
blvs 0x191626c,1
"cmpvc pc, 0x75",1
"ldrbvs r6, [r4, -0x174]!",1
invalid,1
"cdpvs p12, 6, c6, c9, c0, 0",1
"strbtvs r5, [lr], -fp, ror 30",1
svcvs 0x6e5f61,1
"rsbseq r6, r3, r4, ror 10",1
invalid,1
"movwmi r7, 0x367",1
svcpl 0x4c4c4f,1
"subeq r5, sp, r3, asr sb",1
"rsbsvc r7, r2, 0x18c00000",1
svcpl 0x746e65,1
"strbvs r6, [fp, -0xf74]!",1
"ldrbvs r0, [r2, -0x6e]!",1
"qdsubvs r6, pc, r6",1
"strbtvc r7, [r1], -0x473",1
"rsbseq r5, r4, r5, ror 30",1
svcpl 0x4c4e5f,1
"subspl r5, sb, r3, asr 8",1
invalid,1
invalid,1
"strbpl r5, [r5], -0x346",1
"ldrbvs r7, [r2, -0]!",1
"cmnvs r6, r6, ror pc",1
svcpl 0x64696c,1
"rsbeq r6, lr, ip, ror 10",1
"strbvs r7, [r5, -0x274]!",1
"rsbvc r6, sb, 0x5f00000",1
svcpl 0x7473,1
"ldclmi p12, c4, [0x0003dc28]",1
"strbpl r4, [r5], -0xe4f",1
svcpl 0x595241,1
svcpl 0x4f5544,1
"movtmi r5, 0x1246",1
"smlsldmi r4, sb, pc, r4",1
"subseq r5, r3, sb, asr 8",1
svcpl 0x746573,1
invalid,1
"cdpmi p15, 5, c5, c15, c0, 0",1
"subspl r4, r8, pc, asr 10",1
"mrcmi p0, 2, r0, c15, c2, 2",1
"strbpl r5, [r3], -0xf4c",1
svcpl 0x455059,1
"ldrbmi r5, [r4], -0x54f",1
"strbpl r4, [sb], -0x749",1
"submi r5, sp, 55, 30",1
"rsbsvc r6, r2, 0, 10",1
"stmdbvs r2!, {r0, r1, r4, r5} ^",1
"strbtvc r7, [r5], -0x374",1
"andvc r6, r0, 0x17c000",1
"ldclvs p7, c7, [0x0003dc30]",1
"ldmdbvs pc, {r1, r5, r6, r8, sb, ip, sp, lr} ^",1
"strvs r7, [r0, -0x864]",1
"ldmdbvs pc, {r1, r2, r3, r5, r6, sl, sp, lr} ^",1
"strvs r7, [r0], -0x864",1
svcpl 0x747365,1
"strbtvc r7, [r1], -0x473",1
"movwvs r7, 0x365",1
blvs 0x1917374,1
"strbtvs r6, [pc], -0xe5f",1
invalid,1
"ldrbtvc r6, [r0], -0x563",1
"mcrrmi p15, 0, r5, lr, c0",1
"subpl r5, r5, 0x17c0000",1
svcpl 0x445f41,1
"stclmi p15, c5, [r6, -0x150]",1
"mrcmi p0, 2, r0, c15, c4, 2",1
"strbpl r5, [lr, -0xf4c]",1
"ldmdbmi r2, {r0, r2, r3, r6, r8, sl, lr} ^",1
"ldmdami r4, {r0, r1, r6, r8, sb, sl, fp, ip, lr} ^",1
"cmpmi r3, pc, asr 10",1
svcpl 0x53444e,1
svcpl 0x504553,1
"stmdbvs r0, {r0, r1, r2, r4, r6, r8, sb, lr}",1
svcpl 0x74696e,1
"strbtvc r7, [r1], -0x473",1
"strbvs r5, [r2, -0xf65]!",1
"ldrbtvs r6, [r5], -r7, ror 4",1
"mcrrmi p15, 0, r5, lr, c0",1
"ldmdbpl r4, {r0, r1, r2, r3, r4, r6, r8, sb, lr} ^",1
"ldrbpl r4, [pc], -0x550     ; [0x3de2c:4]=0x5f54494c",1
"movtpl r4, 0xe152",1
svcpl 0x54494c,1
"ldrbpl r4, [pc], -0xf54     ; [0x3de38:4]=0x5f746669",1
"movwvc r4, 0xc42",1
svcpl 0x746669,1
svcpl 0x787463,1
"strbtvc r6, [sb], -0xe69",1
"ldmdavs r4!, {ip, sp, lr} ^",1
"strbtvs r6, [r1], -0x572",1
"ldrbtvc r6, [r5], -0xd5f",1
"ldrbvc r7, [0x0003d5f3]     ; [0x3d5f3:4]=0x5f00676e",1
invalid,1
"ldrbvs r0, [r2, -0x6b]!",1
"rsbsvc r7, r4, 0x7c000001",1
svcpl 0x676e69,1
"rsbvc r6, sb, r3, ror fp",1
"qdsubvs r6, pc, r8",1
"andvc r7, r0, 0xc8000001",1
"ldrbtvc r5, [r3], -0xf65",1
invalid,1
invalid,1
"cmnvs r5, 116, 4            ; 0x74",1
"strbvc r0, [r3, -0x74]!",1
svcvs 0x6e5f72,1
"ldmdbvs pc, {r2, r5, r6, r8, sl, sp, lr} ^",1
svcpl 0x7864,1
"cmpmi pc, 0x4e00",1
"ldrbmi r5, [r0, -0x954]",1
"strbmi r4, [lr], -0x95f",1
"strbpl r4, [sb], -0x749",1
"cmpmi r7, 0x14c",1
"mcrmi p12, 2, r4, c5, c15, 2",1
svcpl 0x6c6e00,1
"strbvs r6, [lr, -ip, ror 2]!",1
svcvs 0x666e69,1
"stmdavc r1!, {r8, sl, fp, sp, lr} ^",1
bvs 0x18d9c3c,1
svcpl 0x746365,1
"ldrbvs r6, [sl, -0x973]!",1
"mcrrmi p15, 0, r5, lr, c0",1
"ldmdbpl r4, {r0, r1, r2, r3, r4, r6, r8, sb, lr} ^",1
"ldmdbmi pc, {r4, r6, r8, sl, lr} ^",1
"strbmi r4, [sb, -lr, asr 8]",1
"ldmdblo r3, {r0, r3, r6, sl, ip, lr} ^",1
"subeq r4, r2, pc, asr sp",1
svcpl 0x4c4e5f,1
"subspl r5, sb, r3, asr 8",1
"subspl r5, r4, 0x114",1
"mrrcmi p14, 4, r4, r3, c1",1
"ldrbmi r5, [pc], -sb, asr 8 ; [0x3def4:4]=0x584449",1
svcpl 0x4d4f52,1
"subseq r4, r8, sb, asr 8",1
svcpl 0x4c4e5f,1
"cdpmi p4, 4, c4, c5, c9, 2",1
"stmdbmi r6, {r2, r4, r6, r8, fp, lr} ^",1
"ldmdbmi r4, {r0, r1, r6, r8, lr} ^",1
"ldrbpl r4, [pc], -0xe4f     ; [0x3df10:4]=0x545f4c4e",1
svcpl 0x4c45,1
"ldrbpl r4, [pc], -0xc4e     ; [0x3df18:4]=0x454e4f48",1
"subpl r4, r5, r5, asr 24",1
"strbmi r4, [lr, -0xf48]",1
"strbpl r4, [lr], -0x95f",1
"mcrrmi p3, 5, r5, r5, c15",1
"subseq r4, r4, r5, asr 6",1
svcpl 0x627573,1
"ldrbtvc r6, [r3], -0x16c",1
"stmdavc r4!, {r0, r1, r2, r3, r4, r6, r8, fp, sp, lr} ^",1
"ldrbtvc r6, [r3], -0x400",1
invalid,1
svcpl 0x657200,1
svcpl 0x627573,1
"cmnvs r4, 0x4000001b",1
svcvs 0x745f68,1
"rsbseq r5, r4, r0, ror pc",1
"strbtvs r6, [lr], -0x966",1
"rsbsvs r7, r5, 0x7c000001",1
svcpl 0x707865,1
"strbvs r6, [r4, -0xf6e]!",1
"ldrbvs r7, [r2, -0]!",1
svcvs 0x6e5f76,1
"strvc r6, [r0], -0x564",1
svcpl 0x656572,1
"ldrbtvc r6, [r3], -0x16c",1
"cmnvs r8, 0, 10",1
svcpl 0x747065,1
"strbvs r6, [r4, -0xf6e]!",1
"ldrbvc r0, [r3, -0x73]!",1
"rsbsvc r6, r8, r2, ror 10",1
"rsbeq r7, pc, pc, asr r4",1
"cmpvs pc, 0x1c800000",1
svcpl 0x79706f,1
invalid,1
"strbvs r6, [r8, -0x300]!",1
"cmpvs pc, r3, ror 22",1
"uqsub16vc r7, sb, r2",1
"cmpvs pc, r1, ror 24",1
"cdpvs p4, 5, c6, c15, c4, 3",1
svcpl 0x747865,1
"strbvs r6, [r4, -0xf6e]!",1
svcvs 0x740073,1
"rsbsvc r7, r0, r7, ror r5",1
"andvc r7, r0, 0x50000006",1
"strbvc r7, [r2, -0x761]!",1
"strbtvs r5, [sb], -0xf66",1
"mrcmi p0, 2, r0, c15, c8, 3",1
"strbpl r5, [r3], -0xf4c",1
svcpl 0x455059,1
"ldrbmi r5, [r4], -0x54f",1
"strbpl r4, [sb], -0x749",1
"submi r5, sp, 53, 30",1
"strbtvc r6, [r1], -0xd00",1
"cmpvs pc, 0x630000",1
"usub16vs r7, pc, r4",1
"rsbeq r6, r5, r2, ror r5",1
"strbtvc r5, [r3], -0xf5f",1
svcpl 0x657079,1
svcvs 0x6c6f74,1
svcpl 0x726577,1
"rsbeq r6, r3, ip, ror 30",1
svcpl 0x78616d,1
"cdpvs p1, 3, c3, c8, c9, 3",1
bvs 0x18d9d90,1
svcpl 0x746365,1
"ldrbvs r6, [sl, -0x973]!",1
"mcrrmi p15, 0, r5, lr, c0",1
"ldmdbpl r4, {r0, r1, r2, r3, r4, r6, r8, sb, lr} ^",1
"ldrbpl r4, [pc], -0x550     ; [0x3e028:4]=0x5f54494c",1
"movtpl r4, 0xe152",1
svcpl 0x54494c,1
"stclmi p2, c5, [0x0003df1c]",1
"mcrrmi p4, 5, r5, r2, c15",1
"strbtvc r6, [sb], -0x200",1
svcpl 0x746573,1
svcpl 0x746573,1
"rsbeq r6, ip, r1, ror 24",1
svcpl 0x4c4e5f,1
"subspl r5, sb, r3, asr 8",1
"cdpmi p15, 4, c5, c9, c5, 2",1
"stmdbmi r7, {r2, r6, r8, fp, lr} ^",1
svcpl 0x375354,1
svcpl 0x424d,1
"cdpmi p12, 5, c4, c15, c14, 2",1
"mrrcmi p13, 5, r4, pc, c5",1
"ldmdbmi r4, {r0, r1, r6, r8, sb, sl, fp, ip, lr} ^",1
svcpl 0x454d,1
"ldrbpl r4, [pc], -0xc4e     ; [0x3e074:4]=0x4b454557",1
svcpl 0x454d49,1
blmi 0x118f5d8,1
"qdaddmi r4, pc, r4",1
"movwvs r5, 0x359",1
"rsbsvc r6, r8, ip, ror 10",1
"strbtvs r6, [pc], -0xe5f",1
"cdpmi p0, 5, c0, c15, c5, 3",1
"strbmi r5, [r1], -0xf4c",1
"movtpl r5, 0x5244",1
svcmi 0x505f53,1
"mcrrmi p4, 5, r5, r1, c3",1
"strbpl r4, [sp], -0x65f",1
"ldrbtvc r6, [r3], -0x400",1
"strbtvs r6, [pc], -0xe5f",1
svcpl 0x7365,1
"cdpmi p12, 5, c4, c15, c14, 2",1
"mrrcmi p13, 5, r4, pc, c5",1
"strbpl r5, [lr, -0xf43]",1
"ldmdbmi r2, {r0, r2, r3, r6, r8, sl, lr} ^",1
"cmnvs r0, r3, asr 32",1
svcpl 0x657372,1
invalid,1
svcpl 0x74656b,1
"rsbvs r7, sp, 0x1cc000",1
svcpl 0x6c6f,1
"cmpmi pc, 0x4e00",1
invalid,1
invalid,1
"stmdami r7, {r0, r2, r6, r8, fp, lr} ^",1
"subeq r4, r2, r4, asr sp",1
svcpl 0x646c6f,1
svcvs 0x6c6c61,1
"rsbsvs r0, r3, 0x63",1
"qdsubvs r6, pc, r8",1
"rsbsvc r0, r2, r2, ror r0",1
"ldrbvs r5, [r2, -0xf6c]!",1
"strbtvc r6, [r1], -0xd5f",1
"andvs r6, r0, 0x630000",1
"ldrbvs r7, [r3, -0x469]!",1
"rsbseq r5, r4, r4, ror pc",1
svcpl 0x4c4e5f,1
"subspl r5, sb, r3, asr 8",1
"mcrrmi p15, 4, r5, r3, c5",1
"cmplo r3, 0x4000001",1
"ldrbvs r0, [r3, -0x32]!",1
"stmdavs r3!, {r0, r5, r6, sb, ip, sp, lr} ^",1
"rsbsvc r6, r5, pc, asr r4",1
invalid,1
svcpl 0x646574,1
"strbvs r6, [r4, -0xf6e]!",1
"ldmdbvs r5!, {sb, sp, lr} ^",1
"cmpvs pc, 108, 8            ; 0x6c",1
invalid,1
invalid,1
"ldclvs p3, c7, [sb, -0x17c]!",1
"rsbeq r6, ip, r2, ror 30",1
svcpl 0x4c4e5f,1
"subspl r5, sb, r3, asr 8",1
"strbpl r5, [0x0003d21b]",1
"smlsldmi r4, sb, r4, r4",1
svcpl 0x335449,1
svcpl 0x424d,1
"cmpmi pc, 0x4e00",1
"ldrbmi r5, [r0, -0x954]",1
"ldrbpl r4, [r8], -0x55f",1
"ldclmi p1, c4, [0x0003e034]",1
"cmplo pc, r1, asr 32",1
"mrcmi p0, 2, r0, c15, c0, 1",1
"strbpl r5, [r3], -0xf4c",1
svcpl 0x455059,1
"subspl r5, r4, 0x450000",1
invalid,1
"teqlo r1, r0, asr pc",1
"mcrrmi p15, 0, r5, lr, c0",1
"ldmdbpl r4, {r0, r1, r2, r3, r4, r6, r8, sb, lr} ^",1
"ldrbmi r4, [0x0003dc54]     ; [0x3dc54:4]=0x49575f52",1
"cmpmi r2, r8, asr r4",1
"subpl r4, r1, pc, asr sp",1
"eorseq r3, r2, pc, asr r1",1
svcpl 0x4c4e5f,1
"subspl r5, sb, r3, asr 8",1
"stmdapl r5, {r0, r2, r6, r8, sb, sl, fp, ip, lr} ^",1
svcpl 0x415254,1
svcpl 0x50414d,1
svcpl 0x3331,1
"cmpmi pc, 0x4e00",1
"ldrbmi r5, [r0, -0x954]",1
"ldrbpl r4, [r8], -0x55f",1
"ldclmi p1, c4, [0x0003e090]",1
"cmplo pc, r1, asr 32",1
svcvs 0x6e0034,1
"ldrbvc r5, [r3, -0xf74]!",1
"strbtvc r7, [r5], -0x362",1
"movtpl r4, 0xe900",1
svcpl 0x454449,1
"ldrbpl r4, [r4, -lr, asr 30]",1
"subeq r5, r4, pc, asr 4",1
"strbvs r6, [r3, -0x361]!",1
"rsbseq r7, r3, r0, ror r4",1
"strbvs r6, [r4, -0xf63]!",1
svcpl 0x746573,1
"strbvs r6, [sp, -0x16e]!",1
"strbvs r6, [ip, -0xd00]!",1
"strbvs r0, [lr, -0x6e]!",1
"ldrbtvc r5, [r3], -0xf77",1
"rsbseq r7, r4, r1, ror 4",1
svcpl 0x4c4e5f,1
"strbmi r4, [lr, -0xf4d]",1
"ldmdbpl r2, {r2, r4, r6, r8, lr} ^",1
svcmi 0x55445f,1
"subspl r4, r5, 0x7c000001",1
"movtmi r4, 0xe552",1
"ldmdbpl r3, {r0, r3, r4, r6, r8, sb, sl, fp, ip, lr} ^",1
"mcrrmi p2, 4, r4, pc, c13",1
invalid,1
"ldrbtvc r5, [r3], -0xf74",1
"rsbeq r7, r5, r1, ror 8",1
"cmnvs r4, 0x4000001b",1
"strbtvc r5, [r3], -0xf68",1
"strbtvs r5, [r1], -0xf78",1
"cdpvs p15, 6, c5, c5, c4, 3",1
"rsbseq r7, sb, r4, ror r2",1
svcpl 0x4c4e5f,1
"subspl r5, sb, r3, asr 8",1
"cdpmi p15, 4, c5, c9, c5, 2",1
"stmdbmi r7, {r2, r6, r8, fp, lr} ^",1
svcpl 0x355354,1
svcpl 0x424d,1
"cdpmi p12, 5, c4, c15, c14, 2",1
"mrrcmi p13, 5, r4, pc, c5",1
svcmi 0x435f43,1
"strbpl r4, [r1], -0xc4c",1
"subpl r0, pc, r5, asr 32",1
"ldrbmi r4, [r0, -0xf5f]",1
"strbpl r5, [r4, -0xf4e]",1
"strbpl r5, [lr, -0xf50]",1
"ldrbvc r0, [r3, -0x4d]!",1
"rsbsvc r6, r8, r2, ror 10",1
"stmdavc r4!, {r0, r1, r2, r3, r4, r6, r8, fp, sp, lr} ^",1
"rsbsvc r6, r5, r0, lsl 8",1
invalid,1
"mrcvs p5, 2, r6, c15, c4, 3",1
svcpl 0x65646f,1
invalid,1
"rsbeq r7, r5, r5, ror r2",1
svcpl 0x4c4e5f,1
"subpl r4, r4, 0x41000000",1
svcpl 0x535345,1
"cdpmi p15, 5, c4, c5, c3, 2",1
svcpl 0x595254,1
"subeq r5, sp, lr, asr 10",1
"ldrbvs r7, [r4, -0x865]!",1
"subsvs r6, pc, 0x6e000000",1
"strbvs r6, [r6, -0x675]!",1
svcpl 0x7372,1
"cmpmi pc, 0x4e00",1
"ldrbmi r5, [r0, -0x954]",1
"ldrbpl r4, [r8], -0x55f",1
"ldclmi p1, c4, [0x0003e1a8]",1
"cmplo pc, r1, asr 32",1
"mcrrmi p15, 0, r5, lr, c0",1
"ldmdbpl r4, {r0, r1, r2, r3, r4, r6, r8, sb, lr} ^",1
"ldrbmi r4, [0x0003ddb0]     ; [0x3ddb0:4]=0x695f7362",1
"cmpmi r2, r8, asr r4",1
"subpl r4, r1, pc, asr sp",1
svcpl 0x335f,1
"cmpmi pc, 0x4e00",1
"ldrbmi r5, [r0, -0x954]",1
"ldrbpl r4, [r8], -0x55f",1
"ldclmi p1, c4, [0x0003e1d4]",1
"ldrblo r5, [pc], -0x41      ; [0x3e320:4]=0x5954435f",1
"mcrrmi p15, 0, r5, lr, c0",1
"ldmdbpl r4, {r0, r1, r2, r3, r4, r6, r8, sb, lr} ^",1
"ldrbmi r4, [0x0003dddc]     ; [0x3dddc:4]=0x4c4e5f00",1
"cmpmi r2, r8, asr r4",1
"subpl r4, r1, pc, asr sp",1
svcpl 0x355f,1
"cmpmi pc, 0x4e00",1
"ldrbmi r5, [r0, -0x954]",1
"ldrbpl r4, [r8], -0x55f",1
"ldclmi p1, c4, [0x0003e200]",1
"ldrblo r5, [pc], -r1, asr 32 ; [0x3e34c:4]=0x5954435f",1
"mcrrmi p15, 0, r5, lr, c0",1
"ldmdbpl r4, {r0, r1, r2, r3, r4, r6, r8, sb, lr} ^",1
"ldrbmi r4, [0x0003de08]     ; [0x3de08:4]=0x69004357",1
"cmpmi r2, r8, asr r4",1
"subpl r4, r1, pc, asr sp",1
svcpl 0x375f,1
"cmpmi pc, 0x4e00",1
"ldrbmi r5, [r0, -0x954]",1
"ldrbpl r4, [r8], -0x55f",1
"ldclmi p1, c4, [0x0003e22c]",1
"ldmdalo pc, {r0, r6, ip, lr} ^",1
"mcrrmi p15, 0, r5, lr, c0",1
"ldmdbpl r4, {r0, r1, r2, r3, r4, r6, r8, sb, lr} ^",1
"ldrbmi r4, [0x0003de34]     ; [0x3de34:4]=0x73004c42",1
"cmpmi r2, r8, asr r4",1
"subpl r4, r1, pc, asr sp",1
invalid,1
svcpl 0x747361,1
svcpl 0x6377,1
"ldmdbmi pc, {r1, r2, r3, r6, sl, fp, lr} ^",1
"strbpl r4, [lr], -0x544",1
"movtmi r4, 0x9649",1
svcmi 0x495441,1
"strbpl r5, [r1, -0xf4e]",1
"cdpmi p9, 4, c4, c5, c4, 2",1
"movwvs r4, 0x543",1
blvs 0x1917958,1
"strbtvs r6, [pc], -0xe5f",1
invalid,1
"ldrbtvc r6, [r0], -0x563",1
"ldrbtvc r6, [sb], -0x25f",1
"andvc r7, r0, r5, ror 6",1
"mrrcvs p4, 6, r7, pc, c1",1
svcpl 0x6e65,1
"cmpmi pc, 0x4e00",1
invalid,1
invalid,1
"eorseq r5, r1, r1, asr 32",1
svcpl 0x4c4e5f,1
"mcrrmi p15, 4, r4, ip, c3",1
svcpl 0x455441,1
"subslo r4, r0, 0xc0000011",1
"mcrrmi p15, 0, r5, lr, c0",1
"mcrrmi p3, 5, r4, pc, c15",1
"ldrbmi r4, [r4, -0x14c]",1
"subpl r4, r1, pc, asr r7",1
"strbvc r0, [r3, -0x33]!",1
"ldrbtvc r5, [r3], -0xf72",1
"subpl r0, pc, r2, ror r0",1
"subspl r4, r5, pc, asr r4",1
"ldrbpl r4, [r3], -0x15f",1
"movtpl r5, 0x9245",1
invalid,1
"ldmdbvc r4!, {r0, r1, r2, r4, r5, r6, r8, sb, sp, lr} ^",1
"strvc r6, [r0], -0x570",1
invalid,1
"cmpvc pc, 0x69000000",1
"ldrbvs r6, [r4, -0x174]!",1
"rsbeq r6, r2, pc, asr sp",1
"cmpvs pc, 0x1c800000",1
"ldmdbvs r0!, {r0, r1, r2, r3, r5, r6, r8, sl, fp, sp, lr} ^",1
"ldrbvs r6, [pc], -ip, ror 10 ; [0x3e444:4]=0x695f7061",1
"ldclvs p3, c7, [r4, -0x184]!",1
"ldmdbvs pc, {r0, r5, r6, ip, sp, lr} ^",1
"rsbseq r6, r2, r4, ror r5",1
invalid,1
"rsbvc r7, pc, 0, 14",1
"rsbvc r5, pc, r4, ror 30",1
"cmnvc r5, 0x1cc",1
svcpl 0x6465,1
"cmpmi pc, 0x4e00",1
"ldrbmi r5, [r0, -0x954]",1
"ldrbpl r4, [r5], -0xf5f",1
"stmdbmi r7, {r2, r6, r8, fp, lr} ^",1
"ldclmi p1, c3, [0x0003e328]",1
"cdpmi p0, 5, c0, c15, c2, 2",1
"strbpl r5, [r3], -0xf4c",1
svcpl 0x455059,1
"mcrmi p2, 2, r5, c1, c4, 2",1
"strbpl r4, [sb], -0xc53",1
invalid,1
"strbpl r5, [ip], -0x541",1
"movtpl r4, 0x9d5f",1
"smlsldmi r4, lr, r3, sb",1
"strbvc r6, [r5, -r0, lsl 28]!",1
"strbtvc r7, [r5], -0x35f",1
"ldrbvs r7, [r2, -0]!",1
"mrcmi p0, 2, r0, c15, c6, 3",1
svcmi 0x4d5f4c,1
"cmpmi r4, lr, asr 10",1
"ldrbmi r5, [pc], -0x952     ; [0x3e4b8:4]=0x4e5f544e",1
"ldmdbmi pc, {r0, r2, r4, r6, r8, sb, sl, fp, lr} ^",1
"cdpmi p4, 5, c5, c15, c14, 2",1
"smlsldmi r5, sb, pc, r3",1
svcmi 0x505f4e,1
svcpl 0x4e53,1
"ldclmi p12, c4, [0x0003e398]",1
"cmpmi r3, r5, asr 6",1
svcpl 0x534547,1
"strbmi r4, [r4, -0xf43]",1
"subseq r4, r4, r3, asr r5",1
"ldrbtvc r6, [r8], -0x56e",1
"stmdavc r4!, {r0, r1, r2, r3, r4, r6, r8, fp, sp, lr} ^",1
svcpl 0x504f00,1
"subpl r4, r1, 0x430000",1
svcpl 0x544553,1
"smlsldmi r4, lr, r2, r1",1
"cdpvs p0, 6, c0, c9, c5, 2",1
"ldrbvc r7, [pc, -sb, ror 8] ; [0x3e500:4]=0x72616863",1
svcpl 0x64726f,1
"rsbvc r6, r1, 0x630000",1
invalid,1
invalid,1
blvs 0x18d62e4,1
svcpl 0x666572,1
"rsbseq r6, r8, sb, ror 8",1
svcpl 0x4c4e5f,1
"cdpmi p4, 4, c4, c5, c9, 2",1
"stmdbmi r6, {r2, r4, r6, r8, fp, lr} ^",1
"ldmdbmi r4, {r0, r1, r6, r8, lr} ^",1
"ldrbpl r4, [pc], -0xe4f     ; [0x3e530:4]=0x59524f54",1
"ldmdbmi r2, {r0, r2, r6, sb, ip, lr} ^",1
"ldmdbpl r2, {r2, r4, r6, r8, sb, sl, fp, lr} ^",1
svcpl 0x657200,1
"cmnvs r4, 0x4000001b",1
svcvs 0x635f68,1
"stmdavc r5!, {r1, r2, r3, r5, r6, sl, ip, sp, lr} ^",1
"rsbseq r5, r4, r4, ror pc",1
svcpl 0x4c4e5f,1
"subspl r5, sb, r3, asr 8",1
"cdpmi p15, 4, c5, c9, c5, 2",1
"stmdbmi r7, {r2, r6, r8, fp, lr} ^",1
svcpl 0x335354,1
"strvs r4, [r0, -0x24d]",1
"subsvc r7, pc, 112, 6",1
"stmdavs r3!, {r0, r2, r5, r6, r8, sp, lr} ^",1
"strbvs r6, [ip, -0x261]!",1
"rsbsvs r7, r5, 0x7c000001",1
"cmnvc r0, 0x650000",1
"rsbvc r6, r1, pc, asr sp",1
"subsvc r5, pc, 0, 30",1
"rsbvc r5, r5, 0x194",1
svcpl 0x726f72,1
"stmdbvs r7!, {r0, r2, r3, r5, r6, r8, sb, ip, sp, lr} ^",1
"strbtvs r5, [sb], -0xf64",1
"cmnvs r0, r8, ror r0",1
svcpl 0x657372,1
svcpl 0x627573,1
"rsbseq r7, r0, r5, ror 16",1
svcpl 0x4c4e5f,1
"cdpmi p4, 4, c4, c5, c9, 2",1
"stmdbmi r6, {r2, r4, r6, r8, fp, lr} ^",1
"ldmdbmi r4, {r0, r1, r6, r8, lr} ^",1
"cmpmi pc, 0x4f0",1
"movtpl r4, 0x544f",1
"andvc r5, r0, 0x45000000",1
"strbvs r6, [r7, -0xe61]!",1
"strbtvs r6, [lr], -0x55f",1
"mrcmi p0, 2, r0, c15, c3, 3",1
invalid,1
"cdpmi p5, 5, c4, c15, c13, 2",1
svcpl 0x454d41,1
svcpl 0x524d,1
"cdpmi p12, 5, c4, c15, c14, 2",1
svcpl 0x454d41,1
"strbmi r4, [sp, -0x14e]",1
"subseq r4, r3, pc, asr sp",1
svcvs 0x6c6366,1
"usub16vs r6, pc, r3",1
"rsbeq r6, ip, r1, ror 18",1
svchs 0x62696c,1
invalid,1
"ldrbtvc r2, [r3], -0xd65",1
"stclvs p5, c6, [r1, -0x1c8]!",1
"andvc r6, r0, lr, lsr 6",1
svcpl 0x766572,1
"stclvs p1, c6, [sb], -0x198",1
"stclvs p3, c7, [0x0003e614]!",1
"ldrbvs r5, [r0, -0xf65]!",1
"cdpvs p4, 6, c6, c9, c14, 3",1
svcpl 0x5f0067,1
"cdpvs p0, 6, c7, c5, c6, 3",1
"strbvs r6, [lr, -r4, ror 18]!",1
"ldrbtvs r6, [r5], -r0, lsl 4",1
svcpl 0x5f0032,1
"ldmdavs r4!, {r4, r5, r6, r8, sp, lr} ^",1
"strbtvc r6, [r5], -0x700",1
"qdsubvs r6, pc, r8",1
"strbtvc r7, [r5], -0x372",1
"stmdbvs ip!, {r0, r1, r2, r3, r4, r6, r8, sp, lr} ^",1
invalid,1
"cmnvs r3, 0, 12",1
"rsbeq r6, r6, r1, ror 28",1
"rsbvc r6, pc, r6, ror 8",1
invalid,1
"stcvs p2, c6, [pc], -0x1a4",1
"stclvs p3, c6, [r1], -0x1bc",1
"rsbvc r6, r1, 0x630000",1
"mrchs p5, 3, r6, c4, c3, 3",1
"strbvs r0, [r7, -0x63]!",1
"uqsub16vc r6, lr, r4",1
invalid,1
bvc 0x1a9b3f4,1
svcpl 0x5f0065,1
"cdpvs p0, 6, c7, c5, c15, 3",1
"stmdbvs ip!, {r0, r1, r2, r3, r4, r6, r8, sp, lr} ^",1
svcvs 0x7361,1
"subsvc r6, pc, 108, 8",1
"subsvc r7, pc, r5, ror 6",1
"andvs r7, r0, 116, 4",1
"eorseq r6, r1, r5, ror r6",1
svcpl 0x726964,1
"rsbeq r6, lr, ip, ror 10",1
"strbvs r6, [r4, -0xf63]!",1
"rsbseq r6, r4, r3, ror r5",1
svcpl 0x646461,1
invalid,1
"cdpvs p0, 7, c0, c5, c8, 3",1
"cmnvs r4, 0x19c00000",1
svcvs 0x5f5f00,1
"strbvs r6, [r1, -r6, ror 24]!",1
"ldrbvs r5, [pc], -0xf00     ; [0x3e6c4:4]=0x5f5f0033",1
"stmdbvs r4!, {r0, r3, r5, r6, sb, sl, ip, sp, lr} ^",1
svcpl 0x5f0033,1
svcpl 0x756e67,1
"stmdbvs r4!, {r0, r2, r4, r5, r6, sl, fp, sp, lr} ^",1
"strbtvs r6, [pc], -0xd76",1
"stclvs p8, c6, [r5], -0x17c",1
"rsbseq r6, r2, r0, ror r5",1
invalid,1
"strbvs r6, [r4, -0xe69]!",1
"stmdavs pc!, {r1, r4, r5, r6}",1
svchs 0x656d6f,1
"rsbsvc r6, r5, 0xa0000006",1
svchs 0x74656b,1
"strbtvc r6, [r3], -0xf79",1
"strbvc r2, [r2, -0xf6f]!",1
svchs 0x646c69,1
svchs 0x706d74,1
blvs 0x1cda4e8,1
invalid,1
svchs 0x646572,1
"stclhs p3, c6, [r3, -0x19c]!",1
"mrchs p14, 1, r2, c7, c4, 1",1
"rsbslo r2, r2, 0xc80",1
invalid,1
"cdphs p13, 3, c2, c4, c3, 3",1
svchs 0x322e37,1
"strbvs r6, [r2, -ip, ror 18]!",1
invalid,1
"stmdbvs r6!, {r0, r1, r2, r3, r5, r6, sb, sl, fp, sp, lr} ^",1
"rsbvc r2, r1, 0x19c",1
"rsbvc r2, r2, sp, ror 30",1
"cdphs p2, 6, c6, c9, c1, 3",1
svcpl 0x5f0063,1
svcpl 0x756e67,1
"strbtvc r6, [sb], -ip, ror 8",1
svcpl 0x646f6d,1
"rsbvc r6, ip, r8, ror 10",1
svcpl 0x7265,1
"stmdbvs r4!, {r0, r1, r2, r3, r4, r6, r8, sl, ip, sp, lr} ^",1
invalid,1
svcvs 0x757100,1
"mcrvs p9, 3, r6, c5, c4, 3",1
"smlsldxpl r0, r4, r4, r0",1
svcvs 0x696e75,1
svcvs 0x63006e,1
"strbvs r7, [ip, -0x6d]!",1
"stclvs p0, c2, [r6], -0x1e0",1
"rsbseq r6, r4, pc, ror 2",1
"stclvs p8, c6, [0x0003e6cc]!",1
"rsbvs r2, sl, 0x194",1
"strbvs r7, [fp, -0x275]!",1
svcvs 0x792f74,1
svchs 0x6f7463,1
"stclvs p5, c7, [sb], -0x188",1
"ldclvs p15, c2, [r4, -0x190]!",1
svcvs 0x772f70,1
invalid,1
"ldrbvs r6, [r2, -0x168]!",1
invalid,1
"cdphs p13, 3, c2, c4, c3, 3",1
"ldchs p14, c2, [r2, -0xdc]!",1
svchs 0x303272,1
"stclhs p3, c6, [r3, -0x19c]!",1
"mrchs p14, 1, r2, c7, c4, 1",1
"stmdbvs ip!, {r1, r4, r5, r8, sb, sl, fp, sp} ^",1
invalid,1
"rsbvs r6, sb, 0x2f00",1
"rsblo r6, r3, 0x9c000001",1
svcpl 0x632e,1
"eorseq r6, r0, pc, asr r4",1
"qdsublo r5, pc, r4",1
svcvs 0x682f00,1
bvs 0xc17d9c,1
blvs 0x1cdbd74,1
"stmdbvc pc!, {r0, r2, r5, r6, sl, ip, sp, lr}",1
svcvs 0x74636f,1
"ldmdbvs r5!, {r0, r1, r2, r3, r5, sb, sp, lr} ^",1
"strtvc r6, [pc], -0x46c",1
"strvc r7, [pc, -sp, rrx]!",1
svchs 0x6b726f,1
"strbtvc r7, [sp], -r1, ror 4",1
"qasxvc r6, sp, r7",1
"cdpvs p0, 2, c7, c13, c6, 3",1
"stclhs p15, c6, [lr, -0x194]!",1
"stmdbvc fp!, {r4, r5, r6, r8, sb, sl, fp, sp, lr} ^",1
"cdpvs p12, 6, c6, c9, c13, 1",1
invalid,1
invalid,1
"stcvs p9, c6, [pc], -0x188",1
invalid,1
"cdphs p15, 3, c2, c4, c3, 3",1
"ldchs p14, c2, [r2, -0xdc]!",1
svchs 0x303272,1
"stclvs p5, c7, [sb], -0x188",1
"stmdbvs ip!, {r2, r5, r6, r8, sb, sl, fp, sp} ^",1
invalid,1
"ldrbvc r5, [pc], -0xf00     ; [0x3e848:4]=0x5f003174",1
svcpl 0x5f0030,1
svcpl 0x3174,1
"eorseq r7, r2, pc, asr r4",1
"ldrbtvc r5, [r3], -0x744",1
"strbtvc r7, [r3], -0x572",1
"stmdbmi r4, {r8, sl, ip, lr} ^",1
"ldrbvs r7, [r0, -0x974]!",1
"cmpvc pc, r0, lsl 30",1
svcpl 0x5f0030,1
"movwvs r3, 0x171",1
"ldclvs p13, c6, [r0], -0x1bc",1
"strtvs r7, [r0], -0x865",1
"stclvs p5, c7, [r2], -0x1bc",1
svcpl 0x5f0065,1
"uqsub16vc r6, sb, r5",1
"strbtvs r6, [r4], -0xf6d",1
"strpl r3, [r0, -0x469]",1
"ldmdbvc r4!, {r0, r1, r4, r6, r8, fp, lr} ^",1
svcpl 0x6570,1
"eorseq r7, r0, pc, asr r2",1
"cmnlo r2, pc, asr pc",1
"strbtvc r6, [lr], -r0, lsl 10",1
svcpl 0x5f0070,1
invalid,1
"ldrbvc r6, [r3, -0x35f]!",1
"stmdbvs lr!, {r0, r1, r2, r3, r4, r6, r8, fp, sp, lr} ^",1
"stclvs p0, c0, [r5], -0x1d0",1
"cdpvs p13, 6, c2, c9, c6, 3",1
invalid,1
"ldmdbvs pc, {r8, sb, sl, fp, ip, lr} ^",1
svcpl 0x74696e,1
"cmnvs r2, r1, ror 4",1
"ldrbtvc r5, [r3], -0xf79",1
"rsbseq r7, r4, r1, ror 4",1
"mcrvs p15, 3, r5, c9, c15, 2",1
"cmpvs pc, sb, ror 8",1
"stmdbvc r1!, {r1, r4, r5, r6, sb, ip, sp, lr} ^",1
"strbtvs r6, [lr], -0x55f",1
"mrrcvs p15, 0, r5, pc, c0",1
svcpl 0x636269,1
svcpl 0x757363,1
"stmdbvs lr!, {r1, r2, r5, r6, r8, fp, sp, lr} ^",1
"cmpvs pc, 0, 30",1
"cmpvs pc, r8, ror r1",1
"ldmdbvs r8!, {r2, r4, r5, r6, r8, sl, sp, lr} ^",1
svcpl 0x5f0074,1
svcpl 0x6f7364,1
"strbtvs r6, [lr], -0x168",1
svchs 0x656c,1
"strbvs r6, [sp, -0xf68]!",1
"strbvc r6, [r2, -0xa2f]!",1
"strbtvc r6, [r5], -0xb72",1
invalid,1
"eorvs r6, pc, 116, 30",1
"strbtvs r6, [ip], -0x975",1
"rsbvc r7, sp, pc, lsr 8",1
"rsbvc r7, pc, 0xbc0000",1
"rsbvc r2, r1, 0x1ac",1
"teqvs r7, sp, ror 12",1
"rsbvc r7, r6, sp, lsr 12",1
svcvs 0x656e2d,1
svcvs 0x702d6e,1
"stcvs p9, c7, [sp], -0x1ac",1
"ldmdavc r5!, {r0, r3, r5, r6, sb, sl, fp, sp, lr} ^",1
"strbvc r6, [lr, -0x72d]!",1
"stmdbvs r2!, {r0, r2, r5, r6, r8, sp, lr} ^",1
"stclvs p5, c6, [r7], -0xbc",1
svchs 0x636269,1
invalid,1
svchs 0x33722d,1
"stmdbvs ip!, {r0, r2, r5, r6, r8, sb, sl, sp, lr} ^",1
"eorlo r6, sp, 0x88000001",1
svchs 0x37312e,1
invalid,1
"ldrbtvs r7, [r4], -0x32f",1
"rsbeq r6, r2, ip, ror 18",1
"stmdavc r5!, {r0, r5, r6, sl, ip, sp, lr} ^",1
invalid,1
"cdpvs p6, 7, c6, c5, c0, 0",1
"andeq r0, r0, r3, rrx",1
"andeq r0, r4, r0",1
"andeq r0, r2, r0",1
"andeq r0, r4, sp, ror r0",1
invalid,1
"andeq r0, r2, r0",1
"andeq r1, r0, sp, ror r0",1
"andeq r0, r0, r0",1
"andeq r0, r0, r0",1
"rsbseq r0, ip, r0",1
"andeq r0, r1, r0",1
"andeq r7, r0, r0, asr ip",1
"andeq r8, r0, r0",1
"vshl.u8 d0, d0, d0",1
"addshi r5, pc, r1",1
invalid,1
invalid,1
"adcseq r5, r8, r0",1
"rsceq r0, ip, r0",1
"andeq r0, r4, r0",1
svcls 0x5001f3,1
"andeq r0, r0, ip, ror 1",1
"strdeq r0, r1, [r0], -r0",1
invalid,1
invalid,1
"streq r0, [r0], -1",1
"andpl pc, r1, r0, lsl 6",1
"muleq r0, pc, r0",1
"andeq r0, r0, r0",1
"andeq r0, r0, r0",1
"andeq r8, r0, r0, lsl 16",1
invalid,1
"andeq r0, r0, r8, lsl 1",1
"andeq r0, r0, ip, ror 1",1
"mrrc p0, 0, r0, r4, c1",1
"vst4.8 {d0, d1, d2, d3}, [r0], r0",1
invalid,1
"rscseq r5, r4, r0, lsl 2",1
invalid,1
"andeq r0, r1, r0",1
"andeq r0, r0, r4, asr r0",1
"andeq r0, r0, r0",1
"andeq r0, r0, r0",1
"andeq sl, r0, r0, lsl 16",1
"andpl r0, r0, 0, 2",1
"andeq r0, r0, r8, lsr 1",1
"strheq r0, [r0], -fp",1
"rsbsne r0, r4, r2",1
"strheq r0, [r0], -fp",1
"andeq r0, r0, ip, ror 1",1
invalid,1
"rsceq sb, ip, r2, asr pc",1
"rscseq r0, r4, r0",1
"andeq r0, r1, r0",1
"andeq pc, r0, r2, asr r4",1
"andeq r0, r1, r0, lsl 24",1
"vshl.u8 d0, d0, d0",1
"addseq r5, pc, r1, lsl 4",1
"andeq r0, r0, r0",1
invalid,1
invalid,1
invalid,1
"sbcseq r5, r8, r0",1
"rsceq r0, r3, r0",1
"andeq r0, r1, r0",1
"andeq pc, r0, r3, asr r4",1
"andeq pc, r0, r0, lsl 16",1
"andpl r0, r0, r0, lsl 2",1
"strdeq r0, r1, [r0], -r8",1
"andeq r0, r0, ip, lsl 2",1
"subseq r0, r3, r1",1
"andeq r0, r0, r0",1
invalid,1
invalid,1
"andeq r0, r0, 0",1
invalid,1
invalid,1
invalid,1
"andeq r5, r0, r0",1
"andeq r0, r0, r0",1
invalid,1
"tsteq r0, r0",1
"andeq r0, r2, r0",1
"tsteq r0, sp, ror r0",1
"tsteq r4, r0",1
"andeq r0, r2, r0",1
"tsteq r4, sp, ror r4",1
"orrseq r0, r8, r0",1
"andeq r0, r2, r0",1
"andeq r2, r0, sp, ror r8",1
"andeq r0, r0, r0",1
"tsteq r4, r0",1
"teqeq fp, r0",1
"andeq r0, r5, r0",1
"subseq r4, r2, 0x30000",1
"andeq r0, r0, r0",1
"andeq r0, r0, r0",1
"andeq sb, r1, r0, lsl 16",1
"andeq sb, r1, r0, lsl 24",1
"stcvc p2, c0, [r0, -0]",1
"andeq sb, r1, r0, lsl 24",1
"andeq sl, r1, r0",1
"stcvc p2, c0, [r0, -0]",1
"andeq sl, r1, r4, lsr 32",1
"andeq pc, r5, r0",1
"stcvc p2, c0, [r0, -0]",1
"andeq r0, r0, r8, lsr r0",1
"andeq r0, r0, r0",1
"andeq sb, r1, r0, lsl 16",1
"andeq sp, r1, r0, lsl 16",1
"andpl r0, r0, r0, lsl 2",1
"ldrdeq r0, r1, [r0], -r8",1
"strdeq r0, r1, [r0], -r0",1
"ldcmi p0, c0, [r1], {2}",1
"andeq r0, r0, r0",1
"andeq r0, r0, r0",1
"ldrdeq r0, r1, [r0], -r0",1
"ldrdeq r0, r1, [r0], -r4",1
"subs r0, r7, r1",1
bl 0x3eb68,1
invalid,1
invalid,1
"ldrbeq r0, [r0, 0]!",1
"andeq r0, r1, r0",1
"andeq r0, r0, r7, asr r0",1
"andeq r0, r0, r0",1
"andeq sl, r1, r0, lsl 8",1
"andeq sp, r1, r0, lsl 16",1
"andpl r0, r0, r0, lsl 2",1
"ldrdeq r0, r1, [r0], -r8",1
"strdeq r0, r1, [r0], -r0",1
"ldcmi p0, c0, [r1], {2}",1
"andeq r0, r0, r0",1
"andeq r0, r0, r0",1
"andeq r0, r0, r4, lsr 3",1
"andeq r0, r0, r8, lsr 3",1
"rsbseq r0, r0, fp",1
invalid,1
"stcne p8, c0, [sp], -0x68",1
"muleq r1, pc, r8",1
"andeq fp, r1, r0",1
"movwvc r0, 0x300",1
"asrseq sb, r3, pc",1
"movseq r0, r0",1
"andeq r0, r8, r0",1
"orrseq r0, r4, r0, ror r1",1
svcls 0x1aff08,1
"strheq r0, [r0], -r4",1
"andeq r0, r0, r4, asr 3",1
"ldrbgt r0, [r3], -1",1
"strle r0, [r0], -1",1
"stmdaeq r0, {r0}",1
"strls r7, [r1], -0",1
bne 0xbf0,1
"muleq r0, pc, r0",1
"andeq r0, r0, r0",1
"andeq r1, r2, r0, lsl 8",1
"andeq ip, r5, r0, lsl 24",1
"strpl r0, [r0, -r0, lsl 2]",1
"andeq r0, r0, r0",1
"andeq r0, r0, r0",1
"andeq r0, r0, r0, lsr r2",1
"andeq r0, r0, r0, asr 6",1
"ldrbhi r0, [r5], -1",1
"stmdahs r0, {r0, r1}",1
invalid,1
"ldrbeq r5, [ip], 0x500",1
"strbeq r0, [ip]",1
"andeq r0, r1, r0",1
"andeq r0, r0, r5, asr r0",1
"andeq r0, r0, r0",1
"andeq sp, r2, r0",1
"andeq pc, r2, r0, lsl 24",1
blo 0x3f43c,1
"muleq r0, pc, r0",1
"andeq r0, r0, r0",1
"andeq pc, r2, r0, lsl 24",1
"andeq r0, r3, r0, lsl 16",1
blo 0x3f450,1
"muleq r5, pc, r4",1
"andeq r7, r5, r0, lsl 16",1
blo 0x3f45c,1
"muleq r0, pc, r0",1
"andeq r0, r0, r0",1
"andeq r0, r3, r0, lsl 16",1
"andeq r1, r3, r0, lsl 8",1
blo 0x3f470,1
"muleq r5, pc, r8",1
"andeq ip, r5, r0, lsl 24",1
blo 0x3f47c,1
"muleq r0, pc, r0",1
"andeq r0, r0, r0",1
"andeq r5, r4, r0",1
"andeq sp, r4, r0, lsl 24",1
"strpl r0, [r0, -r0, lsl 2]",1
"andeq r0, r0, r0",1
"andeq r0, r0, r0",1
"andeq r0, r0, ip, ror r4",1
"ldrdeq r0, r1, [r0], -ip",1
svcls 0x310002,1
"andeq r0, r0, r0",1
"andeq r0, r0, r0",1
"andeq r0, r0, ip, ror r4",1
"andeq r0, r0, r8, lsr 9",1
"ldcmi p0, c0, [r1], {2}",1
"andeq r0, r0, r8, lsr 9",1
"andeq r0, r0, pc, lsr 9",1
svcge 0x520001,1
invalid,1
"andeq r0, r0, 4",1
"subeq sb, ip, r0, lsl 2",1
"andeq r0, r0, r0",1
invalid,1
"strhi r0, [r0], -4",1
invalid,1
"strbeq sb, [ip], -r0, lsl 2",1
invalid,1
"stcne p8, c0, [sp], -0x68",1
"muleq r4, pc, r4",1
"andeq r8, r4, r0, lsl 24",1
"movwvc r0, 0x300",1
"streq sb, [ip], 0xf53",1
"ldreq r0, [r0], 0",1
"andeq r0, fp, r0",1
"movwhs r4, 0x6c91",1
"stmdaeq r1, {r0, sl, ip, pc}",1
"ldrshls r1, [pc], pc        ; [0x3ed10:4]=0x1000004",1
svcls 4,1
invalid,1
"andeq r5, r0, r0, lsl 6",1
"andeq r0, r0, r0",1
"ldrbeq r0, [r0, 0]!",1
"ldrbeq r0, [r4, 0]!",1
"andeq r0, r2, r0",1
"ldrbeq r0, [r4, 0x7d]!",1
invalid,1
"andeq r0, r2, r0",1
"andeq r0, r0, sp, ror r8",1
"andeq r0, r0, r0",1
"ldrbeq r0, [r0, 0]!",1
"streq r0, [r8], -r0",1
"andeq r0, r1, r0",1
"andeq r0, r6, r0, asr r8",1
"andeq r3, r6, r0",1
"strpl r0, [r0, -0x100]",1
"andeq r0, r0, r0, lsr r6",1
"andeq r0, r0, r4, lsr r6",1
"ldrblo r0, [r0], -1",1
"strlo r0, [r0], -6",1
invalid,1
"andeq r5, r0, r0, lsl 10",1
"andeq r0, r0, r0",1
"ldreq r0, [r8], -r0",1
"ldreq r0, [ip], -r0",1
"andeq r0, r1, r0",1
"andeq r1, r6, r0, asr ip",1
"andeq r2, r6, r0, lsl 22",1
"andpl r0, r0, 0, 2",1
"andeq r0, r0, r0",1
"andeq r0, r0, r0",1
"andeq r0, r0, r8, lsl r6",1
"andeq r0, r0, r0, lsr r6",1
"subseq r0, r4, r1",1
"andeq r0, r0, r0",1
"strmi r0, [r0], -0",1
"stmdami r0, {r1, r2}",1
invalid,1
"strbeq r5, [r8], -r0",1
"ldrbeq r0, [r3], -r0",1
"andeq r0, r1, r0",1
"andeq r0, r0, r1, asr r0",1
"andeq r0, r0, r0",1
"andeq r6, r7, r0",1
"andeq r7, r7, r0, lsl 6",1
"andpl r0, r0, r0, lsl 2",1
"andeq r0, r0, r0",1
"andeq r0, r0, r0",1
"andeq r0, r0, r4, asr 14",1
"andeq r0, r0, r8, asr 14",1
"ldmdami r0, {r0} ^",1
"movwpl r0, 7",1
invalid,1
"andeq r5, r0, r0, lsl 2",1
"andeq r0, r0, r0",1
"streq r0, [r0, r0]!",1
"streq r0, [ip, r0]!",1
"andeq r0, r1, r0",1
"andeq r0, r0, r4, asr r0",1
"andeq r0, r0, r0",1
"andeq sp, r7, r0",1
"andeq sp, r7, r0, lsl 24",1
"strpl r0, [r0], -0x100",1
"andeq r0, r0, r0",1
"andeq r0, r0, r0",1
"andeq r0, r0, r4, lsr r8",1
"andeq r0, r0, r8, lsr r8",1
"rsbseq r0, sp, r2",1
"andeq r0, r0, r8, lsr r8",1
"andeq r0, r0, ip, lsr r8",1
"ldrbths r0, [sp], -2",1
"andeq r0, r0, ip, lsr r8",1
"andeq r1, r0, r8, lsr 1",1
"ldmdagt sp!, {r0, r1} ^",1
"andeq r0, r0, r0",1
"andeq r0, r0, r0",1
"andeq r3, r8, r0, lsl 8",1
"andeq r4, r8, r0, lsl 16",1
"andpl r0, r0, r0, lsl 2",1
"andeq r0, r0, r8, asr 16",1
"andeq r1, r0, r8, lsr 1",1
"subseq r0, r6, r1",1
"andeq r0, r0, r0",1
"strlo r0, [r0], -0",1
blmi 0x3ee8c,1
invalid,1
"stmdaeq fp, {r8, ip, lr} ^",1
"cdpeq p0, 5, c0, c12, c0, 0",1
"andeq r0, r1, r0",1
"andeq r5, lr, r4, asr ip",1
"andeq r8, lr, r0, lsl 8",1
"vshl.u8 d0, d0, d0",1
"ldrhi r5, [pc], 0x101       ; [0x3ee8c:4]=0x1000010",1
"stmdage r0, {r1, r2, r3}",1
invalid,1
"andeq r5, r0, r0, lsl 8",1
"andeq r0, r0, r0",1
invalid,1
invalid,1
"andeq r0, r1, r0",1
"andeq sl, r8, r0, asr ip",1
"andeq sl, sl, r0, lsl 16",1
"andvc r0, r0, r0, lsl 6",1
beq 0xffd66cac,1
beq 0xffe3eebc,1
"andeq r0, r3, r0",1
"ldrmi r7, [pc], 0xd70       ; [0x3eec4:4]=0x300000b",1
"stmdami r0, {r0, r1, r3}",1
"movweq r0, 0xb",1
svcls 0x7d7000,1
"muleq r0, r4, fp",1
"andeq r0, r0, r4, lsr 23",1
"ldclvc p0, c0, [r0, -0xc]!",1
"muleq fp, pc, r8",1
"andeq r0, ip, r0, lsl 16",1
"andvc r0, r0, r0, lsl 6",1
"ldcleq p15, c9, [r0], -0x1f4",1
"stceq p0, c0, [ip], {0}",1
"andeq r0, r3, r0",1
invalid,1
"strne r0, [r0], -0xc",1
"movweq r0, 0xd",1
svcls 0x7d7000,1
"andeq r0, r0, r8, ror sp",1
"strdeq r0, r1, [r0], -r8",1
"ldclvc p0, c0, [r0, -0xc]!",1
"muleq lr, pc, r0",1
"andeq r4, lr, r0, lsl 8",1
"andvc r0, r0, r0, lsl 6",1
"mcreq p15, 2, sb, c8, c13, 3",1
"cdpeq p0, 6, c0, c8, c0, 0",1
"andeq r0, r3, r0",1
"ldrhi r7, [pc], 0xd70       ; [0x3ef2c:4]=0x300000e",1
"stmdahi r0, {r1, r2, r3}",1
"movweq r0, 0xe",1
svcls 0x7d7000,1
"andeq r0, r0, r4, lsr 29",1
"strheq r0, [r0], -r8",1
"mrrclt p0, 0, r0, r0, c1",1
"strgt r0, [r0], -0xe",1
invalid,1
"andeq r5, r0, r0",1
"andeq r0, r0, r0",1
"cdpeq p0, 0xc, c0, c12, c0, 0",1
"cdpeq p0, 0xd, c0, c4, c0, 0",1
"andeq r0, r1, r0",1
"andeq sp, lr, r0, asr r4",1
"andeq r5, pc, r0, lsl 8",1
"stmdapl r0, {r8}",1
"andeq r0, r0, r4, asr pc",1
"andeq r0, r0, r8, asr pc",1
"ldmdapl r0, {r0} ^",1
"strhi r0, [r0], -0xf",1
invalid,1
"andeq r5, r0, r0, lsl 16",1
"andeq r0, r0, r0",1
invalid,1
invalid,1
"andeq r0, r2, r0",1
beq 0xffb66c5c,1
beq 0xffd3ef9c,1
"andeq r0, r2, r0",1
bleq 0xf66c64,1
bleq 0x113efa8,1
"andeq r0, r2, r0",1
bleq 0xfe366c70,1
bleq 0xfe53efb4,1
"andeq r0, r2, r0",1
bleq 0xffc66c7c,1
bleq 0xffe3efc0,1
"andeq r0, r2, r0",1
"stcleq p15, c9, [r8], -0xc0",1
"ldcleq p0, c0, [r0], -0",1
"andeq r0, r2, r0",1
"stcleq p15, c9, [ip], 0xc0",1
"ldcleq p0, c0, [r4], 0",1
"andeq r0, r2, r0",1
"ldcleq p15, c9, [r0, -0xc0]!",1
"ldcleq p0, c0, [r8, -0]!",1
"andeq r0, r2, r0",1
"mcreq p15, 1, sb, c8, c0, 1",1
"cdpeq p0, 3, c0, c0, c0, 0",1
"andeq r0, r2, r0",1
svceq 0xc89f30,1
svceq 0xcc0000,1
"andeq r0, r1, r0",1
"andeq ip, pc, r0, asr ip",1
"andseq sl, r0, r0, lsl 16",1
bpl 0x3f40c,1
"andeq r0, r0, r0",1
"andeq r0, r0, r0",1
"andeq r0, r0, r8, ror sp",1
"andeq r0, r0, r0, lsr lr",1
svcls 0x320002,1
"andeq r0, r0, r0",1
"andeq r0, r0, r0",1
"andeq r0, r0, r0, lsl 27",1
"muleq r0, ip, sp",1
"mrrcge p0, 0, r0, r3, c1",1
"strgt r0, [r0], -0xd",1
invalid,1
"ldcleq p3, c5, [r8]",1
"stcleq p0, c0, [r4, 0]!",1
"andeq r0, r1, r0",1
"andeq r0, r0, r3, asr r0",1
"andeq r0, r0, r0",1
"andeq r8, sp, r0, lsl 8",1
"andeq r8, sp, r0, lsl 24",1
"andvc r0, r0, 0, 8",1
"ldchi p15, c7, [pc], {0x94}",1
"andls r0, r0, sp",1
bleq 0x3f09c,1
"strls r7, [r1], -0x300",1
bne 0x1074,1
svcls 0x1c6e08,1
"muleq r0, r0, sp",1
"muleq r0, r8, sp",1
"rsbsls r0, r2, 4",1
"ldceq p15, c9, [r8, 0x1fc]",1
"ldceq p0, c0, [ip]",1
"andeq r0, r8, r0",1
"orrseq r0, r4, r3, ror r2",1
svcls 0x1aff08,1
"muleq r0, ip, sp",1
"andeq r0, r0, ip, lsr 27",1
"mrrcge p0, 0, r0, r3, c1",1
"stmdalt r0, {r0, r2, r3}",1
"streq r0, [r0], -0xd",1
svcvc 0x947200,1
"muleq sp, pc, r8",1
"andeq ip, sp, r0, lsl 8",1
"movwvc r0, 0xb00",1
"stmdaeq r1, {sl, ip, pc}",1
invalid,1
"ldcleq p15, c9, [r8, 0x70]",1
"stcleq p0, c0, [r4, 0]!",1
"andeq r0, fp, r0",1
"orrseq r0, r4, r3, ror r0",1
"ldmdaeq sl, {r3, r8, sb, sl, fp, ip, sp, lr, pc}",1
"addseq r1, pc, ip, ror 24",1
"andeq r0, r0, r0",1
invalid,1
"vst4.8 {d0, d1, d2, d3}, [r0]!",1
"andeq r0, r0, 0xd",1
"addseq r3, pc, r0, lsl 4",1
"andeq r0, r0, r0",1
invalid,1
"strgt r0, [r0], -0xd",1
invalid,1
"ldcleq p3, c5, [r8]",1
"stcleq p0, c0, [r4, 0]!",1
"andeq r0, r1, r0",1
"andeq r0, r0, r3, asr r0",1
"andeq r0, r0, r0",1
"andeq sl, sp, r0, lsl 24",1
"andeq fp, sp, r0, lsl 16",1
"andvc r0, r0, 0, 8",1
"ldmlt pc, {r1, r2, r3, r7, r8, sb, sl, fp, ip, sp, lr}",1
"andgt r0, r0, sp",1
"stmdbeq r0, {r0, r2, r3}",1
"stmdaeq r0, {sb, ip, sp, lr}",1
invalid,1
"stcleq p15, c9, [r0, 0x70]",1
"stcleq p0, c0, [r4]",1
"andeq r0, r8, r0",1
"orrseq r0, r4, r3, ror r2",1
svcls 0x1aff08,1
"andeq r0, r0, r4, asr 27",1
"andeq r0, r0, ip, asr 27",1
"ldmdale r3, {r0} ^",1
"vst4.8 {d0, d1, d2, d3}, [r0]!",1
"stmdbeq r0, {r0, r2, r3}",1
"stmdaeq r0, {sb, ip, sp, lr}",1
invalid,1
"andeq sb, r0, ip, lsl pc",1
"andeq r0, r0, r0",1
"ldcleq p0, c0, [r8]",1
"stcleq p0, c0, [r0, 0]!",1
"andeq r0, sb, r0",1
invalid,1
"ldclne p8, c0, [sl], -0x68",1
"muleq sp, pc, r0",1
"andeq lr, sp, r0, lsl 8",1
"movwvc r0, 0x800",1
"stmdaeq r1, {r1, sl, ip, pc}",1
"ldr r1, [pc], 0xaff         ; [0x3f190:4]=0x100000d",1
invalid,1
invalid,1
"andeq r5, r0, r0, lsl 6",1
"andeq r0, r0, r0",1
"cdpeq p0, 0xe, c0, c12, c0, 0",1
"cdpeq p0, 0xf, c0, c3, c0, 0",1
"andeq r0, r1, r0",1
"andeq r0, r0, r0, asr r0",1
"andeq r0, r0, r0",1
"andeq pc, lr, r0, lsl 8",1
"andeq pc, lr, r0, lsl 22",1
"andpl r0, r0, r0, lsl 2",1
"andeq r0, r0, r0",1
"andeq r0, r0, r0",1
"strdeq r0, r1, [r0], -ip",1
"andeq r0, r0, r3, lsl 30",1
"subseq r0, r0, r1",1
"andeq r0, r0, r0",1
invalid,1
"stmdavs r0, {r0, r1, r2, r3}",1
invalid,1
"andeq r5, r0, r0, lsl 18",1
"andeq r0, r0, r0",1
svceq 0x180000,1
svceq 0x1f0000,1
"andeq r0, r1, r0",1
"andeq r0, r0, r0, asr r0",1
"andeq r0, r0, r0",1
"andeq r2, pc, r0",1
"andeq r6, pc, r0, lsl 16",1
"stmdbpl r0, {r8}",1
"andeq r0, r0, r0",1
"andeq r0, r0, r0",1
"andeq r0, r0, r0, lsr 30",1
"andeq r0, r0, r7, lsr 30",1
"subseq r0, r0, r1",1
"andeq r0, r0, r0",1
invalid,1
svclo 0xf,1
"streq r0, [r0, -0xf]",1
"rsbpl r0, r0, 0, 6",1
"andeq r0, r0, r2",1
"andeq r0, r0, r0",1
svceq 0x380000,1
svceq 0x3f0000,1
"andeq r0, r1, r0",1
"andeq r0, r0, r0, asr r0",1
"andeq r0, r0, r0",1
"andeq r6, pc, r0, lsl 24",1
"andeq r7, pc, r0, lsl 16",1
"stmdavc r0, {sb, fp}",1
"subpl r0, ip, 0, 6",1
"andhs r0, r6, 2",1
"muleq pc, pc, r8",1
"andeq r7, pc, r0, lsl 22",1
"andpl r0, r0, 0, 2",1
"andeq r0, r0, r0",1
"andeq r0, r0, r0",1
"andeq r0, r0, ip, ror 30",1
"andeq r0, r0, fp, ror pc",1
blvc 0x143f288,1
"stmdage r0, {r0, r1, r2, r3}",1
invalid,1
"andeq r5, r0, r0, lsl 18",1
"andeq r0, r0, r0",1
"eoreq r0, r0, r0",1
"eoreq r0, r4, r0",1
"andeq r0, r2, r0",1
"eoreq r0, r4, sp, ror r0",1
"eoreq r0, r8, r0",1
"andeq r0, r2, r0",1
"eoreq r1, r8, sp, ror r0",1
"tsteq r8, r0",1
"andeq r0, r2, r0",1
"andeq r1, r0, sp, ror r8",1
"andeq r0, r0, r0",1
"rsbseq r0, r0, r0",1
"addeq r0, r3, r0",1
"andeq r0, r1, r0",1
"andeq r8, r0, r0, asr r3",1
"andeq sl, r0, r0, lsl 24",1
"strpl r0, [r0], -0x100",1
"andeq r0, r0, ip, lsr 1",1
"andeq r0, r0, pc, lsr 1",1
svcge 0x500001,1
"strle r0, [r0], -0",1
invalid,1
"andeq r5, r0, r0, lsl 8",1
"andeq r0, r0, r0",1
"andeq r0, r0, r0",1
"andeq r0, r4, r0",1
"andeq r0, r2, r0",1
"andeq r0, r4, sp, ror r0",1
"rsbseq r0, r8, r0",1
"andeq r0, r2, r0",1
"andeq r0, r0, sp, ror r8",1
"andeq r0, r0, r0",1
"andeq r0, r0, r0",1
"andseq r0, r4, r0",1
"andeq r0, r1, r0",1
"andeq r1, r0, r0, asr r4",1
"andeq r7, r0, r0, lsl 16",1
"vshl.u8 d0, d0, d0",1
"addseq r5, pc, r1",1
"andeq r0, r0, r0",1
"streq r0, [r0], -0",1
"strmi r0, [r0], -0",1
invalid,1
"andeq r5, r0, r0",1
"andeq r0, r0, r0",1
"eoreq r0, r8, r0",1
"subeq r0, r4, r0",1
"andeq r0, r1, r0",1
"andeq r6, r0, r0, asr r0",1
"andeq r7, r0, r0",1
"mrsvc r0, lr_irq",1
"andeq sb, r0, r1, lsl 30",1
"andeq r0, r0, r0",1
"andeq r0, r4, r0",1
"subeq r0, r4, r0",1
"andeq r0, r2, r0",1
"rsbeq sb, r0, r0, lsr pc",1
"rsbseq r0, r0, r0",1
"andeq r0, r1, r0",1
"andeq r0, r0, ip, asr r0",1
"andeq r0, r0, r0",1
"andeq r7, r0, r0, lsl 16",1
"andeq r7, r0, r0, lsl 24",1
"stcvc p2, c0, [r0, -0]",1
"andeq r7, r0, r0, lsl 24",1
"andeq ip, r0, r0",1
"stcvc p2, c0, [r0, -0]",1
"andeq r0, r0, r8",1
"andeq r0, r0, r0",1
"andeq r7, r0, r0, lsl 16",1
"andeq r8, r0, r0, lsl 6",1
"andpl r0, r0, r0, lsl 2",1
"andeq r0, r0, r3, lsl 1",1
"andeq r0, r0, r0, lsr 1",1
"subsge r0, r4, r1",1
"andgt r0, r0, r0",1
"streq r0, [r0], -0",1
"andpl pc, r1, r0, lsl 6",1
"muleq r0, pc, r0",1
"andeq r0, r0, r0",1
"andeq r0, r0, r0",1
"andeq r0, r0, r0, lsl 8",1
"stcvc p2, c0, [r0, -0]",1
"andeq r0, r0, r0, lsl 8",1
"andeq r0, r0, r0, lsl 16",1
"stcvc p2, c0, [r0, -0]",1
"andeq r0, r0, ip, lsl 16",1
"andeq r2, r0, r0, lsl 16",1
"stcvc p2, c0, [r0, -0]",1
"andeq r0, r0, r0, lsr 32",1
"andeq r0, r0, r0",1
"andeq r0, r0, r0",1
"andeq r1, r0, r0, lsl 30",1
"andpl r0, r0, r0, lsl 2",1
"andeq r0, r0, pc, lsl r0",1
"andeq r0, r0, r8, lsr 32",1
invalid,1
"andeq sb, r0, r0, asr pc",1
"andeq r0, r0, r0",1
"andeq r0, r0, r0",1
"andseq r0, pc, r0",1
"andeq r0, r6, r0",1
"movwpl sb, 0x4352",1
"mulseq pc, r3, r4",1
"eoreq r0, r8, r0",1
"andeq r0, r6, r0",1
"rscseq r0, r5, 0xcc000003",1
"andeq sb, r0, r5, lsr 30",1
"andeq r0, r0, r0",1
"eoreq r0, r8, r0",1
"eoreq r0, ip, r0",1
"andeq r0, r2, r0",1
"eoreq r0, ip, sp, ror r0",1
"eorseq r0, r0, r0",1
"andeq r0, r2, r0",1
"eorseq r0, r0, sp, ror r8",1
"subseq r0, ip, r0",1
"andeq r0, r2, r0",1
"andeq r1, r0, sp, ror r8",1
"andeq r0, r0, r0",1
"eoreq r0, r8, r0",1
"eorseq r0, pc, r0",1
"andeq r0, r1, r0",1
"andeq r3, r0, r0, asr pc",1
"andeq r5, r0, r0, lsl 24",1
"vshl.u8 d0, d0, d0",1
"addseq r5, pc, r1",1
"andeq r0, r0, r0",1
invalid,1
svclo 0,1
invalid,1
"eorseq r5, pc, r0, lsl 2",1
"subseq r0, ip, r0",1
"andeq r0, r1, r0",1
"andeq r0, r0, r4, asr r0",1
"andeq r0, r0, r0",1
"andeq r4, r0, r0",1
"andeq r4, r0, r0, lsl 8",1
"stcvc p2, c0, [r0, -0]",1
"andeq r4, r0, r0, lsl 8",1
"andeq r2, r1, r0",1
"stcvc p2, c0, [r0, -0]",1
"andeq r0, r0, r0, lsr 32",1
"andeq r0, r0, r0",1
"andeq r4, r0, r0",1
"andeq r6, r0, r0, lsl 24",1
"andpl r0, r0, r0, lsl 2",1
"andeq r0, r0, ip, rrx",1
"andeq r0, r0, r4, lsl 2",1
"ldrbeq r0, [sb], -1",1
invalid,1
invalid,1
invalid,1
"tsteq r0, r0",1
"andeq r0, r1, r0",1
"andeq r1, r1, sb, asr r0",1
"andeq r1, r1, r0, lsl 8",1
"vshl.u8 d0, d0, d0",1
"ldrne r5, [pc], 1           ; [0x3f510:4]=0x1000001",1
"stmdane r0, {r0}",1
invalid,1
"tsteq r8, r0, lsl 18",1
invalid,1
"andeq r0, r4, r0",1
svcls 0x5001f3,1
"andeq r0, r0, r0",1
"andeq r0, r0, r0",1
"andeq r0, r0, r0, asr 32",1
"andeq r0, r0, ip, rrx",1
"mrrcvs p0, 0, r0, r1, c1",1
"streq r0, [r0], -0",1
invalid,1
invalid,1
invalid,1
"andeq r0, r1, r0",1
"andeq r0, r1, r1, asr ip",1
"andeq r2, r1, r0",1
"strpl r0, [r0], -r0, lsl 2",1
"andeq r0, r0, r0",1
"andeq r0, r0, r0",1
"andeq r0, r0, r0, asr 32",1
"andeq r0, r0, ip, rrx",1
"mrrcvs p0, 0, r0, r2, c1",1
"streq r0, [r0], -0",1
"streq r0, [r0], -1",1
"andpl pc, r1, 0, 6",1
"muleq r1, pc, r4",1
"andeq r0, r1, r0, lsl 24",1
"andpl r0, r0, 0, 2",1
"andeq r0, r0, ip, lsl 2",1
"andeq r0, r0, r0, lsr 2",1
invalid,1
"andeq sb, r0, r2, asr pc",1
"andeq r0, r0, r0",1
"sbceq r0, r0, r0",1
"rscseq r0, r8, r0",1
"andeq r0, r1, r0",1
"andeq r0, r0, r4, asr r0",1
"andeq r0, r0, r0",1
"andeq r5, r0, r0, lsl 8",1
"andeq sp, r0, r0, lsl 24",1
"stmdapl r0, {r8}",1
"ldrdeq r0, r1, [r0], -ip",1
"andeq r0, r0, ip, ror 1",1
"mrrc p0, 0, r0, r0, c1",1
"andhs r0, r0, r0",1
invalid,1
"andeq r5, r0, r0, lsl 16",1
"andeq r0, r0, r0",1
"subseq r0, r4, r0",1
"rsbeq r0, ip, r0",1
"andeq r0, r1, r0",1
"andeq r6, r0, r8, asr ip",1
"andeq ip, r0, r0, lsl 24",1
"strpl r0, [r0, -0x100]",1
"andeq r0, r0, r0, ror 1",1
"strdeq r0, r1, [r0], -ip",1
"ldrbeq r0, [r5], -1",1
invalid,1
invalid,1
invalid,1
"tsteq r8, r0",1
"andeq r0, r1, r0",1
"andeq r0, r0, r5, asr r0",1
"andeq r0, r0, r0",1
"andeq r5, r0, r0, lsl 24",1
"andeq lr, r0, r0, lsl 16",1
bpl 0x3fa24,1
"andeq r0, r0, ip, ror 1",1
"andeq r0, r0, r0, lsr 2",1
"subseq r0, sl, r1",1
"andeq r0, r0, r0",1
invalid,1
invalid,1
invalid,1
"rsbeq r5, ip, r0, lsl 2",1
invalid,1
"andeq r0, r1, r0",1
"andeq r0, r1, r6, asr r4",1
"andeq r0, r1, r0, lsl 24",1
invalid,1
"andeq r0, r0, ip, lsl 2",1
"andeq r0, r0, r0, lsr 2",1
"subseq r0, r6, r1",1
"andeq r0, r0, r0",1
invalid,1
"streq r0, [r0], -0",1
invalid,1
invalid,1
"tsteq r8, r0",1
"andeq r0, r1, r0",1
"andeq r0, r0, r6, asr r0",1
"andeq r0, r0, r0",1
"andeq sl, r0, r0, lsl 8",1
"andeq ip, r0, r0",1
"strpl r0, [r0], -r0, lsl 2",1
"andeq r0, r0, r4, lsl r1",1
"andeq r0, r0, r8, lsl r1",1
"subseq r0, r6, r1",1
"andeq r0, r0, r0",1
invalid,1
"and r0, r0, r0",1
invalid,1
"andeq r5, r0, r0, lsl 10",1
"andeq r0, r0, r0",1
invalid,1
invalid,1
"andeq r0, r2, r0",1
invalid,1
"teqeq r0, r0",1
"andeq r0, r2, r0",1
"andeq r0, r0, sp, ror r8",1
"andeq r0, r0, r0",1
invalid,1
invalid,1
"andeq r0, r1, r0",1
"andeq r2, r1, r0, asr fp",1
"andeq r3, r1, r0",1
"vshl.u8 d0, d0, d0",1
"addseq r5, pc, r1",1
"andeq r0, r0, r0",1
"andhs r0, r0, r0",1
blhs 0x3f704,1
invalid,1
invalid,1
"teqeq r0, r0",1
"andeq r0, r4, r0",1
svcls 0x5101f3,1
"andeq r0, r0, r0",1
"andeq r0, r0, r0",1
"andeq r0, r0, r0, lsr r1",1
"andeq r0, r0, r4, lsr r1",1
"rsbseq r0, sp, r2",1
"andeq r0, r0, r4, lsr r1",1
"andeq r0, r0, r0, asr 2",1
"ldmdaeq sp!, {r1} ^",1
"andeq r0, r0, r0",1
"andeq r0, r0, r0",1
"andeq r0, r0, r0, lsr r1",1
"andeq r0, r0, r8, lsr r1",1
"ldmdalo r0, {r0} ^",1
"andmi r0, r0, r1",1
"streq r0, [r0], -1",1
"andpl pc, r1, r0, lsl 6",1
"muleq r0, pc, r0",1
"andeq r0, r0, r0",1
"andeq r0, r0, r0",1
"andeq r0, r0, r0, lsl 8",1
"stcvc p2, c0, [r0, -0]",1
"andeq r0, r0, r0, lsl 8",1
"andeq fp, r0, r0, lsl 16",1
"stcvc p2, c0, [r0, -0]",1
"andeq r0, r0, r0, lsl r0",1
"andeq r0, r0, r0",1
"andeq r0, r0, r0",1
"andeq r1, r0, r0",1
"andpl r0, r0, r0, lsl 2",1
"andeq r0, r0, r0, lsl r0",1
"andeq r0, r0, r8, lsr 32",1
"ldmdahs r4, {r0} ^",1
invalid,1
invalid,1
"eoreq r5, ip, r0",1
"rsbeq r0, r4, r0",1
"andeq r0, r1, r0",1
"andeq r6, r0, r4, asr r4",1
"andeq r7, r0, r0, lsl 24",1
"strpl r0, [r0, -0x100]",1
"andeq r0, r0, ip, ror r0",1
"strheq r0, [r0], -r8",1
"subseq r0, r4, r1",1
"andeq r0, r0, r0",1
"strlo r0, [r0], -0",1
"andpl r0, r0, r0",1
invalid,1
"andeq r5, r0, r0",1
"andeq r0, r0, r0",1
"andeq r0, r0, r0",1
"andeq r0, r4, r0",1
"andeq r0, r2, r0",1
"andeq r0, r4, sp, ror r0",1
"subseq r0, r4, r0",1
"andeq r0, r2, r0",1
"andeq r0, r0, sp, ror r8",1
"andeq r0, r0, r0",1
"andeq r0, r0, r0",1
"subeq r0, fp, r0",1
"andeq r0, r1, r0",1
"andeq r4, r0, r1, asr fp",1
"andeq r4, r0, r0, lsl 24",1
"vshl.u8 d0, d0, d0",1
"ldcmi p1, c5, [pc], {1}",1
"strpl r0, [r0], -0",1
invalid,1
"andeq r5, r0, r0, lsl 2",1
"andeq r0, r0, r0",1
"andeq r0, r0, r0",1
"subeq r0, fp, r0",1
"andeq r0, r2, r0",1
"subeq r0, fp, r0, ror r0",1
"subeq r0, ip, r0",1
"andeq r0, r3, r0",1
"mrrcmi p1, 0xf, r0, r0, c3",1
"strpl r0, [r0], -0",1
"andeq r0, r0, 0",1
"andeq r7, r0, r0",1
"andeq r0, r0, r0",1
"strpl r0, [r0], -0",1
invalid,1
"andeq r0, r0, 0",1
"stmdapl r0, {r8, sl, fp, ip, sp, lr}",1
"and r0, r0, r0",1
"andeq r0, r0, 1",1
"andseq r7, r0, r0, lsl 26",1
"andeq r0, r0, r0",1
"strpl r0, [r0], -0",1
"strvs r0, [r0], -0",1
invalid,1
"rsbeq r5, r4, r0",1
"mvneq r0, r0",1
"andeq r0, r1, r0",1
"andeq r0, r0, r5, asr r0",1
"andeq r0, r0, r0",1
"andeq r5, r0, r0, lsl 8",1
"andeq r6, r0, r0, lsl 16",1
invalid,1
"andeq r0, r0, r8, rrx",1
"andeq r0, r0, r0, ror 3",1
"subseq r0, r6, r1",1
"andeq r0, r0, r0",1
"strvc r0, [r0], -0",1
svcvc 0,1
invalid,1
"rsbseq r5, pc, r0",1
"rscseq r0, r0, r0",1
"andeq r0, r1, r0",1
"andeq r0, r1, r4, asr r8",1
"andeq r8, r1, r0, lsl 16",1
"strpl r0, [r0], -0x100",1
"andeq r0, r0, r0, lsr 3",1
"andeq r0, r0, r8, lsr 3",1
"ldrblt r0, [r4], -1",1
"andgt r0, r0, r1",1
invalid,1
"andeq r5, r0, r0, lsl 8",1
"andeq r0, r0, r0",1
"addeq r0, r0, r0",1
"biceq r0, r0, r0",1
"andeq r0, r1, r0",1
"andeq r0, r0, r0, asr r0",1
"andeq r0, r0, r0",1
"andeq r8, r0, r0",1
"andeq ip, r1, r0",1
"andlo r0, r0, r0, lsl 4",1
"muleq r0, pc, r0",1
"andeq r0, r0, r0",1
"andeq r8, r0, r0",1
"andeq ip, r1, r0",1
"stmdaeq r0, {r8, sb}",1
"andeq sb, r0, r8, lsr pc",1
"andeq r0, r0, r0",1
"addeq r0, r0, r0",1
"biceq r0, r0, r0",1
"andeq r0, r3, r0",1
"addseq r2, pc, r8, lsl 26",1
"andeq r0, r0, r0",1
"andhi r0, r0, r0",1
"andgt r0, r0, r0",1
"movweq r0, 1",1
svcls 0x460800,1
"andeq r0, r0, r0",1
"andeq r0, r0, r0",1
"andeq r0, r0, r0, lsl 1",1
"andeq r0, r0, r0, asr 3",1
"strpl r0, [r8], -3",1
"muleq r0, pc, r0",1
"andeq r0, r0, r0",1
"andeq r8, r0, r0",1
"andeq ip, r1, r0",1
"stmdaeq r0, {r8, sb}",1
"andeq sb, r0, r5, asr pc",1
"andeq r0, r0, r0",1
"addseq r0, r0, r0",1
invalid,1
"andeq r0, r2, r0",1
"andeq sb, r0, r0, lsr pc",1
"andeq r0, r0, r0",1
"addseq r0, r0, r0",1
invalid,1
"andeq r0, r3, r0",1
"addseq r3, pc, r8, lsl 16",1
"andeq r0, r0, r0",1
"andls r0, r0, r0",1
invalid,1
"movweq r0, 1",1
svcls 0x2d0800,1
"andeq r0, r0, r0",1
"andeq r0, r0, r0",1
"muleq r0, r0, r0",1
"andeq r0, r0, r8, lsl 2",1
"strmi r0, [r8], -r3",1
"muleq r0, pc, r0",1
"andeq r0, r0, r0",1
"andeq sb, r0, r0",1
"andeq r0, r1, r0, lsl 16",1
"stmdaeq r0, {r8, sb}",1
"andeq sb, r0, r4, asr pc",1
"andeq r0, r0, r0",1
"addseq r0, r0, r0",1
invalid,1
"andeq r0, r1, r0",1
"andeq r0, r0, r0, asr r0",1
"andeq r0, r0, r0",1
"andeq sl, r0, r0",1
"andeq r0, r1, r0, lsl 16",1
"andlo r0, r0, r0, lsl 4",1
"muleq r0, pc, r0",1
"andeq r0, r0, r0",1
"andeq sl, r0, r0",1
"andeq r0, r1, r0, lsl 16",1
"stmdaeq r0, {r8, sb}",1
"andeq sb, r0, r8, lsr pc",1
"andeq r0, r0, r0",1
"adceq r0, r0, r0",1
invalid,1
"andeq r0, r3, r0",1
"addseq r2, pc, r8, lsl 26",1
"andeq r0, r0, r0",1
"andge r0, r0, r0",1
invalid,1
"movweq r0, 1",1
svcls 0x460800,1
"andeq r0, r0, r0",1
"andeq r0, r0, r0",1
"andeq r0, r0, r0, lsr 1",1
"andeq r0, r0, r8, lsl 2",1
"subseq r0, r0, r1",1
"andeq r0, r0, r0",1
"strlt r0, [r0], -0",1
"str r0, [r0], -0",1
"andeq r0, r0, 0",1
"addseq r3, pc, r0",1
"andeq r0, r0, r0",1
"strlt r0, [r0], -0",1
"str r0, [r0], -0",1
"movweq r0, 0",1
svcls 0x380800,1
"andeq r0, r0, r0",1
"andeq r0, r0, r0",1
"strheq r0, [r0], -r4",1
"andeq r0, r0, r4, ror 1",1
"stchs p0, c0, [r8, -0xc]",1
"muleq r0, pc, r0",1
"andeq r0, r0, r0",1
"andeq fp, r0, r0, lsl 8",1
"andeq lr, r0, r0, lsl 8",1
"andpl r0, r0, r0, lsl 2",1
"andeq r0, r0, r0",1
"andeq r0, r0, r0",1
"andeq r0, r0, r4, asr 1",1
"andeq r0, r0, r4, ror 1",1
svcls 0x300002,1
"andeq r0, r0, r0",1
"andeq r0, r0, r0",1
"andeq r0, r0, r4, asr 1",1
"andeq r0, r0, r4, ror 1",1
"stmdalo r8, {r0, r1}",1
"muleq r0, pc, r0",1
"andeq r0, r0, r0",1
"andeq ip, r0, r0, lsl 8",1
"andeq lr, r0, r0, lsl 8",1
"andpl r0, r0, r0, lsl 2",1
"andeq r0, r0, r0",1
"andeq r0, r0, r0",1
"andeq r0, r0, r8, lsl 2",1
"andeq r0, r0, r0, lsr 3",1
svcls 0x300002,1
"strheq r0, [r0], -r4",1
"andeq r0, r0, r0, asr 3",1
svcls 0x300002,1
"andeq r0, r0, r0",1
"andeq r0, r0, r0",1
"andeq r0, r0, r8, lsl 2",1
"andeq r0, r0, r0, lsr 3",1
"andlo r0, r8, r3",1
"muleq r1, pc, r4",1
"andeq ip, r1, r0",1
"stmdaeq r0, {r8, sb}",1
"andeq sb, r0, r0, lsr pc",1
"andeq r0, r0, r0",1
invalid,1
"moveq r0, r0",1
"andeq r0, r3, r0",1
"ldrlt r3, [pc], 0x308       ; [0x3fb3c:4]=0x3000001",1
"andgt r0, r0, r1",1
"movweq r0, 1",1
svcls 0x330800,1
"andeq r0, r0, r0",1
"andeq r0, r0, r0",1
"andeq r0, r0, r8, lsl 2",1
"andeq r0, r0, r0, lsr 3",1
"stmdalo r8, {r0, r1}",1
"muleq r1, pc, r4",1
"andeq ip, r1, r0",1
"stmdaeq r0, {r8, sb}",1
"andeq sb, r0, r8, lsr pc",1
"andeq r0, r0, r0",1
invalid,1
"moveq r0, r0",1
"andeq r0, r3, r0",1
"ldrlt r3, [pc], 0x108       ; [0x3fb80:4]=0x3000001",1
"andgt r0, r0, r1",1
"movweq r0, 1",1
svcls 0x310800,1
"andeq r0, r0, r0",1
"andeq r0, r0, r0",1
"andeq r0, r0, r8, lsl 2",1
"andeq r0, r0, r0, lsr 3",1
"andmi r0, r8, 3",1
"muleq r1, pc, r4",1
"andeq ip, r1, r0",1
"stmdaeq r0, {r8, sb}",1
"andeq sb, r0, r2, asr 30",1
"andeq r0, r0, r0",1
invalid,1
"moveq r0, r0",1
"andeq r0, r3, r0",1
"ldrlt r4, [pc], 0x708       ; [0x3fbc4:4]=0x3000001",1
"andgt r0, r0, r1",1
"movweq r0, 1",1
svcls 0x470800,1
"andeq r0, r0, r0",1
"andeq r0, r0, r0",1
"andeq r0, r0, r8, lsl 2",1
"andeq r0, r0, r0, lsr 3",1
"ldrblt r0, [r0], -1",1
"andgt r0, r0, r1",1
invalid,1
"andeq r5, r0, r0",1
"andeq r0, r0, r0",1
invalid,1
"moveq r0, r0",1
"andeq r0, r2, r0",1
"andeq sb, r0, r0, lsr pc",1
"andeq r0, r0, r0",1
invalid,1
"moveq r0, r0",1
"andeq r0, r3, r0",1
"addseq r3, pc, r8",1
"andeq r0, r0, r0",1
invalid,1
"andge r0, r0, r1",1
"movweq r0, 1",1
svcls 0x330800,1
"andeq r0, r0, r0",1
"andeq r0, r0, r0",1
"andeq r0, r0, r8, lsl 2",1
"andeq r0, r0, r0, lsr 3",1
"stmdalo r8, {r0, r1}",1
"muleq r0, pc, r0",1
"andeq r0, r0, r0",1
"andeq r0, r1, r0, lsl 16",1
"andeq sl, r1, r0",1
"stmdaeq r0, {r8, sb}",1
"andeq sb, r0, r1, lsr pc",1
"andeq r0, r0, r0",1
invalid,1
"moveq r0, r0",1
"andeq r0, r3, r0",1
"addseq r4, pc, r8, lsl 4",1
"andeq r0, r0, r0",1
invalid,1
"andge r0, r0, r1",1
invalid,1
"andeq r5, r0, r0",1
"andeq r0, r0, r0",1
"tsteq ip, r0",1
"cmneq ip, r0",1
"andeq r0, r2, r0",1
"andeq sb, r0, r0, lsr pc",1
"andeq r0, r0, r0",1
"tsteq ip, r0",1
"cmneq ip, r0",1
"andeq r0, r3, r0",1
"addseq r3, pc, r8",1
"andeq r0, r0, r0",1
invalid,1
invalid,1
"movweq r0, 1",1
svcls 0x330800,1
"andeq r0, r0, r0",1
"andeq r0, r0, r0",1
"andeq r0, r0, ip, lsl r1",1
"andeq r0, r0, ip, ror r1",1
"stmdalo r8, {r0, r1}",1
"muleq r0, pc, r0",1
"andeq r0, r0, r0",1
"andeq r1, r1, r0, lsl 24",1
"andeq r7, r1, r0, lsl 24",1
"stmdaeq r0, {r8, sb}",1
"andeq sb, r0, r1, lsr pc",1
"andeq r0, r0, r0",1
"tsteq ip, r0",1
"cmneq ip, r0",1
"andeq r0, r1, r0",1
"andeq r0, r0, r0, asr r0",1
"andeq r0, r0, r0",1
"andeq r2, r1, r0, lsl 24",1
"andeq r7, r1, r0, lsl 24",1
"andlo r0, r0, r0, lsl 4",1
"muleq r0, pc, r0",1
"andeq r0, r0, r0",1
"andeq r2, r1, r0, lsl 24",1
"andeq r7, r1, r0, lsl 24",1
"stmdaeq r0, {r8, sb}",1
"andeq sb, r0, r0, lsr pc",1
"andeq r0, r0, r0",1
invalid,1
"cmneq ip, r0",1
"andeq r0, r3, r0",1
"addseq r3, pc, r8, lsl 6",1
"andeq r0, r0, r0",1
invalid,1
invalid,1
"movweq r0, 1",1
svcls 0x380800,1
"andeq r0, r0, r0",1
"andeq r0, r0, r0",1
"andeq r0, r0, ip, lsr 2",1
"andeq r0, r0, ip, ror r1",1
"subseq r0, r0, r1",1
"andeq r0, r0, r0",1
invalid,1
invalid,1
"andeq r0, r0, 1",1
"addseq r3, pc, r0",1
"andeq r0, r0, r0",1
invalid,1
invalid,1
"movweq r0, 1",1
svcls 0x300800,1
"andeq r0, r0, r0",1
"andeq r0, r0, r0",1
"andeq r0, r0, ip, lsr r1",1
"andeq r0, r0, ip, ror r1",1
"movwlo r0, 0x8003",1
"muleq r0, pc, r0",1
"andeq r0, r0, r0",1
"andeq r3, r1, r0, lsl 24",1
"andeq r7, r1, r0, lsl 24",1
"andpl r0, r0, r0, lsl 2",1
"andeq r0, r0, r0",1
"andeq r0, r0, r0",1
"andeq r0, r0, ip, asr 2",1
"andeq r0, r0, ip, ror r1",1
svcls 0x300002,1
"andeq r0, r0, r0",1
"andeq r0, r0, r0",1
"andeq r0, r0, ip, asr 2",1
"andeq r0, r0, ip, ror r1",1
"andlo r0, r8, r3",1
"muleq r0, pc, r0",1
"andeq r0, r0, r0",1
"andeq r4, r1, r0, lsl 24",1
"andeq r7, r1, r0, lsl 24",1
"stmdaeq r0, {r8, sb}",1
"andeq sb, r0, r3, lsr pc",1
"andeq r0, r0, r0",1
"mrseq r0, spsr",1
"cmneq ip, r0",1
"andeq r0, r1, r0",1
"andeq r0, r0, r0, asr r0",1
"andeq r0, r0, r0",1
"andeq r5, r1, r0, lsl 24",1
"andeq r7, r1, r0, lsl 24",1
"andlo r0, r0, r0, lsl 4",1
"muleq r0, pc, r0",1
"andeq r0, r0, r0",1
"andeq r5, r1, r0, lsl 24",1
"andeq r7, r1, r0, lsl 24",1
"stmdaeq r0, {r8, sb}",1
"andeq sb, r0, r0, lsr pc",1
"andeq r0, r0, r0",1
"cmpeq ip, r0",1
"cmneq ip, r0",1
"andeq r0, r1, r0",1
"andeq r0, r0, r0, asr r0",1
"andeq r0, r0, r0",1
"andeq lr, r1, r0",1
"andeq lr, r1, r0, lsl 8",1
"stcvc p2, c0, [r0, -0]",1
"andeq lr, r1, r0, lsl 8",1
"andeq lr, r1, r0, lsl 16",1
"stcvc p2, c0, [r0, -0]",1
"andeq lr, r1, r4, lsr 16",1
"andeq r0, pc, r0",1
"stcvc p3, c0, [r0, -0]",1
"andeq r0, r0, r8, lsl 3",1
"andeq r0, r0, r0",1
"mvneq r0, r0",1
invalid,1
"andeq r0, r1, r0",1
"andeq pc, r1, r0, asr fp",1
"andeq r0, pc, r0",1
"mrsls r0, lr_irq",1
"muleq r0, ip, pc",1
"andeq r0, r0, r0",1
"mvneq r0, r0",1
invalid,1
"andeq r0, r1, r0",1
"andeq pc, r1, r1, asr fp",1
"andeq r2, r4, r0, lsl 8",1
bpl 0x402a8,1
"andeq r0, r0, r4, lsr 8",1
"andeq r0, r0, ip, lsr 8",1
"mrrchs p0, 0, r0, r3, c1",1
"strhi r0, [r0], -4",1
invalid,1
"cdpeq p9, 8, c5, c4, c0, 0",1
"cdpeq p0, 0xd, c0, c8, c0, 0",1
"andeq r0, r1, r0",1
"andeq sp, lr, sl, asr r8",1
"andeq r0, pc, r0",1
"stmdbpl r0, {r8}",1
"andeq r0, r0, r0",1
"andeq r0, r0, r0",1
"andeq r0, r0, r0, ror 3",1
"strdeq r0, r1, [r0], -fp",1
blx 0x14bfeee,1
invalid,1
invalid,1
"strteq r5, [ip], -0x500",1
"cdpeq p0, 8, c0, c4, c0, 0",1
"andeq r0, r4, r0",1
svcls 0x5201f3,1
"andeq r0, r0, r4, lsl 29",1
"ldrdeq r0, r1, [r0], -r8",1
"ldmdale r5, {r0} ^",1
"andeq r0, r0, lr",1
"streq r0, [r0], -0xf",1
"andpl pc, r1, 0, 6",1
"muleq r0, pc, r0",1
"andeq r0, r0, r0",1
"andeq lr, r1, r0",1
"andeq pc, r1, r0, lsl 22",1
"movwpl r0, 0x100",1
"strdeq r0, r1, [r0], -fp",1
"andeq r0, r0, ip, lsr ip",1
"mrrclo p0, 0, r0, fp, c1",1
invalid,1
"movweq r0, 0xc",1
svcvc 0x949100,1
"andeq r0, r0, ip, asr 25",1
"andeq r0, r0, r8, lsr sp",1
"ldmdalo fp, {r0} ^",1
"strmi r0, [r0], -0xd",1
"movweq r0, 0xd",1
svcvc 0x949100,1
"andeq r0, r0, r4, asr 26",1
"andeq r0, r0, r8, lsr 28",1
"ldmdahs fp, {r0} ^",1
"stmdalo r0, {r1, r2, r3}",1
"movweq r0, 0xe",1
svcvc 0x949100,1
"andeq r0, r0, r8, lsr lr",1
"andeq r0, r0, r0, lsl 30",1
"subseq r0, fp, r1",1
"andeq r0, r0, r0",1
"and r0, r0, r0",1
"strmi r0, [r0], -1",1
"andeq r0, r0, 2",1
"strmi sb, [r0], -0x100",1
"andhi r0, r0, r2",1
"andeq r0, r0, 2",1
"addshi r3, pc, r0, lsl 6",1
"stmdane r0, {r1}",1
"andeq r0, r0, 3",1
"stmdane r0, {r8, ip, pc}",1
"strpl r0, [r0], -3",1
"andeq r0, r0, 3",1
"ldrpl r3, [pc], 0x200       ; [0x3ffb8:4]=0x2000003",1
"strls r0, [r0], -3",1
"andeq r0, r0, 3",1
"strls sb, [r0], -0x100",1
invalid,1
"andeq r0, r0, 3",1
"ldcgt p3, c3, [pc], {0}",1
"andeq r0, r0, r3",1
"andeq r0, r0, 4",1
"addseq r3, pc, r0, lsl 4",1
"strhi r0, [r0], -4",1
"andeq r0, r0, 0xe",1
"ldrbthi sb, [r8], -0x100",1
invalid,1
"andeq r0, r0, 0xe",1
"ldcge p3, c3, [pc], {0}",1
"stmdale r0, {r1, r2, r3}",1
"andeq r0, r0, 0xe",1
"ldmle pc, {sb, ip, sp}",1
"andeq r0, r0, lr",1
"andeq r0, r0, 0xf",1
"rsbseq sb, r8, r0, lsl 2",1
"andeq r0, r0, r0",1
"and r0, r0, r0",1
invalid,1
"andeq r0, r0, 2",1
invalid,1
"andge r0, r0, r2",1
invalid,1
"adceq r5, r0, 0",1
"sbcseq r0, r8, 0",1
"andeq r0, r2, r0",1
"sbcseq r0, r8, 0x91000000",1
"rscseq r0, r8, 0",1
"andeq r0, r1, r0",1
"andeq pc, r2, ip, asr r8",1
"andeq r1, r3, r0, lsl 16",1
"mrsls r0, r8_usr",1
"andeq r1, r3, r4, lsl 16",1
"andeq r0, r4, r0",1
"mrsls r0, r8_usr",1
"andeq r0, r4, ip",1
"andeq r8, lr, r0, lsl 8",1
"mrsls r0, r8_usr",1
"andeq r8, lr, r4, lsl 8",1
"andeq sp, lr, r0, lsl 16",1
"mrsls r0, r8_usr",1
"andeq sp, lr, ip, lsl 16",1
"andeq r0, pc, r0",1
"mrsls r0, r8_usr",1
"andeq r0, r0, r4",1
"andeq r0, r0, r0",1
"andeq lr, r1, r0",1
"andeq sl, r2, r0, lsl 24",1
"mrsls r0, r8_usr",1
"andeq sl, r2, r0, lsl ip",1
"andeq r1, r3, r0, lsl 16",1
"mrsls r0, r8_usr",1
"andeq r1, r3, r8, lsl 16",1
"andeq r0, r4, r0",1
"mrsls r0, r8_usr",1
"andeq r0, r4, r0, lsl r0",1
"andeq r8, lr, r0, lsl 8",1
"mrsls r0, r8_usr",1
"andeq r8, lr, r8, lsl 8",1
"andeq sp, lr, r0, lsl 16",1
"mrsls r0, r8_usr",1
"andeq sp, lr, r0, lsl r8",1
"andeq r0, pc, r0",1
"mrsls r0, r8_usr",1
"andeq r0, r0, r8",1
"andeq r0, r0, r0",1
"andeq r0, r4, r0",1
"andeq r2, r4, r0, lsl 24",1
"andlo r0, r0, r0, lsl 4",1
"muleq r4, pc, ip",1
"andeq pc, r7, r0, lsl 24",1
"strpl r0, [r0], -r0, lsl 2",1
"strdeq r0, r1, [r0], -ip",1
"andeq r0, r0, r8, asr r8",1
"ldmdapl r3, {r0} ^",1
"andgt r0, r0, r8",1
invalid,1
"stcleq p6, c5, [r0], {0}",1
"stcleq p0, c0, [ip], {0}",1
"andeq r0, r1, r0",1
"andeq ip, ip, r0, asr ip",1
"andeq r8, lr, r0, lsl 8",1
"strpl r0, [r0], -r0, lsl 2",1
"ldrdeq r0, r1, [r0], -r8",1
"andeq r0, r0, r0, lsl 30",1
"subseq r0, r6, r1",1
"andeq r0, r0, r0",1
invalid,1
"stmdale r0, {r0}",1
"andeq r0, r0, 2",1
"ldr r3, [pc], 0             ; [0x40138:4]=0x1000002",1
"vst4.8 {d0, d1, d2, d3}, [r0], r2",1
invalid,1
"rscseq r5, r4, 0, 16",1
"rscseq r0, r8, 0",1
"andeq r0, r2, r0",1
"rscseq sb, r8, 48, 30",1
"tsteq r8, 0",1
"andeq r0, r1, r0",1
"andeq r1, r3, r8, asr r8",1
"andeq r0, r4, r0",1
"andlo r0, r0, r0, lsl 4",1
"muleq r4, pc, r0",1
"andeq r1, r7, r0, lsl 8",1
"stmdapl r0, {r8}",1
"andeq r0, r0, r4, lsl r7",1
"andeq r0, r0, r8, asr 14",1
"ldmdami r2, {r0} ^",1
invalid,1
invalid,1
"ldrbeq r5, [ip, -r0, lsl 6]",1
"strbeq r0, [r0, -r0]!",1
"andeq r0, r1, r0",1
"andeq r6, r7, r2, asr r0",1
"andeq r1, r8, r0",1
"stmdapl r0, {r8}",1
"andeq r0, r0, r0, lsl r8",1
"andeq r0, r0, ip, asr 16",1
"mrrcmi p0, 0, r0, r1, c1",1
"strpl r0, [r0], -8",1
invalid,1
"ldmdbeq r4, {fp, ip, lr} ^",1
invalid,1
"andeq r0, r1, r0",1
"andeq r7, sb, r3, asr ip",1
"andeq pc, sb, r0, lsl 8",1
"stmdapl r0, {r8}",1
"strdeq r0, r1, [r0], -r4",1
"strdeq r0, r1, [r0], -r4",1
"ldrlt r0, [r1], 3",1
"andeq r3, ip, pc, ror ip",1
"andeq r5, ip, r0, lsl 16",1
"stmdapl r0, {r8}",1
"andeq r0, r0, r8, asr ip",1
"andeq r0, r0, r4, lsl 25",1
"ldrbhi r0, [r0], -1",1
"andgt r0, r0, ip",1
invalid,1
"stcleq p8, c5, [r0, 0]!",1
"cdpeq p0, 2, c0, c0, c0, 0",1
"andeq r0, r1, r0",1
"andeq r2, lr, r8, asr r0",1
"andeq r2, lr, r0, lsl 16",1
"mrsls r0, lr_irq",1
"mcreq p15, 1, r7, c8, c4, 5",1
"cdpeq p0, 3, c0, c12, c0, 0",1
"andeq r0, r1, r0",1
"andeq r8, lr, r8, asr r4",1
"andeq sp, lr, r0, lsl 16",1
"andlo r0, r0, r0, lsl 4",1
"muleq lr, pc, r8",1
"andeq lr, lr, r0, lsl 8",1
"andpl r0, r0, 0, 2",1
"andeq r0, r0, r0",1
"andeq r0, r0, r0",1
"strdeq r0, r1, [r0], -r8",1
"strheq r0, [r0], -ip",1
svcls 0x300002,1
"strheq r0, [r0], -ip",1
"ldrdeq r0, r1, [r0], -r8",1
"ldreq r0, [r1], 2",1
"strdeq r0, r1, [r0], -r4",1
"strdeq r0, r1, [r0], -r8",1
invalid,1
"stmdane r0, {r1}",1
"andeq r0, r0, 3",1
"stmdane r8, {r8, ip, pc}",1
"andeq r0, r0, r3",1
"andeq r0, r0, 4",1
"addseq r3, pc, r0",1
"andgt r0, r0, r4",1
"movweq r0, 0xd",1
svcvc 0xa49100,1
"andeq r0, r0, r0, asr 27",1
"ldrdeq r0, r1, [r0], -r4",1
"subseq r0, r0, r1",1
"strhi r0, [r0], -0xe",1
"movweq r0, 0xe",1
svcvc 0xa49100,1
"andeq r0, r0, r4, lsl 29",1
"ldrdeq r0, r1, [r0], -r8",1
svcls 0x300002,1
"ldrdeq r0, r1, [r0], -r8",1
"andeq r0, r0, r4, ror 29",1
"ldrge r0, [r1], 3",1
"andeq r0, r0, pc, ror r0",1
"andeq r0, r0, r0",1
"andeq pc, r1, r0, lsl 16",1
"andeq r0, r3, r0, lsl 8",1
"andlo r0, r0, r0, lsl 4",1
"muleq r3, pc, r4",1
"andeq r0, r3, r0, lsl 16",1
"andpl r0, r0, r0, lsl 2",1
"andeq r0, r0, r8, lsl 6",1
"andeq r0, r0, r8, lsl r3",1
"ldmdane sb, {r0} ^",1
"andeq r0, r0, r3",1
"andeq r0, r0, 4",1
"addseq r3, pc, r0",1
"stmdahs r0, {r2}",1
invalid,1
"strteq r5, [r8], -0x900",1
"strteq r0, [ip], -0",1
"andeq r0, r1, r0",1
"andeq r8, lr, sl, asr r4",1
"andeq sp, lr, r0, lsl 16",1
"andlo r0, r0, r0, lsl 4",1
"muleq r0, pc, r0",1
"andeq r0, r0, r0",1
"andeq pc, r1, r0, lsl 16",1
"andeq pc, r2, r0, lsl 16",1
"andlo r0, r0, r0, lsl 4",1
"muleq r2, pc, r8",1
"andeq r1, r3, r0, lsl 16",1
"mrslo r0, r8_usr",1
"muleq r3, pc, r8",1
"andeq r0, r4, r0",1
"andlo r0, r0, r0, lsl 4",1
"muleq r4, pc, r0",1
"andeq r8, lr, r0, lsl 8",1
"mrsls r0, lr_irq",1
"cdpeq p15, 8, c7, c4, c12, 4",1
"cdpeq p0, 0xd, c0, c8, c0, 0",1
"andeq r0, r2, r0",1
"mrceq p15, 6, sb, c8, c0, 1",1
svceq 0,1
"andeq r0, r3, r0",1
invalid,1
"andeq r0, r0, r0",1
"andeq r0, r0, r0",1
"streq r0, [r0], -2",1
"streq r0, [r0, -2]",1
invalid,1
"andeq sb, r4, 41, 30",1
svceq 0,1
"andeq r0, r7, r0",1
"uhadd8eq sl, pc, r1",1
"addseq r2, pc, r1, lsr sb",1
"andeq r0, r0, r0",1
"andne r0, r0, r0",1
"strhi r0, [r0], -2",1
"movweq r0, 0xe",1
svcvc 0x909100,1
"andeq r0, r0, r4, lsl 29",1
"ldrdeq r0, r1, [r0], -r8",1
svcls 0x310002,1
"ldrdeq r0, r1, [r0], -r8",1
"andeq r0, r0, r0, lsl 30",1
"addsls r0, r1, r3",1
"andeq r0, r0, pc, ror r0",1
"andeq r0, r0, r0",1
"andeq sp, r4, r0",1
"andeq r5, r7, r0, lsl 8",1
"mrsvc r0, r8_usr",1
"andeq r5, r7, r0, lsl 8",1
"andeq r6, r7, r0",1
invalid,1
"mulvs r6, r8, pc",1
invalid,1
"andeq r0, r0, 7",1
invalid,1
invalid,1
"streq r0, [r0], -7",1
svcvc 0x989100,1
"andeq pc, r7, r6, lsl 24",1
"andeq r5, r8, r0, lsl 16",1
"strvc r0, [r0, -0x500]",1
"andhs r7, r0, 0, 6",1
"andeq r0, r0, r8, asr r8",1
"andeq r0, r0, r8, ror r8",1
"rsbseq r0, r1, r2",1
"andeq r0, r0, r8, ror r8",1
"muleq r0, r0, r8",1
"ldmls r1, {r2}",1
"ldmeq r0, {r0, r1, r2, r3, r4, r5, r6, sb, sl}",1
invalid,1
"andeq r0, r2, r0",1
"ldmeq r8, {r0, r4, r5, r6}",1
invalid,1
"andeq r0, r4, r0",1
"uhadd8eq sb, pc, r1",1
"andeq r0, r0, r0, asr 17",1
"andeq r0, r0, r4, asr 17",1
"rsbseq r0, r1, r2",1
"andeq r0, r0, r4, asr 17",1
"ldrdeq r0, r1, [r0], -r4",1
"ldmls r1, {r2}",1
"ldmeq r4, {r0, r1, r2, r3, r4, r5, r6, sb, sl} ^",1
invalid,1
"andeq r0, r2, r0",1
"stmdbeq ip, {r0, r4, r5, r6}",1
invalid,1
"andeq r0, r4, r0",1
"uhadd8eq sb, pc, r1",1
"andeq r0, r0, r8, lsr 18",1
"andeq r0, r0, r4, ror sb",1
"rsbseq r0, r1, r2",1
"andeq r0, r0, r4, ror sb",1
"andeq r0, r0, r0, lsl 19",1
"ldmls r1, {r2}",1
"stmibeq r0, {r0, r1, r2, r3, r4, r5, r6, sb, sl}",1
invalid,1
"andeq r0, r2, r0",1
"stmibeq pc, {r0, r4, r5, r6}",1
invalid,1
"andeq r0, r1, r0",1
"andeq fp, sb, r4, asr r0",1
"andeq ip, sb, r0, lsl 22",1
"mrsvc r0, r8_usr",1
"andeq ip, sb, r0, lsl 22",1
"andeq pc, sb, r0, lsl 8",1
"strpl r0, [r0], -0x100",1
"strdeq r0, r1, [r0], -r4",1
"strdeq r0, r1, [r0], -r4",1
"ldclt p0, c0, [r1], {3}",1
"andeq r3, ip, pc, ror ip",1
"andeq r8, ip, r0, lsl 16",1
"strpl r0, [r0], -0x100",1
"andeq r0, r0, ip, lsl 25",1
"andeq r0, r0, r4, asr 25",1
"ldrbgt r0, [r4], -1",1
invalid,1
"andeq r0, r0, 0xc",1
invalid,1
"stmdale r0, {r2, r3}",1
invalid,1
"ldceq p4, c5, [r0, -0]",1
"ldceq p0, c0, [r4, -0]",1
"andeq r0, r4, r0",1
"uhadd8eq sb, pc, r1",1
"andeq r0, r0, r4, lsl sp",1
"andeq r0, r0, r4, asr sp",1
"ldmdaeq r4, {r0} ^",1
"andne r0, r0, lr",1
"andeq r0, r0, 0xe",1
"andne r7, r0, r0, lsl 2",1
"stmdane r0, {r1, r2, r3}",1
"streq r0, [r0], -0xe",1
svcvc 0x989100,1
"andeq r1, lr, r6, lsl 16",1
"andeq r2, lr, r0",1
"mrsvc r0, r8_usr",1
"andeq r2, lr, r0",1
"andeq r2, lr, r0, lsl 16",1
"mrsls r0, lr_irq",1
"mcreq p15, 1, r7, c8, c12, 5",1
"cdpeq p0, 3, c0, c12, c0, 0",1
"andeq r0, r1, r0",1
"andeq sp, lr, r4, asr r8",1
"andeq lr, lr, r0, lsl 8",1
"stmdaeq r0, {r8, sb}",1
"andeq sb, r0, r0, lsr pc",1
"andeq r0, r0, r0",1
invalid,1
invalid,1
"andeq r0, r3, r0",1
"addsvs r6, pc, r8, lsl 12",1
"stmdavs r0, {r3}",1
"movweq r0, 8",1
svcls 0x740800,1
"andeq r0, r0, r8, ror 16",1
"andeq r0, r0, r0, ror r8",1
"strvc r0, [r8], -r3",1
"muleq r8, pc, r0",1
"andeq sb, r8, r0",1
"stmdaeq r0, {r8, sb}",1
"ldmeq r8, {r2, r3, r4, r6, r8, sb, sl, fp, ip, pc}",1
invalid,1
"andeq r0, r3, r0",1
"ldcls p12, c5, [pc], {8}",1
"andgt r0, r0, r8",1
invalid,1
"stmeq r4, {r8, sb, ip, lr} ^",1
invalid,1
"andeq r0, r1, r0",1
"andeq r1, sp, r3, asr r0",1
"andeq r1, sp, r0, lsl 8",1
"movwpl r0, 0x100",1
"andeq r0, r0, r0",1
"andeq r0, r0, r0",1
"andeq r0, r0, ip, lsr 8",1
"andeq r0, r0, r4, asr 9",1
svcls 0x300002,1
"andeq r0, r0, r4, asr 9",1
"andeq r0, r0, ip, lsr ip",1
"ldrls r0, [r1], 3",1
"andeq r3, ip, pc, ror ip",1
"andeq sl, ip, r0, lsl 8",1
"strpl r0, [r0, -0x100]",1
"andeq r0, r0, r4, lsr 25",1
"andeq r0, r0, r8, lsr 25",1
svcls 0x300002,1
"andeq r0, r0, r8, lsr 25",1
"andeq r0, r0, ip, asr 25",1
"mrrcgt p0, 0, r0, r5, c1",1
"stmdalo r0, {r2, r3}",1
"movweq r0, 0xd",1
svcvc 0x949100,1
"andeq r0, r0, r8, lsr sp",1
"andeq r0, r0, r0, asr 26",1
"subseq r0, r5, r1",1
"stmdaeq r0, {r1, r2, r3}",1
"andeq r0, r0, 0xe",1
"ldmeq pc, {ip, sp}",1
"stmdahs r0, {r1, r2, r3}",1
"movweq r0, 0xe",1
svcvc 0x949100,1
"andeq r0, r0, r8, lsr 28",1
"andeq r0, r0, r0, lsr lr",1
"ldmdalo r5, {r0} ^",1
invalid,1
"movweq r0, 0xe",1
svcvc 0x949100,1
"ldrdeq r0, r1, [r0], -r8",1
"andeq r0, r0, r4, ror 29",1
"ldrls r0, [r1], 3",1
"andeq r0, r0, pc, ror r0",1
"andeq r0, r0, r0",1
"andeq r8, sb, r0, lsl 24",1
"andeq fp, sb, r0",1
"mrslo r0, r8_usr",1
"muleq sb, pc, ip",1
"andeq pc, sb, r0, lsl 8",1
"andlo r0, r0, r0, lsl 4",1
"muleq sb, pc, r4",1
"andeq r3, sl, r0, lsl 16",1
bpl 0x40a78,1
"andeq r0, r0, r8, lsr sl",1
"andeq r0, r0, r8, asr sl",1
"ldmdapl r7, {r0} ^",1
"strhi r0, [r0], -0xa",1
invalid,1
beq 0xfe155290,1
bleq 0xfe540694,1
"andeq r0, r1, r0",1
"andeq sb, fp, sl, asr r4",1
"andeq sb, fp, r0, lsl 16",1
"strpl r0, [r0, -r0, lsl 2]",1
"muleq r0, r8, fp",1
"andeq r0, r0, r8, lsr 23",1
"ldmdage sl, {r0} ^",1
invalid,1
invalid,1
bleq 0xff3562bc,1
bleq 0xff6406c0,1
"andeq r0, r1, r0",1
"andeq sp, fp, r3, asr r8",1
"andeq sp, fp, r0, lsl 24",1
"strpl r0, [r0, -r0, lsl 2]",1
"ldrdeq r0, r1, [r0], -ip",1
"andeq r0, r0, ip, ror 23",1
"mrrc p0, 0, r0, sl, c1",1
"vst4.8 {d0, d1, d2, d3}, [r0], fp",1
invalid,1
"cdpeq p7, 2, c5, c0, c0, 0",1
"cdpeq p0, 2, c0, c4, c0, 0",1
"andeq r0, r1, r0",1
"andeq r0, r0, sl, asr r0",1
"andeq r0, r0, r0",1
"andeq sl, sb, r0, lsl 16",1
"andeq fp, sb, r0",1
"mrsls r0, lr_irq",1
"ldmibeq ip!, {r3, r5, r7, r8, sb, sl, fp, ip, sp, lr}",1
invalid,1
"andeq r0, r2, r0",1
"ldmibeq r4!, {r0, r4, r5, r8, sb, sl, fp, ip, pc} ^",1
bleq 0xff640718,1
"andeq r0, r3, r0",1
"ldmdale pc!, {r0, r4, r7, fp, sp, pc} ^",1
invalid,1
"andeq r0, r0, 0xb",1
"ldcle p0, c3, [pc], {0}",1
invalid,1
"movweq r0, 0xc",1
svcvc 0xa89100,1
"andeq r0, r0, r8, lsr sp",1
"andeq r0, r0, r4, asr 26",1
"ldmge r1, {r0, r1}",1
"andeq r2, lr, pc, ror r0",1
"andeq r3, lr, r0, lsl 16",1
"mrsls r0, lr_irq",1
"andeq r7, r0, r8, lsr 31",1
"andeq r0, r0, r0",1
invalid,1
bleq 0xffd40760,1
"andeq r0, r2, r0",1
"mcreq p15, 1, sb, c0, c8, 1",1
"cdpeq p0, 2, c0, c8, c0, 0",1
"andeq r0, r2, r0",1
"andeq sb, r0, r8, lsr pc",1
"andeq r0, r0, r0",1
invalid,1
bleq 0xffd40780,1
"andeq r0, r2, r0",1
"mcreq p15, 1, sb, c0, c0, 1",1
"cdpeq p0, 2, c0, c8, c0, 0",1
"andeq r0, r2, r0",1
"andeq sb, r0, r0, lsr pc",1
"andeq r0, r0, r0",1
invalid,1
beq 0x3407a0,1
"andeq r0, r3, r0",1
"ldceq p8, c4, [pc], {0x91}",1
svceq 0xa,1
invalid,1
beq 0x4153b4,1
bleq 0x1e407b8,1
"andeq r0, r3, r0",1
"ldmvc pc, {r0, r4, r7, fp, lr}",1
blvc 0x407f0,1
invalid,1
bleq 0x1f147cc,1
bleq 0xffd407d0,1
"andeq r0, r3, r0",1
"umullshs r4, pc, r1, r8",1
"stmdahs r0, {r1, r2, r3}",1
"movweq r0, 0xe",1
svcls 0x489100,1
"andeq r0, r0, r0",1
"andeq r0, r0, r0",1
"andeq r0, r0, ip, lsr 8",1
"andeq r0, r0, r4, lsl 29",1
"ldrmi r0, [r1], 2",1
"ldrdeq r0, r1, [r0], -r8",1
"andeq r0, r0, r0, lsl 30",1
"ldrmi r0, [r1], 2",1
"andeq r0, r0, r0",1
"andeq r0, r0, r0",1
"andeq r0, r0, r0, lsl sl",1
"andeq r0, r0, ip, asr fp",1
"mrrcpl p0, 0, r0, r0, c1",1
invalid,1
invalid,1
bleq 0xfe655824,1
bleq 0xff540828,1
"andeq r0, r1, r0",1
"andeq sp, fp, r0, asr ip",1
"andeq lr, fp, r0, lsl 24",1
"andpl r0, r0, r0, lsl 2",1
"andeq r0, r0, r0, lsr 28",1
"andeq r0, r0, r8, lsr 28",1
"subseq r0, r0, r1",1
"andeq r0, r0, r0",1
"andge r0, r0, r0",1
"strlt r0, [r0], -0xa",1
"andeq r0, r0, 0xa",1
"addseq r3, pc, r0, lsl 2",1
"andeq r0, r0, r0",1
invalid,1
invalid,1
invalid,1
"ldceq p1, c5, [r8, -0]!",1
"stcleq p0, c0, [r4, -0]",1
"andeq r0, r1, r0",1
"andeq r2, lr, r1, asr r8",1
"andeq r3, lr, r0, lsl 16",1
invalid,1
"andeq r0, r0, r0",1
"andeq r0, r0, r0",1
"andeq r0, r0, r0, lsl 30",1
"andeq r0, r0, r4, lsl 30",1
"rsbseq r0, sp, r2",1
"andeq r0, r0, r4, lsl 30",1
"andeq r0, r0, r8, lsl 30",1
"ldrbths r0, [sp], -2",1
"andeq r0, r0, r8, lsl 30",1
"andeq r1, r0, r0, asr 1",1
"rsbsle r0, sp, r3",1
"andeq r0, r0, r0",1
"andeq r0, r0, r0",1
"andeq r0, pc, r0",1
"andeq r1, pc, r0, lsl 22",1
"andpl r0, r0, r0, lsl 2",1
"andeq r0, r0, fp, lsl pc",1
"andeq r1, r0, r0, asr 1",1
"subseq r0, r6, r1",1
"andeq r0, r0, r0",1
"andeq r0, r0, r0",1
blne 0x40914,1
invalid,1
svceq 0x1b5100,1
"sbcne r0, r0, r0",1
"andeq r0, r1, r0",1
"andeq r0, r0, sb, asr r0",1
"andeq r0, r0, r0",1
"andeq r0, pc, r0",1
"andeq r1, pc, r0, lsl 22",1
"andpl r0, r0, 0, 2",1
"andeq r0, r0, fp, lsl pc",1
"andeq r1, r0, r0, asr 1",1
"subseq r0, fp, r1",1
"andeq r0, r0, r0",1
"andeq r0, r0, r0",1
blne 0x40950,1
invalid,1
svceq 0x1b5300,1
"sbcne r0, r0, r0",1
"andeq r0, r1, r0",1
"andeq r0, r0, r4, asr r0",1
"andeq r0, r0, r0",1
"andeq r2, pc, r0, lsl 16",1
"andeq r2, pc, r0, lsl 24",1
"movwpl r0, 0x100",1
"andeq r0, r0, ip, lsr 30",1
"andeq r0, r0, fp, lsr pc",1
"rsbseq r0, r0, r2",1
"andeq r0, r0, fp, lsr pc",1
"andeq r0, r0, ip, lsr pc",1
"ldcmi p0, c0, [r1], {2}",1
"andeq r0, r0, ip, lsr pc",1
"andeq r0, r0, fp, asr pc",1
"rsbseq r0, r0, r2",1
"andeq r0, r0, fp, asr pc",1
"andeq r0, r0, ip, asr pc",1
"ldcmi p0, c0, [r1], {2}",1
"andeq r0, r0, ip, asr pc",1
"andeq r0, r0, ip, ror 30",1
"rsbseq r0, r0, r2",1
"andeq r0, r0, ip, ror 30",1
"andeq r1, r0, r0, rrx",1
"ldcmi p0, c0, [r1], {2}",1
"andeq r1, r0, r0, rrx",1
"andeq r1, r0, r4, rrx",1
"rsbseq r0, r0, r2",1
"andeq r1, r0, r4, rrx",1
"andeq r1, r0, fp, rrx",1
"rsbseq r0, r8, r2",1
"andeq r1, r0, fp, rrx",1
"andeq r1, r0, r4, lsl 1",1
"ldcmi p0, c0, [r1], {2}",1
"andeq r1, r0, r4, lsl 1",1
"andeq r1, r0, r8, lsl 1",1
"rsbseq r0, r0, r2",1
"andeq r1, r0, r8, lsl 1",1
"andeq r1, r0, pc, lsl 1",1
"rsbseq r0, r8, r2",1
"andeq r1, r0, pc, lsl 1",1
"andeq r1, r0, r0, asr 1",1
"ldcmi p0, c0, [r1], {2}",1
"andeq r0, r0, r0",1
"andeq r0, r0, r0",1
"andeq r0, r0, r0, lsr pc",1
"andeq r1, r0, r0, ror r0",1
"subsvc r0, r5, r1",1
invalid,1
invalid,1
"rsbsne r5, ip, r0",1
"addsne r0, r4, r0",1
"andeq r0, r1, r0",1
"andseq sb, r0, r5, asr r4",1
"andseq sl, r0, r0",1
"andpl r0, r0, r0, lsl 2",1
"andeq r1, r0, r0, lsr 1",1
"andeq r1, r0, r0, asr 1",1
"subseq r0, r5, r1",1
"andeq r0, r0, r0",1
"andpl r0, r0, r0",1
invalid,1
invalid,1
"rsbne r5, r0, r0, lsl 14",1
"adcne r0, r0, r0",1
"andeq r0, r1, r0",1
"andeq r0, r0, r7, asr r0",1
"andeq r0, r0, r0",1
"andeq r5, pc, r0",1
"andeq r6, pc, r0, lsl 24",1
"strvc r0, [r0, -0x900]",1
"addspl r0, r8, 0, 6",1
svcls 0x290002,1
"andeq r1, r0, r0, rrx",1
"andeq r1, r0, r0, ror r0",1
"rsbseq r0, r5, sb",1
"subseq sb, r2, 0x30000",1
"ldrhi r2, [pc], 0x900       ; [0x40a54:4]=0x9000010",1
"strls r0, [r0], -0x10",1
"stmdbeq r0, {r4}",1
"movweq r7, 0x500",1
"muleq r2, r8, r2",1
"andeq sb, r0, sb, lsr 30",1
"andeq r0, r0, r0",1
svceq 0x740000,1
svceq 0x7c0000,1
"andeq r0, r8, r0",1
"rsbseq r0, r0, r7, ror r0",1
svcls 0x24331c,1
"andeq r0, r0, ip, ror pc",1
"andeq r0, r0, r4, lsl 31",1
"rsbseq r0, r7, ip",1
"subseq sb, r2, 0x3000000",1
"tstlo ip, 0, 12",1
svceq 0x849f24,1
svceq 0x870000,1
"andeq r0, r1, r0",1
"andeq r0, r0, r2, asr r0",1
"andeq r0, r0, r0",1
"andeq r7, pc, r0, lsl 8",1
"andeq r8, pc, r0, lsl 24",1
"andlo r0, r0, r0, lsl 4",1
"muleq r0, pc, r0",1
"andeq r0, r0, r0",1
"andeq r7, pc, r0, lsl 8",1
"andeq r7, pc, r0, lsl 24",1
"andvc r0, r0, r0, lsl 16",1
"strvc r3, [r4, -0x300]!",1
"ldcvc p2, c2, [pc], {0}",1
"strhi r0, [r0, -pc]",1
invalid,1
"addspl r0, r4, 0, 6",1
"movwlo r0, 0x6002",1
"andhs r7, r0, 36, 10",1
"muleq r0, pc, r0",1
"andeq r0, r0, r0",1
"andeq sb, pc, r0, lsl 16",1
"andseq r6, r0, r0",1
bpl 0x40ef8,1
"andeq r1, r0, r0, lsr 1",1
"andeq r1, r0, r0, asr 1",1
"subseq r0, sl, r1",1
"andeq r0, r0, r0",1
invalid,1
invalid,1
invalid,1
"adcne r5, r0, r0, lsl 14",1
"sbcne r0, r0, r0",1
"andeq r0, r1, r0",1
"andeq r0, r0, r7, asr r0",1
"andeq r0, r0, r0",1
"andeq sl, pc, r0, lsl 16",1
"andeq sl, pc, r0, lsl 24",1
"movwpl r0, 0x100",1
"andeq r0, r0, ip, lsr 31",1
"andeq r1, r0, r0, rrx",1
"ldrmi r0, [r1], 2",1
"andeq r1, r0, r0, lsr 1",1
"andeq r1, r0, r0, asr 1",1
"ldrmi r0, [r1], 2",1
"andeq r0, r0, r0",1
"andeq r0, r0, r0",1
"andeq r0, r0, ip, ror 31",1
"andeq r1, r0, ip",1
"mrrceq p0, 0, r0, r0, c1",1
"andvs r0, r0, r0, lsl r0",1
"movweq r0, 0x10",1
svcls 0x7f7a00,1
"andeq r0, r0, r0",1
"andeq r0, r0, r0",1
"andeq r1, r0, r0, lsl r0",1
"andeq r1, r0, r0, rrx",1
"subseq r0, sl, r1",1
"andeq r0, r0, r0",1
"andgt r0, r0, r0",1
"strgt r0, [r0], -0x10",1
"andeq r0, r0, 0x10",1
"strgt r7, [r0], -0xd00",1
invalid,1
"andeq r0, r0, 0x10",1
"andseq r7, r0, r0, lsl 26",1
"andeq r0, r0, r0",1
"andgt r0, r0, r0",1
blgt 0x40bec,1
invalid,1
"sbcne r5, fp, r0",1
"rscne r0, r0, r0",1
"andeq r0, r1, r0",1
"andseq lr, r0, r4, asr r0",1
"andseq pc, r0, r0, lsl 16",1
"vshl.u8 d0, d0, d0",1
"addseq r5, pc, r1",1
"andeq r0, r0, r0",1
invalid,1
"stmdaeq r0, {r4}",1
invalid,1
invalid,1
"tstne r0, r0",1
"andeq r0, r4, r0",1
svcls 0x5001f3,1
"andeq r0, r0, r0",1
"andeq r0, r0, r0",1
"andeq r1, r0, r8, lsr 2",1
"andeq r1, r0, ip, lsr 2",1
"rsbseq r0, sp, r2",1
"andeq r1, r0, ip, lsr 2",1
"andeq r1, r0, ip, ror 2",1
"ldrbteq r0, [sp], -2",1
"andeq r0, r0, r0",1
"andeq r0, r0, r0",1
"andeq r1, r0, r8, lsr 2",1
"andeq r1, r0, r4, lsr r1",1
"ldrblo r0, [r0], -1",1
"stmdalo r0, {r0, r4}",1
invalid,1
"teqne r8, r0, lsl 6",1
invalid,1
"andeq r0, r4, r0",1
svcls 0x5001f3,1
"andeq r0, r0, r0",1
"andeq r0, r0, r0",1
"andeq r1, r0, r8, lsr 2",1
"andeq r1, r0, r0, asr 2",1
"subsmi r0, r1, r1",1
invalid,1
"streq r0, [r0], -0x11",1
"mrspl pc, sp_irq",1
"muleq r0, pc, r0",1
"andeq r0, r0, r0",1
"andseq r2, r1, r0, lsl 16",1
"andseq r5, r1, r0, lsl 8",1
"andpl r0, r0, 0, 2",1
"andeq r1, r0, r4, asr r1",1
"andeq r1, r0, ip, ror 2",1
invalid,1
"andeq sb, r0, r2, asr pc",1
"andeq r0, r0, r0",1
invalid,1
"mrsne r0, spsr",1
"andeq r0, r1, r0",1
"andeq r0, r0, r1, asr r0",1
"andeq r0, r0, r0",1
"andseq r3, r1, r0, lsl 24",1
"andseq r4, r1, r0, lsl 8",1
invalid,1
invalid,1
"ldrmi r2, [pc], 0x200       ; [0x40ca8:4]=0x8000011",1
invalid,1
"stmdaeq r0, {r0, r4}",1
"andlo r7, r0, 0, 24",1
"andhs r7, r0, 36, 6",1
"muleq r0, pc, r0",1
"andeq r0, r0, r0",1
"andseq r4, r1, r0",1
"andseq r5, r1, r0, lsl 24",1
invalid,1
"andeq r0, r0, r0",1
"andeq r0, r0, r0",1
"andeq r1, r0, ip, ror 2",1
"andeq r1, r0, r8, ror r1",1
"ldmdavc r0, {r0} ^",1
"stmdahi r0, {r0, r4}",1
invalid,1
"andeq r5, r0, r0, lsl 6",1
"andeq r0, r0, r0",1
"orrne r0, r8, r0",1
"orrne r0, ip, r0",1
"andeq r0, r2, r0",1
"orrne r0, ip, sp, ror r0",1
"movsne r0, r0",1
"andeq r0, r2, r0",1
"andeq r0, r0, sp, ror r8",1
"andeq r0, r0, r0",1
"orrne r0, r8, r0",1
"orrsne r0, r4, r0",1
"andeq r0, r1, r0",1
"andseq sb, r1, r0, asr r4",1
"andseq fp, r1, r0, lsl 14",1
"movwpl r0, 0x100",1
"strheq r1, [r0], -r7",1
"strheq r1, [r0], -ip",1
invalid,1
"sbfxpl r0, r0, 6, 0x15",1
invalid,1
"stmdahs lr!, {r4, r6, ip, sp}",1
"tstne r6, 1",1
"muleq r0, pc, r0",1
"andeq r0, r0, r0",1
"andseq r8, r1, r0, lsl 16",1
"andseq fp, r1, r0, lsl 14",1
invalid,1
"strheq r1, [r0], -r7",1
"strheq r1, [r0], -ip",1
invalid,1
"andeq sb, r0, r1, asr pc",1
"andeq r0, r0, r0",1
"orrne r0, r8, r0",1
"movsne r0, r0",1
"andeq r0, r1, r0",1
"andseq fp, r1, r2, asr r7",1
"andseq fp, r1, r0, lsl 24",1
"vshl.u8 d0, d0, d0",1
"addseq r5, pc, r1, lsl 4",1
"andeq r0, r0, r0",1
invalid,1
"andgt r0, r0, r1, lsl r0",1
"andeq r0, r0, 0x11",1
"andgt r7, r0, r0, lsl 26",1
"strgt r0, [r0], -0x11",1
"andeq r0, r0, 0x11",1
"strtgt r7, [r0], -0xd00",1
invalid,1
"andeq r0, r0, 0x12",1
"eorseq r7, r8, r0, lsl 26",1
"andeq r0, r0, r0",1
invalid,1
"smlad r0, r1, r0, r0",1
invalid,1
invalid,1
"eorsne r0, ip, 0",1
"andeq r0, r1, r0",1
"andeq r0, r0, sb, asr r0",1
"andeq r0, r0, r0",1
"andseq fp, r1, r0, lsl 24",1
"andseq lr, r1, r0, lsl 14",1
invalid,1
"andeq r1, r0, r7, ror 3",1
"andeq r1, r0, ip, lsr r2",1
"subseq r0, sl, r1",1
"andeq r0, r0, r0",1
invalid,1
"smlad r0, r1, r0, r0",1
invalid,1
invalid,1
"eorsne r0, ip, 0",1
"andeq r0, r1, r0",1
"andeq r0, r0, r8, asr r0",1
"andeq r0, r0, r0",1
"andseq fp, r1, r0, lsl 24",1
"andseq lr, r1, r0, lsl 14",1
"movwpl r0, 0x100",1
"andeq r1, r0, r7, ror 3",1
"andeq r1, r0, ip, lsr r2",1
"subseq r0, r7, r1",1
"andeq r0, r0, r0",1
invalid,1
"andmi r0, r0, r2, lsl r0",1
"andeq r0, r0, 0x12",1
"andmi r7, r0, r0, lsl 26",1
"strmi r0, [r0], -0x12",1
"andeq r0, r0, 0x12",1
"strtmi r7, [r4], -0xd00",1
"stmdane r0, {r1, r4}",1
"movweq r0, 0x13",1
"sbcseq r7, r0, r0, lsl 26",1
"andeq r0, r0, r0",1
"andeq r0, r0, r0",1
"andeq r1, r0, ip, lsr r2",1
"andeq r1, r0, pc, asr r2",1
svcpl 0x500001,1
"stmdane r0, {r1, r4}",1
invalid,1
"andeq r5, r0, r0, lsl 16",1
"andeq r0, r0, r0",1
"eorsne r0, ip, 0",1
"subsne r0, pc, 0",1
"andeq r0, r1, r0",1
"andseq r5, r2, r1, asr pc",1
"andseq r1, r3, r0, lsl 16",1
"strpl r0, [r0, -r0, lsl 2]",1
"andeq r0, r0, r0",1
"andeq r0, r0, r0",1
"andeq r1, r0, ip, lsr r2",1
"andeq r1, r0, r4, asr r2",1
"ldrbpl r0, [r2], -1",1
"stmdane r0, {r1, r4}",1
invalid,1
"andeq r5, r0, r0, lsl 10",1
"andeq r0, r0, r0",1
"eorsne r0, ip, 0",1
"subsne r0, pc, 0",1
"andeq r0, r1, r0",1
"andseq r5, r2, r3, asr pc",1
"andseq r1, r3, r0, lsl 16",1
"vshl.u8 d0, d0, d0",1
"addseq r5, pc, r1, lsl 6",1
"andeq r0, r0, r0",1
invalid,1
"andhi r0, r0, r2, lsl r0",1
invalid,1
"addne r5, r0, 0, 6",1
"adcne r0, r0, 0",1
"andeq r0, r2, r0",1
"adcne r0, r0, 0x70",1
"adcne r0, pc, 0",1
"andeq r0, r2, r0",1
"adcne r0, pc, 0x76",1
"tstne r8, 0",1
"andeq r0, r2, r0",1
"muleq r0, r1, r8",1
"andeq r0, r0, r0",1
"tstne r8, 0",1
"tstne ip, 0",1
"andeq r0, r2, r0",1
"tstne ip, 0x7d",1
invalid,1
"andeq r0, r2, r0",1
"andeq r0, r0, sp, ror r8",1
"andeq r0, r0, r0",1
"tstne r8, 0",1
invalid,1
"andeq r0, r1, r0",1
"andseq r2, r3, r0, asr r7",1
"andseq r2, r3, r0, lsl 24",1
"vshl.u8 d0, d0, d0",1
"addseq r5, pc, r1",1
"andeq r0, r0, r0",1
invalid,1
"smladhs r0, r3, r0, r0",1
invalid,1
invalid,1
invalid,1
"andeq r0, r4, r0",1
svcls 0x5101f3,1
"andeq r0, r0, r0",1
"andeq r0, r0, r0",1
"andeq r1, r0, r8, lsl r3",1
"andeq r1, r0, r4, lsr 6",1
"ldrbhs r0, [r2], -1",1
"smladhs r0, r3, r0, r0",1
invalid,1
invalid,1
invalid,1
"andeq r0, r4, r0",1
svcls 0x5201f3,1
"andeq r0, r0, r0",1
"andeq r0, r0, r0",1
"andeq r1, r0, ip, lsr 6",1
"andeq r1, r0, r0, lsr r3",1
"rsbseq r0, sp, r2",1
"andeq r1, r0, r0, lsr r3",1
"ldrdeq r1, r2, [r0], -r0",1
"ldmdane sp!, {r1} ^",1
"andeq r0, r0, r0",1
"andeq r0, r0, r0",1
"andeq r1, r0, r8, lsr r3",1
"andeq r1, r0, r0, asr r3",1
svcls 0x310002,1
"andeq r1, r0, ip, asr r3",1
"andeq r1, r0, ip, ror 6",1
"subseq r0, r4, r1",1
"andeq r0, r0, r0",1
"andle r0, r0, r0",1
"strle r0, [r0], -0x13",1
"andeq r0, r0, 0x13",1
"strle r7, [r0], -0xd00",1
"stmda r0, {r0, r1, r4}",1
"andeq r0, r0, 0x13",1
"andeq r7, r8, r0, lsl 26",1
"andeq r0, r0, r0",1
"andle r0, r0, r0",1
svcle 0x13,1
invalid,1
"bicsne r5, pc, 0",1
invalid,1
"andeq r0, r4, r0",1
svcls 0x5001f3,1
"andeq r0, r0, r0",1
"andeq r0, r0, r0",1
"ldrdeq r1, r2, [r0], -r0",1
"ldrdeq r1, r2, [r0], -pc",1
svcle 0x510001,1
"stmda r0, {r0, r1, r4}",1
"streq r0, [r0], -0x13",1
"mrspl pc, sp_irq",1
"muleq r0, pc, r0",1
"andeq r0, r0, r0",1
"andseq lr, r3, r0, lsl 16",1
"andseq lr, r3, r0, lsl 24",1
"stcvc p2, c0, [r0, -0]",1
"andseq lr, r3, r0, lsl 24",1
"andseq pc, r3, r0, lsl 24",1
"stcvc p2, c0, [r0, -0]",1
"andeq r0, r0, r8",1
"andeq r0, r0, r0",1
"andseq lr, r3, r0, lsl 16",1
"andseq pc, r3, r0, lsl 6",1
"andpl r0, r0, r0, lsl 2",1
"strdeq r1, r2, [r0], -r3",1
"strdeq r1, r2, [r0], -ip",1
invalid,1
"andeq sb, r0, r0, asr pc",1
"andeq r0, r0, r0",1
invalid,1
invalid,1
"andeq r0, r1, r0",1
"andseq pc, r3, r1, asr r3",1
"andseq pc, r3, r0, lsl 24",1
"vshl.u8 d0, d0, d0",1
"addseq r5, pc, r1, lsl 2",1
"andeq r0, r0, r0",1
invalid,1
"vqadd.u8 d0, d0, d3",1
invalid,1
invalid,1
invalid,1
"andeq r0, r4, r0",1
svcls 0x5201f3,1
"andeq r0, r0, r0",1
"andeq r0, r0, r0",1
"strdeq r1, r2, [r0], -ip",1
"andeq r1, r0, r0, lsl 8",1
"rsbseq r0, sp, r2",1
"andeq r1, r0, r0, lsl 8",1
"andeq r1, r0, r0, lsl r4",1
"ldmdaeq sp!, {r1} ^",1
"andeq r0, r0, r0",1
"andeq r0, r0, r0",1
"strdeq r1, r2, [r0], -ip",1
"andeq r1, r0, r8, lsl 8",1
"ldmdaeq r0, {r0} ^",1
bleq 0x41144,1
invalid,1
"strne r5, [fp], -0x100",1
"ldrne r0, [r0], -0",1
"andeq r0, r4, r0",1
svcls 0x5001f3,1
"andeq r0, r0, r0",1
"andeq r0, r0, r0",1
"andeq r1, r0, r0, lsl r4",1
"andeq r1, r0, r4, lsl r4",1
"rsbseq r0, sp, r2",1
"andeq r1, r0, r4, lsl r4",1
"andeq r1, r0, ip, lsr 8",1
"ldmdaeq sp!, {r1} ^",1
"andeq r0, r0, r0",1
"andeq r0, r0, r0",1
"andeq r1, r0, r0, lsl r4",1
"andeq r1, r0, r0, lsr 8",1
"subshs r0, r0, r1",1
"smladhs r0, r4, r0, r0",1
invalid,1
"strtne r5, [r7], -0x300",1
"strtne r0, [ip], -0",1
"andeq r0, r4, r0",1
svcls 0x5001f3,1
"andeq r0, r0, r0",1
"andeq r0, r0, r0",1
"andeq r1, r0, r0, lsl r4",1
"andeq r1, r0, r4, lsr 8",1
"ldrbhs r0, [r1], -1",1
"smladhs r0, r4, r0, r0",1
invalid,1
"strtne r5, [r7], -0x200",1
"strtne r0, [ip], -0",1
"andeq r0, r4, r0",1
svcls 0x5101f3,1
"andeq r0, r0, r0",1
"andeq r0, r0, r0",1
"andeq r1, r0, ip, lsr 8",1
"andeq r1, r0, r0, lsr r4",1
"rsbseq r0, sp, r2",1
"andeq r1, r0, r0, lsr r4",1
"andeq r1, r0, r4, lsr r4",1
"ldcleq p0, c0, [sp], -8",1
"andeq r1, r0, r4, lsr r4",1
"andeq r1, r0, r0, ror 8",1
"rsbsgt r0, sp, r3",1
"andeq r0, r0, r0",1
"andeq r0, r0, r0",1
"andseq r2, r4, r0, lsl 24",1
"andseq r4, r4, r0",1
"andpl r0, r0, r0, lsl 2",1
"andeq r1, r0, r0, asr 8",1
"andeq r1, r0, r0, ror 8",1
"subseq r0, r5, r1",1
"andeq r0, r0, r0",1
invalid,1
"movwmi r0, 0x14",1
invalid,1
"strbne r5, [r3], -0x100",1
"strbtne r0, [r0], -0",1
"andeq r0, r4, r0",1
svcls 0x5101f3,1
"andeq r0, r0, r0",1
"andeq r0, r0, r0",1
"andeq r1, r0, ip, lsr 8",1
"andeq r1, r0, r3, asr 8",1
"cmpmi r2, 1",1
"andvs r0, r0, r4, lsl r0",1
invalid,1
"andeq r5, r0, r0, lsl 8",1
"andeq r0, r0, r0",1
"strbtne r0, [r0], -0",1
"strbtne r0, [r4], -0",1
"andeq r0, r2, r0",1
"strbtne r0, [r4], -0x7d",1
"strbtne r0, [r8], -0",1
"andeq r0, r2, r0",1
"strbtne r1, [r8], -0x7d",1
"ldrne r0, [r8], 0",1
"andeq r0, r3, r0",1
"andeq ip, r0, sp, ror r0",1
"andeq r0, r0, r0",1
"andvs r0, r0, r0",1
"stmdavc r0, {r2, r4}",1
invalid,1
"ldrbtne r5, [r8], -0",1
"ldrne r0, [r8], 0",1
"andeq r0, r1, r0",1
"andeq r0, r0, r6, asr r0",1
"andeq r0, r0, r0",1
"andseq r6, r4, r0",1
"andseq r7, r4, r0, lsl 22",1
invalid,1
"andeq r1, r0, fp, ror r4",1
"muleq r0, r8, r4",1
invalid,1
"andeq sb, r0, r1, asr pc",1
"andeq r0, r0, r0",1
"strbtne r0, [r0], -0",1
"ldrbtne r0, [fp], -0",1
"andeq r0, r1, r0",1
"andseq r7, r4, r2, asr fp",1
"andseq sb, r4, r0, lsl 16",1
"strpl r0, [r0, -0x100]",1
"andeq r0, r0, r0",1
"andeq r0, r0, r0",1
"andeq r1, r0, r0, ror 8",1
"andeq r1, r0, fp, ror r4",1
blvc 0x15012ac,1
"stmdals r0, {r2, r4}",1
invalid,1
"andeq r5, r0, r0, lsl 8",1
"andeq r0, r0, r0",1
"ldrne r0, [r8], 0",1
"ldrne r0, [ip], 0",1
"andeq r0, r2, r0",1
"ldrne r0, [ip], 0x7d",1
"ldrtne r0, [r4], 0",1
"andeq r0, r2, r0",1
"andeq r0, r0, sp, ror r8",1
"andeq r0, r0, r0",1
"ldrne r0, [r8], 0",1
"strtne r0, [r8], 0",1
"andeq r0, r1, r0",1
"andseq sl, r4, r0, asr r8",1
"andseq sl, r4, r0, lsl 30",1
"movwpl r0, 0x100",1
"andeq r1, r0, pc, lsr 9",1
"strheq r1, [r0], -r4",1
invalid,1
"andeq sb, r0, r0, asr pc",1
"andeq r0, r0, r0",1
"ldrne r0, [r8], 0",1
"strtne r0, [ip], 0",1
"andeq r0, r1, r0",1
"andseq sl, r4, r1, asr ip",1
"andseq sl, r4, r0, lsl 30",1
"andpl r0, r0, 0, 2",1
"andeq r1, r0, pc, lsr 9",1
"strheq r1, [r0], -r4",1
invalid,1
"andeq sb, r0, r1, asr pc",1
"andeq r0, r0, r0",1
"ldrtne r0, [r4], 0",1
"ldrtne r0, [r8], 0",1
"andeq r0, r2, r0",1
"ldrtne r0, [r8], 0x7d",1
"ldrbne r0, [r8], 0",1
"andeq r0, r2, r0",1
"andeq r0, r0, sp, ror r8",1
"andeq r0, r0, r0",1
"ldrtne r0, [r4], 0",1
"strbne r0, [r8], 0",1
"andeq r0, r1, r0",1
"andseq ip, r4, r0, asr r8",1
"andseq sp, r4, r0, lsl 6",1
"cdppl p1, 0, c0, c0, c0, 0",1
"ldrdeq r1, r2, [r0], -r3",1
"ldrdeq r1, r2, [r0], -r8",1
invalid,1
"andeq sb, r0, r0, asr pc",1
"andeq r0, r0, r0",1
"ldrtne r0, [r4], 0",1
"strbne r0, [ip], 0",1
"andeq r0, r1, r0",1
"andseq ip, r4, r1, asr ip",1
"andseq sp, r4, r0, lsl 6",1
invalid,1
"ldrdeq r1, r2, [r0], -r3",1
"ldrdeq r1, r2, [r0], -r8",1
invalid,1
"andeq sb, r0, r1, asr pc",1
"andeq r0, r0, r0",1
"ldrtne r0, [r4], 0",1
"ldrbne r0, [r0], 0",1
"andeq r0, r1, r0",1
"andseq sp, r4, r2, asr r0",1
"andseq sp, r4, r0, lsl 6",1
"movwpl r0, 0x100",1
"ldrdeq r1, r2, [r0], -r3",1
"ldrdeq r1, r2, [r0], -r8",1
invalid,1
"andeq sb, r0, r2, asr pc",1
"andeq r0, r0, r0",1
"ldrbne r0, [r8], 0",1
"ldrbne r0, [ip], 0",1
"andeq r0, r2, r0",1
"ldrbne r0, [ip], 0x7d",1
"strbtne r0, [r0], 0",1
"andeq r0, r2, r0",1
"strbtne r1, [r0], 0x7d",1
"ldrne r0, [ip, -0]!",1
"andeq r0, r3, r0",1
"andeq ip, r0, sp, ror r0",1
"andeq r0, r0, r0",1
invalid,1
invalid,1
invalid,1
"ldrbtne r5, [r8], 0",1
"ldrne r0, [ip, -0]!",1
"andeq r0, r1, r0",1
"andeq r0, r0, r5, asr r0",1
"andeq r0, r0, r0",1
"andseq sp, r4, r0, lsl 16",1
"andseq pc, r4, r0, lsl 16",1
invalid,1
"strdeq r1, r2, [r0], -r8",1
"andeq r1, r0, ip, lsr r5",1
"subseq r0, r4, r1",1
"andeq r0, r0, r0",1
invalid,1
invalid,1
invalid,1
"ldrbtne r5, [r8], 0x200",1
"ldrne r0, [ip, -0]!",1
"andeq r0, r4, r0",1
svcls 0x5201f3,1
"andeq r0, r0, r0",1
"andeq r0, r0, r0",1
"andeq r1, r0, ip, lsr r5",1
"andeq r1, r0, r0, asr 10",1
"rsbseq r0, sp, r2",1
"andeq r1, r0, r0, asr 10",1
"andeq r1, r0, r0, asr r5",1
"ldmdaeq sp!, {r1} ^",1
"andeq r0, r0, r0",1
"andeq r0, r0, r0",1
"andeq r1, r0, ip, lsr r5",1
"andeq r1, r0, fp, asr 10",1
blmi 0x1441490,1
"andpl r0, r0, r5, lsl r0",1
"streq r0, [r0], -0x15",1
"andpl pc, r1, r0, lsl 6",1
"muleq r0, pc, r0",1
"andeq r0, r0, r0",1
"andseq r3, r5, r0, lsl 24",1
"andseq r4, r5, r0, lsl 16",1
invalid,1
"andeq r1, r0, r8, asr 10",1
"andeq r1, r0, r0, asr r5",1
invalid,1
"andeq sb, r0, r1, asr pc",1
"andeq r0, r0, r0",1
"ldrbne r0, [r0, -0]",1
"ldrbne r0, [r4, -0]",1
"andeq r0, r2, r0",1
"ldrbne r0, [r4, -0x7d]",1
"strbne r0, [r0, -0]!",1
"andeq r0, r2, r0",1
"andeq r0, r0, sp, ror r8",1
"andeq r0, r0, r0",1
"ldrbne r0, [r0, -0]",1
"ldrbne r0, [fp, -0]",1
"andeq r0, r1, r0",1
"andseq r5, r5, r0, asr fp",1
"andseq r6, r5, r0",1
"vshl.u8 d0, d0, d0",1
"addseq r5, pc, r1",1
"andeq r0, r0, r0",1
"andvs r0, r0, r0",1
"strvs r0, [r0], -0x15",1
"andeq r0, r0, 0x15",1
"strvs r7, [r0], -0xd00",1
"andvc r0, r0, r5, lsl r0",1
"andeq r0, r0, 0x15",1
"andeq r7, r8, r0, lsl 26",1
"andeq r0, r0, r0",1
"andvs r0, r0, r0",1
blvs 0x4157c,1
invalid,1
"strbne r5, [fp, -0]!",1
"ldrbne r0, [r0, -0]!",1
"andeq r0, r4, r0",1
svcls 0x5001f3,1
"andeq r0, r0, r0",1
"andeq r0, r0, r0",1
"andeq r1, r0, r0, ror 10",1
"andeq r1, r0, fp, ror 10",1
blvs 0x1481554,1
"andvc r0, r0, r5, lsl r0",1
"streq r0, [r0], -0x15",1
"mrspl pc, sp_irq",1
"muleq r0, pc, r0",1
"andeq r0, r0, r0",1
"andseq r7, r5, r0",1
"andseq r7, r5, r0, lsl 8",1
"stcvc p2, c0, [r0, -0]",1
"andseq r7, r5, r0, lsl 8",1
"andseq r7, r5, r0, lsl 16",1
"stcvc p2, c0, [r0, -0]",1
"andseq r7, r5, r4, lsl r8",1
"andseq sp, r5, r0, lsl 16",1
"stcvc p3, c0, [r0, -0]",1
"andeq r0, r0, r8, asr 1",1
"andeq r0, r0, r0",1
"ldrbne r0, [r0, -0]!",1
"ldrne r0, [r4]",1
"andeq r0, r1, r0",1
"andseq sb, r5, r0, asr r4",1
"andseq sp, r5, r0, lsl 16",1
"strpl r0, [r0, -0x100]",1
"andeq r0, r0, r0",1
"andeq r0, r0, r0",1
"andeq r1, r0, r0, ror r5",1
"muleq r0, r4, r5",1
"ldrbls r0, [r1], -1",1
"stmdale r0, {r0, r2, r4}",1
invalid,1
"andeq r5, r0, r0, lsl 14",1
"andeq r0, r0, r0",1
"ldrbne r0, [r0, -0]!",1
"ldrne r0, [r4]",1
"andeq r0, r1, r0",1
"andseq sb, r5, r2, asr r4",1
"andseq sp, r5, r0, lsl 16",1
"strpl r0, [r0], -r0, lsl 2",1
"andeq r0, r0, r0",1
"andeq r0, r0, r0",1
"andeq r1, r0, r0, ror r5",1
"muleq r0, r4, r5",1
"ldrbls r0, [r3], -1",1
"stmdale r0, {r0, r2, r4}",1
invalid,1
"andeq r5, r0, r0, lsl 8",1
"andeq r0, r0, r0",1
"ldrbne r0, [r8]",1
"ldrbne r0, [ip]",1
"andeq r0, r2, r0",1
"ldrbne r0, [ip, 0x7d]",1
"strbne r0, [r0, 0]!",1
"andeq r0, r2, r0",1
"strbne r0, [r0, 0x47d]!",1
"ldrbne r0, [r4, 0]!",1
"andeq r0, r2, r0",1
"andeq r1, r0, sp, ror r0",1
"andeq r0, r0, r0",1
"ldrbne r0, [r8]",1
"strbne r0, [fp, 0]!",1
"andeq r0, r1, r0",1
"andseq lr, r5, r0, asr fp",1
"andseq pc, r5, r0, lsl 8",1
"vshl.u8 d0, d0, d0",1
"addseq r5, pc, r1",1
"andeq r0, r0, r0",1
invalid,1
bl 0x416b0,1
invalid,1
"strbne r5, [fp, 0x100]!",1
"ldrbne r0, [r4, 0]!",1
"andeq r0, r4, r0",1
svcls 0x5101f3,1
"andeq r0, r0, r0",1
"andeq r0, r0, r0",1
"ldrdeq r1, r2, [r0], -r8",1
"andeq r1, r0, fp, ror 11",1
bl 0x14c1688,1
"vst4.8 {d0, d1, d2, d3}, [r0:0x40], r5",1
"streq r0, [r0], -0x15",1
"andpl pc, r1, 0, 6",1
"muleq r0, pc, r0",1
"andeq r0, r0, r0",1
"andseq sp, r5, r0, lsl 16",1
"andseq lr, r5, r0, lsl 22",1
"movwpl r0, 0x100",1
"andeq r1, r0, fp, ror 11",1
"strdeq r1, r2, [r0], -r4",1
invalid,1
"andeq sb, r0, r3, asr pc",1
"andeq r0, r0, r0",1
"ldrbne r0, [r4, 0]!",1
"ldrbne r0, [r8, 0]!",1
"andeq r0, r2, r0",1
"ldrbne r0, [r8, 0x7d]!",1
"ldrne r0, [r8], -r0",1
"andeq r0, r2, r0",1
"andeq r0, r0, sp, ror r8",1
"andeq r0, r0, r0",1
"ldrbne r0, [r4, 0]!",1
"strne r0, [r8], -r0",1
"andeq r0, r1, r0",1
"andseq r0, r6, r0, asr r8",1
"andseq r1, r6, r0, lsl 6",1
"cdppl p1, 0, c0, c0, c0, 0",1
"andeq r1, r0, r3, lsl r6",1
"andeq r1, r0, r8, lsl r6",1
invalid,1
"andeq sb, r0, r0, asr pc",1
"andeq r0, r0, r0",1
"ldrbne r0, [r4, 0]!",1
"strne r0, [ip], -r0",1
"andeq r0, r1, r0",1
"andseq r0, r6, r1, asr ip",1
"andseq r1, r6, r0, lsl 6",1
invalid,1
"andeq r1, r0, r3, lsl r6",1
"andeq r1, r0, r8, lsl r6",1
invalid,1
"andeq sb, r0, r1, asr pc",1
"andeq r0, r0, r0",1
"ldrbne r0, [r4, 0]!",1
"ldrne r0, [r0], -r0",1
"andeq r0, r1, r0",1
"andseq r1, r6, r2, asr r0",1
"andseq r1, r6, r0, lsl 6",1
"movwpl r0, 0x100",1
"andeq r1, r0, r3, lsl r6",1
"andeq r1, r0, r8, lsl r6",1
invalid,1
"andeq sb, r0, r2, asr pc",1
"andeq r0, r0, r0",1
"ldrne r0, [r8], -r0",1
"ldrne r0, [ip], -r0",1
"andeq r0, r2, r0",1
"ssub16ne r0, ip, sp",1
"strtne r0, [r0], -r0",1
"andeq r0, r2, r0",1
"qsub16ne r0, r0, sp",1
"strbne r0, [ip], -r0",1
"andeq r0, r2, r0",1
"andeq r1, r0, sp, ror r0",1
"andeq r0, r0, r0",1
"ldrne r0, [r8], -r0",1
"ldrtne r0, [r4], -r0",1
"andeq r0, r1, r0",1
"andseq r3, r6, r0, asr r4",1
"andseq r4, r6, r0, lsl 24",1
"strpl r0, [r0], -0x100",1
"andeq r0, r0, r0",1
"andeq r0, r0, r0",1
"andeq r1, r0, r8, lsl r6",1
"andeq r1, r0, r8, lsr r6",1
"ldmdalo r1, {r0} ^",1
"movwmi r0, 0x16",1
invalid,1
"strbne r5, [r3], -r0, lsl 28",1
"strbne r0, [ip], -r0",1
"andeq r0, r4, r0",1
svcls 0x5101f3,1
"andeq r0, r0, r0",1
"andeq r0, r0, r0",1
"andeq r1, r0, r8, lsl r6",1
"andeq r1, r0, ip, lsr r6",1
"mrrclo p0, 0, r0, r2, c1",1
"movwmi r0, 0x16",1
invalid,1
"strbne r5, [r3], -r0, lsl 24",1
"strbne r0, [ip], -r0",1
"andeq r0, r4, r0",1
svcls 0x5201f3,1
"andeq r0, r0, r0",1
"andeq r0, r0, r0",1
"andeq r1, r0, r8, lsl r6",1
"andeq r1, r0, r0, asr 12",1
"subsmi r0, r3, r1",1
"movwmi r0, 0x16",1
"andeq r0, r0, 0x16",1
"movwmi r7, 0xd00",1
invalid,1
"streq r0, [r0], -0x16",1
"movwpl pc, 0x1300",1
"muleq r0, pc, r0",1
"andeq r0, r0, r0",1
"andseq r4, r6, r0, lsl 24",1
"andseq r5, r6, r0",1
"stcvc p2, c0, [r0, -0]",1
"andseq r5, r6, r0",1
"andseq r6, r6, r0",1
"stcvc p2, c0, [r0, -0]",1
"andeq r0, r0, r8",1
"andeq r0, r0, r0",1
"andseq r4, r6, r0, lsl 24",1
"andseq r5, r6, r0, lsl 14",1
"andpl r0, r0, r0, lsl 2",1
"andeq r1, r0, r7, asr r6",1
"andeq r1, r0, r0, ror 12",1
invalid,1
"andeq sb, r0, r0, asr pc",1
"andeq r0, r0, r0",1
"strbne r0, [ip], -r0",1
"ldrbne r0, [r7], -r0",1
"andeq r0, r1, r0",1
"andseq r5, r6, r1, asr r7",1
"andseq r6, r6, r0",1
"vshl.u8 d0, d0, d0",1
"addseq r5, pc, r1, lsl 2",1
"andeq r0, r0, r0",1
invalid,1
"smladpl r0, r6, r0, r0",1
invalid,1
"ldrbne r5, [r7], -r0, lsl 4",1
"strbtne r0, [r0], -r0",1
"andeq r0, r4, r0",1
svcls 0x5201f3,1
"andeq r0, r0, r0",1
"andeq r0, r0, r0",1
"andeq r1, r0, r0, ror 12",1
"andeq r1, r0, r4, ror 12",1
"rsbseq r0, sp, r2",1
"andeq r1, r0, r4, ror 12",1
"andeq r1, r0, ip, ror r6",1
"ldmdaeq sp!, {r1} ^",1
"andeq r0, r0, r0",1
"andeq r0, r0, r0",1
"andeq r1, r0, r0, ror 12",1
"andeq r1, r0, r0, ror r6",1
"subsvc r0, r0, r1",1
"smladvc r0, r6, r0, r0",1
invalid,1
"ldrbtne r5, [r7], -r0, lsl 6",1
"ldrbtne r0, [ip], -r0",1
"andeq r0, r4, r0",1
svcls 0x5001f3,1
"andeq r0, r0, r0",1
"andeq r0, r0, r0",1
"andeq r1, r0, r0, ror 12",1
"andeq r1, r0, r4, ror r6",1
"ldrbvc r0, [r1], -1",1
"smladvc r0, r6, r0, r0",1
invalid,1
"ldrbtne r5, [r7], -r0, lsl 4",1
"ldrbtne r0, [ip], -r0",1
"andeq r0, r4, r0",1
svcls 0x5101f3,1
"andeq r0, r0, r0",1
"andeq r0, r0, r0",1
"andeq r1, r0, ip, ror r6",1
"andeq r1, r0, r0, lsl 13",1
"rsbseq r0, sp, r2",1
"andeq r1, r0, r0, lsl 13",1
"andeq r1, r0, ip, lsl 13",1
"ldmdaeq sp!, {r1} ^",1
"andeq r0, r0, r0",1
"andeq r0, r0, r0",1
"andeq r1, r0, ip, ror r6",1
"andeq r1, r0, r7, lsl 13",1
"ldrbhi r0, [r0, -r1]",1
invalid,1
"streq r0, [r0], -0x16",1
"andpl pc, r1, r0, lsl 6",1
"muleq r0, pc, r0",1
"andeq r0, r0, r0",1
"andseq r7, r6, r0, lsl 24",1
"andseq r8, r6, r0, lsl 14",1
invalid,1
"andeq r1, r0, r7, lsl 13",1
"andeq r1, r0, ip, lsl 13",1
invalid,1
"andeq sb, r0, r1, asr pc",1
"andeq r0, r0, r0",1
"strne r0, [ip], r0",1
"ldrne r0, [r0], r0",1
"andeq r0, r2, r0",1
invalid,1
"strtne r0, [r0], r0",1
"andeq r0, r2, r0",1
"andeq r0, r0, sp, ror r8",1
"andeq r0, r0, r0",1
"strne r0, [ip], r0",1
"ldrne r0, [r8], r0",1
"andeq r0, r1, r0",1
"andseq sb, r6, r0, asr r8",1
"andseq sb, r6, r0, lsl 22",1
invalid,1
"muleq r0, fp, r6",1
"andeq r1, r0, r0, lsr 13",1
invalid,1
"andeq sb, r0, r0, asr pc",1
"andeq r0, r0, r0",1
"andeq r0, r0, r0",1
"andeq r0, r4, r0",1
"andeq r0, r2, r0",1
"andeq r0, r4, sp, ror r0",1
"andeq r0, r8, r0",1
"andeq r0, r2, r0",1
"andeq r1, r8, sp, ror r0",1
"streq r0, [r0], -0",1
"andeq r0, r2, r0",1
"andeq r3, r0, sp, ror r0",1
"andeq r0, r0, r0",1
"andeq r0, r0, r0",1
"eorseq r0, r7, r0",1
"andeq r0, r1, r0",1
"andeq r3, r0, r0, asr r7",1
"andeq r3, r0, r0, lsl 24",1
"strpl r0, [r0, -0x100]",1
"andeq r0, r0, ip, lsr r0",1
"andeq r0, r0, pc, asr 32",1
svcmi 0x500001,1
"andeq r0, r0, r0",1
invalid,1
"andeq r5, r0, r0, lsl 10",1
"andeq r0, r0, r0",1
"andeq r0, r0, r0",1
"eoreq r0, ip, r0",1
"andeq r0, r1, r0",1
"andeq r2, r0, r1, asr ip",1
"andeq r3, r0, r0, lsl 14",1
"cdppl p1, 0, c0, c0, c0, 0",1
"andeq r0, r0, r7, lsr r0",1
"andeq r0, r0, ip, lsr r0",1
invalid,1
"eorseq sb, ip, r1, asr pc",1
"subeq r0, r4, r0",1
"andeq r0, r1, r0",1
"andeq r4, r0, r1, asr r4",1
"andeq r4, r0, r0, lsl 30",1
"cdppl p1, 0, c0, c0, c0, 0",1
"andeq r0, r0, pc, asr 32",1
"andeq r0, r0, r0, lsl 8",1
invalid,1
"andeq sb, r0, r1, asr pc",1
"andeq r0, r0, r0",1
"andeq r0, r0, r0",1
"eorseq r0, r0, r0",1
"andeq r0, r1, r0",1
"andeq r3, r0, r2, asr r0",1
"andeq r3, r0, r0, lsl 14",1
invalid,1
"andeq r0, r0, r7, lsr r0",1
"andeq r0, r0, ip, lsr r0",1
invalid,1
"eorseq sb, ip, r2, asr pc",1
"subeq r0, r8, r0",1
"andeq r0, r1, r0",1
"andeq r4, r0, r2, asr r8",1
"andeq r4, r0, r0, lsl 30",1
invalid,1
"andeq r0, r0, pc, asr 32",1
"andeq r0, r0, r0, lsl 8",1
invalid,1
"andeq sb, r0, r2, asr pc",1
"andeq r0, r0, r0",1
"andeq r0, r0, r0",1
"eorseq r0, r4, r0",1
"andeq r0, r1, r0",1
"andeq r3, r0, r3, asr r4",1
"andeq r3, r0, r0, lsl 14",1
"mrsls r0, r8_usr",1
"andeq r3, r0, ip, asr 14",1
"andeq r3, r0, r0, lsl 24",1
"vshl.u8 d0, d0, d0",1
"ldclo p3, c5, [pc], {1}",1
invalid,1
invalid,1
"subeq r5, ip, r0, lsl 6",1
"subeq r0, pc, r0",1
"andeq r0, r2, r0",1
"subeq r0, pc, sp, ror r0",1
"streq r0, [r0], -0",1
"andeq r0, r4, r0",1
svcls 0x5301f3,1
"andeq r0, r0, r0",1
"andeq r0, r0, r0",1
"andeq r0, r0, r0, lsr 32",1
"andeq r0, r0, ip, lsr r0",1
"and r0, r3, r6",1
svcls 0x1c0,1
"andeq r0, r0, r0",1
"andeq r0, r0, r0",1
"andeq r0, r0, r0, lsr 32",1
"andeq r0, r0, r7, lsr r0",1
"ldrblo r0, [r0, -r1]",1
invalid,1
invalid,1
"andeq r5, r0, r0, lsl 10",1
"andeq r0, r0, r0",1
"eorseq r0, ip, r0",1
"subseq r0, r0, r0",1
"andeq r0, r6, r0",1
"biceq lr, r0, r3, lsl 24",1
"andeq sb, r0, r0, lsl 30",1
"andeq r0, r0, r0",1
"eorseq r0, ip, r0",1
"subeq r0, pc, r0",1
"andeq r0, r1, r0",1
"andeq r4, r0, r0, asr pc",1
"andeq r5, r0, r0",1
"strpl r0, [r0, -0x100]",1
"andeq r0, r0, r0",1
"andeq r0, r0, r0",1
"andeq r0, r0, r0, ror 1",1
"andeq r0, r0, r4, ror 1",1
"ldrb r0, [r0], -1",1
svc 0,1
invalid,1
"andeq r5, r0, r0, lsl 4",1
"andeq r0, r0, r0",1
"rsceq r0, r0, r0",1
"rscseq r0, r4, r0",1
"andeq r0, r1, r0",1
"andeq r0, r0, r5, asr r0",1
"andeq r0, r0, r0",1
"andeq r0, r1, r0, lsl 16",1
"andeq r1, r1, r0, lsl 16",1
"andpl r0, r0, r0, lsl 2",1
"andeq r0, r0, r8, lsl r1",1
"andeq r0, r0, pc, lsl r1",1
"subseq r0, r2, r1",1
"andeq r0, r0, r0",1
invalid,1
"strhs r0, [r0], -1",1
invalid,1
"andeq r5, r0, r0, lsl 10",1
"andeq r0, r0, r0",1
"teqeq r8, r0",1
"cmpeq r0, r0",1
"andeq r0, r1, r0",1
"andeq r5, r1, r0, asr r0",1
"andeq r5, r1, r0, lsl 14",1
"andpl r0, r0, 0, 2",1
"andeq r0, r0, r0",1
"andeq r0, r0, r0",1
"andeq r0, r0, r8, lsr r1",1
"andeq r0, r0, ip, asr r1",1
"subseq r0, r5, r1",1
"andeq r0, r0, r0",1
"andvc r0, r0, r0",1
"andls r0, r0, r1",1
invalid,1
"orrseq r5, r0, r0",1
"orrseq r0, r7, r0",1
"andeq r0, r1, r0",1
"andeq r0, r0, r2, asr r0",1
"andeq r0, r0, r0",1
"andeq r7, r1, r0",1
"andeq sb, r1, r0, lsl 24",1
"strpl r0, [r0, -0x100]",1
"andeq r0, r0, r0",1
"andeq r0, r0, r0",1
"strheq r0, [r0], -r0",1
"ldrdeq r0, r1, [r0], -r8",1
"ldmdale r0, {r0} ^",1
svcle 1,1
invalid,1
"andeq r5, r0, r0, lsl 4",1
"andeq r0, r0, r0",1
"movseq r0, r0",1
invalid,1
"andeq r0, r1, r0",1
"andeq r0, r0, r5, asr r0",1
"andeq r0, r0, r0",1
"andeq pc, r1, r0, lsl 16",1
"andeq r2, r2, r0, lsl 16",1
"andpl r0, r0, r0, lsl 2",1
"andeq r0, r0, r8, lsr 4",1
"andeq r0, r0, pc, lsr 4",1
"subseq r0, r2, r1",1
"andeq r0, r0, r0",1
invalid,1
"strlo r0, [r0], -1",1
invalid,1
"andeq r5, r0, r0, lsl 10",1
"andeq r0, r0, r0",1
"subeq r0, r8, 0",1
"addeq r0, r0, 0",1
"andeq r0, r1, r0",1
"andeq r8, r2, r0, asr r0",1
"andeq r8, r2, r0, lsl 14",1
"andpl r0, r0, 0, 2",1
"andeq r0, r0, r0",1
"andeq r0, r0, r0",1
"andeq r0, r0, r8, asr 4",1
"andeq r0, r0, ip, lsl 5",1
"subseq r0, r5, r1",1
"andeq r0, r0, r0",1
"andge r0, r0, r0",1
"and r0, r0, r2",1
invalid,1
"rsceq r5, r0, 0",1
"rsceq r0, r7, 0",1
"andeq r0, r1, r0",1
"andeq r0, r0, r2, asr r0",1
"andeq r0, r0, r0",1
"andeq sl, r2, r0",1
"andeq lr, r2, r0, lsl 24",1
"strpl r0, [r0, -0x100]",1
"andeq r0, r0, r0",1
"andeq r0, r0, r0",1
"andeq r0, r0, r0, lsl 6",1
"andeq r0, r0, r8, asr 6",1
"ldmdami r0, {r0} ^",1
svcmi 3,1
invalid,1
"andeq r5, r0, r0, lsl 4",1
"andeq r0, r0, r0",1
"movweq r0, 0",1
"cmpeq r4, 0",1
"andeq r0, r1, r0",1
"andeq r0, r0, r5, asr r0",1
"andeq r0, r0, r0",1
"andeq r6, r3, r0, lsl 16",1
"andeq fp, r3, r0",1
"andpl r0, r0, r0, lsl 2",1
"strheq r0, [r0], -r0",1
"strheq r0, [r0], -r7",1
"subseq r0, r2, r1",1
"andeq r0, r0, r0",1
invalid,1
"stmdalt r0, {r0, r1}",1
invalid,1
"andeq r5, r0, r0, lsl 10",1
"andeq r0, r0, r0",1
"streq r0, [r0], -0",1
"streq r0, [r4], -0",1
"andeq r0, r2, r0",1
"streq r0, [r4], -0x7d",1
"streq r0, [r8], -0",1
"andeq r0, r2, r0",1
"streq r0, [r8], -0xc7d",1
"strbeq r0, [ip], -0",1
"andeq r0, r2, r0",1
"andeq r1, r0, sp, ror r8",1
"andeq r0, r0, r0",1
"streq r0, [r0], -0",1
"strbeq r0, [r3], -0",1
"andeq r0, r1, r0",1
"andeq r4, r4, r0, asr r3",1
"andeq r4, r4, r0, lsl 24",1
"vshl.u8 d0, d0, d0",1
"addseq r5, pc, r1",1
"andeq r0, r0, r0",1
"andeq r0, r0, r0",1
"movwmi r0, 4",1
invalid,1
"strbeq r5, [r3], -0x100",1
"strbeq r0, [ip], -0",1
"andeq r0, r4, r0",1
svcls 0x5101f3,1
"andeq r0, r0, r0",1
"andeq r0, r0, r0",1
"andeq r0, r0, r0, lsl 8",1
"andeq r0, r0, r3, asr 8",1
"cmpmi r2, 1",1
invalid,1
"streq r0, [r0], -4",1
"andpl pc, r1, 0, 6",1
"muleq r0, pc, r0",1
"andeq r0, r0, r0",1
"andeq r0, r4, r0",1
"andeq r4, r4, r0, lsl 6",1
"movwpl r0, 0x100",1
"andeq r0, r0, r3, asr 8",1
"andeq r0, r0, ip, asr 8",1
invalid,1
"andeq sb, r0, r3, asr pc",1
"andeq r0, r0, r0",1
"streq r0, [ip], -0",1
"strteq r0, [r0], -0",1
"andeq r0, r2, r0",1
"strteq sb, [r4], -0xf30",1
"ldrteq r0, [r4], -0",1
"andeq r0, r1, r0",1
"andeq r3, r4, ip, asr r4",1
"andeq r3, r4, r0, lsl 16",1
"andlo r0, r0, r0, lsl 4",1
"muleq r0, pc, r0",1
"andeq r0, r0, r0",1
"andeq r4, r4, r0, lsl 24",1
"andeq r5, r4, r0",1
"stcvc p2, c0, [r0, -0]",1
"andeq r5, r4, r0",1
"andeq r5, r4, r0, lsl 8",1
"stcvc p2, c0, [r0, -0]",1
"andeq r5, r4, ip, lsl 8",1
"andeq fp, r4, r0, lsl 8",1
"stcvc p3, c0, [r0, -0]",1
"andeq r0, r0, r0, asr 1",1
"andeq r0, r0, r0",1
"strbeq r0, [ip], -0",1
"strteq r0, [fp], 0",1
"andeq r0, r1, r0",1
"andeq sl, r4, r0, asr fp",1
"andeq fp, r4, r0, lsl 8",1
"vshl.u8 d0, d0, d0",1
"addseq r5, pc, r1",1
"andeq r0, r0, r0",1
invalid,1
blge 0x41ebc,1
invalid,1
"strteq r5, [fp], 0x100",1
"ldrteq r0, [r4], 0",1
"andeq r0, r4, r0",1
svcls 0x5101f3,1
"andeq r0, r0, r0",1
"andeq r0, r0, r0",1
"andeq r0, r0, ip, asr 8",1
"andeq r0, r0, fp, lsr 9",1
blge 0x14c1ed8,1
"strlt r0, [r0], -4",1
"streq r0, [r0], -4",1
"andpl pc, r1, 0, 6",1
"muleq r0, pc, r0",1
"andeq r0, r0, r0",1
"andeq r4, r4, r0, lsl 24",1
"andeq sl, r4, r0, lsl 22",1
"movwpl r0, 0x100",1
"andeq r0, r0, fp, lsr 9",1
"strheq r0, [r0], -r4",1
invalid,1
"andeq sb, r0, r3, asr pc",1
"andeq r0, r0, r0",1
"strbeq r0, [ip], -0",1
"ldrbeq r0, [ip], -0",1
"andeq r0, r2, r0",1
"ldrbeq r0, [ip], -0x91",1
"ldrbteq r0, [r8], -0",1
"andeq r0, r5, r0",1
"orrsls r0, pc, 0x75000000",1
"andeq sb, r4, r4, lsl 16",1
"andeq sb, r4, r0, lsl 24",1
"strvc r0, [r0, -0x500]",1
"ldreq sb, [r3], 0xf04",1
"andeq r0, r0, r0",1
"andeq r0, r0, r0",1
"andeq r0, r0, ip, asr r4",1
"andeq r0, r0, r8, ror r4",1
svcls 0x300002,1
"andeq r0, r0, ip, ror r4",1
"andeq r0, r0, r4, lsl 9",1
"ldmdals ip, {r0} ^",1
invalid,1
"andeq r0, r0, 4",1
"addseq r3, pc, r0",1
"andeq r0, r0, r0",1
"strlt r0, [r0], -0",1
"stmdalt r0, {r2}",1
"andeq r0, r0, 4",1
"stmdalt r0, {r8, sl, fp, ip, sp, lr}",1
invalid,1
"andeq r0, r0, 4",1
invalid,1
"andgt r0, r0, r4",1
"andeq r0, r0, 4",1
"andgt r7, r8, r0, lsl 26",1
"str r0, [r0], -4",1
"andeq r0, r0, 4",1
"andseq r7, r8, r0, lsl 26",1
"andeq r0, r0, r0",1
"strlt r0, [r0], -0",1
"movwle r0, 4",1
invalid,1
"ldrbeq r5, [r3], 0",1
"strbteq r0, [r4], 0",1
"andeq r0, r4, r0",1
svcls 0x5001f3,1
"andeq r0, r0, r0",1
"andeq r0, r0, r0",1
"strheq r0, [r0], -r4",1
"ldrdeq r0, r1, [r0], -r3",1
"cmple r1, 1",1
"str r0, [r0], -4",1
"streq r0, [r0], -4",1
"mrspl pc, sp_irq",1
"muleq r0, pc, r0",1
"andeq r0, r0, r0",1
"andeq fp, r4, r0, lsl 8",1
"andeq sp, r4, r0, lsl 6",1
"andpl r0, r0, 0, 2",1
"ldrdeq r0, r1, [r0], -r3",1
"andeq r0, r0, r4, ror 9",1
invalid,1
"andeq sb, r0, r2, asr pc",1
"andeq r0, r0, r0",1
"strbteq r0, [r4], 0",1
"strbteq r0, [r8], 0",1
"andeq r0, r2, r0",1
"strbteq r0, [r8], 0x7d",1
"strbeq r0, [r8, -0]!",1
"andeq r0, r2, r0",1
"andeq r0, r0, sp, ror r8",1
"andeq r0, r0, r0",1
"ldrbteq r0, [ip], 0",1
"streq r0, [r0, -0]",1
"andeq r0, r1, r0",1
"andeq r0, r5, r0, asr r0",1
"andeq r0, r5, r0, lsl 14",1
invalid,1
"andeq r0, r0, r0",1
"andeq r0, r0, r0",1
"andeq r0, r0, ip, lsl r5",1
"andeq r0, r0, r0, lsr 10",1
"subshs r0, r0, r1",1
blhs 0x42064,1
invalid,1
"andeq r5, r0, r0, lsl 2",1
"andeq r0, r0, r0",1
"andeq r0, r0, r0",1
"andeq r0, r4, r0",1
"andeq r0, r2, r0",1
"andeq r0, r4, sp, ror r0",1
"eorseq r0, r4, r0",1
"andeq r0, r2, r0",1
"andeq r0, r0, sp, ror r8",1
"andeq r0, r0, r0",1
"andeq r0, r0, r0",1
"andeq r0, fp, r0",1
"andeq r0, r1, r0",1
"andeq r0, r0, r0, asr fp",1
"andeq r3, r0, r0, lsl 8",1
"strpl r0, [r0], -0x100",1
"andeq r0, r0, r0",1
"andeq r0, r0, r0",1
"andeq r0, r0, ip",1
"andeq r0, r0, r4, lsl r0",1
"ldrbne r0, [r0], -1",1
blhs 0x420ac,1
invalid,1
"eoreq r5, ip, r0, lsl 4",1
"eorseq r0, r4, r0",1
"andeq r0, r1, r0",1
"andeq r0, r0, r2, asr r0",1
"andeq r0, r0, r0",1
"andeq r3, r0, r0, lsl 8",1
"andeq r3, r0, r0, lsl 16",1
"stcvc p2, c0, [r0, -0]",1
"andeq r3, r0, r0, lsl 16",1
"andeq r4, r0, r0",1
"stcvc p2, c0, [r0, -0]",1
"andeq r0, r0, r8",1
"andeq r0, r0, r0",1
"andeq r3, r0, r0, lsl 8",1
"andeq r3, r0, r0, lsl 22",1
"andpl r0, r0, r0, lsl 2",1
"andeq r0, r0, fp, lsr r0",1
"andeq r0, r0, r0, asr 32",1
invalid,1
"andeq sb, r0, r0, asr pc",1
"andeq r0, r0, r0",1
"subeq r0, r0, r0",1
"subeq r0, r4, r0",1
"andeq r0, r2, r0",1
"subeq r0, r4, sp, ror r0",1
"rsbeq r0, ip, r0",1
"andeq r0, r2, r0",1
"andeq r1, r0, sp, ror r0",1
"andeq r0, r0, r0",1
"subeq r0, r0, r0",1
"subseq r0, r0, r0",1
"andeq r0, r1, r0",1
"andeq r5, r0, r0, asr r0",1
"andeq r6, r0, r0, lsl 24",1
"strpl r0, [r0], -0x100",1
"andeq r0, r0, r0",1
"andeq r0, r0, r0",1
"andeq r0, r0, r0, asr 32",1
"andeq r0, r0, r3, asr r0",1
"cmppl r1, 1",1
invalid,1
invalid,1
"andeq r5, r0, r0, lsl 10",1
"andeq r0, r0, r0",1
"rsbeq r0, ip, r0",1
"rsbseq r0, r0, r0",1
"andeq r0, r2, r0",1
"rsbseq r0, r0, sp, ror r0",1
"sbceq r0, r8, r0",1
"andeq r0, r2, r0",1
"andeq r0, r0, sp, ror r8",1
"andeq r0, r0, r0",1
"rsbeq r0, ip, r0",1
"addeq r0, pc, r0",1
"andeq r0, r1, r0",1
"andeq r8, r0, r0, asr pc",1
"andeq sb, r0, r0, lsl 16",1
"vshl.u8 d0, d0, d0",1
"ldmls pc, {r0, ip, lr}",1
svcls 0,1
invalid,1
"addseq r5, pc, r0",1
"adceq r0, r0, r0",1
"andeq r0, r4, r0",1
svcls 0x5001f3,1
"andeq r0, r0, r0, lsr 1",1
"andeq r0, r0, r8, lsr 1",1
"ldmdage r0, {r0} ^",1
svclt 0,1
invalid,1
"andeq r5, r0, r0, lsl 6",1
"andeq r0, r0, r0",1
"rsbeq r0, ip, r0",1
"rsbseq r0, r8, r0",1
"andeq r0, r1, r0",1
"andeq r7, r0, r1, asr r8",1
"andeq ip, r0, r0, lsl 16",1
"strpl r0, [r0], -0x100",1
"andeq r0, r0, r0",1
"andeq r0, r0, r0",1
"andeq r0, r0, r8, asr 1",1
"andeq r0, r0, ip, asr 1",1
"rsbseq r0, sp, r2",1
"andeq r0, r0, ip, asr 1",1
"andeq r0, r0, ip, lsr r1",1
"ldmdane sp!, {r1} ^",1
"andeq r0, r0, r0",1
"andeq r0, r0, r0",1
"andeq r0, r0, r8, asr 1",1
"andeq r0, r0, ip, ror 1",1
"mrrc p0, 0, r0, r0, c1",1
"streq r0, [r0], -0",1
invalid,1
invalid,1
invalid,1
"andeq r0, r1, r0",1
"andeq r0, r1, r0, asr r8",1
"andeq r3, r1, r0, lsl 24",1
"strpl r0, [r0, -r0, lsl 2]",1
"andeq r0, r0, r0",1
"andeq r0, r0, r0",1
"andeq r0, r0, r8, asr 1",1
"strdeq r0, r1, [r0], -r0",1
invalid,1
"streq r0, [r0], -0",1
invalid,1
invalid,1
invalid,1
"andeq r0, r1, r0",1
"andeq r0, r1, r1, asr ip",1
"andeq r3, r1, r0, lsl 24",1
"strpl r0, [r0, -0x100]",1
"andeq r0, r0, r0",1
"andeq r0, r0, r0",1
"andeq r0, r0, r8, asr 1",1
"strdeq r0, r1, [r0], -r3",1
"vhadd.u16 d16, d2, d1",1
"streq r0, [r0], -0",1
invalid,1
invalid,1
"mrseq r0, apsr",1
"andeq r0, r1, r0",1
"andeq r0, r1, r2, asr pc",1
"andeq r3, r1, r0, lsl 24",1
"strpl r0, [r0], -r0, lsl 2",1
"andeq r0, r0, r0",1
"andeq r0, r0, r0",1
"ldrdeq r0, r1, [r0], -r8",1
"strdeq r0, r1, [r0], -r4",1
invalid,1
"andeq r0, r0, r0",1
invalid,1
invalid,1
"tsteq ip, r0",1
"andeq r0, r1, r0",1
"andeq r2, r1, r4, asr r4",1
"andeq r3, r1, r0, lsl 24",1
"strpl r0, [r0], -0x100",1
"andeq r0, r0, r0",1
"andeq r0, r0, r0",1
"andeq r0, r0, ip, lsr r1",1
"andeq r0, r0, r0, asr 2",1
"rsbseq r0, sp, r2",1
"andeq r0, r0, r0, asr 2",1
"andeq r0, r0, r4, ror r1",1
"rsbsne r0, sp, r2",1
"andeq r0, r0, r0",1
"andeq r0, r0, r0",1
"andeq r0, r0, ip, lsr r1",1
"andeq r0, r0, r0, asr r1",1
"subspl r0, r0, r1",1
"strvc r0, [r0], -1",1
invalid,1
"andeq r5, r0, r0, lsl 12",1
"andeq r0, r0, r0",1
"teqeq ip, r0",1
"cmpeq r4, r0",1
"andeq r0, r1, r0",1
"andeq r5, r1, r1, asr r4",1
"andeq r7, r1, r0, lsl 8",1
"strpl r0, [r0, -0x100]",1
"andeq r0, r0, r0",1
"andeq r0, r0, r0",1
"andeq r0, r0, ip, lsr r1",1
"andeq r0, r0, r7, asr r1",1
"ldrbpl r0, [r2, -r1]",1
"strvc r0, [r0], -1",1
invalid,1
"andeq r5, r0, r0, lsl 8",1
"andeq r0, r0, r0",1
"cmneq r4, r0",1
"cmneq r8, r0",1
"andeq r0, r2, r0",1
"cmneq r8, sp, ror r0",1
"movseq r0, r0",1
"andeq r0, r2, r0",1
"andeq r0, r0, sp, ror r8",1
"andeq r0, r0, r0",1
"cmneq r4, r0",1
"moveq r0, r0",1
"andeq r0, r1, r0",1
"andeq sl, r1, r0, asr r7",1
"andeq sl, r1, r0, lsl 16",1
"vshl.u8 d0, d0, d0",1
"ldmge pc, {r0, ip, lr}",1
"movwlt r0, 1",1
invalid,1
invalid,1
"movseq r0, r0",1
"andeq r0, r4, r0",1
svcls 0x5001f3,1
"andeq r0, r0, r0",1
"andeq r0, r0, r0",1
"andeq r0, r0, r4, ror r1",1
"andeq r0, r0, r7, lsr 3",1
"ldrbge r0, [r1, -r1]",1
"stmdage r0, {r0}",1
"streq r0, [r0], -1",1
"mrspl pc, sp_irq",1
"muleq r1, pc, r8",1
"andeq fp, r1, r0",1
invalid,1
"strheq r0, [r0], -r0",1
"strheq r0, [r0], -ip",1
invalid,1
"andeq sb, r0, r1, asr pc",1
"andeq r0, r0, r0",1
"cmneq r8, r0",1
"moveq r0, r0",1
"andeq r0, r1, r0",1
"andeq sl, r1, r1, asr r7",1
"andeq sl, r1, r0, lsl 16",1
"vshl.u8 d0, d0, d0",1
"ldmge pc, {r0, r8, ip, lr}",1
"andlt r0, r0, r1",1
invalid,1
"lslseq r5, r0, 2",1
"movseq r0, r0",1
"andeq r0, r4, r0",1
svcls 0x5101f3,1
"andeq r0, r0, r0",1
"andeq r0, r0, r0",1
"andeq r0, r0, r8, ror r1",1
"andeq r0, r0, r7, lsr 3",1
"ldrbge r0, [r0, -r1]",1
"stmdage r0, {r0}",1
"streq r0, [r0], -1",1
"andpl pc, r1, r0, lsl 6",1
"muleq r1, pc, r8",1
"andeq fp, r1, r0, lsl 6",1
"andpl r0, r0, r0, lsl 2",1
"strheq r0, [r0], -r3",1
"strheq r0, [r0], -ip",1
invalid,1
"andeq sb, r0, r0, asr pc",1
"andeq r0, r0, r0",1
"cmneq ip, r0",1
"orreq r0, ip, r0",1
"andeq r0, r1, r0",1
"andeq r8, r1, r3, asr ip",1
"andeq sb, r1, r0",1
"mrsvc r0, r8_usr",1
"andeq sb, r1, r0",1
"andeq sl, r1, r0",1
"movwpl r0, 0x100",1
"andeq r0, r0, r0, lsr 3",1
"andeq r0, r0, r7, lsr 3",1
"rsbseq r0, r1, r2",1
"andeq r0, r0, r8, lsr 3",1
"strheq r0, [r0], -r3",1
"subseq r0, r3, r1",1
"andeq r0, r0, r0",1
invalid,1
"andgt r0, r0, r1",1
"andeq r0, r0, 1",1
"andgt r7, r0, r0, lsl 26",1
"stmdale r0, {r0}",1
"andeq r0, r0, 1",1
"andeq r7, r8, r0, lsl 26",1
"andeq r0, r0, r0",1
invalid,1
"strgt r0, [r0, -r1]",1
invalid,1
"biceq r5, r7, r0",1
"bicseq r0, r8, r0",1
"andeq r0, r1, r0",1
"andeq r0, r0, r4, asr r0",1
"andeq r0, r0, r0",1
"andeq ip, r1, r0, lsl 16",1
"andeq sp, r1, r0, lsl 6",1
"andpl r0, r0, r0, lsl 2",1
"andeq r0, r0, r0",1
"andeq r0, r0, r0",1
"ldrdeq r0, r1, [r0], -r8",1
"ldrdeq r0, r1, [r0], -ip",1
"rsbseq r0, sp, r2",1
"ldrdeq r0, r1, [r0], -ip",1
"andeq r0, r0, ip, ror 3",1
"ldmdaeq sp!, {r1} ^",1
"andeq r0, r0, r0",1
"andeq r0, r0, r0",1
"ldrdeq r0, r1, [r0], -r8",1
"ldrdeq r0, r1, [r0], -pc",1
svcle 0x500001,1
invalid,1
"streq r0, [r0], -1",1
"andpl pc, r1, r0, lsl 6",1
"muleq r0, pc, r0",1
"andeq r0, r0, r0",1
"andeq sp, r1, r0, lsl 16",1
"andeq sp, r1, r0, lsl 30",1
invalid,1
"ldrdeq r0, r1, [r0], -pc",1
"andeq r0, r0, ip, ror 3",1
invalid,1
"andeq sb, r0, r1, asr pc",1
"andeq r0, r0, r0",1
"mvneq r0, r0",1
invalid,1
"andeq r0, r1, r0",1
"andeq r0, r0, r0, asr r0",1
"andeq r0, r0, r0",1
"andeq lr, r1, r0, lsl 24",1
"andeq pc, r1, r0",1
"stcvc p2, c0, [r0, -0]",1
"andeq pc, r1, r0",1
"andeq r1, r2, r0",1
"stcvc p2, c0, [r0, -0]",1
"andeq r0, r0, r0, lsl r0",1
"andeq r0, r0, r0",1
"andeq lr, r1, r0, lsl 24",1
"andeq pc, r1, r0, lsl 24",1
"andpl r0, r0, r0, lsl 2",1
"strdeq r0, r1, [r0], -ip",1
"andeq r0, r0, r0, lsl r2",1
"subseq r0, r5, r1",1
"andeq r0, r0, r0",1
invalid,1
invalid,1
invalid,1
invalid,1
"andseq r0, r0, 0",1
"andeq r0, r1, r0",1
"andeq r0, r0, r4, asr r0",1
"andeq r0, r0, r0",1
"andeq r0, r2, r0",1
"andeq r0, r2, r0, lsl 22",1
"andpl r0, r0, r0, lsl 2",1
"andeq r0, r0, r0",1
"andeq r0, r0, r0",1
"andeq r0, r0, r0, lsl r2",1
"andeq r0, r0, r4, lsl r2",1
"rsbseq r0, sp, r2",1
"andeq r0, r0, r4, lsl r2",1
"andeq r0, r0, ip, lsr 4",1
"ldmdaeq sp!, {r1} ^",1
"andeq r0, r0, r0",1
"andeq r0, r0, r0",1
"andeq r0, r0, r0, lsl r2",1
"andeq r0, r0, fp, lsl r2",1
blne 0x1442608,1
invalid,1
invalid,1
"andeq r5, r0, r0, lsl 8",1
"andeq r0, r0, r0",1
"andeq r0, r0, r0",1
"andeq r0, r4, r0",1
"andeq r0, r2, r0",1
"andeq r0, r4, sp, ror r0",1
"subeq r0, r0, r0",1
"andeq r0, r2, r0",1
"andeq r0, r0, sp, ror r8",1
"andeq r0, r0, r0",1
"andeq r0, r0, r0",1
"andeq r0, r4, r0",1
"andeq r0, r2, r0",1
"andeq r0, r4, sp, ror r0",1
"addseq r0, ip, r0",1
"andeq r0, r2, r0",1
"andeq r2, r0, sp, ror r0",1
"andeq r0, r0, r0",1
"andeq r0, r0, r0",1
"andseq r0, ip, r0",1
"andeq r0, r1, r0",1
"andeq r1, r0, r0, asr ip",1
"andeq sb, r0, r0, lsl 24",1
"strpl r0, [r0], -r0, lsl 2",1
"andeq r0, r0, r0",1
"andeq r0, r0, r0",1
"andeq r0, r0, r0",1
"andeq r0, r0, r0, lsr 32",1
"subshs r0, r1, r1",1
invalid,1
invalid,1
"andeq r5, r0, r0, lsl 14",1
"andeq r0, r0, r0",1
"addseq r0, ip, r0",1
"adceq r0, r0, r0",1
"andeq r0, r2, r0",1
"adceq r0, r0, sp, ror r0",1
"rsceq r0, r0, r0",1
"andeq r0, r2, r0",1
"andeq r1, r0, sp, ror r8",1
"andeq r0, r0, r0",1
"addseq r0, ip, r0",1
"adcseq r0, r8, r0",1
"andeq r0, r1, r0",1
"andeq fp, r0, r0, asr r8",1
"andeq sp, r0, r0, lsl 8",1
"strpl r0, [r0], -r0, lsl 2",1
"ldrdeq r0, r1, [r0], -r4",1
"ldrdeq r0, r1, [r0], -r8",1
"ldmdale r0, {r0} ^",1
"and r0, r0, r0",1
invalid,1
"andeq r5, r0, r0, lsl 12",1
"andeq r0, r0, r0",1
"addseq r0, ip, r0",1
"adcseq r0, r8, r0",1
"andeq r0, r1, r0",1
"andeq fp, r0, r1, asr r8",1
"andeq sp, r0, r0, lsl 8",1
"strpl r0, [r0, -r0, lsl 2]",1
"ldrdeq r0, r1, [r0], -r4",1
"ldrdeq r0, r1, [r0], -r8",1
"ldmdale r1, {r0} ^",1
"and r0, r0, r0",1
invalid,1
"andeq r5, r0, r0, lsl 14",1
"andeq r0, r0, r0",1
"addseq r0, ip, r0",1
"adceq r0, r8, r0",1
"andeq r0, r1, r0",1
"andeq sl, r0, r2, asr r8",1
"andeq fp, r0, r0, lsl 16",1
"andvc r0, r0, 0, 6",1
"sbcseq sb, r4, pc, ror pc",1
"sbcseq r0, r8, r0",1
"andeq r0, r3, r0",1
"addseq r7, pc, r2, ror pc",1
"andeq r0, r0, r0",1
invalid,1
invalid,1
"andeq r0, r0, 0",1
"ldmgt pc, {ip, sp}",1
"strle r0, [r0], -0",1
invalid,1
"sbcseq r5, r4, r0, lsl 10",1
"sbcseq r0, r8, r0",1
"andeq r0, r2, r0",1
"andeq sb, r0, r0, lsr pc",1
"andeq r0, r0, r0",1
"rsceq r0, r0, r0",1
"rsceq r0, r4, r0",1
"andeq r0, r2, r0",1
"rsceq r0, r4, sp, ror r0",1
"rsceq r0, r8, r0",1
"andeq r0, r2, r0",1
"rsceq r1, r8, sp, ror ip",1
"ldrbeq r0, [r0], -0",1
"andeq r0, r2, r0",1
"andeq r3, r0, sp, ror r0",1
"andeq r0, r0, r0",1
"rsceq r0, r0, r0",1
invalid,1
"andeq r0, r1, r0",1
"andeq r0, r1, r0, asr r4",1
"andeq r1, r1, r0, lsl 8",1
"stmdapl r0, {r8}",1
"andeq r0, r0, r4, lsl r1",1
"andeq r0, r0, r3, lsr 2",1
"cmphs r0, 1",1
"andle r0, r0, r1",1
invalid,1
"bicseq r5, r0, r0, lsl 16",1
"ldrteq r0, [r4], -0",1
"andeq r0, r4, r0",1
svcls 0x5001f3,1
"andeq r0, r0, r4, lsr r4",1
"andeq r0, r0, r8, lsr r4",1
"ldmdalo r8, {r0} ^",1
"andpl r0, r0, r4",1
"streq r0, [r0], -4",1
"andpl pc, r1, r0, lsl 6",1
"muleq r0, pc, r0",1
"andeq r0, r0, r0",1
"andeq lr, r0, r0",1
"andeq r0, r1, r0, lsl 16",1
invalid,1
"andeq r0, r0, r8, lsl 2",1
"andeq r0, r0, r4, lsl r1",1
invalid,1
"tsteq r4, r1, asr pc",1
invalid,1
"andeq r0, r1, r0",1
"andeq r2, r1, r1, asr r3",1
"andeq r5, r4, r0",1
"vshl.u8 d0, d0, d0",1
"addseq r5, pc, r1, lsl 2",1
"andeq r0, r0, r0",1
"and r0, r0, r0",1
invalid,1
invalid,1
"mrseq r5, r12_fiq",1
"tsteq r4, r0",1
"andeq r0, r1, r0",1
"andeq r1, r1, r5, asr r4",1
"andeq r2, r1, r0, lsl 6",1
"andpl r0, r0, 0, 2",1
"andeq r0, r0, r3, lsr 2",1
"andeq r0, r0, r0, ror 2",1
"subsvs r0, r5, r1",1
invalid,1
"streq r0, [r0], -1",1
"andpl pc, r1, 0, 6",1
"muleq r1, pc, ip",1
"andeq fp, r1, r0",1
"strpl r0, [r0, -0x100]",1
"strheq r0, [r0], -r0",1
"strheq r0, [r0], -r8",1
invalid,1
invalid,1
"movseq r0, r0",1
"andeq r0, r1, r0",1
"andeq fp, r1, r5, asr ip",1
"andeq r5, r4, r0",1
"vshl.u8 d0, d0, d0",1
"addseq r5, pc, r1, lsl 4",1
"andeq r0, r0, r0",1
"and r0, r0, r0",1
"andne r0, r0, r0",1
invalid,1
"tsteq r0, r0, lsl 6",1
"tsteq r4, r0",1
"andeq r0, r1, r0",1
"andeq r1, r1, r4, asr r4",1
"andeq r2, r1, r0, lsl 6",1
"movwpl r0, 0x100",1
"andeq r0, r0, r3, lsr 2",1
"andeq r0, r0, r0, asr r4",1
"subseq r0, r4, r1",1
"andeq r0, r0, r0",1
invalid,1
invalid,1
"andeq r0, r0, 1",1
"ldclt p0, c3, [pc], {0}",1
"stmdagt r0, {r0}",1
invalid,1
"ldreq r5, [r0], -0x500",1
"ldrteq r0, [r4], -0",1
"andeq r0, r1, r0",1
"andeq r3, r4, r5, asr r4",1
"andeq r3, r4, r0, lsl 16",1
"andlo r0, r0, r0, lsl 4",1
"muleq r0, pc, r0",1
"andeq r0, r0, r0",1
"andeq r3, r1, r0",1
"andeq r6, r1, r0",1
"strpl r0, [r0, -0x100]",1
"andeq r0, r0, r0, ror 2",1
"muleq r0, ip, r1",1
invalid,1
"orrseq sb, ip, r2, asr pc",1
"movseq r0, r0",1
"andeq r0, r1, r0",1
"andeq fp, r1, r5, asr r0",1
"andeq fp, r1, r0, lsl 16",1
"vshl.u8 d0, d0, d0",1
"ldmlt pc, {r0, sb, ip, lr}",1
invalid,1
invalid,1
invalid,1
"ldrbeq r0, [r0], -0",1
"andeq r0, r4, r0",1
svcls 0x5201f3,1
"andeq r0, r0, r0",1
"andeq r0, r0, r0",1
"andeq r0, r0, r0, lsr r1",1
"ldrdeq r0, r1, [r0], -r0",1
"subsle r0, r8, r1",1
"strlo r0, [r0], -1",1
"streq r0, [r0], -4",1
"andpl pc, r1, r0, lsl 6",1
"muleq r4, pc, r4",1
"andeq r3, r4, r0, lsl 16",1
"stmdapl r0, {r8}",1
"andeq r0, r0, r8, lsr r4",1
"andeq r0, r0, r0, asr r4",1
invalid,1
"andeq sb, r0, r0, asr pc",1
"andeq r0, r0, r0",1
"bicseq r0, r8, r0",1
"rsbeq r0, r0, 0",1
"andeq r0, r4, r0",1
svcls 0x4000a,1
"andeq r0, r0, r0, ror 4",1
"andeq r0, r0, r0, asr r3",1
"ldmdapl r1, {r0} ^",1
"andvs r0, r0, r3",1
invalid,1
invalid,1
"cmneq r3, 0",1
"andeq r0, r1, r0",1
"andeq r7, r3, r1, asr r8",1
"andeq r8, r3, r0, lsl 6",1
invalid,1
"andeq r0, r0, r8, lsl 7",1
"muleq r0, r3, r3",1
"ldmdals r1, {r0} ^",1
"movwge r0, 3",1
invalid,1
invalid,1
invalid,1
"andeq r0, r1, r0",1
"andeq fp, r3, r1, asr r8",1
"andeq ip, r3, r0, lsl 6",1
invalid,1
"andeq r0, r0, r8, asr 7",1
"ldrdeq r0, r1, [r0], -r0",1
"ldmdale r1, {r0} ^",1
"movw r0, 3",1
invalid,1
invalid,1
invalid,1
"andeq r0, r1, r0",1
"andeq pc, r3, r1, asr r8",1
"andeq r0, r4, r0, lsl 24",1
invalid,1
"andeq r0, r0, r0",1
"andeq r0, r0, r0",1
"ldrdeq r0, r1, [r0], -r8",1
"andeq r0, r0, r0, ror 4",1
svcls 0x310002,1
"andeq r0, r0, r0, ror 4",1
"andeq r0, r0, r8, lsr 8",1
"subseq r0, r7, r1",1
"andeq r0, r0, r0",1
"strpl r0, [r0], -0",1
"stmdapl r0, {r0, r1}",1
invalid,1
invalid,1
invalid,1
"andeq r0, r1, r0",1
"andeq r7, r3, r0, asr r4",1
"andeq r7, r3, r0, lsl 16",1
"andpl r0, r0, r0, lsl 2",1
"andeq r0, r0, r4, lsl 7",1
"andeq r0, r0, r8, lsl 7",1
"ldrbls r0, [r0], -1",1
"stmdals r0, {r0, r1}",1
invalid,1
invalid,1
invalid,1
"andeq r0, r1, r0",1
"andeq fp, r3, r0, asr r4",1
"andeq fp, r3, r0, lsl 16",1
"andpl r0, r0, r0, lsl 2",1
"andeq r0, r0, r4, asr 7",1
"andeq r0, r0, r8, asr 7",1
"ldrble r0, [r0], -1",1
"stmdale r0, {r0, r1}",1
invalid,1
invalid,1
invalid,1
"andeq r0, r1, r0",1
"andeq pc, r3, r0, asr r4",1
"andeq pc, r3, r0, lsl 16",1
"andpl r0, r0, r0, lsl 2",1
"andeq r0, r0, ip, lsl 8",1
"andeq r0, r0, r8, lsr 8",1
"subseq r0, r0, r1",1
"andeq r0, r0, r0",1
"andeq r0, r0, r0",1
"streq r0, [r0], -0",1
"andeq r0, r0, 0",1
"streq r7, [r0], -0xd00",1
invalid,1
"andeq r0, r0, 0",1
"andseq r7, r0, r0, lsl 26",1
"andeq r0, r0, r0",1
"andeq r0, r0, r0",1
"strne r0, [r0], -0",1
invalid,1
"andseq r5, r4, r0",1
"subseq r0, ip, r0",1
"andeq r0, r1, r0",1
"andeq r0, r0, r4, asr r0",1
"andeq r0, r0, r0",1
"andeq r0, r0, r0",1
"andeq r1, r0, r0, lsl 14",1
invalid,1
"andeq r0, r0, r7, lsl r0",1
"andeq r0, r0, ip, asr r0",1
"subseq r0, r6, r1",1
"andeq r0, r0, r0",1
invalid,1
"andvs r0, r0, r0",1
"andeq r0, r0, 0",1
"andvs r7, r0, r0, lsl 26",1
"andge r0, r0, r0",1
"andeq r0, r0, 0",1
"andseq r7, r8, r0, lsl 26",1
"andeq r0, r0, r0",1
invalid,1
invalid,1
invalid,1
"rsbseq r5, r8, r0",1
"addseq r0, r4, r0",1
"andeq r0, r1, r0",1
"andeq sb, r0, r6, asr r4",1
"andeq sb, r0, r0, lsl 16",1
"andpl r0, r0, r0, lsl 2",1
"muleq r0, r8, r0",1
"andeq r0, r0, r0, lsr 1",1
"subseq r0, r6, r1",1
"andeq r0, r0, r0",1
invalid,1
invalid,1
invalid,1
"rsbseq r5, r8, r0, lsl 2",1
"addseq r0, r4, r0",1
"andeq r0, r1, r0",1
"andeq sb, r0, r7, asr r4",1
"andeq sb, r0, r0, lsl 16",1
invalid,1
"muleq r0, r8, r0",1
"andeq r0, r0, r0, lsr 1",1
"subseq r0, r7, r1",1
"andeq r0, r0, r0",1
invalid,1
invalid,1
invalid,1
"rsbeq r5, r8, r0, lsl 4",1
"rsbseq r0, r8, r0",1
"andeq r0, r3, r0",1
"ldrls r7, [pc], 0xf72       ; [0x42be0:4]=0x3000000",1
invalid,1
"movweq r0, 0",1
svcls 0x7f7200,1
"andeq r0, r0, r0",1
"andeq r0, r0, r0",1
"andeq r0, r0, r8, rrx",1
"andeq r0, r0, r8, ror r0",1
svcls 0x300002,1
"andeq r0, r0, r8, lsl 1",1
"muleq r0, r4, r0",1
"ldrbls r0, [r5], -1",1
invalid,1
"andeq r0, r0, 0",1
"addseq r3, pc, r0",1
"andeq r0, r0, r0",1
"andge r0, r0, r0",1
"strge r0, [r0], -0",1
"andeq r0, r0, 0",1
"strge r7, [r0], -0xd00",1
invalid,1
"andeq r0, r0, 0",1
"ldmdage ip, {r8, sl, fp, ip, sp, lr}",1
"streq r0, [r0], -0",1
"andeq r0, r0, 4",1
"eoreq r7, r8, r0, lsl 26",1
"andeq r0, r0, r0",1
"andge r0, r0, r0",1
"strgt r0, [r0], -0",1
invalid,1
"sbceq r5, r4, r0",1
"sbcseq r0, r4, r0",1
"andeq r0, r1, r0",1
"andeq sp, r0, r6, asr r4",1
"andeq lr, r0, r0, lsl 6",1
"andpl r0, r0, r0, lsl 2",1
"andeq r0, r0, r3, ror 1",1
"andeq r0, r0, r4, lsl 3",1
"ldrbhi r0, [r6], -1",1
"stmda r0, {r0}",1
"streq r0, [r0], -3",1
"andpl pc, r1, r0, lsl 6",1
"muleq r3, pc, r8",1
"andeq lr, r3, r0, lsl 24",1
"strpl r0, [r0], -r0, lsl 2",1
"andeq r0, r0, ip, ror 7",1
"andeq r0, r0, r4, lsl 8",1
invalid,1
"andeq sb, r0, r0, asr pc",1
"andeq r0, r0, r0",1
"adceq r0, r0, r0",1
"sbceq r0, r8, r0",1
"andeq r0, r1, r0",1
"andeq ip, r0, r1, asr r8",1
"andeq sp, r0, r0, lsl 8",1
"vshl.u8 d0, d0, d0",1
"ldrle r5, [pc], 0x101       ; [0x42cc0:4]=0x1000000",1
"movw r0, 0",1
invalid,1
"rsceq r5, r3, r0, lsl 2",1
"streq r0, [r4], -0",1
"andeq r0, r4, r0",1
svcls 0x5101f3,1
"andeq r0, r0, r0",1
"andeq r0, r0, r0",1
"andeq r0, r0, r0, lsr 1",1
"andeq r0, r0, ip, asr 1",1
"mrrcgt p0, 0, r0, r2, c1",1
"strle r0, [r0], -0",1
invalid,1
"sbcseq r5, r4, r0, lsl 10",1
"rsceq r0, r3, r0",1
"andeq r0, r1, r0",1
"andeq lr, r0, r2, asr r3",1
"andeq r1, r1, r0, lsl 16",1
"strpl r0, [r0, -0x100]",1
"andeq r0, r0, r8, lsl r1",1
"andeq r0, r0, r0, asr r1",1
invalid,1
"cmpeq r0, r2, asr pc",1
invalid,1
"andeq r0, r1, r0",1
"andeq r6, r1, r5, asr r4",1
"andeq r6, r1, r0, lsl 24",1
"vshl.u8 d0, d0, d0",1
"ldcvs p2, c5, [pc], {1}",1
"andvc r0, r0, r1",1
invalid,1
"cmneq r0, r0, lsl 10",1
"streq r0, [r4], -0",1
"andeq r0, r4, r0",1
svcls 0x5201f3,1
"andeq r0, r0, r0",1
"andeq r0, r0, r0",1
"andeq r0, r0, r0, lsr 1",1
"ldrdeq r0, r1, [r0], -r0",1
"subsle r0, r3, r1",1
"strle r0, [r0], -0",1
invalid,1
"sbcseq r5, r4, r0, lsl 20",1
"rsceq r0, r3, r0",1
"andeq r0, r1, r0",1
"andeq lr, r0, r3, asr r3",1
"andeq r0, r4, r0, lsl 8",1
bpl 0x43180,1
"andeq r0, r0, r0",1
"andeq r0, r0, r0",1
"andeq r0, r0, r0, lsl 2",1
"andeq r0, r0, r8, asr 2",1
"ldmdami r0, {r0} ^",1
"streq r0, [r0], -1",1
"andeq r0, r0, 4",1
"subseq sb, r0, r0, lsl 2",1
"andeq r0, r0, r0",1
invalid,1
"andvc r0, r0, r0",1
"andeq r0, r0, 1",1
"addsvc r3, pc, r0",1
invalid,1
invalid,1
"biceq r5, r4, 0, 10",1
invalid,1
"andeq r0, r1, r0",1
"andeq lr, r3, r5, asr r8",1
"andeq lr, r3, r0, lsl 24",1
"andlo r0, r0, r0, lsl 4",1
"muleq r0, pc, r0",1
"andeq r0, r0, r0",1
"andeq r8, r1, r0, lsl 24",1
"andeq r1, r2, r0, lsl 8",1
beq 0x43de8,1
"ldrne r0, [pc], 0x400       ; [0x42dec:4]=0x1000003",1
"streq r0, [r0], -2",1
invalid,1
"movweq r5, 0xc100",1
"tsteq r4, 0",1
"andeq r0, r1, r0",1
"andeq r1, r3, r1, asr ip",1
"andeq r2, r3, r0, lsl 14",1
invalid,1
"andeq r0, r0, ip, lsr 6",1
"andeq r0, r0, r7, lsr r3",1
"mrrclo p0, 0, r0, r1, c1",1
"strmi r0, [r0, -r3]",1
invalid,1
"movteq r5, 0xc100",1
"cmpeq r7, 0",1
"andeq r0, r1, r0",1
"andeq r5, r3, r1, asr ip",1
"andeq r6, r3, r0, lsl 14",1
invalid,1
"andeq r0, r0, ip, ror 6",1
"andeq r0, r0, r7, ror r3",1
"mrrcvc p0, 0, r0, r1, c1",1
"strhi r0, [r0], -3",1
invalid,1
"orreq r5, ip, 0, 2",1
"orrseq r0, r7, 0",1
"andeq r0, r1, r0",1
"andeq sb, r3, r1, asr ip",1
"andeq sl, r3, r0, lsl 14",1
invalid,1
"andeq r0, r0, ip, lsr 7",1
"andeq r0, r0, r0, asr 7",1
"subseq r0, r1, r1",1
"andeq r0, r0, r0",1
invalid,1
"strne r0, [r0], -1",1
"andeq r0, r0, 2",1
"ldrne r3, [pc], 0x100       ; [0x42e84:4]=0x1000003",1
invalid,1
invalid,1
"andeq r5, r0, r0, lsl 14",1
"andeq r0, r0, r0",1
"movweq r0, 0x8000",1
"movweq r0, 0xc000",1
"andeq r0, r1, r0",1
"andeq r1, r3, r0, asr r8",1
"andeq r1, r3, r0, lsl 24",1
"andpl r0, r0, r0, lsl 2",1
"andeq r0, r0, r8, lsr 6",1
"andeq r0, r0, ip, lsr 6",1
"ldmdalo r0, {r0} ^",1
invalid,1
invalid,1
"movteq r5, 0x8000",1
"movteq r0, 0xc000",1
"andeq r0, r1, r0",1
"andeq r5, r3, r0, asr r8",1
"andeq r5, r3, r0, lsl 24",1
"andpl r0, r0, r0, lsl 2",1
"andeq r0, r0, r8, ror 6",1
"andeq r0, r0, ip, ror 6",1
"ldmdavc r0, {r0} ^",1
invalid,1
invalid,1
"orreq r5, r8, 0",1
"orreq r0, ip, 0",1
"andeq r0, r1, r0",1
"andeq sb, r3, r0, asr r8",1
"andeq sb, r3, r0, lsl 24",1
"andpl r0, r0, r0, lsl 2",1
"andeq r0, r0, r8, lsr 7",1
"andeq r0, r0, ip, lsr 7",1
"subsgt r0, r0, r1",1
invalid,1
invalid,1
"andeq r5, r0, r0",1
"andeq r0, r0, r0",1
"andeq r0, r0, r0",1
"andeq r0, r4, r0",1
"andeq r0, r2, r0",1
"andeq r0, r4, sp, ror r0",1
"andeq r0, r8, r0",1
"andeq r0, r2, r0",1
"andeq r1, r8, sp, ror r0",1
"adceq r0, r8, r0",1
"andeq r0, r2, r0",1
"andeq r1, r0, sp, ror r8",1
"andeq r0, r0, r0",1
"andeq r0, r0, r0",1
"andeq r0, pc, r0",1
"andeq r0, r1, r0",1
"andeq r0, r0, r0, asr pc",1
"andeq sl, r0, r0, lsl 16",1
"strpl r0, [r0], -0x100",1
"andeq r0, r0, r0",1
"andeq r0, r0, r0",1
"andeq r0, r0, ip",1
"andeq r0, r0, r0, lsl 1",1
svcls 0x300002,1
"andeq r0, r0, r0, lsl 1",1
"muleq r0, r8, r0",1
"ldmdals r6, {r0} ^",1
"andge r0, r0, r0",1
"andeq r0, r0, 0",1
"addseq r3, pc, r0",1
"andeq r0, r0, r0",1
"andne r0, r0, r0",1
invalid,1
invalid,1
"eoreq r5, r4, r0",1
"eoreq r0, r8, r0",1
"andeq r0, r1, r0",1
"andeq r0, r0, r0, asr r0",1
"andeq r0, r0, r0",1
"andeq r0, r0, r0, lsl 24",1
"andeq r8, r0, r0, lsl 16",1
"andlo r0, r0, r0, lsl 4",1
"muleq r0, pc, r8",1
"andeq sb, r0, r0",1
"andpl r0, r0, r0, lsl 2",1
"muleq r0, r0, r0",1
"muleq r0, r8, r0",1
invalid,1
"muleq r0, pc, r8",1
"andeq sl, r0, r0",1
"andlo r0, r0, r0, lsl 4",1
"muleq r0, pc, r0",1
"andeq r0, r0, r0",1
"andeq r0, r0, r0",1
"andeq r0, r0, r0, lsl 8",1
"stcvc p2, c0, [r0, -0]",1
"andeq r0, r0, r0, lsl 8",1
"andeq r0, r0, r0, lsl 16",1
"stcvc p2, c0, [r0, -0]",1
"andeq r0, r0, r8, lsl 16",1
"andeq r6, r0, r0",1
"stcvc p2, c0, [r0, -0]",1
"andeq r0, r0, r0, lsl r0",1
"andeq r0, r0, r0",1
"andeq r0, r0, r0",1
"andeq r1, r0, r0, lsl 14",1
"andpl r0, r0, r0, lsl 2",1
"andeq r0, r0, r7, lsl r0",1
"andeq r0, r0, r0, rrx",1
"subseq r0, r4, r1",1
"andeq r0, r0, r0",1
invalid,1
invalid,1
invalid,1
"andeq r5, r0, r0, lsl 8",1
"andeq r0, r0, r0",1
"andeq r0, r0, r0",1
"andeq r0, r4, r0",1
"andeq r0, r2, r0",1
"andeq r0, r4, sp, ror r0",1
"andeq r0, r8, r0",1
"andeq r0, r2, r0",1
"andeq r1, r8, sp, ror r4",1
"adcseq r0, r4, r0",1
"andeq r0, r2, r0",1
"andeq r2, r0, sp, ror r0",1
"andeq r0, r0, r0",1
"andeq r0, r0, r0",1
"subeq r0, r7, r0",1
"andeq r0, r1, r0",1
"andeq r4, r0, r0, asr r7",1
"andeq sb, r0, r0",1
"strpl r0, [r0], -r0, lsl 2",1
"muleq r0, r0, r0",1
"muleq r0, r8, r0",1
"ldmdals r0, {r0} ^",1
"strlt r0, [r0], -0",1
invalid,1
"andeq r5, r0, r0, lsl 12",1
"andeq r0, r0, r0",1
"andeq r0, r0, r0",1
"andseq r0, ip, r0",1
"andeq r0, r6, r0",1
"movwpl sb, 0x4352",1
"mulseq ip, r3, r4",1
"adcseq r0, r4, r0",1
"andeq r0, r6, r0",1
"rscseq r0, r5, 0xcc000003",1
"andeq sb, r0, r5, lsr 30",1
"andeq r0, r0, r0",1
"rsbeq r0, r0, r0",1
"addseq r0, r0, r0",1
"andeq r0, r6, r0",1
"movwpl sb, 0x4352",1
"umlaleq r0, r8, r3, r4",1
"adceq r0, ip, r0",1
"andeq r0, r6, r0",1
"movwpl sb, 0x4352",1
"muleq r0, r3, r4",1
"andeq r0, r0, r0",1
"andeq r0, r0, r0",1
"andeq r0, r8, r0",1
"andeq r0, r1, r0",1
"andeq r0, r0, r1, asr r8",1
"andeq r1, r0, r0, lsl 24",1
"vshl.u8 d0, d0, d0",1
"addseq r5, pc, r1, lsl 2",1
"andeq r0, r0, r0",1
invalid,1
"strhs r0, [r0], -0",1
invalid,1
"eoreq r5, r4, r0, lsl 2",1
"eorseq r0, r8, r0",1
"andeq r0, r4, r0",1
svcls 0x5101f3,1
"andeq r0, r0, r0",1
"andeq r0, r0, r0",1
"andeq r0, r0, r8, lsr r0",1
"andeq r0, r0, r8, asr 32",1
"ldmdami r0, {r0} ^",1
"andpl r0, r0, r0",1
"streq r0, [r0], -0",1
"andpl pc, r1, r0, lsl 6",1
"muleq r0, pc, r0",1
"andeq r0, r0, r0",1
"andeq r3, r0, r0, lsl 16",1
"andeq r4, r0, r0",1
invalid,1
"andeq r0, r0, r0, asr 32",1
"andeq r0, r0, r0, asr r0",1
invalid,1
"andeq sb, r0, r1, asr pc",1
"andeq r0, r0, r0",1
"subseq r0, r0, r0",1
"subseq r0, r4, r0",1
"andeq r0, r1, r0",1
"andeq r5, r0, r0, asr r4",1
"andeq r6, r0, r0, lsl 24",1
"andvc r0, r0, 0, 6",1
"andeq sb, r0, r0, ror 30",1
"andeq r0, r0, r0",1
"subseq r0, r0, r0",1
"subseq r0, r4, r0",1
"andeq r0, r2, r0",1
"andeq sb, r0, r0, lsr pc",1
"andeq r0, r0, r0",1
"rsbeq r0, ip, r0",1
"rsbseq r0, r0, r0",1
"andeq r0, r2, r0",1
"andeq sb, r0, r0, lsr pc",1
"andeq r0, r0, r0",1
"addseq r0, r0, r0",1
"addseq r0, r4, r0",1
"andeq r0, r2, r0",1
"andeq sb, r0, r0, lsr pc",1
"andeq r0, r0, r0",1
"adcseq r0, r4, r0",1
"sbcseq r0, r4, r0",1
"andeq r0, r1, r0",1
"andeq sp, r0, r0, asr r4",1
"andeq r1, r1, r0",1
"vshl.u8 d0, d0, d0",1
"addsne r5, pc, r1",1
"strne r0, [r0], -1",1
invalid,1
"tsteq r4, r0",1
"tsteq r8, r0",1
"andeq r0, r4, r0",1
svcls 0x5001f3,1
"andeq r0, r0, r8, lsl r1",1
"andeq r0, r0, ip, lsl r1",1
"mrrcne p0, 0, r0, r0, c1",1
"stmdahs r0, {r0}",1
"streq r0, [r0], -1",1
"andpl pc, r1, r0, lsl 6",1
"muleq r0, pc, r0",1
"andeq r0, r0, r0",1
"andeq fp, r0, r0, lsl 8",1
"andeq lr, r0, r0, lsl 16",1
invalid,1
"andeq r0, r0, r8, ror 1",1
"andeq r0, r0, r0, lsl r1",1
invalid,1
"tsteq r0, r1, asr pc",1
invalid,1
"andeq r0, r1, r0",1
"andeq r0, r0, r1, asr r0",1
"andeq r0, r0, r0",1
"andeq ip, r0, r0",1
"andeq pc, r0, r0",1
"mrslo r0, r8_usr",1
"muleq r0, pc, r0",1
"andeq r0, r1, r0",1
"andpl r0, r0, r0, lsl 2",1
"andeq r0, r0, r4, lsl 2",1
"andeq r0, r0, r0, lsl r1",1
"ldmdane r0, {r0} ^",1
"stmdahs r0, {r0}",1
"andeq r0, r0, 1",1
"addseq r3, pc, r0, lsl 2",1
"andeq r0, r0, r0",1
invalid,1
"stmdalo r0, {r0}",1
invalid,1
"teqeq r8, r0",1
"mrseq r0, spsr",1
"andeq r0, r4, r0",1
svcls 0x5001f3,1
"andeq r0, r0, r0",1
"andeq r0, r0, r0",1
"andeq r0, r0, r4, asr 2",1
"andeq r0, r0, r8, asr 2",1
"rsbseq r0, sp, r2",1
"andeq r0, r0, r8, asr 2",1
"andeq r0, r0, r8, lsr 3",1
"ldrbteq r0, [sp], -2",1
"andeq r0, r0, r0",1
"andeq r0, r0, r0",1
"andeq r0, r0, r4, asr 2",1
"andeq r0, r0, r4, ror r1",1
"ldrbvc r0, [r3], -1",1
"stmdage r0, {r0}",1
"movweq r0, 1",1
"sbceq r7, r0, r0, lsl 4",1
"andeq r0, r0, r0",1
"andeq r0, r0, r0",1
"strheq r0, [r0], -ip",1
"strdeq r0, r1, [r0], -r4",1
"subseq r0, r3, r1",1
"andeq r0, r0, r0",1
"strgt r0, [r0], -0",1
"strle r0, [r0], -1",1
"andne r0, r0, r1",1
"streq r7, [r0], -r0",1
"eorvc r0, r2, r3, ror r0",1
"strtls r0, [r2], -0x618",1
bne 0x5320,1
"muleq r1, pc, r4",1
"andeq lr, r1, r0",1
"andpl r0, r0, 0, 2",1
"andeq r0, r0, r0, ror 3",1
"andeq r0, r0, r8, ror 3",1
"rsbseq r0, r0, r0, lsl r0",1
"andhs r7, r0, 0x18000000",1
"andhs r1, r6, 112, 16",1
invalid,1
invalid,1
invalid,1
"andseq r0, r2, r0",1
"andvc r0, r6, r0, ror r0",1
invalid,1
"ldcne p2, c2, [r1], -0",1
invalid,1
"andeq sb, r0, sl, lsl pc",1
"andeq r0, r0, r0",1
"andeq r0, r0, 0",1
"andeq r0, r4, 0",1
"andeq r0, r2, r0",1
"andeq r0, r4, 0x7d",1
"rsbseq r0, ip, 0",1
"andeq r0, r2, r0",1
"andeq r0, r0, sp, ror r4",1
"andeq r0, r0, r0",1
"andeq r0, r0, 0",1
"andseq r0, r8, 0",1
"andeq r0, r1, r0",1
"andeq r1, r2, r0, asr r8",1
"andeq r7, r2, r0, lsl 24",1
invalid,1
"andeq r0, r0, r0",1
"andeq r0, r0, r0",1
"andeq r0, r0, r0, lsl 4",1
"andeq r0, r0, r8, lsr r2",1
"ldmdalo r1, {r0} ^",1
"stmdavs r0, {r1}",1
invalid,1
"rsbeq r5, r8, 0, 8",1
"rsbseq r0, r0, 0",1
"andeq r0, r1, r0",1
"andeq r7, r2, r1, asr r0",1
"andeq r7, r2, r0, lsl 24",1
"strpl r0, [r0], -0x100",1
"andeq r0, r0, r0",1
"andeq r0, r0, r0",1
"andeq r0, r0, r8, lsr r2",1
"andeq r0, r0, r8, ror 4",1
"subsvc r0, r3, r1",1
"strvc r0, [r0], -2",1
invalid,1
"andeq r5, r0, r0, lsl 6",1
"andeq r0, r0, r0",1
"rsbseq r0, ip, 0",1
"addeq r0, r0, 0",1
"andeq r0, r2, r0",1
"addeq r0, r0, 0x7d",1
"tsteq ip, 0",1
"andeq r0, r2, r0",1
"andeq r0, r0, sp, ror r8",1
"andeq r0, r0, r0",1
"rsbseq r0, ip, 0",1
"movweq r0, 0",1
"andeq r0, r1, r0",1
"andeq r0, r3, r0, asr r0",1
"andeq r0, r3, r0, lsl 16",1
"vshl.u8 d0, d0, d0",1
"ldmeq pc, {r0, ip, lr}",1
invalid,1
invalid,1
"movweq r5, 0xc000",1
"tsteq ip, 0",1
"andeq r0, r4, r0",1
svcls 0x5001f3,1
"andeq r0, r0, r0",1
"andeq r0, r0, r0",1
"muleq r0, r8, r2",1
"andeq r0, r0, r8, lsl 6",1
"subsne r0, ip, r1",1
"strne r0, [r0], -3",1
invalid,1
"andeq r5, r0, r0, lsl 24",1
"andeq r0, r0, r0",1
"addseq r0, r8, 0",1
"sbceq r0, r4, 0",1
"andeq r0, r1, r0",1
"andeq ip, r2, r3, asr r4",1
"andeq pc, r2, r0",1
"strpl r0, [r0], -0x100",1
"andeq r0, r0, r0",1
"andeq r0, r0, r0",1
"muleq r0, r8, r2",1
"andeq r0, r0, r0, lsr 5",1
"subsge r0, r3, r1",1
"andlt r0, r0, r2",1
invalid,1
"adcseq r5, r0, 0, 4",1
"adcseq r0, ip, 0",1
"andeq r0, r1, r0",1
"andeq fp, r2, r3, asr ip",1
"andeq ip, r2, r0, lsl 8",1
"andpl r0, r0, 0, 2",1
"andeq r0, r0, r4, asr 5",1
"andeq r0, r0, r8, asr 5",1
"ldmdagt r3, {r0} ^",1
invalid,1
invalid,1
"sbcseq r5, ip, 0, 4",1
"rscseq r0, r0, 0",1
"andeq r0, r1, r0",1
"andeq r0, r0, r3, asr r0",1
"andeq r0, r0, r0",1
"andeq r1, r3, r0, lsl 24",1
"andeq r4, r3, r0, lsl 16",1
invalid,1
"andeq r0, r0, r8, asr 6",1
"andeq r0, r0, r4, asr r3",1
svcvc 0x710003,1
"muleq r3, pc, r4",1
"andeq r6, r3, r0, lsl 8",1
invalid,1
"andeq r0, r0, r0",1
"andeq r0, r0, r0",1
"andeq r0, r0, r4, ror 6",1
"andeq r0, r0, ip, ror r3",1
"mrrcvc p0, 0, r0, r0, c1",1
"strls r0, [r0], -3",1
"streq r0, [r0], -3",1
"andpl pc, r1, r0, lsl 6",1
"muleq r0, pc, r0",1
"andeq r0, r0, r0",1
"andeq r6, r3, r0, lsl 8",1
"andeq r6, r3, r0, lsl 24",1
invalid,1
"andeq r0, r0, ip, ror 6",1
"muleq r0, r4, r3",1
invalid,1
"andeq sb, r0, r1, asr pc",1
"andeq r0, r0, r0",1
invalid,1
"cmneq ip, 0",1
"andeq r0, r2, r0",1
"andeq sb, r0, r0, lsr pc",1
"andeq r0, r0, r0",1
"orrseq r0, r4, 0",1
"strteq r0, [r8], -0",1
"andeq r0, r1, r0",1
"andeq r2, r4, r0, asr r8",1
"andeq r2, r4, r0, lsl 24",1
"vshl.u8 d0, d0, d0",1
"addseq r5, pc, r1",1
"andeq r0, r0, r0",1
"strls r0, [r0], -0",1
"andgt r0, r0, r3",1
invalid,1
"biceq r5, r0, 0, 2",1
"biceq r0, ip, 0",1
"andeq r0, r4, r0",1
svcls 0x5101f3,1
"andeq r0, r0, ip, asr 7",1
"andeq r0, r0, r8, lsl 8",1
"ldmdaeq r1, {r0} ^",1
invalid,1
"streq r0, [r0], -4",1
"mrspl pc, sp_irq",1
"muleq r0, pc, r0",1
"andeq r0, r0, r0",1
"andeq sl, r3, r0, lsl 24",1
"andeq ip, r3, r0",1
"mrsvc r0, r8_usr",1
"andeq ip, r3, r4, lsl r0",1
"andeq ip, r3, r0, lsl 24",1
"vrshl.u8 d0, d0, d0",1
"strtne r5, [r3], -0x101",1
"andeq r0, r0, r0",1
"andeq r0, r0, r0",1
"strdeq r0, r1, [r0], -r0",1
"andeq r0, r0, r0, lsr 8",1
"subshs r0, r2, r1",1
"strhs r0, [r0], -4",1
"stmdaeq r0, {r2}",1
"mrspl pc, sp_irq",1
"movwhs r0, 0x6423",1
"andeq r0, r0, r4, lsl r0",1
"andeq r0, r0, r0",1
"andeq r2, r4, r0, lsl 24",1
"andeq sb, r4, r0, lsl 8",1
"andpl r0, r0, r0, lsl 2",1
"muleq r0, r4, r4",1
"muleq r0, r8, r4",1
invalid,1
"andeq sb, r0, r0, asr pc",1
"andeq r0, r0, r0",1
"ldreq r0, [r8], 0",1
"ldreq r0, [ip], 0",1
"andeq r0, r2, r0",1
"ldreq r0, [ip], 0x7d",1
"strteq r0, [r8], -r0",1
"andeq r0, r2, r0",1
"andeq r0, r0, sp, ror r4",1
"andeq r0, r0, r0",1
"ldreq r0, [r8], 0",1
"ldrteq r0, [r4], 0",1
"andeq r0, r1, r0",1
"andeq fp, r4, r0, asr r4",1
"andeq fp, r4, r0, lsl 16",1
"vshl.u8 d0, d0, d0",1
"ldmlt pc, {r0, ip, lr}",1
invalid,1
invalid,1
"ldrbteq r5, [r8], 0",1
"strteq r0, [r8], -r0",1
"andeq r0, r4, r0",1
svcls 0x5001f3,1
"andeq r0, r0, r0",1
"andeq r0, r0, r0",1
"muleq r0, r8, r4",1
"andeq r0, r0, r0, ror 10",1
"subsvs r0, r1, r1",1
invalid,1
"streq r0, [r0], -5",1
"mrspl pc, sp_irq",1
"muleq r5, pc, ip",1
"andeq r2, r6, r0",1
invalid,1
"andeq r0, r0, r0, lsr 12",1
"andeq r0, r0, r8, lsr 12",1
invalid,1
"andeq sb, r0, r1, asr pc",1
"andeq r0, r0, r0",1
"ldreq r0, [r8], 0",1
"ldreq r0, [r8, -0]",1
"andeq r0, r1, r0",1
"andeq r1, r5, r2, asr r8",1
"andeq r4, r5, r0",1
"vshl.u8 d0, d0, d0",1
"addsmi r5, pc, r1, lsl 4",1
"strne r0, [r0], -5",1
invalid,1
"ldreq r5, [r4], -r0, lsl 4",1
"strteq r0, [r8], -r0",1
"andeq r0, r4, r0",1
svcls 0x5201f3,1
"andeq r0, r0, r0",1
"andeq r0, r0, r0",1
"andeq r0, r0, r0, asr 9",1
"andeq r0, r0, r8, asr 9",1
"rsbseq r0, ip, r6",1
"andhs r2, r6, 0x710000",1
"andeq r0, r0, r8, asr 9",1
"andeq r0, r0, r0, ror 10",1
"ldrbteq r0, [r1], -7",1
"strteq r7, [r8], -r6, lsl 2",1
"andeq r6, r5, r2, lsr 32",1
"andeq ip, r5, r0, lsl 24",1
"vpadd.f32 d0, d0, d0",1
"strteq r5, [r3], -0x101",1
invalid,1
"andhs r2, r6, 0x230000",1
"andeq r0, r0, ip, asr 11",1
"andeq r0, r0, r0, lsr 12",1
"ldrbteq r0, [r1], -7",1
"strteq r7, [r8], -r6, lsl 2",1
"andeq r0, r0, r2, lsr 32",1
"andeq r0, r0, r0",1
"andeq r2, r5, r0, lsl 24",1
"andeq r4, r5, r0",1
"andvc r0, r0, 0, 12",1
"strteq r7, [r8], -r0, lsl 2",1
"andeq r0, r0, r2, lsr 32",1
"andeq r0, r0, r0",1
"andeq r6, r5, r0, lsl 8",1
"andeq fp, r5, r0, lsl 8",1
invalid,1
"mrspl pc, sp_irq",1
"andhs r2, r6, 0x230000",1
"andeq r0, r0, r3, lsr 2",1
"andeq r0, r0, r0",1
"strbeq r0, [r8, -0]!",1
"ldreq r0, [r4, 0]!",1
"andeq r0, r2, r0",1
"strbeq sb, [r4, 0xf32]",1
"strbeq r0, [ip]",1
"andeq r0, r2, r0",1
"andeq sb, r0, r1, lsr pc",1
"andeq r0, r0, r0",1
"strteq r0, [r8], -r0",1
"strbeq r0, [ip], -r0",1
"andeq r0, r1, r0",1
"andeq r4, r6, r0, asr ip",1
"andeq r5, r6, r0",1
"vshl.u8 d0, d0, d0",1
"addseq r5, pc, r1",1
"andeq r0, r0, r0",1
"andpl r0, r0, r0",1
"strpl r0, [r0], -6",1
"andeq r0, r0, 6",1
"strpl r7, [r0], -0xd00",1
"stmdapl r0, {r1, r2}",1
"andeq r0, r0, 6",1
"stmdapl r4!, {r8, sl, fp, ip, sp, lr}",1
"andpl r0, r0, r6",1
"movweq r0, 8",1
"sbcseq r7, r0, r0, lsl 26",1
"andeq r0, r0, r0",1
"andeq r0, r0, r0",1
"andeq r0, r0, r0, asr r6",1
"andeq r0, r0, ip, asr 13",1
"mrrcgt p0, 0, r0, r0, c1",1
"andpl r0, r0, r6",1
"movweq r0, 8",1
svcvc 0xb09100,1
"andeq r0, r0, r0",1
"andeq r0, r0, r0",1
"andeq r0, r0, r0, asr r6",1
"andeq r0, r0, r8, lsl 13",1
"ldmdahi r1, {r0} ^",1
"andpl r0, r0, r6",1
"movweq r0, 8",1
svcvc 0xb89100,1
"andeq r0, r0, r0",1
"andeq r0, r0, r0",1
"andeq r0, r0, r0, asr r6",1
"strheq r0, [r0], -r8",1
"ldmdalt r2, {r0} ^",1
"andpl r0, r0, r6",1
invalid,1
"andeq r5, r0, r0, lsl 18",1
"andeq r0, r0, r0",1
"ldrbeq r0, [r0], -r0",1
"ldrbteq r0, [r4], -r0",1
"andeq r0, r1, r0",1
"andeq r7, r6, r3, asr r4",1
"andeq r5, r8, r0",1
"mrsls r0, lr_irq",1
"strheq r7, [r0], -ip",1
"andeq r0, r0, r0",1
"ldrbteq r0, [r8], -r0",1
"strbeq r0, [ip], r0",1
"andeq r0, r2, r0",1
"ldmdaeq r0, {r4, r5, r8, sb, sl, fp, ip, pc}",1
invalid,1
"andeq r0, r1, r0",1
"andeq r0, r0, r5, asr r0",1
"andeq r0, r0, r0",1
"andeq sp, r6, r0, lsl 8",1
"andeq r1, r8, r0, lsl 24",1
"strpl r0, [r0], -r0, lsl 2",1
"andeq r0, r0, ip, lsr 16",1
"andeq r0, r0, r8, asr 16",1
"subseq r0, r6, r1",1
"andeq r0, r0, r0",1
"streq r0, [r0], -0",1
invalid,1
invalid,1
svcvc 0xb09100,1
"ldrbteq r2, [r4], -r6, lsl 6",1
"andhs r4, r6, 0x910000",1
"muleq r7, pc, ip",1
"andeq r2, r7, r0",1
"strpl r0, [r0], -0x100",1
"andeq r0, r0, r0",1
"andeq r0, r0, r0",1
"andeq r0, r0, r8, asr r7",1
"andeq r0, r0, ip, ror 14",1
"mrrcvs p0, 0, r0, r3, c1",1
invalid,1
"stmdbeq r0, {r0, r1, r2}",1
"ldreq r7, [r4], -r0, lsl 20",1
invalid,1
"ldrbeq r0, [ip, -r8, lsl 12]!",1
"ldreq r0, [r3, r0]",1
"andeq r0, r1, r0",1
"andeq r0, r0, r3, asr r0",1
"andeq r0, r0, r0",1
"andeq sb, r7, r0, lsl 8",1
"andeq ip, r7, r0, lsl 8",1
"andpl r0, r0, r0, lsl 2",1
"andeq r0, r0, ip, lsr 16",1
"andeq r0, r0, r0, lsr r8",1
"ldrblo r0, [r0], -1",1
"stmdalo r0, {r3}",1
invalid,1
"andeq r5, r0, r0",1
"andeq r0, r0, r0",1
invalid,1
invalid,1
"andeq r0, r2, r0",1
"ldmdaeq r4, {r0, r2, r3, r4, r5, r6} ^",1
invalid,1
"andeq r0, r2, r0",1
"ldmdaeq r8, {r0, r2, r3, r4, r5, r6, fp} ^",1
invalid,1
"andeq r0, r2, r0",1
"andeq r1, r0, sp, ror r0",1
"andeq r0, r0, r0",1
invalid,1
invalid,1
"andeq r0, r1, r0",1
"andeq r8, r8, r0, asr r0",1
"andeq fp, r8, r0, lsl 16",1
"vshl.u8 d0, d0, d0",1
"ldmlt pc, {r0, ip, lr}",1
invalid,1
invalid,1
"ldmeq ip!, {ip, lr}",1
invalid,1
"andeq r0, r4, r0",1
svcls 0x5001f3,1
"andeq r0, r0, r0",1
"andeq r0, r0, r0",1
"andeq r0, r0, r0, asr r8",1
"andeq r0, r0, r0, ror 16",1
"subsvs r0, r1, r1",1
"stmdagt r0, {r3}",1
"streq r0, [r0], -8",1
"mrspl pc, sp_irq",1
"muleq r0, pc, r0",1
"andeq r0, r0, r0",1
"andeq r5, r8, r0",1
"andeq fp, r8, r0, lsl 6",1
"andpl r0, r0, 0, 2",1
"strheq r0, [r0], -r3",1
"strheq r0, [r0], -r8",1
invalid,1
"ldmeq r8!, {r1, r4, r6, r8, sb, sl, fp, ip, pc}",1
invalid,1
"andeq r0, r1, r0",1
"andeq ip, r8, r2, asr r0",1
"andeq ip, r8, r0, lsl 16",1
"vshl.u8 d0, d0, d0",1
"addseq r5, pc, r1, lsl 4",1
"andeq r0, r0, r0",1
"andpl r0, r0, r0",1
"movwlt r0, 8",1
invalid,1
"ldmeq r3!, {r8, sb, ip, lr}",1
invalid,1
"andeq r0, r4, r0",1
svcls 0x5301f3,1
"strheq r0, [r0], -r8",1
"andeq r0, r0, r0, asr 17",1
"subsgt r0, r3, r1",1
"stmdagt r0, {r3}",1
"streq r0, [r0], -8",1
"movwpl pc, 0x1300",1
"muleq r0, pc, r0",1
"andeq r0, r0, r0",1
"andeq r6, r8, r0, lsl 16",1
"andeq r7, r8, r0, lsl 16",1
"strpl r0, [r0], -0x100",1
"andeq r0, r0, r8, ror r8",1
"andeq r0, r0, r0, lsl 17",1
invalid,1
invalid,1
"eorlo r5, r2, 0x40000000",1
"rscseq r7, r4, r4, lsr 32",1
"addshi r2, pc, r6, lsl 4",1
"movwlt r0, 8",1
"movwne r0, 8",1
"mrspl pc, sp_irq",1
invalid,1
"ldrths r2, [r2], -0x251",1
"cmphs r0, 0xc000003c",1
svcls 0x220674,1
"strheq r0, [r0], -r8",1
"andeq r0, r0, r0, asr 17",1
"subseq r0, r4, r1",1
"andeq r0, r0, r0",1
"strhi r0, [r0], -0",1
invalid,1
"streq r0, [r0], -r8",1
invalid,1
"ldcls p9, c2, [pc], {0}",1
"movwlt r0, 8",1
invalid,1
"andeq r5, r0, r0, lsl 2",1
"andeq r0, r0, r0",1
invalid,1
invalid,1
"andeq r0, r2, r0",1
"stmeq ip, {r0, r2, r3, r4, r5, r6} ^",1
invalid,1
"andeq r0, r2, r0",1
"andeq r0, r0, sp, ror ip",1
"andeq r0, r0, r0",1
invalid,1
invalid,1
"andeq r0, r1, r0",1
"andeq lr, r8, r0, asr r8",1
"andeq r1, sb, r0, lsl 24",1
"vshl.u8 d0, d0, d0",1
"ldcne p0, c5, [pc], {1}",1
"andhs r0, r0, sb",1
invalid,1
"stmdbeq r0!, {ip, lr}",1
invalid,1
"andeq r0, r4, r0",1
svcls 0x5001f3,1
"andeq r0, r0, r0",1
"andeq r0, r0, r0",1
"andeq r0, r0, r8, asr 17",1
"andeq r0, r0, r8, ror 17",1
"ldmda r1, {r0} ^",1
invalid,1
"streq r0, [r0], -9",1
"mrspl pc, sp_irq",1
"muleq sb, pc, ip",1
"andeq r2, sb, r0",1
invalid,1
"andeq r0, r0, r0, lsr 18",1
"andeq r0, r0, r8, lsr 18",1
invalid,1
"andeq sb, r0, r1, asr pc",1
"andeq r0, r0, r0",1
invalid,1
invalid,1
"andeq r0, r2, r0",1
"stmdbeq ip, {r4, r5, r8, sb, sl, fp, ip, pc}",1
invalid,1
"andeq r0, r1, r0",1
"andeq r1, sb, r1, asr ip",1
"andeq r2, sb, r0",1
"andlo r0, r0, r0, lsl 4",1
"muleq r0, pc, r0",1
"andeq r0, r0, r0",1
"andeq lr, r8, r0, lsl 24",1
"andeq r1, sb, r0, lsl 16",1
"andpl r0, r0, r0, lsl 2",1
"andeq r0, r0, r8, lsl sb",1
"andeq r0, r0, ip, lsl sb",1
"rsbseq r0, ip, r2",1
"andeq r0, r0, r0",1
"andeq r0, r0, r0",1
"strdeq r0, r1, [r0], -r0",1
"strdeq r0, r1, [r0], -r4",1
invalid,1
"stmdane r0, {r3}",1
"stmdaeq r0, {r0, r3}",1
"movwlo r7, 0",1
"andhs r7, r0, 36, 10",1
"muleq sb, pc, r8",1
"andeq r1, sb, r0, lsl 24",1
invalid,1
"ldrths r0, [r3], -0x600",1
svcls 0x220075,1
"andeq r0, r0, r0",1
"andeq r0, r0, r0",1
"andeq r0, r0, r8, lsr 18",1
"andeq r0, r0, ip, lsr 18",1
"rsbseq r0, sp, r2",1
"andeq r0, r0, ip, lsr 18",1
"andeq r0, r0, r0, ror 19",1
"ldcleq p0, c0, [sp], -8",1
"andeq r0, r0, r0",1
"andeq r0, r0, r0",1
"andeq r0, r0, r8, lsr 18",1
"andeq r0, r0, ip, lsr sb",1
"mrrclo p0, 0, r0, r0, c1",1
"and r0, r0, sb",1
invalid,1
"andeq r5, r0, r0, lsl 10",1
"andeq r0, r0, r0",1
invalid,1
invalid,1
"andeq r0, r2, r0",1
"stmdbeq r0, {r4, r5, r8, sb, sl, fp, ip, pc} ^",1
invalid,1
"andeq r0, r1, r0",1
"andeq fp, sb, r0, asr r8",1
"andeq ip, sb, r0, lsl 8",1
"movwpl r0, 0x100",1
"andeq r0, r0, r0",1
"andeq r0, r0, r0",1
"andeq r0, r0, r4, lsr sb",1
"andeq r0, r0, r0, asr 18",1
"subsmi r0, r6, r1",1
"stmdavc r0, {r0, r3}",1
invalid,1
"ldmdbeq r8!, {sb, ip, lr} ^",1
invalid,1
"andeq r0, r1, r0",1
"andeq r0, r0, ip, asr r0",1
"andeq r0, r0, r0",1
"andeq r4, sb, r0",1
"andeq r4, sb, r0, lsl 16",1
"andpl r0, r0, 0, 2",1
"andeq r0, r0, r8, asr 18",1
"andeq r0, r0, r0, ror 18",1
"subsvs r0, r3, r1",1
"andvc r0, r0, sb",1
invalid,1
"ldmdbeq r0!, {sb, ip, lr} ^",1
invalid,1
"andeq r0, r1, r0",1
"andeq r7, sb, r3, asr r8",1
"andeq r7, sb, r0, lsl 24",1
"andpl r0, r0, 0, 2",1
"andeq r0, r0, ip, ror sb",1
"andeq r0, r0, r0, lsl 19",1
"subsls r0, r3, r1",1
invalid,1
invalid,1
"andeq r5, r0, r0, lsl 4",1
"andeq r0, r0, r0",1
invalid,1
invalid,1
"andeq r0, r2, r0",1
"stmibeq r4!, {r0, r2, r3, r4, r5, r6} ^",1
invalid,1
"andeq r0, r2, r0",1
"stmibeq r8!, {r0, r2, r3, r4, r5, r6, sl, sp} ^",1
beq 0xfef43cb4,1
"andeq r0, r2, r0",1
"andeq r3, r0, sp, ror r8",1
"andeq r0, r0, r0",1
invalid,1
beq 0x103cc8,1
"andeq r0, r1, r0",1
"andeq r0, sl, r0, asr r3",1
"andeq fp, sl, r0, lsl 24",1
"strpl r0, [r0], -0x100",1
"andeq r0, r0, r0",1
"andeq r0, r0, r0",1
"andeq r0, r0, r0, ror 19",1
"andeq r0, r0, r0, lsl 20",1
"subseq r0, r1, r1",1
invalid,1
invalid,1
"andeq r5, r0, r0, lsl 12",1
"andeq r0, r0, r0",1
invalid,1
beq 0x103d04,1
"andeq r0, r1, r0",1
"andeq r0, sl, r2, asr r3",1
"andeq fp, sl, r0, lsl 24",1
"mrsls r0, r8_usr",1
"andeq r0, r0, ip, asr 32",1
"andeq r0, r0, r0",1
"andeq lr, sb, r0",1
"andeq r0, sl, r0, lsl 6",1
"movwpl r0, 0x100",1
"andeq r0, r0, r3, lsl 20",1
"strheq r0, [r0], -ip",1
"subseq r0, r8, r1",1
"andeq r0, r0, r0",1
invalid,1
"stmdahs r0, {r1, r3}",1
"andeq r0, r0, 0xa",1
"ldrls r3, [pc], 0           ; [0x43d48:4]=0x100000a",1
"stmdage r0, {r1, r3}",1
invalid,1
beq 0xfea59154,1
beq 0xfec43d58,1
"andeq r0, r2, r0",1
"andeq sb, r0, r0, lsr pc",1
"andeq r0, r0, r0",1
beq 0xfe243d68,1
beq 0xfe943d6c,1
"andeq r0, r1, r0",1
"andeq fp, sl, r0, asr r0",1
"andeq fp, sl, r0, lsl 8",1
"andpl r0, r0, r0, lsl 2",1
"andeq r0, r0, r0",1
"andeq r0, r0, r0",1
"andeq r0, r0, r0, ror 20",1
"andeq r0, r0, ip, ror sl",1
"mrrcvc p0, 0, r0, r0, c1",1
"stmdage r0, {r1, r3}",1
invalid,1
beq 0xfec5a59c,1
beq 0xfed43da0,1
"andeq r0, r1, r0",1
"andeq r0, r0, sl, asr r0",1
"andeq r0, r0, r0",1
"andeq r0, sl, r0, lsl 16",1
"andeq r0, sl, r0, lsl 24",1
"andpl r0, r0, r0, lsl 2",1
"andeq r0, r0, ip, lsl 20",1
"strheq r0, [r0], -ip",1
"subseq r0, fp, r1",1
"andeq r0, r0, r0",1
invalid,1
"stmdahs r0, {r1, r3}",1
invalid,1
beq 0xa57dd8,1
beq 0xfea43ddc,1
"andeq r0, r2, r0",1
beq 0xfea56028,1
beq 0xfeb43de8,1
"andeq r0, r1, r0",1
"andeq sl, sl, r0, asr ip",1
"andeq fp, sl, r0, lsl 24",1
"mrsls r0, r8_usr",1
"andeq r0, r0, r8, asr 32",1
"andeq r0, r0, r0",1
"andeq r4, sl, r0, lsl 8",1
"andeq sl, sl, r0, lsl 16",1
"strpl r0, [r0, -r0, lsl 2]",1
"strheq r0, [r0], -r0",1
"strheq r0, [r0], -r4",1
"subseq r0, r7, r1",1
"andeq r0, r0, r0",1
"andlo r0, r0, r0",1
blpl 0x43e4c,1
beq 0x43e50,1
"strmi r7, [r0], -0x100",1
"rscseq r7, r4, lr, lsl r4",1
"addseq r2, pc, r6, lsl 4",1
"andeq r0, r0, r0",1
invalid,1
"andgt r0, r0, sl",1
"andeq r0, r0, 0xa",1
"andgt r7, r0, r0, lsl 26",1
"strgt r0, [r0], -0xa",1
"andeq r0, r0, 0xa",1
"strtgt r7, [r0], -0xd00",1
"stmdami r0, {r1, r3}",1
"andeq r0, r0, 0xd",1
"eoreq r7, r8, r0, lsl 26",1
"andeq r0, r0, r0",1
invalid,1
invalid,1
invalid,1
beq 0xff757e74,1
"stcleq p0, c0, [r8, -0]",1
"andeq r0, r1, r0",1
"andeq r0, r0, r5, asr r0",1
"andeq r0, r0, r0",1
"andeq fp, sl, r0, lsl 24",1
"andeq lr, sl, r0",1
invalid,1
"andeq r0, r0, r0, ror 21",1
"andeq r0, r0, r3, ror 21",1
"cmp r0, 1",1
"stmdami r0, {r1, r3}",1
invalid,1
"andeq r5, r0, r0, lsl 8",1
"andeq r0, r0, r0",1
beq 0xfef43eb0,1
beq 0xff903eb4,1
"andeq r0, r1, r0",1
"andeq lr, sl, r2, asr r3",1
"andeq r4, sp, r0, lsl 16",1
"strpl r0, [r0, -r0, lsl 2]",1
"andeq r0, r0, r0",1
"andeq r0, r0, r0",1
"strheq r0, [r0], -ip",1
"andeq r0, r0, r3, ror 21",1
"cmp r3, 1",1
"strpl r0, [r0], -0xa",1
invalid,1
bleq 0x155a6e4,1
"ldcleq p0, c0, [ip], 0",1
"andeq r0, r4, r0",1
svcls 0x5301f3,1
"strdeq r0, r1, [r0], -ip",1
"andeq r0, r0, r0, asr 26",1
"subsmi r0, sl, r1",1
"stmdami r0, {r0, r2, r3}",1
"streq r0, [r0], -0xd",1
"movwpl pc, 0x1300",1
"muleq r0, pc, r0",1
"andeq r0, r0, r0",1
"andeq lr, sl, r0, lsl 16",1
"andeq pc, sl, r0, lsl 24",1
"andpl r0, r0, r0, lsl 2",1
"strdeq r0, r1, [r0], -ip",1
"andeq r0, r0, r0, lsl fp",1
"mrrcne p0, 0, r0, r6, c1",1
invalid,1
invalid,1
bleq 0x1357f34,1
bleq 0x1543f38,1
"andeq r0, r1, r0",1
"andeq pc, ip, r6, asr ip",1
"andeq r1, sp, r0, lsl 8",1
"andpl r0, r0, r0, lsl 2",1
"andeq r0, r0, r4, lsl sp",1
"andeq r0, r0, r0, asr 26",1
"subseq r0, r6, r1",1
"andeq r0, r0, r0",1
invalid,1
invalid,1
invalid,1
"andeq r5, r0, r0, lsl 14",1
"andeq r0, r0, r0",1
bleq 0xf43f70,1
"ldcleq p0, c0, [ip], 0",1
"andeq r0, r1, r0",1
"andeq r0, r0, r4, asr r0",1
"andeq r0, r0, r0",1
"andeq r3, fp, r0, lsl 24",1
"andeq pc, ip, r0, lsl 24",1
"strpl r0, [r0, -0x100]",1
"andeq r0, r0, r0",1
"andeq r0, r0, r0",1
"andeq r0, r0, ip, lsr ip",1
"andeq r0, r0, r0, asr 24",1
"rsbseq r0, r2, r5",1
"eormi r0, r2, r3, ror r0",1
"strmi r0, [r0], -0xc",1
"streq r0, [r0], -ip",1
"strvc r7, [r0], -0x200",1
"strtmi r0, [r2], -0x628",1
invalid,1
invalid,1
"andeq r5, r0, r0, lsl 16",1
"andeq r0, r0, r0",1
bleq 0x1043fc8,1
bleq 0x1543fcc,1
"andeq r0, r2, r0",1
bleq 0x15441b0,1
"ldcleq p0, c0, [ip], 0",1
"andeq r0, r1, r0",1
"andeq r0, r0, sb, asr r0",1
"andeq r0, r0, r0",1
"andeq r4, fp, r0",1
"andeq r5, fp, r0, lsl 8",1
"andlo r0, r0, r0, lsl 4",1
"muleq ip, pc, r8",1
"andeq r8, ip, r0, lsl 8",1
"strpl r0, [r0], -r0, lsl 2",1
"andeq r0, r0, ip, ror 25",1
"strdeq r0, r1, [r0], -r4",1
"subseq r0, r6, r1",1
"andeq r0, r0, r0",1
"andvs r0, r0, r0",1
"andlo r0, r0, fp",1
invalid,1
"andeq r5, r0, r0, lsl 8",1
"andeq r0, r0, r0",1
bleq 0xff144024,1
bleq 0xffc44028,1
"andeq r0, r8, r0",1
"ldrths r0, [r2], -0x7a",1
"andhs r0, r6, 116, 24",1
"strdeq r0, r1, [r0], -r0",1
"strdeq r0, r1, [r0], -r8",1
"ldmdahs r4!, {r0, r3} ^",1
"strtvc r3, [r4], -0x206",1
invalid,1
"movweq r0, 0xb",1
"stmdaeq r0, {r2, r3}",1
"andlo r7, r0, 0, 20",1
"streq r7, [ip], -r4, lsr 8",1
"andeq r0, r0, r2, lsr 32",1
"andeq r0, r0, r0",1
"andeq sp, fp, r0, lsl 24",1
"andeq lr, fp, r0, lsl 24",1
"stmdavc r0, {sb, sl}",1
bne 0x6070,1
"muleq fp, pc, ip",1
"andeq pc, fp, r0, lsl 16",1
"andvc r0, r0, 0, 24",1
"ldreq r7, [r8], -r0, lsl 8",1
"stmdaeq r1, {r1, r5, sl, ip, pc}",1
invalid,1
"andne r0, r0, fp",1
"streq r0, [r0], -ip",1
"stmdaeq r0, {fp, ip, sp, lr}",1
"ldrsheq r1, [pc], pc        ; [0x44098:4]=0x48000000",1
"andeq r0, r0, r0",1
invalid,1
invalid,1
"andeq r0, r0, 0xd",1
invalid,1
invalid,1
"andeq r0, r0, 0xd",1
"andseq r7, r0, r0, lsl 26",1
"andeq r0, r0, r0",1
invalid,1
invalid,1
invalid,1
"ldcleq p0, c5, [ip, -0]",1
"ldceq p0, c0, [ip, 0]!",1
"andeq r0, r4, r0",1
svcls 0x5001f3,1
"andeq r0, r0, r0",1
"andeq r0, r0, r0",1
"andeq r0, r0, r8, asr 26",1
"andeq r0, r0, ip, asr sp",1
"mrrcpl p0, 0, r0, r1, c1",1
invalid,1
invalid,1
"andeq r5, r0, r0, lsl 12",1
"andeq r0, r0, r0",1
"stcleq p0, c0, [r8, -0]",1
"ldcleq p0, c0, [ip, -0]",1
"andeq r0, r1, r0",1
"andeq r5, sp, r2, asr ip",1
"andeq fp, sp, r0, lsl 24",1
"strpl r0, [r0, -0x100]",1
"andeq r0, r0, r0",1
"andeq r0, r0, r0",1
"andeq r0, r0, r4, asr sp",1
"andeq r0, r0, ip, asr sp",1
"subsvs r0, r0, r1",1
invalid,1
invalid,1
"ldcleq p4, c5, [ip, -0]!",1
"stceq p0, c0, [r0]",1
"andeq r0, r1, r0",1
"andeq r8, sp, ip, asr r0",1
"andeq sl, sp, r0",1
"strpl r0, [r0], -0x100",1
"andeq r0, r0, r0, lsr 27",1
"strheq r0, [r0], -ip",1
"subseq r0, ip, r1",1
"andeq r0, r0, r0",1
"andge r0, r0, r0",1
invalid,1
invalid,1
"andeq r5, r0, r0, lsl 8",1
"andeq r0, r0, r0",1
"ldcleq p0, c0, [ip, -0]!",1
"stceq p0, c0, [r0]",1
"andeq r0, r1, r0",1
"andeq r8, sp, r0, asr ip",1
"andeq fp, sp, r0, lsl 24",1
"andpl r0, r0, r0, lsl 2",1
"andeq r0, r0, r0",1
"andeq r0, r0, r0",1
"strheq r0, [r0], -ip",1
"andeq r0, r0, r0, asr 27",1
"rsbseq r0, sp, r2",1
"andeq r0, r0, r0, asr 27",1
"andeq r0, r0, ip, lsr 28",1
"ldmdane sp!, {r1} ^",1
"andeq r0, r0, r0",1
"andeq r0, r0, r0",1
"strheq r0, [r0], -ip",1
"ldrdeq r0, r1, [r0], -r4",1
"ldrble r0, [r0], -1",1
invalid,1
"streq r0, [r0], -0xe",1
"andpl pc, r1, r0, lsl 6",1
"muleq r0, pc, r0",1
"andeq r0, r0, r0",1
"andeq fp, sp, r0, lsl 24",1
"andeq sp, sp, r0, lsl 8",1
invalid,1
"ldrdeq r0, r1, [r0], -r4",1
"andeq r0, r0, ip, lsr 28",1
"subseq r0, r6, r1",1
"andeq r0, r0, r0",1
invalid,1
"strle r0, [r0], -0xd",1
invalid,1
"ldcleq p2, c5, [r4]",1
"cdpeq p0, 2, c0, c12, c0, 0",1
"andeq r0, r1, r0",1
"andeq r0, r0, r5, asr r0",1
"andeq r0, r0, r0",1
"andeq ip, sp, r0, lsl 16",1
"andeq sp, sp, r0, lsl 8",1
"andpl r0, r0, r0, lsl 2",1
"ldrdeq r0, r1, [r0], -r4",1
"andeq r0, r0, r4, lsl 28",1
"ldrbeq r0, [r4], -1",1
"strne r0, [r0], -0xe",1
invalid,1
"cdpeq p3, 1, c5, c4, c0, 0",1
"cdpeq p0, 2, c0, c12, c0, 0",1
"andeq r0, r1, r0",1
"andeq r0, r0, r4, asr r0",1
"andeq r0, r0, r0",1
"andeq sp, sp, r0, lsl 8",1
"andeq sp, sp, r0, lsl 16",1
"andpl r0, r0, r0, lsl 2",1
"andeq r0, r0, r4, ror 27",1
"andeq r0, r0, ip, lsr 28",1
"subseq r0, r0, r1",1
"andeq r0, r0, r0",1
"andeq r0, r0, r0",1
"strne r0, [r0], -0xe",1
invalid,1
"cdpeq p4, 1, c5, c4, c0, 0",1
"cdpeq p0, 2, c0, c12, c0, 0",1
"andeq r0, r1, r0",1
"andeq r0, r0, ip, asr r0",1
"andeq r0, r0, r0",1
"andeq r2, lr, r0, lsl 24",1
"andeq r3, lr, r0",1
"stcvc p2, c0, [r0, -0]",1
"andeq r3, lr, r0",1
"andeq r5, lr, r0, lsl 24",1
"stcvc p2, c0, [r0, -0]",1
"andeq r0, r0, r8",1
"andeq r0, r0, r0",1
"andeq r2, lr, r0, lsl 24",1
"andeq r4, lr, r0, lsl 8",1
"andpl r0, r0, r0, lsl 2",1
"andeq r0, r0, r4, asr 28",1
"andeq r0, r0, ip, asr lr",1
"subseq r0, r4, r1",1
"andeq r0, r0, r0",1
invalid,1
"strmi r0, [r0, -lr]",1
invalid,1
"cdpeq p1, 4, c5, c7, c0, 0",1
"cdpeq p0, 5, c0, c12, c0, 0",1
"andeq r0, r4, r0",1
svcls 0x5101f3,1
"andeq r0, r0, r0",1
"andeq r0, r0, r0",1
"andeq r0, r0, ip, asr lr",1
"andeq r0, r0, r0, ror 28",1
"rsbseq r0, sp, r2",1
"andeq r0, r0, r0, ror 28",1
"andeq r0, r0, r0, lsr 29",1
"rsbsne r0, sp, r2",1
"andeq r0, r0, r0",1
"andeq r0, r0, r0",1
"andeq r0, r0, ip, asr lr",1
"andeq r0, r0, r8, ror lr",1
"ldmdavc r0, {r0} ^",1
"andge r0, r0, lr",1
invalid,1
"andeq r5, r0, r0, lsl 8",1
"andeq r0, r0, r0",1
"cdpeq p0, 5, c0, c12, c0, 0",1
"cdpeq p0, 7, c0, c11, c0, 0",1
"andeq r0, r1, r0",1
"andeq r7, lr, r1, asr fp",1
"andeq sl, lr, r0",1
"strpl r0, [r0, -0x100]",1
"andeq r0, r0, r0",1
"andeq r0, r0, r0",1
"andeq r0, r0, r0, lsr 29",1
"andeq r0, r0, r4, lsr 29",1
"rsbseq r0, sp, r2",1
"andeq r0, r0, r4, lsr 29",1
"andeq r0, r0, r4, asr pc",1
"ldmdane sp!, {r1} ^",1
"andeq r0, r0, r0",1
"andeq r0, r0, r0",1
"andeq r0, r0, r0, lsr 29",1
"andeq r0, r0, r4, asr 29",1
"ldrbgt r0, [r0], -1",1
"andeq r0, r0, lr",1
invalid,1
svceq 0x5400,1
svceq 0x480000,1
"andeq r0, r4, r0",1
svcls 0x5001f3,1
"andeq r0, r0, r8, asr 30",1
"andeq r0, r0, ip, asr 30",1
"mrrcmi p0, 0, r0, r4, c1",1
"strpl r0, [r0], -0xf",1
"streq r0, [r0], -0xf",1
"andpl pc, r1, r0, lsl 6",1
"muleq r0, pc, r0",1
"andeq r0, r0, r0",1
"andeq sl, lr, r0",1
"andeq ip, lr, r0, lsl 14",1
invalid,1
"andeq r0, r0, r7, asr 29",1
"andeq r0, r0, r4, asr pc",1
"subseq r0, r6, r1",1
"andeq r0, r0, r0",1
"andge r0, r0, r0",1
"strgt r0, [r0, -lr]",1
invalid,1
"cdpeq p2, 0xc, c5, c7, c0, 0",1
svceq 0x540000,1
"andeq r0, r1, r0",1
"andeq r0, r0, r5, asr r0",1
"andeq r0, r0, r0",1
"andeq sl, lr, r0",1
"andeq fp, lr, r0, lsl 16",1
"movwpl r0, 0x100",1
"strheq r0, [r0], -r8",1
"andeq r0, r0, r4, asr pc",1
"subseq r0, r7, r1",1
"andeq r0, r0, r0",1
"vst4.8 {d0, d1, d2, d3}, [r0], r0",1
"stmdami r0, {r1, r2, r3}",1
invalid,1
"andeq r5, r0, r0, lsl 24",1
"andeq r0, r0, r0",1
"cdpeq p0, 0xc, c0, c8, c0, 0",1
"cdpeq p0, 0xe, c0, c4, c0, 0",1
"andeq r0, r1, r0",1
"andeq r4, pc, r0, asr r8",1
"andeq r4, pc, r0, lsl 24",1
"andpl r0, r0, r0, lsl 2",1
"andeq r0, r0, r0",1
"andeq r0, r0, r0",1
"andeq r0, r0, r4, asr pc",1
"andeq r0, r0, r8, asr pc",1
"rsbseq r0, sp, r2",1
"andeq r0, r0, r8, asr pc",1
"andeq r0, r0, ip, asr pc",1
"ldmdane sp!, {r1} ^",1
"andeq r0, r0, ip, asr pc",1
"andeq r1, r0, r4, lsl r0",1
"rsbshs r0, sp, r2",1
"andeq r0, r0, r0",1
"andeq r0, r0, r0",1
"andeq r0, r0, r4, asr pc",1
"andeq r0, r0, r0, ror pc",1
"subsvc r0, r0, r1",1
"strne r0, [r0], -0xf",1
"streq r0, [r0], -0x10",1
"andpl pc, r1, r0, lsl 6",1
"muleq r0, pc, r0",1
"andeq r0, r0, r0",1
"andeq r5, pc, r0, lsl 8",1
"andeq r7, pc, r0",1
invalid,1
"andeq r0, r0, r0, ror pc",1
"andeq r1, r0, r4, lsl r0",1
"subseq r0, r8, r1",1
"andeq r0, r0, r0",1
"strvs r0, [r0], -0",1
"andvc r0, r0, pc",1
invalid,1
svceq 0x705000,1
svceq 0xb40000,1
"andeq r0, r1, r0",1
"andeq fp, pc, r4, asr r4",1
"andeq ip, pc, r0",1
"movwpl r0, 0x100",1
"andeq r0, r0, r0, asr 31",1
"andeq r0, r0, r4, asr 31",1
"ldrbgt r0, [r4], -1",1
invalid,1
invalid,1
svceq 0xdc5300,1
svceq 0xe40000,1
"andeq r0, r1, r0",1
"andeq lr, pc, r4, asr r4",1
"andeq lr, pc, r0, lsl 16",1
"movwpl r0, 0x100",1
"andeq r0, r0, r8, ror 31",1
"strdeq r0, r1, [r0], -ip",1
"mrrc2 p0, 0, r0, r4, c1",1
"stmdaeq r0, {r0, r1, r2, r3}",1
invalid,1
"andne r5, r8, r0, lsl 6",1
"andne r0, ip, r0",1
"andeq r0, r1, r0",1
"andeq r0, r0, r4, asr r0",1
"andeq r0, r0, r0",1
"andeq sp, pc, r0, lsl 8",1
"andeq sp, pc, r0, lsl 24",1
"mrsls r0, r8_usr",1
"andseq r0, r0, ip, asr ip",1
"andseq r1, r0, r0, lsl 8",1
"mrsls r0, r8_usr",1
"andeq r0, r0, ip, asr r0",1
"andeq r0, r0, r0",1
"andeq r6, pc, r0",1
"andeq r6, pc, r0, lsl 24",1
"mrsls r0, lr_irq",1
svceq 0x6c9f5c,1
"andsne r0, r4, r0",1
"andeq r0, r1, r0",1
"andeq r0, r0, r6, asr r0",1
"andeq r0, r0, r0",1
"andeq ip, pc, r0",1
"andeq sp, pc, r0, lsl 8",1
"strpl r0, [r0], -0x100",1
"ldrdeq r0, r1, [r0], -r4",1
"ldrdeq r0, r1, [r0], -ip",1
"ldrb r0, [r2], -1",1
"stmdaeq r0, {r0, r1, r2, r3}",1
invalid,1
"andeq r5, r0, r0, lsl 4",1
"andeq r0, r0, r0",1
"andsne r0, r4, r0",1
"andsne r0, r8, r0",1
"andeq r0, r2, r0",1
"andsne r0, r8, sp, ror r0",1
"andsne r0, ip, r0",1
"andeq r0, r2, r0",1
"andsne r0, ip, sp, ror r4",1
"eorsne r0, r0, r0",1
"andeq r0, r2, r0",1
"andeq r1, r0, sp, ror r0",1
"andeq r0, r0, r0",1
"andsne r0, r4, r0",1
"eorne r0, r7, r0",1
"andeq r0, r1, r0",1
"andseq r2, r0, r0, asr r7",1
"andseq r3, r0, r0",1
"vshl.u8 d0, d0, d0",1
"addseq r5, pc, r1",1
"andeq r0, r0, r0",1
"strne r0, [r0], -0",1
"smladhs r0, r0, r0, r0",1
invalid,1
"eorne r5, r7, r0, lsl 2",1
"eorsne r0, r0, r0",1
"andeq r0, r4, r0",1
svcls 0x5101f3,1
"andeq r0, r0, r0",1
"andeq r0, r0, r0",1
"andeq r1, r0, r4, lsl r0",1
"andeq r1, r0, r7, lsr 32",1
"ldrbhs r0, [r2, -r1]",1
"andlo r0, r0, r0, lsl r0",1
"streq r0, [r0], -0x10",1
"andpl pc, r1, 0, 6",1
"muleq r0, pc, r0",1
"andeq r0, r0, r0",1
"andseq r1, r0, r0, lsl 8",1
"andseq r2, r0, r0, lsl 8",1
"movwpl r0, 0x100",1
"andeq r1, r0, r4, lsr 32",1
"andeq r1, r0, r0, lsr r0",1
invalid,1
"andeq sb, r0, r3, asr pc",1
"andeq r0, r0, r0",1
"eorsne r0, r0, r0",1
"eorsne r0, r4, r0",1
"andeq r0, r2, r0",1
"eorsne r0, r4, sp, ror r0",1
"bicne r0, r8, r0",1
"andeq r0, r2, r0",1
"andeq r2, r0, sp, ror r0",1
"andeq r0, r0, r0",1
"eorsne r0, r0, r0",1
"addne r0, r0, r0",1
"andeq r0, r1, r0",1
"andseq r8, r0, r0, asr r0",1
"andseq r4, r1, r0, lsl 24",1
bpl 0x44a54,1
"andeq r1, r0, ip, asr 2",1
"andeq r1, r0, r8, asr r1",1
"ldmdapl r0, {r0} ^",1
"stmdahi r0, {r0, r4}",1
invalid,1
"orrne r5, r8, r0, lsl 20",1
"orrne r0, ip, r0",1
"andeq r0, r1, r0",1
"andseq r8, r1, r0, asr ip",1
"andseq ip, r1, r0, lsl 16",1
bpl 0x44a80,1
"andeq r0, r0, r0",1
"andeq r0, r0, r0",1
"andeq r1, r0, r0, lsr r0",1
"andeq r1, r0, r4, rrx",1
"ldrbvs r0, [r1], -1",1
invalid,1
"streq r0, [r0], -0x10",1
"mrspl pc, sp_irq",1
"mulseq r0, pc, ip",1
"andseq r8, r0, r0, lsl 8",1
invalid,1
"andeq r1, r0, r4, lsl 1",1
"andeq r1, r0, r8, lsl 3",1
invalid,1
"orrne sb, r8, r1, asr pc",1
"orrsne r0, r0, r0",1
"andeq r0, r1, r0",1
"andseq sb, r1, r1, asr r0",1
"andseq ip, r1, r0, lsl 16",1
"vshl.u8 d0, d0, d0",1
"addseq r5, pc, r1, lsl 2",1
"andeq r0, r0, r0",1
"andlo r0, r0, r0",1
invalid,1
invalid,1
"rsbne r5, ip, r0, lsl 4",1
"rsbsne r0, ip, r0",1
"andeq r0, r1, r0",1
"andseq r7, r0, r4, asr ip",1
"andseq r8, r0, r0, lsl 16",1
"andpl r0, r0, 0, 2",1
"andeq r1, r0, r8, lsl 1",1
"andeq r1, r0, r8, lsl 3",1
"ldmdahi r4, {r0} ^",1
"strls r0, [r0], -0x11",1
invalid,1
"orrsne r5, r4, r0, lsl 4",1
"bicne r0, r8, r0",1
"andeq r0, r1, r0",1
"andeq r0, r0, r4, asr r0",1
"andeq r0, r0, r0",1
"andseq r4, r0, r0, lsl 8",1
"andseq fp, r0, r0, lsl 8",1
"stmdapl r0, {r8}",1
"andeq r1, r0, ip, asr 2",1
"strheq r1, [r0], -ip",1
"subseq r0, r8, r1",1
"andeq r0, r0, r0",1
"strls r0, [r0], -0",1
"stmdals r0, {r4}",1
invalid,1
"addsne r5, r8, r0",1
"mrsne r0, spsr",1
"andeq r0, r1, r0",1
"andseq r6, r1, r5, asr ip",1
"andseq r7, r1, r0",1
"andpl r0, r0, r0, lsl 2",1
"andeq r1, r0, r0, ror r1",1
"andeq r1, r0, r8, lsl 3",1
"subsge r0, r5, r1",1
"strge r0, [r0], -0x11",1
invalid,1
invalid,1
"bicne r0, r0, r0",1
"andeq r0, r1, r0",1
"andeq r0, r0, r5, asr r0",1
"andeq r0, r0, r0",1
"andseq sl, r0, r0, lsl 24",1
"andseq fp, r0, r0, lsl 24",1
"andpl r0, r0, r0, lsl 2",1
"strheq r1, [r0], -ip",1
"andeq r1, r0, ip, asr 2",1
"ldrbhi r0, [r6], -1",1
"stmdahi r0, {r0, r4}",1
invalid,1
invalid,1
"bicne r0, r0, r0",1
"andeq r0, r1, r0",1
"andeq r0, r0, r0, asr r0",1
"andeq r0, r0, r0",1
"andseq sp, r0, r0, lsl 8",1
"andseq r4, r1, r0, lsl 24",1
"stmdapl r0, {r8}",1
"andeq r0, r0, r0",1
"andeq r0, r0, r0",1
"andeq r1, r0, r8, ror 1",1
"andeq r1, r0, ip, asr 2",1
"subseq r0, r0, r1",1
"andeq r0, r0, r0",1
invalid,1
invalid,1
"andeq r0, r0, 0x11",1
invalid,1
"andle r0, r0, r1, lsl r0",1
"andeq r0, r0, 0x11",1
"andle r7, ip, r0, lsl 26",1
invalid,1
"andeq r0, r0, 0x12",1
"andseq r7, r8, r0, lsl 26",1
"andeq r0, r0, r0",1
invalid,1
invalid,1
invalid,1
invalid,1
"subne r0, ip, 0",1
"andeq r0, r1, r0",1
"andeq r0, r0, r5, asr r0",1
"andeq r0, r0, r0",1
"andseq ip, r1, r0, lsl 16",1
"andseq r0, r2, r0",1
invalid,1
"andeq r1, r0, r0, lsl 4",1
"andeq r1, r0, ip, asr 4",1
"subseq r0, r4, r1",1
"andeq r0, r0, r0",1
invalid,1
invalid,1
invalid,1
invalid,1
"subne r0, ip, 0",1
"andeq r0, r1, r0",1
"andeq r0, r0, r5, asr r0",1
"andeq r0, r0, r0",1
"andseq r4, r2, r0, lsl 24",1
"andseq r5, r2, r0",1
"stcvc p2, c0, [r0, -0]",1
"andseq r5, r2, r0",1
"andseq sl, r2, r0, lsl 16",1
"stcvc p2, c0, [r0, -0]",1
"andeq r0, r0, r8",1
"andeq r0, r0, r0",1
"andseq r4, r2, r0, lsl 24",1
"andseq r5, r2, r0, lsl 16",1
"andpl r0, r0, r0, lsl 2",1
"andeq r1, r0, r8, asr r2",1
"andeq r1, r0, r8, lsr 5",1
"subseq r0, r4, r1",1
"andeq r0, r0, r0",1
invalid,1
invalid,1
"andeq r0, r0, 0x12",1
invalid,1
"andpl r0, r0, r2, lsl r0",1
"andeq r0, r0, 0x13",1
"eoreq r7, r0, r0, lsl 26",1
"andeq r0, r0, r0",1
invalid,1
"strgt r0, [r0], -0x12",1
invalid,1
"sbcne r5, r4, 0",1
"cmpne r0, 0",1
"andeq r0, r1, r0",1
"andeq r0, r0, r8, asr r0",1
"andeq r0, r0, r0",1
"andseq fp, r2, r0",1
"andseq ip, r2, r0, lsl 8",1
"andlo r0, r0, r0, lsl 4",1
"mulseq r3, pc, r4",1
"andseq r4, r3, r0",1
"strpl r0, [r0, -r0, lsl 2]",1
"andeq r0, r0, r0",1
"andeq r0, r0, r0",1
"andeq r1, r0, ip, asr 5",1
"ldrdeq r1, r2, [r0], -ip",1
svcls 0x300002,1
"strdeq r1, r2, [r0], -r8",1
"andeq r1, r0, r4, lsl 6",1
"subseq r0, r4, r1",1
"andeq r0, r0, r0",1
invalid,1
"andmi r0, r0, r2, lsl r0",1
invalid,1
"andeq r5, r0, r0, lsl 12",1
"andeq r0, r0, r0",1
"rscne r0, r4, 0",1
"movwne r0, 0x4000",1
"andeq r0, r1, r0",1
"andeq r0, r0, r5, asr r0",1
"andeq r0, r0, r0",1
"andseq r5, r3, r0",1
"andseq r5, r3, r0, lsl 8",1
"stcvc p2, c0, [r0, -0]",1
"andseq r5, r3, r0, lsl 8",1
"andseq fp, r3, r0, lsl 8",1
"stcvc p2, c0, [r0, -0]",1
"andeq r0, r0, r0, lsl r0",1
"andeq r0, r0, r0",1
"andseq r5, r3, r0",1
"andseq r7, r3, r0",1
"andpl r0, r0, r0, lsl 2",1
"andeq r1, r0, r0, ror r3",1
"strheq r1, [r0], -r4",1
"subseq r0, r5, r1",1
"andeq r0, r0, r0",1
invalid,1
"andvc r0, r0, r3, lsl r0",1
"andeq r0, r0, 0x13",1
"ldrls r3, [pc], 0           ; [0x44998:4]=0x1000013",1
"strge r0, [r0], -0x13",1
invalid,1
"andeq r5, r0, r0, lsl 12",1
"andeq r0, r0, r0",1
invalid,1
invalid,1
"andeq r0, r2, r0",1
invalid,1
invalid,1
"andeq r0, r2, r0",1
"andeq r0, r0, sp, ror r8",1
"andeq r0, r0, r0",1
invalid,1
"bicne r0, r0, 0",1
"andeq r0, r1, r0",1
"andseq ip, r3, r0, asr r0",1
"andseq lr, r3, r0, lsl 8",1
"strpl r0, [r0], -0x100",1
"andeq r0, r0, r0",1
"andeq r0, r0, r0",1
"andeq r1, r0, r4, ror 7",1
"andeq r1, r0, r8, ror 7",1
"rsbseq r0, sp, r2",1
"andeq r1, r0, r8, ror 7",1
"andeq r1, r0, r8, lsl 8",1
"ldmdaeq sp!, {r1} ^",1
"andeq r0, r0, r0",1
"andeq r0, r0, r0",1
"andeq r1, r0, r4, ror 7",1
"strdeq r1, r2, [r0], -r0",1
invalid,1
"stmdaeq r0, {r0, r1, r4}",1
invalid,1
"andeq r5, r0, r0, lsl 8",1
"andeq r0, r0, r0",1
"strne r0, [r8], -0",1
"strne r0, [ip], -0",1
"andeq r0, r2, r0",1
"strne r0, [ip], -0x7d",1
"strbne r0, [r4], -0",1
"andeq r0, r2, r0",1
"andeq r0, r0, sp, ror r8",1
"andeq r0, r0, r0",1
"strne r0, [r8], -0",1
"strtne r0, [r4], -0",1
"andeq r0, r1, r0",1
"andseq r2, r4, r0, asr r4",1
"andseq r2, r4, r0, lsl 24",1
"vshl.u8 d0, d0, d0",1
"ldchs p0, c5, [pc], {1}",1
"stmdalo r0, {r2, r4}",1
invalid,1
"ldrtne r5, [r8], -0",1
"strbne r0, [r4], -0",1
"andeq r0, r4, r0",1
svcls 0x5001f3,1
"andeq r0, r0, r0",1
"andeq r0, r0, r0",1
"andeq r1, r0, r4, asr 8",1
"andeq r1, r0, r8, asr 8",1
"rsbseq r0, sp, r2",1
"andeq r1, r0, r8, asr 8",1
"andeq r1, r0, r8, asr r4",1
"ldmdaeq sp!, {r1} ^",1
"andeq r0, r0, r0",1
"andeq r0, r0, r0",1
"andeq r1, r0, r4, asr 8",1
"andeq r1, r0, ip, asr 8",1
"mrrcmi p0, 0, r0, r0, c1",1
"stmdapl r0, {r2, r4}",1
"streq r0, [r0], -0x14",1
"andpl pc, r1, r0, lsl 6",1
"muleq r0, pc, r0",1
"andeq r0, r0, r0",1
"andseq r4, r4, r0, lsl 8",1
"andseq r4, r4, r0, lsl 30",1
invalid,1
"andeq r1, r0, pc, asr 8",1
"andeq r1, r0, r8, asr r4",1
invalid,1
"andeq sb, r0, r1, asr pc",1
"andeq r0, r0, r0",1
"ldrbne r0, [r8], -0",1
"ldrbne r0, [ip], -0",1
"andeq r0, r2, r0",1
"ldrbne r0, [ip], -0x7d",1
"strbne r0, [ip]",1
"andeq r0, r2, r0",1
"andeq r2, r0, sp, ror r0",1
"andeq r0, r0, r0",1
"ldrbne r0, [r8], -0",1
"ldrbtne r0, [ip], -0",1
"andeq r0, r1, r0",1
"andseq r7, r4, r0, asr ip",1
"andseq ip, r5, r0, lsl 24",1
"strpl r0, [r0], -r0, lsl 2",1
"andeq r0, r0, r0",1
"andeq r0, r0, r0",1
"andeq r1, r0, ip, ror 8",1
"andeq r1, r0, ip, ror r4",1
svcls 0x300002,1
"andeq r1, r0, ip, lsl 9",1
"muleq r0, r8, r4",1
"subsge r0, r4, r1",1
"strlt r0, [r0], -0x14",1
"andeq r0, r0, 0x14",1
"addseq r3, pc, r0",1
"andne r0, r0, r5, lsl r0",1
invalid,1
"strne r5, [r8, 0x500]",1
"ldrne r0, [r8]",1
"andeq r0, r1, r0",1
"andeq r0, r0, r8, asr r0",1
"andeq r0, r0, r0",1
"andseq r5, r5, r0",1
"andseq r6, r5, r0",1
"andlo r0, r0, r0, lsl 4",1
"mulseq r5, pc, r0",1
"andseq r7, r5, r0, lsl 24",1
"strpl r0, [r0], -0x100",1
"andeq r0, r0, r0",1
"andeq r0, r0, r0",1
"andeq r1, r0, r0, asr r5",1
"muleq r0, r8, r5",1
"subseq r0, r5, r1",1
"andeq r0, r0, r0",1
"andvs r0, r0, r0",1
blvs 0x44bec,1
"stmdaeq r0, {r0, r2, r4}",1
"andlo r7, r0, 0, 8",1
"streq r7, [r8], -r4, lsr 10",1
"andeq r0, r0, r2, lsr 32",1
"andeq r0, r0, r0",1
"andseq ip, r5, r0, lsl 24",1
"andseq sp, r5, r0",1
"stcvc p2, c0, [r0, -0]",1
"andseq sp, r5, r0",1
"andseq r1, r6, r0, lsl 16",1
"stcvc p2, c0, [r0, -0]",1
"andeq r0, r0, r0, lsl r0",1
"andeq r0, r0, r0",1
"andseq ip, r5, r0, lsl 24",1
"andseq sp, r5, r0, lsl 16",1
"andpl r0, r0, r0, lsl 2",1
"ldrdeq r1, r2, [r0], -r8",1
"andeq r1, r0, r8, lsl r6",1
invalid,1
"andeq sb, r0, r0, asr pc",1
"andeq r0, r0, r0",1
"ldrbne r0, [r8]",1
"strbne r0, [r7, 0]!",1
"andeq r0, r1, r0",1
"andseq lr, r5, r0, asr r8",1
"andseq pc, r5, r0, lsl 8",1
"strpl r0, [r0], -0x100",1
"strdeq r1, r2, [r0], -r4",1
"andeq r1, r0, ip, lsl 12",1
"subseq r0, r0, r1",1
"andeq r0, r0, r0",1
"str r0, [r0], -0",1
"vst4.8 {d0, d1, d2, d3}, [r0:0x40], r5",1
invalid,1
"andeq r5, r0, r0, lsl 8",1
"andeq r0, r0, r0",1
"ldrne r0, [r8], -r0",1
"ldrne r0, [ip], -r0",1
"andeq r0, r2, r0",1
"ssub16ne r0, ip, sp",1
"strtne r0, [r8], -r0",1
"andeq r0, r2, r0",1
"andeq r0, r0, sp, ror r8",1
"andeq r0, r0, r0",1
"ldrne r0, [r8], -r0",1
"strtne r0, [r3], -r0",1
"andeq r0, r1, r0",1
"andseq r2, r6, r0, asr r3",1
"andseq r2, r6, r0, lsl 16",1
"vshl.u8 d0, d0, d0",1
"addseq r5, pc, r1",1
"andeq r0, r0, r0",1
invalid,1
"movwhs r0, 0x16",1
invalid,1
"strtne r5, [r3], -r0, lsl 2",1
"strtne r0, [r8], -r0",1
"andeq r0, r4, r0",1
svcls 0x5101f3,1
"andeq r0, r0, r0",1
"andeq r0, r0, r0",1
"andeq r1, r0, ip, lsl r6",1
"andeq r1, r0, r3, lsr 12",1
"cmphs r1, 1",1
"stmdahs r0, {r1, r2, r4}",1
"streq r0, [r0], -0x16",1
"mrspl pc, sp_irq",1
"muleq r0, pc, r0",1
"andeq r0, r0, r0",1
"andseq r1, r6, r0, lsl 24",1
"andseq r2, r6, r0, lsl 6",1
"andpl r0, r0, r0, lsl 2",1
"andeq r1, r0, r3, lsr 12",1
"andeq r1, r0, r8, lsr 12",1
invalid,1
"andeq sb, r0, r0, asr pc",1
"andeq r0, r0, r0",1
"strtne r0, [r8], -r0",1
"strtne r0, [ip], -r0",1
"andeq r0, r2, r0",1
"qsub16ne r0, ip, sp",1
"ldrbne r0, [r4], r0",1
"andeq r0, r2, r0",1
"andeq r1, r0, sp, ror r0",1
"andeq r0, r0, r0",1
"strtne r0, [r8], -r0",1
"strbne r0, [ip], -r0",1
"andeq r0, r1, r0",1
"andseq r4, r6, r0, asr ip",1
"andseq r5, r6, r0, lsl 24",1
"strpl r0, [r0], -0x100",1
"andeq r1, r0, ip, asr r6",1
"andeq r1, r0, r8, ror 12",1
"ldmdavs r0, {r0} ^",1
"strle r0, [r0], -0x16",1
invalid,1
"andeq r5, r0, r0, lsl 8",1
"andeq r0, r0, r0",1
"strtne r0, [r8], -r0",1
"ldrbne r0, [r0], -r0",1
"andeq r0, r1, r0",1
"andseq r5, r6, r1, asr r0",1
"andseq r5, r6, r0, lsl 24",1
"vshl.u8 d0, d0, d0",1
"ldcpl p1, c5, [pc], {1}",1
"strvc r0, [r0], -0x16",1
invalid,1
"ldrbtne r5, [r4], -r0, lsl 2",1
"ldrbne r0, [r4], r0",1
"andeq r0, r4, r0",1
svcls 0x5101f3,1
"andeq r0, r0, r0",1
"andeq r0, r0, r0",1
"andeq r1, r0, r8, lsr 12",1
"andeq r1, r0, r4, asr r6",1
"ldrbpl r0, [r2], -1",1
invalid,1
"streq r0, [r0], -0x16",1
"andpl pc, r1, 0, 6",1
"mulseq r6, pc, ip",1
"andseq r8, r6, r0, lsl 8",1
"andpl r0, r0, 0, 2",1
"andeq r1, r0, r4, lsl 13",1
"ldrdeq r1, r2, [r0], -r4",1
invalid,1
"andeq sb, r0, r2, asr pc",1
"andeq r0, r0, r0",1
"strtne r0, [r8], -r0",1
"ldrbne r0, [r8], -r0",1
"andeq r0, r1, r0",1
"andseq r5, r6, r3, asr r8",1
"andseq r5, r6, r0, lsl 24",1
"vshl.u8 d0, d0, d0",1
"ldcpl p3, c5, [pc], {1}",1
"smladhi r0, r6, r0, r0",1
invalid,1
"strne r5, [r7], r0, lsl 6",1
"ldrbne r0, [r4], r0",1
"andeq r0, r4, r0",1
svcls 0x5301f3,1
"andeq r0, r0, r0",1
"andeq r0, r0, r0",1
"andeq r1, r0, r0, asr 12",1
"andeq r1, r0, r0, ror 12",1
"subsvs r0, r5, r1",1
"stmdavs r0, {r1, r2, r4}",1
"andeq r0, r0, 0x16",1
"stmdavs r0, {ip, sp, lr}",1
"smladhi r0, r6, r0, r0",1
"andeq r0, r0, 0x16",1
"andeq r7, r0, r0, lsl 8",1
"andeq r0, r0, r0",1
"andvc r0, r0, r0",1
"strhi r0, [r0], -0x16",1
"streq r0, [r0, -0x16]",1
"movwlo r7, 0x200",1
"strne sb, [r4], r4, lsr 30",1
"strne r0, [r7], r0",1
"andeq r0, r1, r0",1
"andseq r8, r6, r2, asr r7",1
"andseq sp, r6, r0, lsl 8",1
"vmax.u8 d0, d0, d0",1
"ldrths r5, [r3], -0x201",1
"muleq r0, pc, r0",1
"andeq r0, r0, r0",1
"andseq r7, r6, r0",1
"andseq r8, r6, r0, lsl 14",1
"strvc r0, [r0], -0x800",1
"rsbseq r0, r5, r8, lsl 12",1
"andeq r2, r8, r2, lsr 6",1
"andeq r0, r0, r0",1
"andvc r0, r0, r0",1
"smladhi r0, r6, r0, r0",1
invalid,1
"strne r5, [r7], r0, lsl 6",1
"ldrbne r0, [r4], r0",1
"andeq r0, r4, r0",1
svcls 0x5301f3,1
"andeq r0, r0, r0",1
"andeq r0, r0, r0",1
"ldrdeq r1, r2, [r0], -r4",1
"ldrdeq r1, r2, [r0], -r8",1
"rsbseq r0, sp, r2",1
"ldrdeq r1, r2, [r0], -r8",1
"strdeq r1, r2, [r0], -ip",1
"rsbsne r0, sp, r2",1
"andeq r0, r0, r0",1
"andeq r0, r0, r0",1
"ldrdeq r1, r2, [r0], -r4",1
"andeq r1, r0, ip, lsr r7",1
"mrrclo p0, 0, r0, r0, c1",1
invalid,1
"streq r0, [r0], -0x17",1
"andpl pc, r1, r0, lsl 6",1
"mulseq r7, pc, ip",1
"andseq r8, r7, r0, lsl 24",1
"andpl r0, r0, r0, lsl 2",1
"andeq r1, r0, ip, lsl 15",1
"muleq r0, ip, r7",1
invalid,1
invalid,1
"strne r0, [r8, r0]!",1
"andeq r0, r1, r0",1
"andseq sl, r7, r0, asr r8",1
"andseq fp, r7, r0, lsl 16",1
"vshl.u8 d0, d0, d0",1
"ldmlt pc, {r0, ip, lr}",1
"strle r0, [r0], -0x17",1
invalid,1
"ldrbne r5, [r4, r0]",1
invalid,1
"andeq r0, r4, r0",1
svcls 0x5001f3,1
"andeq r1, r0, r4, lsr r8",1
"andeq r1, r0, ip, lsr r8",1
"mrrclo p0, 0, r0, r0, c1",1
"andpl r0, r0, r8, lsl r0",1
"streq r0, [r0], -0x18",1
"andpl pc, r1, r0, lsl 6",1
"mulseq r8, pc, r0",1
"andseq r7, r8, r0, lsl 24",1
"andpl r0, r0, r0, lsl 2",1
"andeq r1, r0, ip, ror r8",1
"andeq r1, r0, r8, lsl 17",1
invalid,1
"stmne r8, {r4, r6, r8, sb, sl, fp, ip, pc}",1
invalid,1
"andeq r0, r1, r0",1
"andseq sb, r8, r0, asr r4",1
"andseq sl, r8, r0, lsl 8",1
"vshl.u8 d0, d0, d0",1
"ldrge r5, [pc], 1           ; [0x44f38:4]=0x1000018",1
"stmdalt r0, {r3, r4}",1
invalid,1
"ldmne r8!, {ip, lr}",1
invalid,1
"andeq r0, r4, r0",1
svcls 0x5001f3,1
"strheq r1, [r0], -ip",1
"andeq r1, r0, r0, asr 17",1
"subsgt r0, r0, r1",1
"strgt r0, [r0], -0x18",1
"streq r0, [r0], -0x18",1
"andpl pc, r1, r0, lsl 6",1
"mulseq r8, pc, r4",1
"andseq ip, r8, r0, lsl 16",1
"andpl r0, r0, r0, lsl 2",1
"andeq r1, r0, r8, asr 17",1
"andeq r1, r0, ip, asr 17",1
invalid,1
"stmne ip, {r4, r6, r8, sb, sl, fp, ip, pc} ^",1
invalid,1
"andeq r0, r1, r0",1
"andseq sp, r8, r0, asr r0",1
"andseq pc, r8, r0, lsl 24",1
"vshl.u8 d0, d0, d0",1
"addseq r5, pc, r1",1
"andeq r0, r0, r0",1
"strle r0, [r0], -0",1
"andmi r0, r0, r6, lsl r0",1
invalid,1
"strbne r5, [r0, -r0, lsl 2]",1
"strbne r0, [ip, -r0]",1
"andeq r0, r4, r0",1
svcls 0x5101f3,1
"andeq r1, r0, ip, asr 14",1
"muleq r0, r0, r7",1
"subsls r0, r1, r1",1
invalid,1
"streq r0, [r0], -0x17",1
"mrspl pc, sp_irq",1
"mulseq r7, pc, ip",1
"andseq sl, r7, r0, lsl 24",1
invalid,1
"andeq r1, r0, ip, lsr 15",1
"strheq r1, [r0], -r8",1
invalid,1
"sbfxne sb, r1, 0x1e, 0x19",1
"ldrbne r0, [r7, r0]",1
"andeq r0, r1, r0",1
"andseq sp, r7, r1, asr r7",1
"andseq r3, r8, r0, lsl 8",1
"vshl.u8 d0, d0, d0",1
"ldrlo r5, [pc], 0x101       ; [0x45008:4]=0x1000018",1
"stmdami r0, {r3, r4}",1
invalid,1
"stmdane r8, {r8, ip, lr} ^",1
invalid,1
"andeq r0, r4, r0",1
svcls 0x5101f3,1
"andeq r1, r0, r0, asr r8",1
"andeq r1, r0, r0, ror r8",1
"subsvc r0, r1, r1",1
"stmdahi r0, {r3, r4}",1
"streq r0, [r0], -0x18",1
"mrspl pc, sp_irq",1
"mulseq r8, pc, r8",1
"andseq sb, r8, r0, lsl 16",1
invalid,1
"muleq r0, r8, r8",1
"andeq r1, r0, r4, lsr 17",1
invalid,1
"stmne r4!, {r0, r4, r6, r8, sb, sl, fp, ip, pc}",1
invalid,1
"andeq r0, r1, r0",1
"andeq r0, r0, r1, asr r0",1
"andeq r0, r0, r0",1
"andseq sp, r6, r0, lsl 16",1
"andseq r3, r7, r0, lsl 24",1
"andpl r0, r0, r0, lsl 2",1
"andeq r1, r0, ip, lsr r7",1
"andeq r1, r0, ip, asr 14",1
invalid,1
"smlsldne sb, ip, r0, pc",1
"strne r0, [ip, r0]",1
"andeq r0, r1, r0",1
"andseq r8, r7, r0, asr ip",1
"andseq sb, r7, r0, lsl 24",1
"vshl.u8 d0, d0, d0",1
"ldcls p0, c5, [pc], {1}",1
"stmdage r0, {r0, r1, r2, r4}",1
invalid,1
"strne r5, [r8, r0]!",1
"ldrne r0, [r8, r0]!",1
"andeq r0, r4, r0",1
svcls 0x5001f3,1
"strheq r1, [r0], -r8",1
"ldrdeq r1, r2, [r0], -r4",1
"ldrble r0, [r0], -1",1
"strlo r0, [r0], -0x17",1
"streq r0, [r0], -0x18",1
"andpl pc, r1, r0, lsl 6",1
"mulseq r8, pc, r4",1
"andseq r3, r8, r0, lsl 24",1
"andpl r0, r0, r0, lsl 2",1
"andeq r1, r0, ip, lsr r8",1
"andeq r1, r0, r0, asr r8",1
invalid,1
"ldmdane r0, {r4, r6, r8, sb, sl, fp, ip, pc} ^",1
invalid,1
"andeq r0, r1, r0",1
"andseq r7, r8, r0, asr ip",1
"andseq r8, r8, r0, lsl 16",1
"vshl.u8 d0, d0, d0",1
"ldmhi pc, {r0, ip, lr}",1
"strls r0, [r0], -0x18",1
invalid,1
"ldmne r4, {ip, lr}",1
invalid,1
"andeq r0, r4, r0",1
svcls 0x5001f3,1
"andeq r1, r0, r4, lsr 17",1
"strheq r1, [r0], -r8",1
"ldmdalt r0, {r0} ^",1
invalid,1
"streq r0, [r0], -0x18",1
"andpl pc, r1, r0, lsl 6",1
"mulseq r8, pc, ip",1
"andseq ip, r8, r0",1
"andpl r0, r0, r0, lsl 2",1
"andeq r1, r0, r0, asr 17",1
"andeq r1, r0, r4, asr 17",1
invalid,1
"stmne r4, {r4, r6, r8, sb, sl, fp, ip, pc} ^",1
invalid,1
"andeq r0, r1, r0",1
"andseq ip, r8, r0, asr r8",1
"andseq ip, r8, r0, lsl 24",1
"vshl.u8 d0, d0, d0",1
"ldcgt p0, c5, [pc], {1}",1
"andle r0, r0, r8, lsl r0",1
invalid,1
"ldmne r0, {ip, lr} ^",1
invalid,1
"andeq r0, r4, r0",1
svcls 0x5001f3,1
"andeq r0, r0, r0",1
"andeq r0, r0, r0",1
"ldrdeq r1, r2, [r0], -ip",1
"andeq r1, r0, fp, asr 14",1
"mrrcmi p0, 0, r0, ip, c1",1
blls 0x451ec,1
invalid,1
"ldrne r5, [ip, r0, lsl 24]",1
"ldrne r0, [r7, r0]!",1
"andeq r0, r1, r0",1
"andseq fp, r7, ip, asr r8",1
"andseq fp, r7, r0, lsl 24",1
invalid,1
"strheq r1, [r0], -ip",1
"ldrdeq r1, r2, [r0], -r7",1
"ldclne p0, c0, [r1], -8",1
"andeq r1, r0, r4, lsr r8",1
"andeq r1, r0, r8, lsr r8",1
"ldmdalo ip, {r0} ^",1
"stmdami r0, {r3, r4}",1
"andeq r0, r0, 0x18",1
"ldmdami ip, {r8, ip, sp, lr}",1
blmi 0x45234,1
"streq r0, [r0, -0x18]",1
"mrspl pc, sp_irq",1
"ldmdane r0, {r0, r1, r5, sl, fp, ip} ^",1
invalid,1
"andeq r0, r1, r0",1
"andseq r8, r8, ip, asr r8",1
"andseq sl, r8, r0, lsl 6",1
invalid,1
"andeq r1, r0, r4, lsr 17",1
"strdeq r1, r2, [r0], -ip",1
"subseq r0, ip, r1",1
"andeq r0, r0, r0",1
invalid,1
"andlo r0, r0, r6, lsl r0",1
"andeq r0, r0, 0x18",1
"ldrlo r3, [pc], 0           ; [0x45214:4]=0x2000018",1
invalid,1
"andeq r0, r0, 0x18",1
"ldcmi p0, c3, [pc], {0}",1
"andpl r0, r0, r8, lsl r0",1
invalid,1
"ldmdane r0, {ip, lr} ^",1
invalid,1
"andeq r0, r2, r0",1
"stmne r4, {r4, r5, r8, sb, sl, fp, ip, pc}",1
invalid,1
"andeq r0, r1, r0",1
"andseq r8, r8, r0, asr r8",1
"andseq sp, r8, r0",1
"andlo r0, r0, r0, lsl 4",1
"mulseq r8, pc, r0",1
"andseq pc, r8, r0, lsl 24",1
"andpl r0, r0, r0, lsl 2",1
"andeq r0, r0, r0",1
"andeq r0, r0, r0",1
"andeq r1, r0, ip, ror 14",1
"andeq r1, r0, r4, lsr r8",1
"subseq r0, r4, r1",1
"andeq r0, r0, r0",1
"andhi r0, r0, r0",1
"strlo r0, [r0], -0x17",1
invalid,1
"andeq r5, r0, r0, lsl 10",1
"andeq r0, r0, r0",1
"strbne r0, [r8, r0]",1
invalid,1
"andeq r0, r1, r0",1
"andeq r0, r0, r5, asr r0",1
"andeq r0, r0, r0",1
"andseq ip, r7, r0, lsl 16",1
"andseq r3, r8, r0, lsl 8",1
"strpl r0, [r0], -0x100",1
"andeq r0, r0, r0",1
"andeq r0, r0, r0",1
"andeq r1, r0, r8, asr 15",1
"andeq r1, r0, r4, lsr r8",1
"subseq r0, r6, r1",1
"andeq r0, r0, r0",1
invalid,1
"andeq r0, r0, r8, lsl r0",1
"andeq r0, r0, 0x19",1
"andeq r7, r0, r0, lsl 26",1
"stmdage r0, {r0, r3, r4}",1
"andeq r0, r0, 0x19",1
"andseq r7, r0, r0, lsl 26",1
"andeq r0, r0, r0",1
invalid,1
"strhs r0, [r0], -0x18",1
invalid,1
"stmdbne r4!, {ip, lr}",1
invalid,1
"andeq r0, r1, r0",1
"andseq r8, sb, r4, asr r8",1
"andseq r8, sb, r0, lsl 24",1
"andpl r0, r0, r0, lsl 2",1
"andeq r1, r0, ip, lsl 19",1
"andeq r1, r0, r8, lsr 19",1
"subseq r0, r4, r1",1
"andeq r0, r0, r0",1
invalid,1
"stmdahs r0, {r3, r4}",1
invalid,1
"stmdbne r8!, {r8, ip, lr}",1
invalid,1
"andeq r0, r1, r0",1
"andseq r8, sb, r5, asr r8",1
"andseq sb, sb, r0",1
invalid,1
"muleq r0, r0, sb",1
"andeq r1, r0, r8, lsr 19",1
"subseq r0, r5, r1",1
"andeq r0, r0, r0",1
invalid,1
invalid,1
invalid,1
"ldmdbne ip!, {ip, lr}",1
invalid,1
"andeq r0, r2, r0",1
"ldmibne r0, {r2, r4, r5, r6, fp}",1
invalid,1
"andeq r0, r1, r0",1
"andeq r0, r0, r0, asr r0",1
"andeq r0, r0, r0",1
"andseq r1, sb, r0, lsl 8",1
"andseq r5, sb, r0, lsl 16",1
"strlo r0, [r0], -0x200",1
"mulseq sb, pc, r8",1
"andseq sl, sb, r0",1
"strlo r0, [r0], -0x200",1
"muleq r0, pc, r0",1
"andeq r0, r0, r0",1
"andseq r4, sb, r0, lsl 24",1
"andseq r5, sb, r0, lsl 16",1
"andpl r0, r0, r0, lsl 2",1
"muleq r0, r8, sb",1
"muleq r0, ip, sb",1
"subseq r0, r0, r1",1
"andeq r0, r0, r0",1
"andvc r0, r0, r0",1
invalid,1
invalid,1
"stmibne r0!, {ip, lr}",1
invalid,1
"andeq r0, r1, r0",1
"andeq r0, r0, r0, asr r0",1
"andeq r0, r0, r0",1
"andseq sl, sb, r0, lsl 16",1
"andseq sl, sb, r0, lsl 24",1
"stcvc p2, c0, [r0, -0]",1
"andseq sl, sb, r0, lsl 24",1
"andseq r0, sl, r0, lsl 24",1
"stcvc p2, c0, [r0, -0]",1
"andeq r0, r0, r0, lsl r0",1
"andeq r0, r0, r0",1
"andseq sl, sb, r0, lsl 16",1
"andseq sp, sb, r0, lsl 8",1
"andpl r0, r0, r0, lsl 2",1
"ldrdeq r1, r2, [r0], -r4",1
"andeq r1, r0, ip, lsl 20",1
"subseq r0, r4, r1",1
"andeq r0, r0, r0",1
invalid,1
"stmdagt r0, {r0, r3, r4}",1
invalid,1
"stmibne r8, {r8, ip, lr} ^",1
bne 0x34541c,1
"andeq r0, r1, r0",1
"andeq r0, r0, r5, asr r0",1
"andeq r0, r0, r0",1
"andseq sp, sb, r0, lsl 24",1
"andseq lr, sb, r0, lsl 16",1
"andpl r0, r0, r0, lsl 2",1
"andeq r1, r0, r4, lsl 20",1
"andeq r1, r0, r8, lsl 20",1
"subseq r0, r0, r1",1
"andeq r0, r0, r0",1
invalid,1
"andne r0, r0, sl, lsl r0",1
"andeq r0, r0, 0x1a",1
"andne r7, r0, r0, lsl 26",1
"streq r0, [r0], -0x1a",1
"andeq r0, r0, 0x1b",1
"andseq r7, r8, r0, lsl 26",1
"andeq r0, r0, r0",1
invalid,1
"stmdahs r0, {r1, r3, r4}",1
invalid,1
bne 0xa59474,1
bne 0xfe645478,1
"andeq r0, r1, r0",1
"andseq sb, sl, r6, asr r8",1
"andseq lr, sl, r0, lsl 24",1
"vshl.u8 d0, d0, d0",1
"ldc p0, c5, [pc], {1}",1
invalid,1
invalid,1
bne 0xfff5ac98,1
blne 0x14549c,1
"andeq r0, r4, r0",1
svcls 0x5001f3,1
"andeq r0, r0, r0",1
"andeq r0, r0, r0",1
"andeq r1, r0, ip, lsl 20",1
"andeq r1, r0, ip, lsr 20",1
"mrrchs p0, 0, r0, r1, c1",1
"streq r0, [r0], -0x1a",1
invalid,1
"andeq r5, r0, r0, lsl 10",1
"andeq r0, r0, r0",1
bne 0x3454cc,1
bne 0xc054d0,1
"andeq r0, r1, r0",1
"andseq r2, sl, r2, asr pc",1
"andseq r8, sl, r0, lsl 24",1
"stmdapl r0, {r8}",1
"andeq r1, r0, ip, lsl 21",1
"andeq r1, r0, ip, ror 21",1
invalid,1
bne 0xffb6d238,1
bne 0xfff454f4,1
"andeq r0, r1, r0",1
"andseq pc, sl, r8, asr ip",1
"andseq r0, fp, r0, lsl 8",1
"vshl.u8 d0, d0, d0",1
"addseq r5, pc, r1, lsl 4",1
"andeq r0, r0, r0",1
invalid,1
invalid,1
invalid,1
bne 0xfff5b11c,1
blne 0x145520,1
"andeq r0, r1, r0",1
"andeq r0, r0, r7, asr r0",1
"andeq r0, r0, r0",1
"andseq r3, sl, r0",1
"andseq r4, sl, r0, lsl 16",1
"andpl r0, r0, r0, lsl 2",1
"andeq r1, r0, ip, ror 21",1
"strdeq r1, r2, [r0], -r0",1
"subseq r0, r0, r1",1
"andeq r0, r0, r0",1
invalid,1
"stmdami r0, {r1, r3, r4}",1
"andeq r0, r0, 0x1a",1
"ldmvc pc, {ip, sp}",1
"strhi r0, [r0], -0x1a",1
invalid,1
"andeq r5, r0, r0, lsl 8",1
"andeq r0, r0, r0",1
bne 0x144556c,1
bne 0x1b05570,1
"andeq r0, r1, r0",1
"andeq r0, r0, r1, asr r0",1
"andeq r0, r0, r0",1
"andseq fp, sl, r0, lsl 8",1
"andseq sp, sl, r0",1
"stmdapl r0, {r8}",1
"strdeq r1, r2, [r0], -ip",1
"andeq r1, r0, r4, lsl 22",1
"subseq r0, r8, r1",1
"andeq r0, r0, r0",1
"andgt r0, r0, r0",1
"andle r0, r0, sl, lsl r0",1
invalid,1
bne 0xfff595a8,1
blne 0x455ac,1
"andeq r0, r1, r0",1
"andeq r0, r0, r0, asr r0",1
"andeq r0, r0, r0",1
"andseq r0, fp, r0, lsl 8",1
"andseq r0, fp, r0, lsl 16",1
"stcvc p2, c0, [r0, -0]",1
"andseq r0, fp, r0, lsl 16",1
"andseq fp, ip, r0, lsl 16",1
"stcvc p2, c0, [r0, -0]",1
"andeq r0, r0, r0, lsl r0",1
"andeq r0, r0, r0",1
"andseq r0, fp, r0, lsl 8",1
"andseq r4, fp, r0",1
"andpl r0, r0, r0, lsl 2",1
"andeq r1, r0, r0, asr 22",1
"muleq r0, r0, ip",1
"subsls r0, r5, r1",1
"strls r0, [r0], -0x1c",1
invalid,1
"ldcne p0, c5, [r4], {0}",1
"ldcne p0, c0, [r8], {0}",1
"andeq r0, r1, r0",1
"andseq sb, ip, r5, asr r8",1
"andseq sb, ip, r0, lsl 24",1
"andpl r0, r0, r0, lsl 2",1
"muleq r0, ip, ip",1
"strheq r1, [r0], -r8",1
"subseq r0, r5, r1",1
"andeq r0, r0, r0",1
"streq r0, [r0], -0",1
"stmdahs r0, {r0, r1, r3, r4}",1
invalid,1
blne 0xa59a30,1
"ldcne p0, c0, [r4], -0",1
"andeq r0, r1, r0",1
"andseq r3, ip, r4, asr r4",1
"andseq sb, ip, r0",1
"vshl.u8 d0, d0, d0",1
"addsls r5, pc, r1, lsl 2",1
"andge r0, r0, ip, lsl r0",1
invalid,1
"stcne p1, c5, [r0], 0",1
"ldcne p0, c0, [r0], 0",1
"andeq r0, r1, r0",1
"andseq fp, ip, r4, asr r0",1
"andseq fp, ip, r0, lsl 16",1
"vshl.u8 d0, d0, d0",1
"addseq r5, pc, r1, lsl 2",1
"andeq r0, r0, r0",1
"strls r0, [r0], -0",1
svceq 0x1b,1
invalid,1
"stcne p3, c5, [r0], -0",1
"ldclne p0, c0, [ip], -0",1
"andeq r0, r1, r0",1
"andseq sl, ip, r0, asr r8",1
"andseq sl, ip, r0, lsl 24",1
"andpl r0, r0, r0, lsl 2",1
"andeq r1, r0, ip, lsr 25",1
"strheq r1, [r0], -r0",1
"ldrbteq r0, [r4], -9",1
"stcvc p1, c3, [r4], -0x18",1
"addslt r2, pc, r0, lsl 4",1
"strlt r0, [r0], -0x1c",1
invalid,1
"andeq r5, r0, r0",1
"andeq r0, r0, r0",1
blne 0xfe6456bc,1
blne 0xfee456c0,1
"andeq r0, r1, r0",1
"andseq sp, fp, r2, asr r0",1
"andseq pc, fp, r0, lsl 8",1
"andpl r0, r0, 0, 2",1
"andeq r1, r0, r4, lsl ip",1
"andeq r1, r0, r8, lsl ip",1
svcvc 0x730003,1
"mulseq ip, pc, r8",1
"andseq r8, ip, r0, lsl 14",1
invalid,1
"andeq r1, r0, r8, lsr 25",1
"strheq r1, [r0], -r8",1
"subseq r0, ip, r1",1
"andeq r0, r0, r0",1
"andls r0, r0, r0",1
"andls r0, r0, fp, lsl r0",1
invalid,1
"stcne p6, c5, [r8], 0",1
"ldcne p0, c0, [r8], 0",1
"andeq r0, r1, r0",1
"andeq r0, r0, r6, asr r0",1
"andeq r0, r0, r0",1
"andseq r2, ip, r0, lsl 8",1
"andseq r2, ip, r0, lsl 16",1
"andvc r0, r0, 0, 12",1
invalid,1
"mulseq ip, pc, r8",1
"andseq r5, ip, r0",1
"andpl r0, r0, 0, 2",1
"andeq r1, r0, r0, asr ip",1
"andeq r1, r0, r8, asr ip",1
svcvc 0x720003,1
"mulseq ip, pc, r8",1
"andseq r8, ip, r0, lsl 8",1
"andpl r0, r0, 0, 2",1
"andeq r1, r0, r8, lsr 25",1
"strheq r1, [r0], -r8",1
"subseq r0, r2, r1",1
"andeq r0, r0, r0",1
invalid,1
"stmdapl r0, {r0, r1, r3, r4}",1
invalid,1
"stcne p6, c5, [r0], 0",1
"stcne p0, c0, [r8], 0",1
"andeq r0, r1, r0",1
"andeq r0, r0, r6, asr r0",1
"andeq r0, r0, r0",1
"andseq r4, fp, r0, lsl 16",1
"andseq r5, fp, r0, lsl 16",1
"andpl r0, r0, r0, lsl 2",1
"andeq r1, r0, r0, lsr 25",1
"andeq r1, r0, r4, lsr 25",1
"subseq r0, r0, r1",1
"andeq r0, r0, r0",1
invalid,1
invalid,1
invalid,1
"streq r7, [r4], -r0, lsl 8",1
"ldcvc p4, c2, [pc], {0x32}",1
svcvc 0x1b,1
invalid,1
"andeq r5, r0, r0, lsl 4",1
"andeq r0, r0, r0",1
blne 0x1b457c0,1
blne 0x20057c4,1
"andeq r0, r2, r0",1
"andeq r0, r0, r4, ror r8",1
"andeq r0, r0, r0",1
blne 0x1b457d4,1
blne 0x20057d8,1
"andeq r0, r2, r0",1
"andeq r0, r0, r5, ror r8",1
"andeq r0, r0, r0",1
blne 0xffe457e8,1
invalid,1
"andeq r0, r5, r0",1
"ldrths r0, [r2], -0x173",1
"mulseq ip, pc, ip",1
"andseq r0, ip, r0, lsl 30",1
"andpl r0, r0, 0, 2",1
"andeq r0, r0, r0",1
"andeq r0, r0, r0",1
"strdeq r1, r2, [r0], -r8",1
"andeq r1, r0, pc, lsl 24",1
"ldmdaeq r4!, {r1} ^",1
"andeq r0, r0, r0",1
"andeq r0, r0, r0",1
"strdeq r1, r2, [r0], -r8",1
"andeq r1, r0, pc, lsl 24",1
"rsbseq r0, r6, sb",1
"ldmdaeq r5!, {r1, r4, r5, sl, sp} ^",1
"addseq r2, pc, r6, lsl 4",1
"andeq r0, r0, r0",1
invalid,1
"strhi r0, [r0], -0x1c",1
"streq r0, [r0, -0x1c]",1
"andlo r7, r0, 0, 4",1
"stcne p15, c9, [r4], {0x24}",1
"stcne p0, c0, [r7], {0}",1
"andeq r0, r1, r0",1
"andeq r0, r0, r2, asr r0",1
"andeq r0, r0, r0",1
"andseq r7, ip, r0, lsl 16",1
"andseq r8, ip, r0",1
"strvc r0, [r0], -r0, lsl 16",1
invalid,1
"addshi r2, pc, r0, lsl 4",1
"smladhi r0, ip, r0, r0",1
"stmdaeq r0, {r2, r3, r4}",1
"andlo r7, r0, 0, 12",1
"andhs r7, r0, 0x24",1
"muleq r0, pc, r0",1
"andeq r0, r0, r0",1
"andseq r7, ip, r0, lsl 16",1
"andseq r8, ip, r0",1
invalid,1
"andeq r1, r0, r0, lsl 25",1
"andeq r1, r0, r7, lsl 25",1
"subseq r0, r0, r1",1
"andeq r0, r0, r0",1
invalid,1
invalid,1
"andeq r0, r0, 0x1c",1
invalid,1
"andle r0, r0, ip, lsl r0",1
"andeq r0, r0, 0x1d",1
"andseq r7, r0, r0, lsl 26",1
"andeq r0, r0, r0",1
invalid,1
"smladle r0, ip, r0, r0",1
invalid,1
"ldclne p0, c5, [r7], {0}",1
"stclne p0, c0, [r4], 0",1
"andeq r0, r1, r0",1
"andseq lr, ip, r4, asr r4",1
"andseq r0, sp, r0, lsl 16",1
"andpl r0, r0, r0, lsl 2",1
"andeq r1, r0, r8, lsl 26",1
"andeq r1, r0, ip, lsl 26",1
"mrrceq p0, 0, r0, r4, c1",1
"andhs r0, r0, sp, lsl r0",1
invalid,1
"stcne p0, c5, [r0, -0]!",1
"ldclne p0, c0, [r0]",1
"andeq r0, r1, r0",1
"andeq r0, r0, r4, asr r0",1
"andeq r0, r0, r0",1
"andseq fp, ip, r0, lsl 16",1
"andseq ip, ip, r0, lsl 16",1
invalid,1
"andeq r1, r0, r8, asr 25",1
"ldrdeq r1, r2, [r0], -r0",1
"subseq r0, r5, r1",1
"andeq r0, r0, r0",1
"strmi r0, [r0], -0",1
"stmdami r0, {r0, r2, r3, r4}",1
"andeq r0, r0, 0x1d",1
"ldmmi pc, {ip, sp}",1
"strvs r0, [r0], -0x1d",1
invalid,1
"stclne p3, c5, [r4, -0]!",1
"stclne p0, c0, [ip, -0]!",1
"andeq r0, r3, r0",1
"ldcvs p15, c7, [pc], {0x73}",1
"strvc r0, [r0], -0x1d",1
invalid,1
"ldclne p3, c5, [r8, -0]!",1
"ldcne p0, c0, [r8, 0]!",1
"andeq r0, r1, r0",1
"andeq r0, r0, r3, asr r0",1
"andeq r0, r0, r0",1
"andseq r2, sp, r0, lsl 16",1
"andseq r3, sp, r0, lsl 8",1
"andpl r0, r0, r0, lsl 2",1
"andeq r1, r0, r8, asr 27",1
"andeq r1, r0, ip, asr 27",1
"subseq r0, r0, r1",1
"andeq r0, r0, r0",1
"andle r0, r0, r0",1
"strle r0, [r0], -0x1d",1
"andeq r0, r0, 0x1d",1
"strle r7, [r0], -0xd00",1
"stmdale r0, {r0, r2, r3, r4}",1
"andeq r0, r0, 0x1d",1
"ldmdale r8, {r8, sl, fp, ip, sp, lr}",1
"strle r0, [r0], -0x1d",1
"andeq r0, r0, 0x1e",1
"eoreq r7, r0, r0, lsl 26",1
"andeq r0, r0, r0",1
"andle r0, r0, r0",1
invalid,1
invalid,1
"ldclne p0, c5, [r0, 0]!",1
"cdpne p0, 0xd, c0, c4, c0, 0",1
"andeq r0, r1, r0",1
"andeq r0, r0, r5, asr r0",1
"andeq r0, r0, r0",1
"andseq sp, sp, r0",1
"andseq pc, sp, r0",1
invalid,1
"strdeq r1, r2, [r0], -r0",1
"ldrdeq r1, r2, [r0], -r4",1
"subseq r0, r6, r1",1
"andeq r0, r0, r0",1
"andle r0, r0, r0",1
invalid,1
invalid,1
"ldclne p2, c5, [r0, 0]!",1
"cdpne p0, 0xd, c0, c4, c0, 0",1
"andeq r0, r4, r0",1
svcls 0x5201f3,1
"andeq r0, r0, r0",1
"andeq r0, r0, r0",1
"ldrdeq r1, r2, [r0], -r0",1
"strdeq r1, r2, [r0], -r0",1
invalid,1
"strle r0, [r0], -0x1d",1
invalid,1
"andeq r5, r0, r0, lsl 16",1
"andeq r0, r0, r0",1
"stclne p0, c0, [r8, 0]!",1
"ldclne p0, c0, [r0, 0]!",1
"andeq r0, r1, r0",1
"andseq pc, sp, r2, asr r0",1
"andseq r5, lr, r0",1
"strpl r0, [r0], -0x100",1
"andeq r1, r0, r4, lsr 29",1
"andeq r1, r0, r8, asr 29",1
"subseq r0, r4, r1",1
"andeq r0, r0, r0",1
"strmi r0, [r0], -0",1
"andhi r0, r0, lr, lsl r0",1
invalid,1
"cdpne p0, 0xc, c5, c0, c0, 0",1
"cdpne p0, 0xc, c0, c4, c0, 0",1
"andeq r0, r1, r0",1
"andseq ip, lr, r0, asr r8",1
"andseq ip, lr, r0, lsl 24",1
"andpl r0, r0, r0, lsl 2",1
"andeq r0, r0, r0",1
"andeq r0, r0, r0",1
"andeq r1, r0, ip, lsl 29",1
"muleq r0, r4, lr",1
"subseq r0, r0, r1",1
"andeq r0, r0, r0",1
"strle r0, [r0], -0",1
"stmdale r0, {r1, r2, r3, r4}",1
"andeq r0, r0, 0x1e",1
"stmdale r0, {r8, sl, fp, ip, sp, lr}",1
invalid,1
"andeq r0, r0, 0x1e",1
"stcle p13, c7, [r4], -0",1
"strgt r0, [r0], -0x1e",1
"movweq r0, 0x1f",1
"sbceq r7, r0, r0, lsl 26",1
"andeq r0, r0, r0",1
"andeq r0, r0, r0",1
"ldrdeq r1, r2, [r0], -r4",1
"strdeq r1, r2, [r0], -r0",1
invalid,1
"strgt r0, [r0], -0x1e",1
invalid,1
"andeq r5, r0, r0, lsl 12",1
"andeq r0, r0, r0",1
"cdpne p0, 0xd, c0, c4, c0, 0",1
"cdpne p0, 0xf, c0, c4, c0, 0",1
"andeq r0, r1, r0",1
"andseq pc, lr, r1, asr r4",1
"andseq ip, pc, r0, lsl 8",1
"stmdapl r0, {r8}",1
"andeq r0, r0, r0",1
"andeq r0, r0, r0",1
"ldrdeq r1, r2, [r0], -r4",1
"strdeq r1, r2, [r0], -r7",1
invalid,1
"strgt r0, [r0], -0x1e",1
invalid,1
"andeq r5, r0, r0, lsl 20",1
"andeq r0, r0, r0",1
"cdpne p0, 0xd, c0, c4, c0, 0",1
"cdpne p0, 0xf, c0, c7, c0, 0",1
"andeq r0, r1, r0",1
"andseq pc, lr, r3, asr r7",1
"andseq ip, pc, r0, lsl 8",1
"stmdbpl r0, {r8}",1
"andeq r0, r0, r0",1
"andeq r0, r0, r0",1
"strdeq r1, r2, [r0], -r8",1
"andeq r1, r0, r8, lsr 30",1
"mrrcmi p0, 0, r0, r0, c1",1
"stmdapl r0, {r0, r1, r2, r3, r4}",1
invalid,1
svcne 0x585000,1
svcne 0x640000,1
"andeq r0, r1, r0",1
"andseq r7, pc, r5, asr ip",1
"andseq r8, pc, r0, lsl 16",1
"andpl r0, r0, r0, lsl 2",1
"andeq r1, r0, r8, lsl 31",1
"muleq r0, r4, pc",1
"ldrbls r0, [r5], -1",1
"stmdage r0, {r0, r1, r2, r3, r4}",1
invalid,1
"andeq r5, r0, r0",1
"andeq r0, r0, r0",1
svcne 0,1
svcne 0x100000,1
"andeq r0, r2, r0",1
svcne 0x989f30,1
svcne 0xa40000,1
"andeq r0, r1, r0",1
"andeq r0, r0, r4, asr r0",1
"andeq r0, r0, r0",1
"andseq r3, pc, r0, lsl 16",1
"andseq r4, pc, r0, lsl 8",1
"andpl r0, r0, r0, lsl 2",1
"andeq r1, r0, r4, ror 30",1
"andeq r1, r0, ip, ror 30",1
"subseq r0, r0, r1",1
"andeq r0, r0, r0",1
invalid,1
"andpl r0, r0, pc, lsl r0",1
invalid,1
svcne 0x645500,1
svcne 0x800000,1
"andeq r0, r1, r0",1
"andeq r0, r0, r5, asr r0",1
"andeq r0, r0, r0",1
"andseq r2, pc, r0, lsl 8",1
"andseq sl, pc, r0, lsl 8",1
"strpl r0, [r0, -r0, lsl 2]",1
"andeq r0, r0, r0",1
"andeq r0, r0, r0",1
"andeq r1, r0, r4, asr 31",1
"andeq r1, r0, r8, asr 31",1
"rsbseq r0, sp, r2",1
"andeq r1, r0, r8, asr 31",1
"andeq r2, r0, r8, lsr 3",1
"ldmdane sp!, {r1} ^",1
"andeq r0, r0, r0",1
"andeq r0, r0, r0",1
"andeq r1, r0, r4, asr 31",1
"andeq r2, r0, ip",1
"mrrceq p0, 0, r0, r0, c1",1
"andhi r0, r0, r0, lsr 32",1
invalid,1
"orrhs r5, r0, r0, lsl 16",1
"orrhs r0, r4, r0",1
"andeq r0, r1, r0",1
"eoreq r8, r1, r0, asr r4",1
"eoreq r8, r1, r0, lsl 16",1
"stmdapl r0, {r8}",1
"andeq r2, r0, r8, lsl 3",1
"andeq r2, r0, ip, lsl 3",1
"mrrchi p0, 0, r0, r0, c1",1
"stmdage r0, {r0, r5}",1
invalid,1
"andeq r5, r0, r0, lsl 16",1
"andeq r0, r0, r0",1
svcne 0xc40000,1
svcne 0xf40000,1
"andeq r0, r1, r0",1
"andseq pc, pc, r1, asr r4",1
"eoreq r8, r1, r0",1
"strpl r0, [r0], -r0, lsl 2",1
"andeq r2, r0, r0, lsl 3",1
"muleq r0, r0, r1",1
"subsls r0, r1, r1",1
"stmdage r0, {r0, r5}",1
invalid,1
"andeq r5, r0, r0, lsl 12",1
"andeq r0, r0, r0",1
svcne 0xc40000,1
svcne 0xe40000,1
"andeq r0, r1, r0",1
"andseq lr, pc, r2, asr r4",1
"eoreq r8, r1, r0",1
"strpl r0, [r0, -r0, lsl 2]",1
"andeq r2, r0, r0, lsl 3",1
"andeq r2, r0, r8, lsl 3",1
"ldmdahi r2, {r0} ^",1
"stmdage r0, {r0, r5}",1
invalid,1
"andeq r5, r0, r0, lsl 14",1
"andeq r0, r0, r0",1
"eorshs r0, ip, r0",1
"orrhs r0, r0, r0",1
"andeq r0, r1, r0",1
"eoreq sb, r1, r5, asr r8",1
"eoreq sl, r1, r0, lsl 16",1
"strpl r0, [r0, -0x100]",1
"andeq r0, r0, r0",1
"andeq r0, r0, r0",1
"andeq r2, r0, r0, asr 32",1
"strdeq r2, r3, [r0], -r8",1
"ldmdals r2, {r0} ^",1
"stmdage r0, {r0, r5}",1
invalid,1
"andeq r5, r0, r0, lsl 4",1
"andeq r0, r0, r0",1
"rscshs r0, ip, r0",1
"orrhs r0, r0, r0",1
"andeq r0, r1, r0",1
"andeq r0, r0, r4, asr r0",1
"andeq r0, r0, r0",1
"eoreq r4, r0, r0, lsl 8",1
"eoreq lr, r0, r0, lsl 8",1
"movwpl r0, 0x100",1
"andeq r2, r0, r8, ror 1",1
"andeq r2, r0, ip, ror 2",1
"ldmdals r0, {r0} ^",1
"stmdage r0, {r0, r5}",1
invalid,1
"andeq r5, r0, r0, lsl 6",1
"andeq r0, r0, r0",1
invalid,1
"mrshs r0, spsr",1
"andeq r0, r1, r0",1
"eoreq r4, r1, r2, asr r0",1
"eoreq r4, r1, r0, lsl 16",1
"andvc r0, r0, 0, 6",1
hvc 0x89ff,1
"cmnhs r4, r0",1
"andeq r0, r1, r0",1
"andeq r0, r0, r2, asr r0",1
"andeq r0, r0, r0",1
"eoreq r3, r0, r0, lsl 16",1
"eoreq r7, r1, r0",1
invalid,1
"muleq r0, r8, r1",1
"andeq r2, r0, r8, lsr 3",1
"subseq r0, r1, r1",1
"andeq r0, r0, r0",1
invalid,1
"strhs r0, [r0], -0x20",1
invalid,1
"orrshs r5, r0, r0, lsl 8",1
"orrshs r0, r8, r0",1
"andeq r0, r1, r0",1
"andeq r0, r0, r4, asr r0",1
"andeq r0, r0, r0",1
"eoreq r1, r0, r0, lsl 8",1
"eoreq r2, r0, r0, lsl 8",1
"andpl r0, r0, r0, lsl 2",1
"muleq r0, r0, r1",1
"muleq r0, r4, r1",1
"subseq r0, r0, r1",1
"andeq r0, r0, r0",1
invalid,1
"strvc r0, [r0], -0x21",1
"streq r0, [r0, -0x21]",1
"andlo r7, r0, 0, 4",1
"cmnhs r4, r4, lsr 30",1
"cmnhs r7, r0",1
"andeq r0, r1, r0",1
"andeq r0, r0, r2, asr r0",1
"andeq r0, r0, r0",1
"eoreq r6, r1, r0, lsl 16",1
"eoreq r7, r1, r0",1
invalid,1
invalid,1
"addseq r2, pc, r0, lsl 4",1
"andeq r0, r0, r0",1
invalid,1
"strvc r0, [r0, -r1, lsr 32]",1
invalid,1
"andeq r5, r0, r0, lsl 6",1
"andeq r0, r0, r0",1
"movhs r0, r0",1
"movhs r0, r0",1
"andeq r0, r2, r0",1
invalid,1
"movshs r0, r0",1
"andeq r0, r2, r0",1
"rorshs r1, sp, ip",1
"cmnhs r4, 0",1
"andeq r0, r3, r0",1
"andeq pc, r0, sp, ror r0",1
"andeq r0, r0, r0",1
invalid,1
invalid,1
invalid,1
"bicshs r5, ip, r0",1
"cmnhs r4, 0",1
"andeq r0, r1, r0",1
"andeq r0, r0, r4, asr r0",1
"andeq r0, r0, r0",1
"eoreq ip, r1, r0, lsl 16",1
"eoreq r2, r3, r0, lsl 16",1
bpl 0x46268,1
"andeq r2, r0, r8, lsr 6",1
"andeq r2, r0, ip, asr r3",1
"mrrcpl p0, 0, r0, r3, c1",1
"strvc r0, [r0], -0x23",1
invalid,1
"andeq r5, r0, r0, lsl 20",1
"andeq r0, r0, r0",1
"mvnhs r0, r0",1
"adchs r0, r3, 0",1
"andeq r0, r1, r0",1
"eoreq sl, r2, r2, asr r3",1
"eoreq r2, r3, r0, lsl 24",1
"strvc r0, [r0], -r0, lsl 12",1
invalid,1
"mlaeq r3, pc, ip, r2",1
"eoreq r6, r3, r0, lsl 8",1
"andpl r0, r0, r0, lsl 2",1
"andeq r0, r0, r0",1
"andeq r0, r0, r0",1
"andeq r2, r0, r4, lsr 5",1
"andeq r2, r0, r8, asr 5",1
"ldmdagt r0, {r0} ^",1
"streq r0, [r0], -0x22",1
"andeq r0, r0, 0x23",1
"ldreq r3, [pc], 0x100       ; [0x45ecc:4]=0x1000023",1
"andne r0, r0, r3, lsr 32",1
invalid,1
"tsths r8, 0",1
invalid,1
"andeq r0, r1, r0",1
"andeq r0, r0, r0, asr r0",1
"andeq r0, r0, r0",1
"eoreq sp, r1, r0, lsl 24",1
"eoreq sp, r2, r0, lsl 16",1
"mrsls r0, lr_irq",1
"sbcshs r7, ip, 140, 30",1
"rschs r0, r8, 0",1
"andeq r0, r1, r0",1
"eoreq lr, r2, r3, asr r8",1
"eoreq r7, r3, r0, lsl 8",1
"mrsls r0, lr_irq",1
"andeq r7, r0, ip, lsl 31",1
"andeq r0, r0, r0",1
"addhs r0, r0, 0",1
"addhs r0, r4, 0",1
"andeq r0, r1, r0",1
"eoreq sb, r2, r1, asr r8",1
"eoreq sl, r2, r0, lsl 6",1
invalid,1
"andeq r0, r0, r0",1
"andeq r0, r0, r0",1
"strdeq r2, r3, [r0], -ip",1
"andeq r2, r0, ip, lsl r2",1
svcls 0x300002,1
"andeq r2, r0, r0, asr r2",1
"andeq r2, r0, r0, ror r2",1
"ldrbhi r0, [r3], -1",1
"strls r0, [r0], -0x22",1
"andeq r0, r0, 0x22",1
"ldrls r3, [pc], 0           ; [0x45f58:4]=0x1000022",1
"stmdals r0, {r1, r5}",1
invalid,1
"andeq r5, r0, r0, lsl 6",1
"andeq r0, r0, r0",1
"andshs r0, ip, 0",1
"subhs r0, r0, 0",1
"andseq r0, r3, r0",1
invalid,1
"ldmdane r4!, {sb, sp} ^",1
"rsbseq r2, sl, r6, lsl 4",1
"stmdaeq r1, {r1, r5, sl, ip, pc}",1
"ldrsheq r1, [pc], pc        ; [0x45f88:4]=0x74000000",1
"andeq r0, r0, r0",1
"strvc r0, [r0], -0",1
"stmdavc r0, {r0, r1, r5}",1
"andeq r0, r0, 0x23",1
"stmdavc r0, {r8, sl, fp, ip, sp, lr}",1
"stmdahi r0, {r0, r1, r5}",1
"andeq r0, r0, 0x24",1
"andseq r7, r0, r0, lsl 26",1
"andeq r0, r0, r0",1
"strvc r0, [r0], -0",1
"stmdahi r0, {r0, r1, r5}",1
invalid,1
"orrhs r5, r8, 0",1
"orrhs r0, ip, 0",1
"andeq r0, r1, r0",1
"eoreq r8, r3, r5, asr ip",1
"eoreq sl, r3, r0, lsl 8",1
"andpl r0, r0, r0, lsl 2",1
"andeq r2, r0, r4, lsr 7",1
"andeq r2, r0, ip, lsr 7",1
"mrrcge p0, 0, r0, r5, c1",1
invalid,1
invalid,1
"bichs r5, ip, 0",1
"bicshs r0, r0, 0",1
"andeq r0, r1, r0",1
"eoreq sp, r3, r5, asr r0",1
"eoreq pc, r3, r0, lsl 16",1
"andpl r0, r0, r0, lsl 2",1
"strdeq r2, r3, [r0], -r8",1
"andeq r2, r0, r8, lsr 8",1
"ldmdahs r5, {r0} ^",1
"strlo r0, [r0], -0x24",1
invalid,1
"ldrths r5, [r4], -0",1
"strhs r0, [r8], 0",1
"andeq r0, r1, r0",1
"andeq r0, r0, r5, asr r0",1
"andeq r0, r0, r0",1
"eoreq r7, r3, r0, lsl 8",1
"eoreq fp, r3, r0, lsl 24",1
invalid,1
"strheq r2, [r0], -ip",1
"ldrdeq r2, r3, [r0], -r0",1
svcvc 0x720003,1
"mlaeq r3, pc, r0, sp",1
"eoreq sp, r3, r0, lsl 24",1
invalid,1
"ldrdeq r2, r3, [r0], -ip",1
"strdeq r2, r3, [r0], -fp",1
svcvc 0x720003,1
"mlaeq r3, pc, fp, pc",1
"eoreq r2, r4, r0, lsl 16",1
"vshl.u8 d0, d0, d0",1
"ldmhs pc, {r0, r8, ip, lr}",1
"stmdalo r0, {r2, r5}",1
invalid,1
"ldrths r5, [r8], -0x100",1
"strhs r0, [r8], 0",1
"andeq r0, r4, r0",1
svcls 0x5101f3,1
"andeq r0, r0, r0",1
"andeq r0, r0, r0",1
"andeq r2, r0, r4, ror r3",1
"muleq r0, ip, r3",1
"mrrcls p0, 0, r0, r2, c1",1
invalid,1
"streq r0, [r0], -0x23",1
"andpl pc, r1, 0, 6",1
"mlaeq r3, pc, ip, sl",1
"eoreq fp, r3, r0, lsl 24",1
"andpl r0, r0, 0, 2",1
"strheq r2, [r0], -ip",1
"ldrdeq r2, r3, [r0], -r0",1
invalid,1
"bicshs sb, r0, 0x148",1
"bicshs r0, r4, 0",1
"andeq r0, r1, r0",1
"eoreq sp, r3, r2, asr r4",1
"eoreq r2, r4, r0, lsl 16",1
"vshl.u8 d0, d0, d0",1
"ldmhs pc, {r0, sb, ip, lr}",1
bllo 0x46164,1
invalid,1
"ldrths r5, [fp], -0x200",1
"strhs r0, [r8], 0",1
"andeq r0, r4, r0",1
svcls 0x5201f3,1
"andeq r0, r0, r0",1
"andeq r0, r0, r0",1
"andeq r2, r0, r0, lsr r4",1
"andeq r2, r0, r0, ror 8",1
"rsbseq r0, r4, r6",1
svcls 0x1aff08,1
"andeq r2, r0, r8, ror r4",1
"andeq r2, r0, r8, lsl 9",1
"rsbseq r0, r4, r6",1
svcls 0x1aff08,1
"andeq r0, r0, r0",1
"andeq r0, r0, r0",1
"andeq r2, r0, r8, ror 7",1
"andeq r2, r0, r8, lsr 8",1
"subsvs r0, r4, r1",1
"stmdavc r0, {r2, r5}",1
invalid,1
"andeq r5, r0, r0, lsl 8",1
"andeq r0, r0, r0",1
invalid,1
"bicshs r0, r0, 0",1
"andeq r0, r1, r0",1
"eoreq sp, r3, r1, asr ip",1
"eoreq pc, r3, r0, lsl 22",1
invalid,1
"andeq r0, r0, r0",1
"andeq r0, r0, r0",1
"andeq r2, r0, r8, lsl 9",1
"andeq r2, r0, ip, lsl 9",1
"rsbseq r0, sp, r2",1
"andeq r2, r0, ip, lsl 9",1
"strdeq r2, r3, [r0], -r8",1
"rsbsne r0, sp, r2",1
"andeq r0, r0, r0",1
"andeq r0, r0, r0",1
"andeq r2, r0, r8, lsl 9",1
"andeq r2, r0, r4, ror 9",1
"ldrb r0, [r0], -1",1
"vst4.8 {d0, d1, d2, d3}, [r0:0x80], r4",1
invalid,1
"ldrbths r5, [r4], 0x500",1
"ldrhs r0, [r0, -0]!",1
"andeq r0, r1, r0",1
"eoreq r3, r5, r0, asr r0",1
"eoreq sl, r5, r0, lsl 8",1
"strpl r0, [r0, -0x100]",1
"andeq r2, r0, r4, lsr 11",1
"andeq r2, r0, r8, lsr 11",1
"ldmdage r0, {r0} ^",1
invalid,1
invalid,1
"strhs r5, [ip, 0x500]!",1
"ldrhs r0, [r0, 0]!",1
"andeq r0, r1, r0",1
"eoreq fp, r5, r0, asr r0",1
"eoreq fp, r5, r0, lsl 8",1
"strpl r0, [r0, -0x100]",1
"strheq r2, [r0], -r4",1
"strheq r2, [r0], -r8",1
"ldmdalt r0, {r0} ^",1
invalid,1
invalid,1
"ldrhs r5, [ip, 0x500]!",1
"strbhs r0, [r0]",1
"andeq r0, r1, r0",1
"eoreq ip, r5, r0, asr r0",1
"eoreq ip, r5, r0, lsl 8",1
"strpl r0, [r0, -0x100]",1
"andeq r2, r0, r4, asr 11",1
"andeq r2, r0, r8, asr 11",1
"ldmdagt r0, {r0} ^",1
invalid,1
invalid,1
"andeq r5, r0, r0, lsl 10",1
"andeq r0, r0, r0",1
"strhs r0, [r8], 0",1
"strths r0, [r0], 0",1
"andeq r0, r1, r0",1
"eoreq sl, r4, r1, asr r0",1
"eoreq pc, r5, r0, lsl 16",1
"strpl r0, [r0], -0x100",1
"andeq r0, r0, r0",1
"andeq r0, r0, r0",1
"andeq r2, r0, r8, lsl 9",1
"andeq r2, r0, r7, ror 9",1
"ldrb r0, [r2, -r1]",1
"vst4.8 {d0, d1, d2, d3}, [r0:0x80], r4",1
invalid,1
"ldrbths r5, [r4], 0x600",1
"ldrhs r0, [r0, -0]!",1
"andeq r0, r1, r0",1
"eoreq r3, r5, r2, asr r0",1
"eoreq sl, r5, r0, lsl 8",1
"strpl r0, [r0], -r0, lsl 2",1
"andeq r2, r0, r4, lsr 11",1
"andeq r2, r0, ip, asr 11",1
"mrrcgt p0, 0, r0, r2, c1",1
invalid,1
invalid,1
"andeq r5, r0, r0, lsl 12",1
"andeq r0, r0, r0",1
"strths r0, [r0], 0",1
"strths r0, [r4], 0",1
"andeq r0, r5, r0",1
"rsbseq r0, r2, r3, ror r0",1
"eoreq sl, r4, r2, lsr 8",1
"eoreq lr, r4, r0, lsl 8",1
"andvc r0, r0, r0, lsl 12",1
"rsbseq r0, r2, r4, lsl 12",1
"eoreq lr, r4, r2, lsr 8",1
"eoreq lr, r4, r0, lsl 14",1
"strvc r0, [r0, -0x600]",1
"rsbseq r0, r2, r4, lsl 12",1
"eoreq pc, r4, r2, lsr 8",1
"eoreq r3, r5, r0",1
"andvc r0, r0, r0, lsl 12",1
"rsbseq r0, r2, r4, lsl 12",1
"eoreq sl, r5, r2, lsr 8",1
"eoreq sl, r5, r0, lsl 16",1
"andvc r0, r0, r0, lsl 12",1
"rsbseq r0, r2, r4, lsl 12",1
"eoreq sl, r5, r2, lsr 16",1
"eoreq sl, r5, r0, lsl 24",1
"strvc r0, [r0, -0x600]",1
"rsbseq r0, r2, r4, lsl 12",1
"eoreq sl, r5, r2, lsr 24",1
"eoreq fp, r5, r0",1
"andvc r0, r0, r0, lsl 12",1
"rsbseq r0, r2, r4, lsl 12",1
"eoreq fp, r5, r2, lsr 32",1
"eoreq fp, r5, r0, lsl 8",1
"strvc r0, [r0, -0x600]",1
"rsbseq r0, r2, r4, lsl 12",1
"eoreq fp, r5, r2, lsr 8",1
"eoreq fp, r5, r0, lsl 16",1
"andvc r0, r0, r0, lsl 12",1
"rsbseq r0, r2, r4, lsl 12",1
"eoreq fp, r5, r2, lsr 16",1
"eoreq fp, r5, r0, lsl 24",1
"strvc r0, [r0, -0x600]",1
"rsbseq r0, r2, r4, lsl 12",1
"eoreq fp, r5, r2, lsr 24",1
"eoreq ip, r5, r0",1
"andvc r0, r0, r0, lsl 12",1
"rsbseq r0, r2, r4, lsl 12",1
"eoreq ip, r5, r2, lsr 32",1
"eoreq ip, r5, r0, lsl 8",1
"strvc r0, [r0, -0x600]",1
"rsbseq r0, r2, r4, lsl 12",1
"eoreq ip, r5, r2, lsr 8",1
"eoreq ip, r5, r0, lsl 16",1
"andvc r0, r0, r0, lsl 12",1
"rsbseq r0, r2, r4, lsl 12",1
"eoreq ip, r5, r2, lsr 16",1
"eoreq ip, r5, r0, lsl 24",1
"strvc r0, [r0, -0x600]",1
"rsbseq r0, r2, r4, lsl 12",1
"andeq r0, r0, r2, lsr 32",1
"andeq r0, r0, r0",1
"eoreq r5, r5, r0, lsl 8",1
"eoreq sb, r5, r0, lsl 24",1
"andpl r0, r0, r0, lsl 2",1
"ldrdeq r2, r3, [r0], -r4",1
"ldrdeq r2, r3, [r0], -r8",1
"mrrcle p0, 0, r0, r0, c1",1
"and r0, r0, r5, lsr 32",1
invalid,1
"strbhs r5, [r4, 0]!",1
"strbhs r0, [r8, 0]!",1
"andeq r0, r1, r0",1
"eoreq lr, r5, r0, asr ip",1
"eoreq pc, r5, r0",1
"andpl r0, r0, r0, lsl 2",1
"andeq r0, r0, r0",1
"andeq r0, r0, r0",1
"strdeq r2, r3, [r0], -r8",1
"strdeq r2, r3, [r0], -ip",1
"rsbseq r0, sp, r2",1
"strdeq r2, r3, [r0], -ip",1
"andeq r2, r0, r4, asr 13",1
"ldmdane sp!, {r1} ^",1
"andeq r0, r0, r0",1
"andeq r0, r0, r0",1
"strdeq r2, r3, [r0], -r8",1
"andeq r2, r0, pc, lsl 12",1
svceq 0x500001,1
"strhs r0, [r0], -0x26",1
invalid,1
"strths r5, [r4], -r0, lsl 8",1
"strths r0, [r8], r0",1
"andeq r0, r4, r0",1
svcls 0x5001f3,1
"andeq r2, r0, r8, lsr 13",1
"strheq r2, [r0], -r0",1
"subslt r0, r4, r1",1
"strgt r0, [r0], -0x26",1
"streq r0, [r0], -0x26",1
"andpl pc, r1, r0, lsl 6",1
"muleq r0, pc, r0",1
"andeq r0, r0, r0",1
"eoreq pc, r5, r0, lsl 16",1
"eoreq r0, r6, r0, lsl 16",1
invalid,1
"andeq r2, r0, r8, lsl 12",1
"andeq r2, r0, r8, lsr r6",1
"ldmdalo r6, {r0} ^",1
"stmdage r0, {r1, r2, r5}",1
"streq r0, [r0], -0x26",1
"mrspl pc, sp_irq",1
"mlaeq r6, pc, r8, sl",1
"eoreq fp, r6, r0",1
"strpl r0, [r0], -r0, lsl 2",1
"strheq r2, [r0], -r0",1
"andeq r2, r0, r4, asr 13",1
invalid,1
"andeq sb, r0, r1, asr pc",1
"andeq r0, r0, r0",1
"ldrbhs r0, [r8, 0]!",1
"strhs r0, [ip], -r0",1
"andeq r0, r1, r0",1
"eoreq r0, r6, r2, asr ip",1
"eoreq r0, r6, r0, lsl 30",1
invalid,1
"andeq r2, r0, pc, lsl 12",1
"andeq r2, r0, r4, asr 13",1
invalid,1
"andeq sb, r0, r2, asr pc",1
"andeq r0, r0, r0",1
"ldrhs r0, [r0], -r0",1
"ldrths r0, [ip], -r0",1
"andeq r0, r2, r0",1
"ssat16hs sb, 9, r0",1
"ldrths r0, [r0], r0",1
"andeq r0, r2, r0",1
invalid,1
"strbhs r0, [r4], r0",1
"andeq r0, r1, r0",1
"andeq r0, r0, r2, asr r0",1
"andeq r0, r0, r0",1
"eoreq r1, r6, r0",1
"eoreq r3, r6, r0, lsl 24",1
"andpl r0, r0, r0, lsl 2",1
"andeq r2, r0, r8, lsr 13",1
"andeq r2, r0, ip, lsr 13",1
"subseq r0, r0, r1",1
"andeq r0, r0, r0",1
"andmi r0, r0, r0",1
"stmdage r0, {r1, r2, r5}",1
invalid,1
"ldrths r5, [r0], r0",1
"strbhs r0, [r0], r0",1
"andeq r0, r1, r0",1
"eoreq ip, r6, r0, asr r0",1
"eoreq ip, r6, r0, lsl 8",1
"mrsvc r0, r8_usr",1
"andeq r0, r0, r0",1
"andeq r0, r0, r0",1
"eoreq r4, r6, r0, lsl 8",1
"eoreq r5, r6, r0, lsl 8",1
"movwvc r0, 0x800",1
"stmdaeq r1, {r2, sl, ip, pc}",1
"ldrpl r1, [pc], 0xaff       ; [0x46500:4]=0x1000026",1
"stmdage r0, {r1, r2, r5}",1
invalid,1
"ldrths r5, [r0], r0, lsl 6",1
"strbhs r0, [r4], r0",1
"andeq r0, r1, r0",1
"andeq r0, r0, r3, asr r0",1
"andeq r0, r0, r0",1
"eoreq r5, r6, r0",1
"eoreq sl, r6, r0, lsl 16",1
invalid,1
invalid,1
"ssaths sb, 0x11, sl, lsl 0x1e",1
"strbhs r0, [r4], r0",1
"andeq r0, r7, r0",1
invalid,1
"ldrsheq r1, [pc], pc        ; [0x46540:4]=0xc4000000",1
"andeq r0, r0, r0",1
"strgt r0, [r0], -0",1
"stmdagt r0, {r1, r2, r5}",1
"andeq r0, r0, 0x26",1
"stmdagt r0, {r8, sl, fp, ip, sp, lr}",1
"stmdale r0, {r1, r2, r5}",1
"andeq r0, r0, 0x26",1
"andeq r7, r8, r0, lsl 26",1
"andeq r0, r0, r0",1
"strgt r0, [r0], -0",1
"movwle r0, 0x26",1
invalid,1
"ldrbhs r5, [r3], r0",1
"ldrbhs r0, [r8], r0",1
"andeq r0, r4, r0",1
svcls 0x5001f3,1
"andeq r0, r0, r0",1
"andeq r0, r0, r0",1
"andeq r2, r0, r8, asr 13",1
"ldrdeq r2, r3, [r0], -r3",1
"cmple r0, 1",1
"stmdale r0, {r1, r2, r5}",1
"streq r0, [r0], -0x26",1
"andpl pc, r1, r0, lsl 6",1
"muleq r0, pc, r0",1
"andeq r0, r0, r0",1
"eoreq sp, r6, r0, lsl 16",1
"eoreq lr, r6, r0, lsl 16",1
"movwpl r0, 0x100",1
"andeq r2, r0, r8, ror 13",1
"andeq r2, r0, r4, lsr 14",1
"ldmdaeq r0!, {r1} ^",1
"andeq r0, r0, r0",1
"andeq r0, r0, r0",1
"andeq r2, r0, r4, lsr 14",1
"andeq r2, r0, r8, lsr 14",1
"rsbseq r0, sp, r2",1
"andeq r2, r0, r8, lsr 14",1
"andeq r2, r0, ip, asr 15",1
"rsbsne r0, sp, r2",1
"andeq r0, r0, r0",1
"andeq r0, r0, r0",1
"andeq r2, r0, r4, lsr 14",1
"andeq r2, r0, r4, lsr r7",1
"ldrblo r0, [r0], -1",1
invalid,1
invalid,1
"andeq r5, r0, r0, lsl 8",1
"andeq r0, r0, r0",1
"strhs r0, [r4, -r0]!",1
"strbhs r0, [0x0004660c]",1
"andeq r0, r1, r0",1
"eoreq r4, r7, r1, asr pc",1
"eoreq r8, r7, r0, lsl 16",1
"strpl r0, [r0, -0x100]",1
"andeq r2, r0, r8, lsl 15",1
"andeq r2, r0, ip, asr 15",1
"subseq r0, r1, r1",1
"andeq r0, r0, r0",1
"andvc r0, r0, r0",1
invalid,1
"streq r0, [r0], -r7, lsr 32",1
"streq r7, [r4], -r0, lsl 10",1
"ldcvc p4, c2, [pc], {0x32}",1
svcvc 0x27,1
invalid,1
"andeq r5, r0, r0, lsl 4",1
"andeq r0, r0, r0",1
"ldrbhs r0, [r0, -r0]!",1
"ldrbhs r0, [0x00046658]!    ; [0x46658:4]=0x875",1
"andeq r0, r2, r0",1
"andeq r0, r0, r5, ror r8",1
"andeq r0, r0, r0",1
"ldrbhs r0, [r0, -r0]!",1
"ldrbhs r0, [0x0004666c]!    ; [0x4666c:4]=80",1
"andeq r0, r1, r0",1
"andeq r0, r0, r0, asr r0",1
"andeq r0, r0, r0",1
"eoreq ip, r7, r0, lsl 24",1
"eoreq sp, r7, r0",1
"stcvc p2, c0, [r0, -0]",1
"eoreq sp, r7, r0",1
"eoreq r7, sb, r0, lsl 16",1
"stcvc p2, c0, [r0, -0]",1
"andeq r0, r0, r0, lsr 32",1
"andeq r0, r0, r0",1
"eoreq ip, r7, r0, lsl 24",1
"eoreq r0, r8, r0, lsl 8",1
"andpl r0, r0, r0, lsl 2",1
"andeq r2, r0, r4, lsl 16",1
"andeq r2, r0, r0, lsr r8",1
"subslo r0, r6, r1",1
"stmdami r0, {r3, r5}",1
invalid,1
"stmdahs r8, {ip, lr} ^",1
invalid,1
"andeq r0, r1, r0",1
"eoreq r5, r8, r6, asr r4",1
"eoreq sb, r8, r0, lsl 8",1
"andpl r0, r0, r0, lsl 2",1
"muleq r0, r4, r8",1
"andeq r2, r0, r8, ror 18",1
"ldmdavs r6, {r0} ^",1
invalid,1
invalid,1
"stmdbhs ip!, {ip, lr} ^",1
invalid,1
"andeq r0, r1, r0",1
"andeq r0, r0, r6, asr r0",1
"andeq r0, r0, r0",1
"eoreq ip, r7, r0, lsl 24",1
"eoreq r0, r8, r0, lsl 30",1
invalid,1
"andeq r2, r0, pc, lsl 16",1
"andeq r2, r0, r0, lsr r8",1
"subslo r0, r5, r1",1
invalid,1
invalid,1
"stmdahs ip, {r8, ip, lr} ^",1
invalid,1
"andeq r0, r1, r0",1
"eoreq r5, r8, r5, asr r4",1
"eoreq sb, r8, r0, lsl 16",1
invalid,1
"muleq r0, r8, r8",1
"andeq r2, r0, r8, ror 18",1
"ldmdavs r5, {r0} ^",1
"andvc r0, r0, sb, lsr 32",1
invalid,1
"ldmdbhs r0!, {r8, ip, lr} ^",1
invalid,1
"andeq r0, r1, r0",1
"andeq r0, r0, r5, asr r0",1
"andeq r0, r0, r0",1
"eoreq ip, r7, r0, lsl 24",1
"eoreq pc, r7, r0, lsl 16",1
"andpl r0, r0, 0, 2",1
"strdeq r2, r3, [r0], -r8",1
"andeq r2, r0, r0, lsr r8",1
"subslo r0, r4, r1",1
svcmi 0x28,1
invalid,1
"stmdahs pc, {sb, ip, lr} ^",1
invalid,1
"andeq r0, r1, r0",1
"eoreq r5, r8, r4, asr r4",1
"eoreq r5, r8, r0, lsl 16",1
"andpl r0, r0, 0, 2",1
"andeq r2, r0, r8, asr r8",1
"andeq r2, r0, r8, ror sb",1
"subseq r0, r4, r1",1
"andeq r0, r0, r0",1
invalid,1
"stmdale r0, {r3, r5}",1
invalid,1
"ldmhs ip, {fp, ip, lr} ^",1
invalid,1
"andeq r0, r1, r0",1
"andeq r0, r0, r8, asr r0",1
"andeq r0, r0, r0",1
"eoreq sb, r8, r0, lsl 16",1
"eoreq sp, r8, r0, lsl 16",1
"strpl r0, [r0, -r0, lsl 2]",1
"ldrdeq r2, r3, [r0], -ip",1
"andeq r2, r0, r0, ror 18",1
"subseq r0, r7, r1",1
"andeq r0, r0, r0",1
"strlt r0, [r0], -0",1
invalid,1
invalid,1
"stmhs ip, {sb, ip, lr} ^",1
invalid,1
"andeq r0, r1, r0",1
"eoreq sp, r8, r2, asr r4",1
"eoreq sp, r8, r0, lsl 16",1
"andvc r0, r0, 0, 6",1
"ldmdbhs ip, {r0, r1, r2, r3, r4, r5, r6, r8, sb, sl, fp, ip, pc}",1
invalid,1
"andeq r0, r1, r0",1
"eoreq r5, sb, sl, asr r4",1
"eoreq r6, sb, r0",1
bpl 0x46c18,1
"andeq r0, r0, r0",1
"andeq r0, r0, r0",1
"andeq r2, r0, r4, asr r8",1
"muleq r0, r8, r8",1
svcls 0x3c0002,1
"andeq r0, r0, r0",1
"andeq r0, r0, r0",1
"andeq r2, r0, r4, asr r8",1
"muleq r0, r8, r8",1
svcls 0x300002,1
"andeq r0, r0, r0",1
"andeq r0, r0, r0",1
"andeq r2, r0, r4, asr r8",1
"muleq r0, r4, r8",1
"ldrbls r0, [r0], -1",1
"stmdals r0, {r3, r5}",1
invalid,1
"andeq r5, r0, r0, lsl 12",1
"andeq r0, r0, r0",1
invalid,1
invalid,1
"andeq r0, r8, r0",1
"rsbseq r0, r8, r1, ror r0",1
svcls 0x24321c,1
"andeq r2, r0, r0, lsl 18",1
"andeq r2, r0, ip, lsl 18",1
"ldrbteq r0, [r5], -9",1
invalid,1
"ldceq p4, c2, [pc], {0x32}",1
svceq 0x29,1
invalid,1
"andeq r5, r0, r0, lsl 4",1
"andeq r0, r0, r0",1
invalid,1
invalid,1
"andeq r0, sb, r0",1
"ldrths r0, [r2], -0x78",1
"andhs r0, r6, 0x750000",1
"muleq r0, pc, r0",1
"andeq r0, r0, r0",1
"eoreq pc, r8, r0, lsl 8",1
"eoreq r0, sb, r0, lsl 30",1
bvc 0x48cc4,1
"strtvc r3, [r4], -r0, lsl 4",1
svcls 0x220608,1
"andeq r0, r0, r0",1
"andeq r0, r0, r0",1
"andeq r2, r0, ip, lsr 18",1
"andeq r2, r0, r4, asr 18",1
"rsbseq r0, r3, r8",1
"andslo r0, ip, 0x77",1
"stmdbhs r4, {r2, r5, r8, sb, sl, fp, ip, pc} ^",1
invalid,1
"andeq r0, r1, r0",1
"andeq r0, r0, r2, asr r0",1
"andeq r0, r0, r0",1
"eoreq r2, sb, r0, lsl 24",1
"eoreq r4, sb, r0, lsl 14",1
"strvc r0, [r0, -r0, lsl 18]",1
"strtvc r3, [r4], -0x200",1
svcls 0x220608,1
"andeq r0, r0, r0",1
"andeq r0, r0, r0",1
"andeq r2, r0, ip, lsr 18",1
"andeq r2, r0, r7, asr 18",1
"rsbseq r0, sl, sb",1
"ldmdaeq r6!, {r1, r4, r5, sl, sp} ^",1
"addseq r2, pc, r6, lsl 4",1
"andeq r0, r0, r0",1
invalid,1
invalid,1
"andeq r0, r0, 0x29",1
invalid,1
"andhi r0, r0, sb, lsr 32",1
"andeq r0, r0, 0x29",1
"eorhi r7, r0, r0, lsl 26",1
"strls r0, [r0], -0x29",1
"andeq r0, r0, 0x2b",1
"eoreq r7, r8, r0, lsl 26",1
"andeq r0, r0, r0",1
invalid,1
"strlt r0, [r0], -0x29",1
invalid,1
"ldmibhs r4!, {ip, lr}",1
blhs 0x1b4696c,1
"andeq r0, r1, r0",1
"eoreq r6, fp, r4, asr ip",1
"eoreq r7, fp, r0",1
"andpl r0, r0, r0, lsl 2",1
"andeq r2, r0, r0, ror fp",1
"muleq r0, r4, fp",1
"subseq r0, r4, r1",1
"andeq r0, r0, r0",1
"andls r0, r0, r0",1
bllt 0x46a38,1
"stmdaeq r0, {r0, r3, r5}",1
"mrsls sb, lr_abt",1
"movwls sb, 0x1354",1
"eoreq fp, sb, r3, lsl 22",1
"eoreq sb, sl, r0",1
"movwls r0, 0x700",1
"orrseq r5, r3, r4, lsl 10",1
blhs 0x1b47800,1
blhs 0x1d469b8,1
"andeq r0, r8, r0",1
"ldrpl r0, [r1], 0x493",1
"orrseq r0, r3, 0xc0000024",1
"andeq r2, r0, r4, ror fp",1
"andeq r2, r0, r8, lsl 23",1
"ldreq r0, [r3], 7",1
"movwls sb, 0x1355",1
"andeq r0, r0, r3",1
"andeq r0, r0, r0",1
"eoreq sl, sb, r0, lsl 8",1
"eoreq r3, sl, r0, lsl 24",1
"strpl r0, [r0], -r0, lsl 2",1
"andeq r2, r0, ip, ror 22",1
"andeq r2, r0, r8, lsl 23",1
"subseq r0, r6, r1",1
"andeq r0, r0, r0",1
invalid,1
"and r0, r0, sb, lsr 32",1
invalid,1
"stmibhs r0!, {ip, lr} ^",1
bhs 0xf46a0c,1
"andeq r0, r1, r0",1
"eoreq r7, fp, sl, asr ip",1
"eoreq r8, fp, r0, lsl 16",1
bpl 0x46e1c,1
"andeq r0, r0, r0",1
"andeq r0, r0, r0",1
"andeq r2, r0, ip, ror 19",1
"strdeq r2, r3, [r0], -r8",1
invalid,1
invalid,1
invalid,1
blhs 0x1f5ca3c,1
blhs 0xfe246a40,1
"andeq r0, r1, r0",1
"andeq r0, r0, r8, asr r0",1
"andeq r0, r0, r0",1
"eoreq r0, sl, r0, lsl 8",1
"eoreq r0, sl, r0, lsl 16",1
"andpl r0, r0, r0, lsl 2",1
"andeq r2, r0, r8, lsl 20",1
"andeq r2, r0, ip, lsr sl",1
"mrrcvc p0, 0, r0, r7, c1",1
"stmdahi r0, {r0, r1, r3, r5}",1
invalid,1
"andeq r5, r0, r0, lsl 14",1
"andeq r0, r0, r0",1
bhs 0x446a78,1
bhs 0xf46a7c,1
"andeq r0, r1, r0",1
"eoreq r7, fp, r0, asr ip",1
"eoreq r8, fp, r0",1
"andpl r0, r0, r0, lsl 2",1
"andeq r2, r0, r4, lsl 23",1
"andeq r2, r0, r8, lsl 23",1
"subseq r0, r0, r1",1
"andeq r0, r0, r0",1
invalid,1
"andle r0, r0, sb, lsr 32",1
invalid,1
"ldmibhs r0, {ip, lr} ^",1
invalid,1
"andeq r0, r2, r0",1
blhs 0x1d46c88,1
blhs 0x1e46abc,1
"andeq r0, r1, r0",1
"andeq r0, r0, r0, asr r0",1
"andeq r0, r0, r0",1
"eoreq sl, sb, r0, lsl 8",1
"eoreq r3, sl, r0, lsl 24",1
invalid,1
"mlaeq fp, pc, ip, r6",1
"eoreq r8, fp, r0, lsl 16",1
invalid,1
"muleq r0, pc, r0",1
"andeq r0, r0, r0",1
"eoreq ip, sl, r0, lsl 16",1
"eoreq r6, fp, r0, lsl 24",1
invalid,1
"muleq r0, pc, r0",1
"andeq r0, r0, r0",1
"eoreq ip, sl, r0, lsl 16",1
"eoreq r6, fp, r0, lsl 24",1
"andlo r0, r0, r0, lsl 4",1
"muleq r0, pc, r0",1
"andeq r0, r0, r0",1
"eoreq ip, sl, r0, lsl 16",1
"eoreq r6, fp, r0, lsl 24",1
"strvc r0, [r0], -0xa00",1
"cdpne p6, 3, c0, c12, c8, 0",1
"andhs r1, r6, 116, 8",1
"muleq r0, pc, r0",1
"andeq r0, r0, r0",1
"eoreq r1, fp, r0, lsl 8",1
"eoreq r6, fp, r0, lsl 24",1
invalid,1
"muleq r0, pc, r0",1
"andeq r0, r0, r0",1
"eoreq r1, fp, r0, lsl 8",1
"eoreq r6, fp, r0, lsl 24",1
"andlo r0, r0, r0, lsl 4",1
"muleq r0, pc, r0",1
"andeq r0, r0, r0",1
"eoreq r1, fp, r0, lsl 8",1
"eoreq r6, fp, r0, lsl 24",1
"strvc r0, [r0], -0xa00",1
"cdpne p6, 3, c0, c12, c8, 0",1
"andhs r1, r6, 116, 16",1
"muleq r0, pc, r0",1
"andeq r0, r0, r0",1
"eoreq sb, fp, r0, lsl 8",1
"eoreq sb, fp, r0, lsl 16",1
"stcvc p2, c0, [r0, -0]",1
"eoreq sb, fp, r0, lsl 16",1
"eoreq r3, ip, r0, lsl 24",1
"stcvc p2, c0, [r0, -0]",1
"andeq r0, r0, r8, lsl r0",1
"andeq r0, r0, r0",1
"eoreq sb, fp, r0, lsl 8",1
"eoreq fp, fp, r0, lsl 14",1
"andpl r0, r0, r0, lsl 2",1
"strheq r2, [r0], -r7",1
"andeq r2, r0, ip, lsr ip",1
"subseq r0, r4, r1",1
"andeq r0, r0, r0",1
"strls r0, [r0], -0",1
"strlt r0, [r0], -0x2b",1
invalid,1
blhs 0xfed5afbc,1
"ldchs p0, c0, [ip], -0",1
"andeq r0, r1, r0",1
"andeq r0, r0, r5, asr r0",1
"andeq r0, r0, r0",1
"eoreq sb, fp, r0, lsl 8",1
"eoreq fp, fp, r0, lsl 8",1
"andpl r0, r0, 0, 2",1
"strheq r2, [r0], -r4",1
"andeq r2, r0, ip, lsr ip",1
"subseq r0, r7, r1",1
"andeq r0, r0, r0",1
invalid,1
"andmi r0, r0, ip, lsr 32",1
"andeq r0, r0, 0x2c",1
"andmi r7, r0, r0, lsl 26",1
"strmi r0, [r0], -0x2c",1
"andeq r0, r0, 0x2c",1
"strtmi r7, [r4], -0xd00",1
"stmdami r0, {r2, r3, r5}",1
"andeq r0, r0, 0x2f",1
"eorseq r7, r8, r0, lsl 26",1
"andeq r0, r0, r0",1
invalid,1
"andvs r0, r0, ip, lsr 32",1
invalid,1
"stclhs p0, c5, [r0], -0",1
svchs 0x480000,1
"andeq r0, r1, r0",1
"andeq r0, r0, r4, asr r0",1
"andeq r0, r0, r0",1
"eoreq r3, ip, r0, lsl 24",1
"eoreq r6, ip, r0",1
invalid,1
"andeq r2, r0, r0, ror 24",1
"andeq r2, r0, r8, asr 30",1
invalid,1
"andeq sb, r0, r1, asr pc",1
"andeq r0, r0, r0",1
"ldchs p0, c0, [ip], -0",1
"stclhs p0, c0, [r0], -0",1
"andeq r0, r1, r0",1
"eoreq r6, ip, r2, asr r0",1
"eoreq r4, pc, r0, lsl 16",1
"vshl.u8 d0, d0, d0",1
"addseq r5, pc, r1, lsl 4",1
"andeq r0, r0, r0",1
invalid,1
"andvs r0, r0, ip, lsr 32",1
invalid,1
"stclhs p3, c5, [r0], -0",1
svchs 0x480000,1
"andeq r0, r1, r0",1
"andeq r0, r0, sb, asr r0",1
"andeq r0, r0, r0",1
"eoreq r4, ip, r0, lsl 24",1
"eoreq r6, ip, r0",1
invalid,1
"andeq r2, r0, r0, ror 24",1
"andeq r2, r0, r8, ror 24",1
"mrrcvs p0, 0, r0, r5, c1",1
"andle r0, r0, ip, lsr 32",1
invalid,1
svchs 0x145500,1
svchs 0x240000,1
"andeq r0, r1, r0",1
"andeq r0, r0, r5, asr r0",1
"andeq r0, r0, r0",1
"eoreq r4, ip, r0, lsl 24",1
"eoreq r6, ip, r0",1
"andpl r0, r0, 0, 2",1
"andeq r2, r0, r0, ror 24",1
"andeq r2, r0, r4, ror 24",1
"subsvc r0, r7, r1",1
"strmi r0, [r0], -0x2c",1
invalid,1
"stclhs p7, c5, [r8]",1
"ldclhs p0, c0, [r4]",1
"andeq r0, r1, r0",1
"eoreq r1, pc, r7, asr r4",1
"eoreq r1, pc, r0, lsl 24",1
"strpl r0, [r0, -r0, lsl 2]",1
"andeq r0, r0, r0",1
"andeq r0, r0, r0",1
"andeq r2, r0, r0, ror 24",1
"andeq r2, r0, r0, ror ip",1
"subs r0, r0, r1",1
invalid,1
invalid,1
"ldchs p0, c5, [r8, 0]!",1
"stclhs p0, c0, [r4]",1
"andeq r0, r1, r0",1
"eoreq r8, lr, r0, asr r8",1
"eoreq sb, lr, r0, lsl 16",1
"andpl r0, r0, r0, lsl 2",1
"andeq r2, r0, r0, asr 29",1
"andeq r2, r0, r8, asr 29",1
"ldrbeq r0, [r0], -1",1
"andne r0, r0, pc, lsr 32",1
invalid,1
svchs 0x2c5000,1
svchs 0x300000,1
"andeq r0, r1, r0",1
"eoreq r3, pc, r0, asr r4",1
"eoreq r3, pc, r0, lsl 16",1
"andpl r0, r0, r0, lsl 2",1
"andeq r0, r0, r0",1
"andeq r0, r0, r0",1
"andeq r2, r0, ip, asr 24",1
"andeq r2, r0, r0, ror 24",1
"ldmvc r1, {r1}",1
"andeq r2, r0, r0, ror 24",1
"andeq r2, r0, r8, asr 30",1
"subseq r0, r6, r1",1
"andeq r0, r0, r0",1
"andvs r0, r0, r0",1
invalid,1
"andeq r0, r0, 0x2c",1
"mcrrvs p1, 0, sb, ip, c0",1
"andvc r0, r0, ip, lsr 32",1
invalid,1
"vldmiahs r4, {d5}",1
"stchs p0, c0, [r0], 0",1
"andeq r0, r1, r0",1
"eoreq sl, ip, r3, asr r0",1
"eoreq pc, ip, r0",1
"mrsls r0, r8_usr",1
"eoreq r3, sp, ip, asr 32",1
"eoreq ip, sp, r0, lsl 16",1
blpl 0x471c0,1
"ldrdeq r2, r3, [r0], -r0",1
"andeq r2, r0, r4, lsl pc",1
"ldrbne r0, [r5], -1",1
invalid,1
"andeq r0, r0, 0x2f",1
"mcrrne p1, 0, sb, ip, c0",1
"strhs r0, [r0], -0x2f",1
invalid,1
svchs 0x245b00,1
svchs 0x400000,1
"andeq r0, r1, r0",1
"andeq r0, r0, r5, asr r0",1
"andeq r0, r0, r0",1
"eoreq r6, ip, r0",1
"eoreq r6, ip, r0, lsl 24",1
bpl 0x47200,1
"andeq r2, r0, ip, ror 24",1
"andeq r2, r0, r0, ror ip",1
"mrrclt p0, 0, r0, r7, c1",1
"strle r0, [r0], -0x2c",1
invalid,1
"ldclhs p0, c5, [r4], {0}",1
"ldclhs p0, c0, [r0], 0",1
"andeq r0, r1, r0",1
"eoreq sl, sp, sl, asr r0",1
"eoreq sl, sp, r0, lsl 24",1
"andpl r0, r0, r0, lsl 2",1
"andeq r2, r0, ip, lsr 27",1
"andeq r2, r0, r8, asr 27",1
"subsvc r0, r7, r1",1
invalid,1
invalid,1
"cdphs p0, 7, c5, c12, c0, 0",1
"cdphs p0, 0xb, c0, c4, c0, 0",1
"andeq r0, r1, r0",1
"eoreq lr, lr, r7, asr ip",1
"eoreq pc, lr, r0, lsl 16",1
"andpl r0, r0, r0, lsl 2",1
"strdeq r2, r3, [r0], -r8",1
"andeq r2, r0, r4, lsl pc",1
"ldrbne r0, [r7], -1",1
"stmdane r0, {r0, r1, r2, r3, r5}",1
invalid,1
svchs 0x185000,1
svchs 0x1c0000,1
"andeq r0, r1, r0",1
"eoreq r1, pc, sl, asr ip",1
"eoreq r2, pc, r0",1
"andpl r0, r0, r0, lsl 2",1
"andeq r2, r0, r0, lsr 30",1
"andeq r2, r0, r4, lsr 30",1
"ldrbhs r0, [r7], -1",1
"stmdahs r0, {r0, r1, r2, r3, r5}",1
invalid,1
svchs 0x285000,1
svchs 0x340000,1
"andeq r0, r1, r0",1
"eoreq r3, pc, r7, asr ip",1
"eoreq r4, pc, r0",1
"andpl r0, r0, r0, lsl 2",1
"andeq r0, r0, r0",1
"andeq r0, r0, r0",1
"andeq r2, r0, r0, ror 27",1
"andeq r2, r0, r4, lsl pc",1
"ldrbhs r0, [r6], -1",1
"andmi r0, r0, pc, lsr 32",1
invalid,1
"andeq r5, r0, r0, lsl 12",1
"andeq r0, r0, r0",1
"stclhs p0, c0, [r0, 0]!",1
"cdphs p0, 0xd, c0, c8, c0, 0",1
"andeq r0, r1, r0",1
"eoreq r2, pc, r5, asr r4",1
"eoreq r3, pc, r0, lsl 24",1
"strpl r0, [r0, -0x100]",1
"andeq r0, r0, r0",1
"andeq r0, r0, r0",1
"andeq r2, r0, r0, ror 27",1
"andeq r2, r0, r4, lsl pc",1
"ldrbhs r0, [r4], -1",1
"andmi r0, r0, pc, lsr 32",1
invalid,1
"andeq r5, r0, r0, lsl 8",1
"andeq r0, r0, r0",1
"stclhs p0, c0, [r8, 0]!",1
"cdphs p0, 6, c0, c4, c0, 0",1
"andeq r0, r1, r0",1
"eoreq fp, lr, r1, asr r4",1
"eoreq fp, lr, r0, lsl 30",1
invalid,1
"andeq r0, r0, r0",1
"andeq r0, r0, r0",1
"andeq r2, r0, r8, lsr 29",1
"strheq r2, [r0], -r4",1
"subseq r0, r0, r1",1
"andeq r0, r0, r0",1
invalid,1
invalid,1
"andeq r0, r0, 0x2f",1
invalid,1
"andpl r0, r0, pc, lsr 32",1
"andeq r0, r0, 0x2f",1
"eorpl r7, r4, r0, lsl 26",1
"andhi r0, r0, pc, lsr 32",1
"movweq r0, 0x31",1
"sbcseq r7, r8, r0, lsl 26",1
"andeq r0, r0, r0",1
"andeq r0, r0, r0",1
"andeq r2, r0, r8, asr 30",1
"andeq r2, r0, ip, ror pc",1
"mrrcvc p0, 0, r0, r0, c1",1
"andhi r0, r0, pc, lsr 32",1
"movweq r0, 0x31",1
svcvc 0xac9100,1
"andeq r0, r0, r0",1
"andeq r0, r0, r0",1
"andeq r2, r0, r8, asr 30",1
"andeq r2, r0, r8, ror pc",1
"ldmdavc r1, {r0} ^",1
"andhi r0, r0, pc, lsr 32",1
invalid,1
"andeq r5, r0, r0, lsl 10",1
"andeq r0, r0, r0",1
svchs 0x480000,1
svchs 0x830000,1
"andeq r0, r1, r0",1
"eoreq r8, pc, r2, asr r3",1
"eorseq r8, r1, r0",1
"mrsls r0, lr_irq",1
"andeq r7, r0, r8, lsr 31",1
"andeq r0, r0, r0",1
svchs 0x480000,1
svchs 0x700000,1
"andeq r0, r1, r0",1
"eoreq r7, pc, r3, asr r0",1
"eorseq r8, r1, r0",1
"vshl.u8 d0, d0, d0",1
"addseq r5, pc, r1, lsl 6",1
"andeq r0, r0, r0",1
"strhi r0, [r0], -0",1
"strlt r0, [r0], -0x2f",1
invalid,1
svchs 0xb45000,1
"andslo r0, r4, r0",1
"andeq r0, r3, r0",1
"ldrbtne fp, [pc], -0x91     ; [0x47008:4]=0x1000030",1
invalid,1
invalid,1
"addslo r5, r4, r0",1
"adclo r0, r0, r0",1
"andeq r0, r1, r0",1
"eorseq fp, r0, r0, asr r4",1
"eorseq sp, r0, r0, lsl 8",1
"andpl r0, r0, r0, lsl 2",1
"andeq r3, r0, r0, ror 1",1
"andeq r3, r0, r8, ror 1",1
"subsvs r0, r0, r1",1
"stmdavs r0, {r0, r4, r5}",1
invalid,1
"andeq r5, r0, r0",1
"andeq r0, r0, r0",1
"eorslo r0, r0, r0",1
"subslo r0, r4, r0",1
"andeq r0, r2, r0",1
"rsclo sb, ip, r0, lsr pc",1
invalid,1
"andeq r0, r1, r0",1
"eorseq r0, r1, r4, asr ip",1
"eorseq r1, r1, r0",1
"andlo r0, r0, r0, lsl 4",1
"muleq r0, pc, r0",1
"andeq r0, r0, r0",1
"eorseq r1, r1, r0, lsl 24",1
"eorseq r4, r1, r0, lsl 16",1
"andpl r0, r0, r0, lsl 2",1
"andeq r3, r0, r8, ror 2",1
"andeq r3, r0, r0, ror r1",1
"subseq r0, r0, r1",1
"andeq r0, r0, r0",1
"andvs r0, r0, r0",1
"strpl r0, [r0], -0x2f",1
"andeq r0, r0, 0x30",1
"addsle r3, pc, r0",1
"and r0, r0, r0, lsr r0",1
"andeq r0, r0, 0x30",1
"ldreq r3, [pc], 0x100       ; [0x470a8:4]=0x2000031",1
"andne r0, r0, r1, lsr r0",1
"andeq r0, r0, 0x31",1
"addsne r3, pc, r0",1
"andvs r0, r0, r1, lsr r0",1
invalid,1
invalid,1
invalid,1
"andeq r0, r2, r0",1
invalid,1
"cmnlo r0, r0",1
"andeq r0, r1, r0",1
"andeq r0, r0, sl, asr r0",1
"andeq r0, r0, r0",1
"eorseq r5, r0, r0, lsl 24",1
"eorseq sb, r0, r0, lsl 6",1
"andpl r0, r0, 0, 2",1
"andeq r3, r0, r0, lsr 1",1
"andeq r3, r0, r4, lsr 1",1
"subseq r0, r2, r1",1
"andeq r0, r0, r0",1
"andhi r0, r0, r0",1
"strhi r0, [r0], -0x31",1
"andeq r0, r0, 0x31",1
"strhi r7, [r0], -0xd00",1
invalid,1
"andeq r0, r0, 0x32",1
"andseq r7, r0, r0, lsl 26",1
"andeq r0, r0, r0",1
"andhi r0, r0, r0",1
"andlt r0, r0, r1, lsr r0",1
invalid,1
"movslo r5, r0",1
"movslo r0, r0",1
"andeq r0, r1, r0",1
"eorseq fp, r1, r5, asr r4",1
"eorseq ip, r1, r0, lsl 6",1
"andpl r0, r0, r0, lsl 2",1
"andeq r3, r0, r3, asr 3",1
"andeq r3, r0, ip, lsl r2",1
"subseq r0, r5, r1",1
"andeq r0, r0, r0",1
"andhi r0, r0, r0",1
"andgt r0, r0, r1, lsr r0",1
invalid,1
"biclo r5, r0, r0, lsl 2",1
"andslo r0, ip, 0",1
"andeq r0, r1, r0",1
"andeq r0, r0, r4, asr r0",1
"andeq r0, r0, r0",1
"eorseq r8, r1, r0, lsl 24",1
"eorseq fp, r1, r0",1
"andpl r0, r0, r0, lsl 2",1
"strheq r3, [r0], -r0",1
"strheq r3, [r0], -r4",1
"ldrblt r0, [r5], -1",1
"movwgt r0, 0x31",1
invalid,1
"biclo r5, r3, r0",1
"andslo r0, ip, 0",1
"andeq r0, r1, r0",1
"andeq r0, r0, r5, asr r0",1
"andeq r0, r0, r0",1
"eorseq r1, r2, r0, lsl 24",1
"eorseq r2, r2, r0",1
"stcvc p2, c0, [r0, -0]",1
"eorseq r2, r2, r0",1
"eorseq r2, r2, r0, lsl 8",1
"stcvc p2, c0, [r0, -0]",1
"eorseq r2, r2, r4, lsr 8",1
"eorseq r1, r8, r0",1
"stcvc p3, c0, [r0, -0]",1
"strdeq r0, r1, [r0], -r8",1
"andeq r0, r0, r0",1
"andslo r0, ip, 0",1
"rsbslo r0, r0, 0",1
"andeq r0, r1, r0",1
"eorseq r7, r2, r0, asr r0",1
"eorseq r3, r4, r0, lsl 16",1
"strpl r0, [r0], -0x100",1
"andeq r3, r0, r8, lsr r4",1
"andeq r3, r0, r0, asr 8",1
"subsmi r0, r0, r1",1
"andne r0, r0, r4, lsr r0",1
invalid,1
"andeq r5, r0, r0, lsl 8",1
"andeq r0, r0, r0",1
"movtlo r0, 0x4000",1
"movtlo r0, 0xc000",1
"andeq r0, r1, r0",1
"eorseq r3, r4, r5, asr ip",1
"eorseq lr, r7, r0",1
"strpl r0, [r0], -r0, lsl 2",1
"andeq r0, r0, r0",1
"andeq r0, r0, r0",1
"andeq r3, r0, ip, lsr 4",1
"andeq r3, r0, r8, ror r3",1
"ldmdavc r5, {r0} ^",1
"stmdage r0, {r0, r1, r4, r5}",1
invalid,1
invalid,1
"ldrlo r0, [ip], -0",1
"andeq r0, r1, r0",1
"eorseq r1, r4, r5, asr ip",1
"eorseq r2, r4, r0",1
invalid,1
"andeq r3, r0, r0, lsr 8",1
"andeq r3, r0, r8, ror r6",1
"ldmdavc r5, {r0} ^",1
"strhi r0, [r0], -0x36",1
invalid,1
"strlo r5, [r4], r0, lsl 20",1
"ldrbtlo r0, [r8], r0",1
"andeq r0, r1, r0",1
"eorseq pc, r6, r5, asr r8",1
"eorseq r2, r7, r0, lsl 16",1
"movwpl r0, 0x100",1
"andeq r3, r0, ip, lsr 14",1
"muleq r0, r8, r7",1
"ldmdals r5, {r0} ^",1
"andlt r0, r0, r7, lsr r0",1
invalid,1
"ldrlo r5, [r0, r0, lsl 6]!",1
"strblo r0, [r4, r0]",1
"andeq r0, r1, r0",1
"eorseq ip, r7, r5, asr r4",1
"eorseq ip, r7, r0, lsl 16",1
"movwpl r0, 0x100",1
"andeq r3, r0, r8, asr 15",1
"andeq r3, r0, r0, lsl r8",1
"subseq r0, r5, r1",1
"andeq r0, r0, r0",1
invalid,1
"andvc r0, r0, r2, lsr r0",1
invalid,1
"ldrbtlo r5, [r8], -r0, lsl 14",1
invalid,1
"andeq r0, r1, r0",1
"andeq r0, r0, r7, asr r0",1
"andeq r0, r0, r0",1
"eorseq ip, r2, r0, lsl 16",1
"eorseq lr, r2, r0",1
"strvc r0, [r0, -r0, lsl 12]",1
invalid,1
"mlaseq r2, pc, r0, lr",1
"eorseq lr, r2, r0, lsl 14",1
"andpl r0, r0, 0, 2",1
"andeq r3, r0, r7, ror 5",1
"andeq r3, r0, ip, ror r3",1
"rsbseq r0, r7, r6",1
svcls 0x1c0075,1
"andeq r3, r0, ip, ror r3",1
"andeq r3, r0, r8, lsr 7",1
"ldmdage r0, {r0} ^",1
"vst4.8 {d0, d1, d2, d3}, [r0:0x100], r3",1
invalid,1
"strvc r7, [r0, -0x700]",1
invalid,1
"stmdaeq r0, {r0, r1, r4, r5}",1
"stmdaeq r0, {r2, r4, r5}",1
"strvc r7, [r0, -0x700]",1
invalid,1
"mlaseq r4, pc, r8, r0",1
"eorseq r1, r4, r0, lsl 24",1
"strvc r0, [r0, -r0, lsl 12]",1
invalid,1
"mlaseq r4, pc, ip, r1",1
"eorseq r2, r4, r0",1
"andpl r0, r0, r0, lsl 2",1
"andeq r3, r0, r4, asr 8",1
"strdeq r3, r4, [r0], -r7",1
invalid,1
"andvc r0, r0, r4, lsr r0",1
invalid,1
"strvc r7, [r0, -0x700]",1
"ldrhi r1, [pc], 0xc00       ; [0x47364:4]=0x6000036",1
invalid,1
invalid,1
"strvc r7, [r0, -0x700]",1
"ldc2 p12, c1, [pc], {0}",1
invalid,1
invalid,1
"strlo r5, [ip, -r0, lsl 10]!",1
"strblo r0, [r4, r0]",1
"andeq r0, r6, r0",1
"rsbseq r0, r5, r7, ror r0",1
invalid,1
invalid,1
"andeq r0, r6, r0",1
"rsbseq r0, r5, r7, ror r0",1
"stmdalo r4, {r2, r3, r4, r8, sb, sl, fp, ip, pc}",1
invalid,1
"andeq r0, r8, r0",1
"rsbseq r0, r5, r7, ror r0",1
svcls 0x1231c,1
"andeq r0, r0, r0",1
"andeq r0, r0, r0",1
"andeq r3, r0, ip, ror 5",1
"strdeq r3, r4, [r0], -ip",1
"mrrc2 p0, 0, r0, r0, c1",1
"stmdage r0, {r1, r4, r5}",1
invalid,1
invalid,1
"strlo r0, [r0], -0",1
"andeq r0, r1, r0",1
"eorseq r0, r4, r0, asr r0",1
"eorseq r0, r4, r0, lsl 16",1
bpl 0x477e4,1
"andeq r3, r0, r8, lsl 8",1
"andeq r3, r0, r4, lsl r4",1
"ldrbne r0, [r0], -1",1
"andhs r0, r0, r4, lsr r0",1
invalid,1
"ldrbtlo r5, [ip], 0xa00",1
"strlo r0, [ip, -0]",1
"andeq r0, r1, r0",1
"eorseq r0, r5, r0, asr ip",1
"eorseq r2, r7, r0, lsl 24",1
"stmdapl r0, {r8}",1
"andeq r3, r0, ip, lsr 14",1
"andeq r3, r0, r8, lsr 15",1
"ldmdage r0, {r0} ^",1
"andlt r0, r0, r7, lsr r0",1
invalid,1
"ldrlo r5, [r0, r0, lsl 16]!",1
"ldrlo r0, [ip, r0]!",1
"andeq r0, r1, r0",1
"eorseq fp, r7, r0, asr ip",1
"eorseq ip, r7, r0, lsl 16",1
"stmdapl r0, {r8}",1
"andeq r3, r0, r0, ror 15",1
"andeq r3, r0, r8, lsl 16",1
"subseq r0, r0, r1",1
"andeq r0, r0, r0",1
"andvc r0, r0, r0",1
"stmdalo r0, {r1, r4, r5}",1
"movweq r0, 0x34",1
svcvc 0x849100,1
"andeq r3, r0, r0, asr 8",1
"andeq r3, r0, r0, lsl r8",1
"ldrhi r0, [r1], 3",1
"andeq r0, r0, pc, ror r0",1
"andeq r0, r0, r0",1
"eorseq pc, r2, r0, lsl 16",1
"eorseq r1, r3, r0, lsl 8",1
"stmdbpl r0, {r8}",1
"andeq r3, r0, r4, lsl r3",1
"andeq r3, r0, r8, lsl r3",1
"ldmdane r0, {r0} ^",1
"stmdage r0, {r0, r1, r4, r5}",1
invalid,1
"ldrlo r5, [ip], -0x900",1
"strtlo r0, [r0], -0",1
"andeq r0, r1, r0",1
"andeq r0, r0, sb, asr r0",1
"andeq r0, r0, r0",1
"eorseq r1, r3, r0, lsl 8",1
"eorseq r2, r3, r0",1
"mrsls r0, lr_irq",1
invalid,1
invalid,1
"andeq r0, r1, r0",1
"eorseq r2, r3, r2, asr r3",1
"eorseq r4, r3, r0, lsl 24",1
"mrsls r0, lr_irq",1
"andeq sb, r0, r8, asr 30",1
"andeq r0, r0, r0",1
"tstlo r4, 0",1
"tstlo r8, 0",1
"andeq r0, r1, r0",1
"eorseq r1, r3, r0, asr r8",1
"eorseq r4, r3, r0, lsl 24",1
"stmdbpl r0, {r8}",1
"andeq r0, r0, r0",1
"andeq r0, r0, r0",1
"andeq r3, r0, r4, lsl r3",1
"andeq r3, r0, r8, lsl r3",1
"ldmhi r1, {r2}",1
"tstlo r8, 0x1fc",1
invalid,1
"andeq r0, r1, r0",1
"eorseq r2, r3, r0, asr r3",1
"eorseq r3, r3, r0, lsl 16",1
invalid,1
"ldmlo pc, {r3, r7, r8, sb, sl, fp, ip, sp, lr}",1
svclo 0x33,1
invalid,1
"teqlo pc, 0, 2",1
"movtlo r0, 0xc000",1
"andeq r0, r4, r0",1
svcls 0x7f8891,1
"andeq r0, r0, r0",1
"andeq r0, r0, r0",1
"andeq r3, r0, ip, lsr 6",1
"andeq r3, r0, r4, asr 6",1
"subseq r0, sl, r1",1
"andeq r0, r0, r0",1
invalid,1
"stmdalo r0, {r0, r1, r4, r5}",1
"streq r0, [r0], -0x33",1
svcvc 0x889100,1
"mlaseq r3, pc, r8, r3",1
"eorseq r3, r3, r0, lsl 30",1
invalid,1
"andeq r3, r0, pc, lsr r3",1
"andeq r3, r0, r4, asr 6",1
"ldmhi r1, {r2}",1
"andeq sb, r0, pc, ror pc",1
"andeq r0, r0, r0",1
invalid,1
"teqlo r4, 0",1
"andeq r0, r7, r0",1
"strvc r0, [r6, -0x474]",1
"ldrlo r2, [pc], 0x200       ; [0x4758c:4]=0x1000033",1
svclo 0x33,1
invalid,1
"andeq r5, r0, r0",1
"andeq r0, r0, r0",1
"movtlo r0, 0xc000",1
invalid,1
"andeq r0, r1, r0",1
"andeq r0, r0, sl, asr r0",1
"andeq r0, r0, r0",1
"eorseq r4, r3, r0, lsl 24",1
"eorseq r6, r3, r0, lsl 22",1
"strvc r0, [r0], -0xb00",1
"rsbseq r0, r5, r0, lsl 12",1
"ldreq r7, [r8], -r2, lsr 8",1
"andeq sb, r0, r2, lsr 30",1
"andeq r0, r0, r0",1
"movtlo r0, 0xc000",1
invalid,1
"andeq r0, r7, r0",1
"strvc r0, [r6, -0x474]",1
"addsvs r2, pc, r0, lsl 4",1
blvs 0x476b0,1
invalid,1
"andeq r5, r0, r0",1
"andeq r0, r0, r0",1
"adclo r0, r4, 0",1
"sbclo r0, r8, 0",1
"andeq r0, fp, r0",1
invalid,1
"eorvc r3, r4, sl, lsl r2",1
"eoreq r0, r2, r0, lsl 12",1
"andeq r0, r0, r0",1
"and r0, r0, r0",1
"stmdaeq r0, {r0, r1, r4, r5}",1
invalid,1
"stmdaeq r0, {r8, sb, ip, sp, lr}",1
invalid,1
"stmdaeq r0, {r0, r1, r2, r4, r5}",1
invalid,1
"stmdaeq r0, {r8, sb, ip, sp, lr}",1
"ldrsheq r1, [pc], pc        ; [0x47630:4]=0x40000000",1
"andeq r0, r0, r0",1
"andmi r0, r0, r0",1
"and r0, r0, r4, lsr r0",1
"movweq r0, 0x37",1
svcvc 0x849100,1
"andeq r3, r0, r8, lsl 16",1
"andeq r3, r0, r0, lsl r8",1
"ldrhi r0, [r1], 3",1
"andeq r0, r0, pc, ror r0",1
"andeq r0, r0, r0",1
"eorseq sp, r4, r0",1
"eorseq sp, r4, r0, lsl 8",1
bpl 0x47a64,1
"andeq r3, r0, r8, ror 9",1
"andeq r3, r0, r4, ror 10",1
"ldrbhi r0, [sl], -1",1
"stmdagt r0, {r1, r2, r4, r5}",1
invalid,1
"andeq r5, r0, r0, lsl 20",1
"andeq r0, r0, r0",1
"strbtlo r0, [r0], -0",1
"strlo r0, [ip], 0",1
"andeq r0, r2, r0",1
"strtlo sb, [r4], 0xf30",1
"strblo r0, [r0], 0",1
"andeq r0, r1, r0",1
"eorseq sp, r4, r3, asr r4",1
"eorseq lr, r4, r0, lsl 8",1
"andlo r0, r0, r0, lsl 4",1
"mlaseq r4, pc, r4, lr",1
"eorseq lr, r4, r0, lsl 16",1
"movwpl r0, 0x100",1
"andeq r0, r0, r0",1
"andeq r0, r0, r0",1
"andeq r3, r0, ip, lsl 9",1
"muleq r0, r0, r4",1
"rsbseq r0, sl, lr",1
"stmdavc r2!, {r0, r4, r5, r6}",1
"orrseq r2, r4, r0, lsl 4",1
svcls 0x1aff08,1
"muleq r0, r4, r4",1
"muleq r0, ip, r4",1
"subseq r0, r1, r1",1
"andeq r0, r0, r0",1
invalid,1
"strhs r0, [r0], -0x35",1
invalid,1
"strlo r5, [r4, -0xb00]!",1
"strlo r0, [r8, -0]!",1
"andeq r0, r1, r0",1
"eorseq r2, r5, r0, asr r8",1
"eorseq r2, r7, r0, lsl 24",1
blpl 0x47b04,1
"andeq r0, r0, r0",1
"andeq r0, r0, r0",1
"andeq r3, r0, r4, lsr 10",1
"andeq r3, r0, r0, lsr r5",1
"ldmmi r1, {r0, r1}",1
"mlaseq r5, pc, r0, r3",1
"eorseq r3, r5, r0, lsl 6",1
"andpl r0, r0, 0, 2",1
"andeq r3, r0, r3, lsr r5",1
"muleq r0, ip, r6",1
"ldmmi r1, {r0, r1}",1
"muleq r0, pc, r0",1
"andeq r0, r0, r0",1
"eorseq r2, r5, r0, lsl 8",1
"eorseq r2, r5, r0, lsl 16",1
"andpl r0, r0, r0, lsl 2",1
"andeq r3, r0, r8, lsr 10",1
"muleq r0, ip, r6",1
"subseq r0, fp, r1",1
"andeq r0, r0, r0",1
"strhs r0, [r0], -0",1
"stmdahs r0, {r0, r2, r4, r5}",1
"streq r0, [r0], -0x35",1
svcvc 0x889100,1
"mlaseq r5, pc, r8, r2",1
"eorseq r3, r5, r0, lsl 6",1
"andpl r0, r0, r0, lsl 2",1
"andeq r3, r0, r3, lsr r5",1
"andeq r3, r0, ip, asr 10",1
"ldmhi r1, {r2}",1
"strblo sb, [ip, -0xf7f]",1
"ldrblo r0, [r3, -0]",1
"andeq r0, r1, r0",1
"eorseq r5, r5, r1, asr r3",1
"eorseq lr, r5, r0, lsl 8",1
invalid,1
"ldr r7, [pc], 0xf88         ; [0x47798:4]=0x1000035",1
bl 0x47870,1
invalid,1
"strblo r5, [fp, 0x100]!",1
"ldrlo r0, [ip], r0",1
"andeq r0, r4, r0",1
svcls 0x7f8891,1
"andeq r0, r0, r0",1
"andeq r0, r0, r0",1
"andeq r3, r0, r0, asr 10",1
"andeq r3, r0, r8, asr r5",1
"subseq r0, r8, r1",1
"andeq r0, r0, r0",1
"andmi r0, r0, r0",1
invalid,1
"streq r0, [r0], -0x35",1
svcvc 0x889100,1
"mlaseq r5, pc, ip, r4",1
"eorseq r5, r5, r0, lsl 6",1
invalid,1
"andeq r3, r0, r3, asr r5",1
"andeq r3, r0, r8, asr r5",1
"ldmhi r1, {r2}",1
"andeq sb, r0, pc, ror pc",1
"andeq r0, r0, r0",1
"strblo r0, [r0, -0]",1
"strblo r0, [r8, -0]",1
"andeq r0, r7, r0",1
"strvc r0, [r6, -0x474]",1
"ldmmi pc, {sb, sp}",1
"movwpl r0, 0x35",1
invalid,1
"andeq r5, r0, r0",1
"andeq r0, r0, r0",1
"ldrlo r0, [r4, 0]!",1
"ldrlo r0, [ip, 0]!",1
"andeq r0, r2, r0",1
"strblo sb, [r8, 0xf30]",1
"ldrblo r0, [r0]",1
"andeq r0, r1, r0",1
"eorseq pc, r5, r3, asr ip",1
"eorseq r1, r6, r0, lsl 8",1
"mrslo r0, r8_usr",1
"mlaseq r6, pc, ip, r3",1
"eorseq r4, r6, r0, lsl 16",1
"movwpl r0, 0x100",1
"andeq r0, r0, r0",1
"andeq r0, r0, r0",1
"ldrdeq r3, r4, [r0], -r8",1
"andeq r3, r0, ip, asr 12",1
"subseq r0, sb, r1",1
"andeq r0, r0, r0",1
invalid,1
"str r0, [r0], -0x35",1
"streq r0, [r0], -0x35",1
svcvc 0x889100,1
"mlaseq r5, pc, r4, lr",1
"eorseq lr, r5, r0, lsl 22",1
invalid,1
"andeq r3, r0, fp, ror 11",1
"andeq r3, r0, r4, lsl 13",1
"ldmhi r1, {r2}",1
"andeq sb, r0, pc, ror pc",1
"andeq r0, r0, r0",1
"ldrblo r0, [r8]",1
"strblo r0, [r0, 0]!",1
"andeq r0, r7, r0",1
"strvc r0, [r6, -0x474]",1
"adds r2, pc, r0, lsl 4",1
bl 0x47980,1
invalid,1
"andeq r5, r0, r0",1
"andeq r0, r0, r0",1
"strlo r0, [r4], r0",1
"ldrlo r0, [ip], r0",1
"andeq r0, r1, r0",1
"andeq r0, r0, r8, asr r0",1
"andeq r0, r0, r0",1
"eorseq r8, r6, r0, lsl 8",1
"eorseq sb, r6, r0, lsl 24",1
bpl 0x47cd8,1
"andeq r0, r0, r0",1
"andeq r0, r0, r0",1
"andeq r3, r0, r4, lsl 13",1
"andeq r3, r0, ip, lsl 13",1
"ldrbteq r0, [r4], -7",1
"andhs r7, r0, 0x1800000",1
"mlaseq r6, pc, ip, r8",1
"eorseq sb, r6, r0, lsl 14",1
"andpl r0, r0, r0, lsl 2",1
"andeq r0, r0, r0",1
"andeq r0, r0, r0",1
"muleq r0, ip, r6",1
"strheq r3, [r0], -r0",1
"subseq r0, r8, r1",1
"andeq r0, r0, r0",1
invalid,1
"andlt r0, r0, r6, lsr r0",1
invalid,1
"andeq r5, r0, r0, lsl 20",1
"andeq r0, r0, r0",1
"ldrlo r0, [ip], r0",1
"strtlo r0, [r4], r0",1
"andeq r0, r7, r0",1
"strvc r0, [r6, -0x474]",1
"ldrge r2, [pc], 0x200       ; [0x4793c:4]=0x1000036",1
svcge 0x36,1
invalid,1
"andeq r5, r0, r0",1
"andeq r0, r0, r0",1
"ldrtlo r0, [ip], r0",1
"ldrblo r0, [r0], r0",1
"andeq r0, r2, r0",1
"andeq sb, r0, r0, lsr pc",1
"andeq r0, r0, r0",1
"strblo r0, [r4, -r0]!",1
"ldrblo r0, [r0, -r0]!",1
"andeq r0, r1, r0",1
"eorseq r7, r7, r2, asr r0",1
"eorseq sb, r7, r0, lsl 16",1
"movwpl r0, 0x100",1
"muleq r0, r8, r7",1
"andeq r3, r0, r0, lsr 15",1
"rsbseq r0, r5, r7",1
"rsbseq r2, r2, r2, lsr r4",1
"eorseq sl, r7, r2, lsr 32",1
"eorseq fp, r7, r0",1
"strvc r0, [r0, -0x800]",1
"strtvc r3, [r4], -0x200",1
"eoreq r0, r2, r8, lsl 12",1
"andeq r0, r0, r0",1
"andne r0, r0, r0",1
"strne r0, [r0], -0x38",1
"andeq r0, r0, 0x38",1
"strne r7, [r0], -0xd00",1
"stmdagt r0, {r3, r4, r5}",1
"andeq r0, r0, 0x38",1
"eoreq r7, r0, r0, lsl 26",1
"andeq r0, r0, r0",1
"andne r0, r0, r0",1
"smladxlo r0, r8, r0, r0",1
invalid,1
"ldmdalo r7!, {ip, lr}",1
invalid,1
"andeq r0, r1, r0",1
"andeq r0, r0, r5, asr r0",1
"andeq r0, r0, r0",1
"eorseq r2, r8, r0, lsl 24",1
"eorseq fp, r8, r0, lsl 16",1
"strpl r0, [r0], -0x100",1
"andeq r0, r0, r0",1
"andeq r0, r0, r0",1
"andeq r3, r0, r4, asr r8",1
"andeq r3, r0, r0, ror 16",1
"subsvs r0, r2, r1",1
svchi 0x38,1
invalid,1
"stmlo pc, {r8, sb, ip, lr}",1
invalid,1
"andeq r0, r1, r0",1
"eorseq sl, r8, sl, asr r0",1
"eorseq sl, r8, r0, lsl 16",1
"movwpl r0, 0x100",1
"andeq r3, r0, r8, lsr 17",1
"strheq r3, [r0], -r8",1
"subseq r0, sl, r1",1
"andeq r0, r0, r0",1
invalid,1
"andge r0, r0, r8, lsr r0",1
invalid,1
"andeq r5, r0, r0, lsl 6",1
"andeq r0, r0, r0",1
invalid,1
invalid,1
"andeq r0, r1, r0",1
"eorseq r8, r8, r3, asr pc",1
"eorseq sl, r8, r0",1
bpl 0x47e5c,1
"andeq r0, r0, r0",1
"andeq r0, r0, r0",1
"andeq r3, r0, r8, asr 17",1
"andeq r3, r0, ip, asr 17",1
"rsbseq r0, sp, r2",1
"andeq r3, r0, ip, asr 17",1
"andeq r3, r0, r0, lsr 19",1
"rsbsne r0, sp, r2",1
"andeq r0, r0, r0",1
"andeq r0, r0, r0",1
"andeq r3, r0, r8, asr 17",1
"strdeq r3, r4, [r0], -r7",1
invalid,1
invalid,1
invalid,1
"stmiblo ip, {sl, ip, lr}",1
invalid,1
"andeq r0, r1, r0",1
"eorseq sb, sb, r0, asr r4",1
"eorseq sl, sb, r0",1
"strpl r0, [r0], -0x100",1
"andeq r0, r0, r0",1
"andeq r0, r0, r0",1
"andeq r3, r0, r8, asr 17",1
"strdeq r3, r4, [r0], -r4",1
invalid,1
invalid,1
"streq r0, [r0], -0x39",1
"mrspl pc, sp_irq",1
"mlaseq sb, pc, ip, r8",1
"eorseq sb, sb, r0, lsl 8",1
invalid,1
"muleq r0, r4, sb",1
"andeq r3, r0, r0, lsr 19",1
invalid,1
"andeq sb, r0, r1, asr pc",1
"andeq r0, r0, r0",1
invalid,1
invalid,1
"andeq r0, r1, r0",1
"eorseq r0, sb, r0, asr r4",1
"eorseq r4, sb, r0, lsl 24",1
"strpl r0, [r0, -0x100]",1
"andeq r3, r0, ip, asr 18",1
"andeq r3, r0, r0, asr sb",1
"subspl r0, r0, r1",1
invalid,1
invalid,1
"ldmiblo r4, {r8, sl, ip, lr}",1
invalid,1
"andeq r0, r1, r0",1
"andeq r0, r0, r5, asr r0",1
"andeq r0, r0, r0",1
"eorseq sp, r8, r0",1
"eorseq pc, r8, r0, lsl 14",1
"andpl r0, r0, r0, lsl 2",1
"strdeq r3, r4, [r0], -r7",1
"andeq r3, r0, ip, lsl 19",1
"mrrchi p0, 0, r0, r4, c1",1
"strls r0, [r0], -0x39",1
invalid,1
"ldmiblo r4, {ip, lr}",1
invalid,1
"andeq r0, r1, r0",1
"andeq r0, r0, r4, asr r0",1
"andeq r0, r0, r0",1
"eorseq r1, sb, r0, lsl 24",1
"eorseq r2, sb, r0, lsl 16",1
"andpl r0, r0, r0, lsl 2",1
"muleq r0, r4, sb",1
"muleq r0, r8, sb",1
"subseq r0, r0, r1",1
"andeq r0, r0, r0",1
"andge r0, r0, r0",1
"strge r0, [r0], -0x39",1
"andeq r0, r0, 0x39",1
"strge r7, [r0], -0xd00",1
invalid,1
"andeq r0, r0, 0x3a",1
"andseq r7, r0, r0, lsl 26",1
"andeq r0, r0, r0",1
"andge r0, r0, r0",1
"str r0, [r0], -0x39",1
invalid,1
"stmiblo r4!, {ip, lr} ^",1
blo 0xb47bb4,1
"andeq r0, r1, r0",1
"andeq r0, r0, r4, asr r0",1
"andeq r0, r0, r0",1
"eorseq sl, sb, r0",1
"eorseq lr, sb, r0, lsl 16",1
invalid,1
"andeq r3, r0, r8, ror 19",1
"andeq r3, r0, ip, lsr 20",1
"subseq r0, r5, r1",1
"andeq r0, r0, r0",1
invalid,1
"vst4.8 {d0, d1, d2, d3}, [r0:0x100], sb",1
invalid,1
"andeq r5, r0, r0",1
"andeq r0, r0, r0",1
invalid,1
blo 0x547bf8,1
"andeq r0, r8, r0",1
"rsbseq r0, r6, r5, ror r0",1
svcls 0x24321c,1
"andeq r3, r0, r4, lsl sl",1
"andeq r3, r0, r7, lsl sl",1
"ldrbne r0, [r2, -r1]",1
"strhs r0, [r0], -0x3a",1
"stmdaeq r0, {r1, r3, r4, r5}",1
"strvc r7, [r0], -r0, lsl 10",1
"ldrths r1, [r2], -0xc00",1
"muleq r0, pc, r0",1
"andeq r0, r0, r0",1
"eorseq pc, sb, r0, lsl 24",1
"eorseq r2, sl, r0, lsl 8",1
"andlo r0, r0, r0, lsl 4",1
"muleq r0, pc, r0",1
"andeq r0, r0, r0",1
"eorseq pc, sb, r0, lsl 24",1
"eorseq r1, sl, r0, lsl 14",1
"strvc r0, [r0], -r0, lsl 20",1
"strtvc r3, [r4], -0x201",1
"andhs r0, r6, 0xe4",1
"muleq r0, pc, r0",1
"andeq r0, r0, r0",1
"eorseq r2, sl, r0, lsl 24",1
"eorseq r3, sl, r0",1
"stcvc p2, c0, [r0, -0]",1
"eorseq r3, sl, r0",1
"eorseq r3, sl, r0, lsl 8",1
"stcvc p2, c0, [r0, -0]",1
"eorseq r3, sl, r8, lsl r4",1
"subeq r3, r4, r0, lsl 24",1
"stcvc p2, c0, [r0, -0]",1
"andeq r0, r0, r0, lsr 32",1
"andeq r0, r0, r0",1
"eorseq r2, sl, r0, lsl 24",1
"eorseq r5, sl, r0, lsl 16",1
"andpl r0, r0, r0, lsl 2",1
"andeq r3, r0, r8, asr sl",1
"andeq r3, r0, ip, asr sl",1
"mrrcpl p0, 0, r0, r5, c1",1
"stmdalt r0, {r1, r3, r4, r5}",1
invalid,1
blo 0xfee5bca8,1
blo 0xfef47cac,1
"andeq r0, r1, r0",1
"eorseq fp, sl, r5, asr ip",1
"eorseq sp, sl, r0",1
"andpl r0, r0, r0, lsl 2",1
"ldrdeq r3, r4, [r0], -r0",1
"andeq r3, r0, ip, lsl 31",1
"mrrchi p0, 0, r0, r5, c1",1
"strge r0, [r0], -0x3f",1
invalid,1
svclo 0xa45000,1
svclo 0xe40000,1
"andeq r0, r1, r0",1
"eorseq lr, pc, r5, asr r4",1
"eorseq lr, pc, r0, lsl 14",1
"andpl r0, r0, r0, lsl 2",1
"andeq r3, r0, r7, ror 31",1
"andeq r4, r0, ip, lsr r4",1
"subseq r0, r5, r1",1
"andeq r0, r0, r0",1
invalid,1
"stmdami r0, {r1, r3, r4, r5}",1
invalid,1
blo 0x125c108,1
bllo 0xfe547d0c,1
"andeq r0, r1, r0",1
"eorseq sb, fp, r4, asr r4",1
"eorseq ip, fp, r0, lsl 16",1
"vshl.u8 d0, d0, d0",1
"ldmgt pc, {r0, r8, ip, lr}",1
"streq r0, [r0], -0x3b",1
invalid,1
invalid,1
svclo 0x8c0000,1
"andeq r0, r4, r0",1
svcls 0x5101f3,1
"andeq r3, r0, ip, lsl 31",1
"ldrdeq r4, r5, [r0], -r0",1
"subsle r0, r4, r1",1
invalid,1
"streq r0, [r0], -0x43",1
"mrspl pc, sp_irq",1
"umaaleq pc, r3, pc, r8",1
"subeq r2, r4, r0, lsl 24",1
"strpl r0, [r0], -0x100",1
"andeq r4, r0, ip, lsr 8",1
"andeq r4, r0, ip, lsr r4",1
invalid,1
"andeq sb, r0, r1, asr pc",1
"andeq r0, r0, r0",1
blo 0xb47d74,1
blo 0x1847d78,1
"andeq r0, r1, r0",1
"eorseq r6, sl, r2, asr r0",1
"eorseq r5, pc, r0, lsl 16",1
"strpl r0, [r0, -r0, lsl 2]",1
"andeq r3, r0, r8, asr pc",1
"andeq r3, r0, r0, ror pc",1
invalid,1
svclo 0x709f52,1
svclo 0x740000,1
"andeq r0, r1, r0",1
"eorseq r7, pc, r7, asr r4",1
"eorseq r8, pc, r0, lsl 24",1
"vshl.u8 d0, d0, d0",1
"ldchi p2, c5, [pc], {1}",1
"andhs r0, r0, pc, lsr r0",1
invalid,1
"eormi r5, r0, 0, 14",1
"eorsmi r0, r8, 0",1
"andeq r0, r4, r0",1
svcls 0x5201f3,1
"andeq r4, r0, r8, lsr r2",1
"andeq r4, r0, ip, lsl 5",1
"mrrchi p0, 0, r0, r7, c1",1
"strge r0, [r0], -0x42",1
"streq r0, [r0], -0x42",1
"andpl pc, r1, 0, 6",1
"umaaleq sl, r2, pc, r4",1
"subeq sl, r2, r0, lsl 16",1
"strpl r0, [r0, -r0, lsl 2]",1
"andeq r4, r0, r8, lsr 5",1
"andeq r4, r0, r0, asr 5",1
invalid,1
"sbcmi sb, r0, 0x148",1
invalid,1
"andeq r0, r1, r0",1
"subeq lr, r3, r7, asr r8",1
"subeq pc, r3, r0, lsl 16",1
"vshl.u8 d0, d0, d0",1
invalid,1
"andeq r0, r0, r3, asr 32",1
invalid,1
"strmi r5, [r0], -0x700",1
"ldrmi r0, [r8], -0",1
"andeq r0, r4, r0",1
svcls 0x5201f3,1
"andeq r4, r0, r8, lsl r4",1
"andeq r4, r0, ip, lsr 8",1
"mrrchs p0, 0, r0, r7, c1",1
invalid,1
"streq r0, [r0], -0x44",1
"andpl pc, r1, 0, 6",1
"muleq r0, pc, r0",1
"andeq r0, r0, r0",1
"eorseq r6, sl, r0, lsl 8",1
"eorseq r6, sl, r0, lsl 24",1
"andvc r0, r0, 0, 10",1
"andhs r7, r0, 0, 6",1
"andeq r3, r0, ip, ror 20",1
"andeq r3, r0, r4, lsl 21",1
"rsbseq r0, r2, r6",1
"andhs r2, r6, 116, 16",1
"andeq r3, r0, r4, lsl 21",1
"andeq r3, r0, pc, lsl 23",1
"ldrbteq r0, [r4], -7",1
"strteq r7, [r8], -r6, lsl 8",1
"eorseq ip, fp, r2, lsr 16",1
"eorseq ip, fp, r0, lsl 22",1
"strvc r0, [r0], -0x700",1
"ldmdahs r4!, {r2, sb, sl} ^",1
svclo 0x8c2206,1
svclo 0xab0000,1
"andeq r0, r7, r0",1
"strvc r0, [r6], -0x474",1
blge 0x8c9740,1
"str r0, [r0], -0x3f",1
invalid,1
svclo 0xe45600,1
svclo 0xe70000,1
"andeq r0, r7, r0",1
"strvc r0, [r6], -0x474",1
"str r0, [r2, -r8, lsr 12]!",1
"stmdahs r0, {r0, r1, r2, r3, r4, r5}",1
invalid,1
"eormi r5, r8, r0, lsl 12",1
"bicsmi r0, r0, 0",1
"andeq r0, r3, r0",1
invalid,1
"stmdane r0, {r0, r1, r6}",1
"movweq r0, 0x44",1
svcls 0xa7600,1
"andeq r4, r0, r8, lsl r4",1
"andeq r4, r0, ip, lsr 8",1
"ldrbteq r0, [r4], -7",1
"strteq r7, [r8], -r6, lsl 8",1
"andeq r0, r0, r2, lsr 32",1
"andeq r0, r0, r0",1
"eorseq lr, sl, r0, lsl 8",1
"eorseq r8, pc, r0, lsl 24",1
"mrslo r0, r8_usr",1
"umaaleq sp, r3, pc, r0",1
"subeq pc, r3, r0, lsl 16",1
"mrslo r0, r8_usr",1
"umaaleq r1, r4, pc, r8",1
"subeq r2, r4, r0, lsl 24",1
"mrslo r0, r8_usr",1
"muleq r0, pc, r0",1
"andeq r0, r0, r0",1
"eorseq lr, sl, r0, lsl 8",1
"eorseq sb, fp, r0, lsl 8",1
"strpl r0, [r0], -0x100",1
"muleq r0, r4, fp",1
"andeq r3, r0, r8, asr 23",1
invalid,1
bllo 0xff26fc84,1
invalid,1
"andeq r0, r1, r0",1
"eorseq r0, ip, r4, asr r4",1
"eorseq r8, pc, r0, lsl 24",1
"vshl.u8 d0, d0, d0",1
"addsle r5, pc, r1, lsl 2",1
invalid,1
"streq r0, [r0], -0x43",1
"mrspl pc, sp_irq",1
"umaaleq r1, r4, pc, r8",1
"subeq r2, r4, r0, lsl 24",1
"strpl r0, [r0], -0x100",1
"andeq r0, r0, r0",1
"andeq r0, r0, r0",1
"andeq r3, r0, ip, asr fp",1
"andeq r3, r0, r8, ror 22",1
"rsbseq r0, r6, r6",1
svcls 0x1aff08,1
"andeq r4, r0, r8, lsr 8",1
"andeq r4, r0, ip, lsr 8",1
"rsbseq r0, r6, r6",1
svcls 0x1aff08,1
"andeq r0, r0, r0",1
"andeq r0, r0, r0",1
"andeq r3, r0, r8, lsr fp",1
"andeq r3, r0, r8, asr 22",1
"ldmdami r2, {r0} ^",1
"strpl r0, [r0], -0x3b",1
"smladxeq r0, fp, r0, r0",1
"andlo r7, r0, 0, 4",1
"andhs r7, r0, 36, 6",1
"andeq r3, r0, r4, asr fp",1
"andeq r3, r0, r8, asr fp",1
"ldmdapl r1, {r0} ^",1
"stmdavs r0, {r0, r1, r3, r4, r5}",1
"stmdaeq r0, {r0, r1, r3, r4, r5}",1
"andlo r7, r0, 0, 4",1
"streq r7, [ip], -r4, lsr 8",1
"subeq r1, r4, r2, lsr 16",1
"subeq r2, r4, r0, lsl 8",1
"andpl r0, r0, 0, 2",1
"andeq r4, r0, r4, lsr 8",1
"andeq r4, r0, ip, lsr 8",1
"ldmdahs r4!, {r1, r2} ^",1
svcls 0x12306,1
"andeq r0, r0, r0",1
"andeq r0, r0, r0",1
"muleq r0, r4, fp",1
"muleq r0, r7, fp",1
"ldrbls r0, [r0, -r1]",1
"stmdagt r0, {r0, r1, r3, r4, r5}",1
invalid,1
"andeq r5, r0, r0, lsl 8",1
"andeq r0, r0, r0",1
svclo 0xb00000,1
svclo 0xb30000,1
"andeq r0, r1, r0",1
"eorseq fp, pc, r0, asr r3",1
"eorseq lr, pc, r0, lsl 8",1
"stmdapl r0, {r8}",1
"andeq r0, r0, r0",1
"andeq r0, r0, r0",1
"andeq r4, r0, r8, lsr r3",1
"andeq r4, r0, r0, asr r3",1
"rsbseq r0, r2, r8",1
"andhs r2, r6, 116, 16",1
"andeq r1, r0, r1, lsr ip",1
"andeq r0, r0, r0",1
"ldrtmi r0, [ip], -0",1
"strbmi r0, [r0], -0",1
"andeq r0, r2, r0",1
"strbmi r0, [r0], -0x7d",1
"ldrbmi r0, [r8], -0",1
"andeq r0, r2, r0",1
"andeq r1, r0, sp, ror r0",1
"andeq r0, r0, r0",1
"ldrtmi r0, [ip], -0",1
"strbmi r0, [fp], -0",1
"andeq r0, r1, r0",1
"subeq r4, r4, r0, asr fp",1
"subeq r5, r4, r0, lsl 16",1
"vshl.u8 d0, d0, d0",1
"addseq r5, pc, r1",1
"andeq r0, r0, r0",1
invalid,1
blmi 0x481a8,1
invalid,1
"strbmi r5, [fp], -0x100",1
"ldrbmi r0, [r8], -0",1
"andeq r0, r1, r0",1
"andeq r0, r0, r4, asr r0",1
"andeq r0, r0, r0",1
"subeq r3, r4, r0, lsl 24",1
"subeq r4, r4, r0, lsl 22",1
"andpl r0, r0, 0, 2",1
"andeq r4, r0, fp, asr 8",1
"andeq r4, r0, r8, asr r4",1
invalid,1
"andeq sb, r0, r2, asr pc",1
"andeq r0, r0, r0",1
"ldrbmi r0, [r8], -0",1
"ldrbmi r0, [ip], -0",1
"andeq r0, r2, r0",1
"ldrbmi r0, [ip], -0x7d",1
"ldrbtmi r0, [r8], 0",1
"andeq r0, r2, r0",1
"andeq r1, r0, sp, ror r8",1
"andeq r0, r0, r0",1
"ldrbmi r0, [r8], -0",1
"ldrbtmi r0, [r4], -0",1
"andeq r0, r1, r0",1
"subeq r7, r4, r0, asr r4",1
"subeq pc, r4, r0, lsl 16",1
"strpl r0, [r0, -r0, lsl 2]",1
"andeq r0, r0, r0",1
"andeq r0, r0, r0",1
"andeq r4, r0, r8, asr r4",1
"andeq r4, r0, r4, ror r4",1
"ldrbvc r0, [r1], -1",1
invalid,1
invalid,1
"andeq r5, r0, r0, lsl 8",1
"andeq r0, r0, r0",1
"ldrbmi r0, [r8], -0",1
"ldrbtmi r0, [r4], -0",1
"andeq r0, r1, r0",1
"subeq r7, r4, r2, asr r4",1
"subeq pc, r4, r0, lsl 16",1
"strpl r0, [r0], -r0, lsl 2",1
"andeq r0, r0, r0",1
"andeq r0, r0, r0",1
"andeq r4, r0, r8, ror 8",1
"andeq r4, r0, r4, ror r4",1
invalid,1
"umaaleq r7, r4, pc, r4",1
"subeq sl, r4, r0, lsl 24",1
"strpl r0, [r0, -0x100]",1
"andeq r4, r0, ip, ror 9",1
"strdeq r4, r5, [r0], -r0",1
"subseq r0, r5, r1",1
"andeq r0, r0, r0",1
invalid,1
invalid,1
"andeq r0, r0, 0x44",1
invalid,1
"andeq r0, r0, r4, asr 32",1
"andeq r0, r0, 0x45",1
"eoreq r7, r4, r0, lsl 26",1
"andge r0, r0, r5, asr 32",1
"andeq r0, r0, 0x47",1
"eorseq r7, r8, r0, lsl 26",1
"andeq r0, r0, r0",1
invalid,1
"stmdahs r0, {r2, r6}",1
invalid,1
"strmi r5, [r8, -0]!",1
"strmi r0, [r0, r0]!",1
"andeq r0, r2, r0",1
"muleq r0, r1, ip",1
"andeq r0, r0, r0",1
"ldrbtmi r0, [r8], 0",1
"strmi r0, [ip, -0]!",1
"andeq r0, r1, r0",1
"subeq r2, r5, r1, asr ip",1
"subeq sl, r7, r0",1
"stmdapl r0, {r8}",1
"andeq r0, r0, r0",1
"andeq r0, r0, r0",1
"strdeq r4, r5, [r0], -r8",1
"andeq r4, r0, pc, lsr 10",1
svchs 0x520001,1
"andge r0, r0, r5, asr 32",1
invalid,1
"andeq r5, r0, r0, lsl 10",1
"andeq r0, r0, r0",1
"ldrbtmi r0, [r8], 0",1
"ldrmi r0, [r4, -0]",1
"andeq r0, r1, r0",1
"subeq r1, r5, r3, asr r4",1
"subeq r1, r6, r0, lsl 24",1
"strpl r0, [r0], -r0, lsl 2",1
"andeq r4, r0, ip, lsl r6",1
"andeq r4, r0, r0, lsr 15",1
invalid,1
"andeq sb, r0, r3, asr pc",1
"andeq r0, r0, r0",1
"ldrmi r0, [r4, -0]!",1
"strbmi r0, [r4, -0]!",1
"andeq r0, r1, r0",1
"subeq r6, r5, r0, asr r4",1
"subeq r2, r6, r0, lsl 8",1
bpl 0x48640,1
"andeq r4, r0, r4, lsr 12",1
"andeq r4, r0, r4, ror 14",1
"ldmmi r1, {r1}",1
"andeq r0, r0, r0",1
"andeq r0, r0, r0",1
"andeq r4, r0, ip, asr 10",1
"andeq r4, r0, r4, ror 10",1
"subseq r0, r1, r1",1
"andeq r0, r0, r0",1
invalid,1
"strvs r0, [r0], -0x45",1
"andeq r0, r0, 0x45",1
"ldcls p0, c3, [pc], {0}",1
"strge r0, [r0], -0x45",1
invalid,1
"andeq r5, r0, r0, lsl 8",1
"andeq r0, r0, r0",1
"strbmi r0, [r8, -0]!",1
"strmi r0, [r4, 0]!",1
"andeq r0, r1, r0",1
"andeq r0, r0, r7, asr r0",1
"andeq r0, r0, r0",1
"subeq sl, r5, r0, lsl 8",1
"subeq r2, r6, r0, lsl 8",1
bpl 0x486a4,1
"andeq r4, r0, r4, lsr 12",1
"andeq r4, r0, r4, ror 14",1
"ldmmi r1, {r1}",1
"andeq r0, r0, r0",1
"andeq r0, r0, r0",1
"andeq r4, r0, r4, lsr 11",1
"andeq r4, r0, ip, lsl r6",1
"mrrcne p0, 0, r0, r6, c1",1
"strls r0, [r0], -0x46",1
"streq r0, [r0], -0x47",1
"movwpl pc, 0x1300",1
"muleq r0, pc, r0",1
"andeq r0, r0, r0",1
"subeq sl, r5, r0, lsl 8",1
"subeq sb, r7, r0, lsl 8",1
"strpl r0, [r0, -0x100]",1
"andeq r0, r0, r0",1
"andeq r0, r0, r0",1
"andeq r4, r0, r4, lsr 11",1
"muleq r0, r4, r7",1
"subseq r0, r8, r1",1
"andeq r0, r0, r0",1
"vst4.8 {d0, d1, d2, d3}, [r0], r0",1
"strhs r0, [r0], -0x45",1
"andeq r0, r0, 0x46",1
"ldrpl r3, [pc], 0           ; [0x4830c:4]=0x1000047",1
"strvs r0, [r0], -0x47",1
invalid,1
"andeq r5, r0, r0, lsl 8",1
"andeq r0, r0, r0",1
"strmi r0, [r4, 0]!",1
"strtmi r0, [r4], -r0",1
"andeq r0, r2, r0",1
"usat16mi sb, 8, r0",1
"ldrbtmi r0, [r8], r0",1
"andeq r0, r2, r0",1
invalid,1
"strbmi r0, [r4, -r0]!",1
"andeq r0, r1, r0",1
"andeq r0, r0, sb, asr r0",1
"andeq r0, r0, r0",1
"subeq ip, r5, r0, lsl 16",1
"subeq sp, r5, r0, lsl 8",1
"andpl r0, r0, r0, lsl 2",1
"ldrdeq r4, r5, [r0], -ip",1
"andeq r4, r0, r4, lsr 12",1
"ldrbvc r0, [r0], -1",1
"andhi r0, r0, r7, asr 32",1
invalid,1
"andeq r5, r0, r0",1
"andeq r0, r0, r0",1
"ldrmi r0, [r0, 0]!",1
"strbmi r0, [r0]",1
"andeq r0, r1, r0",1
"subeq ip, r5, r0, asr r0",1
"subeq r8, r7, r0, lsl 8",1
"strpl r0, [r0, -r0, lsl 2]",1
"andeq r0, r0, r0",1
"andeq r0, r0, r0",1
"andeq r4, r0, r4, lsr r6",1
"andeq r4, r0, r8, ror 12",1
"ldmdavs r3, {r0} ^",1
svclt 0x46,1
"andne r0, r0, r6, asr 32",1
"andlo r7, r0, 0, 8",1
"streq r7, [r8], -r4, lsr 10",1
"ldrths r0, [r3], -0x622",1
"andhs r0, r6, 0x78",1
"muleq r0, pc, r0",1
"andeq r0, r0, r0",1
"subeq r3, r6, r0, lsl 16",1
"subeq fp, r6, r0, lsl 30",1
"andpl r0, r0, 0, 2",1
"andeq r0, r0, r0",1
"andeq r0, r0, r0",1
"andeq r4, r0, r0, asr 12",1
"andeq r4, r0, r4, asr 12",1
"rsbseq r0, r6, r5",1
"ldrmi r2, [pc], 0x546       ; [0x483e0:4]=0x1000047",1
"strvs r0, [r0], -0x46",1
invalid,1
"andeq r5, r0, r0, lsl 12",1
"andeq r0, r0, r0",1
"strmi r0, [r0, r0]!",1
"strmi r0, [r4, r0]!",1
"andeq r0, r2, r0",1
invalid,1
"strmi r0, [r8, r0]!",1
"andeq r0, r2, r0",1
invalid,1
invalid,1
"andeq r0, r2, r0",1
"andeq r3, r0, sp, ror r0",1
"andeq r0, r0, r0",1
"strmi r0, [r0, r0]!",1
"ldrbmi r0, [r0, r0]",1
"andeq r0, r1, r0",1
"subeq sp, r7, r0, asr r0",1
"subeq fp, r8, r0",1
"stmdapl r0, {r8}",1
"strheq r4, [r0], -r0",1
"strheq r4, [r0], -r4",1
"ldrblt r0, [r0], -1",1
"strgt r0, [r0], -0x48",1
invalid,1
"andeq r5, r0, r0, lsl 16",1
"andeq r0, r0, r0",1
"strmi r0, [r0, r0]!",1
"ldrbmi r0, [r0, r0]",1
"andeq r0, r1, r0",1
"subeq sp, r7, r1, asr r0",1
"subeq fp, r8, r0",1
"strpl r0, [r0], -r0, lsl 2",1
"strheq r4, [r0], -r0",1
"strheq r4, [r0], -r8",1
"ldmdalt r1, {r0} ^",1
"strgt r0, [r0], -0x48",1
invalid,1
"andeq r5, r0, r0, lsl 12",1
"andeq r0, r0, r0",1
"strmi r0, [r0, r0]!",1
"ldrbmi r0, [r0, r0]",1
"andeq r0, r1, r0",1
"subeq sp, r7, r2, asr r0",1
"subeq fp, r8, r0",1
bpl 0x4889c,1
"strheq r4, [r0], -r0",1
"strheq r4, [r0], -r8",1
"ldmdalt r2, {r0} ^",1
"strgt r0, [r0], -0x48",1
invalid,1
"andeq r5, r0, r0, lsl 20",1
"andeq r0, r0, r0",1
"ldrmi r0, [r8, r0]!",1
"ldrbmi r0, [r0, r0]",1
"andeq r0, r2, r0",1
"ldmmi ip, {r4, r5, r8, sb, sl, fp, ip, pc}",1
invalid,1
"andeq r0, r1, r0",1
"subeq fp, r8, r4, asr r0",1
"subeq fp, r8, r0, lsl 16",1
"andlo r0, r0, r0, lsl 4",1
"muleq r0, pc, r0",1
"andeq r0, r0, r0",1
"subeq sp, r7, r0, lsl 16",1
"subeq fp, r8, r0",1
"strpl r0, [r0, -0x100]",1
"strheq r4, [r0], -r8",1
"strheq r4, [r0], -ip",1
"subseq r0, r5, r1",1
"andeq r0, r0, r0",1
invalid,1
"stmdals r0, {r3, r6}",1
invalid,1
"ldmmi r8!, {sb, fp, ip, lr}",1
invalid,1
"andeq r0, r1, r0",1
"andeq r0, r0, sl, asr r0",1
"andeq r0, r0, r0",1
"subeq r0, r8, r0, lsl 16",1
"subeq sb, r8, r0, lsl 16",1
"strpl r0, [r0, -0x100]",1
"strheq r4, [r0], -r8",1
"strheq r4, [r0], -ip",1
"subseq r0, r5, r1",1
"andeq r0, r0, r0",1
invalid,1
"stmdals r0, {r3, r6}",1
invalid,1
"ldmmi r8!, {fp, ip, lr}",1
invalid,1
"andeq r0, r1, r0",1
"andeq r0, r0, r8, asr r0",1
"andeq r0, r0, r0",1
"subeq r2, r8, r0",1
"subeq r2, r8, r0, lsl 22",1
"andpl r0, r0, 0, 2",1
"andeq r4, r0, fp, lsr 16",1
"andeq r4, r0, r0, asr 16",1
"rsbseq r0, sp, r2",1
"andeq r0, r0, r0",1
"andeq r0, r0, r0",1
"andeq r4, r0, ip, lsr 16",1
"andeq r4, r0, r0, asr 16",1
"subseq r0, r0, r1",1
"andeq r0, r0, r0",1
"strgt r0, [r0], -0",1
"stmdagt r0, {r3, r6}",1
"andeq r0, r0, 0x48",1
"stmdagt r0, {r8, sl, fp, ip, sp, lr}",1
invalid,1
"andeq r0, r0, 0x4a",1
"eoreq r7, r8, r0, lsl 26",1
"andeq r0, r0, r0",1
"strgt r0, [r0], -0",1
invalid,1
invalid,1
"stmmi ip!, {ip, lr} ^",1
bmi 0xfeb485c0,1
"andeq r0, r1, r0",1
"andeq r0, r0, fp, asr r0",1
"andeq r0, r0, r0",1
"subeq ip, r8, r0, lsl 8",1
"subeq pc, r8, r0",1
invalid,1
"strdeq r4, r5, [r0], -r0",1
"andeq r4, r0, ip, lsr 21",1
"subseq r0, sb, r1",1
"andeq r0, r0, r0",1
"strgt r0, [r0], -0",1
"vhadd.u8 q0, q0, q4",1
invalid,1
"ldmmi r3!, {sb, ip, lr} ^",1
bmi 0xfeb485fc,1
"andeq r0, r1, r0",1
"andeq r0, r0, r7, asr r0",1
"andeq r0, r0, r0",1
"subeq pc, r8, r0, lsl 16",1
"subeq r2, sb, r0, lsl 16",1
"andpl r0, r0, r0, lsl 2",1
"andeq r4, r0, r8, lsr 18",1
"andeq r4, r0, r0, lsr 21",1
"subseq r0, r8, r1",1
"andeq r0, r0, r0",1
"andne r0, r0, r0",1
"stmdahs r0, {r0, r3, r6}",1
invalid,1
"andeq r5, r0, r0, lsl 2",1
"andeq r0, r0, r0",1
invalid,1
invalid,1
"andeq r0, r2, r0",1
"ldmdbmi r0, {r4, r5, r8, sb, sl, fp, ip, pc} ^",1
invalid,1
"andeq r0, r1, r0",1
"andeq r0, r0, r4, asr r0",1
"andeq r0, r0, r0",1
"subeq r2, sb, r0, lsl 24",1
"subeq r5, sb, r0, lsl 16",1
"strpl r0, [r0, -0x100]",1
"andeq r0, r0, r0",1
"andeq r0, r0, r0",1
"andeq r4, r0, r8, asr sb",1
"andeq r4, r0, r0, lsr 21",1
"subseq r0, r8, r1",1
"andeq r0, r0, r0",1
invalid,1
"andge r0, r0, sb, asr 32",1
invalid,1
"andeq r5, r0, r0, lsl 14",1
"andeq r0, r0, r0",1
invalid,1
bmi 0xfe848698,1
"andeq r0, r1, r0",1
"andeq r0, r0, sb, asr r0",1
"andeq r0, r0, r0",1
"subeq sb, sb, r0, lsl 8",1
"subeq sl, sb, r0, lsl 16",1
"andlo r0, r0, r0, lsl 4",1
"umaaleq r4, sl, pc, r0",1
"subeq r4, sl, r0, lsl 24",1
"movwpl r0, 0x100",1
"andeq r0, r0, r0",1
"andeq r0, r0, r0",1
"andeq r4, r0, ip, ror sb",1
"andeq r4, r0, r8, lsl 19",1
"subsls r0, r0, r1",1
"stmdage r0, {r0, r3, r6}",1
invalid,1
bmi 0x175c6dc,1
bmi 0x1a486e0,1
"andeq r0, r1, r0",1
"andeq r0, r0, r0, asr r0",1
"andeq r0, r0, r0",1
"subeq r6, sb, r0, lsl 8",1
"subeq r7, sb, r0, lsl 8",1
"andpl r0, r0, r0, lsl 2",1
"andeq r4, r0, r4, ror sb",1
"andeq r4, r0, ip, ror 20",1
"mrrcvs p0, 0, r0, r5, c1",1
"andvc r0, r0, sl, asr 32",1
"andeq r0, r0, 0x4a",1
"addsvc r3, pc, r0",1
"strls r0, [r0], -0x4a",1
invalid,1
"andeq r5, r0, r0, lsl 10",1
"andeq r0, r0, r0",1
invalid,1
bmi 0x1348728,1
"andeq r0, r1, r0",1
"subeq r7, sl, r1, asr r0",1
"subeq sb, sl, r0, lsl 8",1
invalid,1
"andeq r0, r0, r0",1
"andeq r0, r0, r0",1
"strheq r4, [r0], -ip",1
"andeq r4, r0, r8, asr 19",1
"ldmdagt r2, {r0} ^",1
"strle r0, [r0], -0x49",1
"stmdaeq r0, {r0, r3, r6}",1
"strls r7, [r4], -0x100",1
bne 0xa760,1
"umaaleq sp, sb, pc, r4",1
"subeq pc, sb, r0, lsl 24",1
"andpl r0, r0, 0, 2",1
"strdeq r4, r5, [r0], -ip",1
"andeq r4, r0, ip, asr 20",1
"ldrbteq r0, [r1], -8",1
invalid,1
bmi 0x1c703e4,1
bmi 0xfe548780,1
"andeq r0, r8, r0",1
"orrseq r0, r4, r1, ror r4",1
svcls 0x1aff08,1
"andeq r0, r0, r0",1
"andeq r0, r0, r0",1
"andeq r4, r0, ip, lsr 21",1
"strheq r4, [r0], -r0",1
"rsbseq r0, sp, r2",1
"strheq r4, [r0], -r0",1
"strheq r4, [r0], -r4",1
"ldrbths r0, [sp], -2",1
"strheq r4, [r0], -r4",1
"andeq r4, r0, ip, asr 25",1
"ldmdagt sp!, {r0, r1} ^",1
"andeq r0, r0, r0",1
"andeq r0, r0, r0",1
"subeq sl, sl, r0, lsl 24",1
"subeq ip, sl, r0, lsl 30",1
"andpl r0, r0, r0, lsl 2",1
"andeq r4, r0, pc, asr 21",1
"andeq r4, r0, ip, asr 25",1
"subseq r0, sl, r1",1
"andeq r0, r0, r0",1
invalid,1
invalid,1
invalid,1
bmi 0xff35cbec,1
"stclmi p0, c0, [ip], {0}",1
"andeq r0, r1, r0",1
"andeq r0, r0, r7, asr r0",1
"andeq r0, r0, r0",1
"subeq sl, sl, r0, lsl 24",1
"subeq ip, sl, r0, lsl 30",1
"andpl r0, r0, 0, 2",1
"andeq r4, r0, pc, asr 21",1
"andeq r4, r0, ip, asr 25",1
"subseq r0, r8, r1",1
"andeq r0, r0, r0",1
invalid,1
svcgt 0x4a,1
invalid,1
bmi 0xff41d428,1
"stclmi p0, c0, [ip], {0}",1
"andeq r0, r3, r0",1
invalid,1
"andeq r0, r0, r0",1
invalid,1
invalid,1
"andeq r0, r0, 0x4c",1
"mcrrmi p1, 0, sb, ip, c0",1
"andge r0, r0, ip, asr 32",1
invalid,1
"stcmi p0, c5, [r0], 0",1
"stclmi p0, c0, [ip], {0}",1
"andeq r0, r2, r0",1
"muleq r0, r1, ip",1
"andeq r0, r0, r0",1
bmi 0xff448868,1
bmi 0xff84886c,1
"andeq r0, r1, r0",1
"andeq r0, r0, r0, asr r0",1
"andeq r0, r0, r0",1
"subeq lr, sl, r0, lsl 16",1
"subeq pc, sl, r0, lsl 8",1
bvc 0x4b084,1
"strdls r0, r1, [r6, -r4]",1
"andhs r7, r6, 184, 30",1
"umaaleq pc, sl, pc, r4",1
"subeq pc, sl, r0, lsl 16",1
"strpl r0, [r0], -0x100",1
"andeq r0, r0, r0",1
"andeq r0, r0, r0",1
"andeq r4, r0, r4, lsr 22",1
"andeq r4, r0, r0, asr 22",1
"subsmi r0, r6, r1",1
blmi 0x489dc,1
bleq 0x489e0,1
"strvc r7, [r0], -0x800",1
"strtvc r0, [r2], -0x678",1
svcls 0x1c0674,1
"strheq r4, [r0], -ip",1
"andeq r4, r0, r8, lsr 25",1
"subseq r0, r6, r1",1
"andeq r0, r0, r0",1
"andmi r0, r0, r0",1
invalid,1
invalid,1
blmi 0xff25e0e0,1
blmi 0xff3488e4,1
"andeq r0, r1, r0",1
"subeq ip, fp, r3, asr ip",1
"subeq sp, fp, r0",1
blvc 0x4a8f4,1
"stmdbvc r4!, {sb, ip, sp}",1
"eorle r0, r2, ip, lsl 12",1
"stmdage r0, {r0, r1, r3, r6}",1
"movweq r0, 0x4c",1
svcvc 0xb49100,1
"andeq r0, r0, r0",1
"andeq r0, r0, r0",1
"andeq r4, r0, ip, ror fp",1
"andeq r4, r0, r0, lsl 23",1
"subshi r0, r0, r1",1
invalid,1
invalid,1
"andeq r5, r0, r0, lsl 8",1
"andeq r0, r0, r0",1
blmi 0xfe348930,1
blmi 0xfe448934,1
"andeq r0, r1, r0",1
"subeq sb, fp, r0, asr r0",1
"subeq fp, fp, r0, lsl 24",1
"strpl r0, [r0, -0x100]",1
"andeq r0, r0, r0",1
"andeq r0, r0, r0",1
"andeq r4, r0, ip, lsl 24",1
"andeq r4, r0, r0, lsl ip",1
"subseq r0, r0, r1",1
"andeq r0, r0, r0",1
invalid,1
"andle r0, r0, ip, asr 32",1
"andeq r0, r0, 0x4c",1
"andle r7, r0, r0, lsl 26",1
"strle r0, [r0], -0x4c",1
"andeq r0, r0, 0x4c",1
"ldrle r7, [ip], -0xd00",1
invalid,1
"andeq r0, r0, 0x4d",1
"eorseq r7, r0, r0, lsl 26",1
"andeq r0, r0, r0",1
invalid,1
invalid,1
invalid,1
"ldclmi p0, c5, [r0], 0",1
"ldclmi p0, c0, [r0, -0]!",1
"andeq r0, r1, r0",1
"subeq r7, sp, sl, asr r0",1
"subeq r7, sp, r0, lsl 8",1
"andpl r0, r0, r0, lsl 2",1
"andeq r4, r0, r4, ror sp",1
"andeq r4, r0, ip, ror sp",1
"subseq r0, sl, r1",1
"andeq r0, r0, r0",1
invalid,1
invalid,1
invalid,1
"ldclmi p1, c5, [r0], 0",1
"ldclmi p0, c0, [r0, -0]!",1
"andeq r0, r4, r0",1
svcls 0x5101f3,1
"andeq r4, r0, r0, ror sp",1
"andeq r4, r0, r4, ror sp",1
"ldrbvc r0, [r1], -1",1
invalid,1
"streq r0, [r0], -0x4d",1
"mrspl pc, sp_irq",1
"muleq r0, pc, r0",1
"andeq r0, r0, r0",1
"subeq ip, ip, r0, lsl 24",1
"subeq pc, ip, r0",1
"andpl r0, r0, 0, 2",1
"strdeq r4, r5, [r0], -r0",1
"andeq r4, r0, r0, ror sp",1
"subsvc r0, r7, r1",1
"strvc r0, [r0], -0x4d",1
invalid,1
"ldclmi p2, c5, [r4, -0]!",1
"ldclmi p0, c0, [ip, -0]!",1
"andeq r0, r1, r0",1
"andeq r0, r0, r7, asr r0",1
"andeq r0, r0, r0",1
"subeq ip, ip, r0, lsl 24",1
"subeq pc, ip, r0",1
"movwpl r0, 0x100",1
"strdeq r4, r5, [r0], -r0",1
"andeq r4, r0, r0, ror sp",1
"subsvc r0, r8, r1",1
"strvc r0, [r0], -0x4d",1
invalid,1
"ldclmi p3, c5, [r4, -0]!",1
"ldclmi p0, c0, [ip, -0]!",1
"andeq r0, r1, r0",1
"andeq r0, r0, r8, asr r0",1
"andeq r0, r0, r0",1
"subeq sp, ip, r0, lsl 24",1
"subeq pc, ip, r0",1
"andlo r0, r0, r0, lsl 4",1
"umaaleq r5, sp, pc, ip",1
"subeq r7, sp, r0",1
"strpl r0, [r0, -0x100]",1
"andeq r4, r0, r0, ror sp",1
"andeq r4, r0, r4, ror sp",1
svcls 0x300002,1
"andeq r0, r0, r0",1
"andeq r0, r0, r0",1
"strdeq r4, r5, [r0], -r0",1
"andeq r4, r0, r0, ror sp",1
"ldrpl r0, [r1], 2",1
"andeq r4, r0, r4, ror sp",1
"andeq r4, r0, ip, ror sp",1
"ldrpl r0, [r1], 2",1
"andeq r0, r0, r0",1
"andeq r0, r0, r0",1
"andeq r4, r0, ip, ror sp",1
"andeq r4, r0, r0, lsl 27",1
"rsbseq r0, sp, r2",1
"andeq r4, r0, r0, lsl 27",1
"muleq r0, r8, r0",1
"rsbshs r0, sp, r2",1
"andeq r0, r0, r0",1
"andeq r0, r0, r0",1
"andeq r4, r0, ip, ror sp",1
"andeq r4, r0, ip, lsr 27",1
"mrrcge p0, 0, r0, r0, c1",1
"andge r0, r0, sp, asr 32",1
invalid,1
"cdpmi p8, 0xa, c5, c0, c0, 0",1
"cdpmi p0, 0xa, c0, c4, c0, 0",1
"andeq r0, r1, r0",1
"subeq sl, lr, r0, asr r4",1
"subeq r1, pc, r0, lsl 24",1
"stmdapl r0, {r8}",1
"andeq r4, r0, ip, lsl pc",1
"andeq r5, r0, r8, lsr r0",1
invalid,1
"eorspl sb, r8, r0, asr pc",1
"rsbpl r0, r0, r0",1
"andeq r0, r1, r0",1
"subseq r6, r0, r8, asr r0",1
"subseq sb, r0, r0, lsl 16",1
"vshl.u8 d0, d0, d0",1
"addseq r5, pc, r1",1
"andeq r0, r0, r0",1
invalid,1
"andgt r0, r0, sp, asr 32",1
invalid,1
"stclmi p1, c5, [r0]",1
"cdpmi p0, 0xa, c0, c0, c0, 0",1
"andeq r0, r1, r0",1
"subeq sl, lr, sb, asr r0",1
"subeq sl, lr, r0, lsl 16",1
invalid,1
"andeq r4, r0, r8, lsr 29",1
"muleq r0, r8, r0",1
"subseq r0, sb, r1",1
"andeq r0, r0, r0",1
invalid,1
"stmdage r0, {r0, r2, r3, r6}",1
invalid,1
"stcmi p2, c5, [r8, 0]!",1
"cdpmi p0, 0xa, c0, c0, c0, 0",1
"andeq r0, r1, r0",1
"subeq sl, lr, r7, asr r0",1
"subeq sl, lr, r0, lsl 22",1
"andpl r0, r0, 0, 2",1
"andeq r4, r0, fp, lsr 29",1
"muleq r0, r8, r0",1
"subseq r0, r7, r1",1
"andeq r0, r0, r0",1
invalid,1
"stmdals r0, {r0, r2, r3, r6}",1
invalid,1
"ldcmi p3, c5, [r8]",1
"cdpmi p0, 7, c0, c0, c0, 0",1
"andeq r0, r1, r0",1
"subeq r7, lr, r6, asr r0",1
"subeq sl, lr, r0",1
invalid,1
"mcrmi p15, 5, sb, c0, c14, 3",1
svcmi 0xa40000,1
"andeq r0, r1, r0",1
"subeq sl, pc, r6, asr r4",1
"subseq r3, r0, r0, lsl 16",1
"vshl.u8 d0, d0, d0",1
"ldmlo pc, {r0, r8, sb, ip, lr}",1
"andpl r0, r0, r0, asr r0",1
"qaddeq r0, r0, r0",1
"subspl r5, r0, r0, lsl 12",1
"rsbpl r0, r0, r0",1
"andeq r0, r3, r0",1
"addsvs r7, pc, ip, ror lr",1
"stmdavc r0, {r4, r6}",1
"streq r0, [r0], -0x50",1
"movwpl pc, 0x1300",1
invalid,1
"subseq sb, r0, r0",1
"strpl r0, [r0], -r0, lsl 2",1
"muleq r0, r0, r0",1
"muleq r0, r8, r0",1
invalid,1
"andeq sb, r0, r3, asr pc",1
"andeq r0, r0, r0",1
"ldcmi p0, c0, [r8]",1
"ldcmi p0, c0, [r0, 0]!",1
"andeq r0, r1, r0",1
"subeq fp, sp, r3, asr r0",1
"subeq ip, sp, r0",1
invalid,1
bvc 0x95582c,1
"addsgt r2, pc, r0, lsl 4",1
"andge r0, r0, sp, asr 32",1
"stmdaeq r0, {r1, r2, r3, r6}",1
"movwlo r7, 0x900",1
"andhs r7, r0, 36, 20",1
"umaaleq sl, lr, pc, r0",1
"subeq sl, lr, r0, lsl 22",1
"movwpl r0, 0x100",1
"andeq r4, r0, fp, lsr 29",1
"muleq r0, r8, r0",1
"rsbseq r0, sb, r8",1
"rsbseq r2, sl, r3, lsr r4",1
"andeq sb, r0, r2, lsr 30",1
"andeq r0, r0, r0",1
"ldclmi p0, c0, [ip, 0]!",1
"cdpmi p0, 1, c0, c0, c0, 0",1
"andeq r0, r2, r0",1
"mrcmi p15, 0, sb, c8, c3, 1",1
"cdpmi p0, 2, c0, c12, c0, 0",1
"andeq r0, r2, r0",1
"mrcmi p15, 1, sb, c4, c4, 1",1
"cdpmi p0, 4, c0, c8, c0, 0",1
"andeq r0, r2, r0",1
"mrcmi p15, 2, sb, c4, c5, 1",1
"cdpmi p0, 6, c0, c8, c0, 0",1
"andeq r0, r2, r0",1
"mcrmi p15, 3, sb, c8, c6, 1",1
"cdpmi p0, 8, c0, c0, c0, 0",1
"andeq r0, r1, r0",1
"subeq r8, lr, r4, asr r0",1
"subeq sl, lr, r0",1
"andpl r0, r0, 0, 2",1
"strheq r4, [r0], -r0",1
"andeq r4, r0, ip, asr 30",1
"ldmdalo r0, {r0} ^",1
"andmi r0, r0, r0, asr r0",1
"andeq r0, r0, 0x50",1
"addsmi r3, pc, r0, lsl 6",1
"stmdami r0, {r4, r6}",1
"andeq r0, r0, 0x50",1
"ldmmi pc, {sl, ip, sp}",1
"andpl r0, r0, r0, asr r0",1
"andeq r0, r0, 0x50",1
"addspl r3, pc, r0, lsl 10",1
"andvs r0, r0, r0, asr r0",1
"qaddeq r0, r0, r0",1
"rsbspl r5, r8, r0, lsl 4",1
"rsbspl r0, ip, r0",1
"andeq r0, r1, r0",1
"andeq r0, r0, r0, asr r0",1
"andeq r0, r0, r0",1
"subeq r8, lr, r0",1
"subeq sl, lr, r0",1
"movwpl r0, 0x100",1
"andeq r4, r0, r8, asr pc",1
"andeq r4, r0, ip, ror pc",1
svcls 0x300002,1
"andeq r4, r0, ip, ror pc",1
"andeq r4, r0, r8, lsl 31",1
"mrrchi p0, 0, r0, r3, c1",1
"strls r0, [r0], -0x4f",1
invalid,1
svcmi 0x945300,1
svcmi 0xa40000,1
"andeq r0, r2, r0",1
svcmi 0xc09f30,1
svcmi 0xcc0000,1
"andeq r0, r1, r0",1
"subeq ip, pc, r6, asr ip",1
"subeq lr, pc, r0, lsl 8",1
"andlo r0, r0, r0, lsl 4",1
invalid,1
"subseq r1, r0, r0, lsl 8",1
"andpl r0, r0, 0, 2",1
"andeq r5, r0, r8, asr r0",1
"andeq r5, r0, r0, rrx",1
"ldmdahi r3, {r0} ^",1
"andls r0, r0, r0, asr r0",1
"andeq r0, r0, 0x50",1
"addseq r3, pc, r0",1
"andeq r0, r0, r0",1
"andlt r0, r0, r0",1
"andge r0, r0, sp, asr 32",1
"andeq r0, r0, 0x4e",1
"stmdalo r0, {ip, sp, lr}",1
"andvs r0, r0, r0, asr r0",1
"andeq r0, r0, 0x50",1
"andeq r7, r0, r0",1
"andeq r0, r0, r0",1
"strle r0, [r0], -0",1
"andhi r0, r0, sp, asr 32",1
"andeq r0, r0, 0x4e",1
"andhi r7, r1, r0",1
"strls r0, [r0], -0x4e",1
"streq r0, [r0, -0x4e]",1
"movwvc r7, 0",1
"eorspl r2, r8, r0, lsl 4",1
"subspl r0, r8, r0",1
"andeq r0, r2, r0",1
"subspl r0, r8, r0, ror r1",1
"rsbpl r0, r0, r0",1
"andeq r0, r5, r0",1
"rsbseq r0, r3, r0, ror r0",1
"andeq r0, r0, r2, lsr 32",1
"andeq r0, r0, r0",1
"subeq r1, pc, r0, lsl 24",1
"subseq r3, r0, r0, lsl 16",1
"stmdapl r0, {r8}",1
"andeq r5, r0, r0, rrx",1
"muleq r0, r0, r0",1
"subseq r0, r8, r1",1
"andeq r0, r0, r0",1
invalid,1
"strne r0, [r0], -0x4f",1
"andeq r0, r0, 0x50",1
"ldrne r3, [pc], 0           ; [0x48dfc:4]=0x1000050",1
"stmdahs r0, {r4, r6}",1
"qaddeq r0, r0, r0",1
"rsbpl r5, r0, r0, lsl 8",1
"addspl r0, r0, r0",1
"andeq r0, r2, r0",1
"andeq sb, r0, r0, lsr pc",1
"andeq r0, r0, r0",1
svcmi 0x580000,1
svcmi 0x5c0000,1
"andeq r0, r1, r0",1
"subeq r5, pc, r0, asr ip",1
"subeq ip, pc, r0, lsl 24",1
"strpl r0, [r0, -0x100]",1
"andeq r5, r0, r8, lsl 1",1
"andeq r5, r0, ip, lsl 1",1
"mrrchi p0, 0, r0, r0, c1",1
"andls r0, r0, r0, asr r0",1
"qaddeq r0, r0, r0",1
"andeq r5, r0, r0, lsl 10",1
"andeq r0, r0, r0",1
svcmi 0xa40000,1
svcmi 0xb30000,1
"andeq r0, r8, r0",1
"ldrths r0, [r2], -0x76",1
"andhs r0, r6, 120, 24",1
"andeq r0, r0, r0",1
"andeq r0, r0, r0",1
"muleq r0, r8, r0",1
"muleq r0, ip, r0",1
"rsbseq r0, sp, r2",1
"muleq r0, ip, r0",1
"ldrdeq r5, r6, [r0], -r0",1
"rsbshs r0, sp, r2",1
"andeq r0, r0, r0",1
"andeq r0, r0, r0",1
"muleq r0, r8, r0",1
"andeq r5, r0, r0, asr 1",1
"subsgt r0, r0, r1",1
"andle r0, r0, r0, asr r0",1
"qaddeq r0, r8, r0",1
"andeq r5, r0, r0, lsl 16",1
"andeq r0, r0, r0",1
"addspl r0, r8, r0",1
"sbcpl r0, r4, r0",1
"andeq r0, r1, r0",1
"subseq ip, r0, r1, asr r4",1
"subseq sp, r8, r0",1
"strpl r0, [r0], -r0, lsl 2",1
"andeq r0, r0, r0",1
"andeq r0, r0, r0",1
"muleq r0, r8, r0",1
"andeq r5, r0, r7, asr 1",1
"ldrbgt r0, [r2, -r1]",1
"stmdavs r0, {r4, r6}",1
"qaddeq r0, r1, r0",1
invalid,1
"orrspl r0, ip, r0",1
"andeq r0, r4, r0",1
svcls 0x5201f3,1
"muleq r0, ip, r1",1
"andeq r5, r0, r8, lsr 3",1
"ldmdage r4, {r0} ^",1
invalid,1
"streq r0, [r0], -0x51",1
"andpl pc, r1, 0, 6",1
invalid,1
"subseq r0, r2, r0, lsl 8",1
"strpl r0, [r0], -0x100",1
"andeq r5, r0, r4, lsl 4",1
"andeq r5, r0, r8, lsr r2",1
invalid,1
"eorspl sb, r8, 0x148",1
"subpl r0, r4, 0",1
"andeq r0, r1, r0",1
"subseq r4, r2, r4, asr r4",1
"subseq r7, r2, r0, lsl 16",1
"vshl.u8 d0, d0, d0",1
"ldmvc pc, {r0, sb, ip, lr}",1
"andge r0, r0, r2, asr r0",1
"qaddeq r0, r2, r0",1
"adcpl r5, r0, 0, 8",1
"sbcspl r0, r4, 0",1
"andeq r0, r4, r0",1
svcls 0x5201f3,1
"ldrdeq r5, r6, [r0], -r4",1
"andeq r5, r0, r0, ror 5",1
"subs r0, r4, r1",1
"strne r0, [r0], -0x52",1
"streq r0, [r0], -0x53",1
"andpl pc, r1, 0, 6",1
invalid,1
"subseq r3, r3, r0, lsl 24",1
"strpl r0, [r0], -0x100",1
"andeq r5, r0, ip, lsr r3",1
"andeq r5, r0, r0, ror r3",1
invalid,1
"cmnpl r0, 0x148",1
"cmnpl ip, 0",1
"andeq r0, r1, r0",1
"subseq r7, r3, r4, asr ip",1
"subseq fp, r3, r0",1
"vshl.u8 d0, d0, d0",1
"addslt r5, pc, r1, lsl 4",1
"stmdale r0, {r0, r1, r4, r6}",1
"qaddeq r0, r3, r0",1
"bicspl r5, r8, 0, 8",1
"strpl r0, [ip], -0",1
"andeq r0, r4, r0",1
svcls 0x5201f3,1
"andeq r5, r0, ip, lsl 8",1
"andeq r5, r0, r8, lsl r4",1
"ldmdane r4, {r0} ^",1
invalid,1
"streq r0, [r0], -0x54",1
"andpl pc, r1, 0, 6",1
invalid,1
"subseq r7, r4, r0, lsl 8",1
"strpl r0, [r0], -0x100",1
"andeq r5, r0, r4, ror r4",1
"andeq r5, r0, r8, lsr 9",1
invalid,1
"strtpl sb, [r8], 0xf52",1
"ldrtpl r0, [r4], 0",1
"andeq r0, r1, r0",1
"subseq fp, r4, r4, asr r4",1
"subseq lr, r4, r0, lsl 16",1
"vshl.u8 d0, d0, d0",1
"ldm pc, {r0, sb, ip, lr}",1
"andne r0, r0, r4, asr r0",1
"qaddeq r0, r5, r0",1
"ldrpl r5, [r0, -0x400]",1
"strbpl r0, [r4, -0]",1
"andeq r0, r4, r0",1
svcls 0x5201f3,1
"andeq r5, r0, r4, asr 10",1
"andeq r5, r0, r0, asr r5",1
"subspl r0, r4, r1",1
"strhi r0, [r0], -0x55",1
"streq r0, [r0], -0x55",1
"andpl pc, r1, 0, 6",1
invalid,1
"subseq sl, r5, r0, lsl 24",1
"strpl r0, [r0], -0x100",1
"andeq r5, r0, ip, lsr 11",1
"andeq r5, r0, r0, ror 11",1
invalid,1
"strbpl sb, [r0, 0xf52]!",1
"strbpl r0, [ip, 0]!",1
"andeq r0, r1, r0",1
"subseq lr, r5, r4, asr ip",1
"subseq r2, r6, r0",1
"vshl.u8 d0, d0, d0",1
"addshs r5, pc, r1, lsl 4",1
"stmdami r0, {r1, r2, r4, r6}",1
"qaddeq r0, r6, r0",1
"strbpl r5, [r8], -r0, lsl 8",1
"ldrbtpl r0, [ip], -r0",1
"andeq r0, r4, r0",1
svcls 0x5201f3,1
"andeq r5, r0, ip, ror r6",1
"andeq r5, r0, r8, lsl 13",1
"ldmdahi r4, {r0} ^",1
invalid,1
"streq r0, [r0], -0x56",1
"andpl pc, r1, 0, 6",1
invalid,1
"subseq lr, r6, r0, lsl 8",1
"strpl r0, [r0], -0x100",1
"andeq r5, r0, r4, ror 13",1
"andeq r5, r0, r8, lsl r7",1
invalid,1
invalid,1
"strpl r0, [r4, -r0]!",1
"andeq r0, r1, r0",1
"subseq r2, r7, r4, asr r4",1
"subseq r5, r7, r0, lsl 16",1
"vshl.u8 d0, d0, d0",1
"ldmpl pc, {r0, sb, ip, lr}",1
"andhi r0, r0, r7, asr r0",1
"qaddeq r0, r7, r0",1
"strpl r5, [r0, r0, lsl 8]",1
"ldrpl r0, [r4, r0]!",1
"andeq r0, r4, r0",1
svcls 0x5201f3,1
"strheq r5, [r0], -r4",1
"andeq r5, r0, r0, asr 15",1
"subsgt r0, r4, r1",1
"vst4.16 {d0, d1, d2, d3}, [r0:0x40], r7",1
"streq r0, [r0], -0x57",1
"andpl pc, r1, 0, 6",1
invalid,1
"subseq r1, r8, r0, lsl 24",1
"strpl r0, [r0], -0x100",1
"andeq r5, r0, ip, lsl r8",1
"andeq r5, r0, r0, asr r8",1
invalid,1
"ldmdapl r0, {r1, r4, r6, r8, sb, sl, fp, ip, pc} ^",1
invalid,1
"andeq r0, r1, r0",1
"subseq r5, r8, r4, asr ip",1
"subseq sb, r8, r0",1
"vshl.u8 d0, d0, d0",1
"addsls r5, pc, r1, lsl 4",1
"andle r0, r0, r8, asr r0",1
"qaddeq r0, r8, r0",1
"andeq r5, r0, r0, lsl 8",1
"andeq r0, r0, r0",1
"addspl r0, r8, r0",1
"adcspl r0, r4, r0",1
"andeq r0, r1, r0",1
"subseq fp, r0, r3, asr r4",1
"subseq r2, r1, r0, lsl 16",1
"strpl r0, [r0, -r0, lsl 2]",1
"andeq r5, r0, r8, lsr 2",1
"muleq r0, r0, r8",1
invalid,1
"ldmpl r0, {r0, r1, r4, r6, r8, sb, sl, fp, ip, pc}",1
invalid,1
"andeq r0, r1, r0",1
"subseq sb, r8, r7, asr r8",1
"subseq sp, r8, r0",1
"vshl.u8 d0, d0, d0",1
"addseq r5, pc, r1, lsl 6",1
"andeq r0, r0, r0",1
invalid,1
invalid,1
"qaddeq r0, r1, r0",1
"bicpl r5, ip, r0, lsl 8",1
"bicspl r0, ip, r0",1
"andeq r0, r1, r0",1
"subseq r2, r2, r4, asr r8",1
"subseq r3, r2, r0, lsl 16",1
"strpl r0, [r0], -0x100",1
"andeq r5, r0, r8, ror 4",1
"andeq r5, r0, r8, ror r2",1
"ldrbgt r0, [r4], -1",1
"strle r0, [r0], -0x52",1
"qaddeq r0, r2, r0",1
"movwpl r5, 0x4400",1
"tstpl r4, 0",1
"andeq r0, r1, r0",1
"subseq r6, r3, r4, asr r0",1
"subseq r7, r3, r0",1
"strpl r0, [r0], -0x100",1
"andeq r5, r0, r0, lsr 7",1
"strheq r5, [r0], -r0",1
"mrrc2 p0, 0, r0, r4, c1",1
invalid,1
"qaddeq r0, r4, r0",1
"ldrtpl r5, [ip], -0x400",1
"strbpl r0, [ip], -0",1
"andeq r0, r1, r0",1
"subseq sb, r4, r4, asr r8",1
"subseq sl, r4, r0, lsl 16",1
"strpl r0, [r0], -0x100",1
"ldrdeq r5, r6, [r0], -r8",1
"andeq r5, r0, r8, ror 9",1
"ldrblo r0, [r4], -1",1
"strmi r0, [r0], -0x55",1
"qaddeq r0, r5, r0",1
"ldrbpl r5, [r4, -0x400]!",1
"strpl r0, [r4]",1
"andeq r0, r1, r0",1
"subseq sp, r5, r4, asr r0",1
"subseq lr, r5, r0",1
"strpl r0, [r0], -0x100",1
"andeq r5, r0, r0, lsl r6",1
"andeq r5, r0, r0, lsr 12",1
"mrrcvs p0, 0, r0, r4, c1",1
invalid,1
"qaddeq r0, r6, r0",1
"strtpl r5, [ip], r0, lsl 8",1
"ldrtpl r0, [ip], r0",1
"andeq r0, r1, r0",1
"subseq r0, r7, r4, asr r8",1
"subseq r1, r7, r0, lsl 16",1
"strpl r0, [r0], -0x100",1
"andeq r5, r0, r8, asr 14",1
"andeq r5, r0, r8, asr r7",1
"ldrbge r0, [r4], -1",1
"strlt r0, [r0], -0x57",1
"qaddeq r0, r7, r0",1
"strbpl r5, [r4, r0, lsl 8]!",1
"ldrbpl r0, [r4, r0]!",1
"andeq r0, r1, r0",1
"subseq r4, r8, r4, asr r0",1
"subseq r5, r8, r0",1
"strpl r0, [r0], -0x100",1
"andeq r5, r0, r0, lsl 17",1
"muleq r0, r0, r8",1
"subseq r0, r4, r1",1
"andeq r0, r0, r0",1
"andlt r0, r0, r0",1
"stmda r0, {r4, r6}",1
"qaddeq r0, r0, r0",1
"rscpl r5, r8, r0, lsl 10",1
"rscpl r0, ip, r0",1
"andeq r0, r2, r0",1
"smlalpl r7, ip, r1, r8",1
invalid,1
"andeq r0, r1, r0",1
"subseq sb, r1, r5, asr ip",1
"subseq sl, r1, r0, lsl 8",1
"strpl r0, [r0, -0x100]",1
"ldrdeq r5, r6, [r0], -ip",1
"andeq r5, r0, r0, lsl 4",1
"ldmdalo r5, {r0} ^",1
"andmi r0, r0, r2, asr r0",1
"qaddeq r0, r2, r0",1
"rsbspl r5, r8, 0, 10",1
"addspl r0, ip, 0",1
"andeq r0, r1, r0",1
"subseq sp, r2, r5, asr r4",1
"subseq sp, r2, r0, lsl 24",1
"strpl r0, [r0, -0x100]",1
"andeq r5, r0, r4, lsl r3",1
"andeq r5, r0, r8, lsr r3",1
"subsvc r0, r5, r1",1
"stmdavc r0, {r0, r1, r4, r6}",1
"qaddeq r0, r3, r0",1
"movspl r5, 0, 10",1
"bicspl r0, r4, 0",1
"andeq r0, r1, r0",1
"subseq r0, r4, r5, asr ip",1
"subseq r1, r4, r0, lsl 8",1
"strpl r0, [r0, -0x100]",1
"andeq r5, r0, ip, asr 8",1
"andeq r5, r0, r0, ror r4",1
"ldmdage r5, {r0} ^",1
"andlt r0, r0, r4, asr r0",1
"qaddeq r0, r4, r0",1
"strbtpl r5, [r8], 0x500",1
"strpl r0, [ip, -0]",1
"andeq r0, r1, r0",1
"subseq r4, r5, r5, asr r4",1
"subseq r4, r5, r0, lsl 24",1
"strpl r0, [r0, -0x100]",1
"andeq r5, r0, r4, lsl 11",1
"andeq r5, r0, r8, lsr 11",1
"subs r0, r5, r1",1
"stmda r0, {r0, r2, r4, r6}",1
"qaddeq r0, r5, r0",1
"strtpl r5, [r0], -r0, lsl 10",1
"strbpl r0, [r4], -r0",1
"andeq r0, r1, r0",1
"subseq r7, r6, r5, asr ip",1
"subseq r8, r6, r0, lsl 8",1
"strpl r0, [r0, -0x100]",1
"strheq r5, [r0], -ip",1
"andeq r5, r0, r0, ror 13",1
"ldmdane r5, {r0} ^",1
"andhs r0, r0, r7, asr r0",1
"qaddeq r0, r7, r0",1
"ldrbpl r5, [r8, -r0, lsl 10]",1
"ldrbpl r0, [ip, -r0]!",1
"andeq r0, r1, r0",1
"subseq fp, r7, r5, asr r4",1
"subseq fp, r7, r0, lsl 24",1
"strpl r0, [r0, -0x100]",1
"strdeq r5, r6, [r0], -r4",1
"andeq r5, r0, r8, lsl r8",1
"subspl r0, r5, r1",1
"stmdapl r0, {r3, r4, r6}",1
"qaddeq r0, r8, r0",1
"ldmpl r0, {r8, sl, ip, lr}",1
invalid,1
"andeq r0, r1, r0",1
"andeq r0, r0, r5, asr r0",1
"andeq r0, r0, r0",1
"subseq fp, r0, r0, lsl 24",1
"subseq pc, r0, r0",1
"strlo r0, [r0, -0x200]",1
"muleq r0, pc, r0",1
"andeq r0, r0, r0",1
"subseq sp, r0, r0",1
"subseq lr, r0, r0, lsl 24",1
"strlo r0, [r0, -0x200]",1
"muleq r0, pc, r0",1
"andeq r0, r0, r0",1
"subseq r0, r1, r0, lsl 16",1
"subseq r2, r1, r0, lsl 8",1
bpl 0x497f4,1
"muleq r0, r0, r8",1
"muleq r0, r8, r8",1
"subseq r0, sl, r1",1
"andeq r0, r0, r0",1
"strne r0, [r0], -0",1
"strhs r0, [r0], -0x51",1
"qaddeq r0, r1, r0",1
"ldmpl r0, {ip, lr}",1
invalid,1
"andeq r0, r1, r0",1
"andeq r0, r0, r0, asr r0",1
"andeq r0, r0, r0",1
"subseq r4, r1, r0",1
"subseq sb, r8, r0",1
"strlo r0, [r0, -0x200]",1
invalid,1
"subseq sp, r8, r0",1
"strlo r0, [r0, -0x200]",1
"muleq r0, pc, r0",1
"andeq r0, r0, r0",1
"subseq sp, r1, r0, lsl 24",1
"subseq sb, r8, r0",1
"strlo r0, [r0, -0x200]",1
invalid,1
"subseq sp, r8, r0",1
"strlo r0, [r0, -0x200]",1
"muleq r0, pc, r0",1
"andeq r0, r0, r0",1
"subseq r7, r2, r0, lsl 16",1
"subseq sb, r8, r0",1
"strlo r0, [r0, -0x200]",1
invalid,1
"subseq sp, r8, r0",1
"strlo r0, [r0, -0x200]",1
"muleq r0, pc, r0",1
"andeq r0, r0, r0",1
"subseq r1, r3, r0, lsl 8",1
"subseq sb, r8, r0",1
"strlo r0, [r0, -0x200]",1
invalid,1
"subseq sp, r8, r0",1
"strlo r0, [r0, -0x200]",1
"muleq r0, pc, r0",1
"andeq r0, r0, r0",1
"subseq fp, r3, r0",1
"subseq sb, r8, r0",1
"strlo r0, [r0, -0x200]",1
invalid,1
"subseq sp, r8, r0",1
"strlo r0, [r0, -0x200]",1
"muleq r0, pc, r0",1
"andeq r0, r0, r0",1
"subseq r4, r4, r0, lsl 24",1
"subseq sb, r8, r0",1
"strlo r0, [r0, -0x200]",1
invalid,1
"subseq sp, r8, r0",1
"strlo r0, [r0, -0x200]",1
"muleq r0, pc, r0",1
"andeq r0, r0, r0",1
"subseq lr, r4, r0, lsl 16",1
"subseq sb, r8, r0",1
"strlo r0, [r0, -0x200]",1
invalid,1
"subseq sp, r8, r0",1
"strlo r0, [r0, -0x200]",1
"muleq r0, pc, r0",1
"andeq r0, r0, r0",1
"subseq r8, r5, r0, lsl 8",1
"subseq sb, r8, r0",1
"strlo r0, [r0, -0x200]",1
invalid,1
"subseq sp, r8, r0",1
"strlo r0, [r0, -0x200]",1
"muleq r0, pc, r0",1
"andeq r0, r0, r0",1
"subseq r2, r6, r0",1
"subseq sb, r8, r0",1
"strlo r0, [r0, -0x200]",1
invalid,1
"subseq sp, r8, r0",1
"strlo r0, [r0, -0x200]",1
"muleq r0, pc, r0",1
"andeq r0, r0, r0",1
"subseq fp, r6, r0, lsl 24",1
"subseq sb, r8, r0",1
"strlo r0, [r0, -0x200]",1
invalid,1
"subseq sp, r8, r0",1
"strlo r0, [r0, -0x200]",1
"muleq r0, pc, r0",1
"andeq r0, r0, r0",1
"subseq r5, r7, r0, lsl 16",1
"subseq sb, r8, r0",1
"strlo r0, [r0, -0x200]",1
invalid,1
"subseq sp, r8, r0",1
"strlo r0, [r0, -0x200]",1
"muleq r0, pc, r0",1
"andeq r0, r0, r0",1
"subseq pc, r7, r0, lsl 8",1
"subseq sb, r8, r0",1
"strlo r0, [r0], -r0, lsl 4",1
invalid,1
"subseq sp, r8, r0",1
"strlo r0, [r0], -r0, lsl 4",1
"muleq r0, pc, r0",1
"andeq r0, r0, r0",1
"subseq sp, r8, r0",1
"subseq sp, r8, r0, lsl 8",1
"stcvc p2, c0, [r0, -0]",1
"subseq sp, r8, r0, lsl 8",1
"subseq sp, r8, r0, lsl 16",1
"stcvc p2, c0, [r0, -0]",1
"subseq sp, r8, r0, lsr 16",1
"subseq sb, sl, r0",1
"stcvc p2, c0, [r0, -0]",1
"andeq r0, r0, r8, lsr r0",1
"andeq r0, r0, r0",1
"subseq sp, r8, r0",1
"subseq pc, r8, r0, lsl 16",1
"andpl r0, r0, r0, lsl 2",1
"strdeq r5, r6, [r0], -r8",1
"muleq r0, r0, sl",1
"subseq r0, r6, r1",1
"andeq r0, r0, r0",1
"andle r0, r0, r0",1
invalid,1
"qaddeq r0, r8, r0",1
"ldmpl ip!, {r8, ip, lr} ^",1
invalid,1
"andeq r0, r1, r0",1
"subseq r6, sb, sl, asr r8",1
"subseq sb, sl, r0",1
"vshl.u8 d0, d0, d0",1
"addseq r5, pc, r1, lsl 2",1
"andeq r0, r0, r0",1
"andle r0, r0, r0",1
invalid,1
"qaddeq r0, r8, r0",1
"ldmpl pc!, {sb, ip, lr} ^",1
bpl 0xfe44962c,1
"andeq r0, r1, r0",1
"andeq r0, r0, sb, asr r0",1
"andeq r0, r0, r0",1
"subseq sp, r8, r0",1
"subseq pc, r8, r0",1
"movwpl r0, 0x100",1
"strdeq r5, r6, [r0], -r0",1
"andeq r5, r0, r0, lsr sb",1
"subslo r0, r4, r1",1
"strlo r0, [r0], -0x59",1
"streq r0, [r0], -0x59",1
"movwpl pc, 0x1300",1
invalid,1
"subseq sb, sb, r0, lsl 16",1
"strpl r0, [r0], -0x100",1
"muleq r0, r8, sb",1
"muleq r0, ip, sb",1
invalid,1
"andeq sb, r0, r3, asr pc",1
"andeq r0, r0, r0",1
invalid,1
invalid,1
"andeq r0, r1, r0",1
"subseq r0, sb, r0, asr r8",1
"subseq sb, sl, r0",1
"strpl r0, [r0, -0x100]",1
"andeq r0, r0, r0",1
"andeq r0, r0, r0",1
"andeq r5, r0, r0, lsl sb",1
"andeq r5, r0, r4, asr sb",1
"ldrbpl r0, [r0], -1",1
"andls r0, r0, sb, asr r0",1
"qaddeq r0, sl, r0",1
"andeq r5, r0, r0, lsl 14",1
"andeq r0, r0, r0",1
invalid,1
invalid,1
"andeq r0, r1, r0",1
"subseq r8, sb, r0, asr r0",1
"subseq r8, sl, r0, lsl 8",1
bpl 0x49ad0,1
"andeq r0, r0, r0",1
"andeq r0, r0, r0",1
"strdeq r5, r6, [r0], -r8",1
"andeq r5, r0, ip, lsr 20",1
"mrrchs p0, 0, r0, r0, c1",1
"strpl r0, [r0], -0x5a",1
"qaddeq r0, sl, r0",1
bpl 0x155e6f0,1
bpl 0x17496f4,1
"andeq r0, r1, r0",1
"subseq r5, sl, r0, asr ip",1
"subseq r8, sl, r0, lsl 8",1
"strpl r0, [r0], -0x100",1
"andeq r0, r0, r0",1
"andeq r0, r0, r0",1
"andeq r5, r0, r8, lsr sl",1
"andeq r5, r0, r4, asr 20",1
"ldrbmi r0, [r0], -1",1
svcmi 0x5a,1
"qaddeq r0, sl, r0",1
"andeq r5, r0, r0, lsl 4",1
"andeq r0, r0, r0",1
bpl 0xfe44972c,1
bpl 0xfe549730,1
"andeq r0, r2, r0",1
bpl 0xfe54992c,1
bpl 0xfe64973c,1
"andeq r0, r2, r0",1
bpl 0xfe652938,1
"cdpvs p0, 2, c0, c12, c0, 0",1
"andeq r0, r3, r0",1
"andeq ip, r1, sp, ror r0",1
"andeq r0, r0, r0",1
"andls r0, r0, r0",1
"stmdapl r0, {r1, r3, r4, r6}",1
"qaddeq r0, fp, r0",1
blpl 0x165d764,1
"stcpl p0, c0, [ip], -0",1
"andeq r0, r3, r0",1
"ldclhs p8, c13, [lr], -0x244",1
"andmi r0, r0, ip, asr r0",1
"qaddeq r0, ip, r0",1
"mcrrpl p0, 0, r5, r0, c0",1
"stcpl p0, c0, [ip, -0]",1
"andeq r0, r3, r0",1
"ldcleq p8, c13, [lr], -0x244",1
"stmdane r0, {r0, r2, r3, r4, r6}",1
"qaddeq r0, sp, r0",1
"ldcpl p0, c5, [r8, -0]",1
"bicvs r0, ip, 0",1
"andeq r0, r3, r0",1
"ldclgt p8, c13, [lr], -0x244",1
invalid,1
invalid,1
"strvs r5, [ip], -0",1
"strbvs r0, [ip], -0",1
"andeq r0, r3, r0",1
"ldclmi p8, c13, [lr], -0x244",1
invalid,1
invalid,1
"ldrvs r5, [ip], 0",1
"ldrbvs r0, [r0], 0",1
"andeq r0, r3, r0",1
invalid,1
"stmdaeq r0, {r2, r5, r6}",1
invalid,1
"strvs r5, [r8, -0]",1
"ldrvs r0, [r0, -0]!",1
"andeq r0, r3, r0",1
invalid,1
"strls r0, [r0], -0x65",1
invalid,1
"ldrvs r5, [r4]",1
"strvs r0, [r0, -r0]!",1
"andeq r0, r3, r0",1
invalid,1
"strhs r0, [r0], -0x67",1
invalid,1
"strvs r5, [r4, -r0]!",1
"strbvs r0, [r0, -r0]!",1
"andeq r0, r3, r0",1
invalid,1
"strhi r0, [r0], -0x67",1
invalid,1
"strvs r5, [r4, r0]",1
"ldrvs r0, [r0, r0]!",1
"andeq r0, r3, r0",1
invalid,1
"strle r0, [r0], -0x67",1
invalid,1
"ldrbvs r5, [r4, r0]",1
invalid,1
"andeq r0, r3, r0",1
invalid,1
"strne r0, [r0], -0x68",1
invalid,1
"ldmdavs r4, {ip, lr}",1
blvs 0xff549858,1
"andeq r0, r3, r0",1
"ldrbtle sp, [lr], -0x891",1
invalid,1
invalid,1
blvs 0xff75d86c,1
"ldclvs p0, c0, [ip, -0]!",1
"andeq r0, r3, r0",1
"ldclvc p8, c13, [lr], -0x244",1
"movwls r0, 0x6d",1
invalid,1
"ldcvs p0, c5, [r3]",1
"cdpvs p0, 2, c0, c12, c0, 0",1
"andeq r0, r3, r0",1
invalid,1
"andeq r0, r0, r0",1
"andls r0, r0, r0",1
invalid,1
"qaddeq r0, fp, r0",1
blpl 0x175dca4,1
blpl 0x1b498a8,1
"andeq r0, r1, r0",1
"subseq r6, fp, r4, asr ip",1
"subseq r2, ip, r0, lsl 24",1
"vshl.u8 d0, d0, d0",1
"ldchs p1, c5, [pc], {1}",1
"strmi r0, [r0], -0x5c",1
"qaddeq r0, ip, r0",1
"mcrrpl p1, 0, r5, r4, c0",1
"ldclpl p0, c0, [r4], 0",1
"andeq r0, r1, r0",1
"subseq pc, ip, r4, asr r4",1
"subseq r0, sp, r0, lsl 24",1
"vshl.u8 d0, d0, d0",1
"ldceq p1, c5, [pc], {1}",1
invalid,1
"qaddeq r0, sp, r0",1
"ldcpl p1, c5, [ip, -0]",1
"cdppl p0, 3, c0, c8, c0, 0",1
"andeq r0, r1, r0",1
"subseq r3, lr, r4, asr r8",1
"rsbeq ip, r3, r0, lsl 24",1
"vshl.u8 d0, d0, d0",1
"ldcgt p1, c5, [pc], {1}",1
"andne r0, r0, r3, rrx",1
invalid,1
"ldrvs r5, [r0], -0x100",1
"strtvs r0, [r0], -0",1
"andeq r0, r1, r0",1
"rsbeq r2, r4, r4, asr r0",1
"rsbeq r4, r4, r0, lsl 24",1
"vshl.u8 d0, d0, d0",1
"ldcmi p1, c5, [pc], {1}",1
"andge r0, r0, r4, rrx",1
invalid,1
"strtvs r5, [r0], 0x100",1
"strbvs r0, [ip], 0",1
"andeq r0, r1, r0",1
"rsbeq ip, r4, r4, asr ip",1
"rsbeq sp, r4, r0",1
"vshl.u8 d0, d0, d0",1
"addsle r5, pc, r1, lsl 2",1
invalid,1
invalid,1
"strvs r5, [ip, -0x100]",1
"ldrvs r0, [ip, -0]",1
"andeq r0, r1, r0",1
"rsbeq r1, r5, r4, asr ip",1
"rsbeq r3, r5, r0",1
"vshl.u8 d0, d0, d0",1
"addslo r5, pc, r1, lsl 2",1
"stmdals r0, {r0, r2, r5, r6}",1
invalid,1
"ldrvs r5, [r8, 0x100]",1
"strvs r0, [r4, 0]!",1
"andeq r0, r1, r0",1
"rsbeq sl, r5, r4, asr r4",1
"rsbeq r2, r7, r0",1
"vshl.u8 d0, d0, d0",1
"addshs r5, pc, r1, lsl 2",1
"stmdahs r0, {r0, r1, r2, r5, r6}",1
invalid,1
"strvs r5, [r8, -r0, lsl 2]!",1
"ldrvs r0, [r8, -r0]!",1
"andeq r0, r1, r0",1
"rsbeq r3, r7, r4, asr r8",1
"rsbeq r6, r7, r0",1
"vshl.u8 d0, d0, d0",1
"addsvs r5, pc, r1, lsl 2",1
"stmdavs r0, {r0, r1, r2, r5, r6}",1
invalid,1
"strbvs r5, [r8, -r0, lsl 2]!",1
"ldrvs r0, [r4, r0]",1
"andeq r0, r1, r0",1
"rsbeq sb, r7, r4, asr r4",1
"rsbeq fp, r7, r0",1
"vshl.u8 d0, d0, d0",1
"addslt r5, pc, r1, lsl 2",1
"stmdalt r0, {r0, r1, r2, r5, r6}",1
invalid,1
"ldrvs r5, [r8, r0, lsl 2]!",1
"strbvs r0, [r4, r0]!",1
"andeq r0, r1, r0",1
"rsbeq lr, r7, r4, asr r4",1
"rsbeq r0, r8, r0",1
"vshl.u8 d0, d0, d0",1
"addseq r5, pc, r1, lsl 2",1
"strne r0, [r0], -0x68",1
invalid,1
"ldmdavs r4, {r8, ip, lr}",1
blvs 0xff549a10,1
"andeq r0, r4, r0",1
svcls 0x5101f3,1
"ldrdeq r6, r7, [r0], -r4",1
"ldrdeq r6, r7, [r0], -ip",1
"mrrcle p0, 0, r0, r1, c1",1
invalid,1
"streq r0, [r0], -0x6d",1
"mrspl pc, sp_irq",1
"mlseq sp, pc, ip, r7",1
"rsbeq sb, sp, r0, lsl 6",1
invalid,1
"muleq r0, r3, sp",1
"andeq r6, r0, ip, lsr 28",1
invalid,1
"andeq sb, r0, r1, asr pc",1
"andeq r0, r0, r0",1
bpl 0xfe449a54,1
bpl 0xfee49a58,1
"andeq r0, r1, r0",1
"subseq fp, sl, r2, asr r8",1
"rsbeq r2, lr, r0, lsl 24",1
"mrsls r0, lr_irq",1
"andeq r7, r0, ip, asr 29",1
"andeq r0, r0, r0",1
bpl 0xfe449a74,1
bpl 0xfed49a78,1
"andeq r0, r1, r0",1
"subseq fp, sl, r3, asr r4",1
"rsbeq r2, lr, r0, lsl 24",1
"mrsls r0, lr_irq",1
"ldrdeq r7, r8, [r0], -r4",1
"andeq r0, r0, r0",1
bpl 0xfec49a94,1
"cdppl p0, 3, c0, c8, c0, 0",1
"andeq r0, r1, r0",1
"subseq r3, lr, r5, asr r8",1
"rsbeq fp, r3, r0, lsl 16",1
"mrsls r0, lr_irq",1
"bicvs r7, ip, 208, 28",1
invalid,1
"andeq r0, r1, r0",1
"rsbeq sp, fp, r5, asr r4",1
"rsbeq sp, fp, r0, lsl 24",1
"strpl r0, [r0, -0x100]",1
"andeq r6, r0, ip, ror 23",1
"strdeq r6, r7, [r0], -r4",1
invalid,1
"strvs r0, [r0], -0x6b",1
"movweq r0, 0x6d",1
"cdpvc p1, 0xd, c9, c0, c0, 0",1
"andeq r6, r0, ip, ror sp",1
"andeq r6, r0, ip, lsr 27",1
"subseq r0, r5, r1",1
"andeq r0, r0, r0",1
invalid,1
"andls r0, r0, fp, asr r0",1
"qaddeq r0, fp, r0",1
blpl 0xfe45daf8,1
blpl 0xff249afc,1
"andeq r0, r1, r0",1
"subseq ip, fp, r4, asr r8",1
"subseq r2, ip, r0, lsl 24",1
"andpl r0, r0, r0, lsl 2",1
"andeq r6, r0, ip, lsl r4",1
"andeq r6, r0, ip, asr 8",1
"ldmdane r0, {r0} ^",1
"andlo r0, r0, r5, rrx",1
invalid,1
"ldrtvs r5, [ip], r0",1
"strbtvs r0, [r4], r0",1
"andeq r0, r1, r0",1
"rsbeq pc, r6, r0, asr r8",1
"rsbeq r1, r7, r0",1
"andpl r0, r0, r0, lsl 2",1
"andeq r6, r0, r0, lsl r7",1
"andeq r6, r0, r0, lsr 14",1
"ldrblo r0, [r4], -1",1
"andvs r0, r0, r7, rrx",1
invalid,1
"ldrvs r5, [r4, r0]",1
"ldrvs r0, [r0, r0]!",1
"andeq r0, r1, r0",1
"rsbeq lr, r7, r0, asr r4",1
"rsbeq r0, r8, r0",1
"andpl r0, r0, r0, lsl 2",1
"andeq r6, r0, r4, lsl r8",1
"andeq r6, r0, ip, lsl sl",1
"subsvs r0, r4, r1",1
"strvs r0, [r0], -0x6a",1
invalid,1
blvs 0xfe85eb7c,1
blvs 0xff549b80,1
"andeq r0, r1, r0",1
"rsbeq sl, sp, r4, asr ip",1
"rsbeq ip, sp, r0, lsl 16",1
"strpl r0, [r0], -0x100",1
"andeq r0, r0, r0",1
"andeq r0, r0, r0",1
"strheq r5, [r0], -r4",1
"strheq r5, [r0], -r8",1
"ldmdalt r0, {r0} ^",1
invalid,1
"qaddeq r0, fp, r0",1
"andeq r5, r0, r0, lsl 20",1
"andeq r0, r0, r0",1
"ldcpl p0, c0, [r0], -0",1
"stcpl p0, c0, [ip, -0]",1
"andeq r0, r2, r0",1
blvs 0xffb68e08,1
blvs 0xffd49bc8,1
"andeq r0, r2, r0",1
"muleq r0, r1, ip",1
"andeq r0, r0, r0",1
"ldcpl p0, c0, [r0], -0",1
"stcpl p0, c0, [ip, -0]",1
"andeq r0, r1, r0",1
"rsbeq lr, fp, r6, asr ip",1
"rsbeq pc, fp, r0, lsl 8",1
"strpl r0, [r0], -r0, lsl 2",1
"andeq r0, r0, r0",1
"andeq r0, r0, r0",1
"andeq r5, r0, r0, lsr ip",1
"andeq r5, r0, ip, lsl 26",1
"ldrle r0, [r1], 3",1
"rsbeq lr, fp, lr, ror ip",1
"rsbeq pc, fp, r0, lsl 8",1
"mrsls r0, lr_irq",1
"ldrdeq r7, r8, [r0], -r4",1
"andeq r0, r0, r0",1
"ldcpl p0, c0, [r0], -0",1
"stcpl p0, c0, [ip, -0]",1
"andeq r0, r3, r0",1
"ldcl p12, c12, [lr], -0x244",1
"vst4.16 {d0, d1, d2, d3}, [r0:0x80], fp",1
"movweq r0, 0x6b",1
"cdpvc p1, 0xc, c9, c12, c0, 0",1
"andeq r0, r0, r0",1
"andeq r0, r0, r0",1
"andeq r5, r0, r0, lsr ip",1
"andeq r5, r0, r4, asr 24",1
"ldrbmi r0, [r1], -1",1
"vst4.16 {d0, d1, d2, d3}, [r0:0x40], ip",1
"qaddeq r0, ip, r0",1
"ldclpl p4, c5, [r4], 0",1
"stcpl p0, c0, [ip, -0]",1
"andeq r0, r4, r0",1
svcls 0x5101f3,1
"andeq r6, r0, ip, ror 23",1
"strdeq r6, r7, [r0], -r4",1
invalid,1
"andeq sb, r0, r1, asr pc",1
"andeq r0, r0, r0",1
"ldcpl p0, c0, [r0], -0",1
"stcpl p0, c0, [ip, -0]",1
"andeq r0, r3, r0",1
"ldcl p8, c13, [lr], -0x244",1
"vst4.16 {d0, d1, d2, d3}, [r0:0x80], fp",1
"movweq r0, 0x6b",1
"cdpvc p1, 0xd, c9, c8, c0, 0",1
"andeq r0, r0, r0",1
"andeq r0, r0, r0",1
"andeq r5, r0, r0, lsr ip",1
"andeq r5, r0, ip, lsl 26",1
"mrrc p0, 0, r0, r5, c1",1
"vst4.16 {d0, d1, d2, d3}, [r0:0x80], fp",1
invalid,1
"andeq r5, r0, r0, lsl 10",1
"andeq r0, r0, r0",1
"stcpl p0, c0, [r4], {0}",1
"ldcpl p0, c0, [r7], 0",1
"andeq r0, r1, r0",1
"subseq ip, ip, r0, asr ip",1
"subseq lr, ip, r0, lsl 30",1
invalid,1
"strdeq r5, r6, [r0], -r0",1
"andeq r5, r0, ip, lsl 26",1
"subseq r0, r0, r1",1
"andeq r0, r0, r0",1
"strlo r0, [r0], -0",1
invalid,1
"qaddeq r0, sp, r0",1
blvs 0xffb5f8e8,1
blvs 0xffd49cec,1
"andeq r0, r1, r0",1
"andeq r0, r0, r7, asr r0",1
"andeq r0, r0, r0",1
"subseq r0, sp, r0, lsl 24",1
"rsbeq ip, r3, r0, lsl 24",1
"mrsls r0, r8_usr",1
"rsbeq sp, fp, ip, ror ip",1
"rsbeq lr, fp, r0, lsl 8",1
"mrsls r0, r8_usr",1
"rsbeq pc, fp, ip, ror r4",1
"rsbeq r7, sp, r0, lsl 24",1
"mrsls r0, r8_usr",1
"andeq r0, r0, ip, ror r0",1
"andeq r0, r0, r0",1
"subseq r0, sp, r0, lsl 24",1
"rsbeq ip, r3, r0, lsl 24",1
"mrsls r0, lr_irq",1
blvs 0xff769884,1
blvs 0xff949d38,1
"andeq r0, r3, r0",1
invalid,1
invalid,1
"movweq r0, 0x6d",1
"cdpvc p1, 0xd, c9, c4, c0, 0",1
"andeq r0, r0, r0",1
"andeq r0, r0, r0",1
"andeq r5, r0, ip, lsl 26",1
"andeq r6, r0, ip, asr 7",1
"ldcgt p0, c0, [r1], {3}",1
"rsbeq sp, fp, lr, ror ip",1
"rsbeq lr, fp, r0, lsl 8",1
"mrsls r0, lr_irq",1
blvs 0xffd698a0,1
"ldclvs p0, c0, [ip, -0]!",1
"andeq r0, r3, r0",1
invalid,1
"andeq r0, r0, r0",1
invalid,1
"stmdalo r0, {r0, r2, r3, r4, r6}",1
"qaddeq r0, lr, r0",1
"cdppl p5, 3, c5, c8, c0, 0",1
invalid,1
"andeq r0, r3, r0",1
invalid,1
"strvs r0, [r0], -0x6b",1
"movweq r0, 0x6d",1
"cdpvc p1, 0xd, c9, c0, c0, 0",1
"andeq r0, r0, r0",1
"andeq r0, r0, r0",1
"andeq r5, r0, ip, lsl 26",1
"andeq r6, r0, ip, asr 7",1
"ldmle r1, {r0, r1}",1
"rsbeq sp, fp, lr, ror ip",1
"rsbeq lr, fp, r0, lsl 8",1
"mrsls r0, lr_irq",1
blvs 0xffd6992c,1
"ldclvs p0, c0, [ip, -0]!",1
"andeq r0, r3, r0",1
invalid,1
"andeq r0, r0, r0",1
"strhs r0, [r0], -0",1
"stmdahs r0, {r0, r2, r3, r4, r6}",1
"qaddeq r0, sp, r0",1
"stcpl p0, c5, [r8, -0]!",1
"bicvs r0, ip, 0",1
"andeq r0, r1, r0",1
"rsbeq sp, fp, sl, asr ip",1
"rsbeq lr, fp, r0, lsl 8",1
bpl 0x4a200,1
"strdeq r6, r7, [r0], -r4",1
"andeq r6, r0, ip, ror sp",1
"subseq r0, sl, r1",1
"andeq r0, r0, r0",1
"andlo r0, r0, r0",1
"strmi r0, [r0], -0x5d",1
"qaddeq r0, sp, r0",1
"stclpl p0, c5, [r4, -0]",1
"stclpl p0, c0, [r0, -0]!",1
"andeq r0, r1, r0",1
"subseq r6, sp, sb, asr r0",1
"subseq r6, sp, r0, lsl 8",1
"andpl r0, r0, r0, lsl 2",1
"andeq r5, r0, r4, ror 26",1
"andeq r6, r0, ip, asr 7",1
"mrrcle p0, 0, r0, sb, c1",1
"str r0, [r0], -0x6b",1
invalid,1
blvs 0xffd6024c,1
"ldclvs p0, c0, [ip, -0]!",1
"andeq r0, r1, r0",1
"andeq r0, r0, sb, asr r0",1
"andeq r0, r0, r0",1
"subseq r0, sp, r0, lsl 24",1
"rsbeq ip, r3, r0, lsl 24",1
"andlo r0, r0, r0, lsl 4",1
"mlseq fp, pc, ip, sp",1
"rsbeq lr, fp, r0, lsl 8",1
"andlo r0, r0, r0, lsl 4",1
"mlseq fp, pc, r4, pc",1
"rsbeq r7, sp, r0, lsl 24",1
"andlo r0, r0, r0, lsl 4",1
"muleq r0, pc, r0",1
"andeq r0, r0, r0",1
"subseq r0, sp, r0, lsl 24",1
"subseq r3, lr, r0, lsl 16",1
"andlo r0, r0, r0, lsl 4",1
invalid,1
"rsbeq fp, r3, r0, lsl 16",1
"mrsls r0, lr_irq",1
blvs 0xffd69a24,1
"stclvs p0, c0, [ip], 0",1
"andeq r0, r3, r0",1
invalid,1
"strvs r0, [r0], -0x6c",1
"movweq r0, 0x6d",1
"cdpvc p1, 0xe, c9, c0, c0, 0",1
"andeq r0, r0, r0",1
"andeq r0, r0, r0",1
"andeq r5, r0, ip, lsl 26",1
"andeq r5, r0, r8, lsr lr",1
svcls 0x300002,1
"andeq r5, r0, r8, lsr lr",1
"andeq r6, r0, r4, asr r1",1
"ldr r0, [r1], 3",1
"rsbeq r5, r1, lr, ror r4",1
"rsbeq r5, r1, r0, lsl 30",1
"movwpl r0, 0x100",1
"andeq r6, r0, pc, asr r1",1
"strheq r6, [r0], -r8",1
"ldr r0, [r1], 3",1
"rsbeq pc, fp, lr, ror r4",1
"rsbeq r6, sp, r0, lsl 8",1
"mrsls r0, lr_irq",1
"andeq r7, r0, r4, ror 29",1
"andeq r0, r0, r0",1
"ldcpl p0, c0, [r4, -0]",1
"bicvs r0, ip, 0",1
"andeq r0, r3, r0",1
"ldrbtne pc, [lr], -0x491",1
"strle r0, [r0], -0x68",1
"movweq r0, 0x6b",1
"cdpvc p1, 0xf, c9, c4, c0, 0",1
"ldrdeq r6, r7, [r0], -ip",1
"andeq r6, r0, ip, ror 23",1
invalid,1
"rsbeq pc, fp, lr, ror r4",1
"rsbeq r7, sp, r0, lsl 24",1
"mrsls r0, lr_irq",1
"stcvs p14, c7, [ip, 0x3d0]!",1
"cdpvs p0, 2, c0, c12, c0, 0",1
"andeq r0, r3, r0",1
invalid,1
"andeq r0, r0, r0",1
"strne r0, [r0], -0",1
"stmdage r0, {r0, r2, r3, r4, r6}",1
"andeq r0, r0, 0x5d",1
"ldmge pc, {ip, sp}",1
"stmdaeq r0, {r0, r2, r3, r4, r6}",1
"andeq r0, r0, 0x5e",1
"ldmeq pc, {r8, ip, sp}",1
"stmdalt r0, {r1, r2, r3, r4, r6}",1
"movweq r0, 0x63",1
"cdpvc p1, 0xe, c9, c8, c0, 0",1
"strdeq r6, r7, [r0], -r4",1
"andeq r6, r0, r4, ror 26",1
"ldm r1, {r0, r1}",1
"andeq r0, r0, lr, ror r0",1
"andeq r0, r0, r0",1
"rsbeq r5, r3, r0, lsl 16",1
"rsbeq r5, r3, r0, lsl 24",1
"andpl r0, r0, r0, lsl 2",1
"andeq r6, r0, ip, asr r3",1
"andeq r6, r0, r7, ror 6",1
"ldmdavs r1, {r0} ^",1
"strvc r0, [r0], -0x63",1
invalid,1
"orrsvs r5, ip, 0",1
invalid,1
"andeq r0, r1, r0",1
"rsbeq r3, sp, r0, asr r4",1
"rsbeq r3, sp, r0, lsl 16",1
"strpl r0, [r0], -0x100",1
"andeq r6, r0, r8, asr sp",1
"andeq r6, r0, r4, ror 26",1
"subseq r0, r0, r1",1
"andeq r0, r0, r0",1
"strvc r0, [r0], -0",1
"stmdalt r0, {r0, r2, r3, r4, r6}",1
"qaddeq r0, sp, r0",1
"ldcpl p0, c5, [r8, 0]!",1
"stclpl p0, c0, [r4, 0]!",1
"andeq r0, r1, r0",1
"subseq lr, sp, fp, asr r4",1
"subseq r3, lr, r0, lsl 16",1
"andpl r0, r0, r0, lsl 2",1
"andeq r5, r0, r8, lsr lr",1
"muleq r0, r0, lr",1
"subsls r0, fp, r1",1
invalid,1
"qaddeq r0, lr, r0",1
"cdppl p0, 0xd, c5, c12, c0, 0",1
svcpl 0x440000,1
"andeq r0, r1, r0",1
"subseq r4, pc, fp, asr r4",1
"subseq sb, pc, r0, lsl 16",1
"andpl r0, r0, r0, lsl 2",1
"muleq r0, r8, pc",1
"andeq r6, r0, ip, asr 7",1
invalid,1
"strvc r0, [r0], -0x6b",1
invalid,1
invalid,1
"stclvs p0, c0, [ip], {0}",1
"andeq r0, r1, r0",1
"rsbeq ip, ip, r0, asr ip",1
"rsbeq r6, sp, r0, lsl 8",1
blpl 0x4a450,1
"andeq r0, r0, r0",1
"andeq r0, r0, r0",1
"andeq r5, r0, r4, lsl sp",1
"andeq r5, r0, r8, lsr lr",1
svcls 0x310002,1
"andeq r5, r0, r8, lsr lr",1
"andeq r5, r0, r4, ror 28",1
"ldrbvs r0, [r3], -1",1
"smlsdvs r0, lr, r0, r0",1
"movweq r0, 0x5e",1
"cdpvc p1, 0xc, c9, c0, c0, 0",1
"andeq r5, r0, ip, ror lr",1
"strheq r6, [r0], -r8",1
svcls 0x300002,1
"strdeq r6, r7, [r0], -r4",1
"andeq r6, r0, r4, ror 26",1
svcls 0x300002,1
"andeq r0, r0, r0",1
"andeq r0, r0, r0",1
"andeq r5, r0, r8, ror 28",1
"andeq r5, r0, r0, lsl 29",1
"subslo r0, r0, r1",1
"strlo r0, [r0], -0x5f",1
"qaddeq r0, pc, r0",1
"stcvs p0, c5, [r4], -0",1
"ldcvs p0, c0, [ip], -0",1
"andeq r0, r1, r0",1
"andeq r0, r0, r0, asr r0",1
"andeq r0, r0, r0",1
"subseq r3, lr, r0, lsl 16",1
"subseq lr, lr, r0, lsl 24",1
"andlo r0, r0, r0, lsl 4",1
invalid,1
"subseq r3, pc, r0",1
"andpl r0, r0, r0, lsl 2",1
"strdeq r6, r7, [r0], -r4",1
"andeq r6, r0, r8, lsl ip",1
"ldmdane r0, {r0} ^",1
"movwhs r0, 0x6c",1
invalid,1
"andeq r5, r0, r0, lsl 6",1
"andeq r0, r0, r0",1
"cdppl p0, 3, c0, c8, c0, 0",1
svcpl 0x300000,1
"andeq r0, r2, r0",1
svcpl 0x309f30,1
invalid,1
"andeq r0, r2, r0",1
invalid,1
"eorsvs r0, r0, 0",1
"andeq r0, r2, r0",1
invalid,1
invalid,1
"andeq r0, r2, r0",1
blvs 0xffd71dec,1
"ldcvs p0, c0, [ip], -0",1
"andeq r0, r2, r0",1
"ldcvs p15, c9, [ip], -0xc4",1
"stclvs p0, c0, [r0], -0",1
"andeq r0, r2, r0",1
"stclvs p15, c9, [r0], -0xc0",1
"stcvs p0, c0, [r4, -0]",1
"andeq r0, r2, r0",1
"stcvs p15, c9, [r4, -0xc4]",1
"stcvs p0, c0, [ip, -0]!",1
"andeq r0, r2, r0",1
"andeq sb, r0, r0, lsr pc",1
"andeq r0, r0, r0",1
svcpl 0x580000,1
invalid,1
"andeq r0, r4, r0",1
svcls 0x7f8091,1
"andeq r6, r0, r0, ror 24",1
"andeq r6, r0, r4, lsl 26",1
"addshi r0, r1, r4",1
"andeq sb, r0, pc, ror pc",1
"andeq r0, r0, r0",1
svcpl 0x580000,1
invalid,1
"andeq r0, r4, r0",1
svcls 0x7ef891,1
"andeq r6, r0, r0, ror 24",1
"andeq r6, r0, r4, lsl 26",1
invalid,1
"andeq sb, r0, lr, ror pc",1
"andeq r0, r0, r0",1
svcpl 0x580000,1
invalid,1
"andeq r0, r6, r0",1
"strdeq sp, lr, [r6, -r2]",1
"stclvs p0, c0, [r0], -0",1
"stcvs p0, c0, [r4, -0]",1
"andeq r0, r6, r0",1
"strdeq sp, lr, [r6, -r2]",1
"andeq r0, r0, r0",1
"andeq r0, r0, r0",1
svcpl 0x580000,1
"rscsvs r0, r0, r0",1
"andeq r0, r1, r0",1
"rsbeq r6, ip, r4, asr r0",1
"rsbeq pc, ip, r0, lsl 16",1
"strpl r0, [r0], -0x100",1
"andeq r0, r0, r0",1
"andeq r0, r0, r0",1
"andeq r5, r0, r8, asr pc",1
"andeq r6, r0, r8, lsr 2",1
"subsvs r0, sl, r1",1
"streq r0, [r0], -0x6c",1
invalid,1
"andeq r5, r0, r0, lsl 20",1
"andeq r0, r0, r0",1
svcpl 0x580000,1
invalid,1
"andeq r0, r3, r0",1
invalid,1
"streq r0, [r0], -0x6c",1
"movweq r0, 0x6d",1
"cdpvc p1, 0xd, c9, c4, c0, 0",1
"andeq r0, r0, r0",1
"andeq r0, r0, r0",1
"andeq r5, r0, r8, ror 31",1
"andeq r6, r0, fp, lsl r0",1
"ldrbhs r0, [r0], -1",1
"stmdahs r0, {r5, r6}",1
invalid,1
"andeq r5, r0, r0",1
"andeq r0, r0, r0",1
"andvs r0, r4, r0",1
"subvs r0, r4, r0",1
"andeq r0, r1, r0",1
"rsbeq r4, r0, r6, asr r8",1
"rsbeq r4, r0, r0, lsl 24",1
"strpl r0, [r0], -r0, lsl 2",1
"andeq r0, r0, r0",1
"andeq r0, r0, r0",1
"andeq r6, r0, ip, ror 1",1
"strdeq r6, r7, [r0], -r0",1
svcls 0x300002,1
"andeq r6, r0, ip, lsl r1",1
"andeq r6, r0, r8, lsr 2",1
invalid,1
"streq r0, [r0], -0x6c",1
invalid,1
"andeq r5, r0, r0, lsl 8",1
"andeq r0, r0, r0",1
"eorvs r0, r8, r0",1
invalid,1
"andeq r0, r1, r0",1
"rsbeq ip, ip, r7, asr ip",1
"rsbeq lr, ip, r0, lsl 24",1
"strpl r0, [r0, -r0, lsl 2]",1
"strdeq r6, r7, [r0], -r8",1
"andeq r6, r0, r4, lsl 26",1
"subseq r0, r7, r1",1
"andeq r0, r0, r0",1
invalid,1
"stmdahs r0, {r5, r6}",1
invalid,1
"stclvs p6, c5, [ip], {0}",1
"stclvs p0, c0, [ip], 0",1
"andeq r0, r1, r0",1
"rsbeq pc, ip, r6, asr r8",1
"rsbeq r0, sp, r0, lsl 8",1
"strpl r0, [r0], -r0, lsl 2",1
"andeq r0, r0, r0",1
"andeq r0, r0, r0",1
"andeq r6, r0, r8, lsl r0",1
"andeq r6, r0, fp, lsl r0",1
"subseq r0, r0, r1",1
"andeq r0, r0, r0",1
invalid,1
"strmi r0, [r0], -0x60",1
invalid,1
"andeq r5, r0, r0, lsl 12",1
"andeq r0, r0, r0",1
"adcvs r0, r8, r0",1
"adcvs r0, ip, r0",1
"andeq r0, r1, r0",1
"rsbeq sl, r0, r0, asr ip",1
"rsbeq ip, r0, r0, lsl 24",1
"mrsls r0, lr_irq",1
"stclvs p14, c7, [r4], 0x3b0",1
"stclvs p0, c0, [ip], 0",1
"andeq r0, r3, r0",1
invalid,1
"andeq r0, r0, r0",1
"strlt r0, [r0], -0",1
invalid,1
invalid,1
"stclvs p0, c5, [r4], 0",1
"stclvs p0, c0, [ip], 0",1
"andeq r0, r1, r0",1
"andeq r0, r0, r0, asr r0",1
"andeq r0, r0, r0",1
"rsbeq sb, r0, r0",1
"rsbeq sl, r0, r0, lsl 6",1
"movwpl r0, 0x100",1
"andeq r6, r0, r3, lsr 1",1
"andeq r6, r0, ip, asr 1",1
"adds r0, r1, r3",1
"rsbeq lr, ip, lr, ror r4",1
"rsbeq lr, ip, r0, lsl 24",1
"mrsls r0, lr_irq",1
"andeq r7, r0, r0, ror 29",1
"andeq r0, r0, r0",1
invalid,1
invalid,1
"andeq r0, r1, r0",1
"rsbeq sl, r3, r0, asr r8",1
"rsbeq sl, r3, r0, lsl 24",1
"andpl r0, r0, r0, lsl 2",1
"andeq r0, r0, r0",1
"andeq r0, r0, r0",1
"andeq r6, r0, ip, lsl 3",1
"strheq r6, [r0], -r4",1
"ldrbeq r0, [r4], -1",1
"stmdane r0, {r0, r2, r3, r5, r6}",1
invalid,1
"andeq r5, r0, r0, lsl 8",1
"andeq r0, r0, r0",1
"orrvs r0, ip, r0",1
"movsvs r0, r0",1
"andeq r0, r6, r0",1
"strdeq lr, pc, [r6, -r2]",1
"stcvs p0, c0, [r4, -0]",1
"ldcvs p0, c0, [r8, -0]",1
"andeq r0, r6, r0",1
"strdeq lr, pc, [r6, -r2]",1
"andeq r0, r0, r0",1
"andeq r0, r0, r0",1
"orrvs r0, ip, r0",1
"movsvs r0, r0",1
"andeq r0, r1, r0",1
"rsbeq r0, sp, sb, asr r4",1
"rsbeq r1, sp, r0, lsl 16",1
"stmdbpl r0, {r8}",1
"andeq r0, r0, r0",1
"andeq r0, r0, r0",1
"andeq r6, r0, ip, lsl 3",1
"strheq r6, [r0], -r4",1
"ldrbeq r0, [sl], -1",1
"stmdane r0, {r0, r2, r3, r5, r6}",1
invalid,1
"andeq r5, r0, r0, lsl 20",1
"andeq r0, r0, r0",1
"movsvs r0, r0",1
"mvnvs r0, r0",1
"andeq r0, r1, r0",1
"rsbeq r1, sp, r4, asr r8",1
"rsbeq r2, sp, r0, lsl 24",1
"strpl r0, [r0], -0x100",1
"andeq r0, r0, r0",1
"andeq r0, r0, r0",1
"strheq r6, [r0], -r8",1
"andeq r6, r0, r0, ror 3",1
"ldclgt p0, c0, [r2, 0x18]!",1
"andeq r0, r0, r6, lsl 2",1
"andeq r6, r0, r8, lsl sp",1
"andeq r6, r0, ip, lsr 26",1
"ldclgt p0, c0, [r2, 0x18]!",1
"andeq r0, r0, r6, lsl 2",1
"andeq r0, r0, r0",1
"andeq r0, r0, r0",1
"strheq r6, [r0], -r8",1
"andeq r6, r0, r0, ror 3",1
"ldmdane sb, {r0} ^",1
invalid,1
invalid,1
"andeq r5, r0, r0, lsl 18",1
"andeq r0, r0, r0",1
"movsvs r0, r0",1
"mvnvs r0, r0",1
"andeq r0, r1, r0",1
"rsbeq r1, sp, sl, asr r8",1
"rsbeq r2, sp, r0, lsl 24",1
bpl 0x4a8a0,1
"andeq r0, r0, r0",1
"andeq r0, r0, r0",1
"andeq r6, r0, r0, asr 3",1
"andeq r6, r0, ip, asr 3",1
"ldmdane r0, {r0} ^",1
invalid,1
invalid,1
"andeq r5, r0, r0",1
"andeq r0, r0, r0",1
invalid,1
"cmpvs r8, 0",1
"andeq r0, r1, r0",1
"rsbeq r5, r3, r0, asr r8",1
"rsbeq r6, r3, r0, lsl 24",1
"strpl r0, [r0], -0x100",1
"andeq r6, r0, ip, lsr 26",1
"andeq r6, r0, r0, lsr sp",1
"subslo r0, r0, r1",1
"stmdalo r0, {r0, r2, r3, r5, r6}",1
invalid,1
"ldcvs p4, c5, [r8, -0]!",1
"stclvs p0, c0, [ip, -0]",1
"andeq r0, r1, r0",1
"rsbeq r4, sp, r0, asr ip",1
"rsbeq r6, sp, r0, lsl 8",1
"strpl r0, [r0], -0x100",1
"andeq r0, r0, r0",1
"andeq r0, r0, r0",1
"andeq r6, r0, r8, lsr 6",1
"andeq r6, r0, ip, lsr r3",1
svcls 0x300002,1
"andeq r6, r0, ip, asr 6",1
"andeq r6, r0, r8, asr r3",1
"mrrchs p0, 0, r0, r3, c1",1
"movwlo r0, 0x6d",1
invalid,1
"andeq r5, r0, r0, lsl 6",1
"andeq r0, r0, r0",1
"ldrbvs r0, [r4, -0]",1
"strvs r0, [r4], -r0",1
"andeq r0, r1, r0",1
"rsbeq r7, sp, r5, asr ip",1
"rsbeq sl, sp, r0, lsl 24",1
"strpl r0, [r0, -0x100]",1
"andeq r0, r0, r0",1
"andeq r0, r0, r0",1
"andeq r6, r0, r4, asr r5",1
"andeq r6, r0, r4, lsl 11",1
svcls 0x300002,1
"andeq r6, r0, r4, lsl 11",1
"andeq r6, r0, r4, lsr 11",1
svcls 0x340002,1
"andeq r6, r0, r4, lsr 11",1
"andeq r6, r0, r4, lsl 12",1
"mrrcvc p0, 0, r0, r6, c1",1
"stmdahi r0, {r0, r2, r3, r5, r6}",1
"andeq r0, r0, 0x6d",1
"ldmhi pc, {ip, sp}",1
"andls r0, r0, sp, rrx",1
"andeq r0, r0, 0x6d",1
"addsls r3, pc, r0, lsl 8",1
invalid,1
invalid,1
"andeq r5, r0, r0, lsl 12",1
"andeq r0, r0, r0",1
"ldrbvs r0, [r0]",1
"ldrbvs r0, [r4, 0]!",1
"andeq r0, r1, r0",1
"rsbeq pc, r5, r3, asr r4",1
"rsbeq r0, r6, r0, lsl 8",1
"andlo r0, r0, r0, lsl 4",1
"muleq r0, pc, r0",1
"andeq r0, r0, r0",1
"rsbeq r5, r5, r0, lsl 8",1
"rsbeq r8, r5, r0, lsl 8",1
"andlo r0, r0, r0, lsl 4",1
"mlseq r5, pc, r4, r8",1
"rsbeq sl, r5, r0, lsl 8",1
"stmdaeq r0, {r8, sb}",1
"strbvs sb, [r4, 0xf80]!",1
"strvs r0, [r4], -r0",1
"andeq r0, r1, r0",1
"rsbeq r7, sp, r4, asr ip",1
"rsbeq r8, sp, r0, lsl 16",1
"andlo r0, r0, r0, lsl 4",1
"mlseq sp, pc, r8, r8",1
"rsbeq sb, sp, r0",1
"stmdaeq r0, {r8, sb}",1
"ldcvs p15, c9, [r0, 0x200]",1
"stcvs p0, c0, [ip, 0]!",1
"andeq r0, r1, r0",1
"andeq r0, r0, r4, asr r0",1
"andeq r0, r0, r0",1
"rsbeq r6, r5, r0, lsl 8",1
"rsbeq sl, r5, r0, lsl 8",1
"andlo r0, r0, r0, lsl 4",1
"mlseq sp, pc, r8, r8",1
"rsbeq sb, sp, r0",1
"andlo r0, r0, r0, lsl 4",1
"muleq r0, pc, r0",1
"andeq r0, r0, r0",1
"rsbeq r6, r5, r0, lsl 8",1
"rsbeq sl, r5, r0, lsl 8",1
invalid,1
invalid,1
"mlseq sp, pc, r8, r8",1
"rsbeq sb, sp, r0",1
invalid,1
invalid,1
"muleq r0, pc, r0",1
"andeq r0, r0, r0",1
"rsbeq r6, r5, r0, lsl 8",1
"rsbeq sl, r5, r0, lsl 8",1
"cdpls p6, 0, c0, c0, c0, 0",1
invalid,1
"rsbeq r8, sp, r7, lsl 17",1
"rsbeq sb, sp, r0",1
"cdpls p6, 0, c0, c0, c0, 0",1
invalid,1
"andeq r0, r0, r7, lsl 1",1
"andeq r0, r0, r0",1
"rsbeq r6, r5, r0, lsl 8",1
"rsbeq sl, r5, r0, lsl 8",1
invalid,1
invalid,1
"mlseq sp, pc, r8, r8",1
"rsbeq sb, sp, r0",1
invalid,1
invalid,1
"muleq r0, pc, r0",1
"andeq r0, r0, r0",1
"rsbeq sb, r5, r0",1
"rsbeq sl, r5, r0, lsl 8",1
"andmi r0, r0, r0, lsl 4",1
"muleq r0, pc, r0",1
"andeq r0, r0, r0",1
"rsbeq sb, r5, r0",1
"rsbeq sb, r5, r0, lsl 8",1
"strvc r0, [r0, -0x400]",1
"ldrls r0, [pc], 0xf0        ; [0x4a6d0:4]=0x1000065",1
svcls 0x65,1
invalid,1
"ldrvs r5, [pc]              ; [0x4a6dc:4]=0x40000",1
"strvs r0, [r4, 0]!",1
"andeq r0, r4, r0",1
svcls 0xf075,1
"andeq r0, r0, r0",1
"andeq r0, r0, r0",1
"muleq r0, r0, r5",1
"andeq r6, r0, r4, lsr 11",1
svcls 0x300002,1
"andeq r0, r0, r0",1
"andeq r0, r0, r0",1
"andeq r6, r0, ip, asr 12",1
"andeq r6, r0, ip, asr r6",1
"subshi r0, r0, r1",1
"andls r0, r0, r6, rrx",1
invalid,1
"ldrvs r5, [r0], r0",1
"strbtvs r0, [r4], r0",1
"andeq r0, r1, r0",1
"andeq r0, r0, r6, asr r0",1
"andeq r0, r0, r0",1
"rsbeq sl, r6, r0, lsl 8",1
"rsbeq sl, r6, r0, lsl 16",1
"andpl r0, r0, r0, lsl 2",1
"andeq r6, r0, r8, lsr 13",1
"andeq r6, r0, r4, ror 13",1
"subseq r0, r7, r1",1
"andeq r0, r0, r0",1
invalid,1
invalid,1
"andeq r0, r0, 0x69",1
"ldclge p1, c9, [ip], -0",1
"stmdagt r0, {r0, r2, r3, r5, r6}",1
"andeq r0, r0, 0x6d",1
"rsbseq sb, ip, r0, lsl 2",1
"andeq r0, r0, r0",1
invalid,1
invalid,1
"movweq r0, 0x69",1
"cdpvc p1, 0xd, c9, c4, c0, 0",1
"andeq r6, r0, ip, lsr 27",1
"andeq r6, r0, r8, asr 27",1
"ldrle r0, [r1], 3",1
"andeq r0, r0, lr, ror r0",1
"andeq r0, r0, r0",1
"rsbeq r2, r8, r0, lsl 24",1
"rsbeq r4, r8, r0, lsl 24",1
"mrsls r0, lr_irq",1
"stmdavs ip, {r2, r3, r6, r7, sb, sl, fp, ip, sp, lr} ^",1
invalid,1
"andeq r0, r1, r0",1
"rsbeq r5, r8, ip, asr fp",1
"rsbeq fp, sb, r0",1
"mrsls r0, lr_irq",1
"ldmibvs r0!, {r2, r3, r6, r7, sb, sl, fp, ip, sp, lr}",1
invalid,1
"andeq r0, r1, r0",1
"rsbeq sl, sp, ip, asr ip",1
"rsbeq ip, sp, r0, lsl 16",1
"mrsls r0, lr_irq",1
"andeq r7, r0, ip, asr 29",1
"andeq r0, r0, r0",1
invalid,1
invalid,1
"andeq r0, r1, r0",1
"rsbeq sl, sp, r5, asr ip",1
"rsbeq ip, sp, r0, lsl 16",1
"strpl r0, [r0, -0x100]",1
"andeq r0, r0, r0",1
"andeq r0, r0, r0",1
"andeq r6, r0, ip, lsr 16",1
"strheq r6, [r0], -ip",1
"ldmle r1, {r0, r1}",1
"rsbeq sl, sp, lr, ror ip",1
"rsbeq ip, sp, r0, lsl 16",1
"mrsls r0, lr_irq",1
"ldrdeq r7, r8, [r0], -r8",1
"andeq r0, r0, r0",1
invalid,1
invalid,1
"andeq r0, r1, r0",1
"rsbeq r0, sl, r4, asr r8",1
"rsbeq r1, sl, r0, lsl 24",1
"strpl r0, [r0], -0x100",1
"andeq r6, r0, ip, lsl sl",1
"andeq r6, r0, ip, lsr 20",1
"mrrchs p0, 0, r0, r7, c1",1
"andlo r0, r0, sl, rrx",1
invalid,1
bvs 0xc5e840,1
bvs 0x184a844,1
"andeq r0, r1, r0",1
"rsbeq r6, sl, r7, asr r0",1
"rsbeq r6, sl, r0, lsl 8",1
"strpl r0, [r0], -0x100",1
"andeq r6, r0, r4, ror 20",1
"andeq r6, r0, r8, ror sl",1
"ldmdavc r7, {r0} ^",1
"strhi r0, [r0], -0x6a",1
invalid,1
bvs 0xfe15e86c,1
bvs 0xff44a870,1
"andeq r0, r1, r0",1
"rsbeq sp, sl, r4, asr r0",1
"rsbeq sp, sl, r0, lsl 8",1
"andpl r0, r0, r0, lsl 2",1
"ldrdeq r6, r7, [r0], -r4",1
"andeq r6, r0, r4, lsr 22",1
"mrrcge p0, 0, r0, r4, c1",1
"stmdaeq r0, {r0, r2, r3, r5, r6}",1
invalid,1
"andeq r5, r0, r0, lsl 8",1
"andeq r0, r0, r0",1
invalid,1
invalid,1
"andeq r0, r2, r0",1
bvs 0x27256c,1
bvs 0x104a8b0,1
"andeq r0, r1, r0",1
"rsbeq r4, sl, r4, asr r0",1
"rsbeq r6, sl, r0",1
"andpl r0, r0, r0, lsl 2",1
"andeq r6, r0, r0, ror 20",1
"andeq r6, r0, r0, lsl 21",1
"subshi r0, r4, r1",1
"strhi r0, [r0], -0x6a",1
"movweq r0, 0x6a",1
"cdpvc p1, 0xd, c9, c0, c0, 0",1
"andeq r6, r0, ip, lsr 21",1
"andeq r6, r0, r4, asr 21",1
"ldrbgt r0, [r0], -1",1
"str r0, [r0], -0x6a",1
invalid,1
bvs 0xff9604f0,1
bvs 0xffe4a8f4,1
"andeq r0, r1, r0",1
"rsbeq pc, sl, r0, asr r8",1
"rsbeq r0, fp, r0, lsl 6",1
invalid,1
"andeq r6, r0, r4, lsl 22",1
"andeq r6, r0, ip, lsr 22",1
"mrrchs p0, 0, r0, r0, c1",1
"andmi r0, r0, fp, rrx",1
invalid,1
blvs 0x106051c,1
blvs 0x154a920,1
"andeq r0, r1, r0",1
"rsbeq sl, sp, r0, asr ip",1
"rsbeq ip, sp, r0, lsl 16",1
"andlo r0, r0, r0, lsl 4",1
"mlseq sp, pc, ip, sp",1
"rsbeq lr, sp, r0, lsl 16",1
"andpl r0, r0, r0, lsl 2",1
"strdeq r6, r7, [r0], -ip",1
"andeq r6, r0, r8, lsl 28",1
"subseq r0, r0, r1",1
"andeq r0, r0, r0",1
invalid,1
invalid,1
"andeq r0, r0, 0x69",1
"ldmvc pc, {ip, sp}",1
"andhi r0, r0, sl, rrx",1
invalid,1
bvs 0xfe05f968,1
blvs 0x114a96c,1
"andeq r0, r3, r0",1
"ldclge p0, c13, [lr], -0x244",1
"stmdagt r0, {r0, r2, r3, r5, r6}",1
"andeq r0, r0, 0x6d",1
"ldmgt pc, {ip, sp}",1
"stmdaeq r0, {r0, r2, r3, r5, r6}",1
"movweq r0, 0x6e",1
"cdpvc p1, 0xd, c9, c0, c0, 0",1
"andeq r0, r0, r0",1
"andeq r0, r0, r0",1
"andeq r6, r0, r8, lsl 20",1
"andeq r6, r0, ip, lsl sl",1
svcls 0x320002,1
"andeq r6, r0, r4, asr sl",1
"andeq r6, r0, r0, ror 20",1
"subsvs r0, sl, r1",1
"strvs r0, [r0], -0x6a",1
"andeq r0, r0, 0x6a",1
"addslt r3, pc, r0, lsl 4",1
"stmdane r0, {r1, r3, r5, r6}",1
invalid,1
"andeq r5, r0, r0, lsl 12",1
"andeq r0, r0, r0",1
invalid,1
invalid,1
"andeq r0, r1, r0",1
"rsbeq ip, r8, r0, asr ip",1
"rsbeq sp, r8, r0, lsl 24",1
"stmdapl r0, {r8}",1
"andeq r6, r0, ip, asr 18",1
"andeq r6, r0, r0, asr sb",1
"subslt r0, r0, r1",1
invalid,1
invalid,1
"stmibvs r4, {sb, sl, ip, lr} ^",1
bvs 0xfec4a9fc,1
"andeq r0, r1, r0",1
"rsbeq fp, sl, r6, asr r0",1
"rsbeq ip, sl, r0",1
"strvc r0, [r0], -r0, lsl 6",1
"stclvs p15, c9, [r8, 0x1f8]",1
"cdpvs p0, 0, c0, c8, c0, 0",1
"andeq r0, r1, r0",1
"andeq r0, r0, r6, asr r0",1
"andeq r0, r0, r0",1
"rsbeq r4, r8, r0, lsl 24",1
"rsbeq sp, r8, r0, lsl 24",1
"andlo r0, r0, r0, lsl 4",1
"mlseq r8, pc, ip, sp",1
"rsbeq lr, r8, r0, lsl 16",1
"andpl r0, r0, r0, lsl 2",1
"andeq r6, r0, ip, lsr sb",1
"andeq r6, r0, ip, asr 18",1
"mrrcmi p0, 0, r0, r0, c1",1
"andpl r0, r0, sb, rrx",1
"andeq r0, r0, 0x69",1
"ldrgt r3, [pc], 0           ; [0x4aa50:4]=0x100006b",1
"strpl r0, [r0], -0x69",1
invalid,1
"stclvs p8, c5, [r8]",1
"cdpvs p0, 0, c0, c8, c0, 0",1
"andeq r0, r1, r0",1
"andeq r0, r0, r8, asr r0",1
"andeq r0, r0, r0",1
"rsbeq r3, r8, r0, lsl 8",1
"rsbeq fp, sb, r0, lsl 24",1
"strpl r0, [r0, -r0, lsl 2]",1
"strheq r6, [r0], -r4",1
"andeq r6, r0, r8, asr 27",1
"subseq r0, r7, r1",1
"andeq r0, r0, r0",1
"andls r0, r0, r0",1
svcls 0x6a,1
"andeq r0, r0, 0x6a",1
"andseq r7, r4, r0, lsl 8",1
"andeq r0, r0, r0",1
invalid,1
"andlo r0, r0, lr, rrx",1
"andeq r0, r0, 0x6e",1
"andlo r7, r0, r0, lsl 26",1
"strlo r0, [r0], -0x6e",1
"andeq r0, r0, 0x6e",1
"strtlo r7, [r4], -0xd00",1
invalid,1
"andeq r0, r0, 0x6f",1
"eorseq r7, r8, r0, lsl 26",1
"andeq r0, r0, r0",1
invalid,1
svcpl 0x6e,1
invalid,1
"cdpvs p0, 5, c5, c15, c0, 0",1
svcvs 0x6c0000,1
"andeq r0, r1, r0",1
"andeq r0, r0, sb, asr r0",1
"andeq r0, r0, r0",1
"rsbeq r2, lr, r0, lsl 24",1
"rsbeq r5, lr, r0, lsl 30",1
invalid,1
"andeq r6, r0, pc, asr lr",1
"andeq r6, r0, ip, ror 30",1
"subseq r0, sl, r1",1
"andeq r0, r0, r0",1
invalid,1
svcpl 0x6e,1
invalid,1
"cdpvs p2, 5, c5, c15, c0, 0",1
svcvs 0x6c0000,1
"andeq r0, r1, r0",1
"andeq r0, r0, r8, asr r0",1
"andeq r0, r0, r0",1
"rsbeq r2, lr, r0, lsl 24",1
"rsbeq r5, lr, r0, lsl 30",1
"movwpl r0, 0x100",1
"andeq r6, r0, pc, asr lr",1
"andeq r6, r0, ip, ror 30",1
"subseq r0, fp, r1",1
"andeq r0, r0, r0",1
"strvs r0, [r0], -0",1
invalid,1
invalid,1
"cdpvs p0, 7, c5, c12, c0, 0",1
"cdpvs p0, 0xc, c0, c12, c0, 0",1
"andeq r0, r1, r0",1
"rsbeq sp, lr, r4, asr r0",1
"rsbeq r2, pc, r0, lsl 16",1
"strpl r0, [r0], -0x100",1
"andeq r6, r0, ip, lsr 30",1
"andeq r6, r0, r4, lsr pc",1
"ldmdalo r4, {r0} ^",1
invalid,1
invalid,1
"andeq r5, r0, r0, lsl 8",1
"andeq r0, r0, r0",1
"cdpvs p0, 9, c0, c12, c0, 0",1
"cdpvs p0, 0xb, c0, c12, c0, 0",1
"andeq r0, r1, r0",1
"rsbeq fp, lr, r0, asr ip",1
"rsbeq sp, lr, r0",1
"strpl r0, [r0, -0x100]",1
"ldrdeq r6, r7, [r0], -r0",1
"andeq r6, r0, r0, ror 29",1
"subs r0, r0, r1",1
invalid,1
invalid,1
svcvs 0x2c5500,1
svcvs 0x380000,1
"andeq r0, r1, r0",1
"rsbeq r3, pc, r0, asr r8",1
"rsbeq r3, pc, r0, lsl 24",1
"strpl r0, [r0, -0x100]",1
"andeq r0, r0, r0",1
"andeq r0, r0, r0",1
"andeq r6, r0, r4, asr lr",1
"andeq r6, r0, pc, asr lr",1
svcpl 0x5c0001,1
invalid,1
"andeq r0, r0, 0x6f",1
"subeq sb, ip, r0, lsl 2",1
"andeq r0, r0, r0",1
invalid,1
"andeq r0, r0, lr, rrx",1
invalid,1
svcvs 0x385000,1
svcvs 0x3c0000,1
"andeq r0, r1, r0",1
"andeq r0, r0, r0, asr r0",1
"andeq r0, r0, r0",1
"rsbeq r6, pc, r0, lsl 24",1
"rsbeq r7, pc, r0",1
"stcvc p2, c0, [r0, -0]",1
"rsbeq r7, pc, r0",1
"rsbeq r7, pc, r0, lsl 8",1
"stcvc p2, c0, [r0, -0]",1
"rsbeq r7, pc, r4, lsr 8",1
"rsbseq r7, r0, r0, lsl 24",1
"stcvc p2, c0, [r0, -0]",1
"andeq r0, r0, r8, lsr r0",1
"andeq r0, r0, r0",1
"rsbeq r6, pc, r0, lsl 24",1
"rsbeq sb, pc, r0, lsl 22",1
"andpl r0, r0, r0, lsl 2",1
"muleq r0, fp, pc",1
"andeq r7, r0, ip, ror r0",1
"subseq r0, r6, r1",1
"andeq r0, r0, r0",1
invalid,1
blls 0x4ae14,1
invalid,1
svcvs 0x9b5100,1
"rsbsvc r0, ip, r0",1
"andeq r0, r2, r0",1
"muleq r0, r1, r8",1
"andeq r0, r0, r0",1
svcvs 0x6c0000,1
svcvs 0x9b0000,1
"andeq r0, r1, r0",1
"rsbeq sb, pc, r2, asr fp",1
"rsbseq r7, r0, r0, lsl 24",1
"strpl r0, [r0], -0x100",1
"andeq r0, r0, r0",1
"andeq r0, r0, r0",1
"andeq r6, r0, ip, ror 30",1
"muleq r0, fp, pc",1
blls 0x150aca0,1
invalid,1
"andeq r0, r0, 0x70",1
"subeq sb, ip, r0, lsl 2",1
"andeq r0, r0, r0",1
"andge r0, r0, r0",1
invalid,1
invalid,1
svcvs 0xbc5000,1
"eorsvc r0, ip, r0",1
"andeq r0, r1, r0",1
"rsbseq r3, r0, r5, asr ip",1
"rsbseq r6, r0, r0, lsl 24",1
"andpl r0, r0, r0, lsl 2",1
"andeq r7, r0, ip, rrx",1
"andeq r7, r0, r0, ror r0",1
"subseq r0, r5, r1",1
"andeq r0, r0, r0",1
"andls r0, r0, r0",1
"stmdalt r0, {r0, r1, r2, r3, r5, r6}",1
"andeq r0, r0, 0x6f",1
"ldmeq pc, {ip, sp}",1
"andhs r0, r0, r0, ror r0",1
invalid,1
"eorvc r5, ip, r0",1
"eorsvc r0, fp, r0",1
"andeq r0, r1, r0",1
"rsbseq r5, r0, r2, asr r0",1
"rsbseq r5, r0, r0, lsl 24",1
"andlo r0, r0, r0, lsl 4",1
invalid,1
"rsbseq r7, r0, r0",1
"andpl r0, r0, r0, lsl 2",1
"andeq r0, r0, r0",1
"andeq r0, r0, r0",1
"andeq r7, r0, ip, ror r0",1
"andeq r7, r0, r0, lsl 1",1
"rsbseq r0, sp, r2",1
"andeq r7, r0, r0, lsl 1",1
"andeq r7, r0, r4, lsl 1",1
"ldrbths r0, [sp], -2",1
"andeq r7, r0, r4, lsl 1",1
"andeq r7, r0, r4, lsr sp",1
"rsbslt r0, sp, r3",1
"andeq r0, r0, r1",1
"andeq r0, r0, r0",1
"rsbseq r7, r0, r0, lsl 24",1
"rsbseq ip, r0, r0, lsl 24",1
"andpl r0, r0, r0, lsl 2",1
"andeq r7, r0, ip, asr 1",1
"andeq r7, r0, r4, lsr sp",1
"addsle r0, r1, r3",1
"andeq r0, r0, lr, ror r0",1
"andeq r0, r0, r0",1
"rsbseq r7, r0, r0, lsl 24",1
"rsbseq sl, r0, r0, lsl 8",1
invalid,1
"andeq r7, r0, r4, lsr 1",1
"andeq r7, r0, r4, lsr sp",1
"adds r0, r1, r3",1
"andeq r0, r0, lr, ror r0",1
"andeq r0, r0, r0",1
"rsbseq r7, r0, r0, lsl 24",1
"rsbseq sl, r0, r0",1
"andpl r0, r0, 0, 2",1
"andeq r7, r0, r0, lsr 1",1
"andeq r7, r0, r4, lsr sp",1
"ldmle r1, {r0, r1}",1
"andeq r0, r0, lr, ror r0",1
"andeq r0, r0, r0",1
"rsbseq r7, r0, r0, lsl 24",1
"rsbseq sb, r0, r0, lsl 16",1
"movwpl r0, 0x100",1
"muleq r0, r8, r0",1
"andeq r7, r0, r4, lsr sp",1
"ldcle p0, c0, [r1], {3}",1
"andeq r0, r0, lr, ror r0",1
"andeq r0, r0, r0",1
"rsbseq sb, r0, r0, lsl 24",1
"rsbseq r7, r4, r0, lsl 24",1
"mrsls r0, r8_usr",1
"rsbseq r7, r4, ip, asr 24",1
"rsbseq sb, r4, r0, lsl 16",1
"movwpl r0, 0x100",1
"muleq r0, r8, r4",1
"andeq r7, r0, r8, lsl 25",1
"ldcmi p0, c0, [r1], {2}",1
"andeq r7, r0, r8, lsl 25",1
"muleq r0, r8, ip",1
"ldmdals r3, {r0} ^",1
"strlo r0, [r0], -0x7c",1
"andeq r0, r0, 0x7d",1
"subeq sb, ip, r0, lsl 2",1
"andeq r0, r0, r0",1
invalid,1
"strle r0, [r0], -0x70",1
invalid,1
"sbcsvc r5, r4, r0, lsl 10",1
"rscvc r0, ip, r0",1
"andeq r0, r1, r0",1
"rsbseq lr, r0, r0, asr ip",1
"rsbseq pc, fp, r0, lsl 8",1
"strpl r0, [r0, -0x100]",1
"strdeq r7, r8, [r0], -r4",1
"strdeq r7, r8, [r0], -r8",1
invalid,1
"strlo r0, [r0], -0x7b",1
invalid,1
"andeq r5, r0, r0, lsl 10",1
"andeq r0, r0, r0",1
"rscsvc r0, r8, r0",1
blvc 0xffd4ae58,1
"andeq r0, r3, r0",1
"ldc2l p8, c13, [lr], -0x244",1
invalid,1
"movweq r0, 0x7d",1
"cdpvc p1, 0xd, c9, c8, c0, 0",1
"andeq r0, r0, r0",1
"andeq r0, r0, r0",1
"strdeq r7, r8, [r0], -r8",1
"strdeq r7, r8, [r0], -r4",1
"mrrc2 p0, 0, r0, r5, c1",1
invalid,1
invalid,1
"andeq r5, r0, r0, lsl 10",1
"andeq r0, r0, r0",1
"teqvc r4, r0",1
"mrsvc r0, spsr",1
"andeq r0, r2, r0",1
invalid,1
"cmpvc r8, r0",1
"andeq r0, r1, r0",1
"rsbseq r5, r1, r4, asr r8",1
"rsbseq r5, r1, r0, lsl 24",1
"mrslo r0, r8_usr",1
"muleq r0, pc, r0",1
"andeq r0, r0, r0",1
"rsbseq r8, r1, r0, lsl 8",1
"rsbseq r1, r2, r0, lsl 16",1
"andpl r0, r0, r0, lsl 2",1
"andeq r0, r0, r0",1
"andeq r0, r0, r0",1
"strdeq r7, r8, [r0], -r8",1
"strdeq r7, r8, [r0], -r4",1
svcls 0x340002,1
"strdeq r7, r8, [r0], -ip",1
"andeq r7, r0, ip, lsl 26",1
svcls 0x340002,1
"andeq r0, r0, r0",1
"andeq r0, r0, r0",1
"strdeq r7, r8, [r0], -r8",1
"strdeq r7, r8, [r0], -r4",1
svcls 0x3c0002,1
"strdeq r7, r8, [r0], -ip",1
"andeq r7, r0, ip, lsl 26",1
svcls 0x3c0002,1
"andeq r0, r0, r0",1
"andeq r0, r0, r0",1
"strdeq r7, r8, [r0], -r8",1
"strdeq r7, r8, [r0], -r4",1
svcls 0x300002,1
"strdeq r7, r8, [r0], -ip",1
"andeq r7, r0, ip, lsl 26",1
svcls 0x300002,1
"andeq r0, r0, r0",1
"andeq r0, r0, r0",1
"strdeq r7, r8, [r0], -r8",1
"strdeq r7, r8, [r0], -r4",1
"andge r0, r8, r3",1
invalid,1
"rsbseq r0, sp, r0, lsl 24",1
"stmdaeq r0, {r8, sb}",1
"andeq sb, r0, r0, lsr 31",1
"andeq r0, r0, r0",1
"movsvc r0, r0",1
invalid,1
"andeq r0, r2, r0",1
"andeq sb, r0, r1, lsr pc",1
"andeq r0, r0, r0",1
"bicvc r0, r8, r0",1
invalid,1
"andeq r0, r1, r0",1
"andeq r0, r0, r2, asr r0",1
"andeq r0, r0, r0",1
"rsbseq ip, r1, r0, lsl 16",1
"rsbseq ip, r1, r0, lsl 24",1
"andvc r0, r0, 0, 22",1
"stmdaeq r1, {sl, ip, pc}",1
"stmdalo r8, {r0, r1, r2, r3, r4, r5, r6, r7, sb, fp, ip}",1
"bicvc sb, ip, ip, lsl pc",1
"bicsvc r0, r4, r0",1
"andeq r0, r3, r0",1
"ldrle r4, [pc], 0x873       ; [0x4af9c:4]=0x8000071",1
"stmdale r0, {r0, r4, r5, r6}",1
"stmdaeq r0, {r0, r4, r5, r6}",1
"strls r7, [r1], -0x200",1
bne 0xcfb0,1
invalid,1
"rsbseq lr, r1, r0",1
"movwpl r0, 0x100",1
"andeq r7, r0, r0, ror 3",1
"andeq r7, r0, r8, ror 3",1
"cmneq r2, r8",1
invalid,1
"andeq sb, r0, sl, lsl pc",1
"andeq r0, r0, r0",1
"addsvc r0, ip, 0",1
"adcvc r0, ip, 0",1
"andeq r0, r2, r0",1
"andeq sb, r0, r0, lsr pc",1
"andeq r0, r0, r0",1
"eorsvc r0, ip, 0",1
"addsvc r0, r0, 0",1
"andeq r0, r1, r0",1
"rsbseq sb, r2, r4, asr r0",1
"rsbseq sb, r2, r0, lsl 24",1
"andpl r0, r0, r0, lsl 2",1
"muleq r0, ip, r2",1
"andeq r7, r0, ip, lsr 5",1
"ldrle r0, [r1], 3",1
"andeq r0, r0, lr, ror r0",1
"andeq r0, r0, r0",1
"rsbseq r4, r2, r0, lsl 8",1
"rsbseq r6, r2, r0, lsl 16",1
"stmdapl r0, {r8}",1
"andeq r7, r0, r8, ror 4",1
"andeq r7, r0, ip, ror r2",1
"mrrcvc p0, 0, r0, r4, c1",1
invalid,1
invalid,1
"andeq r5, r0, r0, lsl 16",1
"andeq r0, r0, r0",1
invalid,1
blvc 0xffd4b040,1
"andeq r0, r1, r0",1
"rsbseq r2, ip, r5, asr r0",1
"rsbseq r0, sp, r0, lsl 24",1
"strpl r0, [r0, -0x100]",1
"andeq r0, r0, r0",1
"andeq r0, r0, r0",1
"andeq r7, r0, r8, lsr 6",1
"andeq r7, r0, r4, lsr 7",1
"ldrbge r0, [r4], -1",1
invalid,1
bleq 0x4b238,1
"cdpvc p1, 0xd, c9, c12, c0, 0",1
"strbhs r4, [r2], -6",1
svcls 0x2e301a,1
"strdeq r7, r8, [r0], -r0",1
"andeq r7, r0, r8, lsr r4",1
"ldmdalo r4, {r0} ^",1
"vst4.16 {d0, d1, d2, d3}, [r0:0x100], r4",1
bleq 0x4b278,1
"cdpvc p1, 0xd, c9, c12, c0, 0",1
"strbhs r4, [r2], -6",1
svcls 0x2e301a,1
"andeq r7, r0, r0, lsr 24",1
"andeq r7, r0, ip, lsl 26",1
"ldcle p0, c0, [r1], {0xb}",1
"submi r0, r0, 0x7e00000",1
"vaddhs.f32 s2, s0, s9",1
"muleq r0, pc, r0",1
"andeq r0, r0, r0",1
"rsbseq r2, r3, r0, lsl 16",1
"rsbseq r3, r4, r0, lsl 16",1
"strpl r0, [r0], -r0, lsl 2",1
"andeq r7, r0, r0, lsr 24",1
"andeq r7, r0, r4, lsr ip",1
"subshi r0, r6, r1",1
"stmdahi r0, {r2, r3, r4, r5, r6}",1
invalid,1
"andeq r5, r0, r0, lsl 12",1
"andeq r0, r0, r0",1
invalid,1
blvc 0xffd4b0e4,1
"andeq r0, r3, r0",1
invalid,1
invalid,1
"movweq r0, 0x7d",1
"cdpvc p1, 0xd, c9, c8, c0, 0",1
"andeq r0, r0, r0",1
"andeq r0, r0, r0",1
"andeq r7, r0, r8, lsr 6",1
"strdeq r7, r8, [r0], -r4",1
"adds r0, r1, r3",1
"rsbseq r2, ip, lr, ror r0",1
"rsbseq r0, sp, r0, lsl 24",1
"mrsls r0, lr_irq",1
"andeq r7, r0, r0, ror 29",1
"andeq r0, r0, r0",1
invalid,1
invalid,1
"andeq r0, r4, r0",1
svcls 0x7ef891,1
"andeq r7, r0, ip, lsr 6",1
"andeq r7, r0, r7, lsr r3",1
"ldrblo r0, [r0, -r1]",1
invalid,1
"streq r0, [r0], -0x73",1
"cdpvc p1, 0xf, c9, c8, c0, 0",1
invalid,1
"rsbseq r5, r3, r0, lsl 6",1
"andpl r0, r0, 0, 2",1
"andeq r7, r0, r3, asr r3",1
"andeq r7, r0, r4, ror 6",1
invalid,1
invalid,1
invalid,1
"andeq r0, r1, r0",1
"rsbseq r6, r3, r0, asr fp",1
"rsbseq sl, r3, r0, lsl 16",1
invalid,1
"ldmge pc, {r3, r4, r5, r6, r7, sb, sl, fp, ip, sp, lr}",1
blge 0x4b34c,1
invalid,1
invalid,1
"bicsvc r0, ip, 0",1
"andeq r0, r4, r0",1
svcls 0x7ef891,1
"ldrdeq r7, r8, [r0], -ip",1
"andeq r7, r0, r3, ror 7",1
"cmp r0, 1",1
"vst4.16 {d0, d1, d2, d3}, [r0:0x100], r3",1
"streq r0, [r0], -0x73",1
"cdpvc p1, 0xf, c9, c8, c0, 0",1
invalid,1
"rsbseq pc, r3, r0, lsl 14",1
"andpl r0, r0, r0, lsl 2",1
"strdeq r7, r8, [r0], -r7",1
"andeq r7, r0, ip, lsl 8",1
invalid,1
"strvc sb, [ip], -0xf7e",1
"strvc r0, [pc], -0",1
"andeq r0, r1, r0",1
"rsbseq r0, r4, r0, asr pc",1
"rsbseq r2, r4, r0",1
invalid,1
"ldrshhs r7, [pc], r8        ; [0x4b1e0:4]=0x1000074",1
"movwhs r0, 0x74",1
invalid,1
"strtvc r5, [r3], -0",1
"strbvc r0, [r4], -0",1
"andeq r0, r4, r0",1
svcls 0x7ef891,1
"andeq r7, r0, r4, asr 8",1
"andeq r7, r0, r7, asr 8",1
"ldrbmi r0, [r0, -r1]",1
"andlt r0, r0, r4, ror r0",1
"streq r0, [r0], -0x7b",1
"cdpvc p1, 0xf, c9, c8, c0, 0",1
invalid,1
"rsbseq fp, fp, r0, lsl 6",1
"andpl r0, r0, r0, lsl 2",1
"strheq r7, [r0], -r3",1
"strdeq r7, r8, [r0], -r4",1
invalid,1
"stcvc p15, c9, [r0], -0x1f8",1
"mcrrvc p0, 0, r0, r4, c0",1
"andeq r0, r4, r0",1
svcls 0x7ef891,1
"andeq r7, r0, r4, asr 24",1
"andeq r7, r0, fp, asr 24",1
blmi 0x148b248,1
invalid,1
"streq r0, [r0], -0x7c",1
"cdpvc p1, 0xf, c9, c8, c0, 0",1
invalid,1
"rsbseq r6, ip, r0, lsl 22",1
"andpl r0, r0, r0, lsl 2",1
"andeq r7, r0, fp, ror 24",1
"andeq r7, r0, ip, lsl 26",1
invalid,1
"andeq sb, r0, lr, ror pc",1
"andeq r0, r0, r0",1
invalid,1
"cmnvc r4, 0",1
"andeq r0, r1, r0",1
"rsbseq sl, r3, r0, asr ip",1
"rsbseq sp, r3, r0, lsl 24",1
"andpl r0, r0, r0, lsl 2",1
"andeq r7, r0, r4, ror 7",1
"strdeq r7, r8, [r0], -r0",1
"subshi r0, r0, r1",1
"stmdahi r0, {r2, r3, r4, r5, r6}",1
invalid,1
"andeq r5, r0, r0",1
"andeq r0, r0, r0",1
invalid,1
blvc 0xffd4b2ac,1
"andeq r0, r3, r0",1
"addshs r5, pc, r8, lsl 8",1
invalid,1
"movweq r0, 0x7d",1
svcls 0x540800,1
"andeq r0, r0, r0",1
"andeq r0, r0, r0",1
"andeq r7, r0, r8, lsr 6",1
"strdeq r7, r8, [r0], -r4",1
svcls 0x300002,1
"andeq r7, r0, r0, lsr 24",1
"andeq r7, r0, ip, lsl 26",1
svcls 0x300002,1
"andeq r0, r0, r0",1
"andeq r0, r0, r0",1
"andeq r7, r0, ip, ror r4",1
"strdeq r7, r8, [r0], -r4",1
"ldcmi p0, c0, [r1], {3}",1
invalid,1
"rsbseq r5, ip, r0, lsl 8",1
"mrsls r0, lr_irq",1
"mrrcvc p15, 4, sb, r4, c12",1
"stclvc p0, c0, [r8], -0",1
"andeq r0, r1, r0",1
"rsbseq r6, ip, r3, asr r8",1
"rsbseq r6, ip, r0, lsl 22",1
"mrsls r0, lr_irq",1
"stclvc p14, c7, [fp], -0x330",1
"stcvc p0, c0, [r0], {0}",1
"andeq r0, r3, r0",1
"ldmhi pc, {r0, r4, r7, sl, fp, lr}",1
invalid,1
"movweq r0, 0x7d",1
svcls 0x4c9100,1
"andeq r0, r0, r0",1
"andeq r0, r0, r0",1
"andeq r7, r0, ip, ror r4",1
"strdeq r7, r8, [r0], -r4",1
"ldcle p0, c0, [r1], {3}",1
"rsbseq r3, ip, lr, ror r0",1
"rsbseq r8, ip, r0",1
"mrsls r0, lr_irq",1
"stcvc p14, c7, [r8], {0xdc}",1
"stcvc p0, c0, [ip, -0]",1
"andeq r0, r3, r0",1
invalid,1
"andeq r0, r0, r0",1
invalid,1
"vst4.16 {d0, d1, d2, d3}, [r0:0x100], r4",1
"movweq r0, 0x7b",1
"cdpvc p1, 0xd, c9, c0, c0, 0",1
"andeq r7, r0, r0, lsr ip",1
"andeq r7, r0, r4, asr 24",1
"ldrbmi r0, [r1], -1",1
"andhi r0, r0, ip, ror r0",1
"movweq r0, 0x7c",1
"cdpvc p1, 0xd, c9, c0, c0, 0",1
"andeq r7, r0, r8, lsl 25",1
"andeq r7, r0, ip, lsl 26",1
"addsle r0, r1, r3",1
"andeq r0, r0, lr, ror r0",1
"andeq r0, r0, r0",1
"rsbseq r7, r4, r0, lsl 24",1
"rsbseq fp, fp, r0",1
invalid,1
"ldrshlt r7, [pc], r8        ; [0x4b3b4:4]=0x100007b",1
"movwlt r0, 0x7b",1
invalid,1
blvc 0xfed1f3c0,1
blvc 0xffd4b3c4,1
"andeq r0, r4, r0",1
svcls 0x7ef891,1
"andeq r7, r0, r0, lsr ip",1
"andeq r7, r0, r4, asr 24",1
invalid,1
"mcrrvc p15, 7, sb, r4, c14",1
"mcrrvc p0, 0, r0, fp, c0",1
"andeq r0, r1, r0",1
"rsbseq r4, ip, r1, asr fp",1
"rsbseq r5, ip, r0, lsl 24",1
invalid,1
"ldcpl p14, c7, [pc], {0xf8}",1
blvs 0x4b5e8,1
invalid,1
"stclvc p0, c5, [fp], -0",1
"stcvc p0, c0, [r0], {0}",1
"andeq r0, r4, r0",1
svcls 0x7ef891,1
"andeq r7, r0, r8, lsl 25",1
"andeq r7, r0, ip, lsl 26",1
invalid,1
"andeq sb, r0, lr, ror pc",1
"andeq r0, r0, r0",1
"ldrbtvc r0, [ip], -0",1
"ldrbtvc r0, [r8], 0",1
"andeq r0, r1, r0",1
"rsbseq r3, ip, r6, asr r4",1
"rsbseq r8, ip, r0",1
"strpl r0, [r0], -r0, lsl 2",1
"andeq r7, r0, r8, lsl 25",1
"strheq r7, [r0], -r0",1
"subseq r0, r6, r1",1
"andeq r0, r0, r0",1
invalid,1
invalid,1
invalid,1
"strvc r5, [ip], 0",1
"ldrbtvc r0, [ip], 0",1
"andeq r0, r1, r0",1
"rsbseq r7, ip, r7, asr r0",1
"rsbseq r8, ip, r0",1
"andpl r0, r0, r0, lsl 2",1
"andeq r7, r0, r8, lsl 25",1
"andeq r7, r0, ip, lsl 25",1
"mrrchi p0, 0, r0, r0, c1",1
"andlt r0, r0, ip, ror r0",1
invalid,1
"andeq r5, r0, r0, lsl 14",1
"andeq r0, r0, r0",1
"strtvc r0, [r0], 0",1
"strtvc r0, [r8], 0",1
"andeq r0, r1, r0",1
"rsbseq sl, r4, r0, asr r8",1
"rsbseq pc, r4, r0, lsl 8",1
"strpl r0, [r0], -0x100",1
"andeq r7, r0, r0, lsr 25",1
"andeq r7, r0, r4, lsr 25",1
"subseq r0, r0, r1",1
"andeq r0, r0, r0",1
"andgt r0, r0, r0",1
"andeq r0, r0, r4, ror r0",1
invalid,1
"strvc r5, [r0, -0]",1
"strvc r0, [r3, -0]",1
"andeq r0, r2, r0",1
"andeq r3, r0, r5, ror r4",1
"andeq r0, r0, r0",1
"strbtvc r0, [ip], 0",1
blvc 0xffd4b4d8,1
"andeq r0, r3, r0",1
invalid,1
invalid,1
"movweq r0, 0x7d",1
"cdpvc p1, 0xd, c9, c0, c0, 0",1
"andeq r0, r0, r0",1
"andeq r0, r0, r0",1
"strdeq r7, r8, [r0], -r4",1
"andeq r7, r0, r0, lsl 17",1
"ldmdalt r4, {r0} ^",1
invalid,1
invalid,1
"ldcvc p4, c5, [r0], 0",1
"stclvc p0, c0, [r8], 0",1
"andeq r0, r1, r0",1
"rsbseq pc, ip, r4, asr r4",1
"rsbseq r0, sp, r0, lsl 24",1
"strpl r0, [r0], -0x100",1
"andeq r0, r0, r0",1
"andeq r0, r0, r0",1
"andeq r7, r0, r4, lsr 12",1
"andeq r7, r0, r0, lsr r6",1
"mrrclo p0, 0, r0, r0, c1",1
"stmdami r0, {r1, r2, r4, r5, r6}",1
invalid,1
"strbtvc r5, [r4], -r0",1
"ldrbtvc r0, [ip], -r0",1
"andeq r0, r1, r0",1
"andeq r0, r0, r0, asr r0",1
"andeq r0, r0, r0",1
"rsbseq r7, r5, r0, lsl 24",1
"rsbseq sb, r5, r0, lsl 8",1
"andlo r0, r0, r0, lsl 4",1
invalid,1
"rsbseq sl, r5, r0, lsl 24",1
"movwpl r0, 0x100",1
"strheq r7, [r0], -ip",1
"andeq r7, r0, r4, ror 11",1
svcls 0x300002,1
"andeq r7, r0, r4, ror 11",1
"strdeq r7, r8, [r0], -r0",1
invalid,1
"streq r0, [r0], -0x75",1
invalid,1
"andeq r5, r0, r0, lsl 6",1
"andeq r0, r0, r0",1
"ldrbtvc r0, [ip], -r0",1
"ldrbvc r0, [r0, r0]",1
"andeq r0, r1, r0",1
"rsbseq fp, ip, r6, asr r0",1
"rsbseq fp, ip, r0, lsl 24",1
"strpl r0, [r0], -r0, lsl 2",1
"ldrdeq r7, r8, [r0], -ip",1
"andeq r7, r0, r0, ror 25",1
"subseq r0, r6, r1",1
"andeq r0, r0, r0",1
invalid,1
"strls r0, [r0], -0x76",1
invalid,1
"ldrvc r5, [r8], r0, lsl 16",1
"strbtvc r0, [r4], r0",1
"andeq r0, r1, r0",1
"rsbseq lr, r6, r8, asr r4",1
"rsbseq pc, r6, r0, lsl 8",1
"mrslo r0, r8_usr",1
invalid,1
"rsbseq ip, r7, r0, lsl 16",1
"stmdapl r0, {r8}",1
"strheq r7, [r0], -r0",1
"strheq r7, [r0], -ip",1
"mrrcle p0, 0, r0, r8, c1",1
"and r0, r0, ip, ror r0",1
invalid,1
"andeq r5, r0, r0, lsl 16",1
"andeq r0, r0, r0",1
"strbvc r0, [r8], r0",1
"strbtvc r0, [r8], r0",1
"andeq r0, r1, r0",1
"andeq r0, r0, r0, asr r0",1
"andeq r0, r0, r0",1
"rsbseq fp, r7, r0, lsl 24",1
"rsbseq sp, r7, r0",1
"andlo r0, r0, r0, lsl 4",1
invalid,1
"rsbseq r4, r8, r0",1
"stmdbpl r0, {r8}",1
"andeq r0, r0, r0",1
"andeq r0, r0, r0",1
"andeq r7, r0, r4, asr r7",1
"andeq r7, r0, ip, ror 14",1
svcls 0x300002,1
"andeq r7, r0, ip, lsr 15",1
"ldrdeq r7, r8, [r0], -r0",1
"mrrcle p0, 0, r0, r0, c1",1
invalid,1
"andeq r0, r0, 0x77",1
"ldrne r3, [pc], 0           ; [0x4b65c:4]=0x1000078",1
"stmdahs r0, {r3, r4, r5, r6}",1
invalid,1
"andeq r5, r0, r0, lsl 12",1
"andeq r0, r0, r0",1
invalid,1
invalid,1
"andeq r0, r1, r0",1
"rsbseq r0, sp, r0, asr r0",1
"rsbseq r0, sp, r0, lsl 24",1
"andpl r0, r0, r0, lsl 2",1
"andeq r0, r0, r0",1
"andeq r0, r0, r0",1
"andeq r7, r0, ip, ror 14",1
"andeq r7, r0, r0, asr 16",1
svcls 0x3c0002,1
"andeq r7, r0, r0, lsl 26",1
"andeq r7, r0, ip, lsl 26",1
svcls 0x3c0002,1
"andeq r0, r0, r0",1
"andeq r0, r0, r0",1
"andeq r7, r0, ip, ror 14",1
"andeq r7, r0, r0, asr 16",1
svcls 0x300002,1
"andeq r7, r0, r0, lsl 26",1
"andeq r7, r0, ip, lsl 26",1
svcls 0x300002,1
"andeq r0, r0, r0",1
"andeq r0, r0, r0",1
"andeq r7, r0, ip, ror 14",1
"andeq r7, r0, r4, ror r7",1
"ldclne p0, c0, [r4], -0x1c",1
"andhs r7, r0, 0x80000001",1
invalid,1
"rsbseq r8, r7, r0",1
"movwpl r0, 0x100",1
"andeq r7, r0, r0, lsl 15",1
"andeq r7, r0, r4, lsl 15",1
"cdpvc p0, 7, c0, c3, c3, 0",1
invalid,1
"rsbseq r8, r7, r0, lsl 16",1
"movwvc r0, 0x300",1
invalid,1
"strvc r0, [ip, r0]",1
"andeq r0, r3, r0",1
"ldchi p12, c7, [pc], {0x73}",1
"andls r0, r0, r7, ror r0",1
"movweq r0, 0x77",1
svcls 0x7b7300,1
"muleq r0, r0, r7",1
"muleq r0, r4, r7",1
bvc 0x1d0b734,1
invalid,1
"rsbseq sb, r7, r0, lsl 16",1
"movwvc r0, 0x300",1
invalid,1
"ldrvc r0, [ip, r0]",1
"andeq r0, r3, r0",1
"ldcls p8, c7, [pc], {0x73}",1
"andge r0, r0, r7, ror r0",1
"movweq r0, 0x77",1
svcls 0x777300,1
"andeq r7, r0, r0, lsr 15",1
"andeq r7, r0, r4, lsr 15",1
"ldrbtvc r0, [r3], -r3",1
invalid,1
"rsbseq fp, r7, r0, lsl 8",1
"movwvc r0, 0x300",1
invalid,1
"ldrbvc r0, [r0, r0]",1
"andeq r0, sb, r0",1
invalid,1
"ldcne p2, c2, [ip], -0",1
"muleq r0, pc, r0",1
"andeq r0, r0, r0",1
"rsbseq sp, r7, r0, lsl 24",1
"rsbseq lr, r7, r0, lsl 24",1
"strpl r0, [r0, -r0, lsl 2]",1
"andeq r7, r0, ip, ror 15",1
"strdeq r7, r8, [r0], -r0",1
"ldmdane r4!, {r3} ^",1
"andhs r7, r0, 0x60000",1
"andeq r0, r0, r3, lsr 16",1
"andeq r0, r0, r0",1
invalid,1
invalid,1
"andeq r0, r2, r0",1
"stmdbvc ip, {r4, r5, r8, sb, sl, fp, ip, pc} ^",1
invalid,1
"andeq r0, r1, r0",1
"rsbseq sl, sb, ip, asr r8",1
"rsbseq fp, sb, r0, lsl 16",1
"andpl r0, r0, 0, 2",1
"strheq r7, [r0], -r8",1
"strheq r7, [r0], -ip",1
svcls 0x300002,1
"andeq r0, r0, r0",1
"andeq r0, r0, r0",1
"andeq r7, r0, r4, asr 17",1
"ldrdeq r7, r8, [r0], -r8",1
svcls 0x340002,1
"andeq r7, r0, r8, lsl sb",1
"andeq r7, r0, r4, lsr 18",1
svcls 0x340002,1
"andeq r7, r0, r4, lsr 18",1
"andeq r7, r0, r0, lsr sb",1
svcls 0x360002,1
"andeq r7, r0, r0, lsr sb",1
"andeq r7, r0, r0, asr 18",1
svcls 0x370002,1
"andeq r0, r0, r0",1
"andeq r0, r0, r0",1
"andeq r7, r0, r4, ror 16",1
"andeq r7, r0, r0, lsl 17",1
svcls 0x300002,1
"andeq r7, r0, r8, asr 18",1
"andeq r7, r0, ip, asr sb",1
"ldmdalt r0, {r0} ^",1
invalid,1
"andeq r0, r0, 0x79",1
"addseq r3, pc, r0",1
"andeq r0, r0, r0",1
"strvs r0, [r0], -0",1
"andhi r0, r0, r8, ror r0",1
"andeq r0, r0, 0x78",1
"ldmlt pc, {ip, sp}",1
invalid,1
"andeq r0, r0, 0x79",1
"addseq r3, pc, r0",1
"andeq r0, r0, r0",1
"strgt r0, [r0], -0",1
"stmdale r0, {r3, r4, r5, r6}",1
"andeq r0, r0, 0x78",1
"ldmne pc, {ip, sp}",1
"andmi r0, r0, sb, ror r0",1
"andeq r0, r0, 0x79",1
"addseq r3, pc, r0",1
"andeq r0, r0, r0",1
"and r0, r0, r0",1
"vst4.16 {d0, d1, d2, d3}, [r0:0x100], sb",1
invalid,1
"stclvc p5, c5, [r8], 0",1
"ldclvc p0, c0, [r4], 0",1
"andeq r0, r1, r0",1
"andeq r0, r0, r5, asr r0",1
"andeq r0, r0, r0",1
"rsbseq lr, sb, r0, lsl 24",1
"rsbseq pc, sb, r0, lsl 8",1
"movwpl r0, 0x100",1
"strdeq r7, r8, [r0], -r4",1
"andeq r7, r0, r3, lsl 20",1
"ldrbtlo r0, [r5], -8",1
"streq r2, [ip], -r6, lsl 6",1
"andeq r1, r0, r3, lsr 24",1
"andeq r0, r0, r0",1
bvc 0x74b8c8,1
bvc 0xc4b8cc,1
"andeq r0, r2, r0",1
bvc 0xff673594,1
bvc 0xffa4b8d8,1
"andeq r0, r1, r0",1
"andeq r0, r0, r4, asr r0",1
"andeq r0, r0, r0",1
"rsbseq r0, sl, r0, lsl 8",1
"rsbseq sp, sl, r0, lsl 16",1
"andpl r0, r0, r0, lsl 2",1
"ldrdeq r7, r8, [r0], -r8",1
"strdeq r7, r8, [r0], -r4",1
"ldm r1, {r0, r1}",1
"rsbseq lr, ip, lr, ror r8",1
"rsbseq pc, ip, r0, lsl 8",1
"mrsls r0, lr_irq",1
"stcvc p14, c7, [ip, -0x3a0]",1
"ldcvc p0, c0, [r4, -0]!",1
"andeq r0, r3, r0",1
invalid,1
"andeq r0, r0, r0",1
invalid,1
"stmdals r0, {r1, r3, r4, r5, r6}",1
invalid,1
bvc 0xfe66192c,1
bvc 0xfec0b930,1
"andeq r0, sb, r0",1
"ldrths r0, [r2], -0x74",1
"uhadd8eq pc, lr, r1",1
"rsbseq lr, ip, r2, lsr 16",1
"rsbseq pc, ip, r0, lsl 8",1
"stmdapl r0, {r8}",1
"andeq r0, r0, r0",1
"andeq r0, r0, r0",1
"andeq r7, r0, r0, asr 20",1
"andeq r7, r0, r4, asr 20",1
"ldrbteq r0, [r7], -8",1
invalid,1
bvc 0x11735cc,1
bvc 0x174b968,1
"andeq r0, r1, r0",1
"rsbseq r5, sl, r3, asr ip",1
"rsbseq sl, sl, r0, lsl 8",1
"strvc r0, [r0, -r0, lsl 16]",1
"stmdaeq r1, {r2, sl, ip, pc}",1
"ldrge r1, [pc], 0xaff       ; [0x4b980:4]=0x1700007a",1
svcge 0x7a,1
"smlsdxne r0, sl, r0, r0",1
"andlo r7, r0, 0, 8",1
"cdpvc p1, 0xf, c9, c4, c4, 1",1
"movwlo r2, 0x6206",1
"andhs r7, r0, 36, 24",1
"orrseq r0, r4, r3, lsr 8",1
svcls 0x1aff08,1
"andeq r7, r0, r8, ror 25",1
"strdeq r7, r8, [r0], -r4",1
"ldrbteq r0, [r7], -8",1
invalid,1
"andeq sb, r0, sl, lsl pc",1
"andeq r0, r0, r0",1
bvc 0x134b9bc,1
bvc 0x174b9c0,1
"andeq r0, r2, r0",1
bvc 0xfe173688,1
bvc 0xfe44b9cc,1
"andeq r0, r1, r0",1
"andeq r0, r0, r3, asr r0",1
"andeq r0, r0, r0",1
"rsbseq r6, sl, r0, lsl 8",1
"rsbseq r6, sl, r0, lsl 16",1
"andpl r0, r0, r0, lsl 2",1
"andeq r7, r0, r8, ror 20",1
"andeq r7, r0, r8, ror sl",1
"rsbseq r0, r2, r8",1
"rsbseq r2, ip, r3, lsr r4",1
bvc 0x1e73680,1
bvc 0xfeb4b9fc,1
"andeq r0, sb, r0",1
"movwlo r0, 0x6071",1
"andhs r7, r0, 36, 24",1
invalid,1
"rsbseq pc, ip, r0, lsl 8",1
invalid,1
"ldrths r0, [r3], -0x600",1
svcls 0x22007c,1
"andeq r0, r0, r0",1
"andeq r0, r0, r0",1
"andeq r7, r0, r4, lsr 21",1
"strheq r7, [r0], -ip",1
"subseq r0, r7, r1",1
"andeq r0, r0, r0",1
invalid,1
"stmdale r0, {r1, r3, r4, r5, r6}",1
invalid,1
"andeq r5, r0, r0",1
"andeq r0, r0, r0",1
"ldcvc p0, c0, [r4, -0]!",1
"ldcvc p0, c0, [r8, -0]!",1
"andeq r0, r2, r0",1
"ldcvc p0, c0, [r8, -0x1f4]!",1
"ldcvc p0, c0, [ip, -0]!",1
"andeq r0, r2, r0",1
"ldcvc p4, c2, [ip, -0x1f4]!",1
"strhi r0, [ip, r0]",1
"andeq r0, r2, r0",1
"andeq r0, r0, fp, ror r4",1
"andeq r0, r0, r0",1
"ldcvc p0, c0, [r4, -0]!",1
"stclvc p0, c0, [ip, -0]",1
"andeq r0, r1, r0",1
"rsbseq r4, sp, r0, asr ip",1
"rsbseq sl, sp, r0, lsl 8",1
bpl 0x4be8c,1
"andeq r7, r0, r4, lsr 27",1
"andeq r8, r0, r8, ror r7",1
"ldmge r1, {r0, r1}",1
"addeq r7, r7, lr, ror r8",1
"addeq r8, r7, r0",1
bpl 0x4bea4,1
"andeq r8, r0, r0, lsl 15",1
"andeq r8, r0, ip, lsl 15",1
invalid,1
"andeq sb, r0, r0, asr pc",1
"andeq r0, r0, r0",1
"ldcvc p0, c0, [r4, -0]!",1
"stclvc p0, c0, [0x0004bac0]",1
"andeq r0, r1, r0",1
"rsbseq r4, sp, r1, asr pc",1
"addeq r8, r7, r0, lsl 24",1
"mrsls r0, lr_irq",1
"strheq r7, [r0], -ip",1
"andeq r0, r0, r0",1
"rscshi r0, ip, 0",1
invalid,1
"andeq r0, r1, r0",1
"addeq r6, r3, r0, asr r0",1
"addeq r7, r3, r0, lsl 6",1
"movwpl r0, 0x100",1
"andeq r8, r0, r3, ror r3",1
"andeq r8, r0, r4, ror r3",1
"ldrpl r0, [r1], 2",1
"andeq r8, r0, r4, ror r3",1
"andeq r8, r0, r8, ror r3",1
"ldmdavc r0, {r0} ^",1
"stmdavc r0, {r0, r1, r7}",1
"andeq r0, r0, 0x87",1
"subshi sb, r4, r0, lsl 2",1
invalid,1
"andeq r0, r0, 0x87",1
"subseq sb, r4, r0, lsl 2",1
"andeq r0, r0, r0",1
invalid,1
"stmdahi r0, {r0, r1, r7}",1
"andeq r0, r0, 0x83",1
"ldmhi pc, {ip, sp}",1
"stmdalt r0, {r0, r1, r7}",1
"smlabbeq r0, r3, r0, r0",1
"bicshi r5, r8, 0, 8",1
invalid,1
"andeq r0, r2, r0",1
invalid,1
"strbhi r0, [r0, -0]!",1
"andeq r0, r1, r0",1
"addeq pc, r5, r7, asr ip",1
"addeq r1, r6, r0",1
"andpl r0, r0, r0, lsl 2",1
"andeq r8, r0, r0, lsl r6",1
"andeq r8, r0, r0, lsr 12",1
"subslt r0, r7, r1",1
"stmdalt r0, {r1, r2, r7}",1
"smlabbeq r0, r6, r0, r0",1
"ldrhi r5, [ip, -r0, lsl 6]!",1
"ldrbhi r0, [r0, -r0]",1
"andeq r0, r2, r0",1
"smmlarhi r0, r0, pc, sb",1
"ldrbhi r0, [r8, -r0]!",1
"andeq r0, r1, r0",1
"andeq r0, r0, r4, asr r0",1
"andeq r0, r0, r0",1
"addeq r0, r4, r0",1
"addeq r0, r4, r0, lsl 16",1
"andlo r0, r0, r0, lsl 4",1
"umulleq r0, r4, pc, r8",1
"addeq sb, r4, r0, lsl 24",1
"strpl r0, [r0], -0x100",1
"andeq r8, r0, ip, lsl 10",1
"andeq r8, r0, r0, lsl r5",1
"subslt r0, r4, r1",1
"stmdalt r0, {r0, r2, r7}",1
"smlabbeq r0, r5, r0, r0",1
"ldrhi r5, [ip, 0x400]!",1
"ldrbhi r0, [r8]",1
"andeq r0, r1, r0",1
"addeq r6, r6, r4, asr ip",1
"addeq r7, r6, r0, lsl 8",1
"andpl r0, r0, 0, 2",1
"andeq r8, r0, r8, ror r6",1
"muleq r0, r4, r6",1
"subsle r0, r2, r1",1
invalid,1
"smlabbeq r0, r6, r0, r0",1
"strhi r5, [r4, -r0, lsl 8]",1
"strhi r0, [ip, -r0]",1
"andeq r0, r1, r0",1
"addeq r1, r7, r4, asr r4",1
"addeq r2, r7, r0",1
"strpl r0, [r0], -0x100",1
"andeq r0, r0, r0",1
"andeq r0, r0, r0",1
"andeq r8, r0, r8, lsl 11",1
"andeq r8, r0, r4, lsr 11",1
"rsbseq r0, r0, r5",1
"ldrmi r2, [pc], 0x435       ; [0x4bc1c:4]=0x5000086",1
"andvs r0, r0, r6, lsl 1",1
"streq r0, [r0, -0x86]",1
"strlo r7, [r0, -0x300]",1
"andeq sb, r0, r4, lsr 30",1
"andeq r0, r0, r0",1
"stclvc p0, c0, [r8, -0]",1
invalid,1
"andeq r0, r2, r0",1
invalid,1
"cmnhi r4, 0",1
"andeq r0, r3, r0",1
"ldmdalt lr!, {r0, r4, r7, sl, ip, sp, pc} ^",1
invalid,1
"andeq r0, r0, 0x83",1
invalid,1
"stmdavc r0, {r0, r1, r7}",1
"movweq r0, 0x87",1
"cdpvc p1, 0xb, c9, c4, c0, 0",1
"andeq r8, r0, r8, ror r7",1
"andeq r8, r0, r0, lsl 15",1
svcls 0x300002,1
"andeq r0, r0, r0",1
"andeq r0, r0, r0",1
"muleq r0, r0, r5",1
"andeq r8, r0, r0, lsl r6",1
"mrrcmi p0, 0, r0, r3, c1",1
"stmdalt r0, {r1, r2, r7}",1
"smlabbeq r0, r6, r0, r0",1
"andeq r5, r0, r0",1
"andeq r0, r0, r0",1
"ldrhi r0, [r0]",1
"strhi r0, [r4, 0]!",1
"andeq r0, r2, r0",1
"strhi sb, [r4, 0xf31]!",1
"ldrhi r0, [r0], -r0",1
"andeq r0, r1, r0",1
"addeq r4, r6, r2, asr ip",1
"addeq r6, r6, r0",1
"mrslo r0, r8_usr",1
"umulleq r6, r6, pc, r0",1
"addeq fp, r6, r0, lsl 16",1
invalid,1
"andeq r0, r0, r0",1
"andeq r0, r0, r0",1
"andeq r7, r0, r8, asr 26",1
"andeq r7, r0, ip, asr sp",1
svcls 0x300002,1
"andeq r7, r0, ip, asr sp",1
"andeq r8, r0, r8, ror r7",1
svcls 0x310002,1
"andeq r8, r0, r8, ror r7",1
"andeq r8, r0, r0, lsl 15",1
svcls 0x300002,1
"andeq r0, r0, r0",1
"andeq r0, r0, r0",1
"andeq r7, r0, r8, asr 26",1
"andeq r8, r0, r0, ror 6",1
svcls 0x300002,1
"andeq r8, r0, r0, ror 6",1
"andeq r8, r0, r4, ror r3",1
"ldcge p0, c0, [r1], {3}",1
"addeq fp, r3, lr, ror r8",1
"addeq r7, r7, r0, lsl 16",1
"mrsls r0, lr_irq",1
"ldrbhi r7, [r8, -ip, lsr 29]!",1
"strhi r0, [r0, r0]",1
"andeq r0, r2, r0",1
"andeq sb, r0, r0, lsr pc",1
"andeq r0, r0, r0",1
"strbhi r0, [r8, -0]!",1
"ldrbhi r0, [ip, -0]!",1
"andeq r0, r1, r0",1
"addeq r7, r5, r0, asr ip",1
"addeq r1, r6, r0",1
"strpl r0, [r0, -r0, lsl 2]",1
"andeq r8, r0, r8, lsr 12",1
"andeq r8, r0, r4, asr 12",1
"ldrbmi r0, [r0], -1",1
invalid,1
"smlabbeq r0, r7, r0, r0",1
"andeq r5, r0, r0, lsl 14",1
"andeq r0, r0, r0",1
"stclvc p0, c0, [r8, -0]",1
"teqhi r8, 0",1
"andeq r0, r2, r0",1
"teqhi r8, 48, 30",1
"movthi r0, 0x4000",1
"andeq r0, r1, r0",1
"addeq r4, r3, sp, asr r4",1
"addeq r4, r3, r0, lsl 16",1
"andlo r0, r0, r0, lsl 4",1
"umulleq r4, r3, pc, r8",1
"addeq r6, r3, r0",1
"andpl r0, r0, r0, lsl 2",1
"andeq r8, r0, r0, ror 6",1
"andeq r8, r0, r4, ror r3",1
"addslt r0, r1, r3",1
"addeq fp, r3, lr, ror r8",1
"addeq r7, r7, r0, lsl 16",1
"mrsls r0, lr_irq",1
invalid,1
"strhi r0, [r0, r0]",1
"andeq r0, r2, r0",1
"andeq sb, r0, r0, lsr pc",1
"andeq r0, r0, r0",1
invalid,1
"cmnhi r4, 0",1
"andeq r0, r3, r0",1
"ldmdagt lr!, {r0, r4, r7, lr, pc} ^",1
invalid,1
"smlabbeq r0, r3, r0, r0",1
"bichi r5, ip, 0, 8",1
"ldrbhi r0, [r8, -r0]!",1
"andeq r0, r3, r0",1
invalid,1
"andeq r0, r0, r0",1
"andvs r0, r0, r0",1
"strvc r0, [r0], -0x83",1
"movweq r0, 0x83",1
"cdpvc p1, 0xb, c9, c8, c0, 0",1
"ldrdeq r8, sb, [r0], -r0",1
"strdeq r8, sb, [r0], -r4",1
invalid,1
"stmdavc r0, {r0, r1, r7}",1
"movweq r0, 0x87",1
"cdpvc p1, 0xb, c9, c8, c0, 0",1
"andeq r0, r0, r0",1
"andeq r0, r0, r0",1
"andeq r7, r0, r0, ror 26",1
"andeq r7, r0, ip, ror sp",1
"mrrcvc p0, 0, r0, r0, c1",1
"stmdavc r0, {r0, r2, r3, r4, r5, r6}",1
"movweq r0, 0x87",1
"cdpvc p1, 0xa, c9, c0, c0, 0",1
"andeq r0, r0, r0",1
"andeq r0, r0, r0",1
"andeq r7, r0, r8, ror 26",1
"andeq r7, r0, ip, ror 26",1
"mrrcvs p0, 0, r0, r4, c1",1
"stmdavc r0, {r0, r2, r3, r4, r5, r6}",1
"movweq r0, 0x87",1
"cdpvc p1, 0xa, c9, c4, c0, 0",1
"andeq r0, r0, r0",1
"andeq r0, r0, r0",1
"andeq r7, r0, r0, asr sp",1
"andeq r7, r0, ip, ror sp",1
"mrrcvc p0, 0, r0, r0, c1",1
"stmdavc r0, {r0, r2, r3, r4, r5, r6}",1
"movweq r0, 0x87",1
"cdpvc p1, 0xa, c9, c0, c0, 0",1
"andeq r8, r0, r8, ror r7",1
"andeq r8, r0, ip, ror r7",1
"mrrcvc p0, 0, r0, r0, c1",1
invalid,1
"movweq r0, 0x87",1
"cdpvc p1, 0xa, c9, c0, c0, 0",1
"andeq r0, r0, r0",1
"andeq r0, r0, r0",1
"andeq r7, r0, r8, ror sp",1
"andeq r8, r0, r8, ror r7",1
"ldrge r0, [r1], 3",1
"andeq r0, r0, lr, ror r0",1
"andeq r0, r0, r0",1
"rsbseq r7, sp, r0, lsl 16",1
"rsbseq r7, sp, r0, lsl 24",1
"andpl r0, r0, r0, lsl 2",1
"andeq r7, r0, ip, ror sp",1
"andeq r8, r0, r8, ror r7",1
"addsge r0, r1, r3",1
"andeq r0, r0, lr, ror r0",1
"andeq r0, r0, r0",1
"rsbseq r7, sp, r0, lsl 16",1
"rsbseq sb, sp, r0, lsl 16",1
"strpl r0, [r0], -r0, lsl 2",1
"muleq r0, r8, sp",1
"andeq r8, r0, r8, ror r7",1
"ldclt p0, c0, [r1], {3}",1
"andeq r0, r0, lr, ror r0",1
"andeq r0, r0, r0",1
"rsbseq r7, sp, r0, lsl 16",1
"rsbseq sl, sp, r0, lsl 8",1
bpl 0x4c2f4,1
"andeq r7, r0, r4, lsr 27",1
"andeq r8, r0, r8, ror r7",1
"ldmge r1, {r0, r1}",1
"andeq r0, r0, lr, ror r0",1
"andeq r0, r0, r0",1
"addeq sl, r1, r0, lsl 8",1
"addeq fp, r1, r0",1
"andpl r0, r0, r0, lsl 2",1
"andeq r8, r0, r8, lsr r2",1
"andeq r8, r0, r8, asr 4",1
"ldmdavc r0, {r0} ^",1
invalid,1
"smlabbeq r0, r2, r0, r0",1
"andeq r5, r0, r0",1
"andeq r0, r0, r0",1
"bichi r0, r8, r0",1
"bicshi r0, ip, r0",1
"andeq r0, r1, r0",1
"andeq r0, r0, r0, asr r0",1
"andeq r0, r0, r0",1
"rsbseq r8, sp, r0",1
"rsbseq sl, sp, r0, lsl 16",1
"andlo r0, r0, r0, lsl 4",1
invalid,1
"rsbseq sl, sp, r0, lsl 24",1
"strpl r0, [r0], -0x100",1
"andeq r7, r0, ip, lsr 27",1
"andeq r8, r0, r8, ror r7",1
"addslt r0, r1, r3",1
"andeq r0, r0, lr, ror r0",1
"andeq r0, r0, r0",1
"addeq ip, r0, r0, lsl 24",1
"addeq lr, r1, r0, lsl 16",1
"stmdapl r0, {r8}",1
"andeq r8, r0, ip, ror 3",1
"andeq r8, r0, ip, asr 4",1
"ldmdavc r8, {r0} ^",1
invalid,1
"smlabbeq r0, r2, r0, r0",1
"rsbshi r5, ip, 0, 16",1
"addhi r0, r8, 0",1
"andeq r0, r2, r0",1
"addhi sb, r8, 48, 30",1
"adchi r0, r8, 0",1
"andeq r0, r1, r0",1
"andeq r0, r0, r4, asr r0",1
"andeq r0, r0, r0",1
"rsbseq r8, sp, r0",1
"rsbseq sl, sp, r0, lsl 16",1
"andlo r0, r0, r0, lsl 4",1
invalid,1
"addeq lr, r1, r0, lsl 8",1
bpl 0x4c3c8,1
"andeq r8, r0, r4, ror 3",1
"andeq r8, r0, ip, ror 3",1
"ldrgt r0, [r1], 3",1
"addeq lr, r1, lr, ror ip",1
"addeq r7, r2, r0, lsl 8",1
bpl 0x4c3e0,1
"andeq r8, r0, r4, ror r2",1
"andeq r8, r0, r8, ror r2",1
"ldrgt r0, [r1], 3",1
"addeq r7, r2, lr, ror r8",1
"addeq r7, r2, r0, lsl 24",1
bpl 0x4c3f8,1
"andeq r8, r0, ip, ror r2",1
"andeq r8, r0, r8, lsr 5",1
"subseq r0, r8, r1",1
"andeq r0, r0, r0",1
invalid,1
"stmdals r0, {r0, r2, r3, r4, r5, r6}",1
"movweq r0, 0x7d",1
svcls 0x47600,1
"muleq r0, r8, sp",1
"andeq r8, r0, r8, ror r7",1
"ldclt p0, c0, [r1], {7}",1
"strteq r0, [r3], -0x67e",1
"muleq r0, pc, r0",1
"andeq r0, r0, r0",1
"rsbseq sp, sp, r0, lsl 8",1
"rsbseq r0, lr, r0, lsl 8",1
"strpl r0, [r0], -0x100",1
"andeq r7, r0, r4, lsl 28",1
"andeq r8, r0, r8, asr r2",1
"ldmlt r1, {r0, r1}",1
"addeq r7, r2, lr, ror r8",1
"addeq sl, r2, r0, lsl 16",1
"mrsls r0, lr_irq",1
"strheq r7, [r0], -r8",1
"andeq r0, r0, r0",1
"ldclvc p0, c0, [ip]",1
"cdpvc p0, 2, c0, c0, c0, 0",1
"andeq r0, r1, r0",1
"rsbseq r2, lr, r6, asr r0",1
"addeq r5, r2, r0, lsl 16",1
"mrsls r0, lr_irq",1
"rsbshi r7, r8, 192, 28",1
"adchi r0, r8, 0",1
"andeq r0, r3, r0",1
invalid,1
"andeq r0, r0, r0",1
invalid,1
invalid,1
"streq r0, [r0, -r0, lsl 1]",1
beq 0x69498,1
svcls 0x1affff,1
"andeq r0, r0, r0",1
"andeq r0, r0, r0",1
"andeq r8, r0, r8, lsl r0",1
"andeq r8, r0, r0, rrx",1
svcls 0x300002,1
"andeq r8, r0, ip, ror r0",1
"muleq r0, r0, r0",1
"subsls r0, r2, r1",1
invalid,1
"andeq r0, r0, 0x80",1
"addslt r3, pc, r0",1
invalid,1
"smlabbeq r0, r0, r0, r0",1
"andeq r5, r0, r0, lsl 4",1
"andeq r0, r0, r0",1
"cdpvc p0, 4, c0, c8, c0, 0",1
"cdpvc p0, 5, c0, c8, c0, 0",1
"andeq r0, r1, r0",1
"andeq r0, r0, sb, asr r0",1
"andeq r0, r0, r0",1
"rsbseq r4, lr, r0, lsl 16",1
"rsbseq r5, lr, r0, lsl 16",1
"stmdaeq r0, {r8, sb}",1
"andeq sb, r0, r0, lsr 30",1
"andeq r0, r0, r0",1
"cdpvc p0, 4, c0, c8, c0, 0",1
"cdpvc p0, 5, c0, c8, c0, 0",1
"andeq r0, r3, r0",1
"addseq pc, pc, sb, lsl 30   ; [0x4c110:4]=0xa0000000",1
"andeq r0, r0, r0",1
"andge r0, r0, r0",1
"stmda r0, {r1, r2, r3, r4, r5, r6}",1
"andeq r0, r0, 0x7e",1
"addseq r4, pc, r0",1
"andeq r0, r0, r0",1
"andge r0, r0, r0",1
"stmda r0, {r1, r2, r3, r4, r5, r6}",1
"movweq r0, 0x7e",1
svcls 0xff0900,1
"andeq r0, r0, r0",1
"andeq r0, r0, r0",1
"andeq r7, r0, r0, lsr 29",1
"andeq r7, r0, r8, ror 29",1
"subseq r0, sb, r1",1
"andeq r0, r0, r0",1
invalid,1
invalid,1
invalid,1
svcvc 0xc5000,1
svcvc 0x240000,1
"andeq r0, r1, r0",1
"andeq r0, r0, r4, asr r0",1
"andeq r0, r0, r0",1
"rsbseq r4, pc, r0",1
"rsbseq r8, pc, r0, lsl 16",1
"andlo r0, r0, r0, lsl 4",1
invalid,1
"rsbseq fp, pc, r0, lsl 24",1
invalid,1
"strheq r7, [r0], -ip",1
"andeq r7, r0, r8, asr 31",1
svcls 0x300002,1
"ldrdeq r7, r8, [r0], -ip",1
"strdeq r7, r8, [r0], -r4",1
"subseq r0, r1, r1",1
"andeq r0, r0, r0",1
invalid,1
invalid,1
"smlabbeq r0, r1, r0, r0",1
"andeq r5, r0, r0, lsl 2",1
"andeq r0, r0, r0",1
"cmphi r4, r0",1
"orrhi r0, r3, r0",1
"andeq r0, r1, r0",1
"andeq r0, r0, ip, asr r0",1
"andeq r0, r0, r0",1
"addeq r6, r1, r0",1
"addeq lr, r1, r0, lsl 24",1
"strpl r0, [r0, -0x100]",1
"andeq r0, r0, r0",1
"andeq r0, r0, r0",1
"andeq r8, r0, r8, lsl r4",1
"andeq r8, r0, pc, lsr 8",1
"subseq r0, r3, r1",1
"andeq r0, r0, r0",1
invalid,1
"andls r0, r0, r7, lsl 1",1
"andeq r0, r0, 0x87",1
"andls r7, r0, r0, lsl 26",1
"strls r0, [r0], -0x87",1
"andeq r0, r0, 0x87",1
"strtls r7, [r4], -0xd00",1
"stmdane r0, {r0, r1, r2, r7}",1
"movweq r0, 0x89",1
"sbceq r7, r0, r0, lsl 26",1
"andeq r0, r0, r0",1
"andeq r0, r0, r0",1
"andeq r8, r0, ip, lsl 15",1
"ldrdeq r8, sb, [r0], -r0",1
"subsle r0, r0, r1",1
invalid,1
"smlabbeq r0, r8, r0, r0",1
"ldmhi ip!, {sb, sl, ip, lr}",1
invalid,1
"andeq r0, r4, r0",1
svcls 0x5001f3,1
"andeq r0, r0, r0",1
"andeq r0, r0, r0",1
"andeq r8, r0, ip, lsl 15",1
"ldrdeq r8, sb, [r0], -r0",1
"subsle r0, r1, r1",1
"stmdane r0, {r0, r1, r2, r7}",1
"smlabbeq r0, sb, r0, r0",1
"andeq r5, r0, r0, lsl 14",1
"andeq r0, r0, r0",1
"strhi r0, [ip, r0]",1
"ldrbhi r0, [r0, r0]",1
"andeq r0, r1, r0",1
"addeq sp, r7, r2, asr r0",1
"addeq r1, sb, r0, lsl 16",1
blpl 0x4c680,1
"andeq r0, r0, r0",1
"andeq r0, r0, r0",1
"andeq r8, r0, ip, lsl 15",1
"andeq r8, r0, ip, lsr 15",1
"mrrcge p0, 0, r0, r3, c1",1
"stmdane r0, {r0, r1, r2, r7}",1
"movweq r0, 0x89",1
svcvc 0xbc9100,1
"andeq r0, r0, r0",1
"andeq r0, r0, r0",1
"andeq r8, r0, r0, asr 15",1
"ldrdeq r8, sb, [r0], -r0",1
svcls 0x300002,1
"andeq r8, r0, r4, lsr 17",1
"strheq r8, [r0], -r0",1
"subslt r0, r4, r1",1
invalid,1
"andeq r0, r0, 0x88",1
invalid,1
"andeq r0, r0, r8, lsl 1",1
"smlabbeq r0, sb, r0, r0",1
"andeq r5, r0, r0, lsl 8",1
"andeq r0, r0, r0",1
invalid,1
invalid,1
"andeq r0, r1, r0",1
"addeq sb, r8, r0, asr r8",1
"addeq sl, r8, r0",1
"stmdapl r0, {r8}",1
"andeq r0, r0, r0",1
"andeq r0, r0, r0",1
"strheq r8, [r0], -r0",1
"andeq r8, r0, r0, lsl 17",1
"ldrmi r0, [r1], 3",1
"umulleq r8, r8, pc, r0",1
"addeq r8, r8, r0, lsl 22",1
"andpl r0, r0, r0, lsl 2",1
"andeq r8, r0, fp, lsl 17",1
"andeq r8, r0, r8, asr 17",1
"ldrmi r0, [r1], 3",1
"umulleq ip, r8, pc, r8",1
"addeq ip, r8, r0, lsl 30",1
"andpl r0, r0, r0, lsl 2",1
"andeq r8, r0, pc, asr 17",1
"andeq r8, r0, r8, lsl sb",1
"ldrmi r0, [r1], 3",1
"muleq r0, pc, r0",1
"andeq r0, r0, r0",1
"addeq sp, r7, r0, lsl 16",1
"addeq pc, r7, r0, lsl 16",1
bpl 0x4c74c,1
"strdeq r8, sb, [r0], -r8",1
"andeq r8, r0, r7, lsr 16",1
"rsbseq r0, r4, r8",1
"ldmdaeq r5!, {r1, r4, r5, sl, sp} ^",1
"andeq r2, r0, r6, lsl 4",1
"andeq r0, r0, r0",1
invalid,1
invalid,1
"andeq r0, r1, r0",1
"andeq r0, r0, r8, asr r0",1
"andeq r0, r0, r0",1
"addeq r1, r8, r0, lsl 24",1
"addeq sl, r8, r0",1
"stmdbpl r0, {r8}",1
"andeq r0, r0, r0",1
"andeq r0, r0, r0",1
"andeq r8, r0, r4, asr 17",1
"andeq r8, r0, r0, lsl 18",1
"subseq r0, r6, r1",1
"andeq r0, r0, r0",1
"str r0, [r0], -0",1
"stmda r0, {r3, r7}",1
"movweq r0, 0x88",1
svcls 0x7f7000,1
"andeq r8, r0, r8, ror 17",1
"andeq r8, r0, pc, ror 17",1
"subseq r0, r1, r1",1
"andeq r0, r0, r0",1
invalid,1
invalid,1
"andeq r0, r0, 0x89",1
invalid,1
"andhs r0, r0, sb, lsl 1",1
"andeq r0, r0, 0x89",1
"eorhs r7, r4, r0, lsl 26",1
"andls r0, r0, sb, lsl 1",1
"movweq r0, 0x8f",1
"orreq r7, r8, r0, lsl 26",1
"andeq r0, r0, r0",1
"andeq r0, r0, r0",1
"andeq r8, r0, r8, lsl sb",1
"muleq r0, r0, sb",1
"subsls r0, r0, r1",1
"andmi r0, r0, sb, lsl 1",1
"movweq r0, 0x8f",1
svcvc 0x849100,1
"andeq r8, r0, r0, asr 30",1
"andeq r8, r0, r4, asr pc",1
"ldrbpl r0, [r0], -1",1
"andls r0, r0, pc, lsl 1",1
"movweq r0, 0x8f",1
svcvc 0x849100,1
"andeq r0, r0, r0",1
"andeq r0, r0, r0",1
"andeq r8, r0, r8, lsl sb",1
"andeq r8, r0, r0, asr 18",1
"subsmi r0, r1, r1",1
invalid,1
"smlabbeq r0, sl, r0, r0",1
bhi 0x1b6303c,1
"mcrrhi p0, 0, r0, ip, c0",1
"andeq r0, r3, r0",1
"ldclmi p0, c9, [pc], -0x244",1
"andmi r0, r0, ip, lsl 1",1
"streq r0, [r0], -0x8f",1
"mrspl pc, sp_irq",1
"umulleq r4, pc, pc, r0",1
"addeq r6, pc, r0, lsl 8",1
blpl 0x4c860,1
"andeq r8, r0, r4, ror 30",1
"andeq r8, r0, r0, ror pc",1
invalid,1
svchi 0x709f51,1
svchi 0x840000,1
"andeq r0, r3, r0",1
"ldrbthi sb, [pc], -0x91     ; [0x4c47c:4]=0x400008f",1
"andls r0, r0, pc, lsl 1",1
"streq r0, [r0], -0x8f",1
"mrspl pc, sp_irq",1
"muleq r0, pc, r0",1
"andeq r0, r0, r0",1
"addeq r1, sb, r0, lsl 16",1
"addeq r7, sb, r0, lsl 16",1
"andpl r0, r0, 0, 2",1
"andeq r8, r0, r8, ror sb",1
"andeq r8, r0, ip, ror sb",1
"mrrcvc p0, 0, r0, r1, c1",1
"strhi r0, [r0], -0x89",1
"movweq r0, 0x89",1
"cdpvc p1, 0xf, c9, c12, c0, 0",1
"andeq r8, r0, r4, lsl 19",1
"muleq r0, ip, sb",1
"mrrcls p0, 0, r0, r1, c1",1
"andge r0, r0, sb, lsl 1",1
"smlabbeq r0, sb, r0, r0",1
"stmibhi r0!, {sb, ip, lr}",1
svchi 0x400000,1
"andeq r0, r3, r0",1
invalid,1
"strpl r0, [r0], -0x8f",1
"smlabbeq r0, pc, r0, r0",1
svchi 0x545100,1
svchi 0x900000,1
"andeq r0, r3, r0",1
invalid,1
"andeq r0, r0, r0",1
invalid,1
"stmdalo r0, {r0, r3, r7}",1
"smlabbeq r0, sb, r0, r0",1
"ldmdbhi r8!, {r8, sb, ip, lr}",1
"ldclhi p0, c0, [r4], 0",1
"andeq r0, r1, r0",1
"addeq pc, ip, r5, asr r4",1
"addeq r3, pc, r0",1
"vshl.u8 d0, d0, d0",1
"addslo r5, pc, r1, lsl 6",1
"strhi r0, [r0], -0x8f",1
"smlabbeq r0, pc, r0, r0",1
svchi 0x845500,1
svchi 0x900000,1
"andeq r0, r4, r0",1
svcls 0x5301f3,1
"andeq r0, r0, r0",1
"andeq r0, r0, r0",1
"andeq r8, r0, r4, lsr sb",1
"strdeq r8, sb, [r0], -r4",1
"subslo r0, r6, r1",1
"strhi r0, [r0], -0x8f",1
"smlabbeq r0, pc, r0, r0",1
"andeq r5, r0, r0, lsl 12",1
"andeq r0, r0, r0",1
invalid,1
invalid,1
"andeq r0, r1, r0",1
"addeq r6, sb, sl, asr ip",1
"addeq r7, sb, r0",1
"andlo r0, r0, r0, lsl 4",1
"umulleq r8, sb, pc, r4",1
"addeq r6, sl, r0, lsl 24",1
bpl 0x4c97c,1
"andeq r8, r0, ip, ror 20",1
"andeq r8, r0, ip, asr 24",1
"ldmhi r1, {r0, r1}",1
"addeq r4, pc, pc, ror r0",1
"addeq r5, pc, r0, lsl 8",1
"andlo r0, r0, r0, lsl 4",1
"umulleq r5, pc, pc, r4",1
"addeq r6, pc, r0, lsl 8",1
bpl 0x4c9a0,1
"andeq r8, r0, r0, ror pc",1
"andeq r8, r0, r4, lsl 31",1
"ldmhi r1, {r0, r1}",1
"andeq r0, r0, pc, ror r0",1
"andeq r0, r0, r0",1
"addeq r8, sb, r0, lsl 24",1
"addeq r6, sl, r0, lsl 24",1
bpl 0x4c9c0,1
"andeq r8, r0, ip, ror 20",1
"andeq r8, r0, ip, asr 24",1
"ldmhi r1, {r0, r1}",1
"addeq r5, pc, pc, ror r4",1
"addeq r6, pc, r0, lsl 8",1
bpl 0x4c9d8,1
"andeq r8, r0, r0, ror pc",1
"andeq r8, r0, r4, lsl 31",1
"ldmhi r1, {r0, r1}",1
"andeq r0, r0, pc, ror r0",1
"andeq r0, r0, r0",1
"addeq r8, sb, r0, lsl 24",1
"addeq r4, ip, r0, lsl 24",1
"strpl r0, [r0, -0x100]",1
"andeq r8, r0, r4, asr pc",1
"andeq r8, r0, r4, lsl 31",1
"subseq r0, r5, r1",1
"andeq r0, r0, r0",1
invalid,1
invalid,1
"smlabbeq r0, ip, r0, r0",1
svchi 0x545600,1
svchi 0x840000,1
"andeq r0, r1, r0",1
"andeq r0, r0, r6, asr r0",1
"andeq r0, r0, r0",1
"addeq sb, sb, r0, lsl 16",1
"addeq sp, sb, r0",1
"andvc r0, r0, r0, lsl 4",1
"addeq sp, sb, ip, asr r0",1
"addeq r4, pc, r0",1
"andpl r0, r0, r0, lsl 2",1
"andeq r8, r0, r4, asr pc",1
"andeq r8, r0, r4, ror 30",1
"ldrbvs r0, [r0], -1",1
"andls r0, r0, pc, lsl 1",1
"movweq r0, 0x8f",1
svcvc 0xac9100,1
"andeq r0, r0, r0",1
"andeq r0, r0, r0",1
"ldrdeq r8, sb, [r0], -ip",1
"andeq r8, r0, r8, ror 19",1
svcls 0x300002,1
"andeq r8, r0, r4, lsl sl",1
"andeq r8, r0, r0, lsr 20",1
"subseq r0, r4, r1",1
"andeq r0, r0, r0",1
invalid,1
"stmdagt r0, {r0, r3, r7}",1
"smlabbeq r0, sb, r0, r0",1
"stmibhi r8, {ip, lr} ^",1
bhi 0x1b4c690,1
"andeq r0, r1, r0",1
"addeq r5, pc, r8, asr r4",1
"addeq r6, pc, r0, lsl 8",1
"stmdapl r0, {r8}",1
"andeq r0, r0, r0",1
"andeq r0, r0, r0",1
"andeq r8, r0, ip, asr sl",1
"andeq r8, r0, ip, asr 24",1
"ldc2 p0, c0, [r1], {3}",1
"addeq r6, pc, lr, ror r4",1
"addeq r7, pc, r0",1
"mrsls r0, lr_irq",1
svchi 0x707efc,1
svchi 0x840000,1
"andeq r0, r1, r0",1
"andeq r0, r0, fp, asr r0",1
"andeq r0, r0, r0",1
"addeq r5, sl, r0, lsl 24",1
"addeq r6, sl, r0, lsl 24",1
"andpl r0, r0, 0, 2",1
"andeq r8, r0, ip, ror 20",1
"andeq r8, r0, ip, asr 24",1
"addshi r0, r1, r3",1
"addeq r6, pc, pc, ror r4",1
"addeq r8, pc, r0, lsl 8",1
"mrsls r0, lr_irq",1
"andeq r7, r0, r0, lsl 31",1
"andeq r0, r0, r0",1
bhi 0x174c704,1
bhi 0x1b4c708,1
"andeq r0, r1, r0",1
"addeq r6, sl, sb, asr ip",1
"addeq r4, ip, r0, lsl 24",1
invalid,1
"movwhs r7, 0x6f90",1
svchi 0x649f10,1
svchi 0x700000,1
"andeq r0, r6, r0",1
"cmphs r1, 0xc000003c",1
svchi 0x709f10,1
svchi 0x840000,1
"andeq r0, r7, r0",1
"uhadd8eq sb, pc, r1",1
"addseq r1, pc, r3, lsr 32",1
"andeq r0, r0, r0",1
invalid,1
invalid,1
"smlabbeq r0, sl, r0, r0",1
bhi 0x1b62f54,1
"mcrrhi p0, 0, r0, ip, c0",1
"andeq r0, r3, r0",1
invalid,1
"strhi r0, [r0], -0x8f",1
"movweq r0, 0x8f",1
svcvc 0x889100,1
"andeq r0, r0, r0",1
"andeq r0, r0, r0",1
"andeq r8, r0, ip, asr sl",1
"andeq r8, r0, ip, asr 24",1
"ldrbvs r0, [r5], -1",1
"strhi r0, [r0], -0x8f",1
"smlabbeq r0, pc, r0, r0",1
"andeq r5, r0, r0, lsl 10",1
"andeq r0, r0, r0",1
bhi 0x174c794,1
"mcrrhi p0, 0, r0, ip, c0",1
"andeq r0, r1, r0",1
"addeq r6, pc, r6, asr r4",1
"addeq r8, pc, r0, lsl 8",1
"strpl r0, [r0], -r0, lsl 2",1
"andeq r0, r0, r0",1
"andeq r0, r0, r0",1
"andeq r8, r0, ip, lsr fp",1
"andeq r8, r0, r4, asr 22",1
"ldmdalt r0, {r0} ^",1
"strgt r0, [r0], -0x8b",1
"smlabbeq r0, fp, r0, r0",1
invalid,1
"stchi p0, c0, [r0], -0",1
"andeq r0, r1, r0",1
"addeq r7, pc, r0, asr r0",1
"addeq r8, pc, r0, lsl 8",1
"andpl r0, r0, r0, lsl 2",1
"andeq r0, r0, r0",1
"andeq r0, r0, r0",1
"strheq r8, [r0], -r4",1
"andeq r8, r0, r4, ror 21",1
svcls 0x300002,1
"andeq r8, r0, ip, asr 22",1
"andeq r8, r0, r4, ror 22",1
svcls 0x300002,1
"andeq r8, r0, r4, asr 23",1
"ldrdeq r8, sb, [r0], -ip",1
"ldrbhs r0, [r7], -1",1
"andlo r0, r0, ip, lsl 1",1
"smlabbeq r0, ip, r0, r0",1
"andeq r5, r0, r0, lsl 16",1
"andeq r0, r0, r0",1
bhi 0x174c81c,1
bhi 0x1b4c820,1
"andeq r0, r2, r0",1
"ldchi p15, c9, [r4], -0xc0",1
"mcrrhi p0, 0, r0, ip, c0",1
"andeq r0, r1, r0",1
"andeq r0, r0, r4, asr r0",1
"andeq r0, r0, r0",1
"addeq sl, sl, r0, lsl 16",1
"addeq r5, fp, r0, lsl 24",1
"strpl r0, [r0, -r0, lsl 2]",1
"ldrdeq r8, sb, [r0], -ip",1
"andeq r8, r0, r0, lsr ip",1
"subsvc r0, r7, r1",1
"stmdavc r0, {r0, r1, r2, r3, r7}",1
"smlabbeq r0, pc, r0, r0",1
svchi 0x805700,1
svchi 0x840000,1
"andeq r0, r1, r0",1
"andeq r0, r0, r7, asr r0",1
"andeq r0, r0, r0",1
"addeq r8, sl, r0",1
"addeq lr, sl, r0, lsl 8",1
"andpl r0, r0, 0, 2",1
"andeq r8, r0, r4, ror 21",1
"andeq r8, r0, fp, lsr fp",1
"rsbseq r0, r4, sp, lsl r0",1
"ldmdaeq sb!, {r1, r4, r5, sl, sp} ^",1
"andlo r2, r6, 0x60000000",1
"andlo r7, r0, 36, 8",1
"streq r7, [r8], -r4, lsr 18",1
"eorlo r0, r2, 0x2200000",1
svcvc 0x809124,1
"addseq r2, pc, r6, lsl 4",1
"andeq r0, r0, r0",1
invalid,1
"str r0, [r0], -0x8a",1
"movweq r0, 0x8a",1
svcls 0xff0900,1
"andeq r8, r0, ip, lsl fp",1
"andeq r8, r0, fp, lsr fp",1
"subseq r0, r1, r1",1
"andeq r0, r0, r0",1
invalid,1
"str r0, [r0], -0x8a",1
"movweq r0, 0x8a",1
svcls 0xff0900,1
"andeq r8, r0, ip, lsl fp",1
"andeq r8, r0, r4, ror 22",1
"ldrbvs r0, [r8], -1",1
"stmdale r0, {r0, r1, r3, r7}",1
"smlabbeq r0, fp, r0, r0",1
svchi 0x705900,1
svchi 0x780000,1
"andeq r0, r1, r0",1
"addeq r7, pc, r8, asr r8",1
"addeq r8, pc, r0",1
"stmdbpl r0, {r8}",1
"andeq r0, r0, r0",1
"andeq r0, r0, r0",1
"andeq r8, r0, r8, ror 21",1
"andeq r8, r0, r4, lsr fp",1
"ldrblo r0, [r2], -1",1
"stmdalo r0, {r0, r1, r3, r7}",1
"andeq r0, r0, 0x8b",1
"rsbseq r7, ip, r0, lsl 6",1
"andeq r0, r0, r0",1
invalid,1
invalid,1
"smlabbeq r0, sl, r0, r0",1
bhi 0xfff60934,1
blhi 0x24c938,1
"andeq r0, pc, r0",1
"ldrths r0, [r3], -0x72",1
invalid,1
"stmdaeq r1, {r2, sl, ip, pc}",1
"ldmeq pc, {r0, r1, r2, r3, r4, r5, r6, r7, sb, fp, ip}",1
"strne r0, [r0], -0x8b",1
"smlabbeq r0, fp, r0, r0",1
blhi 0x560958,1
blhi 0xd4c95c,1
"andeq r0, pc, r0",1
"ldrths r0, [r3], -0x72",1
invalid,1
"stmdaeq r1, {r2, sl, ip, pc}",1
"ldrlo r1, [pc], 0xaff       ; [0x4c970:4]=0x1000008b",1
"stmdalo r0, {r0, r1, r3, r7}",1
"andne r0, r0, fp, lsl 1",1
"ldrbteq r7, [ip], -r0, lsl 6",1
"rsbseq r2, ip, r3, lsr r4",1
"strls r2, [r4], -0x322",1
bne 0xe98c,1
"muleq r0, pc, r0",1
"andeq r0, r0, r0",1
"addeq r6, fp, r0, lsl 24",1
"addeq sp, fp, r0, lsl 24",1
"stmdapl r0, {r8}",1
"andeq r8, r0, r8, ror pc",1
"andeq r8, r0, r0, lsl 31",1
"subseq r0, r8, r1",1
"andeq r0, r0, r0",1
"str r0, [r0], -0",1
"strne r0, [r0, -fp, lsl 1]",1
"smlabbeq r0, ip, r0, r0",1
"andeq r5, r0, r0, lsl 2",1
"andeq r0, r0, r0",1
blhi 0xffb4c9c4,1
blhi 0xffc4c9c8,1
"andeq r0, r8, r0",1
"orrseq r0, r4, r2, ror r4",1
svcls 0x1aff08,1
"strdeq r8, sb, [r0], -r0",1
"strdeq r8, sb, [r0], -r4",1
invalid,1
"andne r0, r0, fp, lsl 1",1
"movweq r0, 0x8c",1
svcls 0x87200,1
"andeq r8, r0, r0, lsl ip",1
"andeq r8, r0, r7, lsl ip",1
"rsbseq r0, r1, r0, lsl r0",1
"rsbseq r2, r0, r3, lsr r4",1
"strteq r2, [r3], -0x206",1
invalid,1
"andeq sb, r0, sl, lsl pc",1
"andeq r0, r0, r0",1
"ldchi p0, c0, [ip], {0}",1
"ldclhi p0, c0, [r4], 0",1
"andeq r0, r1, r0",1
"addeq r3, pc, sl, asr r0",1
"addeq r3, pc, r0, lsl 16",1
bpl 0x4ce24,1
"andeq r0, r0, r0",1
"andeq r0, r0, r0",1
"muleq r0, ip, ip",1
"andeq r8, r0, fp, lsr 25",1
blge 0x14cca3c,1
"stmdalo r0, {r2, r3, r7}",1
"movweq r0, 0x8f",1
"cdpvc p1, 0xf, c9, c12, c0, 0",1
"andeq r0, r0, r0",1
"andeq r0, r0, r0",1
"muleq r0, ip, ip",1
"andeq r8, r0, r8, lsr pc",1
"subseq r0, fp, r1",1
"andeq r0, r0, r0",1
invalid,1
"stmdage r0, {r2, r3, r7}",1
"smlabbeq r0, ip, r0, r0",1
"stchi p1, c5, [r8], 0",1
"stchi p0, c0, [fp], 0",1
"andeq r0, r1, r0",1
"addeq sl, ip, r0, asr fp",1
"addeq r3, pc, r0, lsl 16",1
"mrsls r0, lr_irq",1
"andeq r7, r0, r4, lsl 31",1
"andeq r0, r0, r0",1
"stchi p0, c0, [r0], 0",1
svchi 0x380000,1
"andeq r0, r1, r0",1
"andeq r0, r0, r8, asr r0",1
"andeq r0, r0, r0",1
"addeq r2, lr, r0, lsl 16",1
"addeq r3, lr, r0",1
"andpl r0, r0, r0, lsl 2",1
"andeq r8, r0, r8, ror 28",1
"andeq r8, r0, r0, lsl 29",1
"mrrchi p0, 0, r0, r0, c1",1
"strge r0, [r0], -0x8e",1
"smlabbeq r0, lr, r0, r0",1
svchi 0x45000,1
svchi 0x180000,1
"andeq r0, r1, r0",1
"addeq r1, pc, r0, asr r8",1
"addeq r3, pc, r0",1
"strpl r0, [r0], -0x100",1
"andeq r0, r0, r0",1
"andeq r0, r0, r0",1
"andeq r8, r0, r4, asr 25",1
"strdeq r8, sb, [r0], -r4",1
svcls 0x300002,1
"andeq r8, r0, r8, ror 29",1
"strdeq r8, sb, [r0], -ip",1
"subslo r0, sb, r1",1
"stmdalo r0, {r0, r1, r2, r3, r7}",1
"andeq r0, r0, 0x8f",1
"addseq r3, pc, r0",1
"andeq r0, r0, r0",1
invalid,1
"andlo r0, r0, ip, lsl 1",1
"smlabbeq r0, pc, r0, r0",1
"andeq r5, r0, r0, lsl 10",1
"andeq r0, r0, r0",1
"ldchi p0, c0, [r0], 0",1
"ldclhi p0, c0, [r4], 0",1
"andeq r0, r1, r0",1
"addeq pc, ip, r0, asr r4",1
"addeq r3, pc, r0",1
"mrsls r0, lr_irq",1
svchi 0x307f98,1
svchi 0x380000,1
"andeq r0, r1, r0",1
"andeq r0, r0, r0, asr r0",1
"andeq r0, r0, r0",1
"addeq r3, sp, r0, lsl 24",1
"addeq r6, sp, r0",1
"mrsls r0, lr_irq",1
"stclhi p15, c7, [r0, -0x260]!",1
"cdphi p0, 0xe, c0, c4, c0, 0",1
"andeq r0, r1, r0",1
"addeq pc, lr, r7, asr ip",1
"addeq r1, pc, r0, lsl 16",1
"strpl r0, [r0, -r0, lsl 2]",1
"andeq r0, r0, r0",1
"andeq r0, r0, r0",1
"andeq r8, r0, r8, lsl 26",1
"andeq r8, r0, r0, lsr sp",1
"rsbseq r0, r2, r6",1
svcls 0x1aff08,1
"andeq r8, r0, r0, lsr sp",1
"andeq r8, r0, r0, ror 26",1
"rsbseq r0, r5, r0, lsl r0",1
"rsbseq r2, r8, r3, lsr r4",1
"strteq r2, [r3], -0x206",1
invalid,1
"andeq sb, r0, sl, lsl pc",1
"andeq r0, r0, r0",1
"ldchi p0, c0, [ip, -0]!",1
"cdphi p0, 5, c0, c12, c0, 0",1
"andeq r0, r1, r0",1
"addeq ip, lr, r4, asr r4",1
"addeq lr, lr, r0, lsl 8",1
"strpl r0, [r0], -0x100",1
"strdeq r8, sb, [r0], -ip",1
"andeq r8, r0, r0, lsl 30",1
"ldrbeq r0, [r4], -1",1
"stmdaeq r0, {r0, r1, r2, r3, r7}",1
"smlabbeq r0, pc, r0, r0",1
"andeq r5, r0, r0, lsl 8",1
"andeq r0, r0, r0",1
"ldclhi p0, c0, [r8, -0]!",1
"stchi p0, c0, [r8]",1
"andeq r0, r1, r0",1
"addeq r8, sp, r3, asr r8",1
"addeq ip, sp, r0, lsl 22",1
"strvc r0, [r0], -0x800",1
"ldmdaeq r4!, {r2, r3, sb, sl} ^",1
"addseq r1, pc, r6, lsl 24",1
"andeq r0, r0, r0",1
"andhi r0, r0, r0",1
"strgt r0, [r0], -0x8d",1
"smlabbeq r0, lr, r0, r0",1
"vmovhi.f32 s11, -1.250000e-01",1
svchi 0x180000,1
"andeq r0, r1, r0",1
"andeq r0, r0, sl, asr r0",1
"andeq r0, r0, r0",1
"addeq sl, sp, r0, lsl 8",1
"addeq ip, lr, r0, lsl 8",1
"stmdbpl r0, {r8}",1
"strdeq r8, sb, [r0], -ip",1
"andeq r8, r0, r8, lsl pc",1
"subseq r0, sb, r1",1
"andeq r0, r0, r0",1
invalid,1
"andvs r0, r0, lr, lsl 1",1
"smlabbeq r0, lr, r0, r0",1
"cdphi p0, 0xf, c5, c12, c0, 0",1
svchi 0x40000,1
"andeq r0, r1, r0",1
"andeq r0, r0, r0, asr r0",1
"andeq r0, r0, r0",1
"addeq r5, lr, r0, lsl 24",1
"addeq ip, lr, r0",1
"strpl r0, [r0], -0x100",1
"andeq r8, r0, ip, lsl 30",1
"andeq r8, r0, r0, lsl pc",1
"ldrbne r0, [r4], -1",1
"stmdane r0, {r0, r1, r2, r3, r7}",1
"smlabbeq r0, pc, r0, r0",1
"andeq r5, r0, r0, lsl 8",1
"andeq r0, r0, r0",1
svchi 0x900000,1
svchi 0x940000,1
"andeq r0, r2, r0",1
svchi 0x94007d,1
svchi 0x980000,1
"andeq r0, r2, r0",1
svchi 0x98247d,1
"eorsls r0, ip, 0",1
"andeq r0, r3, r0",1
"andeq lr, r0, sp, ror r0",1
"andeq r0, r0, r0",1
"andls r0, r0, r0",1
"stmdage r0, {r0, r1, r2, r3, r7}",1
"smlabbeq r0, pc, r0, r0",1
svchi 0xa85000,1
"eorsls r0, ip, 0",1
"andeq r0, r1, r0",1
"andeq r0, r0, sb, asr r0",1
"andeq r0, r0, r0",1
"addeq sb, pc, r0",1
"addeq sl, pc, r0, lsl 24",1
invalid,1
"andeq r8, r0, ip, lsr 31",1
"andeq sb, r0, ip, lsr r2",1
"subseq r0, sl, r1",1
"andeq r0, r0, r0",1
"andlt r0, r0, r0",1
invalid,1
"smlabbeq r0, pc, r0, r0",1
svchi 0xbc5000,1
svchi 0xcc0000,1
"andeq r0, r1, r0",1
"addeq ip, pc, r4, asr ip",1
"addeq pc, pc, r0, lsl 16    ; [0x4cd04:4]=0x91c4",1
"andpl r0, r0, r0, lsl 2",1
"andeq sb, r0, r4, asr 3",1
"andeq sb, r0, r8, lsl 4",1
"mrrceq p0, 0, r0, r0, c1",1
"stmdane r0, {r1, r4, r7}",1
"swpeq r0, r2, [r0]",1
"andeq r5, r0, r0, lsl 8",1
"andeq r0, r0, r0",1
svchi 0xa00000,1
svchi 0xf40000,1
"andeq r0, r2, r0",1
"andsls sb, r8, r0, lsr pc",1
"subls r0, r4, r0",1
"andeq r0, r3, r0",1
"ldrbtmi fp, [pc], -0x891    ; [0x4cd40:4]=0x1000090",1
invalid,1
"swpeq r0, r0, [r0]",1
"rsbsls r5, ip, r0, lsl 4",1
"bicsls r0, r4, r0",1
"andeq r0, r3, r0",1
"ldrbtle fp, [pc], -0x891    ; [0x4cd58:4]=0x2000091",1
"str r0, [r0], -0x91",1
"andeq r0, r0, 0x91",1
"ldr r3, [pc], 0             ; [0x4cd64:4]=0x3000092",1
"muleq r0, r1, r0",1
"movweq r0, 0x92",1
svcvc 0xb89100,1
"andeq sb, r0, r0, lsl 4",1
"andeq sb, r0, r8, lsl 4",1
svcls 0x300002,1
"andeq sb, r0, r8, lsl 4",1
"andeq sb, r0, ip, lsl 4",1
"ldmlt r1, {r0, r1}",1
"addseq r1, r2, pc, ror r8",1
"addseq r3, r2, r0",1
"mrsls r0, lr_irq",1
"strheq r7, [r0], -r8",1
"andeq r0, r0, r0",1
"rsbls r0, r8, r0",1
"orrsls r0, r0, r0",1
"andeq r0, r3, r0",1
"umullsls r4, pc, r1, r4",1
invalid,1
"swpeq r0, r1, [r0]",1
"orrsls r5, r7, r0",1
"movsls r0, r0",1
"andeq r0, r3, r0",1
"ldmeq pc, {r0, r4, r7, sl, lr}",1
invalid,1
"movweq r0, 0x92",1
svcls 0x449100,1
"andeq sb, r0, r8, lsl r2",1
"andeq sb, r0, r0, lsr r2",1
"ldrmi r0, [r1], 3",1
"muleq r0, pc, r0",1
"andeq r0, r0, r0",1
"addseq r6, r0, r0, lsl 16",1
"addseq fp, r1, r0",1
blpl 0x4d1f0,1
"andeq sb, r0, r8, lsl 4",1
"andeq sb, r0, ip, lsl 4",1
"ldmdane fp, {r0} ^",1
"mullo r0, r2, r0",1
"swpeq r0, r2, [r0]",1
"andeq r5, r0, r0, lsl 22",1
"andeq r0, r0, r0",1
"rsbls r0, r8, r0",1
"movsls r0, r0",1
"andeq r0, r1, r0",1
"addseq r0, r2, sl, asr r8",1
"addseq r0, r2, r0, lsl 24",1
bpl 0x4d224,1
"andeq sb, r0, r8, lsl r2",1
"andeq sb, r0, r0, lsr r2",1
"subseq r0, sl, r1",1
"andeq r0, r0, r0",1
invalid,1
"mullt r0, r0, r0",1
"swpeq r0, r1, [r0]",1
"andls r5, r8, 0, 18",1
"andls r0, ip, 0",1
"andeq r0, r1, r0",1
"addseq r1, r2, sb, asr r8",1
"addseq r3, r2, r0",1
"stmdbpl r0, {r8}",1
"andeq r0, r0, r0",1
"andeq r0, r0, r0",1
"andeq sb, r0, ip, rrx",1
"strheq sb, [r0], -r0",1
"ldmdaeq r8, {r0} ^",1
invalid,1
"swpeq r0, r2, [r0]",1
"andsls r5, r8, 0, 16",1
"eorsls r0, r0, 0",1
"andeq r0, r1, r0",1
"andeq r0, r0, r8, asr r0",1
"andeq r0, r0, r0",1
"addseq r6, r0, r0, lsl 24",1
"addseq fp, r1, r0",1
"strvc r0, [r0, -r0, lsl 6]",1
"andls sb, r8, 16, 30",1
"andls r0, ip, 0",1
"andeq r0, r3, r0",1
"ldmne pc, {r0, r1, r2, r4, r5, r6, ip}",1
"mullo r0, r2, r0",1
"movweq r0, 0x92",1
svcls 0x107700,1
"andeq r0, r0, r0",1
"andeq r0, r0, r0",1
"andeq sb, r0, ip, rrx",1
"andeq sb, r0, ip, ror r0",1
svcls 0x300002,1
"andeq sb, r0, r4, lsr 3",1
"strheq sb, [r0], -r0",1
"subseq r0, r4, r1",1
"andeq r0, r0, r0",1
"strhi r0, [r0], -0",1
"mullt r0, r0, r0",1
"swpeq r0, r1, [r0]",1
"andls r5, r8, 0, 10",1
"andls r0, ip, 0",1
"andeq r0, r1, r0",1
"addseq r1, r2, r5, asr r8",1
"addseq r3, r2, r0",1
"strpl r0, [r0, -0x100]",1
"andeq r0, r0, r0",1
"andeq r0, r0, r0",1
"andeq sb, r0, r4, lsl 1",1
"andeq sb, r0, r8, lsl 2",1
svcls 0x300002,1
"andeq sb, r0, r8, lsl 2",1
"andeq sb, r0, r4, lsl r1",1
"ldrge r0, [r1], 3",1
"addseq r6, r1, pc, ror r0",1
"addseq sl, r1, r0",1
"mrsls r0, lr_irq",1
"andls r7, r8, 164, 30",1
"andls r0, ip, 0",1
"andeq r0, r3, r0",1
invalid,1
"mullo r0, r2, r0",1
"movweq r0, 0x92",1
svcvc 0xa49100,1
"andeq r0, r0, r0",1
"andeq r0, r0, r0",1
"muleq r0, r8, r1",1
"andeq sb, r0, r0, lsr 3",1
"ldmdaeq r0, {r0} ^",1
invalid,1
"swpeq r0, r2, [r0]",1
"andeq r5, r0, r0",1
"andeq r0, r0, r0",1
invalid,1
"orrls r0, r0, r0",1
"andeq r0, r8, r0",1
"uhadd8eq sl, pc, r1",1
svcls 0x22007b,1
"andeq sb, r0, r0, lsl 3",1
"andeq sb, r0, r3, lsl 3",1
"cmphi r3, 1",1
invalid,1
"stmdaeq r0, {r0, r4, r7}",1
svcvc 0xa49100,1
"andhs r7, r0, 0x1800",1
"muleq r0, pc, r0",1
"andeq r0, r0, r0",1
"addseq sl, r0, r0, lsl 8",1
"addseq fp, r0, r0, lsl 16",1
"andpl r0, r0, 0, 2",1
"strheq sb, [r0], -r8",1
"strheq sb, [r0], -pc",1
"ldcleq p0, c0, [sl], -8",1
"strheq sb, [r0], -pc",1
"andeq sb, r0, r4, lsl r1",1
"ldcge p0, c0, [r1], {3}",1
"andeq r0, r0, pc, ror r0",1
"andeq r0, r0, r0",1
"addseq sl, r0, r0, lsl 8",1
"addseq r1, r1, r0, lsl 8",1
blpl 0x4d3d4,1
"andeq r0, r0, r0",1
"andeq r0, r0, r0",1
"andeq sb, r0, r4, lsr 1",1
"andeq sb, r0, r4, lsl r1",1
"subseq r0, r5, r1",1
"andeq r0, r0, r0",1
"strge r0, [r0], -0",1
"strne r0, [r0], -0x90",1
"swpeq r0, r1, [r0]",1
"andeq r5, r0, r0, lsl 20",1
"andeq r0, r0, r0",1
"adcls r0, r4, r0",1
"tstls r4, r0",1
"andeq r0, r1, r0",1
"andeq r0, r0, sb, asr r0",1
"andeq r0, r0, r0",1
"addseq sl, r0, r0, lsl 24",1
"addseq fp, r0, r0, lsl 24",1
"movwpl r0, 0x100",1
"strheq sb, [r0], -ip",1
"strheq sb, [r0], -pc",1
svclt 0x500001,1
"strne r0, [r0], -0x90",1
"movweq r0, 0x91",1
svcvc 0xa89100,1
"andeq r0, r0, r0",1
"andeq r0, r0, r0",1
"andeq sb, r0, r0, asr 1",1
"andeq sb, r0, r4, ror 1",1
"ldrb r0, [r0], -1",1
"strne r0, [r0], -0x90",1
"movweq r0, 0x91",1
svcvc 0xa49100,1
"andeq r0, r0, r0",1
"andeq r0, r0, r0",1
"andeq sb, r0, r8, lsr 32",1
"andeq sb, r0, r4, asr 32",1
"addslt r0, r1, r3",1
"andeq r0, r0, pc, ror r0",1
"andeq r0, r0, r0",1
"addseq r2, r0, r0, lsl 16",1
"addseq r4, r0, r0, lsl 8",1
"andlo r0, r0, r0, lsl 4",1
"muleq r0, pc, r0",1
"andeq r0, r0, r0",1
"addseq r2, r0, r0, lsl 16",1
"addseq r3, r0, r0, lsl 6",1
"andpl r0, r0, r0, lsl 2",1
"andeq r0, r0, r0",1
"andeq r0, r0, r0",1
"andeq sb, r0, ip, lsr r2",1
"andeq sb, r0, r0, asr 4",1
"rsbseq r0, sp, r2",1
"andeq sb, r0, r0, asr 4",1
"andeq sb, r0, r4, asr 4",1
"ldrbths r0, [sp], -2",1
"andeq sb, r0, r4, asr 4",1
"andeq sb, r0, r0, asr 18",1
"rsbsgt r0, sp, r3",1
"andeq r0, r0, r0",1
"andeq r0, r0, r0",1
"addseq r3, r2, r0, lsl 24",1
"addseq r4, r3, r0, lsl 8",1
"andpl r0, r0, r0, lsl 2",1
"andeq sb, r0, r4, asr 6",1
"andeq sb, r0, r0, ror 9",1
"subs r0, r4, r1",1
"str r0, [r0], -0x94",1
"swpeq r0, r4, [r0]",1
"strbtls r5, [r4], 0",1
"ldrbls r0, [ip, -0]",1
"andeq r0, r1, r0",1
"addseq r5, r5, r4, asr ip",1
"addseq pc, r5, r0, lsl 24",1
"andpl r0, r0, r0, lsl 2",1
"strdeq sb, sl, [r0], -ip",1
"andeq sb, r0, r4, lsr 16",1
"ldrbhs r0, [r4], -1",1
"mulpl r0, r8, r0",1
"swpeq r0, r8, [r0]",1
"ldmdals r0, {ip, lr} ^",1
invalid,1
"andeq r0, r1, r0",1
"andeq r0, r0, r4, asr r0",1
"andeq r0, r0, r0",1
"addseq r3, r2, r0, lsl 24",1
"addseq r0, r3, r0, lsl 16",1
invalid,1
"andeq sb, r0, r8, lsl 6",1
"andeq sb, r0, r0, ror 9",1
"subs r0, r6, r1",1
"stmda r0, {r2, r4, r7}",1
"swpeq r0, r4, [r0]",1
"strbtls r5, [r8], 0x100",1
"ldrbls r0, [ip, -0]",1
"andeq r0, r1, r0",1
"addseq r5, r5, r6, asr ip",1
"addseq ip, r5, r0, lsl 16",1
invalid,1
"andeq sb, r0, r8, asr 11",1
"andeq sb, r0, r4, lsr 16",1
"ldrbhs r0, [r6], -1",1
"strpl r0, [r0], -0x98",1
"swpeq r0, r8, [r0]",1
"ldmdals r4, {r8, ip, lr} ^",1
invalid,1
"andeq r0, r1, r0",1
"andeq r0, r0, r6, asr r0",1
"andeq r0, r0, r0",1
"addseq r3, r2, r0, lsl 24",1
"addseq r0, r3, r0, lsl 24",1
"andpl r0, r0, 0, 2",1
"andeq sb, r0, ip, lsl 6",1
"andeq sb, r0, r0, ror 9",1
"subs r0, r7, r1",1
invalid,1
"swpeq r0, r4, [r0]",1
"strbtls r5, [ip], 0x200",1
"ldrbls r0, [ip, -0]",1
"andeq r0, r1, r0",1
"addseq r5, r5, r7, asr ip",1
"addseq sl, r5, r0",1
"andpl r0, r0, 0, 2",1
"andeq sb, r0, r0, lsr 11",1
"andeq sb, r0, r8, lsr r8",1
"ldmdalo r7, {r0} ^",1
"mulmi r0, r8, r0",1
"streq r0, [r0], -0x99",1
"andpl pc, r1, 0, 6",1
"muleq r0, pc, r0",1
"andeq r0, r0, r0",1
"addseq sp, r2, r0, lsl 24",1
"addseq fp, r8, r0, lsl 8",1
"strpl r0, [r0, -0x100]",1
"andeq r0, r0, r0",1
"andeq r0, r0, r0",1
"andeq sb, r0, ip, ror 4",1
"muleq r0, r0, r2",1
svcls 0x380002,1
"andeq r0, r0, r0",1
"andeq r0, r0, r0",1
"andeq sb, r0, ip, ror 4",1
"muleq r0, r0, r2",1
svcls 0x300002,1
"andeq r0, r0, r0",1
"andeq r0, r0, r0",1
"andeq sb, r0, ip, ror 4",1
"muleq r0, r0, r2",1
"rsbsne r0, r0, r3",1
"muleq r0, pc, r0",1
"andeq r0, r0, r0",1
"addseq pc, r2, r0, lsl 24",1
"addseq r0, r3, r0, lsl 24",1
"andlo r0, r0, r0, lsl 4",1
"umullseq r0, r3, pc, ip",1
"addseq r4, r3, r0, lsl 24",1
"andpl r0, r0, 0, 2",1
"strheq sb, [r0], -ip",1
"andeq sb, r0, r4, asr 7",1
svcls 0x300002,1
"andeq sb, r0, r4, asr 7",1
"andeq sb, r0, ip, ror 7",1
"mrrclt p0, 0, r0, r3, c1",1
"movwle r0, 0x94",1
"swpeq r0, r4, [r0]",1
"andeq r5, r0, r0, lsl 6",1
"andeq r0, r0, r0",1
"movwls r0, 0",1
"movwls r0, 0xc000",1
"andeq r0, r1, r0",1
"addseq r0, r3, sl, asr ip",1
"addseq r4, r3, r0, lsl 16",1
invalid,1
"andeq r0, r0, r0",1
"andeq r0, r0, r0",1
"andeq sb, r0, r4, lsl r3",1
"andeq sb, r0, r0, lsr r4",1
"subslo r0, r8, r1",1
"strlo r0, [r0], -0x94",1
"movweq r0, 0x94",1
svcls 0x7f7800,1
"andeq sb, r0, r4, lsr r4",1
"andeq sb, r0, r0, ror 9",1
"subseq r0, r8, r1",1
"andeq r0, r0, r0",1
invalid,1
"stmdahi r0, {r0, r1, r4, r7}",1
"stmdaeq r0, {r0, r1, r4, r7}",1
"stmdavc r0, {sb, fp, ip, sp, lr}",1
"ldrths r1, [r2], -0xc00",1
"umullseq r8, r3, pc, r8",1
"addseq r8, r3, r0, lsl 22",1
"andpl r0, r0, 0, 2",1
"andeq sb, r0, fp, lsl 7",1
"andeq sb, r0, ip, ror 7",1
"rsbseq r0, sl, r8",1
"andslo r0, ip, 0x78",1
"andeq sb, r0, r4, lsr 30",1
"andeq r0, r0, r0",1
"cmnls r8, 0",1
"orrls r0, r4, 0",1
"andeq r0, r6, r0",1
"rsbseq r0, r1, r3, ror r0",1
"orrls sb, r4, 34, 30",1
"orrls r0, fp, 0",1
"andeq r0, r1, r0",1
"andeq r0, r0, r1, asr r0",1
"andeq r0, r0, r0",1
"addseq r7, r3, r0, lsl 16",1
"addseq r8, r3, r0, lsl 22",1
"movwpl r0, 0x100",1
"andeq r0, r0, r0",1
"andeq r0, r0, r0",1
"muleq r0, r0, r3",1
"andeq sb, r0, r0, lsr 7",1
"ldclne p0, c0, [r4], -0x1c",1
invalid,1
"umullseq sl, r3, pc, r0",1
"addseq sl, r3, r0, lsl 6",1
"andpl r0, r0, 0, 2",1
"andeq r0, r0, r0",1
"andeq r0, r0, r0",1
"muleq r0, r0, r3",1
"muleq r0, ip, r3",1
"rsbseq r0, r1, r6",1
svcls 0x220078,1
"muleq r0, ip, r3",1
"andeq sb, r0, r3, lsr 7",1
"subseq r0, r1, r1",1
"andeq r0, r0, r0",1
"andls r0, r0, r0",1
invalid,1
"swpeq r0, r3, [r0]",1
"orrsls r5, ip, 0, 2",1
invalid,1
"andeq r0, r1, r0",1
"andeq r0, r0, r0, asr r0",1
"andeq r0, r0, r0",1
"addseq ip, r4, r0, lsl 16",1
"addseq sp, r4, r0, lsl 6",1
"andpl r0, r0, 0, 2",1
"andeq r0, r0, r0",1
"andeq r0, r0, r0",1
"andeq sb, r0, r8, asr 9",1
"ldrdeq sb, sl, [r0], -r4",1
invalid,1
"muleq r0, pc, r0",1
"andeq r0, r0, r0",1
"addseq ip, r4, r0, lsl 16",1
"addseq sp, r4, r0, lsl 6",1
"strvc r0, [r0], -0x200",1
"andeq r0, r0, r4",1
"andeq r0, r0, r0",1
"addseq r0, r5, r0, lsl 8",1
"addseq r1, r5, r0, lsl 16",1
"strvc r0, [r0], -0x900",1
"rsbseq r0, r5, ip, lsl r6",1
svcls 0x24321c,1
"andeq sb, r0, r8, lsl r5",1
"andeq sb, r0, fp, lsl r5",1
"subseq r0, r2, r1",1
"andeq r0, r0, r0",1
"streq r0, [r0], -0",1
"strne r0, [r0], -0x95",1
"stmdaeq r0, {r0, r2, r4, r7}",1
"andlo r7, r0, 0, 10",1
"andhs r7, r0, 36, 2",1
"umullseq r1, r5, pc, r4",1
"addseq r1, r5, r0, lsl 22",1
"strvc r0, [r0, -0x800]",1
"eorvc r3, r4, r0, lsl 4",1
"addseq r2, pc, r0, lsl 4",1
"andeq r0, r0, r0",1
"streq r0, [r0], -0",1
"strne r0, [r0], -0x95",1
"swpeq r0, r5, [r0]",1
"ldrls r5, [r4, -0x100]",1
"ldrls r0, [fp, -0]",1
"andeq r0, r1, r0",1
"andeq r0, r0, r0, asr r0",1
"andeq r0, r0, r0",1
"addseq r2, r5, r0, lsl 24",1
"addseq r3, r5, r0, lsl 24",1
"strvc r0, [r0], -0x700",1
"rsbseq r0, r5, ip, lsl r6",1
"ldrls sb, [ip, -0xf1c]!",1
"ldrls r0, [0x0004d450]!     ; [0x4d450:4]=82",1
"andeq r0, r1, r0",1
"andeq r0, r0, r2, asr r0",1
"andeq r0, r0, r0",1
"addseq r2, r5, r0, lsl 24",1
"addseq r3, r5, r0, lsl 16",1
invalid,1
"andhs r7, r0, 0, 10",1
"umullseq r3, r5, pc, r8",1
"addseq r3, r5, r0, lsl 30",1
invalid,1
"andeq r0, r0, r0",1
"andeq r0, r0, r0",1
"andeq sb, r0, ip, lsr 10",1
"andeq sb, r0, r8, lsr r5",1
"ldmdalo r1, {r0} ^",1
svclo 0x95,1
"swpeq r0, r5, [r0]",1
"andeq r5, r0, r0",1
"andeq r0, r0, r0",1
"strbls r0, [r0, -0]!",1
invalid,1
"andeq r0, r1, r0",1
"andeq r0, r0, fp, asr r0",1
"andeq r0, r0, r0",1
"addseq sp, r7, r0, lsl 24",1
"addseq lr, r7, r0, lsl 24",1
"movwpl r0, 0x100",1
"strdeq sb, sl, [r0], -r4",1
"andeq sb, r0, r4, lsl 16",1
"subseq r0, r3, r1",1
"andeq r0, r0, r0",1
invalid,1
"strlt r0, [r0], -0x95",1
"movweq r0, 0x96",1
svcls 0xff0900,1
"strheq sb, [r0], -r4",1
"andeq sb, r0, r0, asr 13",1
"subsgt r0, r8, r1",1
invalid,1
"movweq r0, 0x96",1
svcls 0xff0900,1
"andeq sb, r0, r4, asr r7",1
"andeq sb, r0, r4, lsr 16",1
"subseq r0, r8, r1",1
"andeq r0, r0, r0",1
"andgt r0, r0, r0",1
"mulhi r0, r5, r0",1
"swpeq r0, r6, [r0]",1
"strbls r5, [r0], r0, lsl 16",1
"strbls r0, [ip], r0",1
"andeq r0, r1, r0",1
"andeq r0, r0, r8, asr r0",1
"andeq r0, r0, r0",1
"addseq sp, r5, r0, lsl 16",1
"addseq pc, r5, r0, lsl 24",1
"movwpl r0, 0x100",1
"strdeq sb, sl, [r0], -ip",1
"andeq sb, r0, r0, lsl 12",1
"subseq r0, r2, r1",1
"strvs r0, [r0], -0x96",1
"swpeq r0, r6, [r0]",1
"strbtls r5, [r4], -r0, lsl 6",1
"strbls r0, [r0], r0",1
"andeq r0, r1, r0",1
"addseq ip, r6, sl, asr r0",1
"addseq ip, r6, r0, lsl 8",1
"movwpl r0, 0x100",1
"andeq sb, r0, r4, asr 13",1
"andeq sb, r0, ip, asr 13",1
"subseq r0, r2, r1",1
"andeq r0, r0, r0",1
invalid,1
"vst4.32 {d0, d1, d2, d3}, [r0:0x40], r5",1
"swpeq r0, r5, [r0]",1
"ldrbls r5, [r4, 0x100]!",1
"ldrbls r0, [ip, 0]!",1
"andseq r0, pc, r0",1
"rsbseq r0, r5, r8, ror r0",1
"sbcseq r7, r0, r2, lsr 32",1
"andsmi r1, r2, r6, lsl 24",1
"eorvc r2, r2, fp, asr 8",1
"ldrne r0, [r6], -0x600",1
"eorhs r4, r4, 64, 22",1
"andeq r2, r1, fp, lsr 16",1
"ldc2 p3, c1, [pc], {0x16}",1
invalid,1
svcne 0x96,1
"strvc r7, [r0, -0x800]",1
"rsbsle r2, r4, r0, lsl 4",1
"andsne r0, ip, 0, 12",1
"eorhs r4, r4, 64, 22",1
invalid,1
"strbhs r4, [fp], -0x14",1
invalid,1
svcls 0x131600,1
"andeq sb, r0, r0, asr 13",1
"andeq sb, r0, ip, asr 13",1
"rsbseq r0, r8, pc, lsl r0",1
"strtvc r0, [r2], -0x75",1
invalid,1
"strbhs r4, [fp], -0x12",1
"streq r7, [r0], -r2, lsr 8",1
blmi 0x1052644,1
"stmdahs fp!, {r2, r5, sb, sp}",1
"tstne r6, 1",1
"muleq r0, pc, r0",1
"andeq r0, r0, r0",1
"addseq fp, r6, r0",1
"addseq ip, r6, r0",1
"mrsls r0, lr_irq",1
invalid,1
invalid,1
"andeq r0, r3, r0",1
"ldmdahi pc!, {r0, r4, r7, sl, fp, ip, sp, pc} ^",1
"mulmi r0, r8, r0",1
"movweq r0, 0x99",1
svcvc 0xbc9100,1
"andeq r0, r0, r0",1
"andeq r0, r0, r0",1
"andeq sb, r0, r0, lsr 12",1
"andeq sb, r0, r7, ror r6",1
"subseq r0, r2, r1",1
"andeq r0, r0, r0",1
invalid,1
"stmdals r0, {r1, r2, r4, r7}",1
"swpeq r0, r6, [r0]",1
"ldrls r5, [r8], r0",1
"strtls r0, [ip], r0",1
"andeq r0, r1, r0",1
"andeq r0, r0, sb, asr r0",1
"andeq r0, r0, r0",1
"addseq r2, r6, r0",1
"addseq r3, r6, r0, lsl 16",1
bpl 0x4da68,1
"andeq sb, r0, r8, lsr r6",1
"andeq sb, r0, r0, ror 12",1
"subsvs r0, r3, r1",1
invalid,1
"swpeq r0, r6, [r0]",1
"andeq r5, r0, r0, lsl 2",1
"andeq r0, r0, r0",1
"ldrtls r0, [ip], -r0",1
"strbls r0, [ip], -r0",1
"andeq r0, r1, r0",1
"addseq r4, r6, r1, asr ip",1
"addseq r5, r6, r0",1
"mrsvc r0, lr_irq",1
"usub16ls sb, r0, pc",1
"ldrbls r0, [r8], -r0",1
"andeq r0, r1, r0",1
"andeq r0, r0, r1, asr r0",1
"andeq r0, r0, r0",1
"addseq r6, r6, r0",1
"addseq ip, r6, r0",1
"stmdalo r0, {sb}",1
"muleq r0, pc, r0",1
"andeq r0, r0, r0",1
"addseq r6, r6, r0",1
"addseq ip, r6, r0",1
"andlo r0, r0, r0, lsl 4",1
"muleq r0, pc, r0",1
"andeq r0, r0, r0",1
"addseq r6, r6, r0",1
"addseq r7, r6, r0, lsl 8",1
"mrsls r0, lr_irq",1
"ldrbtls sb, [r4], -r8, asr 30",1
"ldrbtls r0, [r7], -r0",1
"andeq r0, r1, r0",1
"addseq r7, r6, r3, asr r7",1
"addseq ip, r6, r0",1
"mrsls r0, lr_irq",1
"andeq sb, r0, r8, asr 30",1
"andeq r0, r0, r0",1
"ldrls r0, [r4], r0",1
"strbls r0, [r0], r0",1
"andeq r0, r2, r0",1
"andeq sb, r0, r8, lsr pc",1
"andeq r0, r0, r0",1
"ldrls r0, [r4], r0",1
"strbls r0, [r0], r0",1
"andeq r0, r2, r0",1
"andeq sb, r0, r0, lsr pc",1
"andeq r0, r0, r0",1
"ldrls r0, [r4], r0",1
"ldrls r0, [r8], r0",1
"andeq r0, r3, r0",1
"ldmls pc, {r2, r4, r5, r6, ip}",1
"movwge r0, 0x96",1
"swpeq r0, r6, [r0]",1
"strtls r5, [r3], r0",1
"strbls r0, [r0], r0",1
"andeq r0, r3, r0",1
"addseq r1, pc, r4, ror r0",1
"andeq r0, r0, r0",1
invalid,1
invalid,1
invalid,1
"ldclo p2, c15, [lr], -0",1
"andeq r0, r0, r1",1
"andeq r0, r0, r0",1
invalid,1
invalid,1
"swpeq r0, r7, [r0]",1
"andeq r5, r0, r0, lsl 12",1
"andeq r0, r0, r0",1
"strbls r0, [ip], r0",1
"ldrbls r0, [ip, -r0]!",1
"andeq r0, r1, r0",1
"andeq r0, r0, r4, asr r0",1
"andeq r0, r0, r0",1
"addseq sp, r6, r0, lsl 16",1
"addseq r5, r7, r0, lsl 16",1
bpl 0x4dba4,1
"andeq r0, r0, r0",1
"andeq r0, r0, r0",1
"andeq sb, r0, r0, lsl r7",1
"andeq sb, r0, r4, lsr r7",1
"ldrblo r0, [r0], -1",1
"stmdami r0, {r0, r1, r2, r4, r7}",1
"andeq r0, r0, 0x97",1
"ldmmi pc, {r8, ip, sp}",1
invalid,1
"swpeq r0, r7, [r0]",1
"andeq r5, r0, r0",1
"andeq r0, r0, r0",1
"strbls r0, [ip], r0",1
"strbtls r0, [r4], r0",1
"andeq r0, r3, r0",1
"addseq pc, pc, sb, lsl 30   ; [0x4d7e4:4]=0xe4000000",1
"andeq r0, r0, r0",1
"str r0, [r0], -0",1
"strhs r0, [r0], -0x96",1
"movweq r0, 0x98",1
svcvc 0xbc9100,1
"andeq sb, r0, r8, lsl 17",1
"andeq sb, r0, r0, asr 18",1
"ldclt p0, c0, [r1], {3}",1
"andeq r0, r0, pc, ror r0",1
"andeq r0, r0, r0",1
"addseq lr, r6, r0, lsl 24",1
"addseq r1, r7, r0, lsl 24",1
"stmdapl r0, {r8}",1
"andeq r0, r0, r0",1
"andeq r0, r0, r0",1
"andeq sb, r0, ip, lsl 16",1
"andeq sb, r0, r7, lsl r8",1
"subseq r0, r2, r1",1
"andeq r0, r0, r0",1
invalid,1
"stmdane r0, {r3, r4, r7}",1
"movweq r0, 0x98",1
svcls 0xff0800,1
"andeq r0, r0, r0",1
"andeq r0, r0, r0",1
"andeq sb, r0, ip, lsl 16",1
"andeq sb, r0, r7, lsl r8",1
"ldrbteq r0, [r4], -2",1
"andeq r0, r0, r0",1
"andeq r0, r0, r0",1
"andeq sb, r0, r8, lsr r8",1
"andeq sb, r0, ip, asr 16",1
"rsbseq r0, r7, r6",1
svcls 0x1aff08,1
"andeq sb, r0, ip, asr 16",1
"andeq sb, r0, r8, lsl 17",1
"subseq r0, r7, r1",1
"andeq r0, r0, r0",1
invalid,1
"str r0, [r0], -0x98",1
"swpeq r0, r8, [r0]",1
"andeq r5, r0, r0",1
"andeq r0, r0, r0",1
invalid,1
invalid,1
"andeq r0, r2, r0",1
"stmdbls r4, {r0, r2, r3, r4, r5, r6} ^",1
invalid,1
"andeq r0, r2, r0",1
"stmdbls r8, {r0, r2, r3, r4, r5, r6, sl, sp} ^",1
svcls 0x9c0000,1
"andeq r0, r3, r0",1
"andeq r8, r1, sp, ror r0",1
"andeq r0, r0, r0",1
"andmi r0, r0, r0",1
"strlt r0, [r0], -0x99",1
"swpeq r0, sb, [r0]",1
"ldmibls r4!, {ip, lr}",1
"cdpls p0, 0xb, c0, c0, c0, 0",1
"andeq r0, r1, r0",1
"addseq fp, lr, fp, asr r0",1
"addseq fp, lr, r0, lsl 8",1
"andpl r0, r0, r0, lsl 2",1
"strheq sb, [r0], -r4",1
"strheq sb, [r0], -r8",1
"ldmdalt fp, {r0} ^",1
invalid,1
"swpeq r0, lr, [r0]",1
"cdpls p0, 0xb, c5, c12, c0, 0",1
svcls 0x9c0000,1
"andeq r0, r1, r0",1
"andeq r0, r0, fp, asr r0",1
"andeq r0, r0, r0",1
"addseq r4, sb, r0",1
"addseq r5, sb, r0, lsl 24",1
invalid,1
"andeq sb, r0, ip, asr sb",1
"strheq sb, [r0], -r0",1
"ldrge r0, [r1], 3",1
"addseq fp, lr, pc, ror r0",1
"addseq ip, lr, r0",1
"andpl r0, r0, 0, 2",1
"andeq sb, r0, r0, asr 29",1
"muleq r0, ip, pc",1
"ldrge r0, [r1], 3",1
"andeq r0, r0, pc, ror r0",1
"andeq r0, r0, r0",1
"addseq r4, sb, r0",1
"addseq r7, sb, r0, lsl 16",1
"andpl r0, r0, 0, 2",1
"andeq sb, r0, r8, ror sb",1
"andeq sb, r0, r4, asr fp",1
"ldrbpl r0, [r6], -1",1
"mulpl r0, fp, r0",1
"streq r0, [r0], -0x9e",1
"andpl pc, r1, 0, 6",1
"umullseq r5, lr, pc, r0",1
"addseq r5, lr, r0, lsl 8",1
"strpl r0, [r0], -r0, lsl 2",1
"andeq sb, r0, r4, asr lr",1
"strheq sb, [r0], -r0",1
invalid,1
"mrcls p15, 5, sb, c0, c2, 2",1
svcls 0x80000,1
"andeq r0, r1, r0",1
"addseq r0, pc, r6, asr r8",1
"addseq r6, pc, r0, lsl 24",1
"vshl.u8 d0, d0, d0",1
"ldcvs p2, c5, [pc], {1}",1
"strls r0, [r0], -0x9f",1
"swpeq r0, pc, [r0]",1
svcls 0x945600,1
svcls 0x9c0000,1
"andeq r0, r4, r0",1
svcls 0x5201f3,1
"andeq r0, r0, r0",1
"andeq r0, r0, r0",1
"andeq sb, r0, r0, asr 18",1
"andeq sb, r0, r4, ror 18",1
"ldrbvs r0, [r3], -1",1
"stmdavc r0, {r0, r3, r4, r7}",1
"swpeq r0, sl, [r0]",1
bls 0x1e629d0,1
"cdpls p0, 0xb, c0, c0, c0, 0",1
"andeq r0, r4, r0",1
svcls 0x5301f3,1
"strheq sb, [r0], -r0",1
"andeq sb, r0, r8, lsl 30",1
"ldmdaeq r4, {r0} ^",1
invalid,1
"streq r0, [r0], -0x9f",1
"movwpl pc, 0x1300",1
"muleq r0, pc, r0",1
"andeq r0, r0, r0",1
"addseq r6, sb, r0",1
"addseq fp, sb, r0, lsl 16",1
invalid,1
"strheq sb, [r0], -r8",1
"strheq sb, [r0], -fp",1
"ldrbtle r0, [fp], -3",1
"addseq fp, sb, r0, lsl 22",1
"addseq fp, lr, r0",1
"mrsls r0, lr_irq",1
"mrcls p15, 5, r7, c0, c12, 4",1
"cdpls p0, 0xc, c0, c0, c0, 0",1
"andeq r0, r1, r0",1
"addseq ip, lr, r1, asr r0",1
"addseq sb, pc, r0, lsl 24",1
"mrsls r0, lr_irq",1
"muleq r0, ip, pc",1
"andeq r0, r0, r0",1
invalid,1
bls 0xe4da48,1
"andeq r0, r2, r0",1
bls 0xe60c94,1
bls 0xffe4da54,1
"andeq r0, r1, r0",1
"addseq pc, sl, r0, asr r8",1
"addseq r8, fp, r0, lsl 8",1
"mrsls r0, r8_usr",1
"addseq r8, fp, ip, asr 8",1
"addseq lr, ip, r0",1
"andpl r0, r0, r0, lsl 2",1
"andeq sb, r0, r0, ror 25",1
"muleq r0, ip, sp",1
"ldcmi p0, c0, [r1], {2}",1
"muleq r0, ip, sp",1
"andeq sb, r0, r8, lsr 27",1
"ldmdage r0, {r0} ^",1
"strle r0, [r0], -0x9d",1
"andeq r0, r0, 0x9d",1
"strble sb, [ip], -0x100",1
"stmdale r0, {r0, r2, r3, r4, r7}",1
"swpeq r0, sp, [r0]",1
"ldclls p0, c5, [r8]",1
svcls 0x140000,1
"andeq r0, r2, r0",1
svcls 0x144c91,1
svcls 0x180000,1
"andeq r0, r1, r0",1
"addseq r1, pc, r3, asr r8",1
"addseq sb, pc, r0, lsl 24",1
"mrsls r0, r8_usr",1
"andeq r0, r0, ip, asr 32",1
"andeq r0, r0, r0",1
"addseq r7, sb, r0, lsl 8",1
"addseq r8, sb, r0, lsl 16",1
"movwpl r0, 0x100",1
"andeq sb, r0, r8, lsl 19",1
"strheq sb, [r0], -r8",1
"rsbseq r0, r6, r8",1
"rsbseq r2, r1, r3, lsr r4",1
"ldmibls r8!, {r1, r2, sb, sp}",1
invalid,1
"andeq r0, sl, r0",1
"ldrths r0, [r3], -0x76",1
invalid,1
"ldmibls fp!, {r1, r2, sb, sp}",1
"cdpls p0, 0xb, c0, c0, c0, 0",1
"andeq r0, r3, r0",1
invalid,1
"mulgt r0, lr, r0",1
"stmdaeq r0, {r1, r2, r3, r4, r7}",1
"movwlo r7, 0x600",1
"streq r7, [r0], -r4, lsr 2",1
"addseq ip, lr, r2, lsr 32",1
"addseq sb, pc, r0, lsl 24",1
"mrsls r0, lr_irq",1
"andeq r7, r0, r0, lsr 31",1
"andeq r0, r0, r0",1
bls 0x4db30,1
bls 0x64db34,1
"andeq r0, r1, r0",1
"addseq r1, sl, r1, asr r8",1
"addseq r1, sl, r0, lsl 30",1
"andvc r0, r0, r0, lsl 4",1
"addseq r1, sl, r8, lsr 30",1
"addseq fp, lr, r0",1
"mrsls r0, lr_irq",1
"cdpls p15, 0xd, c7, c8, c8, 5",1
"cdpls p0, 0xe, c0, c0, c0, 0",1
"andeq r0, r1, r0",1
"addseq lr, lr, r3, asr r0",1
"addseq sb, pc, r0, lsl 8",1
"mrsls r0, lr_irq",1
"andeq r7, r0, r8, lsr 31",1
"andeq r0, r0, r0",1
invalid,1
"stclls p0, c0, [r0, -0]!",1
"andeq r0, r1, r0",1
"addseq r6, sp, sb, asr r0",1
"addseq r5, lr, r0",1
"mrsls r0, lr_irq",1
"mrcls p15, 2, r7, c0, c4, 4",1
"cdpls p0, 5, c0, c4, c0, 0",1
"andeq r0, r1, r0",1
"addseq r5, lr, sb, asr r4",1
"addseq fp, lr, r0",1
"mrsls r0, lr_irq",1
"mcrls p15, 6, r7, c8, c4, 4",1
svcls 0x80000,1
"andeq r0, r1, r0",1
"addseq r0, pc, r4, asr r8",1
"addseq r1, pc, r0, lsl 8",1
"stmdbpl r0, {r8}",1
"andeq sb, r0, r4, lsl pc",1
"andeq sb, r0, ip, ror 30",1
"ldrls r0, [r1], 3",1
"addseq r6, pc, pc, ror ip",1
"addseq sb, pc, r0, lsl 8",1
"stmdbpl r0, {r8}",1
"andeq r0, r0, r0",1
"andeq r0, r0, r0",1
"andeq sb, r0, r4, lsr fp",1
"andeq sb, r0, r4, asr fp",1
svcls 0x300002,1
"andeq sb, r0, ip, lsl lr",1
"andeq sb, r0, r0, asr lr",1
"ldmls r1, {r0, r1}",1
"addseq r5, lr, pc, ror r0",1
"addseq r5, lr, r0, lsl 8",1
"andlo r0, r0, r0, lsl 4",1
"muleq r0, pc, r0",1
"andeq r0, r0, r0",1
"addseq r6, sb, r0, lsl 16",1
"addseq r7, sl, r0, lsl 16",1
"andlo r0, r0, r0, lsl 4",1
"umullseq r7, sl, pc, r8",1
"addseq fp, sl, r0",1
"strpl r0, [r0], -0x100",1
"andeq sb, r0, r8, lsl 22",1
"andeq sb, r0, r0, lsr 22",1
"subshs r0, r0, r1",1
invalid,1
"swpeq r0, fp, [r0]",1
blls 0xb62c34,1
blls 0xd4dc38,1
"andeq r0, r1, r0",1
"addseq r3, fp, r0, asr r4",1
"addseq sp, fp, r0, lsl 8",1
"strpl r0, [r0], -0x100",1
"ldrdeq sb, sl, [r0], -r4",1
"andeq sb, r0, r0, ror 26",1
"rsbsvc r0, r8, r3",1
"umullseq pc, sp, pc, r8",1
"addseq r1, lr, r0",1
"andpl r0, r0, r0, lsl 2",1
"andeq sb, r0, r0, lsl lr",1
"andeq sb, r0, ip, lsl lr",1
"mrrcne p0, 0, r0, r4, c1",1
"mulpl r0, lr, r0",1
"swpeq r0, lr, [r0]",1
"cdpls p0, 5, c5, c0, c0, 0",1
"cdpls p0, 0xb, c0, c0, c0, 0",1
"andeq r0, r1, r0",1
"addseq fp, lr, r4, asr r0",1
"addseq r0, pc, r0, lsl 16",1
"andlo r0, r0, r0, lsl 4",1
"umullseq r0, pc, pc, r8",1
"addseq r1, pc, r0, lsl 8",1
"stmdavc r0, {r8, sb}",1
svcls 0x149f70,1
svcls 0x4c0000,1
"andeq r0, r1, r0",1
"addseq r4, pc, r0, asr ip",1
"addseq sb, pc, r0, lsl 8",1
"strpl r0, [r0], -0x100",1
"andeq r0, r0, r0",1
"andeq r0, r0, r0",1
"andeq sb, r0, r0, ror lr",1
"muleq r0, r0, lr",1
"ldrbteq r0, [r3], -3",1
"umullseq sb, lr, pc, r0",1
"addseq sb, lr, r0, lsl 22",1
"andpl r0, r0, r0, lsl 2",1
"andeq sb, r0, ip, asr 30",1
"andeq sb, r0, ip, ror 30",1
svcls 0x300002,1
"andeq r0, r0, r0",1
"andeq r0, r0, r0",1
"strdeq sb, sl, [r0], -r8",1
"andeq sb, r0, pc, lsl sl",1
svcne 0x530001,1
"mullt r0, sl, r0",1
"movweq r0, 0x9e",1
svcvc 0xac9100,1
"ldrdeq sb, sl, [r0], -r0",1
"strdeq sb, sl, [r0], -r8",1
invalid,1
"strls r0, [r0], -0x9e",1
"movweq r0, 0x9f",1
svcvc 0xac9100,1
"andeq r0, r0, r0",1
"andeq r0, r0, r0",1
"andeq sb, r0, r4, lsr 20",1
"andeq sb, r0, r0, lsr sl",1
"subslo r0, r0, r1",1
"strvc r0, [r0], -0x9a",1
"swpeq r0, sl, [r0]",1
bls 0x1d63134,1
bls 0xfe44dd38,1
"andeq r0, r1, r0",1
"addseq sb, sl, r0, asr r0",1
"addseq r5, fp, r0, lsl 8",1
"strpl r0, [r0, -0x100]",1
"andeq sb, r0, r8, ror 27",1
"andeq sb, r0, ip, ror 27",1
"mrrc p0, 0, r0, r0, c1",1
invalid,1
"swpeq r0, sp, [r0]",1
"cdpls p3, 5, c5, c0, c0, 0",1
"cdpls p0, 5, c0, c4, c0, 0",1
"andeq r0, r1, r0",1
"addseq r0, pc, r5, asr r0",1
"addseq r0, pc, r0, lsl 16",1
"andpl r0, r0, r0, lsl 2",1
"andeq sb, r0, ip, ror 30",1
"muleq r0, r4, pc",1
"subseq r0, r0, r1",1
"andeq r0, r0, r0",1
invalid,1
"strle r0, [r0], -0x99",1
"swpeq r0, sb, [r0]",1
"ldmibls r4, {ip, lr} ^",1
invalid,1
"andeq r0, r2, r0",1
"ldmibls r8, {r0, r4, r5, r6, fp} ^",1
invalid,1
"andeq r0, r6, r0",1
"uhadd8eq sl, pc, r1",1
"cdpls p8, 0xc, c0, c0, c3, 1",1
"cdpls p0, 0xc, c0, c4, c0, 0",1
"andeq r0, r1, r0",1
"andeq r0, r0, r0, asr r0",1
"andeq r0, r0, r0",1
"addseq sb, sb, r0, lsl 8",1
"addseq lr, sb, r0",1
"strpl r0, [r0, -r0, lsl 2]",1
"strheq sb, [r0], -r0",1
"andeq sb, r0, r8, asr 29",1
"subseq r0, r7, r1",1
"andeq r0, r0, r0",1
"strls r0, [r0], -0",1
"mul r0, sb, r0",1
"swpeq r0, sb, [r0]",1
"cdpls p5, 0xb, c5, c0, c0, 0",1
"cdpls p0, 0xc, c0, c8, c0, 0",1
"andeq r0, r1, r0",1
"andeq r0, r0, r5, asr r0",1
"andeq r0, r0, r0",1
"addseq sl, sb, r0, lsl 16",1
"addseq lr, sb, r0",1
"stmdapl r0, {r8}",1
"strheq sb, [r0], -r8",1
"andeq sb, r0, r8, asr 29",1
"subseq r0, r8, r1",1
"andeq r0, r0, r0",1
"andle r0, r0, r0",1
invalid,1
"streq r0, [r0, -0x99]",1
"andlo r7, r0, 0, 10",1
"ldmibls ip, {r2, r5, r8, sb, sl, fp, ip, pc} ^",1
invalid,1
"andeq r0, r1, r0",1
"addseq sp, sb, r2, asr pc",1
"addseq lr, sb, r0",1
"strvc r0, [r0, -0x500]",1
svcls 0x243200,1
"andeq r0, r0, r0",1
"andeq r0, r0, r0",1
"ldrdeq sb, sl, [r0], -r0",1
"andeq sb, r0, r0, ror 19",1
svcls 0x300002,1
"andeq r0, r0, r0",1
"andeq r0, r0, r0",1
"ldrdeq sb, sl, [r0], -r0",1
"ldrdeq sb, sl, [r0], -r4",1
"rsbseq r0, r7, r8",1
"rsbseq r2, r0, r2, lsr r4",1
"ldmibls r4, {r1, r5, r8, sb, sl, fp, ip, pc} ^",1
invalid,1
"andeq r0, sb, r0",1
"ldrths r0, [r2], -0x77",1
"andhs r0, r6, 0x710000",1
"umullseq sp, sb, pc, r8",1
"addseq sp, sb, r0, lsl 30",1
"strvc r0, [r0, -r0, lsl 26]",1
invalid,1
"movwhs r7, 0x6fa4",1
svcls 0x220608,1
"andeq r0, r0, r0",1
"andeq r0, r0, r0",1
"andeq sb, r0, ip, lsr 23",1
"andeq sb, r0, r4, lsl 26",1
"addsmi r0, r1, r3",1
"umullseq r0, sp, pc, r4",1
"addseq r0, sp, r0, lsl 22",1
"andpl r0, r0, r0, lsl 2",1
"andeq sb, r0, fp, lsl 26",1
"andeq sb, r0, r0, ror 26",1
"addsmi r0, r1, r3",1
"umullseq r0, pc, pc, r8",1
"addseq r1, pc, r0, lsl 8",1
"mrsls r0, lr_irq",1
"andeq sb, r0, r0, asr 30",1
"andeq r0, r0, r0",1
blls 0xfeb4dee0,1
"stclls p0, c0, [r0, -0]!",1
"andeq r0, r1, r0",1
"addseq r0, pc, r8, asr r8",1
"addseq r1, pc, r0, lsl 8",1
"stmdapl r0, {r8}",1
"andeq r0, r0, r0",1
"andeq r0, r0, r0",1
"andeq sb, r0, ip, lsr 23",1
"andeq sb, r0, r0, ror 26",1
"ldmdaeq sb, {r0} ^",1
"strne r0, [r0], -0x9f",1
"swpeq r0, pc, [r0]",1
"andeq r5, r0, r0, lsl 18",1
"andeq r0, r0, r0",1
blls 0xfeb4df1c,1
"stclls p0, c0, [r0, -0]!",1
"andeq r0, r1, r0",1
"addseq r0, pc, fp, asr r8",1
"addseq r1, pc, r0, lsl 8",1
blpl 0x4e330,1
"andeq r0, r0, r0",1
"andeq r0, r0, r0",1
"strheq sb, [r0], -r0",1
"andeq sb, r0, r0, ror 26",1
"ldmdaeq r6, {r0} ^",1
"strne r0, [r0], -0x9f",1
"swpeq r0, pc, [r0]",1
"andeq r5, r0, r0, lsl 12",1
"andeq r0, r0, r0",1
"ldclls p0, c0, [r4], -0",1
"stcls p0, c0, [r0], {0}",1
"andeq r0, r1, r0",1
"addseq r8, ip, r0, asr r8",1
"addseq sb, ip, r0, lsl 8",1
"andpl r0, r0, r0, lsl 2",1
"andeq sb, r0, ip, lsl 26",1
"andeq sb, r0, r8, lsl sp",1
"subseq r0, r0, r1",1
"andeq r0, r0, r0",1
"strgt r0, [r0], -0",1
"strle r0, [r0], -0x9b",1
"andeq r0, r0, 0x9b",1
"ldrhs r3, [pc], 0           ; [0x4df8c:4]=0x100009d",1
"mullo r0, sp, r0",1
"swpeq r0, sp, [r0]",1
"andeq r5, r0, r0, lsl 8",1
"andeq r0, r0, r0",1
blls 0x154dfa0,1
"cdpls p0, 5, c0, c0, c0, 0",1
"andeq r0, r3, r0",1
"ldrbtpl fp, [pc], -0x91     ; [0x4dfac:4]=0x300009e",1
"mullt r0, lr, r0",1
"movweq r0, 0x9e",1
svcvc 0xb09100,1
"andeq sb, r0, r8, lsl 30",1
"andeq sb, r0, ip, ror 30",1
"addslt r0, r1, r3",1
"addseq sb, pc, pc, ror r4",1
"addseq sb, pc, r0, lsl 24",1
"mrsls r0, lr_irq",1
"strheq r7, [r0], -r0",1
"andeq r0, r0, r0",1
blls 0xfee4dfdc,1
"stclls p0, c0, [r0, -0]!",1
"andeq r0, r2, r0",1
svcls 0x89f3c,1
svcls 0x140000,1
"andeq r0, r2, r0",1
"andeq sb, r0, ip, lsr pc",1
"andeq r0, r0, r0",1
blls 0xfee4dffc,1
"stclls p0, c0, [r0, -0]!",1
"andeq r0, r2, r0",1
svcls 0x89f30,1
svcls 0x140000,1
"andeq r0, r2, r0",1
"andeq sb, r0, r0, lsr pc",1
"andeq r0, r0, r0",1
blls 0xfee4e01c,1
"mcrrls p0, 0, r0, r4, c0",1
"andeq r0, r4, r0",1
svcls 0x7fb491,1
"andeq sb, r0, r4, asr 24",1
"andeq sb, r0, fp, asr 24",1
blmi 0x144e038,1
invalid,1
"streq r0, [r0], -0x9c",1
svcvc 0xb49100,1
"umullseq r6, ip, pc, ip",1
"addseq r7, ip, r0, lsl 6",1
"andpl r0, r0, r0, lsl 2",1
"andeq sb, r0, r3, ror ip",1
"muleq r0, ip, ip",1
"ldrlt r0, [r1], 4",1
"ldcls p15, c9, [ip], {0x7f}",1
"ldcls p0, c0, [pc], {0}",1
"andeq r0, r1, r0",1
"addseq sb, ip, r2, asr pc",1
"addseq r6, sp, r0",1
invalid,1
"ldmeq pc, {r2, r4, r5, r7, r8, sb, sl, fp, ip, sp, lr}",1
"strne r0, [r0], -0x9f",1
"streq r0, [r0], -0x9f",1
svcvc 0xb49100,1
"muleq r0, pc, r0",1
"andeq r0, r0, r0",1
"addseq sp, fp, r0, lsl 8",1
"addseq r0, ip, r0, lsl 24",1
"andlo r0, r0, r0, lsl 4",1
"umullseq r0, ip, pc, ip",1
"addseq r4, ip, r0, lsl 8",1
"andpl r0, r0, r0, lsl 2",1
"andeq sb, r0, r4, asr 24",1
"andeq sb, r0, r0, ror 25",1
"ldrbmi r0, [sl], -1",1
"mulpl r0, sp, r0",1
"swpeq r0, sp, [r0]",1
"andeq r5, r0, r0, lsl 20",1
"andeq r0, r0, r0",1
blls 0xff74e0c0,1
"ldcls p0, c0, [r0, -0]!",1
"andeq r0, r1, r0",1
"addseq r4, sp, r5, asr r4",1
"addseq r6, sp, r0",1
"strpl r0, [r0, -0x100]",1
"andeq sb, r0, r8, lsl 30",1
"andeq sb, r0, r4, lsl pc",1
"subseq r0, r5, r1",1
"andeq r0, r0, r0",1
"andlo r0, r0, r0",1
"stmdami r0, {r2, r3, r4, r7}",1
"swpeq r0, ip, [r0]",1
"mcrrls p1, 0, r5, r8, c0",1
"mcrrls p0, 0, r0, fp, c0",1
"andeq r0, sb, r0",1
"uhadd8eq r8, pc, r1",1
"rsbseq r2, r3, r2, lsr r4",1
"andeq r0, r0, r2, lsr 32",1
"andeq r0, r0, r0",1
"addseq r2, ip, r0",1
"addseq r2, ip, r0, lsl 24",1
"movwpl r0, 0x100",1
"andeq sb, r0, ip, lsr 24",1
"andeq sb, r0, fp, asr 24",1
"rsbseq r0, r5, r8",1
"ldcleq p4, c2, [r6], -0xc8",1
"mcrrls p2, 0, r2, fp, c6",1
"ldclls p0, c0, [r8], {0}",1
"andeq r0, r3, r0",1
"ldrbtmi r8, [pc], -0x891    ; [0x4e138:4]=0x300009d",1
"mulpl r0, sp, r0",1
"movweq r0, 0x9d",1
svcvc 0x889100,1
"andeq r0, r0, r0",1
"andeq r0, r0, r0",1
"andeq sb, r0, r0, lsr 24",1
"andeq sb, r0, r4, lsr 24",1
"rsbseq r0, r0, r6",1
svcls 0x220079,1
"andeq sb, r0, r4, lsr 24",1
"andeq sb, r0, r0, lsr ip",1
"subslo r0, r1, r1",1
"stmdale r0, {r2, r3, r4, r7}",1
"movweq r0, 0x9c",1
svcvc 0x849100,1
"andeq sb, r0, r4, asr 26",1
"andeq sb, r0, r0, asr sp",1
"ldrhi r0, [r1], 3",1
"andeq r0, r0, pc, ror r0",1
"andeq r0, r0, r0",1
"addseq r6, pc, r0, lsl 24",1
"addseq sb, pc, r0, lsl 8",1
invalid,1
"muleq r0, pc, r0",1
"andeq r0, r0, r0",1
"addseq r6, pc, r0, lsl 24",1
"addseq sb, pc, r0, lsl 8",1
"andlo r0, r0, r0, lsl 4",1
"muleq r0, pc, r0",1
"andeq r0, r0, r0",1
"addseq r6, pc, r0, lsl 24",1
"addseq sb, pc, r0, lsl 8",1
"mrsls r0, lr_irq",1
"andeq sb, r0, r0, asr 30",1
"andeq r0, r0, r0",1
svcls 0x9c0000,1
svcls 0xa00000,1
"andeq r0, r2, r0",1
svcls 0xa0007d,1
svcls 0xa40000,1
"andeq r0, r2, r0",1
svcls 0xa4207d,1
invalid,1
"andeq r0, r2, r0",1
"andeq r3, r0, sp, ror r0",1
"andeq r0, r0, r0",1
svcls 0x9c0000,1
svcls 0xd70000,1
"andeq r0, r1, r0",1
"addseq sp, pc, r0, asr r7",1
"adceq r6, r1, r0, lsl 8",1
"strpl r0, [r0], -0x100",1
"andeq r0, r0, r0",1
"andeq r0, r0, r0",1
"muleq r0, ip, pc",1
"andeq sb, r0, ip, asr 31",1
"mrrcgt p0, 0, r0, r1, c1",1
"strvs r0, [r0], -0x9f",1
"smlatbeq r0, r1, r0, r0",1
"andeq r5, r0, r0, lsl 16",1
"andeq r0, r0, r0",1
svcls 0x9c0000,1
svcls 0xbc0000,1
"andeq r0, r1, r0",1
"addseq fp, pc, r2, asr ip",1
"adceq r6, r1, r0, lsl 8",1
"strpl r0, [r0, -0x100]",1
"andeq r0, r0, r0",1
"andeq r0, r0, r0",1
"muleq r0, ip, pc",1
"andeq sb, r0, r0, asr 31",1
"subsgt r0, r3, r1",1
"strvs r0, [r0], -0x9f",1
"smlatbeq r0, r1, r0, r0",1
"andeq r5, r0, r0, lsl 14",1
"andeq r0, r0, r0",1
svcls 0xd80000,1
"andge r0, r0, r0",1
"andeq r0, r1, r0",1
"andeq r0, r0, r0, asr r0",1
"andeq r0, r0, r0",1
"adceq r4, r1, r0, lsl 8",1
"adceq r5, r1, r0, lsl 16",1
"strvc r0, [r0, -0xb00]",1
"rsbseq r0, r8, r4, lsl 12",1
"rsbseq r1, r6, r6, lsl 24",1
"cmpge r8, r2, lsr 30",1
"cmpge fp, r0",1
"andeq r0, r1, r0",1
"andeq r0, r0, r1, asr r0",1
"andeq r0, r0, r0",1
"addseq lr, pc, r0, lsl 16",1
"adceq r5, r1, r0, lsl 24",1
"stmdbpl r0, {r8}",1
"andeq r0, r0, r0",1
"andeq r0, r0, r0",1
"andeq sb, r0, r8, ror 31",1
"andeq sl, r0, ip, lsl 2",1
"mrrceq p0, 0, r0, sl, c1",1
invalid,1
"strne r0, [r0], -0xa1",1
"rsceq r7, ip, r0, lsl 8",1
"strtvc r3, [r4], -0x206",1
"andhs r0, r6, 0xec",1
invalid,1
invalid,1
"adceq r1, r1, r8, lsl 24",1
"adceq r4, r1, r0, lsl 8",1
bpl 0x4e6ec,1
"andeq sl, r0, r4, asr 2",1
"andeq sl, r0, fp, asr r1",1
"ldcl p0, c0, [r4], -0x50",1
"ldrths r0, [r2], -0x600",1
invalid,1
"strtvc r3, [r4], -0x222",1
"andhs r0, r6, 0xf4",1
"andeq r0, r0, r3, lsr 16",1
"andeq r0, r0, r0",1
svcls 0xe80000,1
"cmpge ip, r0",1
"andeq r0, r1, r0",1
"andeq r0, r0, r6, asr r0",1
"andeq r0, r0, r0",1
"addseq lr, pc, r0, lsl 16",1
"adceq r5, r1, r0, lsl 24",1
"strpl r0, [r0, -r0, lsl 2]",1
"andeq r0, r0, r0",1
"andeq r0, r0, r0",1
"andeq sb, r0, r8, ror 31",1
"andeq sl, r0, ip, asr r1",1
"subseq r0, r4, r1",1
"andeq r0, r0, r0",1
invalid,1
"strne r0, [r0], -0xa0",1
"smlatbeq r0, r0, r0, r0",1
"eorge r5, r0, r0",1
"eorsge r0, r8, r0",1
"andeq r0, r1, r0",1
"adceq r3, r0, r0, asr r8",1
"adceq r4, r0, r0, lsl 6",1
"strvc r0, [r0], -0x300",1
"strdeq r0, r1, [r0], -r4",1
"andeq r0, r0, r0",1
"eorge r0, r4, r0",1
"subge r0, r3, r0",1
"andeq r0, r7, r0",1
invalid,1
"addseq r1, pc, r4, asr 28",1
"andeq r0, r0, r0",1
"strhs r0, [r0], -0",1
"andpl r0, r0, r0, lsr 1",1
"andeq r0, r0, 0xa0",1
"addseq r3, pc, r0",1
"andeq r0, r0, r0",1
"strhs r0, [r0], -0",1
"movwmi r0, 0xa0",1
invalid,1
"rsceq r7, ip, r0, lsl 8",1
"ldrvc r4, [lr], -0x406",1
"andhs r0, r6, 0xf4",1
"muleq r0, pc, r0",1
"andeq r0, r0, r0",1
"adceq r6, r1, r0, lsl 8",1
"adceq r6, r1, r0, lsl 16",1
"stcvc p2, c0, [r0, -0]",1
"adceq r6, r1, r0, lsl 16",1
"adceq r6, r1, r0, lsl 24",1
"stcvc p2, c0, [r0, -0]",1
"adceq r6, r1, r4, lsr 24",1
"adceq r1, r8, r0",1
"stcvc p3, c0, [r0, -0]",1
"andeq r0, r0, r0, lsl 3",1
"andeq r0, r0, r0",1
invalid,1
"cmnge r8, r0",1
"andeq r0, r1, r0",1
"adceq r7, r1, r0, asr r8",1
"adceq r1, r8, r0",1
blpl 0x4e804,1
"andeq r0, r0, r0",1
"andeq r0, r0, r0",1
"andeq sl, r0, r4, ror 2",1
"andeq sl, r0, r0, lsl 3",1
"subshi r0, r1, r1",1
"andne r0, r0, r1, lsr 1",1
"movweq r0, 0xa8",1
svcvc 0xa89100,1
"andeq r0, r0, r0",1
"andeq r0, r0, r0",1
"andeq sl, r0, ip, ror r1",1
"andeq sl, r0, r0, lsr 3",1
"subsge r0, r0, r1",1
"strge r0, [r0], -0xa1",1
"movweq r0, 0xa1",1
"sbcseq r7, r4, r0, lsl 22",1
"andeq sl, r0, r4, lsr 3",1
"andeq sl, r0, r0, lsl r8",1
"ldcge p0, c0, [r1], {3}",1
"andeq r0, r0, pc, ror r0",1
"andeq r0, r0, r0",1
"adceq sl, r1, r0, lsl 8",1
"adceq ip, r6, r0, lsl 16",1
"mrsls r0, r8_usr",1
"adceq ip, r6, ip, asr 16",1
"adceq sp, r6, r0",1
"andpl r0, r0, r0, lsl 2",1
"ldrdeq sl, fp, [r0], -r0",1
"andeq sl, r0, r0, asr 14",1
"ldcmi p0, c0, [r1], {2}",1
"andeq sl, r0, r0, asr 14",1
"muleq r0, ip, r7",1
"mrrcls p0, 0, r0, r0, c1",1
"andne r0, r0, r7, lsr 1",1
"andeq r0, r0, 0xa8",1
"subeq sb, ip, r0, lsl 2",1
"andeq r0, r0, r0",1
"strhi r0, [r0], -0",1
"strge r0, [r0], -0xa1",1
"andeq r0, r0, 0xa1",1
"ldrhi r3, [pc], 0           ; [0x4e4a8:4]=0x10000a7",1
"strls r0, [r0], -0xa7",1
"smlatbeq r0, r7, r0, r0",1
"andeq r5, r0, r0, lsl 4",1
"andeq r0, r0, r0",1
"orrge r0, r4, r0",1
"movge r0, r0",1
"andeq r0, r1, r0",1
"adceq sl, r1, r1, asr r4",1
"adceq r1, r8, r0",1
"mrsls r0, lr_irq",1
"muleq r0, r4, pc",1
"andeq r0, r0, r0",1
"strtge r0, [ip], -r0",1
"strbge r0, [r4, -r0]!",1
"andeq r0, r1, r0",1
"andeq r0, r0, r7, asr r0",1
"andeq r0, r0, r0",1
"adceq r6, r6, r0",1
"adceq r7, r6, r0, lsl 8",1
"andpl r0, r0, 0, 2",1
"andeq sl, r0, r4, ror r6",1
"andeq sl, r0, r0, lsr 13",1
"addsge r0, r1, r3",1
"adceq sl, r6, pc, ror r0",1
"adceq sl, r6, r0, lsl 24",1
"andpl r0, r0, 0, 2",1
"andeq sl, r0, ip, lsr 13",1
"andeq sl, r0, r4, ror 14",1
"addsge r0, r1, r3",1
"andeq r0, r0, pc, ror r0",1
"andeq r0, r0, r0",1
"adceq r4, r2, r0, lsl 16",1
"adceq r5, r2, r0, lsl 30",1
"andpl r0, r0, 0, 2",1
"andeq sl, r0, pc, asr r2",1
"andeq sl, r0, r4, asr 11",1
"ldrlt r0, [r1], 3",1
"adceq ip, r5, pc, ror r4",1
"adceq r7, r7, r0, lsl 16",1
"strpl r0, [r0, -0x100]",1
"andeq sl, r0, r4, lsr 15",1
"andeq sl, r0, r4, lsl 16",1
"ldrlt r0, [r1], 3",1
"andeq r0, r0, pc, ror r0",1
"andeq r0, r0, r0",1
"adceq fp, r1, r0, lsl 16",1
"adceq fp, r1, r0, lsl 24",1
"movwpl r0, 0x100",1
"strheq sl, [r0], -ip",1
"ldrdeq sl, fp, [r0], -ip",1
"rsbseq r0, r2, r8",1
"ldmdaeq r1!, {r1, r4, r5, sl, sp} ^",1
"bicsge r2, ip, r6, lsl 4",1
invalid,1
"andeq r0, r1, r0",1
"adceq lr, r1, r0, asr r8",1
"adceq pc, r1, r0",1
"andvc r0, r0, 0, 24",1
invalid,1
"movwhs r7, 0x6fa8",1
invalid,1
"vhadd.u8 d0, d16, d17",1
"cdpeq p0, 0, c0, c0, c1, 5",1
svcvc 0xa49100,1
invalid,1
"movwhs r7, 0x6fa8",1
"vmax.u32 d0, d2, d8",1
"strls r0, [r0], -0xa1",1
"movweq r0, 0xa7",1
svcvc 0x909100,1
"andeq sl, r0, r4, lsr 15",1
"andeq sl, r0, r4, lsl 16",1
"addsls r0, r1, r3",1
"andeq r0, r0, pc, ror r0",1
"andeq r0, r0, r0",1
"adceq pc, r1, r0, lsl 8",1
"adceq r4, r2, r0",1
"andpl r0, r0, r0, lsl 2",1
"andeq sl, r0, r0, asr 12",1
"andeq sl, r0, ip, ror 12",1
"mrrcvs p0, 0, r0, r0, c1",1
"andge r0, r0, r6, lsr 1",1
"movweq r0, 0xa6",1
svcvc 0x9c9100,1
"andeq sl, r0, r0, lsr 13",1
"andeq sl, r0, r4, lsr 13",1
"ldrbge r0, [r0], -1",1
"strvs r0, [r0], -0xa6",1
"movweq r0, 0xa7",1
svcvc 0x9c9100,1
"andeq r0, r0, r0",1
"andeq r0, r0, r0",1
"andeq sl, r0, r8, asr 3",1
"andeq sl, r0, r8, asr 5",1
"subseq r0, r4, r1",1
"andeq r0, r0, r0",1
"strhs r0, [r0], -0",1
"strlo r0, [r0], -0xa6",1
"smlatbeq r0, r6, r0, r0",1
"ldrtge r5, [r4], -r0, lsl 2",1
"strbge r0, [r4, -r0]!",1
"andeq r0, r3, r0",1
invalid,1
"andeq r0, r0, r0",1
invalid,1
invalid,1
"streq r0, [r0], -r5, lsr 1",1
"movwvc r7, 0x700",1
invalid,1
"andne r0, r0, r5, lsr 1",1
"smlatbeq r0, r6, r0, r0",1
"ldrge r5, [r0], -r0",1
"strbge r0, [r4, -r0]!",1
"andeq r0, r3, r0",1
invalid,1
"andeq r0, r0, r0",1
invalid,1
"stmdavc r0, {r1, r2, r5, r7}",1
"smlatbeq r0, r6, r0, r0",1
"ldrbtge r5, [r8], -r0, lsl 6",1
"ldrbtge r0, [fp], -r0",1
"andeq r0, r7, r0",1
"ldrths r0, [r2], -0x77",1
"eorge r0, r2, r8, ror r0",1
svcge 0xa6,1
"smlatbeq r0, r6, r0, r0",1
"andeq r5, r0, r0, lsl 6",1
"andeq r0, r0, r0",1
"strbge r0, [ip]",1
"ldrbge r0, [r8, 0]!",1
"andeq r0, r1, r0",1
"adceq pc, r5, r2, asr r8",1
"adceq r3, r6, r0, lsl 22",1
blvc 0x506c0,1
"strvc r0, [r6], -0xf4",1
"addseq r2, pc, r0, lsl 4",1
"andeq r0, r0, r0",1
invalid,1
"stmdavc r0, {r1, r5, r7}",1
"movweq r0, 0xa7",1
svcvc 0x949100,1
"andeq sl, r0, r4, lsr 15",1
"andeq sl, r0, r4, lsl 16",1
"ldrls r0, [r1], 3",1
"andeq r0, r0, pc, ror r0",1
"andeq r0, r0, r0",1
"adceq r4, r2, r0, lsl 16",1
"adceq r7, r7, r0, lsl 16",1
"mrsls r0, lr_irq",1
invalid,1
invalid,1
"andeq r0, r3, r0",1
invalid,1
"andeq r0, r0, r0",1
invalid,1
"stmdavc r0, {r1, r5, r7}",1
"smlatbeq r0, r7, r0, r0",1
"strge r5, [r4, r0, lsl 22]!",1
invalid,1
"andeq r0, r1, r0",1
"andeq r0, r0, fp, asr r0",1
"andeq r0, r0, r0",1
"adceq r5, r2, r0",1
"adceq r5, r2, r0, lsl 30",1
"movwpl r0, 0x100",1
"andeq sl, r0, pc, asr r2",1
"andeq sl, r0, r8, ror r7",1
"ldcls p0, c0, [r1], {3}",1
"adceq sl, r7, pc, ror r4",1
"adceq r0, r8, r0, lsl 8",1
"mrsls r0, lr_irq",1
"muleq r0, ip, pc",1
"andeq r0, r0, r0",1
"adcsge r0, r0, 0",1
"adcsge r0, r4, 0",1
"andeq r0, r1, r0",1
"adceq fp, r2, r3, asr r4",1
"adceq ip, r2, r0, lsl 16",1
invalid,1
"eorvc r3, r4, r0, lsl 6",1
"stmdagt r2!, {sb, sl}",1
"strgt r0, [r0], -0xa2",1
"movweq r0, 0xa5",1
svcvc 0xa09100,1
"andeq sl, r0, r4, lsr 15",1
"strheq sl, [r0], -r8",1
"addsge r0, r1, r3",1
"andeq r0, r0, pc, ror r0",1
"andeq r0, r0, r0",1
"adceq fp, r2, r0",1
"adceq ip, r2, r0, lsl 16",1
"andlo r0, r0, r0, lsl 4",1
"umlaleq fp, r5, pc, r4",1
"adceq ip, r5, r0, lsl 8",1
"andpl r0, r0, 0, 2",1
"andeq r0, r0, r0",1
"andeq r0, r0, r0",1
"andeq sl, r0, r4, asr r2",1
"andeq sl, r0, r8, asr 5",1
"ldmdagt sb, {r0} ^",1
invalid,1
"movweq r0, 0xa3",1
svcvc 0x8c9100,1
"muleq r0, ip, r3",1
"strheq sl, [r0], -r0",1
"subslt r0, r3, r1",1
"stmdane r0, {r0, r1, r5, r7}",1
"movweq r0, 0xa4",1
svcvc 0x8c9100,1
"andeq sl, r0, r8, lsl r4",1
"andeq sl, r0, r8, lsr 11",1
"ldmdage sb, {r0} ^",1
"strgt r0, [r0], -0xa5",1
"movweq r0, 0xa5",1
svcvc 0x8c9100,1
"andeq sl, r0, r4, lsr 15",1
"strheq sl, [r0], -r0",1
"subseq r0, sb, r1",1
"andeq r0, r0, r0",1
"andvs r0, r0, r0",1
invalid,1
"smlatbeq r0, r2, r0, r0",1
"andeq r5, r0, r0",1
"andeq r0, r0, r0",1
"rsbge r0, r8, 0",1
"rsbge r0, ip, 0",1
"andeq r0, sl, r0",1
"mcrne p0, 2, r0, c4, c0, 3",1
invalid,1
"andeq sb, r0, r2, lsr 30",1
"andeq r0, r0, r0",1
"movtge r0, 0x8000",1
"cmpge r8, 0",1
"andeq r0, r1, r0",1
"adceq sb, r3, r0, asr r4",1
"adceq ip, r3, r0, lsl 16",1
"andpl r0, r0, r0, lsl 2",1
"andeq sl, r0, ip, asr 8",1
"andeq sl, r0, r8, asr r4",1
invalid,1
"andhs r0, r0, r4, lsr 1",1
"smlatbeq r0, r5, r0, r0",1
"andeq r5, r0, r0",1
"andeq r0, r0, r0",1
"sbcsge r0, r4, 0",1
"strbge r0, [r4]",1
"andeq r0, r1, r0",1
"adceq sl, r7, r4, asr r4",1
"adceq fp, r7, r0, lsl 16",1
"strpl r0, [r0], -0x100",1
"andeq r0, r0, r0",1
"andeq r0, r0, r0",1
"andeq sl, r0, r4, lsl r3",1
"strdeq sl, fp, [r0], -r8",1
"subseq r0, r7, r1",1
"andeq r0, r0, r0",1
"vst4.8 {d0, d1, d2, d3}, [r0], r0",1
invalid,1
"andeq r0, r0, 0xa3",1
"addslt r3, pc, r0",1
"stmdagt r0, {r0, r1, r5, r7}",1
"smlatbeq r0, r3, r0, r0",1
invalid,1
"strge r0, [r0], -0",1
"andeq r0, r2, r0",1
"andeq sb, r0, r0, lsr pc",1
"andeq r0, r0, r0",1
"rscsge r0, r4, 0",1
"cmnge r8, 0",1
"andeq r0, r1, r0",1
"adceq r7, r3, sl, asr r8",1
"adceq ip, r3, r0, lsl 16",1
"strpl r0, [r0, -0x100]",1
"andeq sl, r0, r8, asr 7",1
"andeq sl, r0, ip, ror 7",1
"mrrc p0, 0, r0, sl, c1",1
"vst4.32 {d0, d1, d2, d3}, [r0:0x80], r3",1
"smlatbeq r0, r3, r0, r0",1
invalid,1
"strge r0, [r0], -0",1
"andeq r0, r1, r0",1
"adceq r0, r4, sl, asr r0",1
"adceq sl, r5, r0, lsl 16",1
"strpl r0, [r0, -0x100]",1
"andeq sl, r0, r4, lsr 15",1
"strheq sl, [r0], -r0",1
"subseq r0, r5, r1",1
"andeq r0, r0, r0",1
"vst4.8 {d0, d1, d2, d3}, [r0], r0",1
invalid,1
"movweq r0, 0xa3",1
svcvc 0x949100,1
"andeq sl, r0, ip, lsl 6",1
"ldrdeq sl, fp, [r0], -ip",1
"mrrcle p0, 0, r0, sb, c1",1
invalid,1
"smlatbeq r0, r3, r0, r0",1
invalid,1
"strge r0, [r0], -0",1
"andeq r0, r3, r0",1
invalid,1
"stmdage r0, {r2, r5, r7}",1
"smlatbeq r0, r5, r0, r0",1
"strge r5, [r4, r0, lsl 12]!",1
"ldrge r0, [r0, r0]!",1
"andeq r0, r1, r0",1
"andeq r0, r0, r6, asr r0",1
"andeq r0, r0, r0",1
"adceq sb, r4, r0, lsl 16",1
"adceq fp, r4, r0, lsl 16",1
"andpl r0, r0, r0, lsl 2",1
"strheq sl, [r0], -r8",1
"andeq sl, r0, r4, lsl 11",1
"ldrbge r0, [r8], -1",1
"andlt r0, r0, r7, lsr 1",1
"smlatbeq r0, r7, r0, r0",1
"andeq r5, r0, r0, lsl 16",1
"andeq r0, r0, r0",1
"ldrge r0, [r8], -0",1
"strtge r0, [r0], -0",1
"andeq r0, r7, r0",1
"rsbseq r0, r4, r5, ror r0",1
"addshs r1, pc, r6, lsl 24",1
invalid,1
"smlatbeq r0, r4, r0, r0",1
"strtge r5, [ip], -0x300",1
"strbge r0, [fp], -0",1
"andeq r0, r7, r0",1
"rsbseq r0, r4, r5, ror r0",1
"ldcls p12, c1, [pc], {6}",1
"strge r0, [r0], -0xa5",1
"streq r0, [r0, -r5, lsr 1]",1
"strvc r7, [r0], -0x500",1
svcls 0x1c0600,1
"andeq r0, r0, r0",1
"andeq r0, r0, r0",1
"andeq sl, r0, r0, lsl 9",1
"andeq sl, r0, r8, lsl 9",1
"ldrbteq r0, [r1], -3",1
"umlaleq r8, r4, pc, r8",1
"adceq sb, r4, r0, lsl 6",1
invalid,1
"andeq r0, r0, r0",1
"andeq r0, r0, r0",1
"andeq sl, r0, r0, lsl 10",1
"andeq sl, r0, r4, lsl 11",1
"ldrbge r0, [r5], -1",1
invalid,1
"smlatbeq r0, r7, r0, r0",1
"andeq r5, r0, r0, lsl 10",1
"andeq r0, r0, r0",1
"strge r0, [r0, -0]",1
"strge r0, [r4]",1
"andeq r0, r1, r0",1
"adceq sl, r7, r8, asr r4",1
"adceq sl, r7, r0, lsl 24",1
"stmdapl r0, {r8}",1
"andeq r0, r0, r0",1
"andeq r0, r0, r0",1
"andeq sl, r0, r0, lsl 10",1
"andeq sl, r0, r4, lsl 11",1
"ldrbge r0, [r4], -1",1
invalid,1
"smlatbeq r0, r7, r0, r0",1
"andeq r5, r0, r0, lsl 8",1
"andeq r0, r0, r0",1
"strbge r0, [r8, -0]",1
"ldrbge r0, [r8, -0]!",1
"andeq r0, r1, r0",1
"adceq r7, r5, r0, asr r8",1
"adceq r8, r5, r0, lsl 6",1
"andpl r0, r0, 0, 2",1
"andeq r0, r0, r0",1
"andeq r0, r0, r0",1
"andeq sl, r0, ip, lsl r5",1
"andeq sl, r0, r7, lsr 10",1
"ldrbhs r0, [r3, -r1]",1
invalid,1
"movweq r0, 0xa5",1
svcvc 0x8c9100,1
"andeq r0, r0, r0",1
"andeq r0, r0, r0",1
"andeq sl, r0, r8, lsr 10",1
"andeq sl, r0, ip, lsr r5",1
"subseq r0, r0, r1",1
"andeq r0, r0, r0",1
invalid,1
"strgt r0, [r0], -0xa3",1
"smlatbeq r0, r3, r0, r0",1
"bicge r5, r8, 0, 12",1
"bicge r0, ip, 0",1
"andeq r0, r1, r0",1
"adceq ip, r3, r6, asr ip",1
"adceq sp, r3, r0, lsl 8",1
"strvc r0, [r0, -0x600]",1
invalid,1
"umlaleq sp, r3, pc, r4",1
"adceq sp, r3, r0, lsl 16",1
"strpl r0, [r0], -r0, lsl 2",1
"ldrdeq sl, fp, [r0], -r8",1
"andeq sl, r0, ip, ror 7",1
"rsbseq r0, r5, r6",1
svcls 0x1c007a,1
"andeq r0, r0, r0",1
"andeq r0, r0, r0",1
"andeq sl, r0, r0, lsl r8",1
"andeq sl, r0, r4, lsl r8",1
"rsbseq r0, sp, r2",1
"andeq sl, r0, r4, lsl r8",1
"andeq sl, r0, r8, lsl r8",1
"rsbshs r0, sp, r2",1
"andeq sl, r0, r8, lsl r8",1
"andeq sl, r0, ip, lsl 19",1
"rsbslo r0, sp, r2",1
"andeq r0, r0, r0",1
"andeq r0, r0, r0",1
"andeq sl, r0, r0, lsl r8",1
"andeq sl, r0, ip, ror 16",1
"mrrcvs p0, 0, r0, r0, c1",1
"stmdahi r0, {r3, r5, r7}",1
"smlatbeq r0, r8, r0, r0",1
"stmge r8, {fp, ip, lr}",1
invalid,1
"andeq r0, r1, r0",1
"adceq sb, r8, r0, asr r0",1
"adceq r8, sb, r0, lsl 24",1
"stmdapl r0, {r8}",1
"andeq r0, r0, r0",1
"andeq r0, r0, r0",1
"andeq sl, r0, r0, lsl r8",1
"andeq sl, r0, r0, ror r8",1
"subsvc r0, r1, r1",1
"stmdahi r0, {r3, r5, r7}",1
"smlatbeq r0, r8, r0, r0",1
"stmge r8, {sl, ip, lr}",1
invalid,1
"andeq r0, r1, r0",1
"adceq sb, r8, r1, asr r0",1
"adceq r8, sb, r0, lsl 24",1
"strpl r0, [r0], -0x100",1
"andeq r0, r0, r0",1
"andeq r0, r0, r0",1
"andeq sl, r0, r0, lsl r8",1
"andeq sl, r0, r8, asr 16",1
"ldmdami r2, {r0} ^",1
"andhi r0, r0, r8, lsr 1",1
"smlatbeq r0, r8, r0, r0",1
"stmge r0, {r8, sl, ip, lr}",1
invalid,1
"andeq r0, r4, r0",1
svcls 0x5201f3,1
"andeq sl, r0, r8, lsl 17",1
"andeq sl, r0, ip, lsl 17",1
"mrrchi p0, 0, r0, r5, c1",1
"stmdagt r0, {r3, r5, r7}",1
"streq r0, [r0], -0xa8",1
"andpl pc, r1, 0, 6",1
"umlaleq ip, r8, pc, r8",1
"adceq ip, r8, r0, lsl 24",1
"andpl r0, r0, r0, lsl 2",1
"andeq sl, r0, ip, asr 17",1
"andeq sl, r0, r0, lsl 18",1
invalid,1
"stmdbge r0, {r1, r4, r6, r8, sb, sl, fp, ip, pc}",1
invalid,1
"andeq r0, r1, r0",1
"adceq r0, sb, r0, asr ip",1
"adceq r7, sb, r0, lsl 16",1
"strpl r0, [r0, -0x100]",1
"andeq sl, r0, r8, ror sb",1
"andeq sl, r0, ip, ror sb",1
"ldclvc p0, c0, [r7], -0xc",1
"umlaleq r7, sb, pc, ip",1
"adceq r8, sb, r0",1
"strpl r0, [r0, -0x100]",1
"andeq r0, r0, r0",1
"andeq r0, r0, r0",1
"andeq sl, r0, r8, lsr 16",1
"andeq sl, r0, r8, lsr 18",1
"subseq r0, r7, r1",1
"andeq r0, r0, r0",1
invalid,1
"movwvc r0, 0xa8",1
"smlatbeq r0, r8, r0, r0",1
"stmge r8, {r8, sb, ip, lr}",1
invalid,1
"andeq r0, r1, r0",1
"andeq r0, r0, r3, asr r0",1
"andeq r0, r0, r0",1
"adceq sl, r8, r0, lsl 24",1
"adceq fp, r8, r0, lsl 8",1
"andpl r0, r0, r0, lsl 2",1
"strheq sl, [r0], -r4",1
"strheq sl, [r0], -pc",1
"ldrb r0, [r3], -1",1
invalid,1
"smlatbeq r0, r8, r0, r0",1
"stmge ip!, {ip, lr} ^",1
invalid,1
"andeq r0, r1, r0",1
"andeq r0, r0, r3, asr r0",1
"andeq r0, r0, r0",1
"adceq r5, r8, r0, lsl 24",1
"adceq r7, r8, r0, lsl 6",1
"andpl r0, r0, 0, 2",1
"andeq sl, r0, r8, lsl 17",1
"muleq r0, r0, r8",1
"subsls r0, r2, r1",1
"strge r0, [r0, -r8, lsr 1]",1
"andeq r0, r0, 0xa8",1
"eoreq r7, r8, r0, lsl 6",1
"andeq r0, r0, r0",1
invalid,1
"stmdavs r0, {r3, r5, r7}",1
"andeq r0, r0, 0xa8",1
"ldmvs pc, {ip, sp}",1
"stmdahi r0, {r3, r5, r7}",1
"smlatbeq r0, r8, r0, r0",1
"stmge r8, {sb, fp, ip, lr}",1
invalid,1
"andeq r0, r2, r0",1
"stmge ip, {r4, r5, r8, sb, sl, fp, ip, pc} ^",1
invalid,1
"andeq r0, r1, r0",1
"andeq r0, r0, sl, asr r0",1
"andeq r0, r0, r0",1
"adceq r8, sb, r0, lsl 24",1
"adceq sb, sb, r0",1
"stcvc p2, c0, [r0, -0]",1
"adceq sb, sb, r0",1
"adceq sb, sb, r0, lsl 8",1
"stcvc p2, c0, [r0, -0]",1
"adceq sb, sb, r4, lsr 8",1
"adcseq r2, r0, r0, lsl 16",1
blvc 0x4f504,1
"andeq r0, r0, r4",1
"andeq r0, r0, r0",1
"adceq r8, sb, r0, lsl 24",1
"adceq sl, sb, r0, lsl 16",1
"andpl r0, r0, r0, lsl 2",1
"andeq sl, r0, r8, lsr 19",1
"andeq fp, r0, r8, lsr 32",1
invalid,1
"andeq sb, r0, r0, asr pc",1
"andeq r0, r0, r0",1
invalid,1
invalid,1
"andeq r0, r1, r0",1
"adceq sp, sb, r1, asr r3",1
"adceq pc, sb, r0",1
"mrsls r0, lr_irq",1
"ldmibge r0!, {r2, r4, r5, r7, r8, sb, sl, fp, ip, sp, lr} ^",1
invalid,1
"andeq r0, r1, r0",1
"adceq pc, sb, r1, asr r8",1
"adcseq r2, r0, r0, lsl 16",1
"mrsls r0, lr_irq",1
"strheq r7, [r0], -r4",1
"andeq r0, r0, r0",1
invalid,1
invalid,1
"andeq r0, r1, r0",1
"adceq fp, sb, r2, asr r8",1
"adcseq r2, r0, r0, lsl 16",1
"mrsls r0, lr_irq",1
"andeq r7, r0, r8, lsr 31",1
"andeq r0, r0, r0",1
invalid,1
invalid,1
"andeq r0, r1, r0",1
"adceq fp, sb, r3, asr r0",1
"adcseq r2, r0, r0, lsl 16",1
"stmdapl r0, {r8}",1
"andeq r0, r0, r0",1
"andeq r0, r0, r0",1
"andeq sl, r0, ip, lsr 19",1
"ldrdeq sl, fp, [r0], -r0",1
"subsle r0, r0, r1",1
"movwle r0, 0xa9",1
"movweq r0, 0xa9",1
"andpl pc, r1, r0, lsl 6",1
"ldrdeq sl, fp, [r0], -r3",1
"strdeq sl, fp, [r0], -r0",1
"ldcge p0, c0, [r1], {3}",1
"adceq pc, sb, pc, ror r0",1
"adceq pc, sb, r0, lsl 16",1
"andpl r0, r0, r0, lsl 2",1
"strdeq sl, fp, [r0], -r8",1
"andeq fp, r0, r8, lsr 32",1
"ldcge p0, c0, [r1], {3}",1
"andeq r0, r0, pc, ror r0",1
"andeq r0, r0, r0",1
"adceq r8, sl, r0, lsl 16",1
"adceq sb, sl, r0",1
"andvc r0, r0, 0, 4",1
"adceq sb, sl, ip, ror r0",1
"adcseq r2, r0, r0, lsl 16",1
"mrsls r0, r8_usr",1
"andeq r0, r0, r4, asr r0",1
"andeq r0, r0, r0",1
"adceq r0, sl, r0",1
"adceq r0, ip, r0, lsl 24",1
"strpl r0, [r0], -r0, lsl 2",1
"andeq sl, r0, ip, lsl 24",1
"andeq sl, r0, r0, lsl ip",1
"subsne r0, r0, r1",1
"strge r0, [r0], -0xac",1
"smlatbeq r0, ip, r0, r0",1
"stclge p6, c5, [r4]",1
"cdpge p0, 0xd, c0, c4, c0, 0",1
"andeq r0, r1, r0",1
"adceq r2, pc, r6, asr ip",1
"adceq r3, pc, r0",1
"strpl r0, [r0], -r0, lsl 2",1
"muleq r0, r8, pc",1
"muleq r0, ip, pc",1
"ldrbgt r0, [r0], -1",1
"streq r0, [r0], -0xaf",1
"strheq r0, [r0, -r0]",1
"andlt r5, ip, r0, lsl 12",1
"andslt r0, r4, r0",1
"andeq r0, r1, r0",1
"andeq r0, r0, r6, asr r0",1
"andeq r0, r0, r0",1
"adceq ip, sb, r0, lsl 24",1
"adceq lr, sb, r0, lsl 16",1
invalid,1
"ldm pc, {r2, r3, r4, r5, r7, r8, sb, sl, fp, ip, sp, lr}",1
invalid,1
"smlatbeq r0, sb, r0, r0",1
"ldmibge r8!, {r8, ip, lr} ^",1
"eorlt r0, r0, r0",1
"andeq r0, r3, r0",1
invalid,1
"andeq r0, r0, r0",1
"strlo r0, [r0], -0",1
"andmi r0, r0, sl, lsr 1",1
"smlatbeq r0, sl, r0, r0",1
bge 0x12636a4,1
bge 0x184eea8,1
"andeq r0, r1, r0",1
"adceq r6, sl, r0, asr r0",1
"adcseq r2, r0, r0",1
"mrsls r0, lr_irq",1
"muleq r0, ip, pc",1
"andeq r0, r0, r0",1
invalid,1
bge 0x1b4eec8,1
"andeq r0, r2, r0",1
bge 0x1b76b90,1
"eorlt r0, r0, r0",1
"andeq r0, r3, r0",1
invalid,1
"andeq r0, r0, r0",1
"andeq r0, r0, r0",1
"andhs r0, r0, sl, lsr 1",1
"andeq r0, r0, 0xb0",1
"addseq r3, pc, r0, lsl 24",1
"andeq r0, r0, r0",1
"andeq r0, r0, r0",1
"andhs r0, r0, sl, lsr 1",1
"andeq r0, r0, 0xb0",1
"addseq r3, pc, r0",1
"andeq r0, r0, r0",1
"andeq r0, r0, r0",1
invalid,1
"movweq r0, 0xab",1
svcls 0x489100,1
"strdeq sl, fp, [r0], -r0",1
"andeq sl, r0, r4, lsl 24",1
"ldrbeq r0, [r3], -1",1
"streq r0, [r0, -ip, lsr 1]",1
"andeq r0, r0, 0xac",1
"streq r7, [r0, -r0, lsl 26]",1
invalid,1
"movweq r0, 0xac",1
svcls 0x489100,1
"andeq sl, r0, ip, ror ip",1
"andeq sl, r0, r3, lsl 25",1
"cmphi r0, 1",1
invalid,1
"movweq r0, 0xac",1
svcls 0x489100,1
"andeq sl, r0, ip, asr 25",1
"ldrdeq sl, fp, [r0], -r3",1
"cmple r0, 1",1
"andge r0, r0, ip, lsr 1",1
"movweq r0, 0xad",1
svcls 0x489100,1
"andeq sl, r0, r0, lsr 27",1
"andeq sl, r0, r3, lsr 27",1
"cmpge r1, 1",1
"stmdavs r0, {r0, r2, r3, r5, r7}",1
"movweq r0, 0xae",1
svcls 0x489100,1
"andeq sl, r0, r8, ror 28",1
"andeq sl, r0, pc, ror 28",1
svcvs 0x500001,1
invalid,1
"movweq r0, 0xaf",1
svcls 0x489100,1
"andeq sl, r0, ip, ror pc",1
"andeq sl, r0, ip, lsl 31",1
"mrrchi p0, 0, r0, r2, c1",1
"movwls r0, 0xaf",1
"andeq r0, r0, 0xaf",1
"movwls r7, 0xd00",1
"andhs r0, r0, pc, lsr 1",1
"movweq r0, 0xb0",1
svcls 0x489100,1
"andeq r0, r0, r0",1
"andeq r0, r0, r0",1
"andeq sl, r0, ip, ror 20",1
"andeq fp, r0, r0, lsr 32",1
"ldrge r0, [r1], 3",1
"andeq r0, r0, pc, ror r0",1
"andeq r0, r0, r0",1
"adceq r6, sl, r0, lsl 24",1
"adcseq r2, r0, r0",1
"stmdapl r0, {r8}",1
"andeq r0, r0, r0",1
"andeq r0, r0, r0",1
"andeq sl, r0, ip, ror 20",1
"andeq fp, r0, r0, lsr 32",1
"ldcls p0, c0, [r1], {3}",1
"andeq r0, r0, pc, ror r0",1
"andeq r0, r0, r0",1
"adceq sb, sl, r0",1
"adceq ip, pc, r0, lsl 8",1
"mrsls r0, lr_irq",1
svcge 0xfc7fa8,1
"eorlt r0, r0, r0",1
"andeq r0, r3, r0",1
invalid,1
"andeq r0, r0, r0",1
"andls r0, r0, r0",1
"andmi r0, r0, sl, lsr 1",1
"smlatbeq r0, ip, r0, r0",1
"andeq r5, r0, r0, lsl 8",1
"andeq r0, r0, r0",1
bge 0xfe44f03c,1
invalid,1
"andeq r0, r1, r0",1
"adceq r1, ip, r6, asr r0",1
"adceq r3, ip, r0, lsl 16",1
"strpl r0, [r0], -r0, lsl 2",1
"andeq r0, r0, r0",1
"andeq r0, r0, r0",1
"muleq r0, r0, sl",1
"andeq sl, r0, r4, asr 31",1
"ldcls p0, c0, [r1], {3}",1
"adceq pc, pc, pc, ror ip    ; [0x4f068:4]=0x91000300",1
"adcseq r2, r0, r0",1
"mrsls r0, lr_irq",1
"muleq r0, ip, pc",1
"andeq r0, r0, r0",1
bge 0xfe44f07c,1
svcge 0xc40000,1
"andeq r0, r1, r0",1
"adceq pc, pc, r8, asr ip    ; [0x4f088:4]=0x58000100",1
"adcseq r2, r0, r0",1
"stmdapl r0, {r8}",1
"andeq r0, r0, r0",1
"andeq r0, r0, r0",1
"muleq r0, r0, sl",1
"andeq sl, r0, r4, asr 31",1
"ldcge p0, c0, [r1], {3}",1
"adceq pc, pc, pc, ror ip    ; [0x4f0a8:4]=0x91000300",1
"adcseq r2, r0, r0",1
"mrsls r0, lr_irq",1
"andeq r7, r0, ip, lsr 31",1
"andeq r0, r0, r0",1
bge 0xfe94f0bc,1
bge 0xfec4f0c0,1
"andeq r0, r1, r0",1
"adceq fp, sl, r3, asr r0",1
"adceq sp, sl, r0",1
"andvc r0, r0, r0, lsl 16",1
"stmdaeq r1, {r2, sl, ip, pc}",1
"ldrshle r1, [pc], pc        ; [0x4f0d8:4]=0x10000aa",1
invalid,1
"smlatbeq r0, sl, r0, r0",1
bge 0xff763ce4,1
blge 0x14f0e8,1
"andeq r0, r8, r0",1
"orrseq r0, r4, r0, ror r4",1
svcls 0x1aff08,1
"andeq sl, r0, r4, lsl 22",1
"andeq sl, r0, pc, lsl 22",1
"rsbseq r0, r6, r2, lsl r0",1
"ldcge p4, c2, [r1], {0x33}",1
"andhs r0, r6, 0x7f00000",1
"orrseq r0, r4, r3, lsr 8",1
svcls 0x1aff08,1
"andeq sl, r0, r4, lsl fp",1
"andeq sl, r0, r4, lsr fp",1
"ldrbteq r0, [r0], -8",1
invalid,1
blge 0xd76d8c,1
blge 0x100f128,1
"andseq r0, r2, r0",1
"ldrths r0, [r3], -0x76",1
"uhadd8eq sl, pc, r1",1
"strteq r2, [r3], -0x206",1
invalid,1
blge 0x1176da8,1
blge 0x124f144,1
"andeq r0, r8, r0",1
"orrseq r0, r4, r0, ror r4",1
svcls 0x1aff08,1
"andeq r0, r0, r0",1
"andeq r0, r0, r0",1
"strheq sl, [r0], -r4",1
"andeq sl, r0, r8, asr 21",1
"ldmdagt r3, {r0} ^",1
"andle r0, r0, sl, lsr 1",1
"cdpeq p0, 0, c0, c0, c10, 5",1
"movwlo r7, 0x600",1
svcvc 0xac9124,1
"strteq r0, [r2], -r6, lsl 12",1
"addseq r0, pc, r3, lsr 2",1
"andeq r0, r0, r0",1
"and r0, r0, r0",1
svceq 0xaa,1
"smlatbeq r0, fp, r0, r0",1
blge 0x563d90,1
blge 0xa4f194,1
"andeq r0, r1, r0",1
"adceq r2, fp, r3, asr r8",1
"adceq r3, fp, r0, lsl 30",1
"strvc r0, [r0], -r0, lsl 28",1
invalid,1
"streq r7, [r6], -ip, lsr 31",1
invalid,1
"umlaleq r4, fp, pc, r4",1
"adceq r4, fp, r0, lsl 16",1
"strvc r0, [r0], -r0, lsl 28",1
invalid,1
"streq r7, [r6], -ip, lsr 31",1
invalid,1
"muleq r0, pc, r0",1
"andeq r0, r0, r0",1
"adceq r0, fp, r0",1
"adceq r1, fp, r0, lsl 8",1
"mrsls r0, lr_irq",1
"andeq r7, r0, r4, lsr 31",1
"andeq r0, r0, r0",1
blge 0x4f1e8,1
blge 0x54f1ec,1
"andeq r0, r1, r0",1
"andeq r0, r0, r8, asr r0",1
"andeq r0, r0, r0",1
"adceq r0, fp, r0",1
"adceq r1, fp, r0, lsl 8",1
"mrsls r0, lr_irq",1
"muleq r0, ip, pc",1
"andeq r0, r0, r0",1
blge 0xc4f210,1
blge 0x114f214,1
"andeq r0, r3, r0",1
invalid,1
"andeq r0, r0, r0",1
"andlo r0, r0, r0",1
invalid,1
"smlatbeq r0, fp, r0, r0",1
blge 0xf63a30,1
blge 0x100f234,1
"andeq r0, r1, r0",1
"adceq r3, fp, r1, asr pc",1
"adceq r4, fp, r0, lsl 8",1
"mrsls r0, lr_irq",1
"muleq r0, ip, pc",1
"andeq r0, r0, r0",1
blge 0xc4f250,1
blge 0x114f254,1
"andeq r0, r1, r0",1
"andeq r0, r0, r8, asr r0",1
"andeq r0, r0, r0",1
"adceq r7, fp, r0",1
"adceq r8, fp, r0, lsl 16",1
"andlo r0, r0, r0, lsl 4",1
"umlaleq sl, fp, pc, r8",1
"adceq fp, fp, r0, lsl 16",1
"andpl r0, r0, 0, 2",1
"andeq r0, r0, r0",1
"andeq r0, r0, r0",1
"andeq sl, r0, r8, lsr ip",1
"andeq sl, r0, r4, asr 31",1
"addslt r0, r1, r3",1
"adceq pc, pc, pc, ror ip    ; [0x4f290:4]=0x91000300",1
"adcseq r2, r0, r0",1
"mrsls r0, lr_irq",1
"strheq r7, [r0], -r0",1
"andeq r0, r0, r0",1
"ldcge p0, c0, [r8], -0",1
"ldclge p0, c0, [ip], -0",1
"andeq r0, r3, r0",1
"ldcvc p8, c4, [pc], {0x91}",1
"movwhi r0, 0xac",1
"smlatbeq r0, ip, r0, r0",1
"stcge p0, c5, [r3], {0}",1
"stclge p0, c0, [ip], {0}",1
"andeq r0, r3, r0",1
"ldcgt p8, c4, [pc], {0x91}",1
"movwle r0, 0xac",1
"smlatbeq r0, ip, r0, r0",1
"ldclge p0, c5, [r3], {0}",1
"stcge p0, c0, [r0, 0]!",1
"andeq r0, r3, r0",1
"umullsge r4, pc, r1, r8",1
"movwge r0, 0xad",1
"smlatbeq r0, sp, r0, r0",1
"stcge p1, c5, [r3, 0]!",1
"cdpge p0, 6, c0, c8, c0, 0",1
"andeq r0, r3, r0",1
"ldmvs pc, {r0, r4, r7, fp, lr}",1
svcvs 0xae,1
"smlatbeq r0, lr, r0, r0",1
"cdpge p0, 6, c5, c15, c0, 0",1
svcge 0x7c0000,1
"andeq r0, r3, r0",1
"ldcvc p8, c4, [pc], {0x91}",1
invalid,1
"smlatbeq r0, pc, r0, r0",1
svcge 0x8c5200,1
svcge 0x930000,1
"andeq r0, r2, r0",1
svcge 0x93007d,1
svcge 0xc40000,1
"andeq r0, r3, r0",1
"ldc2 p8, c4, [pc], {0x91}",1
"andhs r0, r0, pc, lsr 1",1
"movweq r0, 0xb0",1
svcls 0x489100,1
"andeq r0, r0, r0",1
"andeq r0, r0, r0",1
"andeq sl, r0, r8, lsr ip",1
"andeq sl, r0, r4, lsr 25",1
"ldrbgt r0, [r6], -1",1
"strle r0, [r0], -0xad",1
"smlatbeq r0, lr, r0, r0",1
svcge 0x2c5600,1
svcge 0x300000,1
"andeq r0, r1, r0",1
"adceq pc, pc, r6, asr ip    ; [0x4f36c:4]=0x56000100",1
"adcseq r0, r0, r0, lsl 8",1
"strpl r0, [r0], -r0, lsl 2",1
"andeq fp, r0, ip",1
"andeq fp, r0, r4, lsl r0",1
"subseq r0, r6, r1",1
"andeq r0, r0, r0",1
invalid,1
"strgt r0, [r0], -0xac",1
"movweq r0, 0xaf",1
svcls 0x549100,1
"strdeq sl, fp, [r0], -ip",1
"andeq fp, r0, r0, lsr 32",1
"ldrpl r0, [r1], 3",1
"muleq r0, pc, r0",1
"andeq r0, r0, r0",1
"adceq r3, ip, r0, lsl 16",1
"adceq ip, pc, r0, lsl 8",1
"stmdapl r0, {r8}",1
"strdeq sl, fp, [r0], -ip",1
"andeq fp, r0, r0, lsr 32",1
"subseq r0, r8, r1",1
"andeq r0, r0, r0",1
invalid,1
"strgt r0, [r0], -0xac",1
"movweq r0, 0xaf",1
svcvc 0xa89100,1
"strdeq sl, fp, [r0], -ip",1
"andeq fp, r0, r0, lsr 32",1
"ldmge r1, {r0, r1}",1
"andeq r0, r0, pc, ror r0",1
"andeq r0, r0, r0",1
"adceq r3, ip, r0, lsl 16",1
"adceq ip, pc, r0, lsl 8",1
"mrsls r0, lr_irq",1
svcge 0xfc7fb4,1
"eorlt r0, r0, r0",1
"andeq r0, r3, r0",1
invalid,1
"andeq r0, r0, r0",1
"andmi r0, r0, r0",1
"stmdavc r0, {r2, r3, r5, r7}",1
"smlatbeq r0, ip, r0, r0",1
"ldclge p4, c5, [r8], -0",1
"stcge p0, c0, [r3], {0}",1
"andeq r0, r6, r0",1
"uhadd8eq fp, pc, r1",1
"stclge p4, c5, [r4, 0x8c]",1
svcge 0x240000,1
"andeq r0, r1, r0",1
"adceq r2, pc, r4, asr ip",1
"adceq r3, pc, r0",1
"strpl r0, [r0], -0x100",1
"strdeq sl, fp, [r0], -ip",1
"andeq fp, r0, r0, lsr 32",1
"subseq r0, r4, r1",1
"andeq r0, r0, r0",1
invalid,1
"stmdage r0, {r2, r3, r5, r7}",1
"andeq r0, r0, 0xac",1
"ldmlt pc, {ip, sp}",1
"strgt r0, [r0], -0xad",1
"smlatbeq r0, sp, r0, r0",1
"andeq r5, r0, r0, lsl 8",1
"andeq r0, r0, r0",1
"stcge p0, c0, [r4], {0}",1
"stcge p0, c0, [r8], 0",1
"andeq r0, r1, r0",1
"adceq r7, lr, r0, asr r0",1
"adceq sb, lr, r0, lsl 24",1
"andpl r0, r0, r0, lsl 2",1
"andeq r0, r0, r0",1
"andeq r0, r0, r0",1
"andeq sl, r0, ip, ror 24",1
"andeq sl, r0, r4, asr 27",1
"ldrbhs r0, [sb], -1",1
invalid,1
"smlatbeq r0, pc, r0, r0",1
"andeq r5, r0, r0, lsl 18",1
"andeq r0, r0, r0",1
"ldclge p0, c0, [r8], -0",1
"stcge p0, c0, [r8], 0",1
"andeq r0, r1, r0",1
"andeq r0, r0, r4, asr r0",1
"andeq r0, r0, r0",1
"adceq r8, ip, r0, lsl 24",1
"adceq sl, ip, r0, lsl 16",1
"stmdbeq r0, {r8, sb}",1
"ldcge p15, c9, [r4, 0x3fc]!",1
"stclge p0, c0, [r4]",1
"andeq r0, r1, r0",1
"andeq r0, r0, r6, asr r0",1
"andeq r0, r0, r0",1
"adceq sl, ip, r0, lsl 24",1
"adceq r5, sp, r0, lsl 16",1
"strpl r0, [r0, -0x100]",1
"andeq sl, r0, r8, asr sp",1
"andeq sl, r0, r3, ror 26",1
"ldrbteq r0, [r3], -2",1
"strheq sl, [r0], -r0",1
"andeq sl, r0, r4, asr 27",1
"ldrbhs r0, [r5], -1",1
invalid,1
"smlatbeq r0, pc, r0, r0",1
"andeq r5, r0, r0, lsl 10",1
"andeq r0, r0, r0",1
"stclge p0, c0, [ip], 0",1
"stcge p0, c0, [r0, 0]!",1
"andeq r0, r3, r0",1
"umullsge r4, pc, r1, r8",1
"movwge r0, 0xad",1
"smlatbeq r0, sp, r0, r0",1
"stcge p1, c5, [r3, 0]!",1
"ldcge p0, c0, [r0, 0]!",1
"andeq r0, r3, r0",1
"umullseq r4, pc, r1, r8",1
"andeq r0, r0, r0",1
invalid,1
"andlt r0, r0, ip, lsr 1",1
"smlatbeq r0, sp, r0, r0",1
"andeq r5, r0, r0, lsl 16",1
"andeq r0, r0, r0",1
"stclge p0, c0, [ip], 0",1
"ldcge p0, c0, [r0, 0]!",1
"andeq r0, r3, r0",1
invalid,1
"andeq r0, r0, r0",1
invalid,1
"stmdapl r0, {r2, r3, r5, r7}",1
"smlatbeq r0, sp, r0, r0",1
"ldclge p5, c5, [r8, -0]",1
"stclge p0, c0, [r3, -0]!",1
"andeq r0, r2, r0",1
"andeq r0, r0, r3, ror r4",1
"andeq r0, r0, r0",1
"stclge p0, c0, [ip], 0",1
"ldcge p0, c0, [r0, 0]!",1
"andeq r0, r1, r0",1
"andeq r0, r0, r7, asr r0",1
"andeq r0, r0, r0",1
"adceq lr, ip, r0, lsl 24",1
"adceq pc, ip, r0, lsl 24",1
"andpl r0, r0, 0, 2",1
"strdeq sl, fp, [r0], -ip",1
"strheq sl, [r0], -r0",1
"addslt r0, r1, r3",1
"andeq r0, r0, pc, ror r0",1
"andeq r0, r0, r0",1
"adceq sl, sp, r0, lsl 8",1
"adceq fp, sp, r0",1
"andpl r0, r0, r0, lsl 2",1
"andeq r0, r0, r0",1
"andeq r0, r0, r0",1
"strdeq sl, fp, [r0], -r0",1
"andeq sl, r0, ip, lsr sp",1
"subseq r0, r4, r1",1
"andeq r0, r0, r0",1
invalid,1
"strlo r0, [r0], -0xad",1
"smlatbeq r0, sp, r0, r0",1
"andeq r5, r0, r0",1
"andeq r0, r0, r0",1
"stcge p0, c0, [r0]",1
"ldcge p0, c0, [r0, 0]!",1
"andeq r0, r3, r0",1
invalid,1
"andeq r0, r0, r0",1
"andhi r0, r0, r0",1
"andlt r0, r0, sp, lsr 1",1
"smlatbeq r0, sp, r0, r0",1
"andeq r5, r0, r0, lsl 16",1
"andeq r0, r0, r0",1
"stcge p0, c0, [r0]",1
"stcge p0, c0, [fp]",1
"andeq r0, r1, r0",1
"andeq r0, r0, r0, asr r0",1
"andeq r0, r0, r0",1
"adceq ip, sp, r0, lsl 8",1
"adceq lr, sp, r0, lsl 8",1
"andlo r0, r0, r0, lsl 4",1
"umlaleq lr, sp, pc, r4",1
"adceq pc, sp, r0",1
"andpl r0, r0, r0, lsl 2",1
"strdeq sl, fp, [r0], -r0",1
"andeq sl, r0, r0, lsl lr",1
svcls 0x300002,1
"andeq sl, r0, r0, lsl lr",1
"andeq sl, r0, ip, lsl 29",1
"mrrceq p0, 0, r0, r7, c1",1
invalid,1
"strheq r0, [r0, -r0]",1
"andeq r5, r0, r0, lsl 14",1
"andeq r0, r0, r0",1
"stclge p0, c0, [r4]",1
"ldclge p0, c0, [ip]",1
"andeq r0, r6, r0",1
invalid,1
"ldclge p15, c9, [ip, 0x68]",1
"stclge p0, c0, [r3, 0]!",1
"andeq r0, lr, r0",1
"strvc r0, [r6, -0x74]",1
"strteq r2, [r3], -0x200",1
invalid,1
"ldclge p15, c9, [r0, 0x68]!",1
"cdpge p0, 0, c0, c4, c0, 0",1
"andeq r0, r6, r0",1
invalid,1
"mcrge p15, 0, sb, c4, c10, 0",1
"cdpge p0, 1, c0, c4, c0, 0",1
"andeq r0, sp, r0",1
"rsbseq r0, r5, r1, ror r0",1
"strls r2, [r4], -0x322",1
bne 0x116c0,1
"umlaleq r1, lr, pc, r4",1
"adceq r4, lr, r0, lsl 30",1
"strvc r0, [r0], -0xe00",1
"rsbseq r0, r5, r0, lsl 12",1
"strls r2, [r4], -0x322",1
bne 0x116d8,1
"umlaleq r5, lr, pc, ip",1
"adceq r6, lr, r0, lsl 30",1
"strvc r0, [r0], -0xe00",1
"rsbseq r0, r5, r0, lsl 12",1
"strls r2, [r4], -0x322",1
bne 0x116f0,1
"muleq r0, pc, r0",1
"andeq r0, r0, r0",1
"adceq pc, sp, r0, lsl 16",1
"adceq r0, lr, r0",1
invalid,1
"andhs r7, r0, 0, 10",1
svcls 0x12306,1
"andeq sl, r0, r0, lsl 28",1
"andeq sl, r0, ip, lsr lr",1
"mrrclo p0, 0, r0, r3, c1",1
svcmi 0xae,1
beq 0x4f9d4,1
"streq r7, [r0], -r0, lsl 8",1
"qsub16eq r0, r2, r5",1
"ldcpl p1, c0, [pc], {0x23}",1
svcvs 0xae,1
"smlatbeq r0, lr, r0, r0",1
"andeq r5, r0, r0, lsl 6",1
"andeq r0, r0, r0",1
"cdpge p0, 3, c0, c12, c0, 0",1
"cdpge p0, 4, c0, c15, c0, 0",1
"andeq r0, r1, r0",1
"andeq r0, r0, r3, asr r0",1
"andeq r0, r0, r0",1
"adceq r8, lr, r0, lsl 24",1
"adceq fp, lr, r0",1
"strpl r0, [r0, -r0, lsl 2]",1
"andeq sl, r0, ip, lsr 30",1
"andeq sl, r0, r0, lsr pc",1
"subseq r0, r7, r1",1
"andeq r0, r0, r0",1
"strle r0, [r0], -0",1
"strhs r0, [r0], -0xae",1
"smlatbeq r0, pc, r0, r0",1
"andlt r5, r4, r0, lsl 12",1
"andlt r0, ip, r0",1
"andeq r0, r1, r0",1
"adcseq r1, r0, r6, asr r4",1
"adcseq r2, r0, r0",1
"strpl r0, [r0], -r0, lsl 2",1
"andeq r0, r0, r0",1
"andeq r0, r0, r0",1
"andeq fp, r0, r8, lsr 32",1
"andeq fp, r0, ip, lsr 32",1
"rsbseq r0, sp, r2",1
"andeq fp, r0, ip, lsr 32",1
"andeq fp, r0, r0, lsr r0",1
"ldrbths r0, [sp], -2",1
"andeq fp, r0, r0, lsr r0",1
"strdeq ip, sp, [r0], -r0",1
"rsbsgt r0, sp, r3",1
"andeq r0, r0, r2",1
"andeq r0, r0, r0",1
"adcseq r2, r0, r0, lsl 16",1
"adcseq r5, r0, r0",1
"andpl r0, r0, r0, lsl 2",1
"andeq fp, r0, r0, asr r0",1
"strdeq ip, sp, [r0], -r0",1
"ldcgt p0, c0, [r1], {3}",1
"andeq r0, r0, sp, ror r0",1
"andeq r0, r0, r0",1
"adcseq r2, r0, r0, lsl 16",1
"adcseq r5, r0, r0, lsl 24",1
invalid,1
"andeq fp, r0, ip, asr r0",1
"strdeq ip, sp, [r0], -r0",1
"ldm r1, {r0, r1}",1
"andeq r0, r0, sp, ror r0",1
"andeq r0, r0, r0",1
"adcseq r2, r0, r0, lsl 16",1
"adcseq r6, r0, r0",1
"andpl r0, r0, 0, 2",1
"andeq fp, r0, r0, rrx",1
"strdeq ip, sp, [r0], -r0",1
invalid,1
"andeq r0, r0, sp, ror r0",1
"andeq r0, r0, r0",1
"adcseq r2, r0, r0, lsl 16",1
"adcseq r6, r0, r0, lsl 6",1
"movwpl r0, 0x100",1
"andeq fp, r0, r3, rrx",1
"andeq fp, r0, ip, lsr 8",1
"ldrbhi r0, [r4], -1",1
"stmdage r0, {r6, r7}",1
"smlabteq r0, r0, r0, r0",1
"tstgt ip, r0, lsl 8",1
"orrsgt r0, r4, r0",1
"andeq r0, r1, r0",1
"andeq r0, r0, r4, asr r0",1
"andeq r0, r0, r0",1
"adcseq r2, r0, r0, lsl 16",1
"adcseq r7, r1, r0, lsl 16",1
"mrsls r0, r8_usr",1
"adcseq r7, r1, r0, lsl 16",1
"adcseq r2, r4, r0, lsl 24",1
"stmdapl r0, {r8}",1
"andeq ip, r0, r4, lsl 1",1
"andeq ip, r0, r8, lsr 1",1
"mrrcne p0, 0, r0, r8, c1",1
"strvs r0, [r0], -0xc1",1
"andeq r0, r0, 0xc1",1
"strvs sb, [r0], -0x100",1
"strls r0, [r0], -0xc1",1
"smlabteq r0, r1, r0, r0",1
"andeq r5, r0, r0, lsl 16",1
"andeq r0, r0, r0",1
"eorlt r0, r8, r0",1
"rsclt r0, r8, r0",1
"andeq r0, r2, r0",1
"smlallt r0, r8, r1, r8",1
"orrlt r0, r0, r0",1
"andeq r0, r8, r0",1
"ldchi p0, c0, [r1], {0x75}",1
svcls 0x1c067e,1
"andeq fp, r0, r0, lsl 3",1
"andeq ip, r0, ip, lsl r1",1
"addseq r0, r1, sb",1
"cdpvc p1, 8, c9, c12, c6, 0",1
"ldcne p12, c1, [pc], {6}",1
"strvs r0, [r0], -0xc1",1
"stmdaeq r0, {r0, r6, r7}",1
invalid,1
invalid,1
"smulleq r6, r1, pc, r4",1
"sbceq pc, r2, r0",1
invalid,1
"ldchi p6, c0, [r1], {0}",1
svcls 0x1c067e,1
"andeq r0, r0, r0",1
"andeq r0, r0, r0",1
"andeq fp, r0, r4, ror 7",1
"andeq fp, r0, r4, lsl 12",1
svcls 0x310002,1
"andeq fp, r0, ip, lsr 12",1
"andeq fp, r0, r0, asr 12",1
"mrrcls p0, 0, r0, r0, c1",1
invalid,1
"strheq r0, [r0, -r6]",1
"strtlt r5, [ip], r0",1
"cdplt p0, 8, c0, c4, c0, 0",1
"andeq r0, r3, r0",1
"ldmdage sp!, {r0, r4, r7, ip, lr, pc} ^",1
"strle r0, [r0], -0xbe",1
"andeq r0, r0, 0xbe",1
"ldrle r3, [pc], 0x100       ; [0x4f930:4]=0x20000bf",1
"stmdami r0, {r1, r2, r3, r4, r5, r7}",1
"andeq r0, r0, 0xbf",1
"ldmmi pc, {ip, sp}",1
"strpl r0, [r0], -0xbf",1
"strheq r0, [r0, -pc]",1
"addsgt r5, ip, r0",1
"sbcgt r0, r0, r0",1
"andeq r0, r2, r0",1
"sbcgt sb, ip, r1, lsr pc",1
"sbcsgt r0, r8, r0",1
"andeq r0, r3, r0",1
"ldmdale sp!, {r0, r4, r7, ip, lr, pc} ^",1
"and r0, r0, r0, asr 1",1
"andeq r0, r0, 0xc0",1
"adds r3, pc, r0, lsl 2",1
invalid,1
"movweq r0, 0xc1",1
"ldclvc p1, c9, [r0]",1
"muleq r0, r4, r1",1
"andeq ip, r0, r0, lsr 3",1
svcls 0x310002,1
"andeq ip, r0, r0, lsr 3",1
"andeq ip, r0, ip, ror 3",1
"addsle r0, r1, r3",1
"sbceq pc, r1, sp, ror r8",1
"sbceq r3, r2, r0, lsl 16",1
"andlo r0, r0, r0, lsl 4",1
"smulleq r3, r2, pc, r8",1
"sbceq sl, r2, r0, lsl 8",1
"mrsls r0, lr_irq",1
"adcsgt r7, r0, 208, 26",1
"sbcgt r0, r4, 0",1
"andeq r0, r3, r0",1
"ldclgt p0, c13, [sp], -0x244",1
"and r0, r0, r2, asr 1",1
"movweq r0, 0xc2",1
"ldclvc p1, c9, [r0]",1
"andeq r0, r0, r0",1
"andeq r0, r0, r0",1
"andeq fp, r0, r4, asr r0",1
"andeq fp, r0, r8, asr r0",1
"ldmdapl r0, {r0} ^",1
"movwvs r0, 0xb0",1
"streq r0, [r0], -0xb0",1
"stclvc p1, c9, [ip]",1
"adcseq r6, r0, r6, lsl 6",1
"sbceq pc, r2, r0",1
"mrsls r0, lr_irq",1
"andeq r7, r0, r8, asr 27",1
"andeq r0, r0, r0",1
"cmplt r8, 0",1
"orrlt r0, ip, 0",1
"andeq r0, r1, r0",1
"adcseq r8, r3, r2, asr ip",1
"sbceq r8, r0, r0, lsl 8",1
"mrsls r0, lr_irq",1
"addsgt r7, ip, r4, ror 27",1
"rscgt r0, r0, r0",1
"andeq r0, r3, r0",1
"ldrbtls lr, [sp], -0x491",1
"str r0, [r0], -0xc1",1
"movweq r0, 0xc2",1
"stclvc p1, c9, [r4, 0]!",1
"andeq r0, r0, r0",1
"andeq r0, r0, r0",1
"andeq fp, r0, r8, ror 6",1
"andeq fp, r0, r0, ror r3",1
"subsvc r0, r3, r1",1
"strhi r0, [r0], -0xb3",1
"movweq r0, 0xc0",1
"ldclvc p1, c9, [ip]",1
"muleq r0, ip, r0",1
"andeq ip, r0, r0, ror 1",1
"ldcle p0, c0, [r1], {3}",1
"sbceq sb, r1, sp, ror r4",1
"sbceq lr, r2, r0, lsl 8",1
"mrsls r0, lr_irq",1
"ldrdeq r7, r8, [r0], -ip",1
"andeq r0, r0, r0",1
"movtlt r0, 0x8000",1
"movlt r0, 0",1
"andeq r0, r1, r0",1
"adcseq sl, r3, r1, asr r0",1
"sbceq r8, r0, r0, lsl 8",1
"mrsls r0, lr_irq",1
"ldrshgt r7, [ip], r8",1
"rscgt r0, r0, r0",1
"andeq r0, r3, r0",1
"ldrbtls pc, [sp], -0x891",1
"str r0, [r0], -0xc1",1
"movweq r0, 0xc2",1
"ldclvc p1, c9, [r8, 0]!",1
"andeq r0, r0, r0",1
"andeq r0, r0, r0",1
"andeq fp, r0, r8, lsr 3",1
"andeq ip, r0, ip, lsl r1",1
"addshi r0, r1, r3",1
"sbceq r6, r1, lr, ror r4",1
"sbceq lr, r2, r0, lsl 8",1
"mrsls r0, lr_irq",1
"andeq r7, r0, r0, lsl 29",1
"andeq r0, r0, r0",1
invalid,1
"ldrlt r0, [ip], -0",1
"andeq r0, r1, r0",1
"adcseq r1, r4, r2, asr ip",1
"adcseq r2, r4, r0, lsl 16",1
"andvc r0, r0, 0, 6",1
"strtlt sb, [r8], -0xf04",1
"addgt r0, r4, r0",1
"andeq r0, r7, r0",1
"uhadd8eq lr, sp, r1",1
"ldcls p4, c0, [pc], {0x23}",1
"stmdage r0, {r6, r7}",1
"smlabteq r0, r0, r0, r0",1
"adcgt r5, r8, r0, lsl 4",1
"rscgt r0, r0, r0",1
"andeq r0, r7, r0",1
"uhadd8eq lr, sp, r1",1
"ldrls r0, [pc], 0x423       ; [0x4fb10:4]=0x70000c2",1
"str r0, [r0], -0xc1",1
"streq r0, [r0, -r2, asr 1]",1
"stclvc p1, c9, [r0, 0]!",1
svcls 0x42306,1
"andeq r0, r0, r0",1
"andeq r0, r0, r0",1
"andeq fp, r0, r0, lsr 6",1
"andeq ip, r0, r4, lsl 1",1
"ldcmi p0, c0, [r1], {2}",1
"muleq r0, ip, r0",1
"andeq ip, r0, ip, lsl r1",1
"ldcmi p0, c0, [r1], {2}",1
"muleq r0, r4, r1",1
"strdeq ip, sp, [r0], -r0",1
"ldcmi p0, c0, [r1], {2}",1
"andeq r0, r0, r0",1
"andeq r0, r0, r0",1
"andeq fp, r0, r4, asr r0",1
"andeq fp, r0, ip, lsr 8",1
invalid,1
"smulleq r8, r0, pc, r4",1
"sbceq sl, r0, r0, lsl 16",1
"stmdbeq r0, {r8, sb}",1
"ldrshgt sb, [ip, -pc]",1
"orrsgt r0, r4, r0",1
"andeq r0, r3, r0",1
"addseq pc, pc, sb, lsl 30   ; [0x4fb7c:4]=0x80000000",1
"andeq r0, r0, r0",1
"andhi r0, r0, r0",1
"strhi r0, [r0], -0xb3",1
"movweq r0, 0xc0",1
"ldclvc p1, c9, [ip, 0]!",1
"muleq r0, ip, r0",1
"andeq ip, r0, r0, ror 1",1
"ldc2 p0, c0, [r1], {3}",1
"sbceq sb, r1, sp, ror r4",1
"sbceq lr, r2, r0, lsl 8",1
"mrsls r0, lr_irq",1
"strdeq r7, r8, [r0], -ip",1
"andeq r0, r0, r0",1
"ldrblt r0, [r4, -0]!",1
"strlt r0, [r0]",1
"andeq r0, r1, r0",1
"adcseq r8, r5, r3, asr r0",1
"adcseq sb, r5, r0, lsl 8",1
bvc 0x5dfc8,1
invalid,1
"orrseq r2, r4, r0, lsl 4",1
"tstls sl, r8, lsl 30",1
"strdls r7, r8, [r6, -r4]",1
"strdmi r7, r8, [r6], -r4",1
"stcvc p4, c2, [r2], -0x12c",1
"strbhs r4, [fp], -0",1
invalid,1
"tstls r3, r0, lsl 12",1
"strdmi r7, r8, [r6], -r4",1
"stcvc p4, c2, [r2], -0x12c",1
"strbhs r4, [fp], -0",1
invalid,1
svcls 0x131600,1
"strheq fp, [r0], -r4",1
"strheq fp, [r0], -ip",1
"ldrbpl r0, [r2], -1",1
"stmdapl r0, {r1, r2, r4, r5, r7}",1
"strheq r0, [r0, -r6]",1
"adcgt r5, r8, r0, lsl 4",1
"adcsgt r0, r4, r0",1
"eorseq r0, sb, r0",1
"rsbseq r0, r0, sl, ror r0",1
"strtls r0, [r2], -0x7c",1
bne 0x11c30,1
"uhadd8eq pc, sp, r1",1
"uhadd8eq pc, sp, r1",1
"eorhs r4, r4, 64, 22",1
blmi 0x104fe2c,1
"stmdahs fp!, {r2, r5, sb, sp}",1
"tstne r6, 1",1
"uhadd8eq pc, sp, r1",1
"eorhs r4, r4, 64, 22",1
blmi 0x104fe40,1
"stmdahs ip!, {r2, r5, sb, sp}",1
"tstne r6, 1",1
"muleq r0, pc, r0",1
"andeq r0, r0, r0",1
"adcseq ip, r0, r0, lsl 16",1
"adcseq pc, r0, r0, lsl 24",1
"andpl r0, r0, 0, 2",1
"strdeq fp, ip, [r0], -ip",1
"andeq fp, r0, r8, lsr 2",1
"ldrbtne r0, [r1], -2",1
"andeq fp, r0, r8, lsr 2",1
"strdeq fp, ip, [r0], -fp",1
"ldcgt p0, c0, [r1], {6}",1
"strtne r0, [r3], -0x67d",1
"strdeq fp, ip, [r0], -fp",1
"andeq ip, r0, ip, lsl r1",1
"ldc p0, c0, [r1], {3}",1
"sbceq r1, r1, sp, ror ip",1
"sbceq r2, r1, r0, lsl 16",1
"andpl r0, r0, 0, 2",1
"andeq ip, r0, r8, lsr 2",1
"andeq ip, r0, r4, asr 2",1
"ldrbtne r0, [r1], -2",1
"andeq ip, r0, r4, asr 2",1
"andeq ip, r0, r4, ror 2",1
"ldcgt p0, c0, [r1], {6}",1
"strtne r0, [r3], -0x67d",1
"andeq ip, r0, r4, ror 2",1
"strdeq ip, sp, [r0], -r0",1
"ldc p0, c0, [r1], {3}",1
"andeq r0, r0, sp, ror r0",1
"andeq r0, r0, r0",1
"adcseq fp, r1, r0, lsl 8",1
"adcseq pc, r1, r0, lsl 22",1
invalid,1
"strdeq fp, ip, [r0], -fp",1
"andeq ip, r0, ip, lsl r1",1
"ldmgt r1, {r0, r1}",1
"sbceq r6, r1, sp, ror r4",1
"sbceq lr, r2, r0, lsl 8",1
"mrsls r0, lr_irq",1
"andeq r7, r0, r8, asr 27",1
"andeq r0, r0, r0",1
"movslt r0, r0",1
invalid,1
"andeq r0, lr, r0",1
"uhadd8eq ip, sp, r1",1
"andmi r0, r6, r3, lsr 24",1
"andslo r2, sl, r2, asr 8",1
"andeq sb, r0, lr, lsr 30",1
"andeq r0, r0, r0",1
"movslt r0, r0",1
"tstgt ip, r0",1
"andeq r0, r3, r0",1
"ldrbtvs lr, [sp], -0xc91",1
"str r0, [r0], -0xc1",1
"movweq r0, 0xc2",1
"stclvc p1, c9, [ip, 0]!",1
"andeq r0, r0, r0",1
"andeq r0, r0, r0",1
"strheq fp, [r0], -r4",1
"strheq fp, [r0], -r8",1
"ldmdalt r3, {r0} ^",1
"stmdagt r0, {r0, r4, r5, r7}",1
invalid,1
"andne r7, r0, 0, 4",1
"eorhs r4, r4, 64, 22",1
"ldrne r0, [r6], -0x73",1
"eorhs r4, r4, 64, 22",1
"andeq r2, r1, fp, lsr 16",1
"ldmgt pc, {r1, r2, r4, r8, sb, ip}",1
"stmdale r0, {r0, r4, r5, r7}",1
"strheq r0, [r0, -r1]",1
"bicslt r5, r8, r0, lsl 6",1
invalid,1
"andseq r0, sb, r0",1
"movwhs r0, 0x687c",1
blmi 0x105458c,1
"rsbseq r2, r2, r4, lsr 4",1
blmi 0x1054de8,1
"stmdahs fp!, {r2, r5, sb, sp}",1
"tstne r6, 1",1
"umlalseq pc, r1, pc, r4",1
"adcseq pc, r1, r0, lsl 22",1
invalid,1
invalid,1
"strbhs r4, [fp], -0x12",1
"sbcseq r7, ip, r2, lsr 24",1
"andsmi r1, r4, r6, lsl 12",1
blhs 0x8d8ee4,1
"strne r0, [r0], -r8, lsr 2",1
"andeq sb, r0, r3, lsl pc",1
"andeq r0, r0, r0",1
"movslt r0, r0",1
"tstgt ip, r0",1
"andeq r0, r3, r0",1
"ldrbtvs pc, [sp], -0x491",1
"str r0, [r0], -0xc1",1
"movweq r0, 0xc2",1
"ldclvc p1, c9, [r4, 0]!",1
"andeq r0, r0, r0",1
"andeq r0, r0, r0",1
"strheq fp, [r0], -r4",1
"andeq ip, r0, ip, lsl r1",1
"ldm r1, {r0, r1}",1
"sbceq r6, r1, sp, ror r4",1
"sbceq lr, r2, r0, lsl 8",1
"mrsls r0, lr_irq",1
"andeq r7, r0, r8, ror 27",1
"andeq r0, r0, r0",1
"movslt r0, r0",1
invalid,1
"andeq r0, r4, r0",1
svcls 0x7ec491,1
"strdeq fp, ip, [r0], -r4",1
"strdeq fp, ip, [r0], -fp",1
blx 0x14cfe2a,1
"strheq r0, [r0], -r1",1
"streq r0, [r0], -0xb2",1
"cdpvc p1, 0xc, c9, c4, c0, 0",1
"umlalseq r0, r2, pc, r0",1
"adcseq r0, r2, r0, lsl 14",1
"andpl r0, r0, r0, lsl 2",1
"andeq fp, r0, r7, lsl 4",1
"andeq fp, r0, r0, lsr 12",1
"ldrgt r0, [r1], 4",1
"qsub16lt sb, r0, lr",1
"strtlt r0, [fp], -r0",1
"andeq r0, r1, r0",1
"adcseq r2, r6, r0, asr fp",1
"adcseq sb, r6, r0",1
invalid,1
"addsls r7, pc, r4, asr 29",1
blls 0x50140,1
"strheq r0, [r0, -r6]",1
"ldrlt r5, [fp], r0",1
"strlt r0, [r0, -r0]",1
"andeq r0, r4, r0",1
svcls 0x7ec491,1
"andeq fp, r0, r0, lsl 14",1
"andeq fp, r0, fp, lsl 14",1
bleq 0x144fe8c,1
"strhlt r0, [r0], -r7",1
"streq r0, [r0], -0xb7",1
"cdpvc p1, 0xc, c9, c4, c0, 0",1
"umlalseq fp, r7, pc, r0",1
"adcseq fp, r7, r0, lsl 22",1
"andpl r0, r0, r0, lsl 2",1
"strheq fp, [r0], -fp",1
"andeq fp, r0, r0, ror 15",1
"ldrgt r0, [r1], 4",1
invalid,1
"strblt r0, [r7, r0]!",1
"andeq r0, r1, r0",1
"adcseq lr, r7, r0, asr r7",1
"adcseq r5, r8, r0, lsl 8",1
invalid,1
"ldrpl r7, [pc], 0xec4       ; [0x4fec8:4]=0x10000b8",1
svcpl 0xb8,1
"strheq r0, [r0, -r8]",1
"ldmdalt pc, {ip, lr} ^",1
invalid,1
"andeq r0, r4, r0",1
svcls 0x7ec491,1
"strheq fp, [r0], -r4",1
"strheq fp, [r0], -fp",1
bllt 0x144fef0,1
"stmdami r0, {r3, r4, r5, r7}",1
"streq r0, [r0], -0xb9",1
"cdpvc p1, 0xc, c9, c4, c0, 0",1
"umlalseq r4, sb, pc, r8",1
"adcseq r5, sb, r0, lsl 6",1
"andpl r0, r0, r0, lsl 2",1
"andeq fp, r0, r3, asr sb",1
"andeq fp, r0, ip, lsr 19",1
"ldrgt r0, [r1], 4",1
"stmiblt ip!, {r1, r2, r3, r4, r5, r6, r8, sb, sl, fp, ip, pc}",1
invalid,1
"andeq r0, r1, r0",1
"adcseq fp, sb, r2, asr r3",1
"adcseq sp, sb, r0, lsl 16",1
invalid,1
"ldmle pc, {r2, r6, r7, sb, sl, fp, ip, sp, lr}",1
svcle 0xb9,1
"strheq r0, [r0, -sb]",1
"ldmiblt pc, {ip, lr} ^",1
blt 0x84ff3c,1
"andeq r0, r4, r0",1
svcls 0x7ec491,1
"andeq fp, r0, r0, lsr 20",1
"andeq fp, r0, fp, lsr 20",1
blhs 0x144ff54,1
invalid,1
"streq r0, [r0], -0xba",1
"cdpvc p1, 0xc, c9, c4, c0, 0",1
"umlalseq lr, sl, pc, ip",1
"adcseq pc, sl, r0, lsl 22",1
"andpl r0, r0, r0, lsl 2",1
"strdeq fp, ip, [r0], -fp",1
"andeq fp, r0, ip, asr 22",1
"ldrgt r0, [r1], 4",1
bllt 0x1377d70,1
bllt 0x150ff7c,1
"andeq r0, r1, r0",1
"adcseq r5, fp, r1, asr r3",1
"adcseq ip, fp, r0",1
invalid,1
"addsgt r7, pc, r4, asr 29",1
invalid,1
"strheq r0, [r0, -fp]",1
bllt 0xff22439c,1
"stclt p0, c0, [r8], -0",1
"andeq r0, r4, r0",1
svcls 0x7ec491,1
"andeq fp, r0, r8, lsr 24",1
"andeq fp, r0, r3, lsr ip",1
"cmplo r0, 1",1
"strgt r0, [r0], -0xbc",1
"streq r0, [r0], -0xbc",1
"cdpvc p1, 0xc, c9, c4, c0, 0",1
"umlalseq ip, ip, pc, r4",1
"adcseq sp, ip, r0, lsl 6",1
"andpl r0, r0, r0, lsl 2",1
"ldrdeq fp, ip, [r0], -r3",1
"andeq fp, r0, r8, lsl 27",1
"ldrgt r0, [r1], 4",1
"stclt p15, c9, [r8, 0x1f8]",1
"stclt p0, c0, [pc]",1
"andeq r0, r1, r0",1
"adcseq r8, sp, r0, asr pc",1
"adcseq lr, sp, r0, lsl 24",1
invalid,1
"ldc p14, c7, [pc], {0xc4}",1
"vqadd.u8 d0, d16, d29",1
"strheq r0, [r0, -sp]",1
"ldcllt p0, c5, [r3, 0]!",1
"cdplt p0, 4, c0, c8, c0, 0",1
"andeq r0, r4, r0",1
svcls 0x7ec491,1
"andeq fp, r0, r8, asr 28",1
"andeq fp, r0, pc, asr 28",1
svcmi 0x500001,1
"strls r0, [r0], -0xbe",1
"streq r0, [r0], -0xbe",1
"cdpvc p1, 0xc, c9, c4, c0, 0",1
"umlalseq sb, lr, pc, r4",1
"adcseq sb, lr, r0, lsl 14",1
"andpl r0, r0, r0, lsl 2",1
"muleq r0, r7, lr",1
"andeq fp, r0, ip, lsr pc",1
"ldrgt r0, [r1], 4",1
svclt 0x3c9f7e,1
svclt 0x470000,1
"andeq r0, r1, r0",1
"adcseq r4, pc, r1, asr r7",1
"sbceq pc, r0, r0, lsl 24",1
invalid,1
"ldc2 p14, c7, [pc], {0xc4}",1
invalid,1
"smlabteq r0, r0, r0, r0",1
"rscsgt r5, pc, r0",1
"tstgt r4, r0",1
"andeq r0, r4, r0",1
svcls 0x7ec491,1
"andeq ip, r0, r4, lsl r1",1
"andeq ip, r0, r7, lsl r1",1
"ldrbne r0, [r0, -r1]",1
invalid,1
"streq r0, [r0], -0xc1",1
"cdpvc p1, 0xc, c9, c4, c0, 0",1
"smulleq r6, r1, pc, r4",1
"sbceq sl, r1, r0, lsl 8",1
invalid,1
"ldrge r7, [pc], 0xec4       ; [0x50098:4]=0x10000c1",1
svcge 0xc1,1
"smlabteq r0, r1, r0, r0",1
invalid,1
"rscgt r0, r4, 0",1
"andeq r0, r4, r0",1
svcls 0x7ec491,1
"andeq r0, r0, r0",1
"andeq r0, r0, r0",1
"andeq fp, r0, r8, lsl 4",1
"andeq fp, r0, r0, asr 4",1
"subsmi r0, r0, r1",1
invalid,1
"movweq r0, 0xc1",1
"ldclvc p1, c9, [r0]",1
"andeq ip, r0, r4, ror 2",1
"andeq ip, r0, r0, ror r1",1
"subsvc r0, r0, r1",1
"str r0, [r0], -0xc1",1
"movweq r0, 0xc2",1
"ldclvc p1, c9, [r0]",1
"andeq r0, r0, r0",1
"andeq r0, r0, r0",1
"ldrdeq fp, ip, [r0], -r0",1
"andeq fp, r0, r8, ror 4",1
"ldrbvs r0, [r5], -1",1
"stmdahi r0, {r0, r6, r7}",1
"smlabteq r0, r1, r0, r0",1
"andeq r5, r0, r0, lsl 10",1
"andeq r0, r0, r0",1
"rsblt r0, r8, 0",1
"rsbslt r0, ip, 0",1
"andeq r0, r5, r0",1
"ldrths r0, [r1], -0x75",1
"umlalseq r7, r2, pc, ip",1
"adcseq r2, r4, r0, lsl 24",1
"strpl r0, [r0, -0x100]",1
"andeq ip, r0, r4, lsl 1",1
"andeq ip, r0, r8, lsr 1",1
"ldmdahi r5, {r0} ^",1
"strls r0, [r0], -0xc1",1
"smlabteq r0, r1, r0, r0",1
"andeq r5, r0, r0, lsl 10",1
"andeq r0, r0, r0",1
"rsblt r0, r8, 0",1
"rscgt r0, r0, r0",1
"andeq r0, r2, r0",1
invalid,1
"rscgt r0, r4, 0",1
"andeq r0, r2, r0",1
"muleq r0, r1, r8",1
"andeq r0, r0, r0",1
"rsblt r0, r8, 0",1
"strtlt r0, [r0], -r0",1
"andeq r0, r4, r0",1
svcls 0x7ec491,1
"andeq fp, r0, r0, lsr 12",1
"andeq fp, r0, fp, lsr 12",1
blhs 0x1450184,1
"strhls r0, [r0], -r6",1
"streq r0, [r0], -0xb6",1
"cdpvc p1, 0xc, c9, c4, c0, 0",1
"umlalseq sb, r6, pc, r0",1
"adcseq sb, r6, r0, lsl 22",1
"andpl r0, r0, r0, lsl 2",1
"muleq r0, fp, r6",1
"andeq fp, r0, r0, lsl 14",1
"ldrgt r0, [r1], 4",1
"smlsdxlt r0, lr, pc, sb",1
"strlt r0, [fp, -r0]",1
"andeq r0, r1, r0",1
"adcseq r0, r7, r0, asr fp",1
"adcseq fp, r7, r0",1
invalid,1
"addslt r7, pc, r4, asr 29",1
bllt 0x504a0,1
"strheq r0, [r0, -r7]",1
"ldrlt r5, [fp, r0]!",1
"strblt r0, [r0, r0]!",1
"andeq r0, r4, r0",1
svcls 0x7ec491,1
"andeq fp, r0, r0, ror 15",1
"andeq fp, r0, r7, ror 15",1
"ldrb r0, [r0, -r1]",1
"strpl r0, [r0], -0xb7",1
"streq r0, [r0], -0xb8",1
"cdpvc p1, 0xc, c9, c4, c0, 0",1
"umlalseq r5, r8, pc, r4",1
"adcseq r5, r8, r0, lsl 30",1
"andpl r0, r0, r0, lsl 2",1
"andeq fp, r0, pc, asr r8",1
"strheq fp, [r0], -r4",1
"ldrgt r0, [r1], 4",1
"ldmlt r4!, {r1, r2, r3, r4, r5, r6, r8, sb, sl, fp, ip, pc}",1
invalid,1
"andeq r0, r1, r0",1
"adcseq fp, r8, r0, asr fp",1
"adcseq r4, sb, r0, lsl 16",1
invalid,1
"ldmmi pc, {r2, r6, r7, sb, sl, fp, ip, sp, lr}",1
"movwpl r0, 0xb9",1
"strheq r0, [r0, -sb]",1
"ldmdblt r3, {ip, lr} ^",1
invalid,1
"andeq r0, r4, r0",1
svcls 0x7ec491,1
"andeq fp, r0, ip, lsr 19",1
"strheq fp, [r0], -r3",1
"cmplt r2, 1",1
"stmdale r0, {r0, r3, r4, r5, r7}",1
"streq r0, [r0], -0xb9",1
"cdpvc p1, 0xc, c9, c4, c0, 0",1
"umlalseq sp, sb, pc, r8",1
"adcseq sp, sb, r0, lsl 30",1
"andpl r0, r0, r0, lsl 2",1
"ldrdeq fp, ip, [r0], -pc",1
"andeq fp, r0, r0, lsr 20",1
"ldrgt r0, [r1], 4",1
blt 0x878068,1
blt 0xb10274,1
"andeq r0, r1, r0",1
"adcseq r2, sl, r0, asr fp",1
"adcseq lr, sl, r0, lsl 24",1
invalid,1
"ldc p14, c7, [pc], {0xc4}",1
blx 0x50576,1
"strheq r0, [r0, -sl]",1
blt 0xfff24294,1
bllt 0x1350298,1
"andeq r0, r4, r0",1
svcls 0x7ec491,1
"andeq fp, r0, ip, asr 22",1
"andeq fp, r0, r3, asr fp",1
"cmppl r1, 1",1
"strhgt r0, [r0], -fp",1
"streq r0, [r0], -0xbb",1
"cdpvc p1, 0xc, c9, c4, c0, 0",1
"umlalseq ip, fp, pc, r0",1
"adcseq ip, fp, r0, lsl 14",1
invalid,1
"andeq fp, r0, r7, asr 23",1
"andeq fp, r0, r8, lsr 24",1
"ldrgt r0, [r1], 4",1
"stclt p15, c9, [r8], -0x1f8",1
"ldclt p0, c0, [r3], -0",1
"andeq r0, r1, r0",1
"adcseq r3, ip, r0, asr r3",1
"adcseq ip, ip, r0, lsl 8",1
invalid,1
"ldrgt r7, [pc], 0xec4       ; [0x502ec:4]=0x10000bc",1
"movwle r0, 0xbc",1
"strheq r0, [r0, -ip]",1
"ldcllt p0, c5, [r3], {0}",1
"stclt p0, c0, [r8]",1
"andeq r0, r4, r0",1
svcls 0x7ec491,1
"andeq fp, r0, r8, lsl 27",1
"andeq fp, r0, pc, lsl 27",1
svchi 0x500001,1
invalid,1
"streq r0, [r0], -0xbd",1
"cdpvc p1, 0xc, c9, c4, c0, 0",1
"umlalseq lr, sp, pc, ip",1
"adcseq pc, sp, r0, lsl 6",1
"andpl r0, r0, r0, lsl 2",1
"strdeq fp, ip, [r0], -r3",1
"andeq fp, r0, r8, asr 28",1
"ldrgt r0, [r1], 4",1
"mcrlt p15, 2, sb, c8, c14, 3",1
"cdplt p0, 4, c0, c15, c0, 0",1
"andeq r0, r1, r0",1
"adcseq r4, lr, r0, asr pc",1
"adcseq sb, lr, r0, lsl 8",1
invalid,1
"ldrls r7, [pc], 0xec4       ; [0x50350:4]=0x10000be",1
invalid,1
"strheq r0, [r0, -lr]",1
"cdplt p0, 9, c5, c7, c0, 0",1
svclt 0x3c0000,1
"andeq r0, r4, r0",1
svcls 0x7ec491,1
"andeq fp, r0, ip, lsr pc",1
"andeq fp, r0, r7, asr 30",1
"ldrbmi r0, [r1, -r1]",1
"strh r0, [r0], -pc",1
"streq r0, [r0], -0xc0",1
"cdpvc p1, 0xc, c9, c4, c0, 0",1
"smulleq r8, r1, pc, r8",1
"sbceq sl, r1, r0, lsl 8",1
invalid,1
"ldrge r7, [pc], 0xec4       ; [0x50390:4]=0x10000c1",1
svcge 0xc1,1
"smlabteq r0, r1, r0, r0",1
invalid,1
"rscgt r0, r4, 0",1
"andeq r0, r4, r0",1
svcls 0x7ec491,1
"andeq r0, r0, r0",1
"andeq r0, r0, r0",1
"andeq fp, r0, r0, lsl 5",1
"andeq fp, r0, r0, asr 5",1
svcls 0x440002,1
"andeq ip, r0, r8, lsl 3",1
"muleq r0, r4, r1",1
svcls 0x440002,1
"andeq r0, r0, r0",1
"andeq r0, r0, r0",1
"ldrdeq fp, ip, [r0], -ip",1
"andeq fp, r0, ip, ror r8",1
"ldrhi r0, [r1], 3",1
"adcseq r4, ip, lr, ror r0",1
"adcseq r5, ip, r0",1
"andlo r0, r0, r0, lsl 4",1
"umlalseq r6, ip, pc, r4",1
"adcseq r8, ip, r0",1
"mrsls r0, lr_irq",1
"andeq r7, r0, r4, asr 27",1
"andeq r0, r0, r0",1
"ldrblt r0, [ip], r0",1
"cdplt p0, 9, c0, c8, c0, 0",1
"andeq r0, r3, r0",1
"ldrbtle r8, [lr], -0x91",1
"strhi r0, [r0], -0xbe",1
"movweq r0, 0xc0",1
"cdpvc p1, 8, c9, c0, c0, 0",1
"andeq ip, r0, ip, asr 1",1
"ldrdeq ip, sp, [r0], -r8",1
"addshi r0, r1, r3",1
"sbceq sl, r1, lr, ror r0",1
"sbceq lr, r2, r0, lsl 8",1
"mrsls r0, lr_irq",1
"andeq r7, r0, r0, lsl 29",1
"andeq r0, r0, r0",1
"ldrblt r0, [ip], r0",1
"strlt r0, [r0, -r0]",1
"andeq r0, r4, r0",1
svcls 0x7ec491,1
"andeq fp, r0, r0, lsl 14",1
"andeq fp, r0, fp, lsl 14",1
bleq 0x1450458,1
"strhlt r0, [r0], -r7",1
"streq r0, [r0], -0xb7",1
"cdpvc p1, 0xc, c9, c4, c0, 0",1
"umlalseq fp, r7, pc, r0",1
"adcseq fp, r7, r0, lsl 22",1
"andpl r0, r0, r0, lsl 2",1
"strheq fp, [r0], -fp",1
"andeq fp, r0, r0, ror 15",1
"ldrgt r0, [r1], 4",1
invalid,1
"strblt r0, [r7, r0]!",1
"andeq r0, r1, r0",1
"adcseq lr, r7, r0, asr r7",1
"adcseq r5, r8, r0, lsl 8",1
invalid,1
"ldrpl r7, [pc], 0xec4       ; [0x50494:4]=0x10000b8",1
svcpl 0xb8,1
"strheq r0, [r0, -r8]",1
"ldmdalt pc, {ip, lr} ^",1
invalid,1
"andeq r0, r4, r0",1
svcls 0x7ec491,1
"strheq fp, [r0], -r4",1
"strheq fp, [r0], -fp",1
bllt 0x14504bc,1
"stmdami r0, {r3, r4, r5, r7}",1
"streq r0, [r0], -0xb9",1
"cdpvc p1, 0xc, c9, c4, c0, 0",1
"umlalseq r4, sb, pc, r8",1
"adcseq r5, sb, r0, lsl 6",1
"andpl r0, r0, r0, lsl 2",1
"andeq fp, r0, r3, asr sb",1
"andeq fp, r0, ip, lsr 19",1
"ldrgt r0, [r1], 4",1
"stmiblt ip!, {r1, r2, r3, r4, r5, r6, r8, sb, sl, fp, ip, pc}",1
invalid,1
"andeq r0, r1, r0",1
"adcseq fp, sb, r2, asr r3",1
"adcseq sp, sb, r0, lsl 16",1
invalid,1
"ldmle pc, {r2, r6, r7, sb, sl, fp, ip, sp, lr}",1
svcle 0xb9,1
"strheq r0, [r0, -sb]",1
"ldmiblt pc, {ip, lr} ^",1
blt 0x850508,1
"andeq r0, r4, r0",1
svcls 0x7ec491,1
"andeq fp, r0, r0, lsr 20",1
"andeq fp, r0, fp, lsr 20",1
blhs 0x1450520,1
invalid,1
"streq r0, [r0], -0xba",1
"cdpvc p1, 0xc, c9, c4, c0, 0",1
"umlalseq lr, sl, pc, ip",1
"adcseq pc, sl, r0, lsl 22",1
"andpl r0, r0, r0, lsl 2",1
"strdeq fp, ip, [r0], -fp",1
"andeq fp, r0, ip, asr 22",1
"ldrgt r0, [r1], 4",1
bllt 0x137833c,1
bllt 0x1510548,1
"andeq r0, r1, r0",1
"adcseq r5, fp, r1, asr r3",1
"adcseq ip, fp, r0",1
invalid,1
"addsgt r7, pc, r4, asr 29",1
invalid,1
"strheq r0, [r0, -fp]",1
bllt 0xff224968,1
"stclt p0, c0, [r8], -0",1
"andeq r0, r4, r0",1
svcls 0x7ec491,1
"andeq fp, r0, r8, lsr 24",1
"andeq fp, r0, r3, lsr ip",1
"cmplo r0, 1",1
"strgt r0, [r0], -0xbc",1
"streq r0, [r0], -0xbc",1
"cdpvc p1, 0xc, c9, c4, c0, 0",1
"umlalseq ip, ip, pc, r4",1
"adcseq sp, ip, r0, lsl 6",1
"andpl r0, r0, r0, lsl 2",1
"ldrdeq fp, ip, [r0], -r3",1
"andeq fp, r0, r8, lsl 27",1
"ldrgt r0, [r1], 4",1
"stclt p15, c9, [r8, 0x1f8]",1
"stclt p0, c0, [pc]",1
"andeq r0, r1, r0",1
"adcseq r8, sp, r0, asr pc",1
"adcseq lr, sp, r0, lsl 24",1
invalid,1
"ldc p14, c7, [pc], {0xc4}",1
"vqadd.u8 d0, d16, d29",1
"strheq r0, [r0, -sp]",1
"ldcllt p0, c5, [r3, 0]!",1
"cdplt p0, 4, c0, c8, c0, 0",1
"andeq r0, r4, r0",1
svcls 0x7ec491,1
"andeq fp, r0, r8, asr 28",1
"andeq fp, r0, pc, asr 28",1
svcmi 0x500001,1
"strls r0, [r0], -0xbe",1
"streq r0, [r0], -0xbe",1
"cdpvc p1, 0xc, c9, c4, c0, 0",1
"umlalseq sb, lr, pc, r4",1
"adcseq sb, lr, r0, lsl 14",1
"andpl r0, r0, r0, lsl 2",1
"muleq r0, r7, lr",1
"muleq r0, r8, lr",1
"ldrgt r0, [r1], 4",1
"mrclt p15, 6, sb, c4, c14, 3",1
svclt 0x3c0000,1
"andeq r0, r4, r0",1
svcls 0x7ec491,1
"andeq fp, r0, ip, lsr pc",1
"andeq fp, r0, r7, asr 30",1
"ldrbmi r0, [r1, -r1]",1
"strhi r0, [r0], -0xbf",1
"streq r0, [r0], -0xc0",1
"cdpvc p1, 0xc, c9, c4, c0, 0",1
"smulleq ip, r0, pc, ip",1
"sbceq sp, r0, r0, lsl 16",1
invalid,1
"addsge r7, pc, r4, asr 29",1
"strge r0, [r0], -0xc1",1
"streq r0, [r0], -0xc1",1
"cdpvc p1, 0xc, c9, c4, c0, 0",1
"smulleq sl, r1, pc, r4",1
"sbceq sl, r1, r0, lsl 30",1
"andpl r0, r0, r0, lsl 2",1
"andeq ip, r0, pc, lsr 3",1
"andeq ip, r0, r4, ror 5",1
"ldrgt r0, [r1], 4",1
"andeq sb, r0, lr, ror pc",1
"andeq r0, r0, r0",1
"strbtlt r0, [r0], r0",1
"strlt r0, [ip, r0]!",1
"andeq r0, r1, r0",1
"adcseq pc, r7, r5, asr ip",1
"adcseq r0, r8, r0, lsl 8",1
"strpl r0, [r0, -0x100]",1
"andeq r0, r0, r0",1
"andeq r0, r0, r0",1
"andeq fp, r0, ip, lsr 8",1
"strheq fp, [r0], -ip",1
"addsge r0, r1, r3",1
"adcseq fp, r7, lr, ror ip",1
"adcseq pc, r7, r0, lsl 24",1
"andpl r0, r0, r0, lsl 2",1
"strdeq fp, ip, [r0], -ip",1
"andeq fp, r0, r4, lsl 16",1
"addsge r0, r1, r3",1
"adcseq r0, r8, lr, ror r4",1
"adcseq r2, r8, r0",1
"andpl r0, r0, r0, lsl 2",1
"andeq fp, r0, r0, lsr 16",1
"andeq fp, r0, r4, asr 16",1
"addsge r0, r1, r3",1
"adcseq r4, r8, lr, ror r4",1
"adcseq r5, r8, r0, lsl 8",1
"andpl r0, r0, r0, lsl 2",1
"andeq fp, r0, r4, asr r8",1
"strheq fp, [r0], -ip",1
"addsge r0, r1, r3",1
"adcseq fp, r8, lr, ror ip",1
"adcseq sl, sb, r0",1
"andpl r0, r0, r0, lsl 2",1
"andeq fp, r0, r0, lsr 19",1
"strdeq fp, ip, [r0], -r0",1
"addsge r0, r1, r3",1
"adcseq pc, fp, lr, ror r0",1
"adcseq r1, ip, r0, lsl 8",1
"movwpl r0, 0x100",1
"andeq fp, r0, r4, lsl ip",1
"andeq ip, r0, r4, lsl 1",1
"addsge r0, r1, r3",1
"sbceq sl, r0, lr, ror r8",1
"sbceq r1, r1, r0, lsl 24",1
"mrsls r0, lr_irq",1
"orrsgt r7, r4, r0, lsr 29",1
"mvngt r0, r0",1
"andeq r0, r3, r0",1
invalid,1
invalid,1
"smlabteq r0, r1, r0, r0",1
invalid,1
"rscsgt r0, r0, 0",1
"andeq r0, r3, r0",1
invalid,1
"andeq r0, r0, r0",1
"and r0, r0, r0",1
invalid,1
"andeq r0, r0, 0xb8",1
"ldcvc p0, c3, [pc], {0}",1
"stmdane r0, {r3, r4, r5, r7}",1
"strheq r0, [r0, -sb]",1
"ldmdblt r8, {fp, ip, lr}",1
blt 0xfed50768,1
"andeq r0, r3, r0",1
invalid,1
"strhpl r0, [r0], -ip",1
"andeq r0, r0, 0xbc",1
"ldrpl r3, [pc], 0x100       ; [0x5077c:4]=0x10000bc",1
"strvs r0, [r0], -0xbc",1
"strheq r0, [r0, -ip]",1
"lslgt r5, r0, 0x10",1
"bicsgt r0, r8, r0",1
"andeq r0, r3, r0",1
"ldmdalo lr!, {r0, r4, r7, sl, ip, pc} ^",1
"andhi r0, r0, r2, asr 1",1
"movweq r0, 0xc2",1
"cdpvc p1, 9, c9, c4, c0, 0",1
"andeq r0, r0, r0",1
"andeq r0, r0, r0",1
"andeq fp, r0, r0, ror 13",1
"andeq fp, r0, ip, ror r8",1
invalid,1
"umlalseq r6, ip, pc, r4",1
"adcseq r8, ip, r0",1
blpl 0x50bc0,1
"andeq r0, r0, r0",1
"andeq r0, r0, r0",1
"andeq fp, r0, r8, ror 13",1
"andeq fp, r0, r4, lsl 14",1
"ldrbeq r0, [r1], -1",1
bleq 0x50ab4,1
"movweq r0, 0xb7",1
"cdpvc p1, 0xe, c9, c12, c0, 0",1
"andeq fp, r0, fp, lsl 14",1
"muleq r0, r8, lr",1
"ldmle r1, {r0, r1}",1
"adcseq sp, lr, sp, ror r4",1
"sbceq r8, r0, r0, lsl 8",1
"mrsls r0, lr_irq",1
"ldrdgt r7, r8, [ip], 0xd8",1
"sbcsgt r0, r8, r0",1
"andeq r0, r3, r0",1
invalid,1
"str r0, [r0], -0xc1",1
"movweq r0, 0xc2",1
"ldclvc p1, c9, [r8]",1
"andeq r0, r0, r0",1
"andeq r0, r0, r0",1
"andeq fp, r0, ip, ror r8",1
"andeq fp, r0, r8, lsr fp",1
"ldmdapl r4, {r0} ^",1
"strh r0, [r0], -fp",1
"strheq r0, [r0, -fp]",1
bllt 0xff966034,1
bllt 0xffa50838,1
"andeq r0, r1, r0",1
"adcseq pc, fp, r6, asr r0",1
"adcseq r5, ip, r0, lsl 8",1
"strpl r0, [r0], -r0, lsl 2",1
"andeq fp, r0, r4, asr ip",1
"andeq fp, r0, r4, ror 24",1
"subsge r0, r4, r1",1
"and r0, r0, r1, asr 1",1
"smlabteq r0, r1, r0, r0",1
"eorsgt r5, r8, 0, 8",1
"addgt r0, r0, 0",1
"andeq r0, r1, r0",1
"andeq r0, r0, r4, asr r0",1
"andeq r0, r0, r0",1
"adcseq lr, r6, r0, lsl 16",1
"adcseq sl, r7, r0, lsl 16",1
invalid,1
"andlo r7, r6, r4, lsl 29",1
"strlt sb, [r8, lr, lsr 30]!",1
"ldrblt r0, [ip, r0]!",1
"andeq r0, r2, r0",1
invalid,1
invalid,1
"andeq r0, r7, r0",1
"uhadd8eq r8, lr, r1",1
"ldreq r2, [pc], 0xe30       ; [0x508a0:4]=0x20000b8",1
"stmdaeq r0, {r3, r4, r5, r7}",1
"andeq r0, r0, 0xb8",1
"ldmeq pc, {ip, sp}",1
"strheq r0, [r0], -r8",1
"strheq r0, [r0, -ip]",1
invalid,1
"stclt p0, c0, [r0], {0}",1
"andeq r0, r1, r0",1
"sbceq sl, r1, r7, asr r0",1
"sbceq lr, r1, r0",1
"strpl r0, [r0, -r0, lsl 2]",1
"andeq ip, r0, r8, lsr r2",1
"andeq ip, r0, r0, lsl 5",1
"subseq r0, r7, r1",1
"andeq r0, r0, r0",1
invalid,1
"strheq r0, [r0], -r6",1
"streq r0, [r0], -0xb7",1
"cdpvc p1, 0xc, c9, c4, c0, 0",1
"umlalseq r0, r7, pc, r0",1
"adcseq r0, r7, r0, lsl 22",1
"andpl r0, r0, r0, lsl 2",1
"andeq fp, r0, fp, lsl 14",1
"strheq fp, [r0], -r0",1
"ldrgt r0, [r1], 4",1
invalid,1
"ldrlt r0, [fp, r0]!",1
"andeq r0, r1, r0",1
"adcseq fp, r7, r0, asr fp",1
"adcseq lr, r7, r0",1
invalid,1
"adds r7, pc, r4, asr 29",1
invalid,1
"strheq r0, [r0, -r7]",1
"strblt r5, [r7, r0]!",1
invalid,1
"andeq r0, r4, r0",1
svcls 0x7ec491,1
"andeq fp, r0, r4, asr r8",1
"andeq fp, r0, pc, asr r8",1
svcpl 0x500001,1
"strlt r0, [r0], -0xb8",1
"streq r0, [r0], -0xb8",1
"cdpvc p1, 0xc, c9, c4, c0, 0",1
"umlalseq fp, r8, pc, r4",1
"adcseq fp, r8, r0, lsl 22",1
"andpl r0, r0, r0, lsl 2",1
"strheq fp, [r0], -fp",1
"andeq fp, r0, r8, asr 18",1
"ldrgt r0, [r1], 4",1
"stmdblt r8, {r1, r2, r3, r4, r5, r6, r8, sb, sl, fp, ip, pc} ^",1
invalid,1
"andeq r0, r1, r0",1
"adcseq r5, sb, r0, asr r3",1
"adcseq sl, sb, r0, lsl 24",1
invalid,1
"ldcge p14, c7, [pc], {0xc4}",1
"movwlt r0, 0xb9",1
"strheq r0, [r0, -sb]",1
"ldmiblt r3!, {sb, ip, lr}",1
invalid,1
"andeq r0, r4, r0",1
svcls 0x7ec491,1
"ldrdeq fp, ip, [r0], -r8",1
"ldrdeq fp, ip, [r0], -pc",1
svcle 0x500001,1
"strhhs r0, [r0], -sb",1
"streq r0, [r0], -0xba",1
"cdpvc p1, 0xc, c9, c4, c0, 0",1
"umlalseq r2, sl, pc, r0",1
"adcseq r2, sl, r0, lsl 22",1
"andpl r0, r0, r0, lsl 2",1
"andeq fp, r0, fp, lsr 20",1
"andeq fp, r0, ip, ror 21",1
"ldrgt r0, [r1], 4",1
blt 0xffb787c8,1
blt 0xfff109d4,1
"andeq r0, r1, r0",1
"adcseq pc, sl, r0, asr fp",1
"adcseq r4, fp, r0, lsl 24",1
invalid,1
"ldcmi p14, c7, [pc], {0xc4}",1
"movwpl r0, 0xbb",1
"strheq r0, [r0, -fp]",1
bllt 0x1524df4,1
bllt 0xff0509f8,1
"andeq r0, r4, r0",1
svcls 0x7ec491,1
"andeq fp, r0, r0, asr 23",1
"andeq fp, r0, r7, asr 23",1
"ldrbgt r0, [r1, -r1]",1
"stmdahs r0, {r0, r1, r3, r4, r5, r7}",1
"streq r0, [r0], -0xbc",1
"cdpvc p1, 0xc, c9, c4, c0, 0",1
"umlalseq r2, ip, pc, r8",1
"adcseq r3, ip, r0, lsl 6",1
"andpl r0, r0, r0, lsl 2",1
"andeq fp, r0, r3, lsr ip",1
"andeq fp, r0, r4, asr 25",1
"ldrgt r0, [r1], 4",1
"stcllt p15, c9, [r4], {0x7e}",1
"ldcllt p0, c0, [r3], {0}",1
"andeq r0, r1, r0",1
"adcseq sp, ip, r0, asr r3",1
"adcseq r8, sp, r0, lsl 16",1
invalid,1
"ldmhi pc, {r2, r6, r7, sb, sl, fp, ip, sp, lr}",1
svchi 0xbd,1
"strheq r0, [r0, -sp]",1
"stclt p0, c5, [pc]",1
"stcllt p0, c0, [ip, 0]!",1
"andeq r0, r4, r0",1
svcls 0x7ec491,1
"andeq fp, r0, ip, ror 27",1
"strdeq fp, ip, [r0], -r3",1
"vhadd.u16 d16, d0, d1",1
"stmdami r0, {r0, r2, r3, r4, r5, r7}",1
"streq r0, [r0], -0xbe",1
"cdpvc p1, 0xc, c9, c4, c0, 0",1
"umlalseq r4, lr, pc, r8",1
"adcseq r4, lr, r0, lsl 30",1
"andpl r0, r0, r0, lsl 2",1
"andeq fp, r0, pc, asr 28",1
"muleq r0, r4, lr",1
"ldrgt r0, [r1], 4",1
"mrclt p15, 4, sb, c4, c14, 3",1
"cdplt p0, 9, c0, c7, c0, 0",1
"andeq r0, r1, r0",1
"adcseq sb, lr, r0, asr r7",1
"adcseq sb, lr, r0, lsl 16",1
invalid,1
"ldrle r7, [pc], 0xec4       ; [0x50ab0:4]=0x40000bf",1
invalid,1
"streq r0, [r0], -0xbf",1
"cdpvc p1, 0xc, c9, c4, c0, 0",1
"umlalseq r3, pc, pc, ip",1
"adcseq r4, pc, r0, lsl 14",1
invalid,1
"andeq fp, r0, r7, asr 30",1
"andeq ip, r0, r4, lsl 1",1
"ldrgt r0, [r1], 4",1
"sbcgt sb, ip, lr, ror pc",1
"sbcsgt r0, r8, r0",1
"andeq r0, r4, r0",1
svcls 0x7ec491,1
"andeq ip, r0, r0, lsr 3",1
"andeq ip, r0, r4, lsr 3",1
"ldrgt r0, [r1], 4",1
invalid,1
"movgt r0, r0",1
"andeq r0, r1, r0",1
"sbceq sl, r1, r0, asr pc",1
"sbceq lr, r2, r0, lsl 8",1
invalid,1
"addseq r7, pc, r4, asr 29",1
"andeq r0, r0, r0",1
invalid,1
invalid,1
"streq r0, [r0], -0xb7",1
"cdpvc p1, 0xa, c9, c0, c0, 0",1
"umlalseq r4, r7, pc, ip",1
"adcseq r5, r7, r0, lsl 14",1
"andpl r0, r0, r0, lsl 2",1
"andeq fp, r0, r7, asr r7",1
"andeq fp, r0, r8, asr 22",1
"addsge r0, r1, r4",1
bllt 0x1278934,1
bllt 0x1510b40,1
"andeq r0, r1, r0",1
"adcseq r5, fp, r0, asr r3",1
"adcseq fp, fp, r0, lsl 24",1
invalid,1
"ldclt p14, c7, [pc], {0xa0}",1
invalid,1
"strheq r0, [r0, -fp]",1
bllt 0xff224b60,1
"cdplt p0, 9, c0, c8, c0, 0",1
"andeq r0, r4, r0",1
svcls 0x7ea091,1
"ldrdeq fp, ip, [r0], -r4",1
"andeq ip, r0, r4, lsl 1",1
"addsge r0, r1, r4",1
"sbcgt sb, ip, lr, ror pc",1
"sbcsgt r0, r8, r0",1
"andeq r0, r4, r0",1
svcls 0x7ea091,1
"andeq ip, r0, r0, lsr 3",1
"andeq ip, r0, r4, ror 5",1
"addsge r0, r1, r4",1
"andeq sb, r0, lr, ror pc",1
"andeq r0, r0, r0",1
"strbtlt r0, [ip], r0",1
"strlt r0, [r4, -r0]",1
"andeq r0, r1, r0",1
"adcseq r0, r7, r1, asr r4",1
"adcseq r0, r7, r0, lsl 22",1
"mrsls r0, lr_irq",1
"strlt r7, [fp, -ip, ror 29]",1
"cdplt p0, 9, c0, c8, c0, 0",1
"andeq r0, r3, r0",1
"ldrbtle sp, [sp], -0x891",1
"strhi r0, [r0], -0xbe",1
"movweq r0, 0xc0",1
"ldclvc p1, c9, [r8]",1
"andeq ip, r0, ip, asr 1",1
"ldrdeq ip, sp, [r0], -r8",1
"ldmle r1, {r0, r1}",1
"sbceq sl, r1, sp, ror r0",1
"sbceq lr, r2, r0, lsl 8",1
"mrsls r0, lr_irq",1
"ldrdeq r7, r8, [r0], -r8",1
"andeq r0, r0, r0",1
"strbtlt r0, [ip], r0",1
"strlt r0, [ip, r0]!",1
"andeq r0, r1, r0",1
"adcseq pc, r7, r5, asr ip",1
"adcseq r0, r8, r0, lsl 8",1
"strpl r0, [r0, -0x100]",1
"andeq r0, r0, r0",1
"andeq r0, r0, r0",1
"andeq fp, r0, r0, lsl r7",1
"andeq fp, r0, ip, asr 14",1
"mrrcmi p0, 0, r0, r0, c1",1
invalid,1
"strheq r0, [r0, -r7]",1
"andeq r5, r0, r0, lsl 6",1
"andeq r0, r0, r0",1
invalid,1
"mrrclt p0, 0, r0, r4, c0",1
"andeq r0, r1, r0",1
"sbceq sl, r1, r5, asr r0",1
"sbceq lr, r1, r0",1
"strpl r0, [r0, -0x100]",1
"andeq ip, r0, r8, lsr r2",1
"andeq ip, r0, r0, lsl 5",1
"subseq r0, r5, r1",1
"andeq r0, r0, r0",1
invalid,1
"strpl r0, [r0], -0xb8",1
"strheq r0, [r0, -ip]",1
"lslgt r5, r0, 8",1
"mvngt r0, r0",1
"andeq r0, r1, r0",1
"sbceq r3, r2, r4, asr r8",1
"sbceq r8, r2, r0",1
"strpl r0, [r0], -0x100",1
"andeq r0, r0, r0",1
"andeq r0, r0, r0",1
"andeq fp, r0, r4, ror 17",1
"andeq fp, r0, r4, asr ip",1
"subsge r0, r4, r1",1
"and r0, r0, r1, asr 1",1
"smlabteq r0, r1, r0, r0",1
"eorsgt r5, r8, 0, 8",1
"addgt r0, r0, 0",1
"andeq r0, r1, r0",1
"andeq r0, r0, r4, asr r0",1
"andeq r0, r0, r0",1
"adcseq lr, r8, r0, lsl 8",1
"adcseq r4, sb, r0, lsl 16",1
invalid,1
"ldmmi pc, {r2, r6, r7, sb, sl, fp, ip, sp, lr}",1
"movwpl r0, 0xb9",1
"strheq r0, [r0, -sb]",1
"ldmdblt r3, {ip, lr} ^",1
invalid,1
"andeq r0, r4, r0",1
svcls 0x7ec491,1
"andeq fp, r0, ip, lsr 19",1
"strheq fp, [r0], -r3",1
"cmplt r2, 1",1
"stmdale r0, {r0, r3, r4, r5, r7}",1
"streq r0, [r0], -0xb9",1
"cdpvc p1, 0xc, c9, c4, c0, 0",1
"umlalseq sp, sb, pc, r8",1
"adcseq sp, sb, r0, lsl 30",1
"andpl r0, r0, r0, lsl 2",1
"ldrdeq fp, ip, [r0], -pc",1
"andeq fp, r0, r0, lsr 20",1
"ldrgt r0, [r1], 4",1
blt 0x878afc,1
blt 0xb10d08,1
"andeq r0, r1, r0",1
"adcseq r2, sl, r0, asr fp",1
"adcseq lr, sl, r0, lsl 24",1
invalid,1
"ldc p14, c7, [pc], {0xc4}",1
blx 0x5100a,1
"strheq r0, [r0, -sl]",1
blt 0xfff24d28,1
bllt 0x1350d2c,1
"andeq r0, r4, r0",1
svcls 0x7ec491,1
"andeq fp, r0, ip, asr 22",1
"andeq fp, r0, r3, asr fp",1
"cmppl r1, 1",1
"strhgt r0, [r0], -fp",1
"streq r0, [r0], -0xbb",1
"cdpvc p1, 0xc, c9, c4, c0, 0",1
"umlalseq ip, fp, pc, r0",1
"adcseq ip, fp, r0, lsl 14",1
invalid,1
"andeq fp, r0, r7, asr 23",1
"andeq fp, r0, r8, lsr 24",1
"ldrgt r0, [r1], 4",1
"stclt p15, c9, [r8], -0x1f8",1
"ldclt p0, c0, [r3], -0",1
"andeq r0, r1, r0",1
"adcseq r3, ip, r0, asr r3",1
"adcseq r5, ip, r0, lsl 8",1
invalid,1
"addsge r7, pc, r4, asr 29",1
"strge r0, [r0], -0xc1",1
"streq r0, [r0], -0xc1",1
"cdpvc p1, 0xc, c9, c4, c0, 0",1
"smulleq sl, r1, pc, r4",1
"sbceq sl, r1, r0, lsl 30",1
"andpl r0, r0, r0, lsl 2",1
"andeq ip, r0, pc, lsr 3",1
"andeq ip, r0, r0, ror 3",1
"ldrgt r0, [r1], 4",1
"eorsgt sb, r8, 0x1f8",1
"addgt r0, r0, 0",1
"andeq r0, r4, r0",1
svcls 0x7ec491,1
"andeq r0, r0, r0",1
"andeq r0, r0, r0",1
"andeq fp, r0, r4, ror 17",1
"andeq fp, r0, r8, asr 22",1
"addsge r0, r1, r4",1
bllt 0x1278bc4,1
bllt 0x1510dd0,1
"andeq r0, r1, r0",1
"adcseq r5, fp, r0, asr r3",1
"adcseq fp, fp, r0, lsl 24",1
invalid,1
"ldclt p14, c7, [pc], {0xa0}",1
invalid,1
"strheq r0, [r0, -fp]",1
bllt 0xff224df0,1
"mrrclt p0, 0, r0, r4, c0",1
"andeq r0, r4, r0",1
svcls 0x7ea091,1
"andeq ip, r0, r0, lsr 3",1
"andeq ip, r0, r0, ror 3",1
"addsge r0, r1, r4",1
"eorsgt sb, r8, 0x1f8",1
"addgt r0, r0, 0",1
"andeq r0, r4, r0",1
svcls 0x7ea091,1
"andeq r0, r0, r0",1
"andeq r0, r0, r0",1
"andeq fp, r0, ip, asr 21",1
"strdeq fp, ip, [r0], -fp",1
blx 0x1510e32,1
"stmdane r0, {r1, r3, r4, r5, r7}",1
"movweq r0, 0xbb",1
"cdpvc p1, 9, c9, c0, c0, 0",1
"andeq fp, r0, r8, lsl fp",1
"andeq fp, r0, r3, lsr 22",1
"subseq r0, r3, r1",1
"andeq r0, r0, r0",1
"andgt r0, r0, r0",1
"strgt r0, [r0], -0xba",1
"streq r0, [r0, -0xba]",1
"movwvc r7, 0x200",1
blt 0xff15965c,1
blt 0xff250e60,1
"andeq r0, r7, r0",1
"ldc p0, c0, [r1], {0x72}",1
"stmdagt r2!, {r1, r2, r3, r4, r5, r6, sb, sl}",1
"strle r0, [r0], -0xba",1
"strheq r0, [r0, -sl]",1
blt 0xff666678,1
bllt 0x150e7c,1
"andeq r0, r1, r0",1
"adcseq r1, fp, r6, asr r8",1
"adcseq r3, fp, r0, lsl 16",1
"strpl r0, [r0], -r0, lsl 2",1
"andeq r0, r0, r0",1
"andeq r0, r0, r0",1
"strdeq fp, ip, [r0], -r0",1
"strheq fp, [r0], -r4",1
"subsge r0, r4, r1",1
"and r0, r0, r1, asr 1",1
"smlabteq r0, r1, r0, r0",1
"eorsgt r5, r8, 0, 8",1
"addgt r0, r0, 0",1
"andeq r0, r1, r0",1
"andeq r0, r0, r4, asr r0",1
"andeq r0, r0, r0",1
"adcseq pc, r8, r0",1
"adcseq r4, sb, r0, lsl 16",1
invalid,1
"ldmmi pc, {r2, r6, r7, sb, sl, fp, ip, sp, lr}",1
"movwpl r0, 0xb9",1
"strheq r0, [r0, -sb]",1
"ldmdblt r3, {ip, lr} ^",1
invalid,1
"andeq r0, r4, r0",1
svcls 0x7ec491,1
"andeq fp, r0, ip, lsr 19",1
"strheq fp, [r0], -r3",1
"cmplt r2, 1",1
"stmdale r0, {r0, r3, r4, r5, r7}",1
"streq r0, [r0], -0xb9",1
"cdpvc p1, 0xc, c9, c4, c0, 0",1
"umlalseq sp, sb, pc, r8",1
"adcseq sp, sb, r0, lsl 30",1
"andpl r0, r0, r0, lsl 2",1
"ldrdeq fp, ip, [r0], -pc",1
"andeq fp, r0, r0, lsr 20",1
"ldrgt r0, [r1], 4",1
blt 0x878d10,1
blt 0xb10f1c,1
"andeq r0, r1, r0",1
"adcseq r2, sl, r0, asr fp",1
"adcseq fp, sl, r0, lsl 8",1
invalid,1
"addsge r7, pc, r4, asr 29",1
"strge r0, [r0], -0xc1",1
"streq r0, [r0], -0xc1",1
"cdpvc p1, 0xc, c9, c4, c0, 0",1
"smulleq sl, r1, pc, r4",1
"sbceq sl, r1, r0, lsl 30",1
"andpl r0, r0, r0, lsl 2",1
"andeq ip, r0, pc, lsr 3",1
"andeq ip, r0, r0, ror 3",1
"ldrgt r0, [r1], 4",1
"eorsgt sb, r8, 0x1f8",1
"addgt r0, r0, 0",1
"andeq r0, r4, r0",1
svcls 0x7ec491,1
"andeq r0, r0, r0",1
"andeq r0, r0, r0",1
"strdeq fp, ip, [r0], -r8",1
"andeq fp, r0, r8, lsl sb",1
"ldmdane r2, {r0} ^",1
"strhvc r0, [r0], -sb",1
"strheq r0, [r0, -sl]",1
blt 0x1c67b84,1
blt 0x1e50f88,1
"andeq r0, r3, r0",1
"ldmdavc lr!, {r0, r4, r7, sl, fp, ip, pc} ^",1
"strhlt r0, [r0], -sl",1
"strheq r0, [r0, -sl]",1
blt 0xfec67b9c,1
blt 0xfed50fa0,1
"andeq r0, r3, r0",1
invalid,1
"stmdale r0, {r0, r6, r7}",1
"smlabteq r0, r1, r0, r0",1
"bicsgt r5, r8, r0, lsl 22",1
"mvngt r0, r0",1
"andeq r0, r3, r0",1
"ldmdalo lr!, {r0, r4, r7, sl, fp, ip, pc} ^",1
"strmi r0, [r0], -0xc2",1
"smlabteq r0, r2, r0, r0",1
"subgt r5, r4, 0, 22",1
"subgt r0, ip, 0",1
"andeq r0, r3, r0",1
"ldclmi p12, c9, [lr], -0x244",1
"stmdapl r0, {r1, r6, r7}",1
"smlabteq r0, r2, r0, r0",1
"subsgt r5, r8, 0, 22",1
"addgt r0, r0, 0",1
"andeq r0, r3, r0",1
invalid,1
"andeq r0, r0, r0",1
invalid,1
"strh r0, [r0], -r4",1
"movweq r0, 0xb9",1
"cdpvc p1, 0xa, c9, c4, c0, 0",1
"andeq fp, r0, r0, ror 19",1
"andeq fp, r0, r0, asr sl",1
"subspl r0, r0, r1",1
"stmdalo r0, {r1, r3, r4, r5, r7}",1
"movweq r0, 0xbb",1
"cdpvc p1, 0xa, c9, c4, c0, 0",1
"andeq fp, r0, r8, lsr fp",1
"andeq fp, r0, r8, asr 22",1
"ldmdami r0, {r0} ^",1
"strhi r0, [r0], -0xbb",1
"movweq r0, 0xc0",1
"cdpvc p1, 0xa, c9, c4, c0, 0",1
"andeq ip, r0, r8, lsr 1",1
"andeq ip, r0, ip, lsl r1",1
"ldrge r0, [r1], 3",1
"sbceq sb, r1, lr, ror r4",1
"sbceq sl, r1, r0",1
"mrsls r0, lr_irq",1
"lsrgt r7, r4, 0x1d",1
"movgt r0, r0",1
"andeq r0, r1, r0",1
"sbceq sl, r1, r0, asr r4",1
"sbceq r5, r2, r0, lsl 16",1
"mrsls r0, lr_irq",1
"subsgt r7, r8, 164, 28",1
"addgt r0, r0, 0",1
"andeq r0, r1, r0",1
"sbceq r8, r2, r0, asr r0",1
"sbceq pc, r2, r0",1
"mrsls r0, lr_irq",1
"andeq r7, r0, r4, lsr 29",1
"andeq r0, r0, r0",1
invalid,1
invalid,1
"andeq r0, r2, r0",1
blt 0xfe678d54,1
blt 0xfed51098,1
"andeq r0, r1, r0",1
"andeq r0, r0, r6, asr r0",1
"andeq r0, r0, r0",1
"adcseq r0, sl, r0",1
"adcseq r1, sl, r0, lsl 8",1
"andpl r0, r0, 0, 2",1
"andeq fp, r0, r4, lsl sl",1
"andeq fp, r0, fp, lsr 20",1
"rsbseq r0, sb, ip, lsl r0",1
"ldcleq p4, c2, [fp], -0xc8",1
invalid,1
"andlo r7, r0, 36, 18",1
"streq r7, [ip], -r4, lsr 22",1
"eorlo r0, r2, 0x2200000",1
"ldreq r7, [r8], -r4, lsr 22",1
blt 0x1378d60,1
blt 0x16110dc,1
"andeq r0, r1, r0",1
"andeq r0, r0, r2, asr r0",1
"andeq r0, r0, r0",1
"adcseq r2, sb, r0",1
"adcseq r3, sl, r0, lsl 8",1
"stmdbpl r0, {r8}",1
"andeq fp, r0, ip, asr 20",1
"andeq fp, r0, r8, ror 20",1
"subsge r0, sb, r1",1
"stmdalt r0, {r0, r6, r7}",1
"smlabteq r0, r1, r0, r0",1
"eorsgt r5, r8, 0, 18",1
"eorsgt r0, ip, 0",1
"andeq r0, r1, r0",1
"andeq r0, r0, sb, asr r0",1
"andeq r0, r0, r0",1
"adcseq fp, sb, r0, lsl 8",1
"adcseq sp, sb, r0, lsl 16",1
"andpl r0, r0, r0, lsl 2",1
"andeq r0, r0, r0",1
"andeq r0, r0, r0",1
"andeq fp, r0, r4, asr 19",1
"andeq fp, r0, ip, ror 20",1
"ldmdavc r8, {r0} ^",1
"strls r0, [r0], -0xba",1
"strheq r0, [r0, -sl]",1
"lslgt r5, r0, 0x10",1
"bicsgt r0, r8, r0",1
"andeq r0, r1, r0",1
"sbceq r3, r2, r8, asr r8",1
"sbceq r4, r2, r0",1
"stmdapl r0, {r8}",1
"andeq ip, r0, ip, asr 4",1
"andeq ip, r0, r4, asr r2",1
"subseq r0, r8, r1",1
"andeq r0, r0, r0",1
"strpl r0, [r0], -0",1
"strhge r0, [r0], -sb",1
"strheq r0, [r0, -sb]",1
blt 0xc6517c,1
blt 0xe51180,1
"andeq r0, r1, r0",1
"adcseq r3, sl, r0, asr r8",1
"adcseq r4, sl, r0, lsl 6",1
"movwpl r0, 0x100",1
"strheq ip, [r0], -r4",1
"strheq ip, [r0], -ip",1
"mrrclt p0, 0, r0, r0, c1",1
"strgt r0, [r0, -r1, asr 1]",1
"smlabteq r0, r1, r0, r0",1
"andeq r5, r0, r0, lsl 6",1
"andeq r0, r0, r0",1
blt 0x2511b0,1
blt 0x6511b4,1
"andeq r0, r1, r0",1
"adcseq r1, sl, r3, asr r8",1
"adcseq r2, sl, r0, lsl 22",1
"stmdavc r0, {r8, fp}",1
invalid,1
"andhs r7, r6, 168, 30",1
"andeq fp, r0, ip, asr 20",1
"andeq fp, r0, r7, asr sl",1
"subseq r0, r3, r1",1
"andeq r0, r0, r0",1
invalid,1
"strhne r0, [r0], -sl",1
"strheq r0, [r0, -fp]",1
"andeq r5, r0, r0",1
"andeq r0, r0, r0",1
bllt 0xff2511f4,1
bllt 0xffc511f8,1
"andeq r0, r1, r0",1
"andeq r0, r0, r0, asr r0",1
"andeq r0, r0, r0",1
"adcseq r8, fp, r0, lsl 16",1
"adcseq fp, fp, r0, lsl 24",1
"andpl r0, r0, r0, lsl 2",1
"strheq fp, [r0], -ip",1
"andeq fp, r0, r7, asr 23",1
"ldcge p0, c0, [r1], {3}",1
"andeq r0, r0, pc, ror r0",1
"andeq r0, r0, r0",1
"adcseq r8, fp, r0, lsl 24",1
"adcseq ip, fp, r0, lsl 14",1
"movwpl r0, 0x100",1
"andeq r0, r0, r0",1
"andeq r0, r0, r0",1
"andeq fp, r0, r0, lsl r6",1
"andeq fp, r0, r8, lsr 12",1
"ldmdahs r2, {r0} ^",1
blhs 0x51520,1
"stmdaeq r0, {r1, r2, r4, r5, r7}",1
invalid,1
invalid,1
"umlalseq r4, r6, pc, r0",1
"adcseq r5, r6, r0",1
"andpl r0, r0, 0, 2",1
"andeq r0, r0, r0",1
"andeq r0, r0, r0",1
"andeq fp, r0, ip, lsl 26",1
"andeq fp, r0, r8, lsl 27",1
"ldrgt r0, [r1], 4",1
"stclt p15, c9, [r8, 0x1f8]",1
"stclt p0, c0, [pc]",1
"andeq r0, r1, r0",1
"adcseq r8, sp, r0, asr pc",1
"adcseq lr, sp, r0, lsl 24",1
invalid,1
"ldc p14, c7, [pc], {0xc4}",1
"vqadd.u8 d0, d16, d29",1
"strheq r0, [r0, -sp]",1
"ldcllt p0, c5, [r3, 0]!",1
"cdplt p0, 4, c0, c8, c0, 0",1
"andeq r0, r4, r0",1
svcls 0x7ec491,1
"andeq fp, r0, r8, asr 28",1
"andeq fp, r0, pc, asr 28",1
svcmi 0x500001,1
"strhls r0, [r0], -lr",1
"streq r0, [r0], -0xbe",1
"cdpvc p1, 0xc, c9, c4, c0, 0",1
"smulleq lr, r1, pc, ip",1
"sbceq pc, r1, r0, lsl 16",1
invalid,1
"addshi r7, pc, r4, asr 29",1
"str r0, [r0], -0xc2",1
"streq r0, [r0], -0xc2",1
"cdpvc p1, 0xc, c9, c4, c0, 0",1
"muleq r0, pc, r0",1
"andeq r0, r0, r0",1
"adcseq r1, sp, r0",1
"adcseq r5, sp, r0, lsl 16",1
"stmdapl r0, {r8}",1
"andeq fp, r0, r8, asr sp",1
"andeq fp, r0, ip, lsr 28",1
"ldrgt r0, [r1], 3",1
"adcseq r2, lr, sp, ror ip",1
"adcseq r7, lr, r0",1
"stmdapl r0, {r8}",1
"andeq ip, r0, ip, ror 3",1
"strdeq ip, sp, [r0], -r8",1
"subshi r0, r8, r1",1
"stmdahi r0, {r1, r6, r7}",1
"movweq r0, 0xc2",1
"stclvc p1, c9, [r4]",1
"andeq ip, r0, r8, lsl 5",1
"muleq r0, r0, r2",1
"subsls r0, r8, r1",1
"strls r0, [r0], -0xc2",1
"movweq r0, 0xc2",1
"stclvc p1, c9, [r4]",1
"strheq ip, [r0], -r0",1
"ldrdeq ip, sp, [r0], -r0",1
"subseq r0, r8, r1",1
"andeq r0, r0, r0",1
"strne r0, [r0], -0",1
invalid,1
"strheq r0, [r0, -sp]",1
"ldcllt p6, c5, [r8, 0]!",1
"ldcllt p0, c0, [ip, 0]!",1
"andeq r0, r1, r0",1
"adcseq pc, sp, r0, asr ip",1
"adcseq sb, lr, r0",1
"strpl r0, [r0], -r0, lsl 2",1
"andeq ip, r0, ip, ror 3",1
"strdeq ip, sp, [r0], -r8",1
"subshi r0, r6, r1",1
"str r0, [r0], -0xc2",1
"smlabteq r0, r2, r0, r0",1
"andeq r5, r0, r0, lsl 12",1
"andeq r0, r0, r0",1
"ldclt p0, c0, [r0, -0]",1
"cdplt p0, 9, c0, c0, c0, 0",1
"andeq r0, r1, r0",1
"sbceq lr, r1, fp, asr ip",1
"sbceq pc, r1, r0, lsl 16",1
blpl 0x517a0,1
"andeq ip, r0, r0, lsl 5",1
"andeq ip, r0, r4, ror 5",1
"subseq r0, fp, r1",1
"andeq r0, r0, r0",1
"strls r0, [r0], -0",1
"stmdals r0, {r0, r2, r3, r4, r5, r7}",1
"strheq r0, [r0, -sp]",1
"ldclt p0, c5, [r8]",1
"cdplt p0, 0, c0, c0, c0, 0",1
"andeq r0, r1, r0",1
"adcseq r1, lr, r8, asr r8",1
"adcseq r1, lr, r0, lsl 24",1
"andpl r0, r0, r0, lsl 2",1
"andeq fp, r0, ip, lsl lr",1
"andeq fp, r0, ip, lsr 28",1
"ldrbpl r0, [r7], -1",1
"stmdapl r0, {r1, r2, r3, r4, r5, r7}",1
"strheq r0, [r0, -lr]",1
"cdplt p0, 5, c5, c8, c0, 0",1
"cdplt p0, 8, c0, c4, c0, 0",1
"andeq r0, r1, r0",1
"adcseq r8, lr, r7, asr r4",1
"adcseq r8, lr, r0, lsl 16",1
"andlo r0, r0, r0, lsl 4",1
"smulleq r8, r2, pc, r0",1
"sbceq sb, r2, r0",1
"strpl r0, [r0, -r0, lsl 2]",1
"muleq r0, r0, r2",1
"muleq r0, r4, r2",1
"ldrbls r0, [r8], -1",1
"andlt r0, r0, r2, asr 1",1
"smlabteq r0, r2, r0, r0",1
"adcsgt r5, r4, 0, 14",1
"sbcgt r0, ip, 0",1
"andeq r0, r2, r0",1
"sbcgt sb, ip, 60, 30",1
"sbcsgt r0, r0, 0",1
"andeq r0, r1, r0",1
"sbceq sp, r2, r7, asr r0",1
"sbceq lr, r2, r0, lsl 8",1
"mrslo r0, r8_usr",1
"muleq r0, pc, r0",1
"andeq r0, r0, r0",1
"adcseq r2, sp, r0, lsl 24",1
"adcseq r4, sp, r0, lsl 8",1
"andpl r0, r0, r0, lsl 2",1
"andeq fp, r0, r4, asr 26",1
"andeq fp, r0, ip, lsr 28",1
"mrrchs p0, 0, r0, r4, c1",1
"strlo r0, [r0], -0xbe",1
"strheq r0, [r0, -lr]",1
"cdplt p0, 3, c5, c4, c0, 0",1
"cdplt p0, 7, c0, c12, c0, 0",1
"andeq r0, r1, r0",1
"adcseq r7, lr, r4, asr ip",1
"adcseq r8, lr, r0, lsl 16",1
"andlo r0, r0, r0, lsl 4",1
"umlalseq r8, lr, pc, r8",1
"adcseq sb, lr, r0",1
"strpl r0, [r0], -0x100",1
"andeq ip, r0, r0, lsl 5",1
"strheq ip, [r0], -r0",1
"subslt r0, r4, r1",1
"strlt r0, [r0], -0xc2",1
"smlabteq r0, r2, r0, r0",1
"adcsgt r5, r4, 0",1
"rscgt r0, r4, 0",1
"andeq r0, r1, r0",1
"andeq r0, r0, r4, asr r0",1
"andeq r0, r0, r0",1
"adcseq r1, sp, r0",1
"adcseq r4, sp, r0, lsl 16",1
"andlo r0, r0, r0, lsl 4",1
"umlalseq r4, sp, pc, r8",1
"adcseq r5, sp, r0, lsl 16",1
"andpl r0, r0, r0, lsl 2",1
"andeq fp, r0, r8, asr sp",1
"andeq fp, r0, r0, lsr 28",1
"subshs r0, r5, r1",1
"stmdahi r0, {r1, r2, r3, r4, r5, r7}",1
"andeq r0, r0, 0xbe",1
"ldmhi pc, {ip, sp}",1
"strhls r0, [r0], -lr",1
"strheq r0, [r0, -lr]",1
invalid,1
invalid,1
"andeq r0, r2, r0",1
"addgt sb, r0, 48, 30",1
"addsgt r0, r0, 0",1
"andeq r0, r2, r0",1
"addsgt sb, r0, 48, 30",1
"adcsgt r0, r0, 0",1
"andeq r0, r1, r0",1
"sbceq fp, r2, r5, asr r0",1
"sbceq fp, r2, r0, lsl 8",1
"andlo r0, r0, r0, lsl 4",1
"smulleq fp, r2, pc, r4",1
"sbceq ip, r2, r0, lsl 24",1
"strpl r0, [r0, -0x100]",1
"andeq ip, r0, ip, asr 5",1
"ldrdeq ip, sp, [r0], -r0",1
svcls 0x300002,1
"ldrdeq ip, sp, [r0], -r0",1
"andeq ip, r0, r4, ror 5",1
"subseq r0, r5, r1",1
"andeq r0, r0, r0",1
invalid,1
"stmdavs r0, {r0, r2, r3, r4, r5, r7}",1
"streq r0, [r0, -0xbd]",1
"andlo r7, r0, 0, 14",1
"stcllt p15, c9, [r8, -0x90]!",1
"stcllt p0, c0, [fp, -0]!",1
"andeq r0, r1, r0",1
"adcseq r6, sp, r2, asr fp",1
"adcseq r1, lr, r0, lsl 16",1
"strvc r0, [r0, -r0, lsl 10]",1
svcls 0x243200,1
"andeq fp, r0, r8, lsl lr",1
"andeq fp, r0, ip, lsr 28",1
"cmneq fp, r5",1
"addshi r2, pc, r2, lsr r4",1
"stmdahi r0, {r1, r6, r7}",1
"streq r0, [r0, -0xc2]",1
"andlo r7, r1, 0, 22",1
"addsgt sb, r0, 36, 30",1
"addsgt r0, r4, 0",1
"andeq r0, r5, r0",1
"ldrths r0, [r2], -0x77",1
"muleq r0, pc, r0",1
"andeq r0, r0, r0",1
"adcseq r5, sp, r0, lsl 24",1
"adcseq r2, lr, r0, lsl 24",1
"andlo r0, r0, r0, lsl 4",1
"smulleq r8, r2, pc, r0",1
"sbceq r8, r2, r0, lsl 16",1
"andlo r0, r0, r0, lsl 4",1
"smulleq sb, r2, pc, r0",1
"sbceq sb, r2, r0, lsl 8",1
"andlo r0, r0, r0, lsl 4",1
"muleq r0, pc, r0",1
"andeq r0, r0, r0",1
"adcseq r5, sp, r0, lsl 24",1
"adcseq r2, lr, r0, lsl 24",1
"strpl r0, [r0, -0x100]",1
"andeq ip, r0, r0, lsl 5",1
"andeq ip, r0, r4, lsl 5",1
"subsls r0, r5, r1",1
"strls r0, [r0], -0xc2",1
"smlabteq r0, r2, r0, r0",1
"andeq r5, r0, r0, lsl 10",1
"andeq r0, r0, r0",1
"stcllt p0, c0, [r0], {0}",1
"ldcllt p0, c0, [r3], {0}",1
"andeq r0, sb, r0",1
"ldrths r0, [r2], -0x7b",1
"uhadd8eq sl, pc, r1",1
"andeq r0, r0, r2, lsr 32",1
"andeq r0, r0, r0",1
"adcseq lr, lr, r0",1
"adcseq pc, lr, r0, lsl 16",1
"mrslo r0, r8_usr",1
"umlalseq sp, pc, pc, ip",1
"adcseq pc, pc, r0, lsl 24   ; [0x5162c:4]=0xc0409f",1
"andlo r0, r0, r0, lsl 4",1
"smulleq r4, r0, pc, r0",1
"sbceq r7, r0, r0, lsl 8",1
"movwpl r0, 0x100",1
"andeq ip, r0, r4, ror r0",1
"andeq ip, r0, r8, ror r0",1
svcvc 0x730003,1
"smulleq r7, r0, pc, r8",1
"sbceq r8, r0, r0, lsl 8",1
"movwpl r0, 0x100",1
"andeq ip, r0, r0, lsr 4",1
"andeq ip, r0, r4, lsr r2",1
svcls 0x310002,1
"andeq ip, r0, r4, lsr r2",1
"andeq ip, r0, r8, lsr r2",1
svcls 0x300002,1
"andeq r0, r0, r0",1
"andeq r0, r0, r0",1
"strdeq ip, sp, [r0], -r8",1
"strdeq ip, sp, [r0], -ip",1
"ldrgt r0, [r1], 4",1
"rscsgt sb, ip, lr, ror pc",1
"rscsgt r0, pc, r0",1
"andeq r0, r1, r0",1
"sbceq pc, r0, r0, asr pc",1
"sbceq r1, r1, r0",1
invalid,1
"addseq r7, pc, r4, asr 29",1
"andeq r0, r0, r0",1
invalid,1
invalid,1
"andeq r0, r0, 0xc2",1
invalid,1
invalid,1
"andeq r0, r0, 0xc2",1
invalid,1
"strls r0, [r0], -0xc2",1
"movweq r0, 0xc7",1
"rsceq r7, r0, 0, 26",1
"andeq r0, r0, r0",1
"andeq r0, r0, r0",1
"strdeq ip, sp, [r0], -r0",1
"andeq ip, r0, r8, asr 6",1
"ldmdami r0, {r0} ^",1
"strls r0, [r0], -0xc3",1
"movweq r0, 0xc7",1
"ldcvc p1, c9, [ip, 0]!",1
"andeq r0, r0, r0",1
"andeq r0, r0, r0",1
"strdeq ip, sp, [r0], -r0",1
"andeq ip, r0, r8, asr 6",1
"ldmdami r1, {r0} ^",1
"strls r0, [r0], -0xc3",1
"movweq r0, 0xc7",1
"ldcvc p1, c9, [r8, 0]!",1
"andeq r0, r0, r0",1
"andeq r0, r0, r0",1
"strdeq ip, sp, [r0], -r0",1
"andeq ip, r0, r8, asr 6",1
"ldmdami r2, {r0} ^",1
"strls r0, [r0], -0xc3",1
"smlabteq r0, r7, r0, r0",1
"andeq r5, r0, r0, lsl 22",1
"andeq r0, r0, r0",1
"movwgt r0, 0xc000",1
invalid,1
"andeq r0, r1, r0",1
"sbceq r2, r3, r5, asr ip",1
"sbceq r4, r3, r0, lsl 16",1
"andvc r0, r0, r0, lsl 4",1
"sbceq r4, r3, r0, lsl 16",1
"sbceq sb, r7, r0, lsl 8",1
"mrsls r0, lr_irq",1
"strheq r7, [r0], -r4",1
"andeq r0, r0, r0",1
invalid,1
"movtgt r0, 0x8000",1
"andeq r0, r2, r0",1
"smmlargt r8, r0, pc, sb",1
"ldrbgt r0, [ip, -r0]",1
"andeq r0, r1, r0",1
"sbceq r5, r7, r5, asr ip",1
"sbceq r7, r7, r0",1
"mrsls r0, lr_irq",1
"andeq r7, r0, ip, lsr 27",1
"andeq r0, r0, r0",1
invalid,1
"movtgt r0, 0x8000",1
"andeq r0, r1, r0",1
"andeq r0, r0, sb, asr r0",1
"andeq r0, r0, r0",1
"sbceq r5, r3, r0, lsl 16",1
"sbceq lr, r3, r0, lsl 8",1
"strpl r0, [r0], -0x100",1
"andeq ip, r0, r4, ror 7",1
"muleq r0, ip, r4",1
"ldmdale r2, {r0} ^",1
invalid,1
"smlabteq r0, r4, r0, r0",1
"ldrgt r5, [r8, 0x400]",1
"ldrbgt r0, [r4, 0]!",1
"andeq r0, r1, r0",1
"sbceq pc, r5, r4, asr r4",1
"sbceq pc, r5, r0, lsl 16",1
invalid,1
"andlo r7, r6, 172, 26",1
"ldcvc p1, c9, [r8, 0x90]!",1
"streq r2, [ip], -r6, lsl 6",1
"sbceq r3, r6, r2, lsr 24",1
"sbceq r4, r6, r0",1
"strpl r0, [r0], -0x100",1
"andeq ip, r0, r0, asr 12",1
"andeq ip, r0, r0, asr r6",1
"ldcge p0, c0, [r1], {0xe}",1
"ldrths r0, [r2], -0x67d",1
"uhadd8eq fp, sp, r1",1
"andhs r0, r6, 0x2300",1
"andeq ip, r0, r8, lsl 14",1
"andeq ip, r0, ip, asr 14",1
"subsvc r0, r4, r1",1
"strhi r0, [r0], -0xc7",1
"smlabteq r0, r7, r0, r0",1
"andeq r5, r0, r0, lsl 8",1
"andeq r0, r0, r0",1
"cmngt r8, 0",1
"orrsgt r0, r4, 0",1
"andeq r0, r1, r0",1
"sbceq sb, r3, r3, asr r4",1
"sbceq sl, r3, r0, lsl 6",1
"andvc r0, r0, 0, 30",1
"ldcvc p1, c9, [r0, 0]!",1
"strteq r2, [r3], -0x206",1
invalid,1
"ldrbgt sb, [r8], 0xf1a",1
"ldrbtgt r0, [r0], 0",1
"andeq r0, r1, r0",1
"sbceq sb, r5, r3, asr r8",1
"sbceq sl, r5, r0, lsl 24",1
"movwpl r0, 0x100",1
"andeq ip, r0, ip, lsr 11",1
"strdeq ip, sp, [r0], -r8",1
"rsbseq r0, r2, pc",1
"uhadd8eq fp, sp, r1",1
"strls r2, [r4], -0x322",1
bne 0x13874,1
"smulleq r3, r6, pc, ip",1
"sbceq r5, r6, r0",1
"andvc r0, r0, 0, 30",1
"ldcvc p1, c9, [r0, 0]!",1
"strteq r2, [r3], -0x206",1
invalid,1
"smladgt r8, sl, pc, sb",1
"strgt r0, [0x00051890]!",1
"andeq r0, r1, r0",1
"sbceq r2, r7, r3, asr pc",1
"sbceq r3, r7, r0, lsl 24",1
"strpl r0, [r0, -0x100]",1
"andeq ip, r0, r0, ror r7",1
"andeq ip, r0, pc, ror r7",1
svcvc 0x530001,1
"strhi r0, [r0], -0xc7",1
"smlabteq r0, r7, r0, r0",1
"andeq r5, r0, r0, lsl 10",1
"andeq r0, r0, r0",1
"strgt r0, [r4, 0]!",1
"ldrbgt r0, [r8, 0]!",1
"andeq r0, r1, r0",1
"sbceq r3, r6, r5, asr ip",1
"sbceq r0, r7, r0, lsl 16",1
"strpl r0, [r0, -0x100]",1
"andeq r0, r0, r0",1
"andeq r0, r0, r0",1
"strheq ip, [r0], -r4",1
"andeq ip, r0, r4, asr 11",1
svcls 0x300002,1
"andeq ip, r0, ip, lsr r6",1
"andeq ip, r0, r0, asr r6",1
svcls 0x300002,1
"strdeq ip, sp, [r0], -r4",1
"andeq ip, r0, r8, lsl 14",1
"subseq r0, r4, r1",1
"andeq r0, r0, r0",1
invalid,1
invalid,1
"movweq r0, 0xc6",1
"stclvc p1, c9, [r4]",1
"andeq ip, r0, r0, lsr 12",1
"andeq ip, r0, r4, lsr 12",1
"mrrchs p0, 0, r0, r3, c1",1
invalid,1
"smlabteq r0, r6, r0, r0",1
"ldrtgt r5, [ip], -r0, lsl 6",1
"ldrgt r0, [r4, r0]",1
"andeq r0, r3, r0",1
invalid,1
"andeq r0, r0, r0",1
invalid,1
invalid,1
"andeq r0, r0, 0xc6",1
"addseq r3, pc, r0, lsl 16",1
"andeq r0, r0, r0",1
invalid,1
invalid,1
"andeq r0, r0, 0xc6",1
"addseq r3, pc, r0",1
"andeq r0, r0, r0",1
invalid,1
invalid,1
"movweq r0, 0xc6",1
"ldcvc p1, c9, [ip]",1
"andeq r0, r0, r0",1
"andeq r0, r0, r0",1
"andeq ip, r0, r8, lsl r6",1
"andeq ip, r0, r4, lsr 12",1
"ldrgt r0, [r1], 9",1
"stmdaeq r1, {r0, r2, r3, r4, r5, r6, sl, ip, pc}",1
"ldrhs r1, [pc], 0xaff       ; [0x51990:4]=0x10000c6",1
"stmdahs r0, {r1, r2, r6, r7}",1
"smlabteq r0, r6, r0, r0",1
"strtgt r5, [r8], -r0, lsl 6",1
"strtgt r0, [ip], -r0",1
"andeq r0, r3, r0",1
"ldchs p15, c7, [pc], {0x73}",1
invalid,1
"stmdbeq r0, {r1, r2, r6, r7}",1
"stclvc p1, c9, [r4]",1
invalid,1
"andeq sb, r0, sl, lsl pc",1
"andeq r0, r0, r0",1
"ldrgt r0, [r8], -r0",1
"ldrtgt r0, [ip], -r0",1
"andeq r0, r2, r0",1
"andeq sb, r0, r0, lsr pc",1
"andeq r0, r0, r0",1
"ldrgt r0, [r8], -r0",1
"ldrtgt r0, [ip], -r0",1
"andeq r0, r1, r0",1
"andeq r0, r0, fp, asr r0",1
"andeq r0, r0, r0",1
"sbceq r5, r6, r0",1
"sbceq r0, r7, r0, lsl 16",1
"stmdalo r0, {sb}",1
"muleq r0, pc, r0",1
"andeq r0, r0, r0",1
"sbceq r5, r6, r0",1
"sbceq r0, r7, r0, lsl 16",1
"andlo r0, r0, r0, lsl 4",1
"muleq r0, pc, r0",1
"andeq r0, r0, r0",1
"sbceq r5, r6, r0",1
"sbceq r6, r6, r0, lsl 24",1
invalid,1
"ldcvs p13, c7, [pc], {0xc8}",1
svcvs 0xc6,1
"smlabteq r0, r6, r0, r0",1
"strbtgt r5, [pc], -r0, lsl 4",1
"strbtgt r0, [r0], r0",1
"andeq r0, r4, r0",1
svcls 0x7dc891,1
"andeq ip, r0, r0, ror 13",1
"andeq ip, r0, r3, ror 13",1
"cmp r2, 1",1
"stmdaeq r0, {r1, r2, r6, r7}",1
"streq r0, [r0], -0xc7",1
"stclvc p1, c9, [r8]",1
"muleq r0, pc, r0",1
"andeq r0, r0, r0",1
"sbceq r7, r6, r0, lsl 24",1
"sbceq sl, r6, r0, lsl 16",1
"strvc r0, [r0], -r0, lsl 12",1
bne 0x13a68,1
"muleq r0, pc, r0",1
"andeq r0, r0, r0",1
"sbceq r7, r6, r0, lsl 24",1
"sbceq sl, r6, r0, lsl 24",1
"mrsls r0, lr_irq",1
"andeq r7, r0, r0, lsr 27",1
"andeq r0, r0, r0",1
"ldrbtgt r0, [ip], -r0",1
"strtgt r0, [ip], r0",1
"andeq r0, r1, r0",1
"andeq r0, r0, fp, asr r0",1
"andeq r0, r0, r0",1
"sbceq sl, r6, r0, lsl 16",1
"sbceq sl, r6, r0, lsl 24",1
"strpl r0, [r0], -r0, lsl 2",1
"andeq r0, r0, r0",1
"andeq r0, r0, r0",1
"muleq r0, r0, r3",1
"andeq ip, r0, ip, lsr 7",1
"rsbseq r0, r5, r6",1
svcls 0x1aff08,1
"andeq ip, r0, ip, lsr r5",1
"andeq ip, r0, r3, asr r5",1
"cmppl r2, 1",1
"andvs r0, r0, r5, asr 1",1
"stmdaeq r0, {r0, r2, r6, r7}",1
invalid,1
"andhs r7, r6, 164, 26",1
"smulleq r8, r6, pc, ip",1
"sbceq sl, r6, r0, lsl 16",1
"strvc r0, [r0], -r0, lsl 12",1
bne 0x13ae8,1
"muleq r0, pc, r0",1
"andeq r0, r0, r0",1
"sbceq r5, r6, r0, lsl 24",1
"sbceq r6, r6, r0, lsl 24",1
invalid,1
"ldcvs p13, c7, [pc], {0xc8}",1
svcvs 0xc6,1
"smlabteq r0, r6, r0, r0",1
"strbtgt r5, [pc], -r0, lsl 4",1
"strbtgt r0, [r0], r0",1
"andeq r0, r4, r0",1
svcls 0x7dc891,1
"andeq ip, r0, r0, ror 13",1
"andeq ip, r0, r3, ror 13",1
"cmp r2, 1",1
"stmdaeq r0, {r1, r2, r6, r7}",1
"streq r0, [r0], -0xc7",1
"stclvc p1, c9, [r8]",1
"muleq r0, pc, r0",1
"andeq r0, r0, r0",1
"sbceq r5, r6, r0, lsl 24",1
"sbceq r6, r6, r0, lsl 30",1
"strvc r0, [r0, -0x600]",1
"rsbseq r0, r7, r0, lsl 12",1
"andeq r0, r0, r2, lsr 32",1
"andeq r0, r0, r0",1
"sbceq r5, r6, r0, lsl 24",1
"sbceq r0, r7, r0, lsl 16",1
"mrsls r0, lr_irq",1
"muleq r0, ip, sp",1
"andeq r0, r0, r0",1
"ldrbgt r0, [r8], r0",1
"strbtgt r0, [r0], r0",1
"andeq r0, r4, r0",1
svcls 0x7dc891,1
"andeq ip, r0, r0, ror 13",1
"andeq ip, r0, r3, ror 13",1
"cmp r2, 1",1
invalid,1
"streq r0, [r0], -0xc6",1
"stclvc p1, c9, [r8]",1
"muleq r0, pc, r0",1
"andeq r0, r0, r0",1
"sbceq sp, r6, r0, lsl 16",1
"sbceq sp, r6, r0, lsl 24",1
"andpl r0, r0, r0, lsl 2",1
"ldrdeq ip, sp, [r0], -ip",1
"andeq ip, r0, r3, ror 13",1
"subseq r0, r1, r1",1
"andeq r0, r0, r0",1
invalid,1
invalid,1
"movweq r0, 0xc6",1
"ldcvc p1, c9, [ip]",1
"andeq r0, r0, r0",1
"andeq r0, r0, r0",1
"andeq ip, r0, r8, ror 13",1
"strdeq ip, sp, [r0], -r0",1
"ldcls p0, c0, [r1], {0xa}",1
"orrseq r0, r4, sp, ror r6",1
svcls 0x1aff08,1
"andeq r0, r0, r0",1
"andeq r0, r0, r0",1
"andeq ip, r0, r8, ror 13",1
"strdeq ip, sp, [r0], -r0",1
svcls 0x300002,1
"andeq r0, r0, r0",1
"andeq r0, r0, r0",1
"andeq ip, r0, r8, ror 13",1
"strdeq ip, sp, [r0], -r0",1
"subseq r0, fp, r1",1
"andeq r0, r0, r0",1
"strhi r0, [r0], -0",1
invalid,1
"streq r0, [r0], -r3, asr 1",1
"stmdaeq r0, {r8, sl, ip, sp, lr}",1
"ldrsheq r1, [pc], pc        ; [0x51c1c:4]=0x84000000",1
"andeq r0, r0, r0",1
"strhi r0, [r0], -0",1
"stmdale r0, {r0, r1, r6, r7}",1
"smlabteq r0, r4, r0, r0",1
"andeq r5, r0, r0, lsl 18",1
"andeq r0, r0, r0",1
"orrgt r0, r4, 0",1
"ldrbgt r0, [r8], 0",1
"andeq r0, r1, r0",1
"andeq r0, r0, fp, asr r0",1
"andeq r0, r0, r0",1
"sbceq sl, r3, r0, lsl 24",1
"sbceq fp, r3, r0, lsl 8",1
"strpl r0, [r0, -0x100]",1
"andeq r0, r0, r0",1
"andeq r0, r0, r0",1
"ldrdeq ip, sp, [r0], -r4",1
"andeq ip, r0, r0, ror 7",1
"ldcls p0, c0, [r1], {3}",1
"sbceq lr, r3, sp, ror r0",1
"sbceq r2, r4, r0, lsl 8",1
invalid,1
"ldrsblo r7, [pc], r1        ; [0x51c78:4]=0x10000c4",1
invalid,1
"smlabteq r0, r4, r0, r0",1
"strbgt r5, [ip], -0x300",1
"ldrbtgt r0, [r0], -0",1
"andeq r0, r1, r0",1
"sbceq r7, r4, lr, asr r0",1
"sbceq r7, r4, r0, lsl 8",1
invalid,1
"ldrvc r7, [pc], 0xdd1       ; [0x51c9c:4]=0x10000c4",1
"stmdavc r0, {r2, r6, r7}",1
"smlabteq r0, r4, r0, r0",1
"ldrbtgt r5, [r8], -0xe00",1
"ldrbtgt r0, [ip], -0",1
"andeq r0, r4, r0",1
svcls 0x7dd191,1
"andeq ip, r0, ip, ror r4",1
"andeq ip, r0, r3, lsr 9",1
"subseq r0, lr, r1",1
"andeq r0, r0, r0",1
invalid,1
"stmdale r0, {r2, r6, r7}",1
"andeq r0, r0, 0xc4",1
"addseq r3, pc, r0, lsl 16",1
"andeq r0, r0, r0",1
invalid,1
"stmdale r0, {r2, r6, r7}",1
"andeq r0, r0, 0xc4",1
"addseq r3, pc, r0",1
"andeq r0, r0, r0",1
invalid,1
"andge r0, r0, r4, asr 1",1
"streq r0, [r0], -0xc4",1
"stclvc p1, c9, [r8]",1
"smulleq sl, r4, pc, r0",1
"sbceq sl, r4, r0, lsl 6",1
"movwpl r0, 0x100",1
"andeq ip, r0, r3, lsr 9",1
"andeq ip, r0, r0, asr 9",1
"ldmgt r1, {r2}",1
"strbgt sb, [r0], 0xf7d",1
"strbgt r0, [r3], 0",1
"andeq r0, r1, r0",1
"sbceq ip, r4, r2, asr r3",1
"sbceq sp, r4, r0, lsl 16",1
invalid,1
"addseq r7, pc, r8, asr 27",1
"andeq r0, r0, r0",1
invalid,1
"andgt r0, r0, r4, asr 1",1
"streq r0, [r0], -0xc4",1
"stclvc p1, c9, [r8]",1
"smulleq ip, r4, pc, r0",1
"sbceq ip, r4, r0, lsl 6",1
"andpl r0, r0, 0, 2",1
"andeq ip, r0, r3, asr 9",1
"ldrdeq ip, sp, [r0], -r8",1
"ldmgt r1, {r2}",1
"andeq sb, r0, sp, ror pc",1
"andeq r0, r0, r0",1
"ldrtgt r0, [r8], 0",1
"ldrtgt r0, [ip], 0",1
"andeq r0, r1, r0",1
"sbceq fp, r4, r0, asr ip",1
"sbceq ip, r4, r0, lsl 6",1
invalid,1
"andeq r0, r0, r0",1
"andeq r0, r0, r0",1
"strheq ip, [r0], -r8",1
"ldrdeq ip, sp, [r0], -r8",1
"ldcls p0, c0, [r1], {3}",1
"andeq r0, r0, sp, ror r0",1
"andeq r0, r0, r0",1
"sbceq ip, r4, r0, lsl 16",1
"sbceq ip, r4, r0, lsl 24",1
invalid,1
"strls r7, [r6], -0xd9c",1
bne 0x13db0,1
"smulleq ip, r4, pc, ip",1
"sbceq sp, r4, r0, lsl 16",1
"movwpl r0, 0x100",1
"andeq r0, r0, r0",1
"andeq r0, r0, r0",1
"andeq ip, r0, r8, asr 9",1
"ldrdeq ip, sp, [r0], -r8",1
svcls 0x300002,1
"andeq r0, r0, r0",1
"andeq r0, r0, r0",1
"andeq ip, r0, r8, asr 9",1
"ldrdeq ip, sp, [r0], -r8",1
"subseq r0, fp, r1",1
"andeq r0, r0, r0",1
invalid,1
"andhs r0, r0, r5, asr 1",1
"movweq r0, 0xc5",1
"stcvc p1, c9, [r4, 0]!",1
"andeq ip, r0, ip, ror r5",1
"andeq ip, r0, r0, lsl 11",1
"subshi r0, r5, r1",1
"stmdals r0, {r0, r2, r6, r7}",1
"movweq r0, 0xc5",1
"stcvc p1, c9, [r4, 0]!",1
"andeq r0, r0, r0",1
"andeq r0, r0, r0",1
"andeq ip, r0, r8, lsl 10",1
"andeq ip, r0, r0, lsr 10",1
svcls 0x300002,1
"andeq ip, r0, r4, ror 10",1
"muleq r0, r8, r5",1
"subseq r0, r4, r1",1
"andeq r0, r0, r0",1
invalid,1
"stmdals r0, {r0, r2, r6, r7}",1
"smlabteq r0, r5, r0, r0",1
"andeq r5, r0, r0, lsl 14",1
"andeq r0, r0, r0",1
"ldrgt r0, [r0, -0]!",1
"ldrbgt r0, [r3, -0]",1
"andeq r0, r1, r0",1
"sbceq r5, r5, r2, asr r3",1
"sbceq r6, r5, r0",1
"strvc r0, [r0], -0x800",1
"stcvc p1, c9, [r4, 0]!",1
"addseq r2, pc, r6, lsl 4",1
"andeq r0, r0, r0",1
"andlo r0, r0, r0",1
"andvs r0, r0, r5, asr 1",1
"smlabteq r0, r5, r0, r0",1
"andeq r5, r0, r0, lsl 18",1
"andeq r0, r0, r0",1
"ldrgt r0, [r0, -0]!",1
"strbgt r0, [r0, -0]!",1
"andeq r0, r1, r0",1
"andeq r0, r0, fp, asr r0",1
"andeq r0, r0, r0",1
"sbceq r5, r5, r0, lsl 24",1
"sbceq r6, r5, r0",1
"andpl r0, r0, 0, 2",1
"andeq r0, r0, r0",1
"andeq r0, r0, r0",1
"andeq ip, r0, r0, lsr 14",1
"andeq ip, r0, ip, asr 14",1
"andeq r0, sl, r4",1
"ldrbgt sb, [r0, -r1, lsl 30]!",1
"strgt r0, [r4, r0]",1
"andeq r0, r4, r0",1
svcls 0x1000a,1
"andeq r0, r0, r0",1
"andeq r0, r0, r0",1
"andeq ip, r0, r0, lsr 14",1
"andeq ip, r0, ip, asr 14",1
svcls 0x310002,1
"andeq ip, r0, r0, ror r7",1
"andeq ip, r0, r4, lsl 15",1
svcls 0x310002,1
"andeq r0, r0, r0",1
"andeq r0, r0, r0",1
"andeq ip, r0, r0, lsr 14",1
"andeq ip, r0, ip, asr 14",1
"subsvc r0, fp, r1",1
"strhi r0, [r0], -0xc7",1
"smlabteq r0, r7, r0, r0",1
"andeq r5, r0, r0, lsl 22",1
"andeq r0, r0, r0",1
"ldrgt r0, [r4, r0]",1
"ldrgt r0, [r8, r0]",1
"andeq r0, r2, r0",1
invalid,1
invalid,1
"andeq r0, r2, r0",1
"andeq r0, r0, sp, ror r8",1
"andeq r0, r0, r0",1
"ldrgt r0, [r4, r0]",1
"strgt r0, [ip, r0]!",1
"andeq r0, r1, r0",1
"sbceq sl, r7, r0, asr ip",1
"sbceq sp, r7, r0, lsl 6",1
"cdppl p1, 0, c0, c0, c0, 0",1
"ldrdeq ip, sp, [r0], -r3",1
"andeq ip, r0, r0, lsl r8",1
invalid,1
"andeq sb, r0, r0, asr pc",1
"andeq r0, r0, r0",1
"ldrgt r0, [r4, r0]",1
"ldrgt r0, [r0, r0]!",1
"andeq r0, r1, r0",1
"sbceq fp, r7, r1, asr r0",1
"sbceq sp, r7, r0, lsl 6",1
invalid,1
"ldrdeq ip, sp, [r0], -r3",1
"andeq ip, r0, r0, lsl r8",1
invalid,1
"andeq sb, r0, r1, asr pc",1
"andeq r0, r0, r0",1
"ldrgt r0, [r4, r0]",1
"ldrbgt r0, [r0, r0]",1
"andeq r0, r1, r0",1
"sbceq sp, r7, r2, asr r0",1
"sbceq sp, r7, r0, lsl 6",1
"andpl r0, r0, r0, lsl 2",1
"ldrdeq ip, sp, [r0], -r3",1
"andeq ip, r0, r0, lsl r8",1
invalid,1
"andeq sb, r0, r2, asr pc",1
"andeq r0, r0, r0",1
"ldrbgt r0, [r4, r0]",1
"ldrbgt r0, [r0, r0]!",1
"andeq r0, r1, r0",1
"sbceq r0, r8, r0, asr r0",1
"sbceq r0, r8, r0, lsl 8",1
"andpl r0, r0, r0, lsl 2",1
"andeq r0, r0, r0",1
"andeq r0, r0, r0",1
"andeq ip, r0, r0, lsl r8",1
"andeq ip, r0, r0, lsr 16",1
"subshs r0, r0, r1",1
"stmdahs r0, {r3, r6, r7}",1
"streq r0, [r0, -0xc8]",1
"strbpl r0, [r8, r0, lsl 6]!",1
"andeq r0, r0, r2",1
"andeq r0, r0, r0",1
invalid,1
invalid,1
"andeq r0, r2, r0",1
"stmdagt ip!, {r0, r2, r3, r4, r5, r6}",1
invalid,1
"andeq r0, r2, r0",1
"andeq r1, r0, sp, ror r0",1
"andeq r0, r0, r0",1
invalid,1
invalid,1
"andeq r0, r1, r0",1
"sbceq r3, r8, r0, asr ip",1
"sbceq ip, r8, r0",1
"strpl r0, [r0], -0x100",1
"andeq r0, r0, r0",1
"andeq r0, r0, r0",1
"andeq ip, r0, r0, asr 17",1
"andeq ip, r0, r4, asr 17",1
"rsbseq r0, sp, r2",1
"andeq ip, r0, r4, asr 17",1
"andeq ip, r0, r8, asr 17",1
"ldrbths r0, [sp], -2",1
"andeq ip, r0, r8, asr 17",1
"strheq ip, [r0], -r4",1
"ldmdagt sp!, {r0, r1} ^",1
"andeq r0, r0, r0",1
"andeq r0, r0, r0",1
"sbceq ip, r8, r0",1
"sbceq r4, sb, r0, lsl 24",1
"andpl r0, r0, r0, lsl 2",1
"andeq ip, r0, ip, asr 18",1
"andeq ip, r0, r4, ror 24",1
"ldrbvs r0, [r6], -1",1
invalid,1
"smlabteq r0, ip, r0, r0",1
"stclgt p0, c5, [ip], -0",1
"ldcgt p0, c0, [r4], 0",1
"andeq r0, r1, r0",1
"andeq r0, r0, r6, asr r0",1
"andeq r0, r0, r0",1
"sbceq ip, r8, r0",1
"sbceq r4, sb, r0, lsl 30",1
invalid,1
"andeq ip, r0, pc, asr 18",1
"andeq ip, r0, r4, ror 24",1
"ldcmi p0, c0, [r1], {2}",1
"andeq ip, r0, r4, ror 24",1
"andeq ip, r0, ip, ror 24",1
"mrrcvs p0, 0, r0, r1, c1",1
"strlt r0, [r0], -0xcc",1
"andeq r0, r0, 0xcc",1
"subeq sb, ip, r0, lsl 2",1
"andeq r0, r0, r0",1
"andgt r0, r0, r0",1
"andeq r0, r0, r8, asr 1",1
"smlabteq r0, sb, r0, r0",1
"stmdbgt r0, {sb, ip, lr}",1
invalid,1
"andeq r0, r1, r0",1
"sbceq r3, sb, sb, asr r0",1
"sbceq r3, sb, r0, lsl 16",1
"andpl r0, r0, 0, 2",1
"andeq ip, r0, r8, lsr sb",1
"andeq ip, r0, ip, ror sl",1
"mrrcvc p0, 0, r0, sb, c1",1
"strlt r0, [r0], -0xca",1
"streq r0, [r0], -0xca",1
"andpl pc, r1, 0, 6",1
"smulleq fp, sl, pc, r4",1
"sbceq sp, sl, r0",1
"stmdbpl r0, {r8}",1
"ldrdeq ip, sp, [r0], -r0",1
"andeq ip, r0, r4, lsr 22",1
invalid,1
blgt 0x979e5c,1
blgt 0x1952118,1
"andeq r0, r1, r0",1
"sbceq r6, fp, sb, asr r4",1
"sbceq r4, ip, r0, lsl 16",1
"vshl.u8 d0, d0, d0",1
"ldmmi pc, {r0, sb, ip, lr}",1
invalid,1
"smlabteq r0, ip, r0, r0",1
"mcrrgt p9, 0, r5, ip, c0",1
"stclgt p0, c0, [r4], -0",1
"andeq r0, r4, r0",1
svcls 0x5201f3,1
"andeq ip, r0, r4, ror 24",1
"andeq ip, r0, ip, ror 24",1
"mrrcvs p0, 0, r0, r2, c1",1
"strlt r0, [r0], -0xcc",1
"streq r0, [r0], -0xcc",1
"andpl pc, r1, 0, 6",1
"muleq r0, pc, r0",1
"andeq r0, r0, r0",1
"sbceq ip, r8, r0",1
"sbceq sp, r8, r0, lsl 24",1
"movwpl r0, 0x100",1
"ldrdeq ip, sp, [r0], -ip",1
"strheq ip, [r0], -r4",1
"subseq r0, sl, r1",1
"andeq r0, r0, r0",1
"andgt r0, r0, r0",1
"andge r0, r0, r8, asr 1",1
"andeq r0, r0, 0xc9",1
"andge sb, r8, r0, lsl 2",1
"and r0, r0, sb, asr 1",1
"smlabteq r0, sb, r0, r0",1
"stmibgt r0!, {sl, ip, lr} ^",1
invalid,1
"andeq r0, r2, r0",1
"stmibgt ip!, {r0, r4, r7, fp} ^",1
bgt 0x12521ac,1
"andeq r0, r1, r0",1
"sbceq r4, sl, r4, asr ip",1
"sbceq r3, ip, r0",1
"strpl r0, [r0], -0x100",1
"andeq ip, r0, r8, lsr ip",1
"andeq ip, r0, ip, lsr ip",1
"ldmdami r4, {r0} ^",1
invalid,1
"smlabteq r0, ip, r0, r0",1
"stclgt p4, c5, [r4], -0",1
"stclgt p0, c0, [ip], -0",1
"andeq r0, r2, r0",1
"stclgt p8, c0, [ip], -0x244",1
"ldclgt p0, c0, [r0], -0",1
"andeq r0, r1, r0",1
"sbceq r7, ip, r4, asr r4",1
"sbceq r8, ip, r0, lsl 8",1
"strpl r0, [r0], -0x100",1
"andeq r0, r0, r0",1
"andeq r0, r0, r0",1
"andeq ip, r0, r4, lsr sl",1
"andeq ip, r0, r4, ror sl",1
"ldrblt r0, [r0], -1",1
"stmdagt r0, {r1, r3, r6, r7}",1
"smlabteq r0, sl, r0, r0",1
blgt 0x966214,1
blgt 0xc52218,1
"andeq r0, r1, r0",1
"sbceq r4, fp, r0, asr r0",1
"sbceq r4, fp, r0, lsl 24",1
"andpl r0, r0, r0, lsl 2",1
"andeq r0, r0, r0",1
"andeq r0, r0, r0",1
"strdeq ip, sp, [r0], -ip",1
"andeq ip, r0, r4, lsr 20",1
"ldrbhs r0, [r0], -1",1
"stmdami r0, {r1, r3, r6, r7}",1
"smlabteq r0, ip, r0, r0",1
"mcrrgt p7, 0, r5, r8, c0",1
"mcrrgt p0, 0, r0, ip, c0",1
"andeq r0, r1, r0",1
"sbceq r4, ip, r0, asr ip",1
"sbceq r6, ip, r0, lsl 8",1
"strpl r0, [r0, -r0, lsl 2]",1
"andeq ip, r0, ip, ror 24",1
"andeq ip, r0, r4, lsl 25",1
"subseq r0, r7, r1",1
"andeq r0, r0, r0",1
invalid,1
"strle r0, [r0], -0xc9",1
"smlabteq r0, sb, r0, r0",1
"ldmibgt ip, {r8, sl, ip, lr} ^",1
invalid,1
"andeq r0, r1, r0",1
"sbceq lr, sb, r5, asr ip",1
"sbceq pc, sb, r0",1
"strpl r0, [r0, -0x100]",1
"strdeq ip, sp, [r0], -r0",1
"strdeq ip, sp, [r0], -r4",1
"rsbseq r0, r4, r2",1
"strdeq ip, sp, [r0], -r4",1
"strheq ip, [r0], -r8",1
"subs r0, r5, r1",1
invalid,1
"smlabteq r0, fp, r0, r0",1
"mcrrgt p5, 0, r5, r8, c0",1
"mcrrgt p0, 0, r0, ip, c0",1
"andeq r0, r1, r0",1
"andeq r0, r0, r5, asr r0",1
"andeq r0, r0, r0",1
"sbceq r3, sl, r0, lsl 8",1
"sbceq r3, ip, r0, lsl 8",1
"andlo r0, r0, r0, lsl 4",1
"smulleq r3, ip, pc, r4",1
"sbceq r3, ip, r0, lsl 16",1
"strpl r0, [r0], -0x100",1
"andeq ip, r0, r8, lsr ip",1
"andeq ip, r0, ip, lsr ip",1
svcls 0x300002,1
"andeq ip, r0, ip, lsr ip",1
"andeq ip, r0, r8, asr 24",1
"mrrcmi p0, 0, r0, r4, c1",1
"strvs r0, [r0], -0xcc",1
"smlabteq r0, ip, r0, r0",1
"stclgt p4, c5, [ip], -0",1
"ldclgt p0, c0, [r0], -0",1
"andeq r0, r2, r0",1
"ldclgt p15, c9, [r0], -0xc0",1
"ldclgt p0, c0, [r4], -0",1
"andeq r0, r3, r0",1
"ldrvc pc, [pc], 0xe09       ; [0x52318:4]=0x20000cc",1
"strhi r0, [r0], -0xcc",1
"andeq r0, r0, 0xcc",1
"addseq r3, pc, r0",1
"andeq r0, r0, r0",1
"and r0, r0, r0",1
"stmdapl r0, {r3, r6, r7}",1
"andeq r0, r0, 0xc9",1
"ldmpl pc, {ip, sp}",1
"andvc r0, r0, sb, asr 1",1
"stmdaeq r0, {r0, r3, r6, r7}",1
"stmdbeq r0, {r8, sb, ip, sp, lr}",1
"ldrhs r2, [r3, -0x4fe]!",1
"smulleq r7, sb, pc, r0",1
"sbceq sb, sb, r0, lsl 6",1
invalid,1
"muleq r0, r3, sb",1
"andeq ip, r0, r4, ror 24",1
"ldmmi r1, {r1}",1
"andeq ip, r0, r4, ror 24",1
"andeq ip, r0, ip, ror 24",1
svcls 0x300002,1
"andeq ip, r0, ip, ror 24",1
"andeq ip, r0, r4, lsl 25",1
"ldmmi r1, {r1}",1
"andeq r0, r0, r0",1
"andeq r0, r0, r0",1
"andeq ip, r0, r8, ror 17",1
"andeq ip, r0, ip, lsr 18",1
"mrrchs p0, 0, r0, r8, c1",1
"andlo r0, r0, sb, asr 1",1
"streq r0, [r0], -sb, asr 1",1
bvc 0x6ef98,1
"addslo r2, pc, r0, lsl 4",1
"strlo r0, [r0], -0xc9",1
"smlabteq r0, sb, r0, r0",1
"ldmdbgt r4!, {fp, ip, lr}",1
invalid,1
"andeq r0, r6, r0",1
"rsbseq r0, sl, r3, ror r0",1
"ldmdbgt r8!, {r1, r5, r8, sb, sl, fp, ip, pc}",1
bgt 0x18523bc,1
"andeq r0, r1, r0",1
"sbceq r4, ip, r8, asr r8",1
"sbceq r4, ip, r0, lsl 24",1
"stmdapl r0, {r8}",1
"andeq ip, r0, r4, ror 24",1
"andeq ip, r0, ip, ror 24",1
"subseq r0, r8, r1",1
"andeq r0, r0, r0",1
invalid,1
"strvs r0, [r0], -0xca",1
"streq r0, [r0, -0xca]",1
"movwlo r7, 0x300",1
bgt 0x197a058,1
bgt 0x1b523f4,1
"andeq r0, r1, r0",1
"sbceq r6, sl, r3, asr ip",1
"sbceq r7, sl, r0, lsl 14",1
"strvc r0, [r0], -r0, lsl 24",1
"stmdaeq r1, {r2, r3, r4, sl, ip, pc}",1
"ldrhs r1, [r1, -0xaff]!",1
"ldrlt r1, [pc], 0xa33       ; [0x52410:4]=0x10000ca",1
"andgt r0, r0, sl, asr 1",1
"smlabteq r0, sl, r0, r0",1
bgt 0xff06701c,1
bgt 0xff712420,1
"andeq r0, ip, r0",1
"orrseq r1, r4, r6, ror ip",1
"tstlo sl, r8, lsl 30",1
svcls 0x1a3325,1
"andeq ip, r0, r4, lsr 22",1
"andeq ip, r0, ip, lsr fp",1
"mrrclo p0, 0, r0, r3, c1",1
svclo 0xcb,1
invalid,1
"ldrls r7, [ip], -0x600",1
bne 0x14450,1
bne 0xd1b914,1
"smulleq r4, fp, pc, r0",1
"sbceq r4, fp, r0, lsl 8",1
"movwpl r0, 0x100",1
"andeq ip, r0, r4, asr 22",1
"andeq ip, r0, r3, ror 22",1
"ldclne p0, c0, [r6], -0x30",1
invalid,1
invalid,1
"andeq sb, r0, sl, lsl pc",1
"andeq r0, r0, r0",1
bgt 0x175247c,1
blgt 0xfee52480,1
"andeq r0, r1, r0",1
"sbceq lr, fp, r5, asr r0",1
"sbceq lr, fp, r0, lsl 24",1
"strpl r0, [r0, -0x100]",1
"andeq r0, r0, r0",1
"andeq r0, r0, r0",1
"andeq ip, r0, ip, asr sl",1
"andeq ip, r0, ip, lsl 24",1
"mrrcvs p0, 0, r0, r7, c1",1
"strvc r0, [r0], -0xcc",1
"smlabteq r0, ip, r0, r0",1
"andeq r5, r0, r0, lsl 14",1
"andeq r0, r0, r0",1
bgt 0x17524b8,1
invalid,1
"andeq r0, r1, r0",1
"sbceq r6, ip, r4, asr ip",1
"sbceq r7, ip, r0",1
"strpl r0, [r0], -0x100",1
"andeq r0, r0, r0",1
"andeq r0, r0, r0",1
"andeq ip, r0, ip, asr sl",1
"andeq ip, r0, r4, ror 22",1
svcls 0x310002,1
"andeq ip, r0, r4, ror 22",1
"andeq ip, r0, r0, ror 23",1
"subs r0, r0, r1",1
invalid,1
"andeq r0, r0, 0xcb",1
"addseq r3, pc, r0, lsl 2",1
"andeq r0, r0, r0",1
"strvs r0, [r0], -0",1
"stmdavc r0, {r0, r1, r3, r6, r7}",1
"andeq r0, r0, 0xcb",1
"ldrge r3, [pc], 0           ; [0x5250c:4]=0x10000cb",1
"and r0, r0, fp, asr 1",1
"smlabteq r0, fp, r0, r0",1
"andeq r5, r0, r0, lsl 10",1
"andeq r0, r0, r0",1
bgt 0x1852520,1
blgt 0x1e52524,1
"andeq r0, r1, r0",1
"sbceq r7, fp, r8, asr r8",1
"sbceq fp, fp, r0, lsl 16",1
"strvc r0, [r0, -0x300]",1
blgt 0xff87a13c,1
blgt 0xffb5253c,1
"andeq r0, r1, r0",1
"andeq r0, r0, r8, asr r0",1
"andeq r0, r0, r0",1
"sbceq sp, sl, r0, lsl 24",1
"sbceq lr, sl, r0, lsl 24",1
"andpl r0, r0, r0, lsl 2",1
"andeq ip, r0, ip, ror 21",1
"andeq ip, r0, r4, lsr 22",1
"ldmmi r1, {r1}",1
"andeq ip, r0, r8, ror 23",1
"andeq ip, r0, ip, ror 23",1
"subseq r0, r0, r1",1
"andeq r0, r0, r0",1
"vst4.8 {d0, d1, d2, d3}, [r0], r0",1
"andeq r0, r0, sl, asr 1",1
"smlabteq r0, fp, r0, r0",1
blgt 0x366580,1
blgt 0x852584,1
"andeq r0, r1, r0",1
"sbceq r2, fp, r0, asr r0",1
"sbceq r2, fp, r0, lsl 8",1
"strvc r0, [r0], -0x200",1
"andeq r0, r0, r8",1
"andeq r0, r0, r0",1
"sbceq fp, ip, r0, lsl 8",1
"sbceq fp, ip, r0, lsl 16",1
"stcvc p2, c0, [r0, -0]",1
"sbceq fp, ip, r0, lsl 16",1
"sbceq fp, ip, r0, lsl 24",1
"stcvc p2, c0, [r0, -0]",1
"sbceq fp, ip, r0, lsr 24",1
"sbceq r8, sp, r0, lsl 16",1
"stcvc p2, c0, [r0, -0]",1
"andeq r0, r0, r0, lsr r0",1
"andeq r0, r0, r0",1
"sbceq fp, ip, r0, lsl 8",1
"sbceq pc, ip, r0, lsl 8",1
"andpl r0, r0, r0, lsl 2",1
"strdeq ip, sp, [r0], -r4",1
"andeq ip, r0, r8, lsr 26",1
"ldmdahs r8, {r0} ^",1
"andlo r0, r0, sp, asr 1",1
"smlabteq r0, sp, r0, r0",1
"ldcgt p0, c5, [r0, -0]!",1
"ldclgt p0, c0, [r0, -0]!",1
"andeq r0, r1, r0",1
"sbceq r7, sp, r8, asr r0",1
"sbceq r7, sp, r0, lsl 16",1
"andpl r0, r0, r0, lsl 2",1
"andeq ip, r0, r8, ror sp",1
"andeq ip, r0, r8, lsl 27",1
"subseq r0, r8, r1",1
"andeq r0, r0, r0",1
"strlt r0, [r0], -0",1
"stmda r0, {r2, r3, r6, r7}",1
"smlabteq r0, ip, r0, r0",1
"stclgt p1, c5, [r8], 0",1
"stcgt p0, c0, [r8, -0]!",1
"andeq r0, r1, r0",1
"sbceq r2, sp, sb, asr r8",1
"sbceq r3, sp, r0",1
invalid,1
"andeq ip, r0, r0, lsr sp",1
"andeq ip, r0, r0, ror sp",1
"subsvc r0, sb, r1",1
"stmdavc r0, {r0, r2, r3, r6, r7}",1
"smlabteq r0, sp, r0, r0",1
"ldclgt p1, c5, [r8, -0]!",1
"stcgt p0, c0, [r8]",1
"andeq r0, r1, r0",1
"andeq r0, r0, sb, asr r0",1
"andeq r0, r0, r0",1
"sbceq fp, ip, r0, lsl 8",1
"sbceq pc, ip, r0, lsl 14",1
"andpl r0, r0, 0, 2",1
"strdeq ip, sp, [r0], -r7",1
"andeq ip, r0, r8, lsr 26",1
"ldmdahs r5, {r0} ^",1
"andlo r0, r0, sp, asr 1",1
"smlabteq r0, sp, r0, r0",1
"ldcgt p2, c5, [r0, -0]!",1
"ldclgt p0, c0, [r0, -0]!",1
"andeq r0, r1, r0",1
"sbceq r7, sp, r5, asr r0",1
"sbceq r7, sp, r0, lsl 16",1
"andpl r0, r0, 0, 2",1
"andeq ip, r0, r8, ror sp",1
"andeq ip, r0, r8, lsl 27",1
"subseq r0, r5, r1",1
"andeq r0, r0, r0",1
"strlt r0, [r0], -0",1
invalid,1
"smlabteq r0, ip, r0, r0",1
"ldclgt p3, c5, [r7], 0",1
"stcgt p0, c0, [r8, -0]!",1
"andeq r0, r1, r0",1
"sbceq r2, sp, sl, asr r8",1
"sbceq r3, sp, r0",1
"movwpl r0, 0x100",1
"andeq ip, r0, r0, lsr sp",1
"andeq ip, r0, r0, ror sp",1
"subsvc r0, sl, r1",1
"stmdavc r0, {r0, r2, r3, r6, r7}",1
"smlabteq r0, sp, r0, r0",1
"ldclgt p3, c5, [r8, -0]!",1
"stcgt p0, c0, [r8]",1
"andeq r0, r1, r0",1
"andeq r0, r0, sl, asr r0",1
"andeq r0, r0, r0",1
"sbceq r2, sp, r0",1
"sbceq r2, sp, r0, lsl 16",1
"strpl r0, [r0], -r0, lsl 2",1
"andeq ip, r0, r0, lsr sp",1
"andeq ip, r0, pc, asr sp",1
"subseq r0, r1, r1",1
"andeq r0, r0, r0",1
"strvs r0, [r0], -0",1
"stmdavs r0, {r0, r2, r3, r6, r7}",1
"smlabteq r0, sp, r0, r0",1
"stclgt p0, c5, [r8, -0]!",1
"ldclgt p0, c0, [r0, -0]!",1
"andeq r0, r1, r0",1
"andeq r0, r0, r4, asr r0",1
"andeq r0, r0, r0",1
"sbceq sp, ip, r0",1
"sbceq sp, ip, r0, lsl 8",1
"strvc r0, [r0], -0x600",1
"andhs r7, r0, 0, 4",1
"smulleq sp, ip, pc, r4",1
"sbceq r8, sp, r0, lsl 16",1
"strpl r0, [r0, -r0, lsl 2]",1
"andeq r0, r0, r0",1
"andeq r0, r0, r0",1
"ldrdeq ip, sp, [r0], -r0",1
"strdeq ip, sp, [r0], -r8",1
svcls 0x300002,1
"strdeq ip, sp, [r0], -r8",1
"andeq ip, r0, pc, lsl 26",1
svceq 0x500001,1
"stmdahs r0, {r0, r2, r3, r6, r7}",1
"smlabteq r0, sp, r0, r0",1
"stcgt p6, c5, [r8, -0]!",1
"ldcgt p0, c0, [r0, -0]!",1
"andeq r0, r2, r0",1
"ldcgt p15, c9, [r0, -0xc0]!",1
"ldclgt p0, c0, [r0, -0]!",1
"andeq r0, r1, r0",1
"sbceq r7, sp, r6, asr r0",1
"sbceq r7, sp, r0, lsl 16",1
"andlo r0, r0, r0, lsl 4",1
"smulleq r7, sp, pc, r8",1
"sbceq r7, sp, r0, lsl 24",1
"andpl r0, r0, r0, lsl 2",1
"andeq r0, r0, r0",1
"andeq r0, r0, r0",1
"andeq ip, r0, r0, lsl 26",1
"andeq ip, r0, r8, lsr 26",1
"subseq r0, r5, r1",1
"andeq r0, r0, r0",1
"andeq r0, r0, r0",1
"stmdahs r0, {r0, r2, r3, r6, r7}",1
"smlabteq r0, sp, r0, r0",1
"andeq r5, r0, r0, lsl 18",1
"andeq r0, r0, r0",1
"stcgt p0, c0, [r0, -0]",1
"stcgt p0, c0, [0x000527d4]",1
"andeq r0, r1, r0",1
"sbceq r0, sp, r0, asr pc",1
"sbceq r2, sp, r0, lsl 16",1
"strpl r0, [r0], -r0, lsl 2",1
"andeq r0, r0, r0",1
"andeq r0, r0, r0",1
"andeq ip, r0, r0, lsl sp",1
"andeq ip, r0, r8, lsr 26",1
"subseq r0, r4, r1",1
"andeq r0, r0, r0",1
"andne r0, r0, r0",1
"stmdahs r0, {r0, r2, r3, r6, r7}",1
"smlabteq r0, sp, r0, r0",1
"andeq r5, r0, r0, lsl 20",1
"andeq r0, r0, r0",1
"ldcgt p0, c0, [r0, -0]",1
"ldcgt p0, c0, [r4, -0]",1
"andeq r0, r6, r0",1
"rsbseq r0, r5, r6, ror r0",1
"ldcgt p15, c9, [r4, -0x88]",1
"ldcgt p0, c0, [0x00052828]",1
"andeq r0, r1, r0",1
"sbceq r1, sp, r0, asr pc",1
"sbceq r2, sp, r0, lsl 16",1
"strvc r0, [r0], -r0, lsl 12",1
"andhs r7, r0, 0, 10",1
"muleq r0, pc, r0",1
"andeq r0, r0, r0",1
"sbceq r8, sp, r0, lsl 16",1
"sbceq r8, sp, r0, lsl 24",1
"stcvc p2, c0, [r0, -0]",1
"sbceq r8, sp, r0, lsl 24",1
"sbceq sb, lr, r0, lsl 8",1
"stcvc p2, c0, [r0, -0]",1
"andeq r0, r0, r8, lsl r0",1
"andeq r0, r0, r0",1
"sbceq r8, sp, r0, lsl 16",1
"sbceq ip, sp, r0, lsl 8",1
"andpl r0, r0, r0, lsl 2",1
"andeq ip, r0, r4, asr 27",1
"muleq r0, r4, lr",1
"subseq r0, r4, r1",1
"andeq r0, r0, r0",1
invalid,1
"strgt r0, [r0, -sp, asr 1]",1
"smlabteq r0, sp, r0, r0",1
"stclgt p1, c5, [r7]",1
"cdpgt p0, 9, c0, c4, c0, 0",1
"andeq r0, r1, r0",1
"andeq r0, r0, r6, asr r0",1
"andeq r0, r0, r0",1
"sbceq r8, sp, r0, lsl 16",1
"sbceq sl, sp, r0, lsl 8",1
"andpl r0, r0, 0, 2",1
"andeq ip, r0, r4, lsr 27",1
"andeq ip, r0, ip, lsl 28",1
"mrrceq p0, 0, r0, r5, c1",1
"strhi r0, [r0], -0xce",1
"streq r0, [r0], -0xce",1
"andpl pc, r1, 0, 6",1
"smulleq r8, lr, pc, r4",1
"sbceq sb, lr, r0, lsl 8",1
"strpl r0, [r0, -0x100]",1
"andeq r0, r0, r0",1
"andeq r0, r0, r0",1
"andeq ip, r0, r8, asr 28",1
"andeq ip, r0, ip, asr lr",1
"mrrcpl p0, 0, r0, r0, c1",1
"stmdavs r0, {r1, r2, r3, r6, r7}",1
"smlabteq r0, lr, r0, r0",1
"cdpgt p5, 6, c5, c8, c0, 0",1
"cdpgt p0, 7, c0, c0, c0, 0",1
"andeq r0, r1, r0",1
"andeq r0, r0, r0, asr r0",1
"andeq r0, r0, r0",1
"sbceq sb, lr, r0, lsl 8",1
"sbceq sb, lr, r0, lsl 16",1
"stcvc p2, c0, [r0, -0]",1
"sbceq sb, lr, r0, lsl 16",1
"sbceq r0, pc, r0, lsl 24",1
"stcvc p2, c0, [r0, -0]",1
"andeq r0, r0, r8, lsl r0",1
"andeq r0, r0, r0",1
"sbceq sb, lr, r0, lsl 8",1
"sbceq sl, lr, r0, lsl 22",1
"andpl r0, r0, r0, lsl 2",1
"andeq ip, r0, fp, lsr 29",1
"andeq ip, r0, ip, lsr 29",1
invalid,1
"mcrgt p15, 5, sb, c12, c0, 2",1
"cdpgt p0, 0xb, c0, c8, c0, 0",1
"andeq r0, r1, r0",1
"sbceq fp, lr, r0, asr r8",1
"sbceq r0, pc, r0, lsl 24",1
"vshl.u8 d0, d0, d0",1
"addseq r5, pc, r1",1
"andeq r0, r0, r0",1
"strls r0, [r0], -0",1
blge 0x52c98,1
"smlabteq r0, lr, r0, r0",1
"cdpgt p1, 0xa, c5, c11, c0, 0",1
"cdpgt p0, 0xa, c0, c12, c0, 0",1
"andeq r0, r4, r0",1
svcls 0x5101f3,1
"andeq ip, r0, ip, lsr 29",1
"strheq ip, [r0], -r4",1
"ldrblt r0, [r1], -1",1
invalid,1
"streq r0, [r0], -0xcf",1
"mrspl pc, sp_irq",1
"muleq r0, pc, r0",1
"andeq r0, r0, r0",1
"sbceq sb, lr, r0, lsl 8",1
"sbceq sl, lr, r0, lsl 22",1
"andpl r0, r0, 0, 2",1
"andeq ip, r0, fp, lsr 29",1
"andeq ip, r0, ip, lsr 29",1
"mrrcge p0, 0, r0, r6, c1",1
"stmdagt r0, {r1, r2, r3, r6, r7}",1
"smlabteq r0, lr, r0, r0",1
"cdpgt p2, 0xc, c5, c8, c0, 0",1
svcgt 0xc0000,1
"andeq r0, r1, r0",1
"andeq r0, r0, r6, asr r0",1
"andeq r0, r0, r0",1
"sbceq sb, lr, r0, lsl 8",1
"sbceq sl, lr, r0, lsl 22",1
"movwpl r0, 0x100",1
"andeq ip, r0, fp, lsr 29",1
"andeq ip, r0, ip, lsr 29",1
"mrrcge p0, 0, r0, r5, c1",1
"andlt r0, r0, lr, asr 1",1
"smlabteq r0, lr, r0, r0",1
"cdpgt p3, 0xb, c5, c0, c0, 0",1
svcgt 0xc0000,1
"andeq r0, r1, r0",1
"andeq r0, r0, r5, asr r0",1
"andeq r0, r0, r0",1
"sbceq sp, lr, r0",1
"sbceq sp, lr, r0, lsl 6",1
"andpl r0, r0, r0, lsl 2",1
"ldrdeq ip, sp, [r0], -r3",1
"andeq ip, r0, ip, lsl 30",1
"subseq r0, r7, r1",1
"andeq r0, r0, r0",1
"and r0, r0, r0",1
"stmda r0, {r1, r2, r3, r6, r7}",1
"smlabteq r0, lr, r0, r0",1
"cdpgt p4, 0xe, c5, c8, c0, 0",1
"cdpgt p0, 0xf, c0, c15, c0, 0",1
"andeq r0, r1, r0",1
"andeq r0, r0, r2, asr r0",1
"andeq r0, r0, r0",1
"sbceq pc, lr, r0, lsl 8",1
"sbceq pc, lr, r0, lsl 30",1
"andpl r0, r0, 0, 2",1
"andeq r0, r0, r0",1
"andeq r0, r0, r0",1
"strdeq ip, sp, [r0], -r4",1
"andeq ip, r0, r0, lsl 30",1
"subseq r0, r7, r1",1
"andeq r0, r0, r0",1
"vst4.8 {d0, d1, d2, d3}, [r0], r0",1
"andeq r0, r0, lr, asr 1",1
"smlabteq r0, pc, r0, r0",1
"andeq r5, r0, r0, lsl 12",1
"andeq r0, r0, r0",1
svcgt 0xc0000,1
svcgt 0x100000,1
"andeq r0, r2, r0",1
svcgt 0x10007d,1
svcgt 0x680000,1
"andeq r0, r2, r0",1
"andeq r1, r0, sp, ror r0",1
"andeq r0, r0, r0",1
svcgt 0xc0000,1
svcgt 0x300000,1
"andeq r0, r1, r0",1
"sbceq r3, pc, r0, asr r0",1
"sbceq r6, pc, r0, lsl 16",1
"strpl r0, [r0], -0x100",1
"andeq r0, r0, r0",1
"andeq r0, r0, r0",1
"andeq ip, r0, r8, lsl pc",1
"andeq ip, r0, r0, asr 30",1
"subseq r0, r5, r1",1
"andeq r0, r0, r0",1
invalid,1
invalid,1
"andeq r0, r0, 0xcf",1
invalid,1
"andvc r0, r0, pc, asr 1",1
"andeq r0, r0, 0xcf",1
"eorvc r7, r4, r0, lsl 26",1
"strlo r0, [r0], -0xcf",1
"movweq r0, 0xd0",1
"sbceq r7, r0, r0, lsl 26",1
"andeq r0, r0, r0",1
"andeq r0, r0, r0",1
"andeq ip, r0, r8, ror 30",1
"muleq r0, r0, pc",1
"subsls r0, r0, r1",1
"stmdaeq r0, {r0, r1, r2, r3, r6, r7}",1
"ldrdeq r0, r1, [r0, -r0]",1
"andle r5, r8, r0, lsl 8",1
"eorsle r0, r4, r0",1
"andeq r0, r4, r0",1
svcls 0x5001f3,1
"andeq r0, r0, r0",1
"andeq r0, r0, r0",1
"andeq ip, r0, r8, ror 30",1
"andeq ip, r0, fp, lsr 31",1
blge 0x1492b2c,1
"strlo r0, [r0], -0xcf",1
"ldrdeq r0, r1, [r0, -r0]",1
"andeq r5, r0, r0, lsl 14",1
"andeq r0, r0, r0",1
svcgt 0x680000,1
svcgt 0xab0000,1
"andeq r0, r1, r0",1
"sbceq sl, pc, r2, asr fp",1
"sbcseq r3, r0, r0, lsl 8",1
"stmdbpl r0, {r8}",1
"andeq r0, r0, r0",1
"andeq r0, r0, r0",1
"andeq ip, r0, r8, ror 30",1
"andeq ip, r0, ip, lsl 31",1
"mrrchi p0, 0, r0, r3, c1",1
"strlo r0, [r0], -0xcf",1
"ldrdeq r0, r1, [r0, -r0]",1
"andeq r5, r0, r0, lsl 16",1
"andeq r0, r0, r0",1
"andle r0, r8, r0",1
"andsle r0, r8, r0",1
"andeq r0, r1, r0",1
"sbcseq r1, r0, r0, asr r8",1
"sbcseq r2, r0, r0, lsl 16",1
"strpl r0, [r0], -0x100",1
"andeq r0, r0, r0",1
"andeq r0, r0, r0",1
"muleq r0, ip, pc",1
"andeq ip, r0, r4, lsr 31",1
"ldrbge r0, [fp], -1",1
"strlt r0, [r0], -0xcf",1
"andeq r0, r0, 0xcf",1
"ldrlt r3, [pc], 0           ; [0x52bac:4]=0x10000d0",1
"stmdahs r0, {r0, r1, r2, r3, r6, r7}",1
"ldrdeq r0, r1, [r0, -r0]",1
"andeq r5, r0, r0, lsl 22",1
"andeq r0, r0, r0",1
svcgt 0xa00000,1
svcgt 0xa40000,1
"andeq r0, r1, r0",1
"sbceq fp, pc, sl, asr r0",1
"sbceq fp, pc, r0, lsl 8",1
"andpl r0, r0, r0, lsl 2",1
"strheq ip, [r0], -r4",1
"andeq sp, r0, r8, lsr 32",1
"subseq r0, sl, r1",1
"andeq r0, r0, r0",1
"strlo r0, [r0], -0",1
"stmdalo r0, {r4, r6, r7}",1
"andeq r0, r0, 0xd0",1
"stmdalo r0, {r8, sl, fp, ip, sp, lr}",1
invalid,1
"andeq r0, r0, 0xd0",1
invalid,1
"strvs r0, [r0], -0xd0",1
"andeq r0, r0, 0xd0",1
"andseq r7, r8, r0, lsl 26",1
"andeq r0, r0, r0",1
"strlo r0, [r0], -0",1
blpl 0x52f58,1
"ldrdeq r0, r1, [r0, -r0]",1
"subsle r5, fp, r0",1
"rsble r0, r4, r0",1
"andeq r0, r4, r0",1
svcls 0x5001f3,1
"andeq r0, r0, r0",1
"andeq r0, r0, r0",1
"andeq sp, r0, r4, lsr r0",1
"andeq sp, r0, fp, asr r0",1
blpl 0x1492c44,1
"strvs r0, [r0], -0xd0",1
"streq r0, [r0], -0xd0",1
"mrspl pc, sp_irq",1
"muleq r0, pc, r0",1
"andeq r0, r0, r0",1
"sbcseq r3, r0, r0, lsl 8",1
"sbcseq r5, r0, r0, lsl 22",1
"andpl r0, r0, 0, 2",1
"andeq sp, r0, fp, asr r0",1
"andeq sp, r0, r4, rrx",1
invalid,1
"andeq sb, r0, r2, asr pc",1
"andeq r0, r0, r0",1
"eorsle r0, r4, r0",1
"subsle r0, fp, r0",1
"andeq r0, r1, r0",1
"sbcseq r5, r0, r3, asr fp",1
"sbcseq r6, r0, r0, lsl 8",1
"vshl.u8 d0, d0, d0",1
"addseq r5, pc, r1, lsl 6",1
"andeq r0, r0, r0",1
"strvs r0, [r0], -0",1
"stmdavs r0, {r4, r6, r7}",1
"andeq r0, r0, 0xd0",1
"stmdavs r0, {r8, sl, fp, ip, sp, lr}",1
invalid,1
"andeq r0, r0, 0xd0",1
invalid,1
"strls r0, [r0], -0xd0",1
"andeq r0, r0, 0xd0",1
"andseq r7, r8, r0, lsl 26",1
"andeq r0, r0, r0",1
"strvs r0, [r0], -0",1
blhi 0x53008,1
"ldrdeq r0, r1, [r0, -r0]",1
"addle r5, fp, r0",1
"addsle r0, r4, r0",1
"andeq r0, r4, r0",1
svcls 0x5001f3,1
"andeq r0, r0, r0",1
"andeq r0, r0, r0",1
"andeq sp, r0, r4, rrx",1
"andeq sp, r0, fp, lsl 1",1
blhi 0x1492cf4,1
"strls r0, [r0], -0xd0",1
"streq r0, [r0], -0xd0",1
"mrspl pc, sp_irq",1
"muleq r0, pc, r0",1
"andeq r0, r0, r0",1
"sbcseq r6, r0, r0, lsl 8",1
"sbcseq r8, r0, r0, lsl 22",1
"andpl r0, r0, 0, 2",1
"andeq sp, r0, fp, lsl 1",1
"muleq r0, r4, r0",1
invalid,1
"andeq sb, r0, r2, asr pc",1
"andeq r0, r0, r0",1
"rsble r0, r4, r0",1
"addle r0, fp, r0",1
"andeq r0, r1, r0",1
"sbcseq r8, r0, r3, asr fp",1
"sbcseq sb, r0, r0, lsl 8",1
"vshl.u8 d0, d0, d0",1
"addseq r5, pc, r1, lsl 6",1
"andeq r0, r0, r0",1
"strls r0, [r0], -0",1
"stmdals r0, {r4, r6, r7}",1
"andeq r0, r0, 0xd0",1
"stmdals r0, {r8, sl, fp, ip, sp, lr}",1
invalid,1
"andeq r0, r0, 0xd0",1
invalid,1
"stmdale r0, {r4, r6, r7}",1
"andeq r0, r0, 0xd0",1
"eoreq r7, r0, r0, lsl 26",1
"andeq r0, r0, r0",1
"strls r0, [r0], -0",1
svcgt 0xd0,1
"ldrdeq r0, r1, [r0, -r0]",1
"sbcle r5, pc, r0",1
"sbcsle r0, r8, r0",1
"andeq r0, r4, r0",1
svcls 0x5001f3,1
"andeq r0, r0, r0",1
"andeq r0, r0, r0",1
"muleq r0, r4, r0",1
"andeq sp, r0, pc, asr 1",1
svcgt 0x510001,1
"stmdale r0, {r4, r6, r7}",1
"streq r0, [r0], -0xd0",1
"mrspl pc, sp_irq",1
"muleq r0, pc, r0",1
"andeq r0, r0, r0",1
"sbcseq sb, r0, r0, lsl 8",1
"sbcseq ip, r0, r0, lsl 30",1
"andpl r0, r0, 0, 2",1
"andeq sp, r0, pc, asr 1",1
"ldrdeq sp, lr, [r0], -r8",1
invalid,1
"andeq sb, r0, r2, asr pc",1
"andeq r0, r0, r0",1
"addsle r0, r4, r0",1
"sbcle r0, pc, r0",1
"andeq r0, r1, r0",1
"sbcseq ip, r0, r3, asr pc",1
"sbcseq sp, r0, r0, lsl 16",1
"vshl.u8 d0, d0, d0",1
"addseq r5, pc, r1, lsl 6",1
"andeq r0, r0, r0",1
invalid,1
invalid,1
"andeq r0, r0, 0xd0",1
invalid,1
"ldrd r0, r1, [r0], -r0",1
"andeq r0, r0, 0xd0",1
"and r7, r4, r0, lsl 26",1
invalid,1
"andeq r0, r0, 0xd1",1
"eoreq r7, r0, r0, lsl 26",1
"andeq r0, r0, r0",1
invalid,1
"movwne r0, 0xd0",1
"ldrdeq r0, r1, [r0, -r1]",1
"tstle r3, r0",1
"tstle ip, r0",1
"andeq r0, r4, r0",1
svcls 0x5001f3,1
"andeq r0, r0, r0",1
"andeq r0, r0, r0",1
"ldrdeq sp, lr, [r0], -r8",1
"andeq sp, r0, r3, lsl r1",1
"cmpne r1, 1",1
invalid,1
"streq r0, [r0], -0xd1",1
"mrspl pc, sp_irq",1
"muleq r0, pc, r0",1
"andeq r0, r0, r0",1
"sbcseq sp, r0, r0, lsl 16",1
"sbcseq r1, r1, r0, lsl 6",1
"andpl r0, r0, 0, 2",1
"andeq sp, r0, r3, lsl r1",1
"andeq sp, r0, ip, lsl r1",1
invalid,1
"andeq sb, r0, r2, asr pc",1
"andeq r0, r0, r0",1
"sbcsle r0, r8, r0",1
"tstle r3, r0",1
"andeq r0, r1, r0",1
"sbcseq r1, r1, r3, asr r3",1
"sbcseq r1, r1, r0, lsl 24",1
"vshl.u8 d0, d0, d0",1
"addseq r5, pc, r1, lsl 6",1
"andeq r0, r0, r0",1
invalid,1
"ldrdmi r0, r1, [r0], -r1",1
"ldrdeq r0, r1, [r0, -r1]",1
"mrsle r5, SPSR_irq",1
"mrsle r0, spsr",1
"andeq r0, r2, r0",1
hvc 0x8041,1
"mrsle r0, spsr",1
"andeq r0, r1, r0",1
"sbcseq r4, r1, r3, asr ip",1
"sbcseq r6, r1, r0, lsl 16",1
"vshl.u8 d0, d0, d0",1
"addseq r5, pc, r1, lsl 6",1
"andeq r0, r0, r0",1
"andeq r0, r0, r0",1
"streq r0, [r0], -0",1
"andeq r0, r0, 0",1
"streq r7, [r0], -0xd00",1
invalid,1
"andeq r0, r0, 0",1
"andseq r7, r0, r0, lsl 26",1
"andeq r0, r0, r0",1
"andeq r0, r0, r0",1
bleq 0x52f04,1
invalid,1
"andeq r5, fp, r0",1
"addeq r0, ip, r0",1
"andeq r0, r1, r0",1
"andeq r0, r0, r4, asr r0",1
"andeq r0, r0, r0",1
"andeq r1, r0, r0",1
"andeq r1, r0, r0, lsl 24",1
"andvc r0, r0, r0, lsl 10",1
svcls 0x2e3000,1
"andeq r0, r0, ip, lsl r0",1
"andeq r0, r0, ip, lsl 1",1
"rsbseq r0, r6, r5",1
"addseq r2, pc, r0, lsr lr",1
"andeq r0, r0, r0",1
invalid,1
"movwmi r0, 0",1
invalid,1
"subseq r5, r8, r0",1
"rsbeq r0, r3, r0",1
"andeq r0, r1, r0",1
"andeq r7, r0, r0, asr r4",1
"andeq r7, r0, r0, lsl 16",1
"andpl r0, r0, r0, lsl 2",1
"andeq r0, r0, ip, ror r0",1
"andeq r0, r0, r0, lsl 1",1
"ldrbhi r0, [r0], -1",1
invalid,1
invalid,1
"andeq r5, r0, r0",1
"andeq r0, r0, r0",1
"andeq r0, r0, r0",1
"andeq r0, r4, r0",1
"andeq r0, r2, r0",1
"andeq r0, r4, sp, ror r0",1
"andeq r0, r8, r0",1
"andeq r0, r2, r0",1
"andeq r2, r8, sp, ror r4",1
invalid,1
"andeq r0, r3, r0",1
"andeq sb, r1, sp, ror r0",1
"andeq r0, r0, r0",1
"andne r0, r0, r0",1
"andhs r0, r0, r0",1
invalid,1
"eoreq r5, r0, r0",1
invalid,1
"andeq r0, r1, r0",1
"andeq r2, r3, r5, asr r8",1
"andeq r3, r3, r0, lsl 8",1
"strvc r1, [r0, -0x100]",1
"stmdagt ip!, {r8, sb}",1
"rsbseq r0, r0, r1",1
invalid,1
svcls 0x131600,1
"andeq r0, r0, r4, lsr r3",1
"andeq r0, r0, r0, ror 6",1
"rsbseq r0, r5, r6, lsl r0",1
"biceq r2, r8, r3, lsl 24",1
"strls r7, [r0], -0x500",1
bne 0x14ffc,1
invalid,1
svcls 0x131600,1
"andeq r0, r0, r0",1
"andeq r0, r0, r0",1
"strheq r0, [r0], -r0",1
"andeq r0, r0, r8, lsl 6",1
"ldmdaeq r4, {r0} ^",1
"stmdane r0, {r0, r1}",1
invalid,1
"tsteq r8, 0, 12",1
invalid,1
"andeq r0, r1, r0",1
"andeq r0, r0, r4, asr r0",1
"andeq r0, r0, r0",1
"andeq r2, r0, r0, lsl 16",1
"andeq r0, r1, r0, lsl 8",1
"strpl r0, [r0], -0x100",1
"andeq r0, r0, r4, lsl 2",1
"andeq r0, r0, ip, lsl 2",1
"strvc r0, [r3], -6",1
svcls 0x1bd,1
"andeq r0, r0, ip, lsl 5",1
"muleq r0, r0, r2",1
"ldmdals r4, {r0} ^",1
invalid,1
invalid,1
"andeq r5, r0, r0, lsl 8",1
"andeq r0, r0, r0",1
"eorseq r0, r8, r0",1
"subseq r0, r3, r0",1
"andeq r0, r1, r0",1
"andeq r5, r0, r0, asr r3",1
"andeq r6, r0, r0",1
"strpl r0, [r0], -r0, lsl 2",1
"andeq r0, r0, r0, rrx",1
"andeq r0, r0, r4, ror r0",1
"subseq r0, r0, r1",1
"andeq r0, r0, r0",1
invalid,1
"movwlt r0, 0",1
invalid,1
"adcseq r5, r3, r0",1
"adceq r0, r4, 0",1
"andeq r0, r1, r0",1
"andeq sl, r2, r7, asr r4",1
"andeq sl, r2, r0, lsl 16",1
"andpl r0, r0, r0, lsl 2",1
"andeq r0, r0, r8, lsr 5",1
"strheq r0, [r0], -r0",1
"subseq r0, r7, r1",1
"andeq r0, r0, r0",1
"andlo r0, r0, r0",1
"andlt r0, r0, r0",1
"streq r0, [r0], -r2",1
"stmdagt r4, {r8, sb} ^",1
"addseq r0, pc, r1",1
"andeq r0, r0, r0",1
"strpl r0, [r0], -0",1
"andvs r0, r0, r0",1
invalid,1
"andeq r5, r0, r0",1
"andeq r0, r0, r0",1
"addseq r0, r0, r0",1
invalid,1
"andeq r0, r1, r0",1
"andeq r8, r2, sb, asr ip",1
"andeq sb, r2, r0, lsl 8",1
"stmdbpl r0, {r8}",1
"andeq r0, r0, r4, lsr 5",1
"andeq r0, r0, r8, lsr 5",1
"subseq r0, sb, r1",1
"andeq r0, r0, r0",1
"strpl r0, [r0], -0",1
"andvs r0, r0, r0",1
"andeq r0, r0, 0",1
"addseq r3, pc, r0, lsl 26",1
"andeq r0, r0, r0",1
"strge r0, [r0], -0",1
"and r0, r0, r0",1
invalid,1
"andeq r5, r0, r0, lsl 16",1
"andeq r0, r0, r0",1
"adceq r0, r4, r0",1
"rscseq r0, r4, r0",1
"andeq r0, r1, r0",1
"andeq r8, r2, r6, asr ip",1
"andeq sb, r2, r0, lsl 8",1
"strpl r0, [r0], -r0, lsl 2",1
"andeq r0, r0, r0",1
"andeq r0, r0, r0",1
"andeq r0, r0, r4, lsr 1",1
"strheq r0, [r0], -r3",1
"cmplt r0, 1",1
"strge r0, [r0], -0",1
invalid,1
"andeq r5, r0, r0, lsl 14",1
"andeq r0, r0, r0",1
"sbceq r0, r0, r0",1
"adceq r0, r4, 0",1
"andeq r0, r6, r0",1
"biceq r4, r8, r3, lsl 8",1
"andeq sb, r0, r0, lsl 30",1
"andeq r0, r0, r0",1
"sbceq r0, r0, r0",1
"sbceq r0, r4, r0",1
"andeq r0, r6, r0",1
"rsbseq r0, sl, r7, ror r0",1
"sbceq sb, r4, r2, lsr 30",1
"sbceq r0, pc, r0",1
"andeq r0, r1, r0",1
"andeq ip, r0, r0, asr pc",1
"andeq pc, r0, r0, lsl 16",1
"strvc r0, [r0, -r0, lsl 12]",1
"andhs r7, r0, 0, 20",1
"muleq r2, pc, ip",1
"andeq sb, r2, r0, lsl 8",1
"strvc r0, [r0, -r0, lsl 12]",1
"andhs r7, r0, 0, 20",1
"muleq r0, pc, r0",1
"andeq r0, r0, r0",1
"andeq ip, r0, r0",1
"andeq sl, r2, r0, lsl 8",1
"cdplo p2, 0, c0, c0, c0, 0",1
"muleq r0, pc, r0",1
"andeq r0, r0, r0",1
"andeq sp, r0, r0",1
"andeq sl, r2, r0, lsl 8",1
beq 0x541f8,1
"addseq r8, pc, r0",1
"andeq r0, r0, r0",1
"andle r0, r0, r0",1
"strge r0, [r0], -0",1
invalid,1
"andeq r5, r0, r0, lsl 14",1
"andeq r0, r0, r0",1
"rscseq r0, r0, r0",1
invalid,1
"andeq r0, r1, r0",1
"andeq r0, r1, r0, asr r0",1
"andeq r8, r2, r0, lsl 24",1
"strpl r0, [r0], -r0, lsl 2",1
"muleq r0, r4, r2",1
"muleq r0, r8, r2",1
"subseq r0, r6, r1",1
"andeq r0, r0, r0",1
invalid,1
"stmda r0, {r0}",1
invalid,1
invalid,1
invalid,1
"andeq r0, r1, r0",1
"andeq lr, r1, r0, asr ip",1
"andeq r0, r2, r0, lsl 16",1
"strpl r0, [r0], -0x100",1
"andeq r0, r0, r8, lsl 4",1
"andeq r0, r0, r4, lsl r2",1
"ldrbne r0, [r0], -1",1
"stmdane r0, {r1}",1
invalid,1
"andseq r5, r8, 0, 16",1
"eoreq r0, r8, 0",1
"andeq r0, r2, r0",1
"eoreq sb, r8, 48, 30",1
"eorseq r0, r0, 0",1
"andeq r0, r1, r0",1
"andeq r3, r2, r0, asr r0",1
"andeq r5, r2, r0, lsl 24",1
"stmdapl r0, {r8}",1
"andeq r0, r0, ip, asr r2",1
"andeq r0, r0, ip, lsl 5",1
"ldrbls r0, [r4], -1",1
"stmdals r0, {r1}",1
invalid,1
"andeq r5, r0, r0, lsl 8",1
"andeq r0, r0, r0",1
invalid,1
"andseq r0, r0, 0",1
"andeq r0, r1, r0",1
"andeq r1, r2, sl, asr r0",1
"andeq r2, r2, r0, lsl 16",1
"andlo r0, r0, r0, lsl 4",1
"muleq r2, pc, r8",1
"andeq r8, r2, r0, lsl 24",1
bpl 0x536d8,1
"muleq r0, r4, r2",1
"muleq r0, r8, r2",1
"subseq r0, sl, r1",1
"andeq r0, r0, r0",1
"andgt r0, r0, r0",1
"strgt r0, [r0], -1",1
invalid,1
"biceq r5, r4, r0",1
"subseq r0, ip, 0",1
"andeq r0, r1, r0",1
"andeq r0, r0, sb, asr r0",1
"andeq r0, r0, r0",1
"andeq ip, r1, r0, lsl 24",1
"andeq sp, r1, r0, lsl 16",1
"andpl r0, r0, r0, lsl 2",1
"ldrdeq r0, r1, [r0], -r8",1
"andeq r0, r0, ip, ror 3",1
"mrrc p0, 0, r0, fp, c1",1
invalid,1
invalid,1
invalid,1
"eoreq r0, ip, 0",1
"andeq r0, r1, r0",1
"andeq r0, r0, fp, asr r0",1
"andeq r0, r0, r0",1
"andeq ip, r1, r0, lsl 24",1
"andeq r2, r2, r0, lsl 8",1
"strpl r0, [r0], -0x100",1
"andeq r0, r0, r8, lsr 4",1
"andeq r0, r0, r8, asr r2",1
"subseq r0, r4, r1",1
"andeq r0, r0, r0",1
invalid,1
invalid,1
invalid,1
"addseq r5, r4, 0, 12",1
"addseq r0, r8, 0",1
"andeq r0, r1, r0",1
"andeq r0, r0, r6, asr r0",1
"andeq r0, r0, r0",1
"andeq r5, r1, r0, lsl 8",1
"andeq sb, r1, r0",1
"strpl r0, [r0], -r0, lsl 2",1
"andeq r0, r0, r4, ror 4",1
"andeq r0, r0, ip, ror 4",1
"subseq r0, r6, r1",1
"andeq r0, r0, r0",1
invalid,1
invalid,1
invalid,1
"andeq r5, r0, r0, lsl 26",1
"andeq r0, r0, r0",1
"eoreq r0, ip, 0",1
"eorseq r0, r0, 0",1
"andeq r0, fp, r0",1
"rsbseq r0, sb, r0, ror r0",1
"andhs r7, r0, 28, 22",1
"addslo r1, pc, r2, lsr ip",1
invalid,1
bleq 0x533d0,1
"stmdbvc r0, {fp, ip, sp, lr}",1
"rsbseq r1, fp, r0, lsl 24",1
svcls 0x1c3222,1
"andeq r0, r0, r0",1
"andeq r0, r0, r0",1
"andeq r0, r0, r4, asr 4",1
"andeq r0, r0, r0, asr r2",1
"ldcls p0, c0, [r1], {4}",1
"subseq sb, r0, 0x1fc",1
"subseq r0, r3, 0",1
"andeq r0, r1, r0",1
"andeq r5, r2, r1, asr r3",1
"andeq r5, r2, r0, lsl 24",1
invalid,1
"umullseq r7, pc, ip, pc",1
"andeq r0, r0, r0",1
"strmi r0, [r0], -0",1
invalid,1
"stmdaeq r0, {r1}",1
blvc 0x71418,1
"ldcne p2, c2, [r1], -0",1
"muleq r0, pc, r0",1
"andeq r0, r0, r0",1
"andeq r0, r0, r0",1
"andeq r0, r0, r0, lsl 8",1
"stcvc p2, c0, [r0, -0]",1
"andeq r0, r0, r0, lsl 8",1
"andeq r3, r0, r0, lsl 24",1
"stcvc p2, c0, [r0, -0]",1
"andeq r0, r0, r8, lsl r0",1
"andeq r0, r0, r0",1
"andeq r0, r0, r0",1
"andeq r1, r0, r0, lsl 14",1
"andpl r0, r0, r0, lsl 12",1
"cmpls r1, 0x93000000",1
"andeq r1, r0, r4, lsl 14",1
"andeq r3, r0, r0, lsl 24",1
"vmax.u8 d0, d0, d0",1
invalid,1
"muleq r0, pc, r0",1
"andeq r0, r0, r0",1
"andeq r0, r0, r0",1
"andeq r1, r0, r0, lsl 14",1
"andpl r0, r0, 0, 12",1
"cmpls r3, 0x93000000",1
"andeq r1, r0, r4, lsl 14",1
"andeq r3, r0, r0, lsl 24",1
"vmax.u8 d0, d0, d0",1
invalid,1
"muleq r0, pc, r0",1
"andeq r0, r0, r0",1
"andeq r3, r0, r0, lsl 24",1
"andeq r4, r0, r0",1
"stcvc p2, c0, [r0, -0]",1
"andeq r4, r0, r0",1
"andeq r7, r0, r0, lsl 16",1
"stcvc p2, c0, [r0, -0]",1
"andeq r0, r0, r8, lsl r0",1
"andeq r0, r0, r0",1
"andeq r3, r0, r0, lsl 24",1
"andeq r5, r0, r0, lsl 6",1
"andpl r0, r0, r0, lsl 12",1
"cmpls r1, 0x93000000",1
"andeq r5, r0, r4, lsl 6",1
"andeq r7, r0, r0, lsl 16",1
"vmax.u8 d0, d0, d0",1
invalid,1
"muleq r0, pc, r0",1
"andeq r0, r0, r0",1
"andeq r3, r0, r0, lsl 24",1
"andeq r5, r0, r0, lsl 6",1
"andpl r0, r0, 0, 12",1
"cmpls r3, 0x93000000",1
"andeq r5, r0, r4, lsl 6",1
"andeq r7, r0, r0, lsl 16",1
"vmax.u8 d0, d0, d0",1
invalid,1
"muleq r0, pc, r0",1
"andeq r0, r0, r0",1
"andeq r0, r0, r0",1
"andeq r0, r0, r0, lsl 8",1
"stcvc p2, c0, [r0, -0]",1
"andeq r0, r0, r0, lsl 8",1
"andeq r8, r4, r0, lsl 16",1
"stcvc p2, c0, [r0, -0]",1
"andeq r0, r0, r0, lsr r0",1
"andeq r0, r0, r0",1
"andeq r0, r0, r0",1
"andeq r2, r0, r0, lsl 8",1
"andpl r0, r0, r0, lsl 12",1
"cmpls r1, 0x93000000",1
"andeq r2, r0, r4, lsl 8",1
"andeq r3, r0, r0, lsl 8",1
invalid,1
svcls 0x1f2500,1
"andeq r0, r0, r4, lsr r0",1
"andeq r0, r0, r8, lsl 9",1
invalid,1
svcls 0x2500f5,1
"andeq r0, r0, r0",1
"andeq r0, r0, r0",1
"andeq r0, r0, r0",1
"andeq r0, r0, r4, asr 32",1
"cmpls r2, 6",1
"ldreq r5, [r3], 0x304",1
"andeq r0, r0, r4, asr 32",1
"andeq r0, r0, r0, asr r0",1
"rscseq r0, r5, 5",1
"addspl r1, pc, r5, lsr 30",1
invalid,1
"streq r0, [r0], -r4",1
invalid,1
"addseq r2, pc, r2, lsl 10",1
"andeq r0, r0, r0",1
"streq r0, [r0], -0",1
invalid,1
"andeq r0, r0, 0",1
"ldcne p0, c3, [pc], {0}",1
"strlo r0, [r0], -0",1
"movweq r0, 0",1
svcls 0xff0900,1
"andeq r0, r0, r4, lsr r0",1
"andeq r0, r0, r8, lsl 9",1
"subseq r0, r5, r1",1
"andeq r0, r0, r0",1
"andpl r0, r0, r0",1
invalid,1
"streq r0, [r0], -r0",1
"ldreq r5, [r3], 0x700",1
"andlo sb, r4, r8, asr r3",1
"strpl r0, [r0], -1",1
"streq r0, [r0], -r1",1
"ldreq r5, [r3], 0x700",1
"stmdavs r4, {r3, r4, r6, r8, sb, ip, pc}",1
"strvc r0, [r0], -1",1
"streq r0, [r0], -r1",1
"ldreq r5, [r3], 0x700",1
"stmdale r4, {r3, r4, r6, r8, sb, ip, pc}",1
"strhs r0, [r0], -2",1
"streq r0, [r0], -r3",1
"ldreq r5, [r3], 0x700",1
"stmdapl r4, {r3, r4, r6, r8, sb, ip, pc}",1
"stmdahi r0, {r2}",1
"streq r0, [r0], -r4",1
"ldreq r5, [r3], 0x700",1
"andeq sb, r4, r8, asr r3",1
"andeq r0, r0, r0",1
"andpl r0, r0, r0",1
blls 0x5361c,1
"streq r0, [r0], -r0",1
"ldreq r5, [r3], 0xa00",1
"andlo sb, r4, ip, asr r3",1
"movwmi r0, 1",1
"streq r0, [r0], -r1",1
"ldreq r5, [r3], 0xa00",1
"stmdami r4, {r2, r3, r4, r6, r8, sb, ip, pc}",1
"andvc r0, r0, r1",1
"streq r0, [r0], -r1",1
"ldreq r5, [r3], 0xa00",1
"stmdahs r4, {r2, r3, r4, r6, r8, sb, ip, pc}",1
invalid,1
"streq r0, [r0], -r2",1
"ldreq r5, [r3], 0xa00",1
"stmdale r4, {r2, r3, r4, r6, r8, sb, ip, pc}",1
"andeq r0, r0, r2",1
"streq r0, [r0], -r3",1
"ldreq r5, [r3], 0xa00",1
invalid,1
"stmdalo r0, {r0, r1}",1
"streq r0, [r0], -r3",1
"ldreq r5, [r3], 0xa00",1
"stmdapl r4, {r2, r3, r4, r6, r8, sb, ip, pc}",1
"andvs r0, r0, r4",1
"streq r0, [r0], -r4",1
"ldreq r5, [r3], 0xa00",1
"andeq sb, r4, ip, asr r3",1
"andeq r0, r0, r0",1
"andpl r0, r0, r0",1
"andvc r0, r0, r0",1
"streq r0, [r0], -r0",1
"ldreq r5, [r3], 0xa00",1
"andvc sb, r4, r3, asr r3",1
blls 0x536a4,1
"streq r0, [r0], -r0",1
"ldreq r5, [r3], 0xa00",1
"andlo sb, r4, ip, asr r3",1
"movwmi r0, 1",1
"streq r0, [r0], -r1",1
"ldreq r5, [r3], 0x400",1
"stmdale r4, {r0, r1, r4, r6, r8, sb, ip, pc}",1
"strne r0, [r0], -2",1
"streq r0, [r0], -r3",1
"ldreq r5, [r3], 0x400",1
"strne sb, [r4], -0x353",1
"stmdalo r0, {r0, r1}",1
"streq r0, [r0], -r3",1
"ldreq r5, [r3], 0xa00",1
"stmdapl r4, {r0, r1, r4, r6, r8, sb, ip, pc}",1
"andvs r0, r0, r4",1
"streq r0, [r0], -r4",1
"ldreq r5, [r3], 0x400",1
"andeq sb, r4, r3, asr r3",1
"andeq r0, r0, r0",1
"andpl r0, r0, r0",1
invalid,1
"streq r0, [r0], -r0",1
"ldreq r5, [r3], 0x700",1
"andlo sb, r4, r1, asr r3",1
"andmi r0, r0, r1",1
"streq r0, [r0], -r1",1
"ldreq r5, [r3], 0x700",1
"andmi sb, r4, r1, asr r3",1
"stmdapl r0, {r0}",1
"streq r0, [r0], -r1",1
"ldreq r5, [r3], 0x700",1
"stmdale r4, {r1, r2, r4, r6, r8, sb, ip, pc}",1
"andne r0, r0, r2",1
"streq r0, [r0], -r3",1
"ldreq r5, [r3], 0x700",1
"andne sb, r4, r1, asr r3",1
"strlo r0, [r0], -3",1
"streq r0, [r0], -r3",1
"ldreq r5, [r3], 0x700",1
"stmdapl r4, {r1, r2, r4, r6, r8, sb, ip, pc}",1
"andvs r0, r0, r4",1
"streq r0, [r0], -r4",1
"ldreq r5, [r3], 0x700",1
"andeq sb, r4, r1, asr r3",1
"andeq r0, r0, r0",1
invalid,1
invalid,1
invalid,1
"rsbseq r5, r8, r0, lsl 20",1
"tsteq r8, r0",1
"andeq r0, r1, r0",1
"andeq r3, r1, r4, asr r0",1
"andeq ip, r2, r0",1
"strpl r0, [r0], -0x100",1
"ldrdeq r0, r1, [r0], -r8",1
"andeq r0, r0, r4, lsl r3",1
"ldrbne r0, [r4], -1",1
"stmdahs r0, {r0, r1}",1
invalid,1
"ldrbeq r5, [r8], -0xa00",1
"strbteq r0, [r0], -0",1
"andeq r0, r1, r0",1
"andeq r0, r0, r4, asr r0",1
"andeq r0, r0, r0",1
"andeq r5, r0, r0, lsl 16",1
"andeq r7, r0, r0",1
"movwpl r0, 0x100",1
"andeq r0, r0, r0, ror r0",1
"muleq r0, fp, r0",1
"subslo r0, ip, r1",1
"movwmi r0, 1",1
invalid,1
"sbcseq r5, r8, 0, 6",1
"tsteq ip, 0",1
"andeq r0, r1, r0",1
"andeq r1, r3, r3, asr ip",1
"andeq r5, r4, r0",1
"strpl r0, [r0], -0x100",1
"andeq r0, r0, r8, asr r4",1
"andeq r0, r0, r0, ror 8",1
"subseq r0, r3, r1",1
"andeq r0, r0, r0",1
invalid,1
invalid,1
invalid,1
"addeq r5, r8, r0, lsl 14",1
"rsceq r0, r8, r0",1
"andeq r0, r1, r0",1
"andeq r3, r1, sb, asr r0",1
"andeq r7, r1, r0, lsl 24",1
"strpl r0, [r0, -r0, lsl 2]",1
"andeq r0, r0, ip, ror r1",1
"andeq r0, r0, r8, lsl 5",1
"ldmdale sb, {r0} ^",1
"stmdalo r0, {r1}",1
invalid,1
"teqeq r8, 0, 14",1
"ldrbeq r0, [r0], -0",1
"andeq r0, r6, r0",1
"rsbseq r0, sb, r7, ror r0",1
"ldrbeq sb, [r8], -0xf24",1
"strbteq r0, [r0], -0",1
"andeq r0, r1, r0",1
"andeq r0, r0, r7, asr r0",1
"andeq r0, r0, r0",1
"andeq r6, r0, r0",1
"andeq r8, r0, r0, lsl 16",1
invalid,1
"andeq r0, r0, r8, lsl 1",1
"andeq r0, r0, r0, asr 1",1
"subslo r0, r6, r1",1
"andmi r0, r0, r1",1
invalid,1
"mrseq r5, spsr",1
"cmpeq r4, r0",1
"andeq r0, r1, r0",1
"andeq r5, r1, r6, asr r4",1
"andeq sp, r1, r0, lsl 8",1
"stmdapl r0, {r8}",1
"andeq r0, r0, r8, lsr 4",1
"andeq r0, r0, r0, lsl 5",1
"ldmdale r8, {r0} ^",1
"andne r0, r0, r2",1
invalid,1
"tsteq r0, 0, 2",1
"teqeq r4, 0",1
"andeq r0, r1, r0",1
"andeq r3, r3, r6, asr r8",1
"andeq sb, r3, r0, lsl 24",1
"stmdapl r0, {r8}",1
"strdeq r0, r1, [r0], -r8",1
"andeq r0, r0, r8, lsr r4",1
"ldmdapl r6, {r0} ^",1
"andvs r0, r0, r4",1
invalid,1
"andeq r5, r0, r0, lsl 2",1
"andeq r0, r0, r0",1
invalid,1
"moveq r0, r0",1
"andeq r0, r1, r0",1
"andeq r3, r3, fp, asr r8",1
"andeq r3, r3, r0, lsl 30",1
"andpl r0, r0, r0, lsl 2",1
"andeq r0, r0, r4, asr 6",1
"andeq r0, r0, r7, asr r3",1
"subseq r0, r2, r1",1
"andeq r0, r0, r0",1
invalid,1
"andlo r0, r0, r1",1
invalid,1
"sbcseq r5, r4, 0, 24",1
"sbcseq r0, r8, 0",1
"andeq r0, r1, r0",1
"andeq pc, r3, ip, asr r8",1
"andeq r5, r4, r0, lsl 16",1
invalid,1
"andeq r0, r0, r0, ror 8",1
"andeq r0, r0, r8, lsl 9",1
"subseq r0, ip, r1",1
"andeq r0, r0, r0",1
invalid,1
"andlo r0, r0, r1",1
"andeq r0, r0, 1",1
"ldrpl r3, [pc], 0           ; [0x53938:4]=0x2000002",1
"stmdahs r0, {r0}",1
"andeq r0, r0, 2",1
"ldmhs pc, {r8, ip, sp}",1
"stmdale r0, {r1}",1
invalid,1
"strbteq r5, [r0], -0x600",1
"streq r0, [r8], 0",1
"andeq r0, r1, r0",1
"andeq r0, r0, r6, asr r0",1
"andeq r0, r0, r0",1
"andeq r5, r1, r0, lsl 24",1
"andeq r6, r1, r0, lsl 8",1
"stmdaeq r0, {sb, sl}",1
invalid,1
"muleq r1, pc, r4",1
"andeq r6, r1, r0, lsl 24",1
invalid,1
"andeq r0, r0, ip, ror 2",1
"andeq r0, r0, r7, lsl 3",1
"andhs r0, r8, r6",1
svcls 0x1c0073,1
"andeq r0, r0, ip, lsl 6",1
"andeq r0, r0, r0, lsl r3",1
"andhs r0, r8, r6",1
svcls 0x1c0079,1
"andeq r0, r0, r0, lsl r3",1
"andeq r0, r0, r0, lsr 6",1
"subshs r0, r1, r1",1
"andpl r0, r0, r3",1
"streq r0, [r0], -r4",1
"stmdbvc r0!, {fp}",1
"addseq r1, pc, r0, lsl 24",1
"andeq r0, r0, r0",1
"andvc r0, r0, r0",1
blls 0x539c4,1
invalid,1
"addseq r5, fp, r0, lsl 6",1
"adceq r0, r4, r0",1
"eoreq r0, r2, r0",1
"ldmdahs r2, {r1, r3, r4, r5, r6}",1
"ldmdaeq r3, {r1, r2}",1
"andseq r2, r4, r0, lsr 30",1
"andsmi r1, r2, r0, lsr r6",1
"ldmdahs sl, {r0, r1, r3, r6, sl, sp}",1
"ldrths r0, [r1], -9",1
invalid,1
invalid,1
"swpbeq sb, r6, [ip]",1
"orreq r0, r7, r0",1
"andeq r0, r1, r0",1
"andeq lr, r2, r3, asr r4",1
"andeq r5, r4, r0",1
"stmdbpl r0, {r8}",1
"andeq r0, r0, r0",1
"andeq r0, r0, r0",1
"andeq r0, r0, ip, lsl 1",1
"andeq r0, r0, r0, lsr r1",1
"subseq r0, r7, r1",1
"andeq r0, r0, r0",1
"andls r0, r0, r0",1
invalid,1
invalid,1
invalid,1
"tsteq r8, r0",1
"andeq r0, r7, r0",1
invalid,1
"ldrsheq r1, [pc], pc        ; [0x53a44:4]=0xac000000",1
"andeq r0, r0, r0",1
invalid,1
invalid,1
invalid,1
"sbceq r5, ip, r0",1
"teqeq r0, r0",1
"andeq r0, r1, r0",1
"andeq r0, r0, r6, asr r0",1
"andeq r0, r0, r0",1
"andeq r0, r1, r0",1
"andeq r1, r1, r0, lsl 24",1
"andpl r0, r0, r0, lsl 2",1
"andeq r0, r0, ip, lsl r1",1
"andeq r0, r0, ip, lsr 2",1
"subseq r0, ip, r1",1
"andeq r0, r0, r0",1
"strge r0, [r0], -0",1
invalid,1
invalid,1
"adceq r5, r8, r0, lsl 2",1
"adcseq r0, r8, r0",1
"andeq r0, r1, r0",1
"andeq fp, r0, sl, asr r8",1
"andeq ip, r0, r0, lsl 16",1
"movwpl r0, 0x100",1
"andeq r0, r0, r8, asr 1",1
"andeq r0, r0, ip, asr 1",1
"rsbseq r0, sl, sl",1
"rsbseq r2, sb, r0, asr 8",1
svcls 0x212540,1
"ldrdeq r0, r1, [r0], -ip",1
"andeq r0, r0, r0, ror 1",1
"subs r0, r3, r1",1
"andlo r0, r0, r0",1
invalid,1
"andeq r5, r0, r0, lsl 20",1
"andeq r0, r0, r0",1
"rscseq r0, r8, r0",1
"rscseq r0, ip, r0",1
"andeq r0, r1, r0",1
"andeq pc, r0, r1, asr ip",1
"andeq r0, r1, r0, lsl 16",1
blpl 0x53ef0,1
"andeq r0, r0, r8, lsl 2",1
"andeq r0, r0, ip, lsl r1",1
"subseq r0, sb, r1",1
"andeq r0, r0, r0",1
invalid,1
svc 0,1
invalid,1
"mrseq r5, r8_fiq",1
"teqeq r0, r0",1
"andeq r0, r1, r0",1
"andeq r0, r0, r8, asr r0",1
"andeq r0, r0, r0",1
"andeq r7, r1, r0, lsl 24",1
"andeq r2, r2, r0, lsl 16",1
bpl 0x53f2c,1
"andeq r0, r0, r0",1
"andeq r0, r0, r0",1
"andeq r0, r0, r4, lsl 3",1
"strdeq r0, r1, [r0], -ip",1
"mrrc2 p0, 0, r0, r7, c1",1
"stmdahs r0, {r0}",1
"streq r0, [r0, -r2]",1
beq 0x70b4c,1
svcls 0x1affff,1
"andeq r0, r0, r0",1
"andeq r0, r0, r0",1
"muleq r0, r8, r1",1
"strheq r0, [r0], -r8",1
"ldmdalt r0, {r0} ^",1
"stmdahs r0, {r0}",1
invalid,1
"andeq r5, r0, r0, lsl 22",1
"andeq r0, r0, r0",1
"mvnseq r0, r0",1
"andseq r0, r0, 0",1
"andeq r0, r1, r0",1
"andeq r1, r2, r0, asr r0",1
"andeq r2, r2, r0, lsl 16",1
"strpl r0, [r0], -r0, lsl 2",1
"andeq r0, r0, r0",1
"andeq r0, r0, r0",1
"muleq r0, r0, r1",1
"muleq r0, r4, r1",1
"ldrbls r0, [r1], -1",1
"strge r0, [r0], -1",1
invalid,1
invalid,1
"movseq r0, r0",1
"andeq r0, r1, r0",1
"andeq fp, r1, r3, asr r4",1
"andeq fp, r1, r0, lsl 16",1
"strvc r0, [r0], -r0, lsl 20",1
"stmdavc r4!, {lr}",1
invalid,1
"muleq r1, pc, r8",1
"andeq ip, r1, r0, lsl 24",1
"movwpl r0, 0x100",1
"andeq r0, r0, ip, asr 3",1
"andeq r0, r0, r4, lsl 4",1
"subseq r0, r6, r1",1
"andeq r0, r0, r0",1
"str r0, [r0], -0",1
"stmda r0, {r0}",1
invalid,1
invalid,1
invalid,1
"andeq r0, r1, r0",1
"andeq pc, r1, r3, asr r4",1
"andeq pc, r1, r0, lsl 24",1
"movwpl r0, 0x100",1
"strdeq r0, r1, [r0], -ip",1
"andeq r0, r0, ip, lsl 4",1
"mrrceq p0, 0, r0, r1, c1",1
"andne r0, r0, r2",1
"stmdaeq r0, {r1}",1
"andmi r7, r0, r0, lsl 6",1
invalid,1
"muleq r2, pc, r0",1
"andeq r2, r2, r0, lsl 8",1
invalid,1
"andeq r0, r0, r4, lsr 4",1
"andeq r0, r0, r8, lsr 4",1
"subseq r0, r8, r1",1
"andeq r0, r0, r0",1
"strge r0, [r0], -0",1
blle 0x53c4c,1
invalid,1
invalid,1
"eoreq r0, r8, 0",1
"andeq r0, r1, r0",1
"andeq r0, r0, r7, asr r0",1
"andeq r0, r0, r0",1
"andeq r2, r2, r0, lsl 24",1
"andeq sp, r2, r0, lsl 16",1
bpl 0x5406c,1
"andeq r0, r0, r0",1
"andeq r0, r0, r0",1
"andeq r0, r0, r4, lsr r2",1
"strheq r0, [r0], -r0",1
"subslt r0, fp, r1",1
"andgt r0, r0, r2",1
"streq r0, [r0, -r2]",1
beq 0x70c8c,1
svcls 0x1affff,1
"andeq r0, r0, r0",1
"andeq r0, r0, r0",1
"andeq r0, r0, ip, asr 4",1
"andeq r0, r0, ip, ror 4",1
"mrrcvs p0, 0, r0, r0, c1",1
"stmdale r0, {r1}",1
invalid,1
"andeq r5, r0, r0, lsl 14",1
"andeq r0, r0, r0",1
"adceq r0, r4, 0",1
"sbceq r0, r4, 0",1
"andeq r0, r1, r0",1
"andeq ip, r2, r0, asr r4",1
"andeq sp, r2, r0, lsl 8",1
invalid,1
"andeq r0, r0, r0",1
"andeq r0, r0, r0",1
"andeq r0, r0, r4, asr 4",1
"andeq r0, r0, r8, asr 4",1
"ldmdami r1, {r0} ^",1
"stmdapl r0, {r1}",1
invalid,1
"subseq r5, r8, 0, 14",1
"rsbeq r0, r8, 0",1
"andeq r0, r1, r0",1
"andeq r7, r2, r3, asr ip",1
"andeq r8, r2, r0",1
"movwpl r0, 0x100",1
"andeq r0, r0, r0, lsl 5",1
"ldrdeq r0, r1, [r0], -r8",1
"subseq r0, r8, r1",1
"andeq r0, r0, r0",1
invalid,1
invalid,1
invalid,1
"addseq r5, ip, 0, 2",1
"adceq r0, r3, 0",1
"andeq r0, r1, r0",1
"andeq sl, r2, r3, asr r8",1
"andeq fp, r2, r0",1
"movwpl r0, 0x100",1
"strheq r0, [r0], -r0",1
"andeq r0, r0, r4, asr 5",1
"subseq r0, sb, r1",1
"andeq r0, r0, r0",1
invalid,1
svchi 2,1
invalid,1
"adcseq r5, r0, 0, 4",1
"sbcseq r0, r8, 0",1
"andeq r0, r1, r0",1
"andeq r0, r0, fp, asr r0",1
"andeq r0, r0, r0",1
"andeq r2, r4, r0, lsl 16",1
"andeq r5, r4, r0",1
"andpl r0, r0, 0, 2",1
"andeq r0, r0, r0",1
"andeq r0, r0, r0",1
"andeq r0, r0, r8, lsr 8",1
"andeq r0, r0, r0, asr r4",1
"subseq r0, r3, r1",1
"andeq r0, r0, r0",1
invalid,1
"andpl r0, r0, r3",1
invalid,1
"andeq r5, r0, r0, lsl 22",1
"andeq r0, r0, r0",1
"teqeq r8, 0",1
"biceq r0, ip, 0",1
"andeq r0, r1, r0",1
"andeq ip, r3, r6, asr ip",1
"andeq r5, r4, r0",1
"strvc r0, [r0], -0x700",1
invalid,1
"andeq sb, r0, sl, lsl pc",1
"andeq r0, r0, r0",1
"cmpeq r8, 0",1
"cmneq ip, 0",1
"andeq r0, r1, r0",1
"andeq r7, r3, r0, asr ip",1
"andeq sl, r3, r0, lsl 6",1
"movwpl r0, 0x100",1
"andeq r0, r0, r4, asr 7",1
"andeq r0, r0, r8, lsr 8",1
"subseq r0, r3, r1",1
"andeq r0, r0, r0",1
invalid,1
"and r0, r0, r3",1
invalid,1
"mvneq r5, 0",1
invalid,1
"andeq r0, r1, r0",1
"andeq r0, r0, ip, asr r0",1
"andeq r0, r0, r0",1
"andeq r4, r3, r0, lsl 24",1
"andeq r5, r3, r0",1
invalid,1
"andeq r0, r0, r0, asr r3",1
"andeq r0, r0, r7, asr r3",1
"mrrcpl p0, 0, r0, r3, c1",1
"stmdavs r0, {r0, r1}",1
invalid,1
invalid,1
"cmneq r8, 0",1
"andeq r0, r1, r0",1
"andeq r8, r3, r1, asr ip",1
"andeq sb, r3, r0",1
invalid,1
"muleq r0, r0, r3",1
"andeq r0, r0, r3, lsr 7",1
"ldmdage ip, {r0} ^",1
bllt 0x53e5c,1
invalid,1
"andeq r5, r0, r0, lsl 24",1
"andeq r0, r0, r0",1
"movseq r0, 0",1
invalid,1
"andeq r0, r1, r0",1
"andeq fp, r3, r1, asr r4",1
"andeq fp, r3, r0, lsl 22",1
"andpl r0, r0, 0, 2",1
"andeq r0, r0, r0, asr 7",1
"andeq r0, r0, ip, asr 7",1
"mrrcgt p0, 0, r0, r2, c1",1
invalid,1
invalid,1
"bicseq r5, ip, 0, 2",1
"mvneq r0, 0",1
"andeq r0, r8, r0",1
"strbhs r0, [r0], -0x72",1
svcls 0x210078,1
"strdeq r0, r1, [r0], -r0",1
"strdeq r0, r1, [r0], -r4",1
invalid,1
"stmdalo r0, {r0, r1}",1
invalid,1
"andeq r5, r0, r0, lsl 12",1
"andeq r0, r0, r0",1
invalid,1
invalid,1
"andeq r0, r1, r0",1
"andeq ip, r3, r2, asr ip",1
"andeq pc, r3, r0, lsl 8",1
"strpl r0, [r0], -r0, lsl 2",1
"strdeq r0, r1, [r0], -r4",1
"andeq r0, r0, r8, lsr 8",1
"rsbseq r0, r4, sl",1
bne 0x53b08,1
svcls 0x1e0070,1
"andeq r0, r0, r0",1
"andeq r0, r0, r0",1
"andeq r0, r0, r0",1
"andeq r0, r0, r4",1
"rsbseq r0, sp, r2",1
"andeq r0, r0, r4",1
"andeq r0, r0, ip, lsl 8",1
"rsbslo r0, sp, r2",1
"andeq r0, r0, r0",1
"andeq r0, r0, r0",1
"andeq r0, r0, r0",1
"andeq r0, r0, r0, asr r0",1
"cmpls r0, 6",1
"ldreq r5, [r3], 0x104",1
"andeq r0, r0, r0, asr r0",1
"andeq r0, r0, ip, ror 1",1
invalid,1
svcls 0x2500f5,1
"andeq r0, r0, ip, ror 1",1
"strdeq r0, r1, [r0], -r8",1
"cmpls r0, 6",1
"ldreq r5, [r3], 0x104",1
"strdeq r0, r1, [r0], -r8",1
"andeq r0, r0, r4, lsl 5",1
invalid,1
svcls 0x2500f5,1
"andeq r0, r0, r4, lsl 5",1
"andeq r0, r0, ip, lsr 5",1
"cmpls r0, 6",1
"ldreq r5, [r3], 0x104",1
"andeq r0, r0, ip, lsr 5",1
"strheq r0, [r0], -r8",1
invalid,1
svcls 0x2500f5,1
"strheq r0, [r0], -r8",1
"ldrdeq r0, r1, [r0], -r8",1
"cmpls r0, 6",1
"ldreq r5, [r3], 0x104",1
"ldrdeq r0, r1, [r0], -r8",1
"strdeq r0, r1, [r0], -r8",1
invalid,1
svcls 0x2500f5,1
"strdeq r0, r1, [r0], -r8",1
"strdeq r0, r1, [r0], -ip",1
"cmpls r0, 6",1
"ldreq r5, [r3], 0x104",1
"strdeq r0, r1, [r0], -ip",1
"andeq r0, r0, ip, lsl 8",1
invalid,1
svcls 0x2500f5,1
"andeq r0, r0, r0",1
"andeq r0, r0, r0",1
"andeq r0, r0, r0",1
"andeq r0, r0, r8, lsr r0",1
"cmpls r2, 6",1
"ldreq r5, [r3], 0x304",1
"andeq r0, r0, r8, lsr r0",1
"andeq r0, r0, ip, ror 1",1
invalid,1
svcls 0x2502f5,1
"andeq r0, r0, ip, ror 1",1
"strdeq r0, r1, [r0], -pc",1
"cmpls r2, 6",1
"ldreq r5, [r3], 0x304",1
"strdeq r0, r1, [r0], -pc",1
"andeq r0, r0, r4, lsl 5",1
invalid,1
svcls 0x2502f5,1
"andeq r0, r0, r4, lsl 5",1
"andeq r0, r0, r7, ror 5",1
"cmpls r2, 6",1
"ldreq r5, [r3], 0x304",1
"andeq r0, r0, r7, ror 5",1
"strdeq r0, r1, [r0], -r8",1
invalid,1
svcls 0x2502f5,1
"strdeq r0, r1, [r0], -r8",1
"andeq r0, r0, r0, lsl 8",1
"cmpls r2, 6",1
"ldreq r5, [r3], 0x304",1
"andeq r0, r0, r0, lsl 8",1
"andeq r0, r0, ip, lsl 8",1
invalid,1
svcls 0x2502f5,1
"andeq r0, r0, r0",1
"andeq r0, r0, r0",1
"andeq r0, r0, r4",1
"andeq r0, r0, ip, lsr 32",1
"cmpls r2, 6",1
"ldreq r5, [r3], 0x304",1
"andeq r0, r0, ip, ror 1",1
"strdeq r0, r1, [r0], -pc",1
"cmpls r2, 6",1
"ldreq r5, [r3], 0x304",1
"andeq r0, r0, r4, lsl 5",1
"andeq r0, r0, r7, ror 5",1
"cmpls r2, 6",1
"ldreq r5, [r3], 0x304",1
"strdeq r0, r1, [r0], -r8",1
"andeq r0, r0, r0, lsl 8",1
"cmpls r2, 6",1
"ldreq r5, [r3], 0x304",1
"andeq r0, r0, r0",1
"andeq r0, r0, r0",1
"andeq r0, r0, r4",1
"andeq r0, r0, r0, asr r0",1
"cmpls r0, 6",1
"ldreq r5, [r3], 0x104",1
"andeq r0, r0, r0, asr r0",1
"andeq r0, r0, r4, asr r0",1
"cmpls r8, 6",1
"ldreq r5, [r3], 0x104",1
"andeq r0, r0, ip, ror 1",1
"strdeq r0, r1, [r0], -r8",1
"cmpls r0, 6",1
"ldreq r5, [r3], 0x104",1
"strdeq r0, r1, [r0], -r8",1
"strdeq r0, r1, [r0], -ip",1
"cmpls r7, 6",1
"ldreq r5, [r3], 0x104",1
"strdeq r0, r1, [r0], -ip",1
"andeq r0, r0, r0, lsl r1",1
"cmpls r7, 6",1
"ldreq r5, [r3], 0x604",1
"andeq r0, r0, r0, lsl r1",1
"andeq r0, r0, r8, lsr 2",1
"cmpls r7, 6",1
"ldreq r5, [r3], 0xa04",1
"andeq r0, r0, r8, lsr 2",1
"andeq r0, r0, r0, lsr r1",1
"cmpls r8, 6",1
"ldreq r5, [r3], 0xa04",1
"andeq r0, r0, r4, lsl 5",1
"andeq r0, r0, ip, lsr 5",1
"cmpls r0, 6",1
"ldreq r5, [r3], 0x104",1
"andeq r0, r0, ip, lsr 5",1
"strheq r0, [r0], -r8",1
"cmpls r8, 6",1
"ldreq r5, [r3], 0x104",1
"strheq r0, [r0], -r8",1
"strheq r0, [r0], -ip",1
"cmpls r0, 6",1
"ldreq r5, [r3], 0x104",1
"strheq r0, [r0], -ip",1
"ldrdeq r0, r1, [r0], -r4",1
"cmpls r0, 6",1
"ldreq r5, [r3], 0x604",1
"ldrdeq r0, r1, [r0], -r4",1
"ldrdeq r0, r1, [r0], -r8",1
"cmpls r0, 6",1
"ldreq r5, [r3], 0xa04",1
"ldrdeq r0, r1, [r0], -r8",1
"ldrdeq r0, r1, [r0], -ip",1
"cmpls r8, 6",1
"ldreq r5, [r3], 0xa04",1
"strdeq r0, r1, [r0], -r8",1
"strdeq r0, r1, [r0], -ip",1
"cmpls r0, 6",1
"ldreq r5, [r3], 0x104",1
"strdeq r0, r1, [r0], -ip",1
"andeq r0, r0, r0, lsl 8",1
"cmpls r8, 6",1
"ldreq r5, [r3], 0x104",1
"andeq r0, r0, r0",1
"andeq r0, r0, r0",1
"andeq r0, r0, r4, lsl r0",1
"andeq r0, r0, r4, lsr r0",1
"ldrblo r0, [r2], -1",1
"strle r0, [r0], -0",1
invalid,1
"rsceq r5, ip, r0, lsl 8",1
"rscseq r0, pc, r0",1
"andeq r0, r1, r0",1
"andeq pc, r0, r2, asr pc",1
"andeq r6, r2, r0, lsl 24",1
"strpl r0, [r0], -0x100",1
"andeq r0, r0, r4, lsl 5",1
"andeq r0, r0, ip, asr 5",1
"mrrcgt p0, 0, r0, r2, c1",1
"stmdagt r0, {r1}",1
invalid,1
invalid,1
"streq r0, [r0], -0",1
"andeq r0, r1, r0",1
"andeq r0, r0, r2, asr r0",1
"andeq r0, r0, r0",1
"andeq ip, r2, r0, lsl 24",1
"andeq pc, r3, r0",1
"strpl r0, [r0], -0x100",1
"andeq r0, r0, r0",1
"andeq r0, r0, r0",1
"andeq r0, r0, r8, lsl r0",1
"andeq r0, r0, r4, asr 32",1
"ldrbmi r0, [r0], -1",1
"strge r0, [r0], -0",1
invalid,1
"rsceq r5, ip, r0, lsl 14",1
"rscseq r0, r8, r0",1
"andeq r0, r1, r0",1
"andeq pc, r0, r0, asr r8",1
"andeq r2, r1, r0, lsl 16",1
"strpl r0, [r0, -r0, lsl 2]",1
"andeq r0, r0, r8, lsr 2",1
"andeq r0, r0, r0, lsr r1",1
"ldrblo r0, [r8], -1",1
invalid,1
invalid,1
"addeq r5, r4, 0, 14",1
"adceq r0, ip, 0",1
"andeq r0, r1, r0",1
"andeq sl, r2, r0, asr ip",1
"andeq fp, r2, r0, lsl 16",1
"stmdapl r0, {r8}",1
"strheq r0, [r0], -r8",1
"ldrdeq r0, r1, [r0], -r4",1
"ldrble r0, [r0], -1",1
"stmdale r0, {r1}",1
"streq r0, [r0], -r2",1
"strvc r7, [r0, -r0]",1
"ldmle pc, {sl, sp}",1
invalid,1
"streq r0, [r0], -r3",1
"strvc r7, [r0, -r0, lsl 16]",1
invalid,1
invalid,1
invalid,1
invalid,1
"streq r0, [r0], -0",1
"andeq r0, r1, r0",1
"andeq r0, r0, r8, asr r0",1
"andeq r0, r0, r0",1
"andeq r1, r0, r0, lsl 24",1
"andeq r4, r0, r0, lsl 8",1
invalid,1
"andeq r0, r0, r4, asr 32",1
"muleq r0, ip, r0",1
"mrrc p0, 0, r0, sl, c1",1
invalid,1
invalid,1
"rscseq r5, ip, r0, lsl 2",1
"orrseq r0, r0, r0",1
"andeq r0, r1, r0",1
"andeq sp, r1, r6, asr ip",1
"andeq r1, r2, r0, lsl 8",1
"strpl r0, [r0], -r0, lsl 2",1
"andeq r0, r0, r4, lsl 5",1
"strheq r0, [r0], -ip",1
"mrrclt p0, 0, r0, r1, c1",1
"andmi r0, r0, r2",1
invalid,1
"orrseq r5, r8, 0, 12",1
"mvnseq r0, 0",1
"andeq r0, r1, r0",1
"andeq pc, r3, sb, asr r8",1
"andeq r0, r4, r0",1
invalid,1
"andeq r0, r0, r0",1
"andeq r0, r0, r0",1
"andeq r0, r0, r4, lsr 2",1
"andeq r0, r0, r8, ror 2",1
"mrrcgt p0, 0, r0, sb, c1",1
"strne r0, [r0], -2",1
invalid,1
"andeq r5, r0, r0, lsl 22",1
"andeq r0, r0, r0",1
"rsceq r0, r8, r0",1
"rsceq r0, ip, r0",1
"andeq r0, r1, r0",1
"andeq r8, r2, r0, asr r0",1
"andeq r8, r2, r0, lsl 8",1
"andpl r0, r0, r0, lsl 2",1
"muleq r0, r8, r3",1
"strdeq r0, r1, [r0], -r8",1
"subseq r0, r0, r1",1
invalid,1
invalid,1
"andeq r5, r0, r0",1
"andeq r0, r0, r0",1
"rsceq r0, r8, r0",1
"rsceq r0, ip, r0",1
"andeq r0, r2, r0",1
"tsteq r0, r0, lsr pc",1
"bicseq r0, ip, r0",1
"andeq r0, r2, r0",1
"bicseq sb, ip, r1, lsr pc",1
"addeq r0, r4, 0",1
"andeq r0, r1, r0",1
"andeq r0, r4, r5, asr r0",1
"andeq r0, r4, r0, lsl 24",1
"strpl r0, [r0, -0x100]",1
"andeq r0, r0, r0",1
"andeq r0, r0, r0",1
"andeq r0, r0, r8, lsl r1",1
"andeq r0, r0, r0, lsr 2",1
"andhs r0, r8, r6",1
svcls 0x1c0073,1
"andeq r0, r0, r0, lsr 2",1
"andeq r0, r0, ip, lsr 2",1
"mrrchs p0, 0, r0, r1, c1",1
"movwmi r0, 1",1
"streq r0, [r0], -r1",1
invalid,1
"ldmlt pc, {sl, fp, ip}",1
invalid,1
"streq r0, [r0], -r2",1
"strvc r0, [r0, -r0, lsl 16]!",1
"ldclt p12, c1, [pc], {0}",1
"andle r0, r0, r2",1
invalid,1
"sbcseq r5, r0, 0, 2",1
"mvnseq r0, 0",1
"andeq r0, r6, r0",1
"rsbseq r2, r7, r8",1
"andeq sb, r0, ip, lsl pc",1
"andeq r0, r0, r0",1
"eoreq r0, ip, r0",1
"subseq r0, r7, r0",1
"andeq r0, r1, r0",1
"andeq r0, r1, r3, asr r8",1
"andeq r4, r1, r0, lsl 6",1
"movwpl r0, 0x100",1
"muleq r0, r0, r2",1
"strdeq r0, r1, [r0], -r0",1
"subseq r0, r7, r1",1
"andeq r0, r0, r0",1
invalid,1
invalid,1
invalid,1
"andeq r5, r0, r0, lsl 10",1
"andeq r0, r0, r0",1
"subeq r0, ip, r0",1
"sbceq r0, r4, r0",1
"andeq r0, r1, r0",1
"andeq ip, r0, r6, asr r4",1
"andeq sp, r0, r0, lsl 8",1
"strvc r0, [r0], -0x700",1
invalid,1
"andeq sb, r0, sl, lsl pc",1
"andeq r0, r0, r0",1
"rsbeq r0, r8, r0",1
"addeq r0, r8, r0",1
"andeq r0, r1, r0",1
"andeq r8, r0, r0, asr r8",1
"andeq lr, r0, r0, lsl 24",1
"stmdapl r0, {r8}",1
"andeq r0, r0, r0",1
"andeq r0, r0, r0",1
"strheq r0, [r0], -ip",1
"ldrdeq r0, r1, [r0], -r8",1
"ldmdale r0, {r0} ^",1
invalid,1
invalid,1
"andeq r5, r0, r0, lsl 6",1
"andeq r0, r0, r0",1
"rsbeq r0, r0, r0",1
"rsbeq r0, r4, r0",1
"andeq r0, r1, r0",1
"andeq r6, r0, r1, asr r4",1
"andeq r7, r0, r0, lsl 8",1
"stmdapl r0, {r8}",1
"andeq r0, r0, r4, ror r0",1
"andeq r0, r0, r4, lsl 1",1
"ldmdals r3, {r0} ^",1
invalid,1
invalid,1
"addseq r5, ip, r0, lsl 6",1
"rsceq r0, ip, r0",1
"andeq r0, r1, r0",1
"andeq r0, r0, sl, asr r0",1
"andeq r0, r0, r0",1
"andeq fp, r0, r0, lsl 8",1
"andeq fp, r0, r0, lsl 16",1
invalid,1
"strheq r0, [r0], -r8",1
"andeq r0, r0, r4, asr 1",1
"ldrbgt r0, [sb], -1",1
invalid,1
invalid,1
"andeq r5, r0, r0, lsl 14",1
"andeq r0, r0, r0",1
"rsbseq r0, r4, r0",1
"adceq r0, fp, r0",1
"andeq r0, r1, r0",1
"andeq ip, r0, r2, asr r4",1
"andeq lr, r0, r0, lsl 24",1
"strpl r0, [r0], -r0, lsl 2",1
"andeq r0, r0, r0",1
"andeq r0, r0, r0",1
"andeq r0, r0, r4, lsr r1",1
"ldrdeq r0, r1, [r0], -ip",1
"subseq r0, r8, r1",1
"andeq r0, r0, r0",1
"andmi r0, r0, r0",1
"andlt r0, r0, r1",1
invalid,1
"lslseq r5, r0, 0x14",1
"bicseq r0, ip, r0",1
"andeq r0, r7, r0",1
invalid,1
"ldrsheq r1, [pc], pc        ; [0x54528:4]=0x54000000",1
"andeq r0, r0, r0",1
"strpl r0, [r0], -0",1
"strvc r0, [r0], -1",1
invalid,1
"cmneq r4, r0",1
"bicseq r0, ip, r0",1
"andeq r0, r1, r0",1
"andeq r0, r0, sb, asr r0",1
"andeq r0, r0, r0",1
"andeq sl, r1, r0, lsl 16",1
"andeq ip, r1, r0, lsl 8",1
"andpl r0, r0, r0, lsl 2",1
"andeq r0, r0, r4, asr 3",1
"ldrdeq r0, r1, [r0], -ip",1
"subseq r0, r5, r1",1
"andeq r0, r0, r0",1
invalid,1
"andpl r0, r0, r1",1
invalid,1
"cmpeq r0, r0, lsl 2",1
invalid,1
"andeq r0, r1, r0",1
"andeq r6, r1, r5, asr r0",1
"andeq r7, r1, r0",1
"movwpl r0, 0x100",1
"andeq r0, r0, r0, ror r1",1
"andeq r0, r0, r4, ror r1",1
"rsbseq r0, r5, sl",1
"rsbseq r2, r6, r0, asr 8",1
svcls 0x212540,1
"andeq r0, r0, r4, lsl 3",1
"andeq r0, r0, r8, lsl 3",1
"ldmdahi r3, {r0} ^",1
"stmdalt r0, {r0}",1
invalid,1
"andeq r5, r0, r0, lsl 10",1
"andeq r0, r0, r0",1
"moveq r0, r0",1
"moveq r0, r0",1
"andeq r0, r1, r0",1
"andeq sl, r1, r1, asr r4",1
"andeq fp, r1, r0",1
blpl 0x549d4,1
"strheq r0, [r0], -r0",1
"andeq r0, r0, r0, asr 3",1
"subsgt r0, r1, r1",1
"strgt r0, [r0], -1",1
"stmdaeq r0, {r0}",1
"andmi r7, r0, r0, lsl 22",1
invalid,1
"muleq r1, pc, r4",1
"andeq sp, r1, r0, lsl 16",1
invalid,1
"ldrdeq r0, r1, [r0], -r8",1
"ldrdeq r0, r1, [r0], -ip",1
"subseq r0, r6, r1",1
"andeq r0, r0, r0",1
"andvs r0, r0, r0",1
"strls r0, [r0, -r1]",1
invalid,1
"lslseq r5, r0, 4",1
"bicseq r0, ip, r0",1
"andeq r0, r1, r0",1
"andeq r0, r0, sl, asr r0",1
"andeq r0, r0, r0",1
"andeq lr, r1, r0",1
"andeq r8, r2, r0, lsl 8",1
"stmdapl r0, {r8}",1
"andeq r0, r0, r0",1
"andeq r0, r0, r0",1
"andeq r0, r0, r8, ror 3",1
"andeq r0, r0, ip, asr r2",1
"mrrcpl p0, 0, r0, sl, c1",1
invalid,1
"streq r0, [r0, -r2]",1
beq 0x71658,1
svcls 0x1affff,1
"andeq r0, r0, r0",1
"andeq r0, r0, r0",1
"andeq r0, r0, r0, lsl 4",1
"andeq r0, r0, r0, lsr 4",1
"subshs r0, r0, r1",1
"strhi r0, [r0], -2",1
invalid,1
"andeq r5, r0, r0, lsl 12",1
"andeq r0, r0, r0",1
"subseq r0, r4, 0",1
"rsbseq r0, r0, 0",1
"andeq r0, r1, r0",1
"andeq r7, r2, r0, asr r0",1
"andeq r8, r2, r0, lsl 8",1
"movwpl r0, 0x100",1
"andeq r0, r0, r0",1
"andeq r0, r0, r0",1
"strdeq r0, r1, [r0], -r8",1
"strdeq r0, r1, [r0], -ip",1
"mrrc2 p0, 0, r0, r1, c1",1
invalid,1
invalid,1
"andeq r5, ip, 0, 18",1
"andseq r0, ip, 0",1
"andeq r0, r1, r0",1
"andeq r1, r2, r3, asr ip",1
"andeq r2, r2, r0",1
"stmdbvc r0, {sb, fp}",1
"strvc r4, [r4, -r0]!",1
invalid,1
"muleq r2, pc, r0",1
"andeq r3, r2, r0, lsl 8",1
"movwpl r0, 0x100",1
"andeq r0, r0, r4, lsr r2",1
"andeq r0, r0, r4, lsl 5",1
"subseq r0, sb, r1",1
"andeq r0, r0, r0",1
invalid,1
"andpl r0, r0, r2",1
invalid,1
"subseq r5, r0, 0, 2",1
"subseq r0, ip, 0",1
"andeq r0, r1, r0",1
"andeq r5, r2, fp, asr ip",1
"andeq r7, r2, r0",1
"strpl r0, [r0, -r0, lsl 2]",1
"andeq r0, r0, r0",1
"andeq r0, r0, r0",1
"andeq r0, r0, ip, lsl 4",1
"andeq r0, r0, r3, asr 4",1
"mrrcpl p0, 0, r0, r2, c1",1
"strhi r0, [r0], -2",1
invalid,1
"andeq r5, r0, r0, lsl 20",1
"andeq r0, r0, r0",1
"biceq r0, r8, 0",1
"mvnseq r0, 0",1
"andeq r0, r1, r0",1
"andeq r0, r0, r2, asr r0",1
"andeq r0, r0, r0",1
"andeq ip, r3, r0, lsl 16",1
"andeq pc, r3, r0",1
"movwpl r0, 0x100",1
"andeq r0, r0, r0",1
"andeq r0, r0, r0",1
"ldrdeq r0, r1, [r0], -ip",1
"strdeq r0, r1, [r0], -r0",1
"subseq r0, sl, r1",1
"andeq r0, r0, r0",1
"and r0, r0, r0",1
invalid,1
invalid,1
invalid,1
"mvnseq r0, 0",1
"andeq r0, r7, r0",1
invalid,1
"ldrsheq r1, [pc], pc        ; [0x54790:4]=0xfc000000",1
"andeq r0, r0, r0",1
invalid,1
"andhs r0, r0, r2",1
invalid,1
invalid,1
"mvnseq r0, 0",1
"andeq r0, r1, r0",1
"andeq r0, r0, fp, asr r0",1
"andeq r0, r0, r0",1
"andeq r6, r3, r0",1
"andeq r8, r3, r0",1
"andpl r0, r0, r0, lsl 2",1
"andeq r0, r0, r0, lsl 7",1
"andeq r0, r0, r8, asr 7",1
"subseq r0, r3, r1",1
"andeq r0, r0, r0",1
invalid,1
"vst4.8 {d0, d1, d2, d3}, [r0], r2",1
invalid,1
"rscseq r5, r4, 0, 2",1
"rscseq r0, fp, 0",1
"andeq r0, r1, r0",1
"andeq r0, r3, r2, asr r0",1
"andeq r0, r3, r0, lsl 24",1
"andpl r0, r0, 0, 2",1
"andeq r0, r0, ip, lsl 6",1
"andeq r0, r0, ip, lsl r3",1
"mrrcne p0, 0, r0, ip, c1",1
"andhs r0, r0, r3",1
beq 0x54814,1
"andmi r7, r0, r0, lsl 4",1
"andmi r7, r0, r4, lsr 12",1
"addslo r2, pc, r5, lsr 2",1
"strmi r0, [r0, -r3]",1
invalid,1
"movteq r5, 0xcc00",1
"cmpeq pc, 0",1
"andeq r0, r1, r0",1
"andeq r0, r0, ip, asr r0",1
"andeq r0, r0, r0",1
"andeq r5, r3, r0, lsl 8",1
"andeq r5, r3, r0, lsl 16",1
invalid,1
"andeq r0, r0, r8, asr r3",1
"andeq r0, r0, pc, asr r3",1
"ldrbvs r0, [r2], -1",1
invalid,1
invalid,1
invalid,1
"cmneq ip, 0",1
"andeq r0, r1, r0",1
"andeq r7, r3, r1, asr ip",1
"andeq r8, r3, r0",1
"andvc r0, r0, 0, 16",1
"strtvc r4, [r4], -r0",1
"addsls r2, pc, r0, lsl 2",1
"strls r0, [r0], -3",1
invalid,1
"orrseq r5, r4, 0, 2",1
"mvnseq r0, 0",1
"andeq r0, r1, r0",1
"andeq r0, r0, sb, asr r0",1
"andeq r0, r0, r0",1
"andeq r0, r3, r0, lsl 24",1
"andeq r4, r3, r0, lsl 14",1
"movwpl r0, 0x100",1
"andeq r0, r0, ip, ror 6",1
"muleq r0, r4, r3",1
"ldrbls r0, [sb], -1",1
"stmdals r0, {r0, r1}",1
beq 0x548b8,1
beq 0x718b0,1
"ldrshvc pc, [sl], -pc",1
"addseq r1, pc, r0, lsl 28",1
"andeq r0, r0, r0",1
"andeq r0, r0, r0",1
"streq r0, [r0], -0",1
"andeq r0, r0, 0",1
"streq r7, [r0], -0xd00",1
"strvs r0, [r0], -0",1
"andeq r0, r0, 0",1
"eoreq r7, r0, r0, lsl 26",1
"andeq r0, r0, r0",1
"andeq r0, r0, r0",1
svcne 0,1
invalid,1
"andseq r5, pc, r0",1
"rsbeq r0, r4, r0",1
"andeq r0, r1, r0",1
"andeq r0, r0, r7, asr r0",1
"andeq r0, r0, r0",1
"andeq r0, r0, r0",1
"andeq r1, r0, r0, lsl 30",1
invalid,1
"andeq r0, r0, pc, lsl r0",1
"andeq r0, r0, r4, rrx",1
"subseq r0, r8, r1",1
"andeq r0, r0, r0",1
"andeq r0, r0, r0",1
svcne 0,1
invalid,1
"andseq r5, pc, r0, lsl 4",1
"rsbeq r0, r4, r0",1
"andeq r0, r1, r0",1
"andeq r0, r0, sl, asr r0",1
"andeq r0, r0, r0",1
"andeq r2, r0, r0",1
"andeq r3, r0, r0, lsl 16",1
"andlo r0, r0, r0, lsl 4",1
"muleq r0, pc, r0",1
"andeq r6, r0, r0, lsl 8",1
"strpl r0, [r0], -0x100",1
"andeq r0, r0, r0",1
"andeq r0, r0, r0",1
"andeq r0, r0, r0",1
"andeq r0, r0, r3, lsr 32",1
"cmphs r0, 1",1
invalid,1
"streq r0, [r0], -0",1
"andpl pc, r1, r0, lsl 6",1
"muleq r0, pc, r0",1
"andeq r0, r0, r0",1
"andeq r0, r0, r0",1
invalid,1
"andeq r0, r0, r0",1
"andeq sb, r0, ip, lsr r5",1
"andeq sb, r0, r0, ror 10",1
"andeq sb, r0, ip, asr r1",1
"andeq sb, r0, r4, ror 2",1
"muleq r1, r8, r4",1
"muleq r1, ip, r4",1
"andeq r0, r0, r0",1
"andeq r0, r0, r0",1
"andeq r0, r0, r4, lsl r2",1
"andeq r0, r0, r0, asr r4",1
"ldrdeq r0, r1, [r0], -ip",1
"andeq r0, r0, ip, asr 11",1
"andeq r0, r0, r0",1
"andeq r0, r0, r0",1
"andeq r0, r0, ip, lsl r2",1
"andeq r0, r0, r8, lsr 4",1
"andeq r0, r0, r4, lsl r3",1
"andeq r0, r0, ip, lsr r4",1
"ldrdeq r0, r1, [r0], -ip",1
"andeq r0, r0, r4, asr 10",1
"andeq r0, r0, r0",1
"andeq r0, r0, r0",1
"andeq r0, r0, ip, lsl r2",1
"andeq r0, r0, r8, lsr 4",1
"andeq r0, r0, r4, lsl r3",1
"andeq r0, r0, ip, lsr r4",1
"ldrdeq r0, r1, [r0], -ip",1
"andeq r0, r0, r4, asr 10",1
"andeq r0, r0, r0",1
"andeq r0, r0, r0",1
"andeq r0, r0, r4, asr 5",1
"strdeq r0, r1, [r0], -ip",1
"andeq r0, r0, r8, ror r5",1
"muleq r0, r8, r5",1
"andeq r0, r0, r0",1
"andeq r0, r0, r0",1
"strdeq r0, r1, [r0], -ip",1
"andeq r0, r0, r8, lsl 6",1
"andeq r0, r0, r4, asr 10",1
"andeq r0, r0, r8, ror r5",1
"andeq r0, r0, r0",1
"andeq r0, r0, r0",1
"strdeq r0, r1, [r0], -ip",1
"andeq r0, r0, r8, lsl 6",1
"andeq r0, r0, r4, asr r5",1
"andeq r0, r0, r8, ror r5",1
"andeq r0, r0, r0",1
"andeq r0, r0, r0",1
"andeq r0, r0, r8, lsl 6",1
"andeq r0, r0, r4, lsl r3",1
"muleq r0, r8, r5",1
"andeq r0, r0, ip, asr 11",1
"andeq r0, r0, r0",1
"andeq r0, r0, r0",1
"andeq r0, r0, r8, lsl 6",1
"andeq r0, r0, r4, lsl r3",1
"andeq r0, r0, r8, lsr 11",1
"andeq r0, r0, ip, asr 11",1
"andeq r0, r0, r0",1
"andeq r0, r0, r0",1
"andeq r0, r0, r8, lsl 2",1
"andeq r0, r0, ip, ror r1",1
"strheq r0, [r0], -r4",1
"andeq r0, r0, r0, asr 3",1
"andeq r0, r0, r0",1
"andeq r0, r0, r0",1
"andeq r0, r0, r4, lsl 8",1
"andeq r0, r0, r8, lsr 8",1
"andeq r0, r0, ip, lsr 8",1
"andeq r0, r0, r4, asr sp",1
"ldrdeq r0, r1, [r0], -r8",1
"andeq r0, r0, r4, ror 29",1
"andeq r0, r0, r0",1
"andeq r0, r0, r0",1
"andeq r0, r0, r0, lsl 19",1
"ldrdeq r0, r1, [r0], -r0",1
"ldrdeq r0, r1, [r0], -ip",1
"andeq r0, r0, ip, asr 25",1
"andeq r0, r0, r0",1
"andeq r0, r0, r0",1
"strheq r0, [r0], -r0",1
"ldrdeq r0, r1, [r0], -r0",1
"ldrdeq r0, r1, [r0], -ip",1
"andeq r0, r0, ip, ror 23",1
"andeq r0, r0, r0",1
"andeq r0, r0, r0",1
"ldrdeq r0, r1, [r0], -ip",1
"andeq r0, r0, r4, ror fp",1
"andeq r0, r0, r8, lsr 23",1
"andeq r0, r0, ip, ror 23",1
"andeq r0, r0, r0",1
"andeq r0, r0, r0",1
"ldrdeq r0, r1, [r0], -ip",1
"strdeq r0, r1, [r0], -r4",1
"andeq r0, r0, r0, lsr 21",1
"andeq r0, r0, r8, asr fp",1
"andeq r0, r0, r0",1
"andeq r0, r0, r0",1
"andeq r0, r0, ip, asr 30",1
"andeq r0, r0, ip, lsl 31",1
"andeq r1, r0, r0, rrx",1
"andeq r1, r0, r0, lsr 1",1
"andeq r0, r0, r0",1
"andeq r0, r0, r0",1
"andeq r0, r0, ip, lsl 31",1
"andeq r1, r0, r0, rrx",1
"andeq r1, r0, r0, lsr 1",1
"andeq r1, r0, r8, lsr 1",1
"andeq r0, r0, r0",1
"andeq r0, r0, r0",1
"andeq r0, r0, r4, asr 32",1
"muleq r0, r0, r0",1
"andeq r0, r0, r8, lsr 1",1
"andeq r0, r0, ip, lsr 1",1
"andeq r0, r0, r0",1
"andeq r0, r0, r0",1
"andeq r0, r0, r4, lsl 13",1
"andeq r0, r0, ip, lsl 16",1
"andeq r0, r0, ip, lsr 16",1
"andeq r0, r0, r8, asr 16",1
"andeq r0, r0, r0",1
"andeq r0, r0, r0",1
"andeq r0, r0, r4, lsl 13",1
"strheq r0, [r0], -r4",1
"andeq r0, r0, r4, lsl 14",1
"ldrdeq r0, r1, [r0], -r8",1
"andeq r0, r0, ip, lsr 16",1
"andeq r0, r0, ip, lsr r8",1
"andeq r0, r0, r0",1
"andeq r0, r0, r0",1
"andeq r0, r0, r0, lsr 13",1
"strheq r0, [r0], -r4",1
"andeq r0, r0, r4, lsl 14",1
"andeq r0, r0, ip, lsl 14",1
"andeq r0, r0, ip, lsl r7",1
"andeq r0, r0, r8, asr 15",1
"andeq r0, r0, ip, lsr 16",1
"andeq r0, r0, ip, lsr r8",1
"andeq r0, r0, r0",1
"andeq r0, r0, r0",1
"ldrdeq r0, r1, [r0], -r8",1
"andeq r0, r0, r4, ror 17",1
"andeq r0, r0, r8, ror 17",1
"andeq r0, r0, r8, lsl 18",1
"andeq r0, r0, r0",1
"andeq r0, r0, r0",1
"andeq r0, r0, r8, lsr 20",1
"muleq r0, r0, sl",1
"strheq r0, [r0], -r0",1
"strheq r0, [r0], -r4",1
"andeq r0, r0, r0",1
"andeq r0, r0, r0",1
"andeq r0, r0, ip, asr 27",1
"ldrdeq r0, r1, [r0], -r4",1
"ldrdeq r0, r1, [r0], -r8",1
"andeq r0, r0, ip, lsr 28",1
"andeq r0, r0, r0",1
"andeq r0, r0, r0",1
"andeq r0, r0, r0, asr 29",1
"andeq r0, r0, r4, ror 29",1
"andeq r0, r0, r8, asr 30",1
"andeq r0, r0, ip, asr 30",1
"andeq r0, r0, r0",1
"andeq r0, r0, r0",1
"andeq r0, r0, r0, asr 31",1
"ldrdeq r0, r1, [r0], -ip",1
"andeq r0, r0, r4, ror 31",1
"andeq r1, r0, r8",1
"andeq r0, r0, r0",1
"andeq r0, r0, r0",1
"andeq r1, r0, r4, lsl sb",1
"andeq r1, r0, r8, asr sb",1
"andeq r1, r0, r8, lsl 19",1
"andeq r1, r0, r0, lsr 19",1
"andeq r0, r0, r0",1
"andeq r0, r0, r0",1
"andeq r1, r0, r4, asr 18",1
"andeq r1, r0, r8, asr sb",1
"muleq r0, r8, sb",1
"andeq r1, r0, r0, lsr 19",1
"andeq r0, r0, r0",1
"andeq r0, r0, r0",1
"andeq r1, r0, r4, ror 18",1
"andeq r1, r0, ip, ror sb",1
"andeq r1, r0, r0, lsr 19",1
"andeq r1, r0, r4, lsr 19",1
"andeq r0, r0, r0",1
"andeq r0, r0, r0",1
"andeq r1, r0, r4, asr 19",1
"andeq r1, r0, r8, ror 19",1
"andeq r1, r0, r4, lsl 20",1
"andeq r1, r0, r8, lsl 20",1
"andeq r0, r0, r0",1
"andeq r0, r0, r0",1
"andeq r1, r0, r8, asr 20",1
"andeq r1, r0, r4, ror sl",1
"strdeq r1, r2, [r0], -r4",1
"strdeq r1, r2, [r0], -ip",1
"andeq r0, r0, r0",1
"andeq r0, r0, r0",1
"andeq r1, r0, ip, lsr 21",1
"ldrdeq r1, r2, [r0], -r0",1
"strdeq r1, r2, [r0], -ip",1
"andeq r1, r0, r0, lsl 22",1
"andeq r0, r0, r0",1
"andeq r0, r0, r0",1
"andeq r1, r0, r4, lsr fp",1
"andeq r1, r0, r8, asr fp",1
"andeq r1, r0, r0, lsr 25",1
"andeq r1, r0, r8, lsr 25",1
"andeq r0, r0, r0",1
"andeq r0, r0, r0",1
"andeq r1, r0, r4, lsl sp",1
"andeq r1, r0, r4, lsr sp",1
"andeq r1, r0, r8, asr 27",1
"andeq r1, r0, ip, asr 27",1
"andeq r0, r0, r0",1
"andeq r0, r0, r0",1
"strdeq r1, r2, [r0], -r0",1
"andeq r1, r0, r4, lsr 29",1
"andeq r1, r0, r0, asr 29",1
"andeq r1, r0, ip, asr 29",1
"andeq r0, r0, r0",1
"andeq r0, r0, r0",1
"andeq r2, r0, r4",1
"andeq r2, r0, r4, lsr 32",1
"muleq r0, r0, r1",1
"muleq r0, r8, r1",1
"andeq r0, r0, r0",1
"andeq r0, r0, r0",1
"ldrdeq r2, r3, [r0], -r4",1
"andeq r2, r0, r4, lsl r2",1
"andeq r2, r0, ip, lsl r2",1
"andeq r2, r0, ip, asr r3",1
"andeq r0, r0, r0",1
"andeq r0, r0, r0",1
"strdeq r2, r3, [r0], -ip",1
"andeq r2, r0, r4, lsl r2",1
"andeq r2, r0, ip, lsl r2",1
"andeq r2, r0, r0, ror r2",1
"andeq r2, r0, r4, lsl 5",1
"muleq r0, r8, r2",1
"andeq r0, r0, r0",1
"andeq r0, r0, r0",1
"strheq r2, [r0], -ip",1
"andeq r2, r0, r8, lsr 8",1
"andeq r2, r0, r0, ror 8",1
"andeq r2, r0, r8, ror r4",1
"andeq r0, r0, r0",1
"andeq r0, r0, r0",1
"andeq r2, r0, r4, asr 10",1
"andeq r2, r0, r4, lsr 11",1
"ldrdeq r2, r3, [r0], -r4",1
"strdeq r2, r3, [r0], -r0",1
"andeq r0, r0, r0",1
"andeq r0, r0, r0",1
"andeq r2, r0, ip, lsl r6",1
"andeq r2, r0, ip, lsr 12",1
"andeq r2, r0, r0, lsr r6",1
"andeq r2, r0, ip, lsr r6",1
"andeq r2, r0, r0, asr 12",1
"andeq r2, r0, r8, lsr 13",1
"andeq r0, r0, r0",1
"andeq r0, r0, r0",1
"andeq r2, r0, ip, lsl r6",1
"andeq r2, r0, ip, lsr 12",1
"andeq r2, r0, r0, lsr r6",1
"andeq r2, r0, ip, lsr r6",1
"andeq r2, r0, r0, asr 12",1
"andeq r2, r0, r8, lsr 13",1
"andeq r0, r0, r0",1
"andeq r0, r0, r0",1
"andeq r2, r0, r0, lsr 19",1
"andeq r2, r0, ip, lsr sl",1
"andeq r2, r0, ip, ror 22",1
"andeq r2, r0, r8, lsl 23",1
"andeq r0, r0, r0",1
"andeq r0, r0, r0",1
"andeq r2, r0, ip, asr lr",1
"strheq r2, [r0], -r4",1
"andeq r2, r0, r4, lsr 30",1
"andeq r2, r0, r4, lsr pc",1
"andeq r0, r0, r0",1
"andeq r0, r0, r0",1
"andeq r3, r0, r8, ror 4",1
"andeq r3, r0, r0, lsr 8",1
"andeq r3, r0, r4, lsl 9",1
"andeq r3, r0, ip, lsl 9",1
"andeq r3, r0, r0, ror 15",1
"andeq r3, r0, r8, lsl 16",1
"andeq r0, r0, r0",1
"andeq r0, r0, r0",1
"andeq r3, r0, ip, ror 4",1
"andeq r3, r0, r0, ror r2",1
"strdeq r3, r4, [r0], -r4",1
"andeq r3, r0, r8, lsr 7",1
"andeq r3, r0, ip, lsl r4",1
"andeq r3, r0, r0, lsr 8",1
"andeq r0, r0, r0",1
"andeq r0, r0, r0",1
"ldrdeq r3, r4, [r0], -r0",1
"andeq r3, r0, r8, lsl 8",1
"andeq r3, r0, r0, ror 15",1
"andeq r3, r0, r8, lsl 16",1
"andeq r0, r0, r0",1
"andeq r0, r0, r0",1
"andeq r3, r0, r0, asr 8",1
"andeq r3, r0, r4, lsl 9",1
"andeq r3, r0, ip, lsl 9",1
"andeq r3, r0, r8, asr 15",1
"andeq r0, r0, r0",1
"andeq r0, r0, r0",1
"andeq r3, r0, r0, ror 8",1
"andeq r3, r0, r4, lsl 9",1
"andeq r3, r0, ip, lsl 9",1
"andeq r3, r0, r0, asr 9",1
"ldrdeq r3, r4, [r0], -r4",1
"andeq r3, r0, r8, ror 9",1
"andeq r0, r0, r0",1
"andeq r0, r0, r0",1
"andeq r3, r0, r4, lsl 10",1
"andeq r3, r0, r0, lsr 11",1
"andeq r3, r0, r4, lsr 11",1
"andeq r3, r0, ip, ror r6",1
"andeq r3, r0, r4, lsl 13",1
"andeq r3, r0, ip, lsr 14",1
"andeq r0, r0, r0",1
"andeq r0, r0, r0",1
"andeq r3, r0, r8, lsl r5",1
"andeq r3, r0, r0, lsr 11",1
"andeq r3, r0, r4, lsr 11",1
"andeq r3, r0, ip, ror r6",1
"andeq r3, r0, r4, lsl 13",1
"muleq r0, ip, r6",1
"andeq r3, r0, ip, asr 13",1
"ldrdeq r3, r4, [r0], -r0",1
"andeq r0, r0, r0",1
"andeq r0, r0, r0",1
"andeq r3, r0, r0, ror 10",1
"andeq r3, r0, r0, lsr 11",1
"andeq r3, r0, r4, lsr 11",1
"andeq r3, r0, ip, ror r6",1
"andeq r3, r0, ip, asr 13",1
"ldrdeq r3, r4, [r0], -r0",1
"andeq r0, r0, r0",1
"andeq r0, r0, r0",1
"strheq r3, [r0], -ip",1
"andeq r3, r0, ip, asr 13",1
"ldrdeq r3, r4, [r0], -r0",1
"andeq r3, r0, r8, ror 13",1
"andeq r0, r0, r0",1
"andeq r0, r0, r0",1
"andeq r3, r0, ip, lsr r8",1
"andeq r3, r0, r0, asr 16",1
"andeq r3, r0, r0, lsl 17",1
"muleq r0, r8, r8",1
"andeq r0, r0, r0",1
"andeq r0, r0, r0",1
"andeq r3, r0, ip, lsr r8",1
"andeq r3, r0, r0, asr 16",1
"andeq r3, r0, r0, lsl 17",1
"muleq r0, r8, r8",1
"andeq r0, r0, r0",1
"andeq r0, r0, r0",1
"andeq r3, r0, ip, lsl 18",1
"andeq r3, r0, r8, lsr 18",1
"muleq r0, r4, sb",1
"muleq r0, r8, sb",1
"andeq r0, r0, r0",1
"andeq r0, r0, r0",1
"andeq r3, r0, r4, asr 21",1
"andeq r3, r0, ip, lsl 31",1
"ldrdeq r4, r5, [r0], -r0",1
"strdeq r4, r5, [r0], -r8",1
"andeq r4, r0, r8, lsl r4",1
"andeq r4, r0, ip, lsr 8",1
"andeq r0, r0, r0",1
"andeq r0, r0, r0",1
"andeq r3, r0, r4, ror 21",1
"andeq r3, r0, r8, ror 22",1
"andeq r4, r0, r8, lsl r4",1
"andeq r4, r0, ip, lsr 8",1
"andeq r0, r0, r0",1
"andeq r0, r0, r0",1
"andeq r3, r0, r4, ror 21",1
"andeq r3, r0, r8, ror 22",1
"andeq r4, r0, r8, lsl r4",1
"andeq r4, r0, ip, lsr 8",1
"andeq r0, r0, r0",1
"andeq r0, r0, r0",1
"andeq r4, r0, r8, asr 15",1
"ldrdeq r4, r5, [r0], -r0",1
"andeq r4, r0, r8, lsl 16",1
"muleq r0, r8, r8",1
"andeq r0, r0, r0",1
"andeq r0, r0, r0",1
"andeq r4, r0, r4, lsr 19",1
"andeq r4, r0, ip, lsr sl",1
"andeq r4, r0, r0, ror sl",1
"muleq r0, r4, sl",1
"andeq r0, r0, r0",1
"andeq r0, r0, r0",1
"andeq r4, r0, r4, lsr 27",1
"andeq r4, r0, r0, lsr 29",1
"andeq r5, r0, r8, lsr r0",1
"andeq r5, r0, r0, rrx",1
"andeq r0, r0, r0",1
"andeq r0, r0, r0",1
"andeq r4, r0, r8, lsl pc",1
"andeq r5, r0, r8, lsr r0",1
"andeq r5, r0, r0, rrx",1
"muleq r0, r0, r0",1
"andeq r0, r0, r0",1
"andeq r0, r0, r0",1
"andeq r5, r0, r0, lsl 2",1
"andeq r5, r0, r4, lsr 2",1
"muleq r0, r0, r8",1
"muleq r0, r8, r8",1
"andeq r0, r0, r0",1
"andeq r0, r0, r0",1
"andeq r5, r0, ip, lsl 26",1
"andeq r6, r0, ip, asr 7",1
"strdeq r6, r7, [r0], -r8",1
"andeq r6, r0, r4, lsl 12",1
"strdeq r6, r7, [r0], -r4",1
"andeq r6, r0, r4, ror 26",1
"muleq r0, ip, sp",1
"andeq r6, r0, r4, lsr 27",1
"andeq r0, r0, r0",1
"andeq r0, r0, r0",1
"andeq r5, r0, ip, lsl 26",1
"andeq r6, r0, ip, asr 7",1
"strdeq r6, r7, [r0], -r8",1
"andeq r6, r0, r4, lsl 12",1
"strdeq r6, r7, [r0], -r4",1
"andeq r6, r0, r4, ror 26",1
"muleq r0, ip, sp",1
"andeq r6, r0, r4, lsr 27",1
"andeq r0, r0, r0",1
"andeq r0, r0, r0",1
"andeq r5, r0, ip, lsr 28",1
"andeq r6, r0, r4, ror 4",1
"strdeq r6, r7, [r0], -r4",1
"andeq r6, r0, ip, lsr 26",1
"andeq r0, r0, r0",1
"andeq r0, r0, r0",1
"andeq r5, r0, r8, asr pc",1
"andeq r6, r0, r8, lsr 2",1
"andeq r6, r0, r0, ror 24",1
"andeq r6, r0, ip, ror 25",1
"andeq r0, r0, r0",1
"andeq r0, r0, r0",1
"andeq r5, r0, r8, asr pc",1
"andeq r6, r0, r8, lsr 2",1
"andeq r6, r0, r0, ror 24",1
"andeq r6, r0, ip, ror 25",1
"andeq r0, r0, r0",1
"andeq r0, r0, r0",1
"andeq r5, r0, ip, asr 31",1
"andeq r6, r0, r8, lsr 2",1
"andeq r6, r0, r8, ror 24",1
"andeq r6, r0, r8, ror ip",1
"ldrdeq r6, r7, [r0], -r0",1
"andeq r6, r0, ip, ror 25",1
"andeq r0, r0, r0",1
"andeq r0, r0, r0",1
"andeq r6, r0, r4, lsl 1",1
"andeq r6, r0, ip, asr 1",1
"andeq r6, r0, r8, ror 25",1
"andeq r6, r0, ip, ror 25",1
"andeq r0, r0, r0",1
"andeq r0, r0, r0",1
"strdeq r6, r7, [r0], -r4",1
"andeq r6, r0, r4, ror r3",1
"strdeq r6, r7, [r0], -r8",1
"andeq r6, r0, r4, lsl 12",1
"andeq r6, r0, ip, lsr 26",1
"andeq r6, r0, r4, ror 26",1
"muleq r0, ip, sp",1
"andeq r6, r0, r4, lsr 27",1
"andeq r0, r0, r0",1
"andeq r0, r0, r0",1
"andeq r6, r0, r4, asr r5",1
"strdeq r6, r7, [r0], -r8",1
"andeq r6, r0, ip, ror sp",1
"muleq r0, ip, sp",1
"andeq r6, r0, r4, lsr 27",1
"andeq r6, r0, ip, lsr 27",1
"andeq r0, r0, r0",1
"andeq r0, r0, r0",1
"andeq r6, r0, r4, asr r5",1
"andeq r6, r0, r8, lsr 11",1
"andeq r6, r0, ip, lsr 11",1
"strdeq r6, r7, [r0], -r8",1
"andeq r6, r0, ip, ror sp",1
"muleq r0, ip, sp",1
"andeq r6, r0, r4, lsr 27",1
"andeq r6, r0, ip, lsr 27",1
"andeq r0, r0, r0",1
"andeq r0, r0, r0",1
"andeq r6, r0, r4, ror 10",1
"andeq r6, r0, r4, lsr 11",1
"andeq r6, r0, r8, lsl 27",1
"muleq r0, r0, sp",1
"andeq r0, r0, r0",1
"andeq r0, r0, r0",1
"andeq r6, r0, r4, lsr 16",1
"andeq r6, r0, r8, lsr 16",1
"andeq r6, r0, ip, lsr 16",1
"andeq r6, r0, r4, asr fp",1
"andeq r6, r0, ip, lsr 27",1
"andeq r6, r0, r8, lsl 28",1
"andeq r0, r0, r0",1
"andeq r0, r0, r0",1
"andeq r6, r0, r4, lsr 16",1
"andeq r6, r0, r8, lsr 16",1
"andeq r6, r0, ip, lsr 16",1
"andeq r6, r0, r4, asr fp",1
"andeq r6, r0, ip, lsr 27",1
"andeq r6, r0, r8, lsl 28",1
"andeq r0, r0, r0",1
"andeq r0, r0, r0",1
"ldrdeq r6, r7, [r0], -ip",1
"andeq r6, r0, ip, lsr 30",1
"andeq r6, r0, r8, lsr pc",1
"andeq r6, r0, ip, lsr pc",1
"andeq r0, r0, r0",1
"andeq r0, r0, r0",1
"strheq r7, [r0], -r4",1
"ldrdeq r7, r8, [r0], -r4",1
"andeq r7, r0, r4, lsr 5",1
"andeq r7, r0, ip, lsr 5",1
"andeq r0, r0, r0",1
"andeq r0, r0, r0",1
"strheq r7, [r0], -r4",1
"ldrdeq r7, r8, [r0], -r4",1
"andeq r7, r0, r4, lsr 5",1
"andeq r7, r0, ip, lsr 5",1
"andeq r0, r0, r0",1
"andeq r0, r0, r0",1
"andeq r7, r0, r4, lsr r2",1
"andeq r7, r0, ip, lsr r2",1
"andeq r7, r0, r4, asr 4",1
"andeq r7, r0, r8, ror r2",1
"andeq r0, r0, r0",1
"andeq r0, r0, r0",1
"andeq r7, r0, ip, ror r4",1
"andeq r7, r0, r0, ror 9",1
"andeq r7, r0, r0, lsr ip",1
"andeq r7, r0, r0, lsl 25",1
"andeq r7, r0, r8, lsl 25",1
"andeq r7, r0, r4, lsr 25",1
"andeq r0, r0, r0",1
"andeq r0, r0, r0",1
"andeq r7, r0, ip, ror r4",1
"andeq r7, r0, r0, ror 9",1
"andeq r7, r0, r0, lsr ip",1
"andeq r7, r0, r0, lsl 25",1
"andeq r7, r0, r8, lsl 25",1
"andeq r7, r0, r4, lsr 25",1
"andeq r0, r0, r0",1
"andeq r0, r0, r0",1
"andeq r7, r0, ip, ror 9",1
"andeq r7, r0, r0, asr 16",1
"strheq r7, [r0], -ip",1
"andeq r7, r0, r0, ror 25",1
"andeq r0, r0, r0",1
"andeq r0, r0, r0",1
"andeq r7, r0, ip, ror 9",1
"andeq r7, r0, r0, asr 16",1
"strheq r7, [r0], -ip",1
"andeq r7, r0, r0, ror 25",1
"andeq r0, r0, r0",1
"andeq r0, r0, r0",1
"andeq r7, r0, r4, ror r6",1
"strdeq r7, r8, [r0], -r4",1
"andeq r7, r0, r8, lsl 14",1
"andeq r7, r0, r0, lsl r7",1
"andeq r0, r0, r0",1
"andeq r0, r0, r0",1
"andeq r7, r0, r4, ror r6",1
"strdeq r7, r8, [r0], -r4",1
"andeq r7, r0, r8, lsl 14",1
"andeq r7, r0, r0, lsl r7",1
"andeq r0, r0, r0",1
"andeq r0, r0, r0",1
"andeq r7, r0, r8, ror 14",1
"andeq r7, r0, ip, ror 14",1
"andeq r7, r0, r4, ror r7",1
"andeq r7, r0, r8, lsr 15",1
"andeq r0, r0, r0",1
"andeq r0, r0, r0",1
"ldrdeq r7, r8, [r0], -r0",1
"andeq r7, r0, ip, ror 15",1
"strdeq r7, r8, [r0], -r0",1
"andeq r7, r0, r8, lsr 16",1
"andeq r0, r0, r0",1
"andeq r0, r0, r0",1
"andeq r7, r0, r4, asr 17",1
"ldrdeq r7, r8, [r0], -r8",1
"andeq r7, r0, r8, lsl sb",1
"andeq r7, r0, r0, asr 18",1
"andeq r0, r0, r0",1
"andeq r0, r0, r0",1
"andeq r7, r0, r0, ror 19",1
"andeq r7, r0, r0, lsr 23",1
"andeq r7, r0, r8, ror 25",1
"strdeq r7, r8, [r0], -r4",1
"andeq r0, r0, r0",1
"andeq r0, r0, r0",1
"andeq r7, r0, r0, ror 19",1
"andeq r7, r0, r0, lsr 23",1
"andeq r7, r0, r8, ror 25",1
"strdeq r7, r8, [r0], -r4",1
"andeq r0, r0, r0",1
"andeq r0, r0, r0",1
"andeq r7, r0, r0, lsr sl",1
"andeq r7, r0, r8, asr sl",1
"andeq r7, r0, ip, asr sl",1
"ldrdeq r7, r8, [r0], -r8",1
"andeq r7, r0, r8, ror 25",1
"strdeq r7, r8, [r0], -r4",1
"andeq r0, r0, r0",1
"andeq r0, r0, r0",1
"muleq r0, r0, sp",1
"andeq r7, r0, r8, lsr 27",1
"strheq r7, [r0], -r4",1
"andeq r8, r0, ip, asr 4",1
"andeq r0, r0, r0",1
"andeq r0, r0, r0",1
"muleq r0, r4, sp",1
"andeq r7, r0, r8, lsr 27",1
"andeq r8, r0, r8, lsl r0",1
"andeq r8, r0, ip, asr 1",1
"andeq r0, r0, r0",1
"andeq r0, r0, r0",1
"andeq r8, r0, r8",1
"andeq r8, r0, r8, lsl r0",1
"andeq r8, r0, ip, asr 1",1
"andeq r8, r0, ip, ror 3",1
"andeq r0, r0, r0",1
"andeq r0, r0, r0",1
"andeq r8, r0, r8, ror 7",1
"strdeq r8, sb, [r0], -r4",1
"strdeq r8, sb, [r0], -r8",1
"andeq r8, r0, r0, lsr r5",1
"andeq r0, r0, r0",1
"andeq r0, r0, r0",1
"andeq r8, r0, ip, lsl 19",1
"andeq r8, r0, r4, lsr sl",1
"andeq r8, r0, r4, asr pc",1
"andeq r8, r0, r4, ror 30",1
"andeq r0, r0, r0",1
"andeq r0, r0, r0",1
"andeq r8, r0, ip, lsl 19",1
"andeq r8, r0, r4, lsr sl",1
"andeq r8, r0, r4, asr pc",1
"andeq r8, r0, r4, ror 30",1
"andeq r0, r0, r0",1
"andeq r0, r0, r0",1
"andeq r8, r0, r0, ror 20",1
"ldrdeq r8, sb, [r0], -ip",1
"andeq r8, r0, r4, ror 21",1
"andeq r8, r0, r0, lsr ip",1
"andeq r0, r0, r0",1
"andeq r0, r0, r0",1
"andeq r8, r0, r0, ror 20",1
"andeq r8, r0, ip, ror 20",1
"andeq r8, r0, r8, asr 21",1
"ldrdeq r8, sb, [r0], -ip",1
"andeq r8, r0, r4, ror 21",1
"ldrdeq r8, sb, [r0], -ip",1
"andeq r0, r0, r0",1
"andeq r0, r0, r0",1
"ldrdeq r8, sb, [r0], -r0",1
"andeq r8, r0, r4, ror 29",1
"strdeq r8, sb, [r0], -ip",1
"andeq r8, r0, r8, lsl pc",1
"andeq r0, r0, r0",1
"andeq r0, r0, r0",1
"andeq r8, r0, r0, ror 25",1
"strdeq r8, sb, [r0], -r4",1
"andeq r8, r0, ip, lsr sp",1
"andeq r8, r0, r4, asr 29",1
"strdeq r8, sb, [r0], -ip",1
"andeq r8, r0, r8, lsl pc",1
"andeq r0, r0, r0",1
"andeq r0, r0, r0",1
"andeq r8, r0, ip, ror 31",1
"strdeq r8, sb, [r0], -r4",1
"andeq sb, r0, r8, rrx",1
"strheq sb, [r0], -r0",1
"andeq sb, r0, r8, lsl 4",1
"andeq sb, r0, ip, lsl 4",1
"andeq sb, r0, r8, lsl r2",1
"andeq sb, r0, r0, lsr r2",1
"andeq r0, r0, r0",1
"andeq r0, r0, r0",1
"andeq r8, r0, ip, ror 31",1
"strdeq r8, sb, [r0], -r4",1
"andeq sb, r0, r8, rrx",1
"strheq sb, [r0], -r0",1
"andeq sb, r0, r8, lsl 4",1
"andeq sb, r0, ip, lsl 4",1
"andeq sb, r0, r8, lsl r2",1
"andeq sb, r0, r0, lsr r2",1
"andeq r0, r0, r0",1
"andeq r0, r0, r0",1
"andeq r8, r0, ip, ror 31",1
"strdeq r8, sb, [r0], -r4",1
"andeq sb, r0, ip, ror r0",1
"andeq sb, r0, r0, lsr 3",1
"andeq sb, r0, r8, lsl 4",1
"andeq sb, r0, ip, lsl 4",1
"andeq sb, r0, r8, lsl r2",1
"andeq sb, r0, r0, lsr r2",1
"andeq r0, r0, r0",1
"andeq r0, r0, r0",1
"andeq r8, r0, ip, ror 31",1
"strdeq r8, sb, [r0], -r4",1
"andeq sb, r0, r0, ror 2",1
"andeq sb, r0, ip, lsl 3",1
"andeq r0, r0, r0",1
"andeq r0, r0, r0",1
"strheq sb, [r0], -r4",1
"andeq sb, r0, ip, ror 11",1
"strdeq sb, sl, [r0], -r4",1
"strheq sb, [r0], -r4",1
"andeq sb, r0, r0, asr 13",1
"andeq sb, r0, ip, asr 13",1
"andeq r0, r0, r0",1
"andeq r0, r0, r0",1
"andeq sb, r0, r4, lsr 12",1
"andeq sb, r0, r0, lsr r6",1
"andeq sb, r0, ip, lsr r6",1
"andeq sb, r0, ip, asr r6",1
"andeq r0, r0, r0",1
"andeq r0, r0, r0",1
"muleq r0, r4, sb",1
"andeq sb, r0, r0, ror 19",1
"strheq sb, [r0], -r0",1
"andeq sb, r0, r8, asr 29",1
"andeq r0, r0, r0",1
"andeq r0, r0, r0",1
"muleq r0, r4, r1",1
"andeq sl, r0, r8, ror r7",1
"andeq sl, r0, r4, lsr 15",1
"andeq sl, r0, r4, lsl 16",1
"andeq r0, r0, r0",1
"andeq r0, r0, r0",1
"muleq r0, r4, r1",1
"andeq sl, r0, r4, lsr 3",1
"andeq sl, r0, r4, asr 11",1
"andeq sl, r0, r4, ror 14",1
"andeq sl, r0, r4, lsr 15",1
"andeq sl, r0, ip, lsr 15",1
"ldrdeq sl, fp, [r0], -r0",1
"andeq sl, r0, r4, lsl 16",1
"andeq r0, r0, r0",1
"andeq r0, r0, r0",1
"andeq sl, r0, r8, asr 4",1
"andeq sl, r0, r4, asr 11",1
"andeq sl, r0, ip, lsr 15",1
"strheq sl, [r0], -r0",1
"andeq r0, r0, r0",1
"andeq r0, r0, r0",1
"andeq sl, r0, r8, asr 4",1
"andeq sl, r0, r4, asr 11",1
"andeq sl, r0, ip, lsr 15",1
"strheq sl, [r0], -r0",1
"andeq r0, r0, r0",1
"andeq r0, r0, r0",1
"andeq sl, r0, r8, ror 4",1
"andeq sl, r0, r4, ror r2",1
"andeq sl, r0, r0, lsl 5",1
"muleq r0, ip, r2",1
"andeq r0, r0, r0",1
"andeq r0, r0, r0",1
"andeq sl, r0, r4, asr 5",1
"andeq sl, r0, r8, lsr 11",1
"andeq sl, r0, ip, lsr 15",1
"strheq sl, [r0], -r0",1
"andeq r0, r0, r0",1
"andeq r0, r0, r0",1
"andeq sl, r0, r4, asr 5",1
"andeq sl, r0, r8, asr 5",1
"andeq sl, r0, r8, lsl r4",1
"andeq sl, r0, r4, lsl 11",1
"andeq sl, r0, ip, lsr 15",1
"strheq sl, [r0], -r0",1
"andeq r0, r0, r0",1
"andeq r0, r0, r0",1
"andeq sl, r0, ip, lsl 6",1
"andeq sl, r0, ip, lsr 7",1
"andeq sl, r0, ip, asr 7",1
"ldrdeq sl, fp, [r0], -ip",1
"andeq r0, r0, r0",1
"andeq r0, r0, r0",1
"andeq sl, r0, r4, ror 22",1
"andeq sl, r0, r8, lsr ip",1
"andeq sl, r0, r0, lsr 25",1
"andeq sl, r0, r8, lsr 25",1
"andeq r0, r0, r0",1
"andeq r0, r0, r0",1
"andeq sl, r0, r8, lsr ip",1
"andeq sl, r0, r0, lsr 25",1
"andeq sl, r0, r8, lsr 25",1
"andeq sl, r0, r0, lsr pc",1
"strdeq sl, fp, [r0], -ip",1
"andeq fp, r0, r0, lsr 32",1
"andeq r0, r0, r0",1
"andeq r0, r0, r0",1
"andeq sl, r0, r8, lsr ip",1
"andeq sl, r0, r0, lsr 25",1
"andeq sl, r0, r8, lsr 25",1
"andeq sl, r0, r0, lsr pc",1
"strdeq sl, fp, [r0], -ip",1
"andeq fp, r0, r0, lsr 32",1
"andeq r0, r0, r0",1
"andeq r0, r0, r0",1
"andeq sl, r0, r8, asr ip",1
"andeq sl, r0, r0, lsr 25",1
"andeq sl, r0, r8, lsr 25",1
"andeq sl, r0, r4, asr 27",1
"andeq sl, r0, r4, lsr 30",1
"andeq sl, r0, ip, lsr 30",1
"andeq r0, r0, r0",1
"andeq r0, r0, r0",1
"andeq sl, r0, r8, lsr 25",1
"strheq sl, [r0], -r4",1
"andeq sl, r0, r4, lsr 30",1
"andeq sl, r0, ip, lsr 30",1
"andeq r0, r0, r0",1
"andeq r0, r0, r0",1
"andeq sl, r0, r4, asr 27",1
"andeq sl, r0, r4, lsr 30",1
"andeq sl, r0, ip, lsr 30",1
"andeq sl, r0, r0, lsr pc",1
"strdeq sl, fp, [r0], -ip",1
"andeq fp, r0, r0, lsr 32",1
"andeq r0, r0, r0",1
"andeq r0, r0, r0",1
"strdeq sl, fp, [r0], -r8",1
"strheq sl, [r0], -r0",1
"andeq sl, r0, ip, lsr 30",1
"andeq sl, r0, r0, lsr pc",1
"andeq r0, r0, r0",1
"andeq r0, r0, r0",1
"andeq sl, r0, r4, ror 28",1
"strheq sl, [r0], -r0",1
"andeq sl, r0, ip, lsr 30",1
"andeq sl, r0, r0, lsr pc",1
"andeq r0, r0, r0",1
"andeq r0, r0, r0",1
"ldrdeq sl, fp, [r0], -r4",1
"andeq sl, r0, r4, lsr 30",1
"strdeq sl, fp, [r0], -ip",1
"andeq fp, r0, r0, lsr 32",1
"andeq r0, r0, r0",1
"andeq r0, r0, r0",1
"strheq fp, [r0], -r4",1
"ldrdeq fp, ip, [r0], -r0",1
"andeq fp, r0, r0, ror 3",1
"andeq fp, r0, r8, asr 4",1
"andeq ip, r0, r4, ror 2",1
"andeq ip, r0, r8, lsl 3",1
"andeq r0, r0, r0",1
"andeq r0, r0, r0",1
"strheq fp, [r0], -r4",1
"ldrdeq fp, ip, [r0], -r0",1
"andeq fp, r0, r0, ror 3",1
"andeq fp, r0, r8, asr 4",1
"andeq ip, r0, r4, ror 2",1
"andeq ip, r0, r8, lsl 3",1
"andeq r0, r0, r0",1
"andeq r0, r0, r0",1
"andeq fp, r0, ip, lsl 8",1
"andeq fp, r0, r8, lsl r4",1
"ldrdeq fp, ip, [r0], -ip",1
"andeq fp, r0, r0, lsl 25",1
"andeq ip, r0, r0, lsr 3",1
"andeq ip, r0, ip, ror 3",1
"andeq ip, r0, r4, asr 4",1
"andeq ip, r0, r0, lsl 5",1
"andeq r0, r0, r0",1
"andeq r0, r0, r0",1
"andeq fp, r0, ip, lsl 8",1
"andeq fp, r0, r8, lsl r4",1
"ldrdeq fp, ip, [r0], -ip",1
"andeq fp, r0, r0, lsl 25",1
"andeq ip, r0, r0, lsr 3",1
"andeq ip, r0, ip, ror 3",1
"andeq ip, r0, r4, asr 4",1
"andeq ip, r0, r0, lsl 5",1
"andeq r0, r0, r0",1
"andeq r0, r0, r0",1
"andeq fp, r0, r4, lsr r8",1
"andeq fp, r0, r4, asr 16",1
"andeq fp, r0, ip, ror r8",1
"andeq fp, r0, r4, asr ip",1
"andeq ip, r0, r0, lsr 3",1
"andeq ip, r0, r0, ror 3",1
"andeq ip, r0, r4, asr 4",1
"andeq ip, r0, r0, lsl 5",1
"andeq r0, r0, r0",1
"andeq r0, r0, r0",1
"andeq fp, r0, r4, ror 17",1
"andeq fp, r0, r8, lsr fp",1
"andeq ip, r0, r0, lsr 3",1
"andeq ip, r0, r0, ror 3",1
"andeq ip, r0, r4, asr 4",1
"andeq ip, r0, r0, lsl 5",1
"andeq r0, r0, r0",1
"andeq r0, r0, r0",1
"andeq fp, r0, r4, ror 17",1
"andeq fp, r0, r8, lsr fp",1
"andeq ip, r0, r0, lsr 3",1
"andeq ip, r0, r0, ror 3",1
"andeq ip, r0, r4, asr 4",1
"andeq ip, r0, r0, lsl 5",1
"andeq r0, r0, r0",1
"andeq r0, r0, r0",1
"strdeq fp, ip, [r0], -r0",1
"strheq fp, [r0], -r4",1
"andeq ip, r0, r0, lsr 3",1
"ldrdeq ip, sp, [r0], -r8",1
"andeq ip, r0, r4, asr 4",1
"andeq ip, r0, r8, asr r2",1
"andeq r0, r0, r0",1
"andeq r0, r0, r0",1
"strdeq fp, ip, [r0], -r0",1
"strheq fp, [r0], -r4",1
"andeq ip, r0, r0, lsr 3",1
"ldrdeq ip, sp, [r0], -r8",1
"andeq ip, r0, r4, asr 4",1
"andeq ip, r0, r8, asr r2",1
"andeq r0, r0, r0",1
"andeq r0, r0, r0",1
"andeq fp, r0, r8, lsl sb",1
"muleq r0, r4, sl",1
"andeq ip, r0, r0, lsr 3",1
"ldrdeq ip, sp, [r0], -r8",1
"andeq ip, r0, r4, asr 4",1
"andeq ip, r0, r8, asr r2",1
"andeq r0, r0, r0",1
"andeq r0, r0, r0",1
"andeq fp, r0, r0, lsr 8",1
"andeq fp, r0, r4, lsr 8",1
"andeq fp, r0, r4, lsl 12",1
"andeq fp, r0, ip, lsl 13",1
"andeq ip, r0, r0, asr 1",1
"andeq ip, r0, ip, asr 1",1
"andeq r0, r0, r0",1
"andeq r0, r0, r0",1
"andeq fp, r0, r4, lsr 8",1
"andeq fp, r0, ip, lsr 8",1
"andeq fp, r0, ip, lsl 26",1
"andeq fp, r0, r8, lsl 29",1
"andeq ip, r0, ip, ror 3",1
"strdeq ip, sp, [r0], -r8",1
"andeq ip, r0, r0, lsl 5",1
"andeq ip, r0, r4, lsr 5",1
"strheq ip, [r0], -r0",1
"andeq ip, r0, r4, ror 5",1
"andeq r0, r0, r0",1
"andeq r0, r0, r0",1
"andeq fp, r0, r4, lsr 8",1
"andeq fp, r0, ip, lsr 8",1
"andeq fp, r0, ip, lsl 26",1
"andeq fp, r0, r8, lsl 29",1
"andeq ip, r0, ip, ror 3",1
"strdeq ip, sp, [r0], -r8",1
"andeq ip, r0, r0, lsl 5",1
"andeq ip, r0, r4, lsr 5",1
"strheq ip, [r0], -r0",1
"andeq ip, r0, r4, ror 5",1
"andeq r0, r0, r0",1
"andeq r0, r0, r0",1
"andeq fp, r0, r0, ror 29",1
"andeq ip, r0, r4, lsl 1",1
"strdeq ip, sp, [r0], -r8",1
"andeq ip, r0, r4, asr 4",1
"andeq r0, r0, r0",1
"andeq r0, r0, r0",1
"andeq ip, r0, r0, asr 6",1
"andeq ip, r0, ip, asr 14",1
"andeq ip, r0, r0, ror r7",1
"andeq ip, r0, r4, lsl 15",1
"andeq r0, r0, r0",1
"andeq r0, r0, r0",1
"andeq ip, r0, r0, asr 6",1
"andeq ip, r0, r8, asr 6",1
"andeq ip, r0, r0, lsr 11",1
"andeq ip, r0, r8, lsl 14",1
"andeq r0, r0, r0",1
"andeq r0, r0, r0",1
"andeq ip, r0, r0, asr 6",1
"andeq ip, r0, r8, asr 6",1
"andeq ip, r0, r8, ror 11",1
"andeq ip, r0, ip, lsr r6",1
"andeq r0, r0, r0",1
"andeq r0, r0, r0",1
"andeq ip, r0, r0, asr 6",1
"andeq ip, r0, r8, asr 6",1
"strdeq ip, sp, [r0], -r0",1
"andeq ip, r0, r0, lsr 12",1
"andeq r0, r0, r0",1
"andeq r0, r0, r0",1
"andeq ip, r0, r0, asr 6",1
"andeq ip, r0, r8, asr 6",1
"strdeq ip, sp, [r0], -r0",1
"strdeq ip, sp, [r0], -r4",1
"strdeq ip, sp, [r0], -r8",1
"andeq ip, r0, r0, lsl 12",1
"andeq r0, r0, r0",1
"andeq r0, r0, r0",1
"andeq ip, r0, r0, asr 12",1
"andeq ip, r0, r4, asr 12",1
"andeq ip, r0, r0, asr r6",1
"andeq ip, r0, ip, asr r6",1
"andeq r0, r0, r0",1
"andeq r0, r0, r0",1
"andeq ip, r0, r4, asr 12",1
"andeq ip, r0, r0, asr r6",1
"andeq ip, r0, ip, ror r6",1
"andeq ip, r0, ip, lsr 13",1
"andeq r0, r0, r0",1
"andeq r0, r0, r0",1
"andeq ip, r0, ip, ror 9",1
"andeq ip, r0, r0, lsl r5",1
"andeq ip, r0, r4, lsl r5",1
"muleq r0, r8, r5",1
"andeq r0, r0, r0",1
"andeq r0, r0, r0",1
"andeq ip, r0, ip, ror 9",1
"andeq ip, r0, r0, lsl r5",1
"andeq ip, r0, r4, lsl r5",1
"andeq ip, r0, r8, lsl 11",1
"andeq r0, r0, r0",1
"andeq r0, r0, r0",1
"andeq ip, r0, ip, ror 9",1
"strdeq ip, sp, [r0], -r0",1
"andeq ip, r0, r4, lsl r5",1
"andeq ip, r0, r0, lsr 10",1
"andeq ip, r0, r0, lsr r5",1
"andeq ip, r0, r0, ror 10",1
"andeq r0, r0, r0",1
"andeq r0, r0, r0",1
"andeq ip, r0, r8, lsl r5",1
"andeq ip, r0, r0, lsr 10",1
"andeq ip, r0, ip, lsr r5",1
"andeq ip, r0, ip, asr r5",1
"andeq r0, r0, r0",1
"andeq r0, r0, r0",1
"andeq ip, r0, r8, lsl r5",1
"andeq ip, r0, r0, lsr 10",1
"andeq ip, r0, ip, lsr r5",1
"andeq ip, r0, ip, asr r5",1
"andeq r0, r0, r0",1
"andeq r0, r0, r0",1
"andeq ip, r0, r0, lsr 14",1
"andeq ip, r0, r0, lsr r7",1
"andeq ip, r0, r0, ror r7",1
"andeq ip, r0, r4, lsl 15",1
"andeq r0, r0, r0",1
"andeq r0, r0, r0",1
"andeq ip, r0, ip, asr 21",1
"andeq ip, r0, r4, lsr 22",1
"andeq ip, r0, r8, ror 23",1
"andeq ip, r0, ip, ror 23",1
"andeq r0, r0, r0",1
"andeq r0, r0, r0",1
"andeq r0, r0, ip, asr 32",1
"andeq r0, r0, r0, rrx",1
"andeq r0, r0, r4, ror r0",1
"ldrdeq r0, r1, [r0], -r0",1
"andeq r0, r0, r4, lsr 5",1
"andeq r0, r0, r8, lsr 5",1
"andeq r0, r0, r0",1
"andeq r0, r0, r0",1
"andeq r0, r0, r4, ror 1",1
"andeq r0, r0, ip, lsl 5",1
"muleq r0, r4, r2",1
"muleq r0, r8, r2",1
"andeq r0, r0, r0",1
"andeq r0, r0, r0",1
"andeq r0, r0, ip, lsl 2",1
"andeq r0, r0, ip, lsl 5",1
"muleq r0, r4, r2",1
"muleq r0, r8, r2",1
"andeq r0, r0, r0",1
"andeq r0, r0, r0",1
"andeq r0, r0, ip, lsl 2",1
"andeq r0, r0, r8, lsl r2",1
"andeq r0, r0, r8, lsr 4",1
"andeq r0, r0, r0, ror r2",1
"andeq r0, r0, r0",1
"andeq r0, r0, r0",1
"andeq r0, r0, r0, asr r0",1
"andeq r0, r0, r0, ror 8",1
"andeq r0, r0, r4, ror 8",1
"andeq r0, r0, ip, ror 8",1
"andeq r0, r0, r0",1
"andeq r0, r0, r0",1
"andeq r0, r0, r0, asr r0",1
"andeq r0, r0, r0, ror 8",1
"andeq r0, r0, r4, ror 8",1
"andeq r0, r0, ip, ror 8",1
"andeq r0, r0, r0",1
"andeq r0, r0, r0",1
"andeq r0, r0, ip, ror 2",1
"andeq r0, r0, r0, ror r1",1
"andeq r0, r0, r4, ror r1",1
"andeq r0, r0, r8, ror r1",1
"andeq r0, r0, ip, ror r1",1
"andeq r0, r0, r8, lsr 4",1
"andeq r0, r0, r0",1
"andeq r0, r0, r0",1
"andeq r0, r0, r4, lsr 6",1
"andeq r0, r0, r4, lsr r3",1
"andeq r0, r0, r8, lsr r3",1
"strdeq r0, r1, [r0], -r8",1
"andeq r0, r0, r0",1
"andeq r0, r0, r0",1
"andeq r0, r0, r4",1
"andeq r0, r0, r8",1
"andeq r0, r0, r0, lsl r0",1
"andeq r0, r0, r0, lsl 8",1
"andeq r0, r0, r0",1
"andeq r0, r0, r0",1
"andeq r0, r0, r4",1
"andeq r0, r0, r8",1
"andeq r0, r0, r0, lsl r0",1
"andeq r0, r0, r0, lsl 8",1
"andeq r0, r0, r0",1
"andeq r0, r0, r0",1
"andeq r0, r0, ip, lsr 2",1
"andeq r0, r0, r0, lsr r1",1
"andeq r0, r0, r4, lsr r1",1
"ldrdeq r0, r1, [r0], -ip",1
"andeq r0, r0, r0",1
"andeq r0, r0, r0",1
"andeq r0, r0, r8",1
"andeq r0, r0, ip",1
"andeq r0, r0, r0, lsl r0",1
"andeq r0, r0, r4, lsl r0",1
"andeq r0, r0, r8, lsl r0",1
"andeq r0, r0, ip, lsl r0",1
"andeq r0, r0, r0, lsr 32",1
"andeq r0, r0, r4, rrx",1
"andeq r0, r0, r0",1
"andeq r0, r0, r0",1
invalid,1
"andeq r0, r0, r0",1
"andeq sb, r0, r4, ror 2",1
"andeq sb, r0, r8, ror 2",1
"muleq r1, ip, r4",1
"andeq fp, r1, r0, lsr 9",1
"andeq r0, r0, r0",1
"andeq r0, r0, r0",1
"ldmdbvc r3!, {sb, sl, fp, sp} ^",1
"rsbvs r7, r1, 0x6d000000",1
"ldrbtvc r2, [r3], -0xe00",1
"rsbvs r7, r1, 0x72000000",1
"ldmdavs r3!, {sb, sl, fp, sp} ^",1
"ldrbtvc r7, [r2], -0x473",1
"cdphs p2, 0, c6, c0, c1, 3",1
"ldrbvs r6, [r4, -0xe69]!",1
"mcrhs p0, 0, r7, c0, c2, 3",1
"ldrbvs r6, [r4, -0xf6e]!",1
"stmdbmi r2, {r1, r2, r3, r5, r8, lr} ^",1
"strbvs r7, [r1, -sp, lsr 8]!",1
svcvs 0x6e2e00,1
invalid,1
"eorvs r7, lr, 0x1b800000",1
"strbtvs r6, [ip], -0x975",1
"rsbeq r6, r4, sp, lsr 18",1
"strbvc r6, [lr, -0x72e]!",1
invalid,1
"strtvs r0, [lr], -0x68",1
"ldmdbvc r3!, {r0, r3, r4, r5, r6, sb, sl, fp, sp, lr} ^",1
"strtvs r0, [lr], -0x6d",1
"ldrbtvc r6, [r3], -0xe79",1
invalid,1
"strtvc r7, [lr], -lr, ror 10",1
"ldmdbvs r3!, {r0, r2, r5, r6, sb, ip, sp, lr} ^",1
"cdphs p14, 0, c6, c0, c15, 3",1
"cdphs p14, 7, c6, c5, c7, 3",1
"cmnvc r2, 0x1d800000",1
svcpl 0x6e6f69,1
"eorvc r0, lr, 0x72",1
"strtvs r6, [lr], -0xc65",1
"mcrhs p14, 0, r6, c0, c9, 3",1
"mcrhs p5, 3, r6, c12, c2, 3",1
"rsbseq r6, r4, r0, ror ip",1
"stmdbvs lr!, {r1, r2, r3, r5, r8, fp, sp, lr} ^",1
"strtvc r0, [lr], -0x74",1
"rsbseq r7, r4, r5, ror 16",1
"cdpvs p6, 6, c6, c9, c14, 1",1
"eorvc r0, lr, 0x69",1
"strbtvc r6, [r1], -0x46f",1
invalid,1
"strvs r4, [lr, -0xd52]!",1
"stmdavc r4!, {r3, r4, r5, r6, r8, fp, sp, lr} ^",1
"stmdavs r5!, {sb, sl, fp, sp} ^",1
"cmnvs r2, pc, asr r6",1
"cdphs p5, 0, c6, c0, c13, 3",1
"strbtvc r6, [sb], -0xe69",1
"rsbsvc r6, r2, 0xc0000017",1
"cdphs p9, 0, c7, c0, c1, 3",1
"stmdbvs lr!, {r1, r2, r5, r6, r8, fp, sp, lr} ^",1
"rsbsvc r6, r2, 0xc0000017",1
"cdphs p9, 0, c7, c0, c1, 3",1
"rsbseq r6, r2, sl, ror 6",1
"cdpvs p4, 7, c6, c9, c14, 1",1
invalid,1
svcvs 0x672e00,1
"strtvs r0, [lr], -0x74",1
"rsbeq r7, r1, r1, ror 8",1
"cmnvc r3, 0xe0000002",1
svcvs 0x632e00,1
"cdpvs p13, 6, c6, c5, c13, 3",1
invalid,1
"qsubvs r4, r2, lr",1
"ldmdbvs r2!, {r2, r4, r5, r6, sl, ip, sp, lr} ^",1
"ldrbvs r7, [r4, -0x562]!",1
"strtvs r0, [lr], -0x73",1
"ldrbvs r6, [r5, -r5, ror 4]!",1
"cmnvs r2, pc, asr r1",1
invalid,1
"strbvs r2, [r4, -0xe00]!",1
svcpl 0x677562,1
svcvs 0x666e69,1
"strbvs r2, [r4, -0xe00]!",1
svcpl 0x677562,1
"rsbvc r6, r2, 0x10000006",1
"cdphs p6, 0, c7, c0, c5, 3",1
"strbvc r6, [r2, -0x564]!",1
"stmdbvs ip!, {r0, r1, r2, r5, r6, r8, sb, sl, fp, ip, lr} ^",1
"cdphs p5, 0, c6, c0, c14, 3",1
"strbvc r6, [r2, -0x564]!",1
"rsbvc r5, r6, 0x19c",1
"rsbeq r6, r5, r1, ror 26",1
"rsbvs r6, r5, 0x2e000000",1
"cmpvc pc, 0x1d40000",1
"mcrhs p2, 0, r7, c0, c4, 3",1
"strbvc r6, [r2, -0x564]!",1
svcvs 0x6c5f67,1
"strtvs r0, [lr], -0x63",1
"ldrbvs r6, [r5, -r5, ror 4]!",1
"mcrvs p2, 3, r7, c1, c15, 2",1
"rsbseq r6, r3, r7, ror 10",1
"andeq r0, r0, r0",1
"andeq r0, r0, r0",1
"andeq r0, r0, r0",1
"andeq r0, r0, r0",1
"andeq r0, r0, r0",1
"andeq r0, r0, r0",1
"andeq r0, r0, r0",1
"andeq r0, r0, r0",1
"andeq r0, r0, r0",1
"andeq r0, r0, r0",1
"andeq r0, r0, fp, lsl r0",1
"andeq r0, r0, r1",1
"andeq r0, r0, r2",1
"andeq r8, r0, r4, lsr r1",1
"andeq r0, r0, r4, lsr r1",1
"andeq r0, r0, r3, lsl r0",1
"andeq r0, r0, r0",1
"andeq r0, r0, r0",1
"andeq r0, r0, r1",1
"andeq r0, r0, r0",1
"andeq r0, r0, r3, lsr 32",1
"andeq r0, r0, r7",1
"andeq r0, r0, r2",1
"andeq r8, r0, r8, asr 2",1
"andeq r0, r0, r8, asr 2",1
"andeq r0, r0, r0, lsr 32",1
"andeq r0, r0, r0",1
"andeq r0, r0, r0",1
"andeq r0, r0, r4",1
"andeq r0, r0, r0",1
"andeq r0, r0, r1, lsr r0",1
"andeq r0, r0, r7",1
"andeq r0, r0, r2",1
"andeq r8, r0, r8, ror 2",1
"andeq r0, r0, r8, ror 2",1
"andeq r0, r0, r4, lsr 32",1
"andeq r0, r0, r0",1
"andeq r0, r0, r0",1
"andeq r0, r0, r4",1
"andeq r0, r0, r0",1
"andeq r0, r0, r4, asr 32",1
svcvs 0xfffff6,1
"andeq r0, r0, r2",1
"andeq r8, r0, ip, lsl 3",1
"andeq r0, r0, ip, lsl 3",1
"andeq r0, r0, r8, lsr 5",1
"andeq r0, r0, r5",1
"andeq r0, r0, r0",1
"andeq r0, r0, r4",1
"andeq r0, r0, r4",1
"andeq r0, r0, lr, asr 32",1
"andeq r0, r0, fp",1
"andeq r0, r0, r2",1
"andeq r8, r0, r4, lsr r4",1
"andeq r0, r0, r4, lsr r4",1
"andeq r0, r0, r0, lsr 11",1
"andeq r0, r0, r6",1
"andeq r0, r0, r1",1
"andeq r0, r0, r4",1
"andeq r0, r0, r0, lsl r0",1
"andeq r0, r0, r6, asr r0",1
"andeq r0, r0, r3",1
"andeq r0, r0, r2",1
"ldrdeq r8, sb, [r0], -r4",1
"ldrdeq r0, r1, [r0], -r4",1
"strdeq r0, r1, [r0], -fp",1
"andeq r0, r0, r0",1
"andeq r0, r0, r0",1
"andeq r0, r0, r1",1
"andeq r0, r0, r0",1
"andeq r0, r0, lr, asr r0",1
svcvs 0xffffff,1
"andeq r0, r0, r2",1
"ldrdeq r8, sb, [r0], -r0",1
"ldrdeq r0, r1, [r0], -r0",1
"strheq r0, [r0], -r4",1
"andeq r0, r0, r5",1
"andeq r0, r0, r0",1
"andeq r0, r0, r2",1
"andeq r0, r0, r2",1
"andeq r0, r0, fp, rrx",1
svcvs 0xfffffe,1
"andeq r0, r0, r2",1
"andeq r8, r0, r4, lsl 29",1
"andeq r0, r0, r4, lsl 29",1
"andeq r0, r0, r0, asr 32",1
"andeq r0, r0, r6",1
"andeq r0, r0, r2",1
"andeq r0, r0, r4",1
"andeq r0, r0, r0",1
"andeq r0, r0, sl, ror r0",1
"andeq r0, r0, sb",1
"andeq r0, r0, r2",1
"andeq r8, r0, r4, asr 29",1
"andeq r0, r0, r4, asr 29",1
"andeq r0, r0, r0, asr 32",1
"andeq r0, r0, r5",1
"andeq r0, r0, r0",1
"andeq r0, r0, r4",1
"andeq r0, r0, r8",1
"andeq r0, r0, r3, lsl 1",1
"andeq r0, r0, sb",1
"andeq r0, r0, r2",1
"andeq r8, r0, r4, lsl 30",1
"andeq r0, r0, r4, lsl 30",1
"andeq r0, r0, r8, asr r2",1
"andeq r0, r0, r5",1
"andeq r0, r0, ip",1
"andeq r0, r0, r4",1
"andeq r0, r0, r8",1
"andeq r0, r0, ip, lsl 1",1
"andeq r0, r0, r1",1
"andeq r0, r0, r6",1
"andeq sb, r0, ip, asr r1",1
"andeq r1, r0, ip, asr r1",1
"andeq r0, r0, ip",1
"andeq r0, r0, r0",1
"andeq r0, r0, r0",1
"andeq r0, r0, r4",1
"andeq r0, r0, r0",1
"andeq r0, r0, r7, lsl 1",1
"andeq r0, r0, r1",1
"andeq r0, r0, r6",1
"andeq sb, r0, r8, ror 2",1
"andeq r1, r0, r8, ror 2",1
"muleq r0, r8, r3",1
"andeq r0, r0, r0",1
"andeq r0, r0, r0",1
"andeq r0, r0, r4",1
"andeq r0, r0, r4",1
"muleq r0, r2, r0",1
"andeq r0, r0, r1",1
"andeq r0, r0, r6",1
"andeq sb, r0, r0, lsl 10",1
"andeq r1, r0, r0, lsl 10",1
"muleq r1, r8, pc",1
"andeq r0, r0, r0",1
"andeq r0, r0, r0",1
"andeq r0, r0, r4",1
"andeq r0, r0, r0",1
"muleq r0, r8, r0",1
"andeq r0, r0, r1",1
"andeq r0, r0, r6",1
"muleq r1, r8, r4",1
"muleq r1, r8, r4",1
"andeq r0, r0, r8",1
"andeq r0, r0, r0",1
"andeq r0, r0, r0",1
"andeq r0, r0, r4",1
"andeq r0, r0, r0",1
"muleq r0, lr, r0",1
"andeq r0, r0, r1",1
"andeq r0, r0, r2",1
"andeq fp, r1, r0, lsr 9",1
"andeq r3, r1, r0, lsr 9",1
"andeq r1, r0, r0, asr 7",1
"andeq r0, r0, r0",1
"andeq r0, r0, r0",1
"andeq r0, r0, r4",1
"andeq r0, r0, r0",1
"andeq r0, r0, r6, lsr 1",1
"andvc r0, r0, r1",1
"andeq r0, r0, r2, lsl 1",1
"andeq ip, r1, r0, ror 16",1
"andeq r4, r1, r0, ror 16",1
"andeq r0, r0, r8, lsl r0",1
"andeq r0, r0, sp",1
"andeq r0, r0, r0",1
"andeq r0, r0, r4",1
"andeq r0, r0, r0",1
"strheq r0, [r0], -r1",1
"andeq r0, r0, r1",1
"andeq r0, r0, r2",1
"andeq ip, r1, r8, ror r8",1
"andeq r4, r1, r8, ror r8",1
"andeq r0, r0, r4",1
"andeq r0, r0, r0",1
"andeq r0, r0, r0",1
"andeq r0, r0, r4",1
"andeq r0, r0, r0",1
"strheq r0, [r0], -fp",1
"andeq r0, r0, lr",1
"andeq r0, r0, r3",1
"andeq r5, r2, r0",1
"andeq r5, r1, r0",1
"andeq r0, r0, r4",1
"andeq r0, r0, r0",1
"andeq r0, r0, r0",1
"andeq r0, r0, r4",1
"andeq r0, r0, r0",1
"andeq r0, r0, r7, asr 1",1
"andeq r0, r0, pc",1
"andeq r0, r0, r3",1
"andeq r5, r2, r4",1
"andeq r5, r1, r4",1
"andeq r0, r0, r4",1
"andeq r0, r0, r0",1
"andeq r0, r0, r0",1
"andeq r0, r0, r4",1
"andeq r0, r0, r0",1
"ldrdeq r0, r1, [r0], -r3",1
"andeq r0, r0, r1",1
"andeq r0, r0, r3",1
"andeq r5, r2, r8",1
"andeq r5, r1, r8",1
"andeq r0, r0, r4",1
"andeq r0, r0, r0",1
"andeq r0, r0, r0",1
"andeq r0, r0, r4",1
"andeq r0, r0, r0",1
"ldrdeq r0, r1, [r0], -r8",1
"andeq r0, r0, r6",1
"andeq r0, r0, r3",1
"andeq r5, r2, ip",1
"andeq r5, r1, ip",1
"strdeq r0, r1, [r0], -r0",1
"andeq r0, r0, r6",1
"andeq r0, r0, r0",1
"andeq r0, r0, r4",1
"andeq r0, r0, r8",1
"andeq r0, r0, r1, ror 1",1
"andeq r0, r0, r1",1
"andeq r0, r0, r3",1
"strdeq r5, r6, [r2], -ip",1
"strdeq r5, r6, [r1], -ip",1
"andeq r0, r0, r0, asr 2",1
"andeq r0, r0, r0",1
"andeq r0, r0, r0",1
"andeq r0, r0, r4",1
"andeq r0, r0, r4",1
"andeq r0, r0, r6, ror 1",1
"andeq r0, r0, r1",1
"andeq r0, r0, r3",1
"andeq r5, r2, r0, asr 4",1
"andeq r5, r1, r0, asr 4",1
"muleq r0, r0, r0",1
"andeq r0, r0, r0",1
"andeq r0, r0, r0",1
"andeq r0, r0, r8",1
"andeq r0, r0, r0",1
"andeq r0, r0, ip, ror 1",1
"andeq r0, r0, r8",1
"andeq r0, r0, r3",1
"ldrdeq r5, r6, [r2], -r0",1
"ldrdeq r5, r6, [r1], -r0",1
"andeq r0, r0, ip, lsl r5",1
"andeq r0, r0, r0",1
"andeq r0, r0, r0",1
"andeq r0, r0, r8",1
"andeq r0, r0, r0",1
"strdeq r0, r1, [r0], -r1",1
"andeq r0, r0, r1",1
"andeq r0, r0, r0, lsr r0",1
"andeq r0, r0, r0",1
"ldrdeq r5, r6, [r1], -r0",1
"andeq r0, r0, r1, lsl r0",1
"andeq r0, r0, r0",1
"andeq r0, r0, r0",1
"andeq r0, r0, r1",1
"andeq r0, r0, r1",1
"strdeq r0, r1, [r0], -sl",1
"andvc r0, r0, r3",1
"andeq r0, r0, r0",1
"andeq r0, r0, r0",1
"andeq r5, r1, r1, ror 5",1
"andeq r0, r0, r5, lsr r0",1
"andeq r0, r0, r0",1
"andeq r0, r0, r0",1
"andeq r0, r0, r1",1
"andeq r0, r0, r0",1
"andeq r0, r0, sl, lsl 2",1
"andeq r0, r0, r1",1
"andeq r0, r0, r0",1
"andeq r0, r0, r0",1
"andeq r5, r1, r8, lsl r3",1
"andeq r0, r0, r8, lsr r4",1
"andeq r0, r0, r0",1
"andeq r0, r0, r0",1
"andeq r0, r0, r8",1
"andeq r0, r0, r0",1
"andeq r0, r0, sb, lsl r1",1
"andeq r0, r0, r1",1
"andeq r0, r0, r0",1
"andeq r0, r0, r0",1
"andeq r5, r1, r0, asr r7",1
"andeq sl, r1, r4, ror 26",1
"andeq r0, r0, r0",1
"andeq r0, r0, r0",1
"andeq r0, r0, r1",1
"andeq r0, r0, r0",1
"andeq r0, r0, r5, lsr 2",1
"andeq r0, r0, r1",1
"andeq r0, r0, r0",1
"andeq r0, r0, r0",1
"strheq r0, [r3], -r4",1
"strdeq r3, r4, [r0], -pc",1
"andeq r0, r0, r0",1
"andeq r0, r0, r0",1
"andeq r0, r0, r1",1
"andeq r0, r0, r0",1
"andeq r0, r0, r3, lsr r1",1
"andeq r0, r0, r1",1
"andeq r0, r0, r0",1
"andeq r0, r0, r0",1
"strheq r3, [r3], -r3",1
"andeq r4, r0, r7, asr 22",1
"andeq r0, r0, r0",1
"andeq r0, r0, r0",1
"andeq r0, r0, r1",1
"andeq r0, r0, r0",1
"andeq r0, r0, pc, lsr r1",1
"andeq r0, r0, r1",1
"andeq r0, r0, r0",1
"andeq r0, r0, r0",1
"strdeq r8, sb, [r3], -ip",1
"andeq r1, r0, ip, asr 16",1
"andeq r0, r0, r0",1
"andeq r0, r0, r0",1
"andeq r0, r0, r4",1
"andeq r0, r0, r0",1
"andeq r0, r0, ip, asr 2",1
"andeq r0, r0, r1",1
"andeq r0, r0, r0, lsr r0",1
"andeq r0, r0, r0",1
"andeq sb, r3, r8, asr 18",1
"andeq r5, r0, sl, lsr r0",1
"andeq r0, r0, r0",1
"andeq r0, r0, r0",1
"andeq r0, r0, r1",1
"andeq r0, r0, r1",1
"andeq r0, r0, r7, asr r1",1
"andeq r0, r0, r1",1
"andeq r0, r0, r0",1
"andeq r0, r0, r0",1
"andeq lr, r3, r2, lsl 19",1
"strdeq r5, r6, [r1], -r3",1
"andeq r0, r0, r0",1
"andeq r0, r0, r0",1
"andeq r0, r0, r1",1
"andeq r0, r0, r0",1
"andeq r0, r0, r2, ror 2",1
"andeq r0, r0, r1",1
"andeq r0, r0, r0",1
"andeq r0, r0, r0",1
"andeq r4, r5, r8, ror sb",1
"andeq r1, r0, r8, lsr 4",1
"andeq r0, r0, r0",1
"andeq r0, r0, r0",1
"andeq r0, r0, r8",1
"andeq r0, r0, r0",1
"andeq r0, r0, r1, lsl r0",1
"andeq r0, r0, r3",1
"andeq r0, r0, r0",1
"andeq r0, r0, r0",1
"andeq r5, r5, r0, lsr 23",1
"andeq r0, r0, r0, ror r1",1
"andeq r0, r0, r0",1
"andeq r0, r0, r0",1
"andeq r0, r0, r1",1
"andeq r0, r0, r0",1
"andeq r0, r0, r1",1
"andeq r0, r0, r2",1
"andeq r0, r0, r0",1
"andeq r0, r0, r0",1
"andeq r6, r5, r0, lsl 6",1
"andeq r2, r0, r0, ror 26",1
"andeq r0, r0, r5, lsr 32",1
"andeq r0, r0, r7, lsl 4",1
"andeq r0, r0, r4",1
"andeq r0, r0, r0, lsl r0",1
"andeq r0, r0, sb",1
"andeq r0, r0, r3",1
"andeq r0, r0, r0",1
"andeq r0, r0, r0",1
"andeq sb, r5, r0, rrx",1
"andeq r1, r0, r4, asr 25",1
"andeq r0, r0, r0",1
"andeq r0, r0, r0",1
"andeq r0, r0, r1",1
"andeq r0, r0, r0",1
"andeq r0, r0, r0",1
"andeq r0, r0, r0",1
"andeq r0, r0, r0",1
"andeq r0, r0, r0",1
"andeq r0, r0, r0",1
"andeq r8, r0, r4, lsr r1",1
"andeq r0, r0, r0",1
"andeq r0, r1, r3",1
"andeq r0, r0, r0",1
"andeq r8, r0, r8, asr 2",1
"andeq r0, r0, r0",1
"andeq r0, r2, r3",1
"andeq r0, r0, r0",1
"andeq r8, r0, r8, ror 2",1
"andeq r0, r0, r0",1
"andeq r0, r3, r3",1
"andeq r0, r0, r0",1
"andeq r8, r0, ip, lsl 3",1
"andeq r0, r0, r0",1
"andeq r0, r4, r3",1
"andeq r0, r0, r0",1
"andeq r8, r0, r4, lsr r4",1
"andeq r0, r0, r0",1
"andeq r0, r5, r3",1
"andeq r0, r0, r0",1
"ldrdeq r8, sb, [r0], -r4",1
"andeq r0, r0, r0",1
"andeq r0, r6, r3",1
"andeq r0, r0, r0",1
"ldrdeq r8, sb, [r0], -r0",1
"andeq r0, r0, r0",1
"andeq r0, r7, r3",1
"andeq r0, r0, r0",1
"andeq r8, r0, r4, lsl 29",1
"andeq r0, r0, r0",1
"andeq r0, r8, r3",1
"andeq r0, r0, r0",1
"andeq r8, r0, r4, asr 29",1
"andeq r0, r0, r0",1
"andeq r0, sb, r3",1
"andeq r0, r0, r0",1
"andeq r8, r0, r4, lsl 30",1
"andeq r0, r0, r0",1
"andeq r0, sl, r3",1
"andeq r0, r0, r0",1
"andeq sb, r0, ip, asr r1",1
"andeq r0, r0, r0",1
"andeq r0, fp, r3",1
"andeq r0, r0, r0",1
"andeq sb, r0, r8, ror 2",1
"andeq r0, r0, r0",1
"andeq r0, ip, r3",1
"andeq r0, r0, r0",1
"andeq sb, r0, r0, lsl 10",1
"andeq r0, r0, r0",1
"andeq r0, sp, r3",1
"andeq r0, r0, r0",1
"muleq r1, r8, r4",1
"andeq r0, r0, r0",1
"andeq r0, lr, r3",1
"andeq r0, r0, r0",1
"andeq fp, r1, r0, lsr 9",1
"andeq r0, r0, r0",1
"andeq r0, pc, r3",1
"andeq r0, r0, r0",1
"andeq ip, r1, r0, ror 16",1
"andeq r0, r0, r0",1
"andseq r0, r0, r3",1
"andeq r0, r0, r0",1
"andeq ip, r1, r8, ror r8",1
"andeq r0, r0, r0",1
"andseq r0, r1, r3",1
"andeq r0, r0, r0",1
"andeq r5, r2, r0",1
"andeq r0, r0, r0",1
"andseq r0, r2, r3",1
"andeq r0, r0, r0",1
"andeq r5, r2, r4",1
"andeq r0, r0, r0",1
"andseq r0, r3, r3",1
"andeq r0, r0, r0",1
"andeq r5, r2, r8",1
"andeq r0, r0, r0",1
"andseq r0, r4, r3",1
"andeq r0, r0, r0",1
"andeq r5, r2, ip",1
"andeq r0, r0, r0",1
"andseq r0, r5, r3",1
"andeq r0, r0, r0",1
"strdeq r5, r6, [r2], -ip",1
"andeq r0, r0, r0",1
"andseq r0, r6, r3",1
"andeq r0, r0, r0",1
"andeq r5, r2, r0, asr 4",1
"andeq r0, r0, r0",1
"andseq r0, r7, r3",1
"andeq r0, r0, r0",1
"ldrdeq r5, r6, [r2], -r0",1
"andeq r0, r0, r0",1
"andseq r0, r8, r3",1
"andeq r0, r0, r0",1
"andeq r0, r0, r0",1
"andeq r0, r0, r0",1
"andseq r0, sb, r3",1
"andeq r0, r0, r0",1
"andeq r0, r0, r0",1
"andeq r0, r0, r0",1
"andseq r0, sl, r3",1
"andeq r0, r0, r0",1
"andeq r0, r0, r0",1
"andeq r0, r0, r0",1
"andseq r0, fp, r3",1
"andeq r0, r0, r0",1
"andeq r0, r0, r0",1
"andeq r0, r0, r0",1
"andseq r0, ip, r3",1
"andeq r0, r0, r0",1
"andeq r0, r0, r0",1
"andeq r0, r0, r0",1
"andseq r0, sp, r3",1
"andeq r0, r0, r0",1
"andeq r0, r0, r0",1
"andeq r0, r0, r0",1
"andseq r0, lr, r3",1
"andeq r0, r0, r0",1
"andeq r0, r0, r0",1
"andeq r0, r0, r0",1
"andseq r0, pc, r3",1
"andeq r0, r0, r0",1
"andeq r0, r0, r0",1
"andeq r0, r0, r0",1
"eoreq r0, r0, r3",1
"andeq r0, r0, r0",1
"andeq r0, r0, r0",1
"andeq r0, r0, r0",1
"eoreq r0, r1, r3",1
"andeq r0, r0, r0",1
"andeq r0, r0, r0",1
"andeq r0, r0, r0",1
"eoreq r0, r2, r3",1
"andeq r0, r0, r1",1
"andeq r0, r0, r0",1
"andeq r0, r0, r0",1
invalid,1
"andeq r0, r0, r2, lsl 1",1
"andeq r8, r0, r8, asr 2",1
"andeq r0, r0, r0",1
"andeq r0, r2, r0",1
"andeq r0, r0, r5, lsl 1",1
"andeq r0, r0, r0",1
"andeq r0, r0, r0",1
invalid,1
"andeq r0, r0, r3, lsl 2",1
"andeq sb, r0, r0, lsl 10",1
"andeq r0, r0, r0",1
"andeq r0, sp, r0",1
"andeq r0, r0, r2, lsl 1",1
"andeq ip, r1, r0, ror 16",1
"andeq r0, r0, r0",1
"andseq r0, r0, r0",1
"andeq r0, r0, r2, lsl 1",1
"andeq sb, r0, r0, lsr r5",1
"andeq r0, r0, r0",1
"andeq r0, sp, r0",1
"andeq r0, r0, r2, lsl 1",1
"andeq r0, r0, ip",1
"andeq r0, r0, r0",1
"andseq r0, fp, r0",1
"andeq r0, r0, r6, lsl 2",1
"andeq r0, r0, r0",1
"andeq r0, r0, r0",1
invalid,1
"andeq r0, r0, r2, lsl 1",1
"andeq fp, r1, r0, lsr 9",1
"andeq r0, r0, r0",1
"andeq r0, pc, r0",1
"andeq r0, r0, r0",1
"andeq r0, r0, r0",1
"andeq r0, r0, r0",1
invalid,1
"andeq r0, r0, r2, lsl 1",1
"andeq r5, r2, r0, asr 4",1
"andeq r0, r0, r0",1
"andseq r0, r7, r0",1
"andeq r0, r0, sp, lsl 2",1
"andeq r0, r0, r0",1
"andeq r0, r0, r0",1
invalid,1
"andeq r0, r0, r3, lsl 2",1
"andeq sb, r0, ip, lsr r5",1
"andeq r0, r0, r0",1
"andeq r0, sp, r0",1
"andeq r0, r0, r7, asr 2",1
"andeq sb, r0, ip, lsr r5",1
"andeq r0, r0, r0",1
"andeq r0, sp, r2",1
"andeq r0, r0, r2, lsl 1",1
"andeq sb, r0, r8, asr r5",1
"andeq r0, r0, r0",1
"andeq r0, sp, r0",1
"andeq r0, r0, r3, lsl 2",1
"andeq sb, r0, ip, asr r1",1
"andeq r0, r0, r0",1
"andeq r0, fp, r0",1
"andeq r0, r0, r3, lsl 2",1
"muleq r1, r8, r4",1
"andeq r0, r0, r0",1
"andeq r0, lr, r0",1
"andeq r0, r0, r2, lsl 1",1
"andeq r0, r0, r4, asr 32",1
"andeq r0, r0, r0",1
"andseq r0, fp, r0",1
"andeq r0, r0, r4, asr r1",1
"andeq r0, r0, r0",1
"andeq r0, r0, r0",1
invalid,1
"andeq r0, r0, r3, lsl 2",1
"andeq sb, r0, r4, ror 2",1
"andeq r0, r0, r0",1
"andeq r0, fp, r0",1
"andeq r0, r0, r3, lsl 2",1
"muleq r1, ip, r4",1
"andeq r0, r0, r0",1
"andeq r0, lr, r0",1
"andeq r0, r0, r2, lsl 1",1
"andeq r0, r0, ip, lsl r4",1
"andeq r0, r0, r0",1
"andseq r0, fp, r0",1
"andeq r0, r0, lr, lsl 3",1
"andeq r0, r0, r0",1
"andeq r0, r0, r0",1
invalid,1
"muleq r0, sb, r1",1
"andeq r5, r2, r8",1
"andeq r0, r0, r0",1
"andseq r0, r4, r1",1
"andeq r0, r0, r3, lsl 2",1
"andeq sb, r0, r0, ror 10",1
"andeq r0, r0, r0",1
"andeq r0, sp, r0",1
"andeq r0, r0, r6, lsr 3",1
"andeq sb, r0, r0, ror 10",1
"andeq r0, r0, r0",1
"andeq r0, sp, r2",1
"andeq r0, r0, r2, lsl 1",1
"andeq sb, r0, ip, lsl 11",1
"andeq r0, r0, r0",1
"andeq r0, sp, r0",1
"andeq r0, r0, r3, lsl 2",1
"muleq r0, r8, r5",1
"andeq r0, r0, r0",1
"andeq r0, sp, r0",1
"strheq r0, [r0], -fp",1
"muleq r0, r8, r5",1
"andeq r0, r0, r0",1
"andeq r0, sp, r2",1
"andeq r0, r0, r2, lsl 1",1
"andeq sb, r0, ip, asr 11",1
"andeq r0, r0, r0",1
"andeq r0, sp, r0",1
"andeq r0, r0, r2, lsl 1",1
"andeq r5, r2, r4, asr 4",1
"andeq r0, r0, r0",1
"andseq r0, r7, r0",1
"andeq r0, r0, r3, lsl 2",1
"ldrdeq sb, sl, [r0], -r8",1
"andeq r0, r0, r0",1
"andeq r0, sp, r0",1
"andeq r0, r0, lr, asr 3",1
"ldrdeq sb, sl, [r0], -r8",1
"andeq r0, r0, r0",1
"andeq r0, sp, r2",1
"andeq r0, r0, r2, lsl 1",1
"strdeq sb, sl, [r0], -ip",1
"andeq r0, r0, r0",1
"andeq r0, sp, r0",1
"andeq r0, r0, r4, ror 3",1
"strdeq r5, r6, [r2], -ip",1
"andeq r0, r0, r1",1
"andseq r0, r8, r1",1
"andeq r0, r0, r2, lsl 1",1
"andeq r5, r2, r4",1
"andeq r0, r0, r0",1
"andseq r0, r3, r0",1
"strdeq r0, r1, [r0], -r3",1
"andeq r5, r2, r4",1
"andeq r0, r0, r0",1
"andseq r0, r3, r1",1
"andeq r0, r0, r3, lsl 2",1
"andeq sb, r0, r0, lsl 12",1
"andeq r0, r0, r0",1
"andeq r0, sp, r0",1
"andeq r0, r0, sl, lsl r2",1
"andeq sb, r0, r0, lsl 12",1
"andeq r0, r0, r0",1
"andeq r0, sp, r2",1
"andeq r0, r0, r2, lsl 1",1
"andeq sb, r0, ip, lsr 12",1
"andeq r0, r0, r0",1
"andeq r0, sp, r0",1
"andeq r0, r0, r2, lsl 1",1
"andeq r5, r2, r0",1
"andeq r0, r0, r0",1
"andseq r0, r2, r0",1
"andeq r0, r0, r6, lsr 4",1
"andeq r5, r2, r0",1
"andeq r0, r0, r0",1
"andseq r0, r2, r1",1
"andeq r0, r0, r2, lsl 1",1
"strdeq r5, r6, [r2], -ip",1
"andeq r0, r0, r0",1
"andseq r0, r8, r0",1
"andeq r0, r0, r5, asr 4",1
"andeq r0, r0, r0",1
"andeq r0, r0, r0",1
invalid,1
"andeq r0, r0, r3, lsl 2",1
"andeq sb, r0, r4, lsr r6",1
"andeq r0, r0, r0",1
"andeq r0, sp, r0",1
"andeq r0, r0, sl, asr 4",1
"andeq sb, r0, r4, lsr r6",1
"andeq r0, r0, ip, lsl 2",1
"andeq r0, sp, r2",1
"andeq r0, r0, r2, lsl 1",1
"andeq sb, r0, r8, asr r6",1
"andeq r0, r0, r0",1
"andeq r0, sp, r0",1
"andeq r0, r0, r3, lsl 2",1
"andeq sb, r0, r8, lsr 13",1
"andeq r0, r0, r0",1
"andeq r0, sp, r0",1
"andeq r0, r0, r2, lsl 1",1
"andeq sb, r0, r0, lsr r7",1
"andeq r0, r0, r0",1
"andeq r0, sp, r0",1
"andeq r0, r0, r3, lsl 2",1
"andeq sb, r0, r0, asr 14",1
"andeq r0, r0, r0",1
"andeq r0, sp, r0",1
"andeq r0, r0, sb, asr r2",1
"andeq sb, r0, r0, asr 14",1
"andeq r0, r0, ip, lsl 1",1
"andeq r0, sp, r2",1
"andeq r0, r0, r2, lsl 1",1
"andeq sb, r0, r0, asr 15",1
"andeq r0, r0, r0",1
"andeq r0, sp, r0",1
"andeq r0, r0, r3, lsl 2",1
"andeq sb, r0, ip, asr 15",1
"andeq r0, r0, r0",1
"andeq r0, sp, r0",1
"andeq r0, r0, r6, ror 4",1
"andeq sb, r0, ip, asr 15",1
"andeq r0, r0, r8, asr r4",1
"andeq r0, sp, r2",1
"andeq r0, r0, r2, lsl 1",1
"andeq sb, r0, r8, lsr 22",1
"andeq r0, r0, r0",1
"andeq r0, sp, r0",1
"andeq r0, r0, r3, lsl 2",1
"andeq sb, r0, r8, ror fp",1
"andeq r0, r0, r0",1
"andeq r0, sp, r0",1
"andeq r0, r0, r2, lsl 1",1
"andeq sb, r0, r8, lsl 24",1
"andeq r0, r0, r0",1
"andeq r0, sp, r0",1
"andeq r0, r0, r3, lsl 2",1
"andeq sb, r0, r4, lsr 24",1
"andeq r0, r0, r0",1
"andeq r0, sp, r0",1
"andeq r0, r0, r2, lsl 1",1
"andeq sb, r0, r8, lsl lr",1
"andeq r0, r0, r0",1
"andeq r0, sp, r0",1
"andeq r0, r0, r3, lsl 2",1
"andeq sb, r0, r8, ror 28",1
"andeq r0, r0, r0",1
"andeq r0, sp, r0",1
"andeq r0, r0, r2, lsl 1",1
"andeq sb, r0, ip, ror 29",1
"andeq r0, r0, r0",1
"andeq r0, sp, r0",1
"andeq r0, r0, r3, lsl 2",1
"ldrdeq sl, fp, [r0], -r8",1
"andeq r0, r0, r0",1
"andeq r0, sp, r0",1
"andeq r0, r0, r2, lsl 1",1
"andeq sl, r0, r4, ror r6",1
"andeq r0, r0, r0",1
"andeq r0, sp, r0",1
"andeq r0, r0, r2, lsl 1",1
"andeq fp, r1, r4, lsr 9",1
"andeq r0, r0, r0",1
"andeq r0, pc, r0",1
"andeq r0, r0, lr, ror 4",1
"andeq fp, r1, r4, lsr 9",1
"andeq r0, r0, sb",1
"andeq r0, pc, r1",1
"andeq r0, r0, sl, ror r2",1
"strheq fp, [r1], -r0",1
"andeq r0, r0, r8",1
"andeq r0, pc, r1",1
"andeq r0, r0, ip, lsl 5",1
"strheq fp, [r1], -r8",1
"andeq r0, r0, sb",1
"andeq r0, pc, r1",1
"muleq r0, ip, r2",1
"andeq fp, r1, r4, asr 9",1
"andeq r0, r0, r0, ror 1",1
"andeq r0, pc, r1",1
"andeq r0, r0, r5, lsr 5",1
"andeq fp, r1, r4, lsr 11",1
"andeq r0, r0, r3",1
"andeq r0, pc, r1",1
"andeq r0, r0, r2, lsl 1",1
"andeq r5, r2, r8, asr 4",1
"andeq r0, r0, r0",1
"andseq r0, r7, r0",1
"andeq r0, r0, r0, asr 5",1
"andeq r5, r2, r8, asr 4",1
"andeq r0, r0, r4",1
"andseq r0, r7, r1",1
"andeq r0, r0, lr, asr 5",1
"andeq r5, r2, ip, asr 4",1
"andeq r0, r0, r4",1
"andseq r0, r7, r1",1
"ldrdeq r0, r1, [r0], -fp",1
"andeq r5, r2, r0, asr r2",1
"andeq r0, r0, r4",1
"andseq r0, r7, r1",1
"andeq r0, r0, sb, ror 5",1
"andeq r5, r2, r8, asr r2",1
"andeq r0, r0, r8",1
"andseq r0, r7, r1",1
"strdeq r0, r1, [r0], -r3",1
"andeq r5, r2, r0, ror 4",1
"andeq r0, r0, r4",1
"andseq r0, r7, r1",1
"strdeq r0, r1, [r0], -pc",1
"andeq r5, r2, r8, ror 4",1
"andeq r0, r0, r8",1
"andseq r0, r7, r1",1
"andeq r0, r0, r4, lsl r3",1
"andeq r5, r2, r0, ror r2",1
"andeq r0, r0, r8",1
"andseq r0, r7, r1",1
"andeq r0, r0, pc, lsl r3",1
"andeq r5, r2, r8, ror r2",1
"andeq r0, r0, r4",1
"andseq r0, r7, r1",1
"andeq r0, r0, sb, lsr 6",1
"andeq r5, r2, ip, ror r2",1
"andeq r0, r0, r4",1
"andseq r0, r7, r1",1
"andeq r0, r0, r5, lsr r3",1
"andeq r5, r2, r0, lsl 5",1
"andeq r0, r0, r1",1
"andseq r0, r7, r1",1
"andeq r0, r0, r3, asr 6",1
"andeq r5, r2, r4, lsl 5",1
"andeq r0, r0, r4",1
"andseq r0, r7, r1",1
"andeq r0, r0, r2, lsl 1",1
"andeq fp, r1, r8, asr 27",1
"andeq r0, r0, r0",1
"andeq r0, pc, r0",1
"andeq r0, r0, r2, lsl 1",1
"andeq r5, r2, r0, lsl 6",1
"andeq r0, r0, r0",1
"andseq r0, r8, r0",1
"andeq r0, r0, pc, asr 6",1
"andeq r5, r2, r0, lsl 6",1
"andeq r0, r0, r8",1
"andseq r0, r8, r1",1
"andeq r0, r0, r7, asr r3",1
"andeq r5, r2, r8, lsl 6",1
"andeq r0, r0, r1",1
"andseq r0, r8, r1",1
"andeq r0, r0, r7, ror 6",1
"andeq r5, r2, ip, lsl 6",1
"andeq r0, r0, ip",1
"andseq r0, r8, r1",1
"andeq r0, r0, r0, ror r3",1
"andeq r5, r2, r8, lsl r3",1
"andeq r0, r0, r4",1
"andseq r0, r8, r1",1
"andeq r0, r0, pc, ror r3",1
"andeq r5, r2, ip, lsl r3",1
"andeq r0, r0, r4",1
"andseq r0, r8, r1",1
"andeq r0, r0, sl, lsl 7",1
"andeq r5, r2, r0, lsr 6",1
"andeq r0, r0, r4",1
"andseq r0, r8, r1",1
"muleq r0, r7, r3",1
"andeq r5, r2, r4, lsr 6",1
"andeq r0, r0, r4",1
"andseq r0, r8, r1",1
"andeq r0, r0, r0, lsr 7",1
"andeq r5, r2, r8, lsr 6",1
"andeq r0, r0, r4",1
"andseq r0, r8, r1",1
"andeq r0, r0, pc, lsr 7",1
"andeq r5, r2, ip, lsr 6",1
"andeq r0, r0, r4",1
"andseq r0, r8, r1",1
"strheq r0, [r0], -sl",1
"andeq r5, r2, r0, lsr r3",1
"andeq r0, r0, r8",1
"andseq r0, r8, r1",1
"andeq r0, r0, fp, asr 7",1
"andeq r5, r2, r8, lsr r3",1
"andeq r0, r0, r4",1
"andseq r0, r8, r1",1
"ldrdeq r0, r1, [r0], -sp",1
"andeq r5, r2, ip, lsr r3",1
"andeq r0, r0, r4",1
"andseq r0, r8, r1",1
"andeq r0, r0, fp, ror 7",1
"andeq r5, r2, r0, asr 6",1
"andeq r0, r0, r4",1
"andseq r0, r8, r1",1
"strdeq r0, r1, [r0], -r8",1
"andeq r5, r2, r4, asr 6",1
"andeq r0, r0, r0, lsr 32",1
"andseq r0, r8, r1",1
"andeq r0, r0, r3, lsl 8",1
"andeq r5, r2, r4, ror 6",1
"andeq r0, r0, r0, lsr 32",1
"andseq r0, r8, r1",1
"andeq r0, r0, r0, lsl r4",1
"andeq r5, r2, r4, lsl 7",1
"andeq r0, r0, r0, lsr 32",1
"andseq r0, r8, r1",1
"andeq r0, r0, sp, lsl r4",1
"andeq r5, r2, r4, lsr 7",1
"andeq r0, r0, r0, lsl 2",1
"andseq r0, r8, r1",1
"andeq r0, r0, ip, lsr 8",1
"andeq r5, r2, r4, lsr 9",1
"andeq r0, r0, r0, lsl 2",1
"andseq r0, r8, r1",1
"andeq r0, r0, sb, lsr r4",1
"andeq r5, r2, r4, lsr 11",1
"andeq r0, r0, r0, lsl 2",1
"andseq r0, r8, r1",1
"andeq r0, r0, r2, lsl 1",1
"andeq r0, r0, r0, lsl r0",1
"andeq r0, r0, r0",1
"andseq r0, pc, r0",1
"andeq r0, r0, r8, asr 8",1
"andeq r0, r0, r0",1
"andeq r0, r0, r0",1
invalid,1
"andeq r0, r0, r2, lsl 1",1
"andeq r5, r2, r8, lsl 5",1
"andeq r0, r0, r0",1
"andseq r0, r7, r0",1
"andeq r0, r0, r2, lsl 1",1
"andeq fp, r1, r8, ror 31",1
"andeq r0, r0, r0",1
"andeq r0, pc, r0",1
"andeq r0, r0, r2, asr r4",1
"andeq r0, r0, r0",1
"andeq r0, r0, r0",1
invalid,1
"andeq r0, r0, r3, lsl 2",1
"ldrdeq sl, fp, [r0], -ip",1
"andeq r0, r0, r0",1
"andeq r0, sp, r0",1
"andeq r0, r0, r2, lsl 1",1
"andeq sl, r0, r8, ror 13",1
"andeq r0, r0, r0",1
"andeq r0, sp, r0",1
"andeq r0, r0, r3, lsl 2",1
"andeq sl, r0, ip, ror 13",1
"andeq r0, r0, r0",1
"andeq r0, sp, r0",1
"andeq r0, r0, r2, lsl 1",1
"strdeq sl, fp, [r0], -r8",1
"andeq r0, r0, r0",1
"andeq r0, sp, r0",1
"andeq r0, r0, r3, lsl 2",1
"strdeq sl, fp, [r0], -ip",1
"andeq r0, r0, r0",1
"andeq r0, sp, r0",1
"andeq r0, r0, r2, lsl 1",1
"ldrdeq sl, fp, [r0], -r8",1
"andeq r0, r0, r0",1
"andeq r0, sp, r0",1
"andeq r0, r0, r2, lsl 1",1
"strdeq fp, ip, [r1], -r0",1
"andeq r0, r0, r0",1
"andeq r0, pc, r0",1
"andeq r0, r0, r2, lsl 1",1
"andeq r5, r2, r8, lsr 13",1
"andeq r0, r0, r0",1
"andseq r0, r8, r0",1
"andeq r0, r0, sp, asr r4",1
"andeq r5, r2, r8, lsr 13",1
"andeq r0, r0, r4",1
"andseq r0, r8, r1",1
"andeq r0, r0, r7, ror 8",1
"andeq r5, r2, ip, lsr 13",1
"andeq r0, r0, r1",1
"andseq r0, r8, r1",1
"andeq r0, r0, r2, lsl 1",1
"andeq r0, r0, r4, asr 1",1
"andeq r0, r0, r0",1
"andseq r0, pc, r0",1
"andeq r0, r0, r4, ror r4",1
"andeq r0, r0, r0",1
"andeq r0, r0, r0",1
invalid,1
"andeq r0, r0, r3, lsl 2",1
"strdeq sl, fp, [r0], -r4",1
"andeq r0, r0, r0",1
"andeq r0, sp, r0",1
"andeq r0, r0, r2, lsl 1",1
"andeq r0, r0, r4, lsl r1",1
"andeq r0, r0, r0",1
"andseq r0, pc, r0",1
"andeq r0, r0, r4, lsl 9",1
"andeq r0, r0, r0",1
"andeq r0, r0, r0",1
invalid,1
"andeq r0, r0, r2, lsl 1",1
"andeq r5, r2, ip, lsl 5",1
"andeq r0, r0, r0",1
"andseq r0, r7, r0",1
"andeq r0, r0, pc, lsl 9",1
"andeq r0, r0, r0",1
"andeq r0, r0, r0",1
invalid,1
"andeq r0, r0, r3, lsl 2",1
"strheq sl, [r0], -r4",1
"andeq r0, r0, r0",1
"andeq r0, sp, r0",1
"andeq r0, r0, r2, lsl 1",1
"andeq r0, r0, r4, asr r1",1
"andeq r0, r0, r0",1
"andseq r0, pc, r0",1
"muleq r0, sb, r4",1
"andeq r0, r0, r0",1
"andeq r0, r0, r0",1
invalid,1
"andeq r0, r0, r3, lsl 2",1
"andeq sl, r0, r0, lsl sb",1
"andeq r0, r0, r0",1
"andeq r0, sp, r0",1
"andeq r0, r0, r2, lsl 1",1
"muleq r0, ip, r1",1
"andeq r0, r0, r0",1
"andseq r0, pc, r0",1
"andeq r0, r0, r6, lsr 9",1
"andeq r0, r0, r0",1
"andeq r0, r0, r0",1
invalid,1
"andeq r0, r0, r3, lsl 2",1
"andeq sl, r0, r0, asr sl",1
"andeq r0, r0, r0",1
"andeq r0, sp, r0",1
"andeq r0, r0, r2, lsl 1",1
"andeq sl, r0, ip, ror 21",1
"andeq r0, r0, r0",1
"andeq r0, sp, r0",1
"andeq r0, r0, r2, lsl 1",1
"andeq ip, r1, r4",1
"andeq r0, r0, r0",1
"andeq r0, pc, r0",1
"andeq r0, r0, r2, lsl 1",1
"strheq r5, [r2], -r0",1
"andeq r0, r0, r0",1
"andseq r0, r8, r0",1
"andeq r0, r0, r2, lsl 1",1
"andeq r0, r0, r0, lsl r2",1
"andeq r0, r0, r0",1
"andseq r0, pc, r0",1
"strheq r0, [r0], -r1",1
"andeq r0, r0, r0",1
"andeq r0, r0, r0",1
invalid,1
"andeq r0, r0, r3, lsl 2",1
"andeq sl, r0, r8, lsl 22",1
"andeq r0, r0, r0",1
"andeq r0, sp, r0",1
"strheq r0, [r0], -ip",1
"andeq sl, r0, r8, lsl 22",1
"andeq r0, r0, r4, asr r0",1
"andeq r0, sp, r2",1
"ldrdeq r0, r1, [r0], -r7",1
"andeq sl, r0, ip, asr fp",1
"andeq r0, r0, ip, lsl 3",1
"andeq r0, sp, r2",1
"andeq r0, r0, r2, lsl 1",1
"ldrdeq sl, fp, [r0], -r0",1
"andeq r0, r0, r0",1
"andeq r0, sp, r0",1
"andeq r0, r0, r3, lsl 2",1
"andeq sl, r0, r8, ror 25",1
"andeq r0, r0, r0",1
"andeq r0, sp, r0",1
"andeq r0, r0, r5, ror 9",1
"andeq sl, r0, r8, ror 25",1
"andeq r0, r0, r0, lsr 26",1
"andeq r0, sp, r2",1
"andeq r0, r0, r2, lsl 1",1
"andeq sl, r0, r8, lsr 26",1
"andeq r0, r0, r0",1
"andeq r0, sp, r0",1
"andeq r0, r0, r3, lsl 2",1
"andeq sl, r0, ip, asr 26",1
"andeq r0, r0, r0",1
"andeq r0, sp, r0",1
"andeq r0, r0, r2, lsl 1",1
"andeq sl, r0, r4, ror 31",1
"andeq r0, r0, r0",1
"andeq r0, sp, r0",1
"andeq r0, r0, r3, lsl 2",1
"andeq fp, r0, r0, ror 3",1
"andeq r0, r0, r0",1
"andeq r0, sp, r0",1
"andeq r0, r0, r2, lsl 1",1
"ldrdeq fp, ip, [r0], -r0",1
"andeq r0, r0, r0",1
"andeq r0, sp, r0",1
"andeq r0, r0, r3, lsl 2",1
"andeq fp, r0, r8, asr r6",1
"andeq r0, r0, r0",1
"andeq r0, sp, r0",1
"andeq r0, r0, r2, lsl 1",1
"strdeq fp, ip, [r0], -r8",1
"andeq r0, r0, r0",1
"andeq r0, sp, r0",1
"andeq r0, r0, r3, lsl 2",1
"andeq fp, r0, r8, lsl 20",1
"andeq r0, r0, r0",1
"andeq r0, sp, r0",1
"strdeq r0, r1, [r0], -lr",1
"andeq fp, r0, r8, lsl 20",1
"andeq r0, r0, r0, asr 3",1
"andeq r0, sp, r2",1
"andeq r0, r0, r2, lsl 1",1
"strheq fp, [r0], -ip",1
"andeq r0, r0, r0",1
"andeq r0, sp, r0",1
"andeq r0, r0, r3, lsl 2",1
"andeq fp, r0, r8, asr 23",1
"andeq r0, r0, r0",1
"andeq r0, sp, r0",1
"andeq r0, r0, r2, lsl 1",1
"strdeq fp, ip, [r0], -ip",1
"andeq r0, r0, r0",1
"andeq r0, sp, r0",1
"andeq r0, r0, r3, lsl 2",1
"andeq fp, r0, r0, lsl 24",1
"andeq r0, r0, r0",1
"andeq r0, sp, r0",1
"andeq r0, r0, r2, lsl 1",1
"andeq fp, r0, r4, lsl ip",1
"andeq r0, r0, r0",1
"andeq r0, sp, r0",1
"andeq r0, r0, r3, lsl 2",1
"andeq fp, r0, r8, lsl ip",1
"andeq r0, r0, r0",1
"andeq r0, sp, r0",1
"andeq r0, r0, r2, lsl 1",1
"andeq fp, r0, ip, lsr 24",1
"andeq r0, r0, r0",1
"andeq r0, sp, r0",1
"andeq r0, r0, r3, lsl 2",1
"andeq fp, r0, r0, lsr ip",1
"andeq r0, r0, r0",1
"andeq r0, sp, r0",1
"andeq r0, r0, r2, lsl 1",1
"andeq fp, r0, r0, ror ip",1
"andeq r0, r0, r0",1
"andeq r0, sp, r0",1
"andeq r0, r0, r3, lsl 2",1
"andeq fp, r0, r4, ror ip",1
"andeq r0, r0, r0",1
"andeq r0, sp, r0",1
"andeq r0, r0, r2, lsl 1",1
"andeq fp, r0, ip, lsl 25",1
"andeq r0, r0, r0",1
"andeq r0, sp, r0",1
"andeq r0, r0, r3, lsl 2",1
"muleq r0, r0, ip",1
"andeq r0, r0, r0",1
"andeq r0, sp, r0",1
"andeq r0, r0, r2, lsl 1",1
"andeq fp, r0, r0, asr 25",1
"andeq r0, r0, r0",1
"andeq r0, sp, r0",1
"andeq r0, r0, r3, lsl 2",1
"andeq fp, r0, r4, asr 25",1
"andeq r0, r0, r0",1
"andeq r0, sp, r0",1
"andeq r0, r0, r2, lsl 1",1
"andeq fp, r0, r0, asr 26",1
"andeq r0, r0, r0",1
"andeq r0, sp, r0",1
"andeq r0, r0, r3, lsl 2",1
"andeq fp, r0, r4, asr 26",1
"andeq r0, r0, r0",1
"andeq r0, sp, r0",1
"andeq r0, r0, r2, lsl 1",1
"andeq fp, r0, ip, lsl lr",1
"andeq r0, r0, r0",1
"andeq r0, sp, r0",1
"andeq r0, r0, r3, lsl 2",1
"andeq fp, r0, r0, lsr 28",1
"andeq r0, r0, r0",1
"andeq r0, sp, r0",1
"andeq r0, r0, r2, lsl 1",1
"andeq fp, r0, ip, asr 29",1
"andeq r0, r0, r0",1
"andeq r0, sp, r0",1
"andeq r0, r0, r3, lsl 2",1
"ldrdeq fp, ip, [r0], -r8",1
"andeq r0, r0, r0",1
"andeq r0, sp, r0",1
"andeq r0, r0, r2, lsl 1",1
"andeq fp, r0, ip, ror 29",1
"andeq r0, r0, r0",1
"andeq r0, sp, r0",1
"andeq r0, r0, r3, lsl 2",1
"strdeq fp, ip, [r0], -r0",1
"andeq r0, r0, r0",1
"andeq r0, sp, r0",1
"andeq r0, r0, r2, lsl 1",1
"andeq fp, r0, r0, lsl 30",1
"andeq r0, r0, r0",1
"andeq r0, sp, r0",1
"andeq r0, r0, r3, lsl 2",1
"andeq fp, r0, r4, lsl 30",1
"andeq r0, r0, r0",1
"andeq r0, sp, r0",1
"andeq r0, r0, r2, lsl 1",1
"andeq ip, r0, r0, asr 32",1
"andeq r0, r0, r0",1
"andeq r0, sp, r0",1
"andeq r0, r0, r3, lsl 2",1
"andeq ip, r0, r4, asr 32",1
"andeq r0, r0, r0",1
"andeq r0, sp, r0",1
"andeq r0, r0, r2, lsl 1",1
"ldrdeq ip, sp, [r0], -ip",1
"andeq r0, r0, r0",1
"andeq r0, sp, r0",1
"andeq r0, r0, r3, lsl 2",1
"andeq ip, r0, r0, ror 1",1
"andeq r0, r0, r0",1
"andeq r0, sp, r0",1
"andeq r0, r0, r2, lsl 1",1
"andeq ip, r0, r4, ror 2",1
"andeq r0, r0, r0",1
"andeq r0, sp, r0",1
"andeq r0, r0, r3, lsl 2",1
"andeq ip, r0, r8, ror 2",1
"andeq r0, r0, r0",1
"andeq r0, sp, r0",1
"andeq r0, r0, r2, lsl 1",1
"andeq ip, r1, r8, asr 32",1
"andeq r0, r0, r0",1
"andeq r0, pc, r0",1
"andeq r0, r0, r2, lsl 1",1
"muleq r2, r0, r2",1
"andeq r0, r0, r0",1
"andseq r0, r7, r0",1
"andeq r0, r0, r1, lsl r5",1
"muleq r2, r0, r2",1
"andeq r0, r0, r4",1
"andseq r0, r7, r1",1
"andeq r0, r0, sb, lsl r5",1
"muleq r2, r8, r2",1
"andeq r0, r0, r8",1
"andseq r0, r7, r1",1
"andeq r0, r0, r2, lsr 10",1
"muleq r2, r4, r2",1
"andeq r0, r0, r4",1
"andseq r0, r7, r1",1
"andeq r0, r0, sb, lsr 10",1
"strheq r5, [r2], -r4",1
"andeq r0, r0, r0, lsl 2",1
"andseq r0, r8, r1",1
"andeq r0, r0, r2, lsl 1",1
"andeq ip, r1, ip, lsl 1",1
"andeq r0, r0, r0",1
"andeq r0, pc, r0",1
"andeq r0, r0, r2, lsl 1",1
"strheq r5, [r2], -r4",1
"andeq r0, r0, r0",1
"andseq r0, r8, r0",1
"andeq r0, r0, pc, lsr 10",1
"strheq r5, [r2], -r4",1
"andeq r0, r0, r0, lsr r0",1
"andseq r0, r8, r1",1
"andeq r0, r0, r2, lsl 1",1
"andeq r0, r0, ip, lsr r2",1
"andeq r0, r0, r0",1
"andseq r0, pc, r0",1
"andeq r0, r0, r7, asr 10",1
"andeq r0, r0, r0",1
"andeq r0, r0, r0",1
invalid,1
"andeq r0, r0, r3, lsl 2",1
"andeq ip, r0, r8, lsr 3",1
"andeq r0, r0, r0",1
"andeq r0, sp, r0",1
"andeq r0, r0, r2, lsl 1",1
"andeq ip, r0, r8, asr 4",1
"andeq r0, r0, r0",1
"andeq r0, sp, r0",1
"andeq r0, r0, r3, lsl 2",1
"andeq ip, r0, r0, ror r2",1
"andeq r0, r0, r0",1
"andeq r0, sp, r0",1
"andeq r0, r0, r2, lsl 1",1
"andeq ip, r0, r8, ror 10",1
"andeq r0, r0, r0",1
"andeq r0, sp, r0",1
"andeq r0, r0, r3, lsl 2",1
"andeq ip, r0, r8, lsr 11",1
"andeq r0, r0, r0",1
"andeq r0, sp, r0",1
"andeq r0, r0, r2, lsl 1",1
"strdeq ip, sp, [r0], -r4",1
"andeq r0, r0, r0",1
"andeq r0, sp, r0",1
"andeq r0, r0, r2, lsl 1",1
"andeq ip, r1, r0, ror 1",1
"andeq r0, r0, r0",1
"andeq r0, pc, r0",1
"andeq r0, r0, r2, lsl 1",1
"ldrdeq r0, r1, [r0], -r8",1
"andeq r0, r0, r0",1
"andseq r0, pc, r0",1
"andeq r0, r0, r5, asr r5",1
"andeq r0, r0, r0",1
"andeq r0, r0, r0",1
invalid,1
"andeq r0, r0, r2, lsl 1",1
"andeq ip, r1, r4, asr 7",1
"andeq r0, r0, r0",1
"andeq r0, pc, r0",1
"andeq r0, r0, r7, ror 10",1
"andeq r0, r0, r0",1
"andeq r0, r0, r0",1
invalid,1
"andeq r0, r0, r3, lsl 2",1
"andeq ip, r0, r0, lsl r7",1
"andeq r0, r0, r0",1
"andeq r0, sp, r0",1
"andeq r0, r0, r2, lsl 1",1
"andeq ip, r0, r8, asr 16",1
"andeq r0, r0, r0",1
"andeq r0, sp, r0",1
"andeq r0, r0, r3, lsl 2",1
"andeq ip, r0, ip, asr 16",1
"andeq r0, r0, r0",1
"andeq r0, sp, r0",1
"andeq r0, r0, r2, lsl 1",1
"andeq ip, r0, r8, asr 17",1
"andeq r0, r0, r0",1
"andeq r0, sp, r0",1
"andeq r0, r0, r3, lsl 2",1
"andeq ip, r0, ip, asr 17",1
"andeq r0, r0, r0",1
"andeq r0, sp, r0",1
"andeq r0, r0, r2, lsl 1",1
"andeq r0, r0, r8, ror r6",1
"andeq r0, r0, r0",1
"andseq r0, pc, r0",1
"andeq r0, r0, r1, ror r5",1
"andeq r0, r0, r0",1
"andeq r0, r0, r0",1
invalid,1
"andeq r0, r0, r3, lsl 2",1
"andeq ip, r0, ip, lsr sb",1
"andeq r0, r0, r0",1
"andeq r0, sp, r0",1
"andeq r0, r0, r2, lsl 1",1
"andeq ip, r0, r0, ror sb",1
"andeq r0, r0, r0",1
"andeq r0, sp, r0",1
"andeq r0, r0, r2, lsl 1",1
"strdeq ip, sp, [r1], -r4",1
"andeq r0, r0, r0",1
"andeq r0, pc, r0",1
"andeq r0, r0, r2, lsl 1",1
"andeq r0, r0, r4, lsr 15",1
"andeq r0, r0, r0",1
"andseq r0, pc, r0",1
"andeq r0, r0, lr, ror r5",1
"andeq r0, r0, r0",1
"andeq r0, r0, r0",1
invalid,1
"andeq r0, r0, r3, lsl 2",1
"andeq ip, r0, ip, ror sb",1
"andeq r0, r0, r0",1
"andeq r0, sp, r0",1
"andeq r0, r0, fp, lsl 11",1
"andeq ip, r0, ip, ror sb",1
"muleq r0, ip, r0",1
"andeq r0, sp, r2",1
"muleq r0, r5, r5",1
"andeq ip, r0, r8, lsl sl",1
"andeq r0, r0, r4, asr 32",1
"andeq r0, sp, r2",1
"andeq r0, r0, r2, lsl 1",1
"andeq ip, r0, ip, ror 23",1
"andeq r0, r0, r0",1
"andeq r0, sp, r0",1
"andeq r0, r0, r3, lsl 2",1
"andeq ip, r0, r4, asr 25",1
"andeq r0, r0, r0",1
"andeq r0, sp, r0",1
"andeq r0, r0, r2, lsl 1",1
"andeq ip, r0, r0, asr 27",1
"andeq r0, r0, r0",1
"andeq r0, sp, r0",1
"andeq r0, r0, r2, lsl 1",1
"andeq ip, r1, r8, lsl 8",1
"andeq r0, r0, r0",1
"andeq r0, pc, r0",1
"andeq r0, r0, r8, lsr 11",1
"andeq ip, r1, r8, lsl 8",1
"andeq r0, r0, fp",1
"andeq r0, pc, r1",1
"andeq r0, r0, r2, lsl 1",1
"andeq ip, r1, r4, lsl r4",1
"andeq r0, r0, r0",1
"andeq r0, pc, r0",1
"andeq r0, r0, r2, lsl 1",1
"andeq r0, r0, ip, asr 15",1
"andeq r0, r0, r0",1
"andseq r0, pc, r0",1
"andeq r0, r0, r1, asr 11",1
"andeq r0, r0, r0",1
"andeq r0, r0, r0",1
invalid,1
"andeq r0, r0, r3, lsl 2",1
"andeq ip, r0, ip, asr 27",1
"andeq r0, r0, r0",1
"andeq r0, sp, r0",1
"andeq r0, r0, fp, lsl 11",1
"andeq ip, r0, ip, asr 27",1
"andeq r0, r0, ip, asr r0",1
"andeq r0, sp, r2",1
"muleq r0, r5, r5",1
"andeq ip, r0, r8, lsr 28",1
"andeq r0, r0, r4, asr 32",1
"andeq r0, sp, r2",1
"andeq r0, r0, r2, lsl 1",1
"strdeq ip, sp, [r0], -r0",1
"andeq r0, r0, r0",1
"andeq r0, sp, r0",1
"andeq r0, r0, r3, lsl 2",1
"andeq sp, r0, r8, asr 1",1
"andeq r0, r0, r0",1
"andeq r0, sp, r0",1
"andeq r0, r0, r2, lsl 1",1
"andeq sp, r0, r4, asr 3",1
"andeq r0, r0, r0",1
"andeq r0, sp, r0",1
"andeq r0, r0, r2, lsl 1",1
"andeq ip, r1, ip, asr 8",1
"andeq r0, r0, r0",1
"andeq r0, pc, r0",1
"andeq r0, r0, r8, lsr 11",1
"andeq ip, r1, ip, asr 8",1
"andeq r0, r0, r8",1
"andeq r0, pc, r1",1
"andeq r0, r0, r2, lsl 1",1
"andeq ip, r1, r4, lsl r4",1
"andeq r0, r0, r0",1
"andeq r0, pc, r0",1
"andeq r0, r0, r2, lsl 1",1
"andeq r0, r0, r4, asr 16",1
"andeq r0, r0, r0",1
"andseq r0, pc, r0",1
"andeq r0, r0, fp, asr 11",1
"andeq r0, r0, r0",1
"andeq r0, r0, r0",1
invalid,1
"andeq r0, r0, r3, lsl 2",1
"ldrdeq sp, lr, [r0], -r0",1
"andeq r0, r0, r0",1
"andeq r0, sp, r0",1
"andeq r0, r0, r2, lsl 1",1
"strheq r0, [r0], -r4",1
"andeq r0, r0, r0",1
"andseq r0, pc, r0",1
"ldrdeq r0, r1, [r0], -r4",1
"andeq r0, r0, r0",1
"andeq r0, r0, r0",1
invalid,1
"andeq r0, r0, r3, lsl 2",1
"andeq sp, r0, r8, ror r2",1
"andeq r0, r0, r0",1
"andeq r0, sp, r0",1
"andeq r0, r0, r2, lsl 1",1
"andeq r0, r0, r4, ror 17",1
"andeq r0, r0, r0",1
"andseq r0, pc, r0",1
"ldrdeq r0, r1, [r0], -sp",1
"andeq r0, r0, r0",1
"andeq r0, r0, r0",1
invalid,1
"andeq r0, r0, r3, lsl 2",1
"ldrdeq sp, lr, [r0], -r8",1
"andeq r0, r0, r0",1
"andeq r0, sp, r0",1
"andeq r0, r0, r2, lsl 1",1
"andeq r0, r0, r0, lsl sb",1
"andeq r0, r0, r0",1
"andseq r0, pc, r0",1
"andeq r0, r0, r6, ror 11",1
"andeq r0, r0, r0",1
"andeq r0, r0, r0",1
invalid,1
"andeq r0, r0, r3, lsl 2",1
"andeq sp, r0, ip, lsl 7",1
"andeq r0, r0, r0",1
"andeq r0, sp, r0",1
"andeq r0, r0, lr, ror 11",1
"andeq sp, r0, ip, lsl 7",1
"andeq r0, r0, ip, lsl r0",1
"andeq r0, sp, r2",1
"strdeq r0, r1, [r0], -sb",1
"andeq sp, r0, r8, lsr 7",1
"andeq r0, r0, ip, lsl r0",1
"andeq r0, sp, r2",1
"andeq r0, r0, r6, lsl 12",1
"andeq sp, r0, r4, asr 7",1
"andeq r0, r0, r8, lsl r0",1
"andeq r0, sp, r2",1
"andeq r0, r0, r5, lsl r6",1
"ldrdeq sp, lr, [r0], -ip",1
"andeq r0, r0, ip, lsl r0",1
"andeq r0, sp, r2",1
"andeq r0, r0, r0, lsr 12",1
"strdeq sp, lr, [r0], -r8",1
"andeq r0, r0, r4, lsr 32",1
"andeq r0, sp, r2",1
"andeq r0, r0, sp, lsr 12",1
"andeq sp, r0, ip, lsl r4",1
"andeq r0, r0, r4, lsr 32",1
"andeq r0, sp, r2",1
"andeq r0, r0, sb, lsr r6",1
"andeq sp, r0, r0, asr 8",1
"andeq r0, r0, r4, ror r0",1
"andeq r0, sp, r2",1
"andeq r0, r0, r0, asr r6",1
"strheq sp, [r0], -r4",1
"andeq r0, r0, ip, lsl r0",1
"andeq r0, sp, r2",1
"andeq r0, r0, r3, ror 12",1
"ldrdeq sp, lr, [r0], -r0",1
"andeq r0, r0, r4, rrx",1
"andeq r0, sp, r2",1
"andeq r0, r0, lr, ror r6",1
"andeq sp, r0, r4, lsr r5",1
"andeq r0, r0, r8, asr r0",1
"andeq r0, sp, r2",1
"muleq r0, sb, r6",1
"andeq sp, r0, ip, lsl 11",1
"andeq r0, r0, ip, ror r0",1
"andeq r0, sp, r2",1
"andeq r0, r0, sp, lsr 13",1
"andeq sp, r0, r8, lsl 12",1
"andeq r0, r0, r0, lsr 1",1
"andeq r0, sp, r2",1
"andeq r0, r0, r2, asr 13",1
"andeq sp, r0, r8, lsr 13",1
"andeq r0, r0, r8, asr 32",1
"andeq r0, sp, r2",1
"ldrdeq r0, r1, [r0], -r8",1
"strdeq sp, lr, [r0], -r0",1
"andeq r0, r0, r0, lsr r0",1
"andeq r0, sp, r2",1
"andeq r0, r0, r8, ror 13",1
"andeq sp, r0, r0, lsr 14",1
"muleq r0, r8, r0",1
"andeq r0, sp, r2",1
"strdeq r0, r1, [r0], -sb",1
"strheq sp, [r0], -r8",1
"andeq r0, r0, ip, rrx",1
"andeq r0, sp, r2",1
"andeq r0, r0, r3, lsl 14",1
"andeq sp, r0, r4, lsr 16",1
"muleq r0, r0, r1",1
"andeq r0, sp, r2",1
"andeq r0, r0, r6, lsl r7",1
"strheq sp, [r0], -r4",1
"andeq r0, r0, r8, lsr 32",1
"andeq r0, sp, r2",1
"andeq r0, r0, r6, lsr 14",1
"ldrdeq sp, lr, [r0], -ip",1
"andeq r0, r0, r0, lsl 4",1
"andeq r0, sp, r2",1
"andeq r0, r0, r2, asr 14",1
"ldrdeq sp, lr, [r0], -ip",1
"andeq r0, r0, r8, ror r0",1
"andeq r0, sp, r2",1
"andeq r0, r0, ip, asr r7",1
"andeq sp, r0, r4, asr ip",1
"andeq r0, r0, r0, rrx",1
"andeq r0, sp, r2",1
"andeq r0, r0, sp, ror 14",1
"strheq sp, [r0], -r4",1
"strheq r0, [r0], -r8",1
"andeq r0, sp, r2",1
"andeq r0, r0, r4, lsl 15",1
"andeq sp, r0, ip, ror 26",1
"ldrdeq r0, r1, [r0], -ip",1
"andeq r0, sp, r2",1
"muleq r0, r5, r7",1
"andeq sp, r0, r8, asr 28",1
"andeq r0, r0, ip, lsl 5",1
"andeq r0, sp, r2",1
"andeq r0, r0, fp, lsr 15",1
"ldrdeq lr, pc, [r0], -r4    ; [0x5762c:4]=0xd0002",1
"andeq r0, r0, r4, ror r0",1
"andeq r0, sp, r2",1
"strheq r0, [r0], -r5",1
"andeq lr, r0, r8, asr 2",1
"andeq r0, r0, r0, ror r0",1
"andeq r0, sp, r2",1
"strheq r0, [r0], -lr",1
"strheq lr, [r0], -r8",1
"andeq r0, r0, r0, lsr r0",1
"andeq r0, sp, r2",1
"ldrdeq r0, r1, [r0], -r0",1
"andeq lr, r0, r8, ror 3",1
"andeq r0, r0, r4, asr 32",1
"andeq r0, sp, r2",1
"andeq r0, r0, r3, ror 15",1
"andeq lr, r0, ip, lsr 4",1
"strheq r0, [r0], -r4",1
"andeq r0, sp, r2",1
"strdeq r0, r1, [r0], -r5",1
"andeq lr, r0, r0, ror 5",1
"andeq r0, r0, r0, asr 1",1
"andeq r0, sp, r2",1
"andeq r0, r0, r4, lsl 16",1
"andeq lr, r0, r0, lsr 7",1
"andeq r0, r0, ip, lsl r0",1
"andeq r0, sp, r2",1
"andeq r0, r0, r0, lsl r8",1
"strheq lr, [r0], -ip",1
"muleq r0, r8, r1",1
"andeq r0, sp, r2",1
"andeq r0, r0, sp, lsl r8",1
"andeq lr, r0, r4, asr r5",1
"andeq r0, r0, r4, lsl 1",1
"andeq r0, sp, r2",1
"andeq r0, r0, fp, lsr 16",1
"ldrdeq lr, pc, [r0], -r8    ; [0x576bc:4]=0xd0002",1
"andeq r0, r0, ip, asr r0",1
"andeq r0, sp, r2",1
"andeq r0, r0, r6, lsr r8",1
"andeq lr, r0, r4, lsr r6",1
"andeq r0, r0, r8, lsr 1",1
"andeq r0, sp, r2",1
"andeq r0, r0, r6, asr 16",1
"ldrdeq lr, pc, [r0], -ip    ; [0x576dc:4]=0xd0002",1
"andeq r0, r0, r4, rrx",1
"andeq r0, sp, r2",1
"andeq r0, r0, sp, asr r8",1
"andeq lr, r0, r0, asr 14",1
"andeq r0, r0, r0, lsr r0",1
"andeq r0, sp, r2",1
"andeq r0, r0, r0, ror r8",1
"andeq lr, r0, r0, ror r7",1
"andeq r0, r0, r4, lsr 32",1
"andeq r0, sp, r2",1
"andeq r0, r0, sp, ror r8",1
"muleq r0, r4, r7",1
"andeq r0, r0, ip, lsr r0",1
"andeq r0, sp, r2",1
"andeq r0, r0, r2, lsl 1",1
"andeq lr, r0, ip, asr 15",1
"andeq r0, r0, r0",1
"andeq r0, sp, r0",1
"andeq r0, r0, r3, lsl 2",1
"ldrdeq lr, pc, [r0], -r0    ; [0x5772c:4]=0xd0000",1
"andeq r0, r0, r0",1
"andeq r0, sp, r0",1
"andeq r0, r0, r8, lsl 17",1
"ldrdeq lr, pc, [r0], -r0    ; [0x5773c:4]=0xd0002",1
"andeq r0, r0, r4, lsl r0",1
"andeq r0, sp, r2",1
"muleq r0, r2, r8",1
"andeq lr, r0, r4, ror 15",1
"andeq r0, r0, r4, ror r1",1
"andeq r0, sp, r2",1
"andeq r0, r0, r2, lsl 1",1
"andeq lr, r0, r4, asr sb",1
"andeq r0, r0, r0",1
"andeq r0, sp, r0",1
"andeq r0, r0, r3, lsl 2",1
"andeq lr, r0, r8, asr sb",1
"andeq r0, r0, r0",1
"andeq r0, sp, r0",1
"andeq r0, r0, r3, lsr 17",1
"andeq lr, r0, r8, asr sb",1
"andeq r0, r0, ip, asr 32",1
"andeq r0, sp, r2",1
"strheq r0, [r0], -sb",1
"andeq lr, r0, r4, lsr 19",1
"andeq r0, r0, r0, lsl r0",1
"andeq r0, sp, r2",1
"andeq r0, r0, r5, asr 17",1
"strheq lr, [r0], -r4",1
"andeq r0, r0, ip, lsr 1",1
"andeq r0, sp, r2",1
"andeq r0, r0, r2, lsl 1",1
"andeq lr, r0, r0, asr sl",1
"andeq r0, r0, r0",1
"andeq r0, sp, r0",1
"andeq r0, r0, r3, lsl 2",1
"andeq lr, r0, r0, ror 20",1
"andeq r0, r0, r0",1
"andeq r0, sp, r0",1
"ldrdeq r0, r1, [r0], -r4",1
"andeq lr, r0, r0, ror 20",1
"andeq r0, r0, r8, lsr 4",1
"andeq r0, sp, r2",1
"andeq r0, r0, r2, lsl 1",1
"andeq lr, r0, ip, ror sl",1
"andeq r0, r0, r0",1
"andeq r0, sp, r0",1
"andeq r0, r0, r3, lsl 2",1
"strheq lr, [r0], -r8",1
"andeq r0, r0, r0",1
"andeq r0, sp, r0",1
"andeq r0, r0, r2, lsl 1",1
"andeq lr, r0, r0, ror 24",1
"andeq r0, r0, r0",1
"andeq r0, sp, r0",1
"andeq r0, r0, r3, lsl 2",1
"andeq lr, r0, r8, lsl 25",1
"andeq r0, r0, r0",1
"andeq r0, sp, r0",1
"andeq r0, r0, r3, ror 17",1
"andeq lr, r0, r8, lsl 25",1
"andeq r0, r0, ip, lsr 1",1
"andeq r0, sp, r2",1
"strdeq r0, r1, [r0], -sp",1
"andeq lr, r0, r4, lsr sp",1
"andeq r0, r0, r4, rrx",1
"andeq r0, sp, r2",1
"andeq r0, r0, r5, lsl sb",1
"muleq r0, r8, sp",1
"strdeq r0, r1, [r0], -r8",1
"andeq r0, sp, r2",1
"andeq r0, r0, r4, lsr 18",1
"muleq r0, r0, lr",1
"strheq r0, [r0], -r4",1
"andeq r0, sp, r2",1
"andeq r0, r0, r6, lsr sb",1
"andeq pc, r0, r4, asr 32",1
"andeq r0, r0, r8, lsl r1",1
"andeq r0, sp, r2",1
"andeq r0, r0, sb, asr 18",1
"andeq pc, r0, ip, asr r1",1
"andeq r0, r0, r4, lsl 2",1
"andeq r0, sp, r2",1
"andeq r0, r0, r6, ror 18",1
"andeq pc, r0, r0, ror 4",1
"strdeq r0, r1, [r0], -r0",1
"andeq r0, sp, r2",1
"andeq r0, r0, pc, ror sb",1
"andeq pc, r0, r0, asr r3",1
"andeq r0, r0, r4, ror 3",1
"andeq r0, sp, r2",1
"muleq r0, sb, sb",1
"andeq pc, r0, r4, lsr r5",1
"andeq r0, r0, ip, asr 3",1
"andeq r0, sp, r2",1
"andeq r0, r0, sl, lsr 19",1
"andeq pc, r0, r0, lsl 14",1
"andeq r0, r0, r4, lsl r1",1
"andeq r0, sp, r2",1
"strheq r0, [r0], -pc",1
"andeq pc, r0, r4, lsl r8",1
"andeq r0, r0, r0, ror r1",1
"andeq r0, sp, r2",1
"andeq r0, r0, r2, lsl 1",1
"andeq pc, r0, r0, asr 16",1
"andeq r0, r0, r0",1
"andeq r0, sp, r0",1
"andeq r0, r0, r3, lsl 2",1
"andeq pc, r0, ip, asr r8",1
"andeq r0, r0, r0",1
"andeq r0, sp, r0",1
"andeq r0, r0, r2, lsl 1",1
"andeq pc, r0, r0, lsl 19",1
"andeq r0, r0, r0",1
"andeq r0, sp, r0",1
"andeq r0, r0, r3, lsl 2",1
"andeq pc, r0, r4, lsl 19",1
"andeq r0, r0, r0",1
"andeq r0, sp, r0",1
"ldrdeq r0, r1, [r0], -r1",1
"andeq pc, r0, r4, lsl 19",1
"andeq r0, r0, ip, asr 1",1
"andeq r0, sp, r2",1
"andeq r0, r0, sl, ror 19",1
"andeq pc, r0, r0, asr sl",1
"andeq r0, r0, r4, lsl r0",1
"andeq r0, sp, r2",1
"strdeq r0, r1, [r0], -r7",1
"andeq pc, r0, r4, ror 20",1
"andeq r0, r0, ip, asr 32",1
"andeq r0, sp, r2",1
"andeq r0, r0, r5, lsl 20",1
"strheq pc, [r0], -r0",1
"andeq r0, r0, r8, lsr 1",1
"andeq r0, sp, r2",1
"andeq r0, r0, fp, lsl sl",1
"andeq pc, r0, r8, asr fp",1
"andeq r0, r0, ip, lsr 3",1
"andeq r0, sp, r2",1
"andeq r0, r0, r2, lsr sl",1
"andeq pc, r0, r4, lsl 26",1
"andeq r0, r0, ip, lsl r2",1
"andeq r0, sp, r2",1
"andeq r0, r0, r2, lsl 1",1
"andeq pc, r0, ip, lsl pc",1
"andeq r0, r0, r0",1
"andeq r0, sp, r0",1
"andeq r0, r0, r3, lsl 2",1
"andeq pc, r0, r0, lsr 30",1
"andeq r0, r0, r0",1
"andeq r0, sp, r0",1
"andeq r0, r0, r2, asr 20",1
"andeq pc, r0, r0, lsr 30",1
"andeq r0, r0, r8, lsr 1",1
"andeq r0, sp, r2",1
"andeq r0, r0, r1, asr sl",1
"andeq pc, r0, r8, asr 31",1
"andeq r0, r0, ip, lsl 6",1
"andeq r0, sp, r2",1
"andeq r0, r0, r8, ror 20",1
"ldrdeq r0, r1, [r1], -r4",1
"andeq r0, r0, r8, lsr r2",1
"andeq r0, sp, r2",1
"andeq r0, r0, r2, lsl 1",1
"andeq r0, r1, r8, lsl 10",1
"andeq r0, r0, r0",1
"andeq r0, sp, r0",1
"andeq r0, r0, r3, lsl 2",1
"andeq r0, r1, ip, lsl 10",1
"andeq r0, r0, r0",1
"andeq r0, sp, r0",1
"andeq r0, r0, fp, ror sl",1
"andeq r0, r1, ip, lsl 10",1
"muleq r0, ip, r0",1
"andeq r0, sp, r2",1
"andeq r0, r0, r6, lsl 21",1
"andeq r0, r1, r8, lsr 11",1
"strdeq r0, r1, [r0], -r4",1
"andeq r0, sp, r2",1
"muleq r0, sp, sl",1
"muleq r1, ip, fp",1
"strheq r0, [r0], -r8",1
"andeq r0, sp, r2",1
"andeq r0, r0, r2, lsl 1",1
"andeq r0, r1, r0, asr ip",1
"andeq r0, r0, r0",1
"andeq r0, sp, r0",1
"andeq r0, r0, r3, lsl 2",1
"andeq r0, r1, r4, asr ip",1
"andeq r0, r0, r0",1
"andeq r0, sp, r0",1
"strheq r0, [r0], -r0",1
"andeq r0, r1, r4, asr ip",1
"ldrdeq r0, r1, [r0], -r8",1
"andeq r0, sp, r2",1
"strheq r0, [r0], -pc",1
"andeq r0, r1, ip, lsr 26",1
"andeq r0, r0, ip, lsl 1",1
"andeq r0, sp, r2",1
"ldrdeq r0, r1, [r0], -sb",1
"strheq r0, [r1], -r8",1
"andeq r0, r0, r0, lsl sl",1
"andeq r0, sp, r2",1
"andeq r0, r0, r2, lsl 1",1
"andeq r0, r1, r0, lsr 31",1
"andeq r0, r0, r0",1
"andeq r0, sp, r0",1
"andeq r0, r0, r3, lsl 2",1
"strdeq r1, r2, [r1], -ip",1
"andeq r0, r0, r0",1
"andeq r0, sp, r0",1
"andeq r0, r0, r2, lsl 1",1
"andeq r1, r1, r0, asr 7",1
"andeq r0, r0, r0",1
"andeq r0, sp, r0",1
"andeq r0, r0, r3, lsl 2",1
"muleq r1, r0, r5",1
"andeq r0, r0, r0",1
"andeq r0, sp, r0",1
"andeq r0, r0, r2, lsl 1",1
"andeq r1, r1, r0, asr 15",1
"andeq r0, r0, r0",1
"andeq r0, sp, r0",1
"andeq r0, r0, r3, lsl 2",1
"andeq r1, r1, r8, asr 15",1
"andeq r0, r0, r0",1
"andeq r0, sp, r0",1
"andeq r0, r0, r4, ror 21",1
"andeq r1, r1, r8, asr 15",1
"andeq r0, r0, ip, lsl r0",1
"andeq r0, sp, r2",1
"strdeq r0, r1, [r0], -r0",1
"andeq r1, r1, r4, ror 15",1
"andeq r0, r0, r0, lsr 1",1
"andeq r0, sp, r2",1
"strdeq r0, r1, [r0], -sp",1
"andeq r1, r1, r4, lsl 17",1
"andeq r0, r0, r8, lsr 5",1
"andeq r0, sp, r2",1
"andeq r0, r0, r6, lsl fp",1
"andeq r1, r1, ip, lsr 22",1
"andeq r0, r0, r4, lsr 2",1
"andeq r0, sp, r2",1
"andeq r0, r0, r0, lsr fp",1
"andeq r1, r1, r0, asr ip",1
"andeq r0, r0, r8, ror 3",1
"andeq r0, sp, r2",1
"andeq r0, r0, r2, lsl 1",1
"andeq r1, r1, r4, lsr lr",1
"andeq r0, r0, r0",1
"andeq r0, sp, r0",1
"andeq r0, r0, r3, lsl 2",1
"andeq r1, r1, r8, lsr lr",1
"andeq r0, r0, r0",1
"andeq r0, sp, r0",1
"andeq r0, r0, r1, asr 22",1
"andeq r1, r1, r8, lsr lr",1
"andeq r0, r0, r0, lsr 4",1
"andeq r0, sp, r2",1
"andeq r0, r0, r4, asr fp",1
"andeq r2, r1, r8, asr r0",1
"strheq r0, [r0], -r0",1
"andeq r0, sp, r2",1
"andeq r0, r0, r6, ror 22",1
"andeq r2, r1, r8, lsl 2",1
"andeq r0, r0, ip, lsl r3",1
"andeq r0, sp, r2",1
"andeq r0, r0, lr, ror fp",1
"andeq r2, r1, r4, lsr 8",1
"andeq r0, r0, r8, lsr r8",1
"andeq r0, sp, r2",1
"andeq r0, r0, r2, lsl 1",1
"andeq r2, r1, ip, lsr 24",1
"andeq r0, r0, r0",1
"andeq r0, sp, r0",1
"andeq r0, r0, r3, lsl 2",1
"andeq r2, r1, ip, asr ip",1
"andeq r0, r0, r0",1
"andeq r0, sp, r0",1
"andeq r0, r0, lr, lsl 23",1
"andeq r2, r1, ip, asr ip",1
"andeq r0, r0, r0, asr 3",1
"andeq r0, sp, r2",1
"andeq r0, r0, r1, lsr 23",1
"andeq r2, r1, ip, lsl lr",1
"muleq r0, ip, r3",1
"andeq r0, sp, r2",1
"andeq r0, r0, r2, lsl 1",1
"andeq r2, r1, r0, asr lr",1
"andeq r0, r0, r0",1
"andeq r0, sp, r0",1
"andeq r0, r0, r3, lsl 2",1
"andeq r2, r1, r0, ror 29",1
"andeq r0, r0, r0",1
"andeq r0, sp, r0",1
"strheq r0, [r0], -r2",1
"strdeq r4, r5, [r1], -r8",1
"andeq r0, r0, r0, lsl r1",1
"andeq r0, sp, r2",1
"andeq r0, r0, r2, lsl 1",1
"ldrdeq r3, r4, [r1], -r8",1
"andeq r0, r0, r0",1
"andeq r0, sp, r0",1
"andeq r0, r0, r3, lsl 2",1
"andeq r3, r1, ip, ror 31",1
"andeq r0, r0, r0",1
"andeq r0, sp, r0",1
"andeq r0, r0, r2, lsl 1",1
"andeq r4, r1, ip",1
"andeq r0, r0, r0",1
"andeq r0, sp, r0",1
"andeq r0, r0, r3, lsl 2",1
"andeq r4, r1, r0, asr 32",1
"andeq r0, r0, r0",1
"andeq r0, sp, r0",1
"andeq r0, r0, r0, asr 23",1
"strheq r4, [r1], -r8",1
"andeq r0, r0, r0, asr 2",1
"andeq r0, sp, r2",1
"andeq r0, r0, r2, lsl 1",1
"strdeq r4, r5, [r1], -r4",1
"andeq r0, r0, r0",1
"andeq r0, sp, r0",1
"andeq r0, r0, r3, lsl 2",1
"strdeq r4, r5, [r1], -r8",1
"andeq r0, r0, r0",1
"andeq r0, sp, r0",1
"andeq r0, r0, sp, asr 23",1
"andeq r4, r1, r8, lsl 8",1
"strheq r0, [r0], -r8",1
"andeq r0, sp, r2",1
"andeq r0, r0, r2, lsl 1",1
"andeq r4, r1, r0, lsr 24",1
"andeq r0, r0, r0",1
"andeq r0, sp, r0",1
"andeq r0, r0, r3, lsl 2",1
"andeq r4, r1, r0, asr ip",1
"andeq r0, r0, r0",1
"andeq r0, sp, r0",1
"andeq r0, r0, r2, lsl 1",1
"andeq r5, r1, r0, lsr 1",1
"andeq r0, r0, r0",1
"andeq r0, sp, r0",1
"andeq r0, r0, r3, lsl 2",1
"andeq r5, r1, r0, asr 1",1
"andeq r0, r0, r0",1
"andeq r0, sp, r0",1
"andeq r0, r0, r1, ror 23",1
"andeq r5, r1, r0, asr 1",1
"andeq r0, r0, r8, asr sl",1
"andeq r0, sp, r2",1
"andeq r0, r0, r2, lsl 1",1
"andeq r5, r1, r4, lsl fp",1
"andeq r0, r0, r0",1
"andeq r0, sp, r0",1
"andeq r0, r0, r3, lsl 2",1
"andeq r5, r1, r8, lsl fp",1
"andeq r0, r0, r0",1
"andeq r0, sp, r0",1
"andeq r0, r0, pc, ror 23",1
"andeq r5, r1, r8, lsl fp",1
"andeq r0, r0, ip, lsl 3",1
"andeq r0, sp, r2",1
"andeq r0, r0, r5, lsl 24",1
"andeq r5, r1, r4, lsr 25",1
"andeq r0, r0, r8, ror r6",1
"andeq r0, sp, r2",1
"andeq r0, r0, sp, lsl ip",1
"andeq r6, r1, ip, lsl r3",1
"andeq r0, r0, ip, lsr 5",1
"andeq r0, sp, r2",1
"andeq r0, r0, r2, lsr ip",1
"andeq r6, r1, r8, asr 11",1
"andeq r0, r0, r4, lsl 14",1
"andeq r0, sp, r2",1
"andeq r0, r0, r8, asr 24",1
"andeq r6, r1, ip, asr 25",1
"andeq r0, r0, ip, asr r6",1
"andeq r0, sp, r2",1
"andeq r0, r0, r6, asr ip",1
"andeq r7, r1, r8, lsr 6",1
"andeq r0, r0, r8, asr 3",1
"andeq r0, sp, r2",1
"andeq r0, r0, r5, ror 24",1
"strdeq r7, r8, [r1], -r0",1
"andeq r0, r0, ip, lsr 13",1
"andeq r0, sp, r2",1
"andeq r0, r0, r2, lsl 1",1
"muleq r1, r8, fp",1
"andeq r0, r0, r0",1
"andeq r0, sp, r0",1
"andeq r0, r0, r3, lsl 2",1
"muleq r1, ip, fp",1
"andeq r0, r0, r0",1
"andeq r0, sp, r0",1
"andeq r0, r0, sb, ror ip",1
"muleq r1, ip, fp",1
"andeq r0, r0, ip, ror r1",1
"andeq r0, sp, r2",1
"andeq r0, r0, lr, lsl 25",1
"andeq r7, r1, r8, lsl sp",1
"muleq r0, ip, r6",1
"andeq r0, sp, r2",1
"muleq r0, r7, ip",1
"strheq r8, [r1], -r4",1
"andeq r1, r0, r8, asr 5",1
"andeq r0, sp, r2",1
"andeq r0, r0, r2, lsl 1",1
"andeq r8, r1, r8, asr 15",1
"andeq r0, r0, r0",1
"andeq r0, sp, r0",1
"andeq r0, r0, r3, lsl 2",1
"ldrdeq r8, sb, [r1], -ip",1
"andeq r0, r0, r0",1
"andeq r0, sp, r0",1
"andeq r0, r0, r2, lsl 1",1
"strdeq sb, sl, [r1], -r0",1
"andeq r0, r0, r0",1
"andeq r0, sp, r0",1
"andeq r0, r0, r3, lsl 2",1
"andeq sb, r1, ip, lsl 12",1
"andeq r0, r0, r0",1
"andeq r0, sp, r0",1
"andeq r0, r0, sl, lsr 25",1
"andeq sb, r1, ip, ror r6",1
"andeq r0, r0, r4, lsr 9",1
"andeq r0, sp, r2",1
"andeq r0, r0, r2, lsl 1",1
"andeq sb, r1, r8, lsl fp",1
"andeq r0, r0, r0",1
"andeq r0, sp, r0",1
"andeq r0, r0, r3, lsl 2",1
"andeq sb, r1, r0, lsr 22",1
"andeq r0, r0, r0",1
"andeq r0, sp, r0",1
"andeq r0, r0, r2, lsl 1",1
"muleq r1, r4, fp",1
"andeq r0, r0, r0",1
"andeq r0, sp, r0",1
"andeq r0, r0, r3, lsl 2",1
"muleq r1, ip, fp",1
"andeq r0, r0, r0",1
"andeq r0, sp, r0",1
"andeq r0, r0, r2, lsl 1",1
"strheq sb, [r1], -r0",1
"andeq r0, r0, r0",1
"andeq r0, sp, r0",1
"andeq r0, r0, r3, lsl 2",1
"strheq sb, [r1], -r4",1
"andeq r0, r0, r0",1
"andeq r0, sp, r0",1
"andeq r0, r0, r2, asr 25",1
"andeq sb, r1, ip, asr 24",1
"strdeq r0, r1, [r0], -r4",1
"andeq r0, sp, r2",1
"andeq r0, r0, r2, lsl 1",1
"andeq sl, r1, ip, lsl r0",1
"andeq r0, r0, r0",1
"andeq r0, sp, r0",1
"andeq r0, r0, r3, lsl 2",1
"andeq sl, r1, r0, asr 32",1
"andeq r0, r0, r0",1
"andeq r0, sp, r0",1
"ldrdeq r0, r1, [r0], -r1",1
"andeq sl, r1, r0, asr 32",1
"ldrdeq r0, r1, [r0], -r4",1
"andeq r0, sp, r2",1
"andeq r0, r0, r2, lsl 1",1
"andeq sl, r1, r8, lsl r2",1
"andeq r0, r0, r0",1
"andeq r0, sp, r0",1
"andeq r0, r0, r3, lsl 2",1
"andeq sl, r1, r0, lsr 4",1
"andeq r0, r0, r0",1
"andeq r0, sp, r0",1
"andeq r0, r0, r2, lsl 1",1
"muleq r1, r4, r2",1
"andeq r0, r0, r0",1
"andeq r0, sp, r0",1
"andeq r0, r0, r3, lsl 2",1
"muleq r1, r8, r2",1
"andeq r0, r0, r0",1
"andeq r0, sp, r0",1
"andeq r0, r0, r2, lsl 1",1
"strdeq sl, fp, [r1], -r0",1
"andeq r0, r0, r0",1
"andeq r0, sp, r0",1
"andeq r0, r0, r3, lsl 2",1
"strdeq sl, fp, [r1], -r4",1
"andeq r0, r0, r0",1
"andeq r0, sp, r0",1
"andeq r0, r0, r2, lsl 1",1
"strheq sl, [r1], -ip",1
"andeq r0, r0, r0",1
"andeq r0, sp, r0",1
"andeq r0, r0, r3, lsl 2",1
"andeq sl, r1, r0, asr 7",1
"andeq r0, r0, r0",1
"andeq r0, sp, r0",1
"andeq r0, r0, r2, lsl 1",1
"andeq ip, r1, r4, asr r4",1
"andeq r0, r0, r0",1
"andeq r0, pc, r0",1
"andeq r0, r0, r2, ror 25",1
"andeq ip, r1, r4, asr r4",1
"andeq r0, r0, r0, lsr 32",1
"andeq r0, pc, r1",1
"andeq r0, r0, lr, ror 25",1
"andeq ip, r1, r4, ror r4",1
"andeq r0, r0, pc",1
"andeq r0, pc, r1",1
"andeq r0, r0, r8, lsl 26",1
"andeq ip, r1, r4, lsl 9",1
"andeq r0, r0, pc",1
"andeq r0, pc, r1",1
"andeq r0, r0, r1, lsr 26",1
"muleq r1, r4, r4",1
"andeq r0, r0, r2, lsl r0",1
"andeq r0, pc, r1",1
"andeq r0, r0, fp, lsr sp",1
"andeq ip, r1, r8, lsr 9",1
"andeq r0, r0, pc",1
"andeq r0, pc, r1",1
"andeq r0, r0, r5, asr sp",1
"strheq ip, [r1], -r8",1
"andeq r0, r0, r1, ror r1",1
"andeq r0, pc, r1",1
"andeq r0, r0, r6, ror 26",1
"andeq ip, r1, ip, lsr 12",1
"andeq r0, r0, r4, asr 32",1
"andeq r0, pc, r1",1
"andeq r0, r0, fp, ror sp",1
"andeq ip, r1, r0, ror r6",1
"andeq r0, r0, sp",1
"andeq r0, pc, r1",1
"muleq r0, r5, sp",1
"andeq ip, r1, r0, lsl 13",1
"andeq r0, r0, pc",1
"andeq r0, pc, r1",1
"andeq r0, r0, r2, lsl 1",1
"muleq r1, r0, r6",1
"andeq r0, r0, r0",1
"andeq r0, pc, r0",1
"andeq r0, r0, r2, lsl 1",1
"andeq r0, r0, r0, asr 18",1
"andeq r0, r0, r0",1
"andseq r0, pc, r0",1
"andeq r0, r0, pc, lsr 27",1
"andeq r0, r0, r0",1
"andeq r0, r0, r0",1
invalid,1
"andeq r0, r0, r3, lsl 2",1
"strdeq sl, fp, [r1], -r4",1
"andeq r0, r0, r0",1
"andeq r0, sp, r0",1
"andeq r0, r0, r2, lsl 1",1
"andeq r1, r0, r8, lsl 13",1
"andeq r0, r0, r0",1
"andseq r0, pc, r0",1
"strheq r0, [r0], -lr",1
"andeq r0, r0, r0",1
"andeq r0, r0, r0",1
invalid,1
"andeq r0, r0, r3, lsl 2",1
"andeq sl, r1, r0, lsl 11",1
"andeq r0, r0, r0",1
"andeq r0, sp, r0",1
"andeq r0, r0, r2, lsl 1",1
"andeq sl, r1, r0, asr 17",1
"andeq r0, r0, r0",1
"andeq r0, sp, r0",1
"andeq r0, r0, r2, lsl 1",1
"andeq fp, r1, r4, ror sp",1
"andeq r0, r0, r0",1
"andeq r0, pc, r0",1
"andeq r0, r0, r2, lsl 1",1
"andeq r5, r2, r4, ror 15",1
"andeq r0, r0, r0",1
"andseq r0, r8, r0",1
"andeq r0, r0, sp, asr 27",1
"andeq r5, r2, r4, ror 15",1
"andeq r0, r0, r4",1
"andseq r0, r8, r1",1
"andeq r0, r0, r2, lsl 1",1
"strheq r1, [r0], -r4",1
"andeq r0, r0, r0",1
"andseq r0, pc, r0",1
"ldrdeq r0, r1, [r0], -sp",1
"andeq r0, r0, r0",1
"andeq r0, r0, r0",1
invalid,1
"andeq r0, r0, r3, lsl 2",1
"andeq sl, r1, r0, ror 17",1
"andeq r0, r0, r0",1
"andeq r0, sp, r0",1
"andeq r0, r0, r8, ror 27",1
"andeq sl, r1, r0, ror 17",1
"andeq r0, r0, r0",1
"andeq r0, sp, r0",1
"andeq r0, r0, r2, lsl 1",1
"strdeq r1, r2, [r0], -r0",1
"andeq r0, r0, r0",1
"andseq r0, pc, r0",1
"andeq r0, r0, r2, lsl 1",1
"strdeq r0, r1, [r0], -ip",1
"andeq r0, r0, r0",1
"andseq r0, fp, r0",1
"andeq r0, r0, r0, lsl 28",1
"andeq r0, r0, r0",1
"andeq r0, r0, r0",1
invalid,1
"andeq r0, r0, r3, lsl 2",1
"andeq sl, r1, r8, lsr 19",1
"andeq r0, r0, r0",1
"andeq r0, sp, r0",1
"andeq r0, r0, sl, lsl 28",1
"strheq sl, [r1], -r0",1
"andeq r0, r0, r0",1
"andeq r0, sp, r0",1
"andeq r0, r0, r2, lsl 1",1
"andeq r1, r0, r0, lsl r7",1
"andeq r0, r0, r0",1
"andseq r0, pc, r0",1
"andeq r0, r0, r2, lsl 1",1
"andeq r0, r0, ip, lsl r3",1
"andeq r0, r0, r0",1
"andseq r0, fp, r0",1
"andeq r0, r0, r1, lsr 28",1
"andeq r0, r0, r0",1
"andeq r0, r0, r0",1
invalid,1
"andeq r0, r0, r3, lsl 2",1
"andeq sl, r1, r4, lsr 21",1
"andeq r0, r0, r0",1
"andeq r0, sp, r0",1
"andeq r0, r0, r2, lsl 1",1
"andeq r0, r0, ip, lsr r3",1
"andeq r0, r0, r0",1
"andseq r0, fp, r0",1
"andeq r0, r0, r2, lsr lr",1
"andeq r0, r0, r0",1
"andeq r0, r0, r0",1
invalid,1
"andeq r0, r0, r3, lsl 2",1
"andeq sl, r1, r8, ror 21",1
"andeq r0, r0, r0",1
"andeq r0, sp, r0",1
"andeq r0, r0, r2, lsl 1",1
"andeq r0, r0, ip, asr r3",1
"andeq r0, r0, r0",1
"andseq r0, fp, r0",1
"andeq r0, r0, lr, lsr lr",1
"andeq r0, r0, r0",1
"andeq r0, r0, r0",1
invalid,1
"andeq r0, r0, r3, lsl 2",1
"strdeq sl, fp, [r1], -r8",1
"andeq r0, r0, r0",1
"andeq r0, sp, r0",1
"andeq r0, r0, r2, lsl 1",1
"andeq r1, r0, r0, lsr r7",1
"andeq r0, r0, r0",1
"andseq r0, pc, r0",1
"andeq r0, r0, r6, asr 28",1
"andeq r0, r0, r0",1
"andeq r0, r0, r0",1
invalid,1
"andeq r0, r0, r3, lsl 2",1
"andeq sl, r1, r0, ror fp",1
"andeq r0, r0, r0",1
"andeq r0, sp, r0",1
"andeq r0, r0, r2, lsl 1",1
"andeq ip, r1, r8, ror 16",1
"andeq r0, r0, r0",1
"andseq r0, r0, r0",1
"andeq r0, r0, r2, lsl 1",1
"andeq r1, r0, r0, lsl 15",1
"andeq r0, r0, r0",1
"andseq r0, pc, r0",1
"andeq r0, r0, r6, asr 28",1
"andeq r0, r0, r0",1
"andeq r0, r0, r0",1
invalid,1
"andeq r0, r0, r3, lsl 2",1
"strdeq sl, fp, [r1], -r8",1
"andeq r0, r0, r0",1
"andeq r0, sp, r0",1
"andeq r0, r0, r2, lsl 1",1
"andeq ip, r1, r0, ror r8",1
"andeq r0, r0, r0",1
"andseq r0, r0, r0",1
"andeq r0, r0, r2, lsl 1",1
"strheq r1, [r0], -ip",1
"andeq r0, r0, r0",1
"andseq r0, pc, r0",1
"andeq r0, r0, r0, asr lr",1
"andeq r0, r0, r0",1
"andeq r0, r0, r0",1
invalid,1
"andeq r0, r0, r3, lsl 2",1
"andeq fp, r1, r4, lsl 8",1
"andeq r0, r0, r0",1
"andeq r0, sp, r0",1
"andeq r0, r0, r2, lsl 1",1
"andeq fp, r1, r0, ror 8",1
"andeq r0, r0, r0",1
"andeq r0, sp, r0",1
"andeq r0, r0, r3, lsl 2",1
"andeq fp, r1, r8, ror 8",1
"andeq r0, r0, r0",1
"andeq r0, sp, r0",1
"andeq r0, r0, r2, lsl 1",1
"strdeq r1, r2, [r0], -r8",1
"andeq r0, r0, r0",1
"andseq r0, pc, r0",1
"andeq r0, r0, fp, asr lr",1
"andeq r0, r0, r0",1
"andeq r0, r0, r0",1
invalid,1
"andeq r0, r0, r3, lsl 2",1
"andeq fp, r1, ip, ror 8",1
"andeq r0, r0, r0",1
"andeq r0, sp, r0",1
"andeq r0, r0, r2, lsl 1",1
"muleq r1, r0, r4",1
"andeq r0, r0, r0",1
"andeq r0, sp, r0",1
"andeq r0, r0, r2, lsl 1",1
"andeq r1, r0, ip, lsr r8",1
"andeq r0, r0, r0",1
"andseq r0, pc, r0",1
"andeq r0, r0, lr, lsl 3",1
"andeq r0, r0, r0",1
"andeq r0, r0, r0",1
invalid,1
"andeq r0, r0, r2, lsl 1",1
"andeq ip, r1, r8, ror r8",1
"andeq r0, r0, r0",1
"andseq r0, r1, r0",1
"andeq r0, r0, r4, ror 28",1
"andeq ip, r1, r8, ror r8",1
"andeq r0, r0, r0",1
"andseq r0, r1, r1",1
"andeq r0, r0, r2, lsl 1",1
"andeq r5, r2, r8",1
"andeq r0, r0, r0",1
"andseq r0, r4, r0",1
"andeq r0, r0, r2, ror lr",1
"andeq r5, r2, r8",1
"andeq r0, r0, r0",1
"andseq r0, r4, r1",1
"andeq r0, r0, r0",1
"andeq r0, r0, r0",1
"andeq r0, r0, r0",1
invalid,1
"andeq r0, r0, lr, ror lr",1
"andeq r5, r2, r4",1
"andeq r0, r0, r0",1
"andseq r0, r2, r0",1
"andeq r0, r0, pc, lsl 29",1
"andeq r5, r2, r4, asr 4",1
"andeq r0, r0, r0",1
"andseq r0, r7, r1",1
"muleq r0, ip, lr",1
"andeq r5, r2, ip",1
"andeq r0, r0, r0",1
"andseq r0, r5, r1",1
"andeq r0, r0, r5, lsr 29",1
"andeq r5, r2, r0",1
"andeq r0, r0, r0",1
"andseq r0, r2, r0",1
"strheq r0, [r0], -r8",1
"strdeq r5, r6, [r2], -ip",1
"andeq r0, r0, r0",1
"andseq r0, r6, r1",1
"andeq r0, r0, r3, lsl 2",1
"andeq sb, r0, r8, ror 2",1
"andeq r0, r0, r0",1
"andeq r0, ip, r0",1
"andeq r0, r0, r2, lsl 1",1
"andeq sb, r0, r8, ror r1",1
"andeq r0, r0, r0",1
"andeq r0, ip, r0",1
"andeq r0, r0, r3, lsl 2",1
"andeq sb, r0, ip, ror r1",1
"andeq r0, r0, r0",1
"andeq r0, ip, r0",1
"andeq r0, r0, lr, asr 29",1
"andeq r0, r0, r0",1
"andeq r0, r0, r0",1
"andeq r0, r0, r2, lsr 32",1
"andeq r0, r0, lr, ror 29",1
"strdeq fp, ip, [r0], -r0",1
"andeq r0, r0, r4, lsl r0",1
"andeq r0, sp, r2, lsl r0",1
"strdeq r0, r1, [r0], -sp",1
"andeq r0, r0, r0",1
"andeq r0, r0, r0",1
"andeq r0, r0, r2, lsl r0",1
"andeq r0, r0, sp, lsl pc",1
"andeq sl, r0, ip, ror 16",1
"andeq r0, r0, r8, asr 32",1
"andeq r0, sp, r2, lsl r0",1
"andeq r0, r0, r6, lsr 30",1
"andeq fp, r1, r8, ror 8",1
"andeq r0, r0, r4",1
"andeq r0, sp, r2, lsl r0",1
"andeq r0, r0, r6, lsr pc",1
"andeq sb, r0, r8, lsl 3",1
"andeq r0, r0, r0",1
"andeq r0, r0, r2, lsl r0",1
"andeq r0, r0, r8, asr 30",1
"andeq ip, r0, r4, asr 32",1
"andeq r0, r0, r4, lsl r0",1
"andeq r0, sp, r2, lsl r0",1
"andeq r0, r0, r6, asr pc",1
"muleq r0, r4, r1",1
"andeq r0, r0, r0",1
"andeq r0, r0, r2, lsl r0",1
"andeq r0, r0, r8, ror 30",1
"andeq sb, r0, r0, lsr 3",1
"andeq r0, r0, r0",1
"andeq r0, r0, r2, lsl r0",1
"andeq r0, r0, r2, lsl 31",1
"andeq sb, r0, ip, lsr 3",1
"andeq r0, r0, r0",1
"andeq r0, r0, r2, lsl r0",1
"muleq r0, r4, pc",1
"strheq sb, [r0], -r8",1
"andeq r0, r0, r0",1
"andeq r0, r0, r2, lsl r0",1
"andeq r0, r0, r5, lsr 31",1
"ldrdeq r5, r6, [r2], -r0",1
"andeq r0, r0, r4",1
"andseq r0, r8, r1, lsl r0",1
"strheq r0, [r0], -fp",1
"andeq sb, r0, r4, asr 3",1
"andeq r0, r0, r0",1
"andeq r0, r0, r2, lsl r0",1
"andeq r0, r0, lr, asr 31",1
"andeq sl, r1, r8, lsr 9",1
"andeq r0, r0, ip, asr 32",1
"andeq r0, sp, r2, lsl r0",1
"andeq r0, r0, r3, ror 31",1
"andeq ip, r0, ip, asr r6",1
"andeq r0, r0, r0, lsr r0",1
"andeq r0, sp, r2, lsl r0",1
"andeq r0, r0, pc, ror 31",1
"andeq sl, r1, r0, lsr 8",1
"andeq r0, r0, r4, asr 32",1
"andeq r0, sp, r2, lsl r0",1
"strdeq r0, r1, [r0], -lr",1
"andeq sl, r1, r0, ror 17",1
"andeq r0, r0, r0",1
"andeq r0, sp, r2, lsl r2",1
"andeq r1, r0, ip",1
"ldrdeq sb, sl, [r0], -r0",1
"andeq r0, r0, r0",1
"andeq r0, r0, r2, lsl r0",1
"andeq r1, r0, r0, lsr 32",1
"ldrdeq sb, sl, [r0], -ip",1
"andeq r0, r0, r0",1
"andeq r0, r0, r2, lsl r0",1
"andeq r1, r0, r4, lsr r0",1
"andeq r5, r2, r0, lsr 5",1
"andeq r0, r0, r0, lsr r0",1
"andseq r0, r7, r1, lsl r0",1
"andeq r1, r0, sl, asr 32",1
"andeq sl, r1, r4, lsr fp",1
"andeq r0, r0, ip, lsr r0",1
"andeq r0, sp, r2, lsl r2",1
"andeq r1, r0, r0, rrx",1
"andeq sb, r0, r8, ror 3",1
"andeq r0, r0, r0",1
"andeq r0, r0, r2, lsl r0",1
"andeq r1, r0, r2, ror r0",1
"strdeq sb, sl, [r0], -r4",1
"andeq r0, r0, r0",1
"andeq r0, r0, r2, lsl r0",1
"andeq r1, r0, r4, lsl 1",1
"andeq fp, r0, r4, asr 26",1
"ldrdeq r0, r1, [r0], -ip",1
"andeq r0, sp, r2, lsl r0",1
"muleq r0, r7, r0",1
"andeq r0, r0, r0",1
"andeq r0, r0, r0",1
"andeq r0, r0, r0, lsr 32",1
"strheq r1, [r0], -r3",1
"andeq r5, r2, r0, asr 4",1
"andeq r0, r0, r0",1
"andseq r0, r7, r0, lsr 32",1
"strheq r1, [r0], -lr",1
"andeq sl, r1, r4, lsr 21",1
"andeq r0, r0, r0",1
"andeq r0, sp, r2, lsl r2",1
"andeq r1, r0, lr, asr 1",1
"andeq sb, r0, r0, lsl 4",1
"andeq r0, r0, r0",1
"andeq r0, r0, r2, lsl r0",1
"andeq r1, r0, sb, ror 1",1
"andeq fp, r0, r4, ror ip",1
"andeq r0, r0, ip, lsl r0",1
"andeq r0, sp, r2, lsl r0",1
"strdeq r1, r2, [r0], -fp",1
"ldrdeq r5, r6, [r2], -r0",1
"andeq r0, r0, r0",1
"andseq r0, r8, r0, lsl r0",1
"andeq r1, r0, sb, lsl 2",1
"andeq fp, r0, r4, lsr pc",1
"andeq r0, r0, r4, lsr r0",1
"andeq r0, sp, r2, lsl r0",1
"andeq r1, r0, sl, lsl r1",1
"andeq r0, r0, r0",1
"andeq r0, r0, r0",1
"andeq r0, r0, r2, lsr 32",1
"andeq r1, r0, fp, lsr r1",1
"andeq fp, r0, r4, asr 25",1
"andeq r0, r0, r0, lsl 1",1
"andeq r0, sp, r2, lsl r0",1
"andeq r1, r0, fp, asr 2",1
"andeq sb, r0, r8, lsl r2",1
"andeq r0, r0, r0",1
"andeq r0, r0, r2, lsl r0",1
"andeq r1, r0, sp, asr r1",1
"andeq sl, r0, r0, asr sl",1
"strheq r0, [r0], -r8",1
"andeq r0, sp, r2, lsl r0",1
"andeq r1, r0, lr, ror 2",1
"andeq sb, r0, r4, lsr 4",1
"andeq r0, r0, r0",1
"andeq r0, r0, r2, lsl r0",1
"andeq r1, r0, r1, lsl 3",1
"andeq ip, r0, r0, ror 1",1
"andeq r0, r0, ip, lsl r0",1
"andeq r0, sp, r2, lsl r0",1
"muleq r0, r3, r1",1
"andeq fp, r1, ip, ror 8",1
"andeq r0, r0, ip, lsr 32",1
"andeq r0, sp, r2, lsl r2",1
"muleq r0, sl, r1",1
"andeq sb, r0, r0, lsr r2",1
"andeq r0, r0, r0",1
"andeq r0, r0, r2, lsl r0",1
"andeq r1, r0, sl, lsr 3",1
"andeq r0, r0, r0",1
"andeq r0, r0, r0",1
"andeq r0, r0, r2, lsr 32",1
"andeq r1, r0, r8, asr 3",1
"andeq ip, r0, r8, ror r0",1
"andeq r0, r0, r8, rrx",1
"andeq r0, sp, r2, lsl r0",1
"ldrdeq r1, r2, [r0], -lr",1
"andeq fp, r0, r0, lsr 31",1
"andeq r0, r0, ip, lsl r0",1
"andeq r0, sp, r2, lsl r0",1
"andeq r1, r0, sp, ror 3",1
"andeq ip, r0, ip, asr sl",1
"andeq r0, r0, r0, ror r3",1
"andeq r0, sp, r2, lsl r0",1
"strdeq r1, r2, [r0], -r8",1
"andeq sb, r0, r8, asr 4",1
"andeq r0, r0, r0",1
"andeq r0, r0, r2, lsl r0",1
"andeq r1, r0, sb, lsl 4",1
"andeq sb, r0, r4, asr r2",1
"andeq r0, r0, r0",1
"andeq r0, r0, r2, lsl r0",1
"andeq r1, r0, fp, lsl r2",1
"andeq r5, r2, ip, ror 15",1
"andeq r0, r0, r0",1
"andseq r0, r8, r0, lsl r0",1
"andeq r1, r0, r6, lsr 4",1
"ldrdeq r5, r6, [r2], -r0",1
"andeq r0, r0, r0",1
"andseq r0, r7, r0, lsl r0",1
"andeq r1, r0, sp, lsr 4",1
"andeq r0, r0, r0",1
"andeq r0, r0, r0",1
"andeq r0, r0, r2, lsr 32",1
"andeq r1, r0, fp, asr 4",1
"andeq sb, r0, ip, ror 4",1
"andeq r0, r0, r0",1
"andeq r0, r0, r2, lsl r0",1
"andeq r1, r0, pc, asr r2",1
"andeq sb, r0, r8, ror r2",1
"andeq r0, r0, r0",1
"andeq r0, r0, r2, lsl r0",1
"andeq r1, r0, r2, ror r2",1
"andeq sb, r0, r4, lsl 5",1
"andeq r0, r0, r0",1
"andeq r0, r0, r2, lsl r0",1
"andeq r1, r0, sp, lsl 5",1
"muleq r0, r0, r2",1
"andeq r0, r0, r0",1
"andeq r0, r0, r2, lsl r0",1
"muleq r0, pc, r2",1
"andeq sl, r1, r0, ror fp",1
"andeq r0, r0, r8, lsl 9",1
"andeq r0, sp, r2, lsl r2",1
"andeq r1, r0, r8, lsr 5",1
"muleq r0, ip, r2",1
"andeq r0, r0, r0",1
"andeq r0, r0, r2, lsl r0",1
"strheq r1, [r0], -sl",1
"muleq r1, r8, r4",1
"andeq r0, r0, r0",1
"andeq r0, lr, r2, lsl r0",1
"andeq r1, r0, r0, asr 5",1
"ldrdeq r5, r6, [r2], -r8",1
"andeq r0, r0, r4",1
"andseq r0, r8, r1, lsl r0",1
"ldrdeq r1, r2, [r0], -fp",1
"andeq r5, r2, r0, ror 5",1
"andeq r0, r0, r4",1
"andseq r0, r8, r1, lsl r0",1
"andeq r1, r0, sp, ror 5",1
"andeq sb, r0, r8, lsr 5",1
"andeq r0, r0, r0",1
"andeq r0, r0, r2, lsl r0",1
"andeq r1, r0, r2, lsl 6",1
"andeq r5, r2, ip, ror 15",1
"andeq r0, r0, r0",1
"andseq r0, r8, r0, lsl r0",1
"andeq r1, r0, lr, lsl 6",1
"strheq sl, [r0], -r4",1
"andeq r0, r0, r8, lsr 32",1
"andeq r0, sp, r2, lsl r0",1
"andeq r1, r0, r7, lsl r3",1
"andeq sl, r1, r0, asr 7",1
"andeq r0, r0, r0, lsr r0",1
"andeq r0, sp, r2, lsl r0",1
"andeq r1, r0, r4, lsr 6",1
"andeq ip, r0, r4, lsl 17",1
"andeq r0, r0, r8, asr 32",1
"andeq r0, sp, r2, lsl r0",1
"andeq r1, r0, lr, lsr 6",1
"andeq sl, r1, r4, ror 8",1
"andeq r0, r0, r4, asr 32",1
"andeq r0, sp, r2, lsl r0",1
"andeq r1, r0, lr, lsr r3",1
"andeq sl, r1, r4, lsl r1",1
"andeq r0, r0, ip, lsl 2",1
"andeq r0, sp, r2, lsl r0",1
"andeq r1, r0, sl, asr 6",1
"andeq sb, r1, r0, lsr 22",1
"andeq r0, r0, ip, ror r0",1
"andeq r0, sp, r2, lsl r0",1
"andeq r1, r0, r1, ror 6",1
"strdeq sl, fp, [r1], -r8",1
"andeq r0, r0, ip, lsr r0",1
"andeq r0, sp, r2, lsl r2",1
"andeq r1, r0, r6, ror r3",1
"strheq sb, [r0], -r4",1
"andeq r0, r0, r0",1
"andeq r0, r0, r2, lsl r0",1
"andeq r1, r0, sb, lsl 7",1
"andeq sl, r1, r4, lsl 21",1
"andeq r0, r0, r0, lsr 32",1
"andeq r0, sp, r2, lsl r2",1
"muleq r0, sb, r3",1
"andeq ip, r0, ip, ror r7",1
"andeq r0, r0, ip, asr r0",1
"andeq r0, sp, r2, lsl r0",1
"andeq r1, r0, r2, lsr 7",1
"andeq sb, r0, r0, asr 5",1
"andeq r0, r0, r0",1
"andeq r0, r0, r2, lsl r0",1
"strheq r1, [r0], -r8",1
"andeq r5, r2, r8, lsl 5",1
"andeq r0, r0, r4",1
"andseq r0, r7, r1, lsl r0",1
"andeq r1, r0, r0, asr 7",1
"andeq sp, r0, r8, ror r2",1
"andeq r0, r0, r0, rrx",1
"andeq r0, sp, r2, lsl r0",1
"andeq r1, r0, fp, asr 7",1
"andeq sb, r0, ip, asr 5",1
"andeq r0, r0, r0",1
"andeq r0, r0, r2, lsl r0",1
"ldrdeq r1, r2, [r0], -pc",1
"strdeq sl, fp, [r1], -r8",1
"andeq r0, r0, ip, lsl 8",1
"andeq r0, sp, r2, lsl r2",1
"andeq r1, r0, sb, ror 7",1
"andeq r5, r2, r8, ror 5",1
"andeq r0, r0, r4",1
"andseq r0, r8, r1, lsl r0",1
"strdeq r1, r2, [r0], -fp",1
"strdeq sl, fp, [r1], -r4",1
"andeq r0, r0, ip, asr 1",1
"andeq r0, sp, r2, lsl r0",1
"andeq r1, r0, r7, lsl 8",1
"ldrdeq sb, sl, [r0], -r8",1
"andeq r0, r0, r0",1
"andeq r0, r0, r2, lsl r0",1
"andeq r1, r0, sb, lsl r4",1
"andeq ip, r0, r0, lsl r7",1
"andeq r0, r0, r4, lsr r0",1
"andeq r0, sp, r2, lsl r0",1
"andeq r1, r0, r1, lsr 8",1
"muleq r1, r8, r2",1
"andeq r0, r0, ip, asr r0",1
"andeq r0, sp, r2, lsl r0",1
"andeq r1, r0, sp, lsr 8",1
"andeq fp, r0, r8, lsl pc",1
"andeq r0, r0, ip, lsl r0",1
"andeq r0, sp, r2, lsl r0",1
"andeq r1, r0, sl, lsr r4",1
"andeq sb, r0, r4, ror 5",1
"andeq r0, r0, r0",1
"andeq r0, r0, r2, lsl r0",1
"andeq r1, r0, sp, asr 8",1
"andeq ip, r0, r0, lsr 18",1
"andeq r0, r0, ip, lsl r0",1
"andeq r0, sp, r2, lsl r0",1
"andeq r1, r0, r5, asr r4",1
"strdeq sb, sl, [r0], -r0",1
"andeq r0, r0, r0",1
"andeq r0, r0, r2, lsl r0",1
"andeq r1, r0, r7, ror r4",1
"strdeq sb, sl, [r0], -ip",1
"andeq r0, r0, r0",1
"andeq r0, r0, r2, lsl r0",1
"andeq r1, r0, sb, lsl 9",1
"andeq ip, r0, r8, lsr 11",1
"andeq r0, r0, ip, asr 32",1
"andeq r0, sp, r2, lsl r0",1
"muleq r0, r8, r4",1
"andeq sb, r0, r8, lsl 6",1
"andeq r0, r0, r0",1
"andeq r0, r0, r2, lsl r0",1
"andeq r1, r0, lr, lsr 9",1
"andeq sb, r0, r4, lsl r3",1
"andeq r0, r0, r0",1
"andeq r0, r0, r2, lsl r0",1
"andeq r1, r0, r1, asr 9",1
"strdeq sl, fp, [r0], -ip",1
"strdeq r0, r1, [r0], -r8",1
"andeq r0, sp, r2, lsl r0",1
"andeq r1, r0, lr, asr 9",1
"strdeq sl, fp, [r0], -r4",1
"andeq r0, r0, r8, ror r0",1
"andeq r0, sp, r2, lsl r0",1
"ldrdeq r1, r2, [r0], -sp",1
"andeq sb, r0, r0, lsr 6",1
"andeq r0, r0, r0",1
"andeq r0, r0, r2, lsl r0",1
"andeq r1, r0, lr, ror 9",1
"andeq sl, r0, r0, lsr sl",1
"andeq r0, r0, r0, lsl r0",1
"andeq r0, sp, r2, lsl r0",1
"strdeq r1, r2, [r0], -sp",1
"andeq sl, r1, r8, ror 21",1
"andeq r0, r0, r0, lsl r0",1
"andeq r0, sp, r2, lsr 4",1
"andeq r1, r0, fp, lsl 10",1
"andeq ip, r0, ip, asr 16",1
"andeq r0, r0, r8, lsr r0",1
"andeq r0, sp, r2, lsl r0",1
"andeq r1, r0, r5, lsl r5",1
"andeq ip, r0, r4, asr 14",1
"andeq r0, r0, ip",1
"andeq r0, sp, r2, lsl r0",1
"andeq r1, r0, r0, lsr 10",1
"strdeq ip, sp, [r0], -ip",1
"andeq r0, r0, r4, lsr 32",1
"andeq r0, sp, r2, lsl r0",1
"andeq r1, r0, r0, lsr r5",1
"andeq sb, r0, ip, lsr 6",1
"andeq r0, r0, r0",1
"andeq r0, r0, r2, lsl r0",1
"andeq r1, r0, r2, asr 10",1
"andeq sb, r0, r8, lsr r3",1
"andeq r0, r0, r0",1
"andeq r0, r0, r2, lsl r0",1
"andeq r1, r0, r4, asr r5",1
"andeq ip, r0, r8, rrx",1
"andeq r0, r0, r0, lsl r0",1
"andeq r0, sp, r2, lsl r0",1
"andeq r1, r0, r7, ror 10",1
"andeq r5, r2, r0, asr 4",1
"andeq r0, r0, r0",1
"andseq r0, r7, r0, lsl r0",1
"andeq r1, r0, r4, ror r5",1
"andeq fp, r0, r8, lsl ip",1
"andeq r0, r0, r8, lsl r0",1
"andeq r0, sp, r2, lsl r0",1
"andeq r1, r0, r6, lsl 11",1
"andeq sb, r0, r4, asr 6",1
"andeq r0, r0, r0",1
"andeq r0, r0, r2, lsl r0",1
"muleq r0, r8, r5",1
"andeq ip, r0, r4, asr r1",1
"andeq r0, r0, r4, lsl r0",1
"andeq r0, sp, r2, lsl r0",1
"andeq r1, r0, r4, lsr 11",1
"andeq sb, r0, r0, asr r3",1
"andeq r0, r0, r0",1
"andeq r0, r0, r2, lsl r0",1
"andeq r1, r0, r1, asr 11",1
"andeq fp, r0, r8, asr 23",1
"andeq r0, r0, r8, lsr r0",1
"andeq r0, sp, r2, lsl r0",1
"ldrdeq r1, r2, [r0], -r7",1
"andeq fp, r0, r4, lsr lr",1
"andeq r0, r0, r4, lsr 1",1
"andeq r0, sp, r2, lsl r0",1
"andeq r1, r0, r5, ror 11",1
"andeq sb, r0, ip, asr r3",1
"andeq r0, r0, r0",1
"andeq r0, r0, r2, lsl r0",1
"strdeq r1, r2, [r0], -fp",1
"andeq ip, r0, ip, lsr sb",1
"andeq r0, r0, r0, asr 32",1
"andeq r0, sp, r2, lsl r0",1
"andeq r1, r0, r6, lsl 12",1
"andeq sb, r0, r8, ror 6",1
"andeq r0, r0, r0",1
"andeq r0, r0, r2, lsl r0",1
"andeq r1, r0, r5, lsr 12",1
"andeq sb, r0, r4, ror r3",1
"andeq r0, r0, r0",1
"andeq r0, r0, r2, lsl r0",1
"andeq r1, r0, r4, asr 12",1
"andeq r0, r0, r0",1
"andeq r0, r0, r0",1
"andeq r0, r0, r0, lsr 32",1
"andeq r1, r0, r3, asr r6",1
"andeq sb, r0, ip, lsl 7",1
"andeq r0, r0, r0",1
"andeq r0, r0, r2, lsl r0",1
"andeq r1, r0, sl, ror 12",1
"andeq sl, r1, r0, ror 17",1
"andeq r0, r0, r8, lsr 1",1
"andeq r0, sp, r2, lsl r2",1
"andeq r1, r0, r4, ror r6",1
"muleq r0, r8, r3",1
"andeq r0, r0, r0",1
"andeq r0, r0, r2, lsl r0",1
"andeq r1, r0, sp, lsl 13",1
"andeq sb, r0, r4, lsr 7",1
"andeq r0, r0, r0",1
"andeq r0, r0, r2, lsl r0",1
"muleq r0, sp, r6",1
"andeq r5, r2, r8, ror 15",1
"andeq r0, r0, r4",1
"andseq r0, r8, r1, lsl r0",1
"strheq r1, [r0], -r3",1
"andeq sl, r0, ip, ror 13",1
"andeq r0, r0, r0, lsl r0",1
"andeq r0, sp, r2, lsl r0",1
"ldrdeq r1, r2, [r0], -r1",1
"andeq fp, r1, r0, lsr 9",1
"andeq r0, r0, r4",1
"andeq r0, pc, r1, lsl r0",1
"andeq r1, r0, r0, ror 13",1
"ldrdeq ip, sp, [r0], -r8",1
"andeq r0, r0, r4, ror r0",1
"andeq r0, sp, r2, lsl r0",1
"andeq r1, r0, fp, ror 13",1
"strheq sb, [r0], -r0",1
"andeq r0, r0, r0",1
"andeq r0, r0, r2, lsl r0",1
"strdeq r1, r2, [r0], -sp",1
"strheq sb, [r0], -ip",1
"andeq r0, r0, r0",1
"andeq r0, r0, r2, lsl r0",1
"andeq r1, r0, pc, lsl 14",1
"ldrdeq sp, lr, [r0], -r0",1
"andeq r0, r0, r8, lsr 1",1
"andeq r0, sp, r2, lsl r0",1
"andeq r1, r0, sl, lsl r7",1
"strdeq sl, fp, [r1], -r0",1
"andeq r0, r0, r0, lsr r0",1
"andeq r0, sp, r2, lsl r0",1
"andeq r1, r0, r8, lsr 14",1
"andeq ip, r1, r8, asr 32",1
"andeq r0, r0, r0, lsr 32",1
"andeq r0, pc, r1, lsl r0",1
"andeq r1, r0, fp, lsr r7",1
"andeq sl, r1, r8, lsr 19",1
"ldrdeq r0, r1, [r0], -ip",1
"andeq r0, sp, r2, lsl r2",1
"andeq r1, r0, r4, asr 14",1
"strdeq r5, r6, [r2], -r0",1
"andeq r0, r0, r4",1
"andseq r0, r8, r1, lsl r0",1
"andeq r1, r0, r5, asr r7",1
"andeq sb, r0, r8, asr 7",1
"andeq r0, r0, r0",1
"andeq r0, r0, r2, lsl r0",1
"andeq r1, r0, r7, ror 14",1
"andeq fp, r1, r4, lsl 8",1
"andeq r0, r0, r4, rrx",1
"andeq r0, sp, r2, lsl r0",1
"andeq r1, r0, r7, ror r7",1
"andeq ip, r0, r8, ror 2",1
"andeq r0, r0, ip, lsl r0",1
"andeq r0, sp, r2, lsl r0",1
"andeq r1, r0, r1, lsl 15",1
"andeq ip, r0, r0, lsr 2",1
"andeq r0, r0, r4, lsr r0",1
"andeq r0, sp, r2, lsl r0",1
"muleq r0, r5, r7",1
"ldrdeq sb, sl, [r0], -r4",1
"andeq r0, r0, r0",1
"andeq r0, r0, r2, lsl r0",1
"strheq r1, [r0], -r1",1
"andeq sb, r0, r0, ror 7",1
"andeq r0, r0, r0",1
"andeq r0, r0, r2, lsl r0",1
"andeq r1, r0, r5, asr 15",1
"andeq sb, r0, ip, ror 7",1
"andeq r0, r0, r0",1
"andeq r0, r0, r2, lsl r0",1
"ldrdeq r1, r2, [r0], -sp",1
"andeq ip, r1, r8, rrx",1
"andeq r0, r0, r4, lsr 32",1
"andeq r0, pc, r1, lsl r0",1
"strdeq r1, r2, [r0], -r0",1
"strdeq sb, sl, [r0], -r8",1
"andeq r0, r0, r0",1
"andeq r0, r0, r2, lsl r0",1
"andeq r1, r0, r2, lsl 16",1
"andeq r5, r2, ip, ror 15",1
"andeq r0, r0, r0",1
"andseq r0, r8, r0, lsl r0",1
"andeq r1, r0, r7, lsl 16",1
"andeq sb, r0, r4, lsl 8",1
"andeq r0, r0, r0",1
"andeq r0, r0, r2, lsl r0",1
"andeq r1, r0, sb, lsl r8",1
"andeq sb, r0, r0, lsl 10",1
"andeq r0, r0, r0",1
"andeq r0, sp, r2, lsl r0",1
"andeq r1, r0, r0, lsr 16",1
"andeq fp, r0, r0, lsr 28",1
"andeq r0, r0, r4, lsl r0",1
"andeq r0, sp, r2, lsl r0",1
"andeq r1, r0, pc, lsr 16",1
"andeq sb, r0, r0, lsl r4",1
"andeq r0, r0, r0",1
"andeq r0, r0, r2, lsl r0",1
"andeq r1, r0, r0, asr 16",1
"andeq sb, r0, ip, lsl r4",1
"andeq r0, r0, r0",1
"andeq r0, r0, r2, lsl r0",1
"andeq r1, r0, r8, asr r8",1
"andeq ip, r0, ip, ror 28",1
"andeq r0, r0, r4, ror 6",1
"andeq r0, sp, r2, lsl r0",1
"andeq r1, r0, r0, ror 16",1
"andeq sb, r0, r8, lsr 8",1
"andeq r0, r0, r0",1
"andeq r0, r0, r2, lsl r0",1
"andeq r1, r0, r2, ror r8",1
"muleq r1, ip, fp",1
"andeq r0, r0, r8, lsl r0",1
"andeq r0, sp, r2, lsl r0",1
"andeq r1, r0, r4, lsl 17",1
"andeq r5, r2, ip, ror 15",1
"andeq r0, r0, r0",1
"andseq r0, r8, r0, lsl r0",1
"andeq r1, r0, ip, lsl 17",1
"andeq sl, r1, r8, ror 21",1
"andeq r0, r0, r0, lsl r0",1
"andeq r0, sp, r2, lsr 4",1
"muleq r0, sl, r8",1
"andeq sb, r0, r4, lsr r4",1
"andeq r0, r0, r0",1
"andeq r0, r0, r2, lsl r0",1
"strheq r1, [r0], -r3",1
"andeq fp, r0, r4, lsl 30",1
"andeq r0, r0, r4, lsl r0",1
"andeq r0, sp, r2, lsl r0",1
"strheq r1, [r0], -ip",1
"strdeq r5, r6, [r2], -r4",1
"andeq r0, r0, r4",1
"andseq r0, r8, r1, lsl r0",1
"andeq r1, r0, lr, asr 17",1
"ldrdeq r5, r6, [r2], -r0",1
"andeq r0, r0, r0",1
"andseq r0, r8, r0, lsl r0",1
"ldrdeq r1, r2, [r0], -sl",1
"andeq sb, r0, r0, asr 8",1
"andeq r0, r0, r0",1
"andeq r0, r0, r2, lsl r0",1
"andeq r1, r0, ip, ror 17",1
"andeq sb, r0, r8, ror 28",1
"andeq r0, r0, r4, ror r8",1
"andeq r0, sp, r2, lsl r0",1
"strdeq r1, r2, [r0], -r1",1
"andeq sb, r0, ip, asr 8",1
"andeq r0, r0, r0",1
"andeq r0, r0, r2, lsl r0",1
"andeq r1, r0, r5, lsl 18",1
"andeq sb, r0, r4, lsr 24",1
"andeq r0, r0, r4, asr 4",1
"andeq r0, sp, r2, lsl r0",1
"andeq r1, r0, fp, lsl 18",1
"andeq fp, r0, r0, lsl 24",1
"andeq r0, r0, r8, lsl r0",1
"andeq r0, sp, r2, lsl r0",1
"andeq r1, r0, sp, lsl sb",1
"andeq r5, r2, ip, lsl 5",1
"andeq r0, r0, r4",1
"andseq r0, r7, r1, lsl r0",1
"andeq r1, r0, sl, lsr 18",1
"andeq ip, r0, r8, asr r0",1
"andeq r0, r0, r0, lsl r0",1
"andeq r0, sp, r2, lsl r0",1
"andeq r1, r0, sb, lsr sb",1
"andeq sb, r0, r8, asr r4",1
"andeq r0, r0, r0",1
"andeq r0, r0, r2, lsl r0",1
"andeq r1, r0, ip, asr 18",1
"strheq fp, [r0], -ip",1
"andeq r0, r0, r4, lsr 32",1
"andeq r0, sp, r2, lsl r0",1
"andeq r1, r0, pc, asr sb",1
"andeq sl, r1, r0, lsr 4",1
"andeq r0, r0, r8, ror r0",1
"andeq r0, sp, r2, lsl r0",1
"andeq r1, r0, ip, ror 18",1
"andeq sb, r0, r4, ror 8",1
"andeq r0, r0, r0",1
"andeq r0, r0, r2, lsl r0",1
"andeq r1, r0, r2, lsl 19",1
"andeq sb, r0, r0, ror r4",1
"andeq r0, r0, r0",1
"andeq r0, r0, r2, lsl r0",1
"muleq r0, r7, sb",1
"andeq fp, r0, r8, ror 30",1
"andeq r0, r0, r8, lsr r0",1
"andeq r0, sp, r2, lsl r0",1
"andeq r1, r0, ip, lsr 19",1
"ldrdeq r5, r6, [r2], -r8",1
"andeq r0, r0, r4",1
"andseq r0, r8, r1, lsr 32",1
"andeq r1, r0, pc, asr 19",1
"andeq sb, r0, ip, ror r4",1
"andeq r0, r0, r0",1
"andeq r0, r0, r2, lsl r0",1
"andeq r1, r0, r2, ror 19",1
"muleq r0, r4, r1",1
"andeq r0, r0, r4, lsl r0",1
"andeq r0, sp, r2, lsl r0",1
"andeq r1, r0, r8, ror 19",1
"andeq sb, r0, r8, lsl 9",1
"andeq r0, r0, r0",1
"andeq r0, r0, r2, lsl r0",1
"strdeq r1, r2, [r0], -pc",1
"andeq sl, r0, r0, lsl sb",1
"andeq r0, r0, r0, asr 32",1
"andeq r0, sp, r2, lsl r0",1
"andeq r1, r0, sl, lsl 20",1
"muleq r0, r0, ip",1
"andeq r0, r0, r4, lsr r0",1
"andeq r0, sp, r2, lsl r0",1
"andeq r1, r0, sp, lsl sl",1
"strheq r5, [r2], -r0",1
"andeq r0, r0, r4",1
"andseq r0, r8, r1, lsl r0",1
"andeq r1, r0, sl, lsr 20",1
"andeq fp, r0, r0, ror 31",1
"andeq r0, r0, r4, rrx",1
"andeq r0, sp, r2, lsl r0",1
"andeq r1, r0, ip, lsr sl",1
"andeq sl, r1, r8, lsl 19",1
"andeq r0, r0, r0, lsr 32",1
"andeq r0, sp, r2, lsl r2",1
"andeq r1, r0, sp, asr 20",1
"andeq ip, r0, ip, asr 17",1
"andeq r0, r0, ip, lsl r0",1
"andeq r0, sp, r2, lsl r0",1
"andeq r1, r0, r5, asr sl",1
"andeq r0, r0, r0",1
"andeq r0, r0, r0",1
"andeq r0, r0, r0, lsr 32",1
"andeq r1, r0, sb, ror 20",1
"ldrdeq sl, fp, [r0], -ip",1
"andeq r0, r0, r4, lsr r0",1
"andeq r0, sp, r2, lsl r0",1
"andeq r1, r0, r1, ror sl",1
"muleq r0, r4, r4",1
"andeq r0, r0, r0",1
"andeq r0, r0, r2, lsl r0",1
"andeq r1, r0, lr, lsl 21",1
"andeq ip, r1, r4, asr 7",1
"andeq r0, r0, pc, lsr 32",1
"andeq r0, pc, r1, lsl r0",1
"andeq r1, r0, r4, lsr 21",1
"ldrdeq fp, ip, [r0], -r8",1
"andeq r0, r0, r8, lsl r0",1
"andeq r0, sp, r2, lsl r0",1
"andeq r1, r0, pc, lsr 21",1
"andeq sb, r0, r0, lsr 9",1
"andeq r0, r0, r0",1
"andeq r0, r0, r2, lsl r0",1
"andeq r1, r0, sp, asr 21",1
"andeq sb, r0, ip, lsr 9",1
"andeq r0, r0, r0",1
"andeq r0, r0, r2, lsl r0",1
"andeq r1, r0, r0, ror 21",1
"andeq sl, r0, r0, asr sb",1
"andeq r0, r0, r0, ror 1",1
"andeq r0, sp, r2, lsl r0",1
"strdeq r1, r2, [r0], -r5",1
"andeq ip, r0, r4, lsl 3",1
"andeq r0, r0, r0, lsl r0",1
"andeq r0, sp, r2, lsl r0",1
"strdeq r1, r2, [r0], -sp",1
"ldrdeq sp, lr, [r0], -r8",1
"strheq r0, [r0], -r4",1
"andeq r0, sp, r2, lsl r0",1
"andeq r1, r0, r8, lsl 22",1
"ldrdeq r5, r6, [r2], -r0",1
"andeq r0, r0, r0",1
"andseq r0, r7, r1, lsl r2",1
"andeq r1, r0, r4, lsl fp",1
"ldrdeq r5, r6, [r2], -r0",1
"andeq r0, r0, r4",1
"andseq r0, r8, r1, lsr 32",1
"andeq r1, r0, sp, lsr fp",1
"andeq sl, r1, r8, lsr 19",1
"andeq r0, r0, r0",1
"andeq r0, sp, r2, lsl r2",1
"andeq r1, r0, sl, asr 22",1
"strheq sb, [r0], -r8",1
"andeq r0, r0, r0",1
"andeq r0, r0, r2, lsl r0",1
"andeq r1, r0, r4, ror 22",1
"andeq fp, r0, r0, lsr ip",1
"andeq r0, r0, r4, asr 32",1
"andeq r0, sp, r2, lsl r0",1
"andeq r1, r0, r5, ror fp",1
"andeq r0, r0, r0",1
"andeq r0, r0, r0",1
"andeq r0, r0, r0, lsr 32",1
"andeq r1, r0, pc, lsl 23",1
"andeq sl, r0, r0, asr 20",1
"andeq r0, r0, r0, lsl r0",1
"andeq r0, sp, r2, lsl r0",1
"muleq r0, sl, fp",1
"andeq ip, r0, ip, lsl 13",1
"andeq r0, r0, r4, lsl 1",1
"andeq r0, sp, r2, lsl r0",1
"strheq r1, [r0], -r5",1
"ldrdeq sl, fp, [r0], -ip",1
"andeq r0, r0, r0, lsl r0",1
"andeq r0, sp, r2, lsl r0",1
"ldrdeq r1, r2, [r0], -r0",1
"strdeq ip, sp, [r0], -ip",1
"andeq r0, r0, r4, lsr 32",1
"andeq r0, sp, r2, lsl r0",1
"ldrdeq r1, r2, [r0], -r8",1
"andeq sl, r1, r0, lsl 11",1
"andeq r0, r0, r0, ror 6",1
"andeq r0, sp, r2, lsl r0",1
"andeq r1, r0, r7, ror 23",1
"strdeq r5, r6, [r2], -r8",1
"andeq r0, r0, r4",1
"andseq r0, r8, r1, lsl r0",1
"strdeq r1, r2, [r0], -sb",1
"strdeq sl, fp, [r1], -r4",1
"andeq r0, r0, ip, lsl 1",1
"andeq r0, sp, r2, lsl r0",1
"andeq r1, r0, r6, lsl 24",1
"andeq sb, r0, r4, asr 9",1
"andeq r0, r0, r0",1
"andeq r0, r0, r2, lsl r0",1
"andeq r1, r0, sl, lsl ip",1
"ldrdeq sb, sl, [r0], -r0",1
"andeq r0, r0, r0",1
"andeq r0, r0, r2, lsl r0",1
"andeq r1, r0, sp, lsr 24",1
"andeq ip, r0, r8, lsr 3",1
"andeq r0, r0, r0, lsl 8",1
"andeq r0, sp, r2, lsl r0",1
"andeq r1, r0, sp, lsr ip",1
"ldrdeq sb, sl, [r0], -ip",1
"andeq r0, r0, r0",1
"andeq r0, r0, r2, lsl r0",1
"andeq r1, r0, lr, asr 24",1
"andeq r0, r0, r0",1
"andeq r0, r0, r0",1
"andeq r0, r0, r0, lsr 32",1
"andeq r1, r0, sp, asr ip",1
"strdeq ip, sp, [r0], -r4",1
"andeq r0, r0, r8, rrx",1
"andeq r0, sp, r2, lsl r0",1
"andeq r1, r0, ip, ror 24",1
"andeq sb, r0, ip, asr r1",1
"andeq r0, r0, r0",1
"andeq r0, fp, r2, lsl r0",1
"andeq r1, r0, r2, ror ip",1
"andeq sb, r0, r8, ror 9",1
"andeq r0, r0, r0",1
"andeq r0, r0, r2, lsl r0",1
"andeq r1, r0, r3, lsl 25",1
"andeq ip, r0, r8, ror 17",1
"andeq r0, r0, r4, lsl r0",1
"andeq r0, sp, r2, lsl r0",1
"andeq r1, r0, fp, lsl 25",1
"strheq sb, [r1], -r4",1
"muleq r0, r8, r0",1
"andeq r0, sp, r2, lsl r0",1
"andeq r1, r0, r2, lsr 25",1
"andeq ip, r0, r0, asr r7",1
"andeq r0, r0, ip, lsr 32",1
"andeq r0, sp, r2, lsl r0",1
"andeq r1, r0, fp, lsr 25",1
"strdeq sb, sl, [r0], -r4",1
"andeq r0, r0, r0",1
"andeq r0, r0, r2, lsl r0",1
svcvs 0x682f00,1
bvs 0xc32620,1
blvs 0x1cf65f8,1
"stmdbvc pc!, {r0, r2, r5, r6, sl, ip, sp, lr}",1
svcvs 0x74636f,1
"ldmdbvs r5!, {r0, r1, r2, r3, r5, sb, sp, lr} ^",1
"strtvc r6, [pc], -0x46c",1
"strvc r7, [pc, -sp, rrx]!",1
svchs 0x6b726f,1
"strbtvc r7, [sp], -r1, ror 4",1
"qasxvc r6, sp, r7",1
"cdpvs p0, 2, c7, c13, c6, 3",1
"stclhs p15, c6, [lr, -0x194]!",1
"stmdbvc fp!, {r4, r5, r6, r8, sb, sl, fp, sp, lr} ^",1
"cdpvs p12, 6, c6, c9, c13, 1",1
invalid,1
invalid,1
"strvs r6, [0x0005874a]!",1
"rsbvs r6, sb, 0x6700",1
"cdphs p15, 3, c2, c2, c3, 3",1
"eorvc r3, sp, 0xc40000",1
"strbvc r2, [r2, -0xf33]!",1
"stclhs p12, c6, [r4, -0x1a4]!",1
"stclhs p2, c7, [sp, -0x184]!",1
"stmdbvc fp!, {r4, r5, r6, r8, sb, sl, fp, sp, lr} ^",1
"cdpvs p12, 6, c6, c9, c13, 1",1
invalid,1
invalid,1
invalid,1
invalid,1
"cdpvs p9, 2, c6, c13, c2, 3",1
"cdphs p4, 6, c7, c5, c15, 3",1
"strtvs r0, [r4], -0x6f",1
svcvs 0x682f00,1
bvs 0xc326a4,1
blvs 0x1cf667c,1
"stmdbvc pc!, {r0, r2, r5, r6, sl, ip, sp, lr}",1
svcvs 0x74636f,1
"ldmdbvs r5!, {r0, r1, r2, r3, r5, sb, sp, lr} ^",1
"strtvc r6, [pc], -0x46c",1
"strvc r7, [pc, -sp, rrx]!",1
svchs 0x6b726f,1
"strbtvc r7, [sp], -r1, ror 4",1
"qasxvc r6, sp, r7",1
"cdpvs p0, 2, c7, c13, c6, 3",1
"stclhs p15, c6, [lr, -0x194]!",1
"stmdbvc fp!, {r4, r5, r6, r8, sb, sl, fp, sp, lr} ^",1
"cdpvs p12, 6, c6, c9, c13, 1",1
invalid,1
invalid,1
"strvs r6, [0x000587ce]!",1
"rsbvs r6, sb, 0x6700",1
"cdphs p15, 3, c2, c2, c3, 3",1
"eorvc r3, sp, 0xc40000",1
"strbvc r2, [r2, -0xf33]!",1
"stclhs p12, c6, [r4, -0x1a4]!",1
"stclhs p2, c7, [sp, -0x184]!",1
"stmdbvc fp!, {r4, r5, r6, r8, sb, sl, fp, sp, lr} ^",1
"cdpvs p12, 6, c6, c9, c13, 1",1
invalid,1
invalid,1
invalid,1
invalid,1
"ldrbtvc r6, [r2], -0x174",1
"strhs r6, [r0], -0xf2e",1
"cdpvs p0, 6, c0, c9, c1, 3",1
invalid,1
"cmnvc r5, 0, 30",1
"stmdbvs ip!, {r1, r4, r5, r6, r8, sb, sl, fp, sp} ^",1
invalid,1
"rsbvc r2, r1, 0x18c",1
svcvs 0x702d6d,1
"stcvs p9, c7, [sp], -0x1ac",1
"ldmdavc r5!, {r0, r3, r5, r6, sb, sl, fp, sp, lr} ^",1
"strbvc r6, [lr, -0x72d]!",1
"stmdbvs r2!, {r0, r2, r5, r6, r8, sp, lr} ^",1
"strlo r3, [lr, -pc, lsr 8]!",1
"cdphs p2, 2, c3, c15, c14, 1",1
"cdphs p15, 2, c2, c14, c14, 1",1
svchs 0x2e2e2f,1
"ldmdbvs r4!, {r0, r1, r5, r6, sb, ip, sp, lr} ^",1
"movwvs r6, 0xf2e",1
svcpl 0x6c6c61,1
blvs 0x18b2790,1
"rsbeq r6, lr, pc, asr r6",1
"rsbsvc r7, r3, 0xbc00000",1
"rsbvs r6, sb, 0x2f00",1
invalid,1
"ldclvs p1, c6, [r2, -0xbc]!",1
blvs 0x1c35280,1
"stmdbvs ip!, {r0, r3, r4, r5, r6, r8, sl, fp, sp} ^",1
"ldclhs p5, c7, [r8, -0x1b8]!",1
"ldrbvs r6, [r5, -0xe67]!",1
svchs 0x696261,1
"mrchs p14, 1, r2, c7, c4, 1",1
"mcrhs p15, 1, r2, c14, c2, 1",1
svchs 0x2e2e2f,1
invalid,1
"mcrhs p4, 3, r7, c14, c2, 3",1
"rsbvc r0, r3, 0x6f",1
"ldrbvc r7, [r4, -0x374]!",1
invalid,1
bmi 0x1830e00,1
"mrrcmi p2, 4, r5, pc, c3",1
svcpl 0x545349,1
"strbvs r0, [r4, -0x5f]!",1
"stmdbvs r7!, {r1, r4, r5, r6, r8, sl, sp, lr} ^",1
"rsbvc r7, r5, 0x73000000",1
svcpl 0x6d745f,1
"cdpvs p12, 6, c6, c15, c3, 3",1
"andvc r7, r0, 0x94000001",1
invalid,1
svcpl 0x726574,1
"cmpvs pc, 116, 26           ; 0x74",1
"strbvs r6, [lr, -0xf6c]!",1
svcpl 0x5f0073,1
"ldrbvs r6, [pc, -r4, ror 30] ; [0x59238:4]=0x74645f6c",1
invalid,1
"strbtvc r5, [r4], -0xf6c",1
svcpl 0x73726f,1
"rsbseq r7, r8, r1, ror 10",1
"rsbvc r6, sp, r3, ror 30",1
"ldrbvs r6, [r4, -0x56c]!",1
"ldrtlo r2, [sb], -0xe64",1
svcpl 0x3235,1
svcpl 0x6f645f,1
"rsbvs r6, pc, 0x6700",1
"ldrbvs r6, [pc], -0xc61     ; [0x59264:4]=0x7875615f",1
"cmnvc r2, 116, 30           ; 0x74",1
"ldmdavc r5!, {r0, r1, r2, r3, r4, r6, r8, sp, lr} ^",1
"mcrvs p6, 3, r6, c9, c15, 2",1
"rsbvc r5, r1, 0x1a4",1
svcpl 0x796172,1
"rsbsvc r6, r4, 0x650",1
"rsbvc r0, r6, 0x79",1
svcpl 0x656d61,1
"stclvs p5, c7, [sp, -0x190]!",1
svcpl 0x5f0079,1
"stclvs p2, c7, [r1, -0x198]!",1
"strbvc r5, [r4, -0xf65]!",1
svcpl 0x796d6d,1
"strbtvc r6, [sb], -0xe69",1
"rsbsvc r6, r2, 0xc0000017",1
"ldrbvs r7, [0x00058943]     ; [0x58943:4]=0xc74400",1
"ldmdbvc r2!, {r1, r2, r3, r5, r6, sl, ip, sp, lr} ^",1
"cdphs p14, 6, c6, c12, c0, 0",1
"strbvc r0, [r2, -0x63]!",1
svcpl 0x646c69,1
"ldrbvs r7, [r0, -0x974]!",1
invalid,1
"ldmdbvs r2!, {ip, sp, lr} ^",1
"mrrcvs p4, 6, r7, pc, c14",1
"cdpvs p14, 6, c6, c5, c9, 3",1
"stclvs p0, c0, [lr], -0x1bc",1
"stclvs p6, c6, [sb], -0x17c",1
svcmi 0x460065,1
"strbpl r4, [r1], -0xd52",1
invalid,1
svcmi 0x460054,1
"strbpl r4, [r1], -0xd52",1
"smlsldmi r5, sb, pc, r2",1
"cdpmi p4, 5, c5, c15, c8, 2",1
"subseq r4, sl, pc, asr 24",1
"ldclmi p15, c4, [r2, -0x118]",1
"subspl r5, pc, 0x41000000",1
"strbpl r4, [r8], -0x749",1
"subseq r4, sl, pc, asr ip",1
"strbvs r6, [lr, -ip, ror 30]!",1
"cmnvc r4, 0x6f",1
"strbmi r4, [r5], -r0, lsl 8",1
"strbpl r5, [ip], -0x541",1
"movtmi r5, 0x535f",1
"mcrmi p9, 2, r4, c15, c4, 2",1
"mcrrmi p4, 5, r4, r5, c15",1
"strbpl r4, [sb], -0xd49",1
"subseq r5, r3, r5, asr 4",1
"strbvs r6, [lr, -0x96c]!",1
"ldrbvs r6, [pc], -lr, ror 30 ; [0x5932c:4]=0x696c0074",1
invalid,1
"stmdbvs ip!, {r2, r4, r5, r6} ^",1
svcvs 0x6e656e,1
"strbtvs r7, [sb], -0x75f",1
"movwvc r6, 0x874",1
"rsbvc r7, r1, 0x65",1
"rsbvc r7, pc, 0x61000000",1
"rsbsvc r7, r4, 0x7c000001",1
"strbvs r7, [r1, -r0]!",1
"cdpvs p15, 6, c5, c9, c5, 3",1
"movwvc r7, 0x263",1
"ldmdbvs r4!, {r0, r2, r5, r6, r8, sb, sp, lr} ^",1
"ldrbvs r6, [pc], -0xe6f     ; [0x59360:4]=0x74726174",1
"movwvc r6, 0xc65",1
"ldrbtvc r6, [r2], -0x174",1
svcpl 0x676e69,1
"strbvs r6, [lr, -0x96c]!",1
"ldclvs p14, c6, [r5, -0x17c]!",1
"rsbseq r6, r2, r2, ror 10",1
"cdpvs p12, 6, c6, c1, c2, 3",1
svcvs 0x6a5f6b,1
"andvs r6, r0, 0x690",1
svcpl 0x79646f,1
"ldrbvs r7, [r0, -0x974]!",1
invalid,1
svcpl 0x726564,1
"ldrbvs r7, [r0, -0x974]!",1
invalid,1
"cdpvs p4, 5, c7, c15, c5, 3",1
"strbvs r6, [r2, -0xd75]!",1
invalid,1
"ldrbvs r6, [r4, -0xf6f]!",1
"ldmdbvc r4!, {r1, r4, r5, r6, r8, sb, sl, fp, ip, lr} ^",1
invalid,1
svcpl 0x656e69,1
"stmdavs r0, {r1, r2, r3, r5, r6, r8, sb, sl, fp, sp, lr}",1
svcpl 0x657661,1
"strbtvs r6, [r1], -0x572",1
"ldrbtvs r7, [r4], -0x35f",1
invalid,1
svcpl 0x656e69,1
"rsbeq r7, r6, r2, ror 10",1
"strbtvs r6, [r1], -0x568",1
"ldrbvs r7, [pc], -0x265     ; [0x593dc:4]=0x68006e65",1
"mrrcvs p12, 6, r6, pc, c5",1
"stmdavs r0, {r0, r2, r5, r6, sb, sl, fp, sp, lr}",1
"strbvs r6, [r4, -0x165]!",1
"strbvs r5, [r4, -0xf72]!",1
svcvs 0x62006c,1
"ldrbvs r7, [pc], -0x964     ; [0x593f4:4]=0x62006e65",1
"mrrcvs p12, 6, r6, pc, c5",1
"andvs r6, r0, 0x650",1
svcpl 0x79646f,1
"rsbeq r6, ip, r4, ror 10",1
"strbtvc r6, [pc], -0xf66",1
"ldrbvs r7, [pc], -0x265     ; [0x5940c:4]=0x66006e65",1
"mrrcvs p12, 6, r6, pc, c5",1
"strvs r6, [r0], -r5, ror 28",1
"ldrbvs r6, [r4, -0xf6f]!",1
"strbvs r5, [r4, -0xf72]!",1
"stclvs p0, c0, [r2], -0x1b0",1
svcpl 0x6b6e61,1
"strbvs r6, [lr, -0x96c]!",1
"eorslo r2, sb, 0x730",1
"andvc r3, r0, sb, lsr r4",1
"strbtvc r6, [lr], -0x972",1
svcpl 0x6f6e5f,1
"strbvs r6, [lr, -0x96c]!",1
"strbtvc r6, [sp], -0x65f",1
"rsbsvc r6, r5, 0, 6",1
"strbtvc r6, [lr], -0x572",1
invalid,1
"movwvs r7, 0x865",1
"ldrbvs r7, [r2, -0x275]!",1
"ldrbvc r7, [pc], -0x46e     ; [0x59458:4]=0x79646f62",1
"rsbeq r7, r5, sb, ror r0",1
"stmdbvc r4!, {r1, r5, r6, r8, sb, sl, fp, sp, lr} ^",1
invalid,1
"stmdavs r0, {r0, r2, r5, r6, fp, ip, sp, lr}",1
"strbvs r6, [r4, -0x165]!",1
"ldrbvs r5, [r2, -0xf72]!",1
"rsbseq r6, r8, r7, ror 10",1
"strbtvc r6, [pc], -0xf66",1
"subsvc r7, pc, 0x50000006",1
"stmdavc r5!, {r0, r2, r5, r6, r8, sb, sl, sp, lr} ^",1
invalid,1
svcpl 0x726564,1
"ldrbtvc r6, [r3], -0x166",1
"rsbseq r6, r0, sp, ror 2",1
"stmdbvc r4!, {r1, r5, r6, r8, sb, sl, fp, sp, lr} ^",1
invalid,1
"rsbvc r6, r1, r4, ror sp",1
svcvs 0x6f6600,1
svcpl 0x726574,1
"ldrbtvc r6, [r3], -0x166",1
"rsbseq r6, r0, sp, ror 2",1
"cmnvc r2, 0x1d800000",1
"cdphs p15, 6, c6, c14, c9, 3",1
"stclvs p0, c0, [r3], -0x18c",1
svcvs 0x65736f,1
invalid,1
"stclvs p6, c6, [sb], -0",1
invalid,1
"stmdbvs r0, {r0, r2, r3, r5, r6, r8, sl, sp, lr}",1
"rsbvc r6, pc, 0x670",1
"subpl r5, r5, r5, ror 30",1
"subeq r5, r5, sb, asr 32",1
"ldrbvs r6, [r3, -0x162]!",1
"strbvs r6, [sp, -0x16e]!",1
"rsbvc r6, r7, sp, lsr 24",1
"rsbeq r2, r3, ip, ror 28",1
"strbtvc r7, [sb], -0x865",1
"stclvs p1, c6, [sb], -0x198",1
"strvs r6, [r0], -lr, lsr 6",1
"ldmdbvs r6!, {r0, r5, r6, sl, sp, lr} ^",1
invalid,1
"cdpvs p12, 6, c6, c9, c0, 0",1
"ldrbtvs r6, [r5], -r5, ror 4",1
"cdphs p5, 7, c6, c2, c6, 3",1
"rsbsvc r0, r0, 0x63",1
invalid,1
invalid,1
svcvs 0x757100,1
"rsbvc r6, r1, 116, 10",1
"rsbeq r2, r3, r7, ror 28",1
"strbtvc r7, [pc], -0x571",1
svcpl 0x676e69,1
"ldmdbvs r4!, {r0, r1, r2, r3, r5, r6, ip, sp, lr} ^",1
svcpl 0x736e6f,1
"stclvs p2, c7, [0x0005939c]!",1
"ldmdbvc r4!, {r0, r1, r2, r3, r4, r6, r8, sb, ip, sp, lr} ^",1
"strvs r6, [r0, -ip, ror 10]",1
"ldrbvs r7, [r4, -0x465]!",1
"cmpvc pc, r8, ror r4",1
"ldrbvs r6, [r4, -0xf75]!",1
svcvs 0x757100,1
"rsbvc r6, r1, 116, 10",1
"strbvc r5, [r2, -0xf67]!",1
"rsbvc r6, r5, 0x6600000",1
invalid,1
"strbvs r7, [ip, -0x974]!",1
"ldrbvc r0, [r1, -0x64]!",1
invalid,1
"mrcvs p7, 2, r6, c15, c2, 3",1
"ldrbtvc r6, [r0], -0xf5f",1
invalid,1
svcvs 0x6c7300,1
invalid,1
svcvs 0x6c7300,1
invalid,1
invalid,1
"cmnvc r4, 108, 30           ; 0x6c",1
svcvs 0x6c7300,1
"strvs r3, [r0], -0x74",1
"strbvc r6, [r1, -0x665]!",1
"cmpvc pc, ip, ror 8",1
"ldmdbvs r4!, {r0, r2, r4, r5, r6, r8, sb, sl, fp, sp, lr} ^",1
svcvs 0x5f676e,1
svcvs 0x697470,1
"strvc r7, [r0], -lr, ror 6",1
"ldmdbvs r3!, {r0, r2, r5, r6, sb, ip, sp, lr} ^",1
"strvs r6, [sp, -0xe6f]!",1
invalid,1
"rsbvc r7, r5, 0, 12",1
"mcrvs p9, 3, r6, c15, c3, 3",1
"cmnvs r4, 0xb400000",1
"ldrbtvs r6, [r3], -sp, lsr 12",1
"stmdavc r0, {r1, r2, r3, r5, r8, sb, sp, lr}",1
"stclvs p1, c6, [ip], -0x1b4",1
invalid,1
"stclvs p8, c7, [r1], -0",1
"stclhs p15, c6, [r3, -0x1b0]!",1
"cdphs p9, 6, c6, c5, c4, 3",1
"cmnvc r8, 0x63",1
svcvs 0x747274,1
"stmdavc r1!, {r0, r3, r5, r6, r8, sl, fp, sp, lr} ^",1
"andvs r6, r0, 0xb8000000",1
"cmpvc pc, 0x1ac0",1
"strbvs r6, [ip, -0x163]!",1
"stclvs p2, c6, [fp, -0]!",1
"qdsubvs r7, pc, r3",1
"subsvs r6, pc, 108, 10",1
svcvs 0x705f79,1
"rsbseq r6, r2, r7, ror r5",1
"subspl r5, r0, 0x17c",1
"ldmdbpl r4, {r0, r2, r6, sl, ip, lr} ^",1
"mrcmi p6, 2, r4, c5, c15, 2",1
svcmi 0x495443,1
"cdphs p15, 5, c5, c15, c14, 2",1
"ldmdalo r3!, {r1, r2, r4, r5, r8, sl, ip, sp}",1
"ldrbtvc r7, [r3], -0x800",1
"stclvs p4, c7, [pc], -0x1c8",1
"strvs r6, [r0], -lr, lsr 6",1
invalid,1
"rsbeq r2, r3, r5, ror 28",1
"strbvc r6, [ip, -0x666]!",1
invalid,1
"ldrbvs r6, [r3, -0x600]!",1
"vnmulhs.f64 d22, d15, d21",1
"ldrbvs r0, [r2, -0x63]!",1
"cdphs p5, 7, c6, c8, c7, 3",1
"stmdbvs r2!, {r0, r1, r5, r6} ^",1
"strbtvc r7, [r5], -0x374",1
"strbtvc r7, [r5], -0x35f",1
"strbtvc r6, [sb], -0x200",1
svcpl 0x746573,1
invalid,1
"stmdbvs r2!, {r1, r4, r5, r6} ^",1
"strbtvc r7, [r5], -0x374",1
"mcrvs p3, 3, r6, c15, c15, 2",1
"mcrvs p1, 3, r6, c9, c4, 3",1
"strbtvc r6, [sb], -0x200",1
svcpl 0x746573,1
"rsbseq r6, r4, lr, ror 30",1
"cmnvc r4, 0x188000",1
"ldclvs p4, c7, [0x000594f8]",1
"strbvs r7, [r7, -0x265]!",1
"strbtvc r6, [sb], -0x200",1
svcpl 0x746573,1
blvs 0x1d31c50,1
svcpl 0x657200,1
"ldmdbvs r2!, {r0, r1, r4, r5, r6, sl, ip, sp, lr} ^",1
"cmpvs pc, 0x1b80000",1
svcpl 0x726168,1
"ldrbvs r6, [sl, -0x973]!",1
"rsbseq r6, r4, pc, asr r1",1
"cmpvc pc, 0x1c800000",1
"mcrvs p2, 3, r7, c9, c4, 3",1
"cmnvs r7, 0x19c",1
svcpl 0x726168,1
"andvc r7, r0, 0x61000000",1
"ldrbtvc r5, [r3], -0xf65",1
invalid,1
"mcrvs p3, 3, r6, c15, c15, 2",1
"ldrbvc r7, [r2, -0x473]!",1
"cmpvs pc, 0x63000000",1
svcvs 0x6d6d6f,1
"ldrbvs r0, [r2, -0x6e]!",1
"rsbsvc r7, r4, 0x7c000001",1
svcpl 0x676e69,1
"mcrvs p2, 3, r7, c1, c4, 3",1
"strbtvc r6, [r1], -0xc73",1
"strbvc r5, [r2, -0xf65]!",1
"rsbvc r6, r5, 0x6600000",1
svcpl 0x657200,1
"strbvs r6, [r4, -0xf6e]!",1
"strbtvc r7, [r5], -0x35f",1
"stclvs p3, c6, [0x00059590]!",1
"ldrbvs r6, [r2, -0x170]!",1
svcpl 0x657200,1
"strbvs r6, [r4, -0xf6e]!",1
"strbtvc r7, [r5], -0x35f",1
"mcrvs p3, 3, r6, c15, c15, 2",1
"mcrvs p1, 3, r6, c9, c4, 3",1
"ldrbvs r0, [r2, -0x73]!",1
"strbtvs r6, [pc], -0xe5f",1
"ldrbvs r5, [r3, -0xf65]!",1
"ldrbvs r5, [r2, -0xf74]!",1
"ldrbvs r6, [r6, -0xf6d]!",1
"rsbseq r6, r4, pc, asr r1",1
invalid,1
"cmnvs r4, pc, asr r3",1
"ldmdavs pc, {r2, r4, r5, r6, r8, sl, sp, lr} ^",1
"rsbeq r7, r8, r1, ror 6",1
"ldmdbvs r4!, {r0, r1, r2, r3, r5, r6, ip, sp, lr} ^",1
"ldrbvs r6, [sl, -0x96d]!",1
"rsbsvs r7, r5, 0x7c000001",1
"cmnvc r0, 0x650000",1
"stclvs p3, c6, [r1], -0",1
"strbvs r5, [lr, -0xf63]!",1
"andvc r7, r0, r8, ror r4",1
svcpl 0x6b6565,1
"strbvs r6, [fp, -0xf74]!",1
"rsbvc r5, r2, 0x1b8",1
"strbvs r6, [fp, -0x361]!",1
invalid,1
svcvs 0x5f6b72,1
"cmpvc pc, 112, 8            ; 0x70",1
"stmdavc r5!, {r0, r2, r4, r5, r6, sb, sp, lr} ^",1
"stmdavs r3!, {r4, r5, r6} ^",1
svcpl 0x6b6365,1
svcpl 0x747364,1
"stmdbvs sp!, {r2, r3, r5, r6, r8, fp, sp, lr} ^",1
"cmpvs pc, 116, 6            ; 0x74",1
svcpl 0x636c61,1
svcpl 0x736f70,1
"stmdavs r3!, {r0, r4, r5} ^",1
svcpl 0x6b6365,1
svcpl 0x747364,1
"stmdbvs sp!, {r2, r3, r5, r6, r8, fp, sp, lr} ^",1
"cmpvs pc, 116, 6            ; 0x74",1
svcpl 0x636c61,1
"rsbseq r6, r3, r0, ror pc",1
"strbtvs r6, [lr], -0x966",1
"rsbsvs r7, r5, 0x7c000001",1
svcpl 0x707865,1
"strbvs r6, [r4, -0xf6e]!",1
invalid,1
svcpl 0x686372,1
svcpl 0x727563,1
"ldrbvs r6, [r2, -0xb62]!",1
"cdpvs p15, 6, c5, c5, c6, 3",1
"rsbseq r7, sb, r4, ror r2",1
invalid,1
invalid,1
"stmdbvs ip!, {r2, r4, r5, r6, r8, sb, sl, fp, ip, lr} ^",1
"cmnvc r4, 0x1b4000",1
"rsbvc r7, r1, 0",1
"subsvs r6, pc, 0x1cc00000",1
blvs 0x1931dcc,1
"ldrbvs r7, [0x000593a3]     ; [0x593a3:4]=0x746f6f66",1
"strbvs r6, [sp, -0x56c]!",1
"andvc r7, r0, lr, ror 8",1
svcvs 0x74736f,1
"rsbvc r6, r5, 0x72000000",1
"ldrbvs r7, [r2, -0]!",1
"strbvs r7, [r4, -0x26f]!",1
"ldrbvs r0, [r2, -0x72]!",1
"strbtvs r6, [pc], -0xe5f",1
"ldrbvs r5, [r3, -0xf65]!",1
"stclvs p15, c5, [r1], -0x1d0",1
"rsbeq r6, r3, ip, ror 30",1
"mrcvs p5, 2, r6, c15, c2, 3",1
svcpl 0x65646f,1
svcpl 0x746573,1
"strbtvc r6, [sb], -0xe69",1
"movwvs r3, 0x15f",1
"strbtvc r6, [r1], -0x572",1
svcvs 0x745f65,1
svcpl 0x6e656b,1
"strbvs r7, [r5, -0x274]!",1
"rsbsvc r6, r5, r0, lsl 8",1
invalid,1
"ldrbvc r6, [pc], -0x574     ; [0x59864:4]=0x61657263",1
"rsbeq r6, r5, r2, ror r5",1
invalid,1
"ldrbvc r6, [pc], -0x574     ; [0x59870:4]=0x65776f6c",1
"rsbeq r6, r5, r2, ror r5",1
"ldrbvs r6, [r7, -0xf6c]!",1
"ldrbvc r5, [r3, -0xf72]!",1
"rsbsvc r6, r8, r2, ror 10",1
"strbvc r6, [pc, -r0, lsl 24]!",1
"cmpvc pc, 0x50000006",1
"stmdavc r5!, {r0, r2, r4, r5, r6, sb, sp, lr} ^",1
invalid,1
svcpl 0x656572,1
"strbtvc r7, [r1], -0x473",1
invalid,1
svcpl 0x686374,1
svcpl 0x787463,1
invalid,1
"rsbvc r0, r6, 0x6e",1
"ldrbvs r6, [pc], -r5, ror 10 ; [0x598b0:4]=0x63617473",1
svcpl 0x6c6961,1
invalid,1
"ldrbvs r5, [r2, -0xf6b]!",1
"mrcvs p5, 3, r7, c2, c4, 3",1
svcpl 0x657200,1
"ldmdbvs r2!, {r0, r1, r4, r5, r6, sl, ip, sp, lr} ^",1
"ldrbvs r6, [pc], -0x76e     ; [0x598cc:4]=0x746375",1
"rsbsvc r7, r4, 0x94000001",1
"rsbseq r6, r4, r5, ror r3",1
"strbvs r7, [r5, -0x266]!",1
"qdsubvs r6, pc, r8",1
"strbtvc r7, [r5], -0x372",1
"ldrbvs r6, [r2, -0x600]!",1
svcvs 0x745f65,1
"rsbeq r6, lr, fp, ror 10",1
"strbvs r7, [r5, -0x266]!",1
"ldrbvs r7, [r2, -0x45f]!",1
"rsbvc r0, r6, 0x65",1
"ldrbvs r6, [pc], -0x565     ; [0x598fc:4]=0x65746e6f",1
"cmpvs pc, 0x80000019",1
"ldrbvs r6, [r4, -0xe6f]!",1
"strvs r7, [r0], -lr, ror 8",1
svcpl 0x656572,1
blvs 0x1cf56ec,1
invalid,1
"stclvs p3, c6, [0x0005979c]!",1
"strbvs r6, [ip, -0x970]!",1
"strbtvc r6, [sb], -0x200",1
svcpl 0x746573,1
"ldmdbvc r0!, {r0, r1, r5, r6, r8, sb, sl, fp, sp, lr} ^",1
"rsbvc r7, pc, r0",1
"stmdbvs r1!, {r0, r1, r2, r3, r4, r6, sb, sl, sp, lr} ^",1
"ldrbtvc r5, [r3], -0xf6c",1
"rsbeq r6, fp, r1, ror 6",1
blvs 0x1bf3eec,1
"qdsubvs r6, pc, r6",1
"strbtvs r6, [pc], -0xe5f",1
"andvc r7, r0, 0x94000001",1
"ldrbtvc r5, [r3], -0xf65",1
invalid,1
"qdsubvs r7, pc, r5",1
invalid,1
"uhsaxvs r6, r5, pc",1
"cmnvc r2, 0x19800000",1
svcpl 0x657200,1
"strbvs r6, [r4, -0xf6e]!",1
"strbtvc r7, [r5], -0x35f",1
invalid,1
svcpl 0x747265,1
"ldrbtvc r6, [r3], -0x16c",1
"strbvs r7, [r5, -r0, lsl 4]!",1
"ldrbvs r7, [r4, -0x369]!",1
"ldrbtvc r5, [r3], -0xf72",1
"rsbeq r7, r5, r1, ror 8",1
"mrcvs p5, 2, r6, c15, c2, 3",1
svcpl 0x65646f,1
svcpl 0x746573,1
"ldrbvs r6, [r2, -sp, ror 10]!",1
"ldrbvs r0, [r2, -0x65]!",1
"strbtvs r6, [pc], -0xe5f",1
"ldrbvs r5, [r3, -0xf65]!",1
"mcrvs p15, 3, r5, c9, c4, 3",1
"ldrbtvc r6, [r2], -0x573",1
"strbvs r6, [r8, -0x300]!",1
"cmpvs pc, r3, ror 22",1
"uqsub16vc r7, sb, r2",1
"ldrbvs r6, [0x00058d5b]     ; [0x58d5b:4]=0xd001200",1
"mcrvs p0, 3, r7, c1, c8, 3",1
invalid,1
"ldrbvc r5, [r3, -0xf6c]!",1
"stmdavs r3!, {r1, r5, r6} ^",1
svcpl 0x6b6365,1
"ldmdbvs r2!, {r0, r5, r6, sb, ip, sp, lr} ^",1
svcpl 0x6c6176,1
"cmnvs r0, r5, ror 16",1
"ldrbvs r6, [0x00059572]     ; [0x59572:4]=0x76746f6c",1
"andvc r6, r0, 0x6300",1
svcvs 0x6e5f65,1
"cmpvc pc, 100, 10           ; 0x64",1
"cmpvs pc, r5, ror 8",1
"ldmdbvs pc, {r2, r5, r6, sl, sp, lr} ^",1
"rsbvc r7, r5, 0x6e000000",1
"strbtvc r6, [r3], -0x573",1
"ldmdbvs r5!, {sb, sp, lr} ^",1
"ldrbvc r6, [pc, -ip, ror 8] ; [0x59a04:4]=0x65666675",1
"subsvs r7, pc, 0x8c000001",1
"strbvs r6, [r6, -0x675]!",1
"ldrbvs r0, [r2, -0x72]!",1
"rsbsvc r7, r4, 0x7c000001",1
svcpl 0x676e69,1
"strbtvc r6, [lr], -0xf63",1
svcpl 0x747865,1
"movwvs r7, 0x461",1
blvs 0x1932fc8,1
"strbtvs r6, [pc], -0xe5f",1
invalid,1
"ldrbtvc r6, [r0], -0x563",1
"strbvs r6, [r8, -0x300]!",1
"ldmdavs pc, {r0, r1, r5, r6, r8, sb, fp, sp, lr} ^",1
svcpl 0x746c61,1
"strbtvc r7, [r1], -0x473",1
svcvs 0x635f65,1
"stmdavc r5!, {r1, r2, r3, r5, r6, sl, ip, sp, lr} ^",1
"stmdbvs r2!, {r2, r4, r5, r6} ^",1
"strbtvc r7, [r5], -0x374",1
"rsbvc r6, sp, pc, asr r5",1
"movwvc r7, 0x974",1
svcpl 0x746669,1
svcpl 0x787463,1
"strbtvc r6, [sb], -0xe69",1
svcpl 0x657200,1
"strbvs r6, [r4, -0xf6e]!",1
"strbtvc r7, [r5], -0x35f",1
"stmdbvs lr!, {r0, r1, r2, r3, r4, r6, r8, fp, sp, lr} ^",1
svcvs 0x635f74,1
"andvc r7, r0, 112, 18",1
svcvs 0x6e5f65,1
"cmpvc pc, 100, 10           ; 0x64",1
"ldmdbvs pc, {r0, r2, r5, r6, sl, ip, sp, lr} ^",1
svcpl 0x74696e,1
svcvs 0x696e75,1
"ldrbvs r0, [r2, -0x6e]!",1
"qdsubvs r6, pc, r6",1
"strbtvs r6, [r4], -0x15f",1
"strbtvs r6, [pc], -0xe5f",1
"strbvc r0, [r4, -0x65]!",1
invalid,1
svcpl 0x657461,1
"strbvs r6, [r4, -0xf6e]!",1
"rsbsvc r6, r5, r0, lsl 8",1
invalid,1
"mrcvs p5, 2, r6, c15, c4, 3",1
svcpl 0x65646f,1
invalid,1
"rsbeq r7, r5, r5, ror r2",1
invalid,1
"stclvs p5, c6, [r3], -0x17c",1
"rsbsvc r7, r5, 0xbc000001",1
"strbtvc r5, [sb], -0xf65",1
"movwvs r7, 0x265",1
svcpl 0x636c61,1
"cmnvc r2, 0x198000",1
"strbvc r0, [r2, -0x74]!",1
svcpl 0x646c69,1
svcpl 0x736377,1
"ldrbvs r7, [r0, -0x75]!",1
"strbvc r5, [r2, -0xf72]!",1
"rsbvc r6, r5, 0x6600000",1
"ldmdbvs r5!, {sb, sp, lr} ^",1
"ldrbvc r6, [0x0005969c]     ; [0x5969c:4]=0x69727473",1
"rsbvc r7, r5, 0x70",1
"uhsaxvs r6, r5, pc",1
"rsbseq r6, r2, r6, ror 10",1
"ldrbvs r7, [r4, -0x865]!",1
"subsvs r6, pc, 0x6e000000",1
"strbvs r6, [r6, -0x675]!",1
"movwvs r7, 0x372",1
"cdpvs p5, 6, c6, c1, c12, 3",1
"cmnvs r4, pc, asr r3",1
"mrrcvs p5, 7, r6, pc, c4",1
"ldmdbvs pc, {r0, r1, r2, r3, r5, r6, r8, sb, sl, sp, lr} ^",1
"strbvs r5, [lr, -0xf66]!",1
"strbtvs r6, [r5], -0x465",1
"strbvs r7, [r5, -0]!",1
svcvs 0x745f6b,1
"rsbeq r6, lr, fp, ror 10",1
"cmnvs r4, 0x19800000",1
svcvs 0x745f68,1
"rsbeq r6, lr, fp, ror 10",1
"cmnvs r4, 0x19800000",1
"strbvc r5, [lr, -0xf68]!",1
"rsbvc r6, r5, 0xd0000006",1
svcpl 0x657200,1
"ldrbvc r6, [r1, -0x361]!",1
svcpl 0x657269,1
"strbtvc r7, [r1], -0x473",1
svcvs 0x635f65,1
"stmdavc r5!, {r1, r2, r3, r5, r6, sl, ip, sp, lr} ^",1
"stmdavs r3!, {r2, r4, r5, r6} ^",1
svcpl 0x6b6365,1
"strbvs r7, [r2, -0x573]!",1
"ldclvs p0, c7, [0x000599a8]",1
"stmdavs r3!, {r0, r5, r6, sl, ip, sp, lr} ^",1
svcpl 0x676e69,1
"rsbseq r6, r0, r4, ror pc",1
"cmpvs pc, r2, ror r5",1
"ldmdbvs r5!, {r0, r1, r5, r6, r8, ip, sp, lr} ^",1
"cmpvc pc, 0x1c800000",1
"ldrbvs r6, [r4, -0x174]!",1
"rsbsvc r6, r8, r0, lsl 10",1
svcpl 0x646e61,1
"ldrbvs r6, [r2, -0xb62]!",1
invalid,1
"rsbeq r6, r5, r3, ror 16",1
"ldrbvs r6, [r2, -sp, ror 10]!",1
"ldrbtvc r5, [r3], -0xf65",1
svcpl 0x657461,1
"cmnvs r2, r1, ror 4",1
"stmdavs r3!, {r0, r3, r4, r5, r6} ^",1
svcpl 0x6b6365,1
"strbvs r6, [r4, -0xf6e]!",1
invalid,1
svcpl 0x747065,1
"ldrbvs r7, [r4, -0x962]!",1
"strbvc r0, [r2, -0x73]!",1
svcpl 0x646c69,1
"rsbvc r6, r1, 0x630000",1
invalid,1
"strbvc r0, [r2, -0x73]!",1
svcpl 0x646c69,1
"rsbvc r6, r1, 0x630000",1
invalid,1
"rsbvc r5, pc, r3, ror pc",1
"rsbvc r7, r1, 0",1
"ldrbvs r6, [0x00059699]     ; [0x59699:4]=0x735f6572",1
"ldrbvs r7, [r2, -0x78]!",1
svcvs 0x697373,1
"cmnvs r0, lr, rrx",1
svcpl 0x657372,1
svcpl 0x676572,1
"rsbseq r7, r0, r5, ror 16",1
"cmnvc r2, 112, 2            ; 0x70",1
"rsbvc r5, r2, 0x194",1
"stmdavs r3!, {r0, r5, r6, sb, sl, fp, sp, lr} ^",1
svcpl 0x657200,1
"rsbvc r6, sp, r3, ror 30",1
svcpl 0x656c69,1
"ldrbvs r6, [r4, -0xe69]!",1
"stclvs p14, c6, [r1], -0x1c8",1
"ldmdbvs r5!, {sb, sp, lr} ^",1
"ldrbvc r6, [pc], -0x46c     ; [0x59c4c:4]=0x7300656c",1
"rsbvs r7, r1, 0x72000000",1
"movwvc r6, 0x56c",1
"ldrbvs r6, [0x000599e3]     ; [0x599e3:4]=0x5f65646f",1
"stclvs p3, c7, [sb], -0x1c0",1
"cmpvc pc, 0x6f0",1
"mrcvs p3, 2, r6, c15, c2, 3",1
invalid,1
"ldrbtvs r7, [r0], -0x500",1
svcpl 0x657461,1
svcpl 0x727563,1
"strbtvc r6, [r6], -0x973",1
"cmpvc pc, 0x65000000",1
"ldrbvs r6, [r4, -0x174]!",1
"strbtvs r7, [sb], -r0, lsl 6",1
"ldrbtvc r5, [r3], -0xf74",1
invalid,1
invalid,1
"rsbvc r7, r1, 0x1ac0000",1
"ldrbvs r0, [r2, -0x64]!",1
"rsbsvc r7, r4, 0x7c000001",1
svcpl 0x676e69,1
svcvs 0x636572,1
"rsbsvc r7, r4, 0xb8000001",1
"rsbseq r6, r4, r5, ror r3",1
invalid,1
"rsbvc r5, r1, 0x1ac",1
"cmnvs r6, r2, ror sb",1
"strbvs r0, [r7, -0x6c]!",1
"ldrbvc r5, [r3, -0xf74]!",1
"rsbsvc r6, r8, r2, ror 10",1
"rsbsvs r7, r5, 0x7c000001",1
"cmnvs r2, r0, lsl 8",1
"strbtvc r7, [sb], -0x36e",1
"cmnvs r4, pc, asr r3",1
"subsvs r6, pc, 116, 10",1
"strbtvs r7, [r5], -fp, ror 4",1
"rsbvc r6, r5, 0, 26",1
"cmpvc pc, 0x19c00000",1
"ldrbvs r6, [r4, -0x174]!",1
"strbtvc r7, [sb], -0x75f",1
svcvs 0x6c5f68,1
"ldrbvs r0, [r3, -0x67]!",1
"ldrbvs r5, [r2, -0xf74]!",1
"andvc r7, r0, 0x9c000001",1
"ldrbvs r5, [r3, -0xf65]!",1
"stmdavs r3!, {r0, r5, r6, sb, ip, sp, lr} ^",1
"strbtvc r6, [lr], -0x95f",1
invalid,1
"ldrbvs r0, [r2, -0x6c]!",1
"stclvs p3, c6, [0x00059b98]!",1
"strbvs r6, [ip, -0x970]!",1
invalid,1
"rsbvc r6, r1, r4, ror sp",1
"ldrbvs r6, [r4, -0x95f]!",1
"ldrbvs r0, [r2, -0x72]!",1
"qdsubvs r7, pc, r5",1
svcpl 0x686372,1
"rsbsvs r7, r5, 0x73000000",1
svcpl 0x657200,1
"rsbvc r6, r1, 0x1cc00000",1
"subslo r6, pc, 0x630000",1
"ldrbvc r7, [r4, -0x35f]!",1
"ldrbtvc r0, [r5], -0x62",1
"cmpvc pc, 0x660000",1
invalid,1
svcpl 0x5f0070,1
"strbpl r5, [r5], -0x250",1
"usaxmi r5, pc, r4",1
"strbpl r4, [r3], -0xe55",1
svcpl 0x4e4f49,1
"eorslo r2, r1, pc, asr lr",1
"eorseq r3, r0, sb, lsr r0",1
"subspl r5, r0, 0x17c",1
"ldmdbpl r4, {r0, r2, r6, sl, ip, lr} ^",1
"mrcmi p6, 2, r4, c5, c15, 2",1
svcmi 0x495443,1
"cdphs p15, 5, c5, c15, c14, 2",1
"eorslo r3, r2, 0xe40000",1
"subspl r5, pc, r0, lsl 30",1
"ldrbpl r4, [r4], -0x552",1
"strbpl r5, [r6, -0xf59]",1
"ldmdbmi r4, {r1, r2, r3, r6, r8, sb, lr} ^",1
svcpl 0x5f4e4f,1
"eorslo r3, r0, lr, lsr 2",1
svcpl 0x3136,1
"ldrbmi r5, [r2, -0x5f]",1
svcpl 0x595454,1
"movtmi r5, 0xe546",1
"mcrmi p9, 2, r4, c15, c4, 2",1
"qsublo r5, pc, lr",1
"eorslo r3, r3, 48, 16",1
"subsvc r5, pc, 0, 30",1
"rsbvc r5, r5, 0x194",1
svcpl 0x726f72,1
"stmdbvs r7!, {r0, r2, r3, r5, r6, r8, sb, ip, sp, lr} ^",1
svcpl 0x5f0064,1
"ldrbvs r6, [0x0005985e]     ; [0x5985e:4]=0x6572745f",1
"rsbvc r7, pc, 0x20000007",1
invalid,1
"ldmdbvs pc, {r0, r3, r5, r6, sl, sp, lr} ^",1
svcpl 0x7864,1
"ldrbmi r5, [r2, -0x5f]",1
svcpl 0x595454,1
"movtmi r5, 0xe546",1
"mcrmi p9, 2, r4, c15, c4, 2",1
"qsublo r5, pc, lr",1
"ldmdblo r1!, {r4, r5, r8, sb, sl, ip, sp}",1
"subspl r5, pc, r0, lsl 30",1
"ldrbpl r4, [r4], -0x552",1
"strbpl r5, [r6, -0xf59]",1
"ldmdbmi r4, {r1, r2, r3, r6, r8, sb, lr} ^",1
svcpl 0x5f4e4f,1
"ldrlo r3, [r0, -lr, lsr 2]!",1
"movwvs r3, 0x730",1
"ldrbvs r6, [r3, -0xf6c]!",1
"rsbsvc r7, r4, 0xb4000000",1
"cdphs p1, 6, c6, c13, c5, 3",1
svcvs 0x6c0063,1
invalid,1
"cmnvc r2, 104, 2            ; 0x68",1
invalid,1
invalid,1
"strbtvc r7, [r5], -0x372",1
"stmdbvs ip!, {r0, r1, r2, r3, r4, r6, r8, sp, lr} ^",1
invalid,1
"ldrbtvs r5, [r5], -0xf00",1
"ldmdbvs r3!, {r0, r3, r5, r6, sb, sl, ip, sp, lr} ^",1
"rsbeq r2, pc, r3, lsr lr",1
"stmdbvs r4!, {r1, r2, r3, r5, r8, sl, ip, sp, lr} ^",1
invalid,1
"stmdbvs fp!, {r0, r1, r2, r3, r4, r6, r8, sb, ip, sp, lr} ^",1
"stmdbvs r4!, {r4, r5, r6, r8, sb, sl, fp, ip, lr} ^",1
"ldrbvc r3, [pc], -0x76      ; [0x59e60:4]=0x7669645f",1
"rsbseq r7, r4, r5, ror 6",1
"uqsaxvc r6, sb, pc",1
"mrchs p9, 1, r6, c3, c3, 3",1
"strtvs r0, [lr], -0x6f",1
"ldmdbvs r3!, {r0, r3, r5, r6, sb, sl, ip, sp, lr} ^",1
blvs 0x1d31b44,1
"ldrbvs r7, [pc], -0x69      ; [0x59e7c:4]=0x74736574",1
svcpl 0x307669,1
"ldrbtvc r6, [r3], -0x574",1
"strbvs r5, [r1, -0xf00]!",1
svcpl 0x696261,1
"strbtvc r6, [sb], -ip, ror 8",1
"cdphs p15, 6, c6, c4, c13, 3",1
"ldrbvs r0, [pc], -0x6f      ; [0x59e98:4]=0x2e786e6c",1
svcpl 0x646d76,1
"cdphs p14, 7, c6, c8, c12, 3",1
"rsbvc r0, r2, pc, rrx",1
"cdphs p2, 6, c6, c9, c1, 3",1
"stmdbvs ip!, {r0, r1, r5, r6} ^",1
invalid,1
"rsbeq r2, r3, r2, lsr lr",1
"stclhs p12, c6, [r6, -0x194]!",1
"strbtvc r6, [sb], -0xe69",1
invalid,1
"ldmdbvs r8!, {r2, r4, r5, r6, r8, sl, sp, lr} ^",1
"rsbeq r2, r3, r4, ror lr",1
"subpl r5, r6, 0x17c",1
svcpl 0x454d41,1
svcpl 0x444e45,1
svcpl 0x5f005f,1
svcpl 0x52434a,1
svcpl 0x444e45,1
svcpl 0x5f005f,1
"strbtvc r6, [sb], -0xe69",1
"rsbsvc r6, r2, 0xc0000017",1
"ldrbvs r7, [0x0005958f]     ; [0x5958f:4]=0x61666564",1
svcpl 0x646e,1
svcvs 0x73645f,1
"mcrvs p8, 3, r6, c1, c15, 2",1
"rsbeq r6, r5, r4, ror 24",1
"mrcmi p4, 2, r4, c9, c15, 2",1
"movtmi r4, 0x9d41",1
"ldmdbvs pc, {r8, sb, sl, fp, ip, lr} ^",1
svcpl 0x74696e,1
"cmnvs r2, r1, ror 4",1
"ldrbtvc r5, [r3], -0xf79",1
"rsbseq r7, r4, r1, ror 4",1
svcmi 0x4c475f,1
svcpl 0x4c4142,1
"movtpl r4, 0x664f",1
"ldrbpl r5, [pc], -0x445     ; [0x59f2c:4]=0x7470005f",1
"strbmi r4, [ip, -0x241]",1
"ldrbtvc r0, [r0], -0x5f",1
invalid,1
"strbvc r5, [sp, -0xf64]!",1
svcpl 0x786574,1
svcvs 0x6c6e75,1
"submi r6, r0, r3, ror 22",1
"submi r4, sb, 0x4700",1
"cdphs p15, 3, c5, c2, c3, 2",1
"ldrbvc r0, [r1, -0x34]!",1
invalid,1
"mrcvs p7, 2, r6, c15, c2, 3",1
"stclvs p13, c6, [r5, -0x17c]!",1
"cmpvs pc, r0, lsl 30",1
"stmdbvs r2!, {r0, r2, r5, r6, r8, sp, lr} ^",1
invalid,1
svcpl 0x646e69,1
svcpl 0x707063,1
"eorsmi r7, r0, r0, ror r2",1
"movtmi r4, 0x3740",1
"strlo r3, [lr, -0x35f]!",1
invalid,1
"strbvs r5, [ip, -0xf65]!",1
svcpl 0x5f006e,1
invalid,1
"ldrbvc r6, [r3, -0x35f]!",1
"mcrvs p6, 3, r6, c9, c15, 2",1
"strbtvs r0, [r6], -0x69",1
"cdpvs p0, 6, c7, c5, c15, 3",1
"mcrrmi p0, 4, r4, r7, c0",1
svcpl 0x434249,1
"eorseq r2, r4, r2, lsr lr",1
"strbtvc r7, [pc], -0x571",1
"ldrbvs r6, [r2, -r5, ror 2]!",1
"qdsubvs r6, pc, r8",1
invalid,1
invalid,1
"mcrrmi p0, 4, r4, r7, c0",1
svcpl 0x434249,1
"eorseq r2, r4, r2, lsr lr",1
"ldrbtvc r7, [r5], -0x66",1
"mrcvs p15, 3, r5, c5, c3, 3",1
blvs 0x1935d88,1
"submi r6, r0, r5, ror 8",1
"submi r4, sb, 0x4700",1
"cdphs p15, 3, c5, c2, c3, 2",1
"cmnvs r7, 0x34",1
"ldrbvs r7, [r0, -0x974]!",1
"mcrrmi p0, 4, r4, r7, c0",1
svcpl 0x434249,1
"eorseq r2, r4, r2, lsr lr",1
invalid,1
"strbmi r4, [r0, -r5, rrx]",1
"movtmi r4, 0x294c",1
"strtlo r3, [lr], -0x25f",1
"subsvc r5, pc, r0, lsl 30",1
"mcrvs p15, 3, r6, c7, c2, 3",1
"rsbmi r6, r5, r1, ror 26",1
"stmdbmi ip, {r6, r8, sb, sl, lr} ^",1
"subslo r4, pc, 0x8000001",1
"strvc r3, [r0, -lr, lsr 8]",1
svcvs 0x747263,1
"submi r6, r0, sp, ror 4",1
"submi r4, sb, 0x4700",1
"cdphs p15, 3, c5, c2, c3, 2",1
"rsbsvc r0, r2, r4, lsr r0",1
"ldrbvs r5, [r2, -0xf6c]!",1
"strbtvc r7, [r5], -0x35f",1
invalid,1
"ldrbvs r7, [r4, -0x369]!",1
invalid,1
"ldmdbvs r3!, {r0, r2, r5, r6, sb, ip, sp, lr} ^",1
"ldrbvs r6, [0x000591e1]     ; [0x591e1:4]=0x2e2f2e2e",1
"andvc r6, r0, 116, 6",1
"subsvc r6, pc, 112, 24",1
invalid,1
svcpl 0x686374,1
svcpl 0x5f0032,1
"rsbvs r6, r1, 0x18400000",1
"ldmdbvs r5!, {r0, r3, r5, r6, r8, sb, sl, fp, ip, lr} ^",1
"rsbseq r6, r6, r4, ror 18",1
"cmnvs r7, 0xa4000001",1
"ldrbvs r7, [r0, -0x974]!",1
"mcrrmi p0, 4, r4, r7, c0",1
svcpl 0x434249,1
"eorseq r2, r4, r2, lsr lr",1
"ldclvs p3, c7, [r7], -0x1a4",1
"rsbvc r7, r5, 0x1bc0000",1
"mcrrmi p0, 4, r4, r7, c0",1
svcpl 0x434249,1
"eorseq r2, r4, r2, lsr lr",1
"strbtvc r7, [pc], -0x571",1
"ldrbvc r5, [r1, -0xf65]!",1
"cdpvs p4, 6, c7, c9, c15, 3",1
"rsbvc r5, pc, r7, ror 30",1
"mcrvs p9, 3, r6, c15, c4, 3",1
svcpl 0x5f0073,1
svcpl 0x756e67,1
"stmdbvs r4!, {r0, r2, r4, r5, r6, sl, fp, sp, lr} ^",1
"strbtvs r6, [pc], -0xd76",1
"stclvs p8, c6, [r5], -0x17c",1
"rsbseq r6, r2, r0, ror r5",1
"cmnvs r2, 0x73000000",1
"submi r7, r0, sp, rrx",1
"submi r4, sb, 0x4700",1
"cdphs p15, 3, c5, c2, c3, 2",1
"ldrbtvc r0, [r3], -0x34",1
"stclvs p4, c7, [pc], -0x1c8",1
"mcrrmi p0, 4, r4, r7, c0",1
svcpl 0x434249,1
"eorseq r2, r4, r2, lsr lr",1
"strbtvc r7, [pc], -0x571",1
"ldrbvs r6, [r2, -r5, ror 2]!",1
"stclvs p1, c6, [ip], -0x17c",1
"ldclvs p3, c6, [0x00059f3c]",1
svcpl 0x6d65,1
svcpl 0x4d5449,1
"ldrbvs r6, [r2, -0x564]!",1
"ldrbtvc r6, [r3], -0x967",1
"ldclmi p2, c7, [r4, -0x194]",1
"cdpvs p12, 6, c6, c15, c3, 2",1
"rsbvs r5, r1, 0x65000000",1
"strvs r6, [r0], -0x56c",1
svcpl 0x617461,1
"rsbvc r7, r1, 0x73000000",1
svcpl 0x5f0074,1
"rsbvs r6, r1, 0x18400000",1
"strbtvs r5, [ip], -0xf69",1
svcvs 0x6d7669,1
svcvs 0x700064,1
svcpl 0x786973,1
"strbtvc r6, [r4], -r6, ror 2",1
"strbtlo r7, [r5], -sb, ror 6",1
"smlaldxmi r4, r0, r4, r0",1
"movtmi r4, 0x294c",1
"strtlo r3, [lr], -0x25f",1
"strbtvc r7, [r5], -0x300",1
svcvs 0x75715f,1
invalid,1
"qdsubvs r6, pc, ip",1
svcpl 0x7367,1
"cmnvc r3, 0xf0000005",1
"cmnvs r4, pc, asr r3",1
svcpl 0x5f7472,1
svcvs 0x757100,1
"rsbvc r6, r1, 116, 10",1
svcpl 0x6e5f67,1
"ldclvs p4, c7, [sb], -0x1cc",1
"ldrbtvc r0, [r0], -0x65",1
invalid,1
"strbvc r5, [sp, -0xf64]!",1
svcpl 0x786574,1
"ldrbtvc r6, [r3], -0x564",1
"rsbsmi r6, sb, r2, ror pc",1
"stmdbmi ip, {r6, r8, sb, sl, lr} ^",1
"subslo r4, pc, 0x8000001",1
invalid,1
"ldrbvs r6, [r4, -0xf75]!",1
svcpl 0x677261,1
"strbtvs r7, [r6], -r2, ror 10",1
"strvs r7, [r0], -r5, ror 4",1
"cmnvc r5, 0x6600",1
"strbmi r4, [r0, -r8, rrx]",1
"movtmi r4, 0x294c",1
"strtlo r3, [lr], -0x25f",1
"strbtvc r7, [r5], -0x300",1
svcvs 0x72705f,1
"stclvs p2, c7, [r1, -0x19c]!",1
"stclvs p14, c6, [r1, -0x17c]!",1
"strbvs r0, [sp, -0x65]!",1
"strbtvc r6, [pc], -sp, ror 26",1
"strbmi r4, [r0, -r5, rrx]",1
"movtmi r4, 0x294c",1
"strtlo r3, [lr], -0x25f",1
svcvs 0x757100,1
"rsbvc r6, r1, 116, 10",1
svcpl 0x6e5f67,1
"ldrbtvc r7, [r3], -0x563",1
invalid,1
"ldmdbvs r8!, {r2, r4, r5, r6, r8, sl, sp, lr} ^",1
"rsbvc r0, r6, 0x74",1
"submi r6, r0, r5, ror 10",1
"submi r4, sb, 0x4700",1
"cdphs p15, 3, c5, c2, c3, 2",1
"ldrbtvc r0, [r0], -0x34",1
invalid,1
"strbvc r5, [sp, -0xf64]!",1
svcpl 0x786574,1
blvs 0x1935fd0,1
"mcrrmi p0, 4, r4, r7, c0",1
svcpl 0x434249,1
"eorseq r2, r4, r2, lsr lr",1
"strbtvc r7, [pc], -0x571",1
"ldrbvs r6, [r2, -r5, ror 2]!",1
"cmpvs pc, 0x5f0",1
svcvs 0x747375,1
"strbvs r5, [sp, -0xf6d]!",1
"ldrbvc r0, [r1, -0x6d]!",1
invalid,1
"cmpvc pc, 0x1c80000",1
"strbvs r7, [ip, -0x974]!",1
"ldrbtvc r7, [r3], -0x800",1
"stmdbvs pc!, {r1, r4, r5, r6, sl, ip, sp, lr} ^",1
"rsbseq r6, r8, sp, ror 2",1
"ldmdbvs r8!, {r0, r1, r2, r3, r4, r6, r8, sl, sp, lr} ^",1
"smlsldxmi r4, r0, r4, r0",1
"movtmi r4, 0x294c",1
"strtlo r3, [lr], -0x25f",1
"stclvs p13, c6, [r5, -0]!",1
"rsbsmi r7, sb, r3, rrx",1
"stmdbmi ip, {r6, r8, sb, sl, lr} ^",1
"subslo r4, pc, 0x8000001",1
svcpl 0x342e,1
svcpl 0x737362,1
svcpl 0x646e65,1
"ldrbvs r0, [0x0005a22d]     ; [0x5a22d:4]=0x5f677261",1
"cmnvs r4, r4, ror 2",1
"ldmdavs r4!, {ip, sp, lr} ^",1
"strbtvs r6, [r1], -0x572",1
"ldrbtvc r6, [r5], -0xd5f",1
"ldmdbvs pc, {r0, r2, r5, r6, fp, ip, sp, lr} ^",1
"rsbsmi r6, r4, lr, ror 18",1
"stmdbmi ip, {r6, r8, sb, sl, lr} ^",1
"subslo r4, pc, 0x8000001",1
"strvc r3, [r0], -0x42e",1
svcvs 0x6c776f,1
"rsbsmi r6, r2, r7, ror r5",1
"stmdbmi ip, {r6, r8, sb, sl, lr} ^",1
"subslo r4, pc, 0x8000001",1
"stcvs p4, c3, [r0, -0xb8]",1
"cdpvs p3, 6, c7, c9, c2, 3",1
"submi r7, r0, sb, ror 8",1
"submi r4, sb, 0x4700",1
"cdphs p15, 3, c5, c2, c3, 2",1
invalid,1
"ldrbvs r6, [r4, -0x972]!",1
"stclvs p5, c7, [lr], -0x17c",1
"strbvs r6, [fp, -0x36f]!",1
"strbmi r4, [r0, -r4, rrx]",1
"movtmi r4, 0x294c",1
"strtlo r3, [lr], -0x25f",1
"stclvs p13, c6, [r5, -0]!",1
"rsbsmi r6, r0, r3, ror 26",1
"stmdbmi ip, {r6, r8, sb, sl, lr} ^",1
"subslo r4, pc, 0x8000001",1
svcpl 0x342e,1
"uqsaxvc r6, sb, pc",1
"eorseq r6, r3, r4, ror 18",1
"cmnvs r0, 0x73000000",1
"submi r7, r0, r0, ror sb",1
"submi r4, sb, 0x4700",1
"cdphs p15, 3, c5, c2, c3, 2",1
"uasxvs r0, pc, r4",1
"rsbeq r6, sb, sb, ror 28",1
"rsbsvc r5, r0, 0x17c",1
invalid,1
"ldrbvs r6, [pc], -sp, ror 10 ; [0x5a330:4]=0x494c4740",1
"rsbmi r6, ip, r5, ror ip",1
"stmdbmi ip, {r6, r8, sb, sl, lr} ^",1
"subslo r4, pc, 0x8000001",1
svcvs 0x342e,1
"mcrvs p4, 3, r7, c9, c0, 3",1
"strbmi r4, [r0, -r4, rrx]",1
"movtmi r4, 0x294c",1
"strtlo r3, [lr], -0x25f",1
"strbvs r6, [r3, -r0, lsl 8]!",1
"ldrbvs r7, [r4, -0x465]!",1
"submi r7, r0, r8, ror r4",1
"submi r4, sb, 0x4700",1
"cdphs p15, 3, c5, c2, c3, 2",1
svcpl 0x5f0034,1
svcpl 0x737362,1
svcpl 0x646e65,1
"strbtvs r0, [r6], -0x5f",1
"ldmdbvs r6!, {r0, r5, r6, sl, sp, lr} ^",1
"andvc r6, r0, 0x1cc00000",1
"subsvc r6, pc, 112, 24",1
invalid,1
"rsbeq r6, r8, r4, ror r3",1
"ldrbvs r3, [r2, -0x278]!",1
svcvs 0x6c6c61,1
"rsbsvc r0, r2, r3, rrx",1
"ldrbvs r5, [r2, -0xf6c]!",1
"qdsubvs r7, pc, r5",1
svcpl 0x686372,1
"rsbsvc r0, r2, r2, lsr r0",1
"ldrbvs r5, [r2, -0xf6c]!",1
"stclvs p3, c6, [0x0005a210]!",1
"rsbsvc r0, r2, r0, ror r0",1
"ldrbvs r5, [r2, -0xf6c]!",1
"stclvs p3, c6, [0x0005a23c]!",1
"strbvs r6, [ip, -0x970]!",1
"strbtvc r7, [r1], -0x5f",1
"mrcvs p5, 3, r6, c2, c4, 3",1
"ldrbvs r5, [pc, -r0, lsl 30] ; [0x5a3c8:4]=0x6d766964",1
"mrrcvs p5, 6, r7, pc, c14",1
"ldclvs p9, c6, [r6, -0x190]!",1
"ldmdavs pc, {r0, r1, r2, r3, r5, r6, sl, sp, lr} ^",1
"ldrbvs r6, [r0, -0xc65]!",1
"ldrbvs r0, [r2, -0x72]!",1
svcvs 0x6c6c61,1
"strbmi r4, [r0, -r3, rrx]",1
"movtmi r4, 0x294c",1
"strtlo r3, [lr], -0x25f",1
"cmpvs pc, r0, lsl 30",1
"stmdbvs r2!, {r0, r2, r5, r6, r8, sp, lr} ^",1
"stmdbvs r4!, {r0, r1, r2, r3, r4, r6, r8, fp, sp, lr} ^",1
"strbtvs r6, [pc], -0xd76",1
"ldrbvs r7, [r2, -0x800]!",1
svcvs 0x6c6c61,1
"ldrbvs r0, [r4, -0x63]!",1
svcvs 0x647478,1
"cdpvs p1, 6, c6, c9, c13, 3",1
"mcrrmi p0, 4, r4, r7, c0",1
svcpl 0x434249,1
"eorseq r2, r4, r2, lsr lr",1
"cmnvc r2, 0x15800000",1
"rsbeq r6, lr, sb, ror 30",1
svcpl 0x6c7072,1
"strbvc r6, [ip, -0x666]!",1
"stmdbvs r0, {r0, r1, r4, r5, r6, fp, sp, lr}",1
"rsbsvc r7, r0, 0x1cc0000",1
"rsbsmi r6, r4, sb, ror 28",1
"stmdbmi ip, {r6, r8, sb, sl, lr} ^",1
"subslo r4, pc, 0x8000001",1
svcpl 0x342e,1
"stmdbvs r4!, {r0, r1, r2, r3, r4, r6, r8, sl, ip, sp, lr} ^",1
invalid,1
"ldrbtvs r7, [r4], -0x300",1
"rsbsmi r7, r2, r5, ror 4",1
"stmdbmi ip, {r6, r8, sb, sl, lr} ^",1
"subslo r4, pc, 0x8000001",1
"andvc r3, r0, 0x2e000000",1
"subsvc r6, pc, 112, 24",1
"stmdavc r5!, {r0, r2, r5, r6, r8, sb, sl, sp, lr} ^",1
"strvs r6, [r0], -r5, ror 6",1
"strbtvc r7, [sb], -0x277",1
"strbmi r4, [r0, -r5, rrx]",1
"movtmi r4, 0x294c",1
"strtlo r3, [lr], -0x25f",1
invalid,1
invalid,1
"ldclvs p2, c7, [r0], -0",1
invalid,1
"strbvs r7, [r5, -0x266]!",1
svcvs 0x757100,1
"rsbvc r6, r1, 116, 10",1
"strbvs r5, [sp, -0xf67]!",1
invalid,1
"strbtlo r6, [fp], -r5, ror 10",1
"smlaldxmi r4, r0, r4, r0",1
"movtmi r4, 0x294c",1
"strtlo r3, [lr], -0x25f",1
"ldrbtvc r7, [r3], -0x800",1
"rsbsvc r6, r5, r2, ror r4",1
"cmpvs pc, 0, 30",1
"ldrbvs r7, [r0, -0x974]!",1
"strbtvc r6, [r5], -0x75f",1
svcpl 0x626d5f,1
svcpl 0x727563,1
"rsbsmi r6, r8, sp, ror 2",1
"stmdbmi ip, {r6, r8, sb, sl, lr} ^",1
"subslo r4, pc, 0x8000001",1
"movwvc r3, 0x42e",1
"rsbvc r7, r3, r4, ror r2",1
"smlsldxmi r4, r0, sb, r0",1
"movtmi r4, 0x294c",1
"strtlo r3, [lr], -0x25f",1
"rsbvc r7, r5, 0, 12",1
"mcrvs p9, 3, r6, c15, c3, 3",1
"cmnvs r4, 0x17c00000",1
"rsbseq r6, r2, pc, asr r1",1
"rsbvc r5, r6, pc, asr pc",1
"stmdbvs r4!, {r0, r2, r5, r6, sb, sl, fp, sp, lr} ^",1
"submi r6, r0, lr, ror 14",1
"submi r4, sb, 0x4700",1
"cdphs p15, 3, c5, c2, c3, 2",1
"rsbvs r0, sp, 0x34",1
invalid,1
"strbmi r4, [r0, -r3, rrx]",1
"movtmi r4, 0x294c",1
"strtlo r3, [lr], -0x25f",1
svcvs 0x6c6300,1
"cmpvc pc, 0x1cc00000",1
"strbvc r6, [0x0005a0bc]!",1
invalid,1
"cmpvs pc, 0x73000000",1
svcvs 0x706d6f,1
"strbtvc r6, [lr], -0x56e",1
"rsbsvc r6, r2, 0, 10",1
"submi r7, r0, pc, ror 4",1
"submi r4, sb, 0x4700",1
"cdphs p15, 3, c5, c2, c3, 2",1
"ldrbvs r0, [r2, -0x34]!",1
"stmdbvs ip!, {r0, r5, r6, sl, sp, lr} ^",1
"strbvc r6, [r2, -0x56e]!",1
"rsbvc r6, r5, 0x6600000",1
"cmpvs pc, r0, lsl 30",1
"stmdbvs r2!, {r0, r2, r5, r6, r8, sp, lr} ^",1
"stmdbvs r4!, {r0, r1, r2, r3, r4, r6, sl, fp, sp, lr} ^",1
"stmdavc r0, {r1, r2, r4, r5, r6, ip, sp}",1
invalid,1
invalid,1
"stmdavs r3!, {fp, ip, sp, lr} ^",1
"stclvs p2, c7, [r1], -0x184",1
"rsbeq r6, r3, ip, ror 30",1
"strbtvc r7, [pc], -0x571",1
"ldrbvs r6, [r2, -r5, ror 2]!",1
"cmnvc r5, 0x7c000001",1
"rsbeq r6, sp, r4, ror pc",1
"cdpvs p0, 6, c7, c5, c15, 3",1
"submi r3, r0, r6, lsr r4",1
"submi r4, sb, 0x4700",1
"cdphs p15, 3, c5, c2, c3, 2",1
"strbvs r0, [r7, -0x34]!",1
"uqsub16vc r6, lr, r4",1
"mcrrmi p0, 4, r4, r7, c0",1
svcpl 0x434249,1
"eorseq r2, r4, r2, lsr lr",1
"strbtvc r7, [pc], -0x571",1
"ldrbvs r6, [r2, -r5, ror 2]!",1
"stclvs p3, c6, [pc], -0x17c",1
"ldclvs p14, c6, [0x0005a40c]",1
svcpl 0x6d65,1
"strbtvc r6, [r1], -0x45f",1
"ldrbtvc r5, [r3], -0xf61",1
"rsbseq r7, r4, r1, ror 4",1
svcpl 0x746573,1
"strbtvc r7, [pc], -0x571",1
svcpl 0x676e69,1
"ldclvs p4, c7, [sb], -0x1cc",1
invalid,1
invalid,1
"mcrrmi p0, 4, r4, r7, c0",1
svcpl 0x434249,1
"eorseq r2, r4, r2, lsr lr",1
"strbtvc r7, [pc], -0x571",1
svcpl 0x6e5f65,1
"rsbeq r6, sp, sp, ror 10",1
"stmdbvs ip!, {r0, r1, r2, r3, r4, r6, r8, sb, sl, fp, ip, lr} ^",1
"cmpvc pc, 0x88000001",1
"ldrbtvc r6, [r2], -0x174",1
"stmdbvs r1!, {r0, r1, r2, r3, r4, r6, r8, sl, fp, sp, lr} ^",1
"strbmi r4, [r0, -lr, rrx]",1
"movtmi r4, 0x294c",1
"strtlo r3, [lr], -0x25f",1
svcvs 0x6c6300,1
"cmpvc pc, lr, ror 10",1
"ldmdbvs r4!, {r0, r2, r4, r5, r6, r8, sb, sl, fp, sp, lr} ^",1
svcvs 0x5f676e,1
svcvs 0x697470,1
invalid,1
"ldrbvs r6, [r4, -0xf75]!",1
svcpl 0x677261,1
"strbvs r7, [r5, -0x266]!",1
"ldrbvs r5, [pc], -r0, lsl 30 ; [0x5a64c:4]=0x40676e69",1
"strbtvs r6, [r1], -0x572",1
"rsbmi r6, r7, sb, ror 28",1
"stmdbmi ip, {r6, r8, sb, sl, lr} ^",1
"subslo r4, pc, 0x8000001",1
"stmdavc r0, {r1, r2, r3, r5, sl, ip, sp}",1
svcvs 0x6c6c61,1
"stmdbvs r4!, {r0, r1, r5, r6, r8, sb, sl, fp, ip, lr} ^",1
svcpl 0x5f0065,1
"rsbsvc r7, sb, r3, ror 8",1
svcvs 0x745f65,1
"ldrbvs r6, [r7, -0xf6c]!",1
svcvs 0x6c5f72,1
"strbmi r4, [r0, -r3, rrx]",1
"movtmi r4, 0x294c",1
"strtlo r3, [lr], -0x25f",1
"cmpvs pc, 0, 30",1
"ldrbvs r7, [r0, -0x974]!",1
"strbvc r7, [0x0005a235]!",1
"rsbvc r7, r5, 0x70",1
invalid,1
"mcrrmi p0, 4, r4, r7, c0",1
svcpl 0x434249,1
"eorseq r2, r4, r2, lsr lr",1
"stclvs p15, c5, [r7, -0x17c]!",1
"cmpvc pc, 0x6f0",1
"ldrbtvc r6, [r2], -0x174",1
"smlsdvs r0, pc, pc, r5",1
"rsbvc r7, pc, r5, ror 8",1
svcvs 0x6c5f74,1
"submi r6, r0, lr, ror 14",1
"submi r4, sb, 0x4700",1
"cdphs p15, 3, c5, c2, c3, 2",1
svcpl 0x5f0034,1
"uqsub16vc r6, sb, r5",1
"eorseq r6, r3, r3, ror sb",1
"strbtvc r5, [r3], -0xf5f",1
svcpl 0x657079,1
svcvs 0x6c5f62,1
"strbmi r4, [r0, -r3, rrx]",1
"movtmi r4, 0x294c",1
"strtlo r3, [lr], -0x25f",1
"ldmdbvs r8!, {r8, sl, sp, lr} ^",1
"smlsldxmi r4, r0, r4, r0",1
"movtmi r4, 0x294c",1
"strtlo r3, [lr], -0x25f",1
"ldclvs p2, c7, [r0], -0",1
svcpl 0x65725f,1
"strbtvc r7, [lr], -0x973",1
svcvs 0x5f7861,1
svcvs 0x697470,1
"movwvs r7, 0x36e",1
"ldrbvs r6, [r3, -0xf6c]!",1
"ldrbtvs r7, [r4], -0x35f",1
svcpl 0x74756f,1
svcpl 0x746573,1
svcvs 0x6e6769,1
"ldrbmi r6, [0x0005a1be]     ; [0x5a1be:4]=0x705f7465",1
"ldrbmi r4, [r0, -0x950]",1
svcmi 0x495f00,1
"ldrbtvs r7, [r4], -0x35f",1
"ldrbvc r6, [0x000598d7]     ; [0x598d7:4]=0x65737261",1
"rsbeq r6, r4, r3, ror r5",1
"rsbvc r3, lr, 120, 4",1
"stclvs p1, c6, [ip], -0x194",1
"movwvc r6, 0x36f",1
"strbvs r7, [ip, -0x274]!",1
"strbmi r4, [r0, -lr, rrx]",1
"movtmi r4, 0x294c",1
"strtlo r3, [lr], -0x25f",1
"rsbsvc r7, r4, 0, 6",1
"rsbsmi r6, r2, r3, ror 16",1
"stmdbmi ip, {r6, r8, sb, sl, lr} ^",1
"subslo r4, pc, 0x8000001",1
"andvc r3, r0, 0x2e000000",1
"usub16vs r6, pc, r0",1
invalid,1
"rsbsvc r0, r2, r5, rrx",1
"ldrbvs r5, [r2, -0xf6c]!",1
"qdsubvs r7, pc, r5",1
"rsbeq r6, r8, r2, ror r3",1
"strbtvc r7, [pc], -0x571",1
svcpl 0x676e69,1
"ldclvs p4, c7, [sb], -0x1cc",1
"cmnvs r6, r5, ror 30",1
svcpl 0x736c,1
"uqsaxvc r6, sb, pc",1
"eorseq r6, r3, r3, ror sb",1
"stmdbvs r4!, {r0, r1, r4, r5, r6, sl, ip, sp, lr} ^",1
"strbmi r4, [r0, -lr, rrx]",1
"movtmi r4, 0x294c",1
"strtlo r3, [lr], -0x25f",1
"strbvs r7, [lr, -r0, lsl 10]!",1
"rsbmi r7, r3, r5, ror 8",1
"stmdbmi ip, {r6, r8, sb, sl, lr} ^",1
"subslo r4, pc, 0x8000001",1
svcpl 0x342e,1
"rsbvs r6, sb, 0x5f00",1
invalid,1
"mcrvs p15, 3, r5, c9, c5, 3",1
invalid,1
"ldrbvs r6, [r4, -0xf75]!",1
"stclvs p13, c6, [r5, -0x17c]!",1
svcvs 0x757100,1
"rsbvc r6, r1, 116, 10",1
"strbvc r5, [r3, -0xf67]!",1
"stclvs p4, c7, [0x0005a628]!",1
"stclvs p13, c6, [r5, -0x17c]!",1
"ldrbvs r5, [0x000598fc]     ; [0x598fc:4]=0x65746e6f",1
svcvs 0x6e7272,1
invalid,1
svcvs 0x697461,1
"strbmi r4, [r0, -lr, rrx]",1
"movtmi r4, 0x294c",1
"strtlo r3, [lr], -0x25f",1
"ldrbvc r6, [r3, -r0, lsl 18]!",1
"strbvc r6, [lr, -0xc61]!",1
"strbmi r4, [r0, -sp, rrx]",1
"movtmi r4, 0x294c",1
"strtlo r3, [lr], -0x25f",1
"cmpvs pc, 0, 30",1
"cmpvs pc, r8, ror r1",1
"ldmdbvs r8!, {r2, r4, r5, r6, r8, sl, sp, lr} ^",1
"smlsldxmi r4, r0, r4, r0",1
"movtmi r4, 0x294c",1
"strtlo r3, [lr], -0x25f",1
svcvs 0x757100,1
invalid,1
"ldmdbvc r4!, {r0, r1, r2, r3, r4, r6, r8, sb, ip, sp, lr} ^",1
"cmpvs pc, ip, ror 10",1
"rsbseq r6, r3, r2, ror r7",1
invalid,1
"submi r7, r0, r5, ror 8",1
"submi r4, sb, 0x4700",1
"cdphs p15, 3, c5, c2, c3, 2",1
"ldrbvs r0, [0x0005a834]     ; [0x5a834:4]=0x4342494c",1
"strvs r6, [r0], -lr, ror 8",1
"mcrvs p3, 3, r6, c1, c3, 3",1
"strbmi r4, [r0, -r6, rrx]",1
"movtmi r4, 0x294c",1
"strtlo r3, [lr], -0x25f",1
"ldrbtvc r5, [r3], -0xf00",1
"rsbseq r7, r4, r1, ror 4",1
"strbtvc r7, [pc], -0x571",1
"ldrbvs r6, [r2, -r5, ror 2]!",1
"stclvs p1, c6, [ip], -0x17c",1
"andvs r6, r0, 0xbc000001",1
"cmnvs r7, 116, 30           ; 0x74",1
"mcrrmi p0, 4, r4, r7, c0",1
svcpl 0x434249,1
"eorseq r2, r4, r2, lsr lr",1
"rsbsvc r5, r0, 0x17c",1
"ldrbtvs r6, [r4], -sb, ror 28",1
blvs 0x1a7362c,1
"mcrrmi p0, 4, r4, r7, c0",1
svcpl 0x434249,1
"eorseq r2, r4, r2, lsr lr",1
"rsbsvc r7, r4, 120, 6",1
"rsbeq r6, ip, r4, ror pc",1
"strbvs r6, [ip, -0x966]!",1
"submi r6, r0, lr, ror 30",1
"submi r4, sb, 0x4700",1
"cdphs p15, 3, c5, c2, c3, 2",1
"rsbsvc r0, r2, r4, lsr r0",1
"ldrbvs r5, [r2, -0xf6c]!",1
"strbtvc r7, [r5], -0x35f",1
"mrcvs p3, 3, r7, c9, c15, 2",1
"rsbseq r6, r8, r4, ror r1",1
"mcrvs p15, 3, r5, c5, c15, 2",1
"subseq r5, pc, r4, ror 30",1
"strbvs r5, [r1, -0xf5f]!",1
svcpl 0x696261,1
"strbtvc r6, [sb], -sb, ror 8",1
svcpl 0x5f0030,1
"ldmdbvs r2!, {r1, r2, r5, r6, ip, sp, lr} ^",1
svcpl 0x66746e,1
"rsbmi r6, fp, r3, ror 16",1
"stmdbmi ip, {r6, r8, sb, sl, lr} ^",1
"subslo r4, pc, 0x8000001",1
invalid,1
"ldrbvs r6, [r4, -0xf75]!",1
"rsbeq r7, r7, r1, ror 4",1
svcvs 0x647473,1
"submi r7, r0, r5, ror r4",1
"submi r4, sb, 0x4700",1
"cdphs p15, 3, c5, c2, c3, 2",1
svcpl 0x5f0034,1
svcpl 0x737362,1
"rsbvc r7, r1, 0x73000000",1
invalid,1
"ldrbvs r6, [r3, -0xf6c]!",1
"mcrrmi p0, 4, r4, r7, c0",1
svcpl 0x434249,1
"eorseq r2, r4, r2, lsr lr",1
"cdpvs p1, 6, c6, c9, c13, 3",1
"ldrbvs r6, [r3, -0x600]!",1
"strbtlo r6, [pc], -r5, ror 22",1
"smlaldxmi r4, r0, r4, r0",1
"movtmi r4, 0x294c",1
"strtlo r3, [lr], -0x25f",1
"cmnvs r3, r0, lsl 10",1
"strvs r6, [r0, -r7, ror 10]",1
"cmpvc pc, r5, ror 8",1
"ldmdbvs r4!, {r0, r2, r4, r5, r6, r8, sb, sl, fp, sp, lr} ^",1
"cmpvc pc, 0x1b80000",1
"strbvs r7, [ip, -0x974]!",1
"ldmdbvs r8!, {r8, sl, sp, lr} ^",1
invalid,1
"rsbsvc r6, r5, 0x6900",1
"ldrbvc r0, [r1, -0x65]!",1
invalid,1
"cmpvs pc, 0x1c80000",1
"cdpvs p12, 6, c6, c15, c15, 3",1
"ldrbvc r5, [0x00059aa0]     ; [0x59aa0:4]=0x75640065",1
"strbvc r6, [pc, -r6, ror 24]!",1
"mcrrmi p0, 4, r4, r7, c0",1
svcpl 0x434249,1
"eorseq r2, r4, r2, lsr lr",1
"strbtvc r7, [pc], -0x571",1
"ldrbvs r6, [r2, -r5, ror 2]!",1
"ldmdbvc r4!, {r0, r1, r2, r3, r4, r6, r8, sb, ip, sp, lr} ^",1
"ldclvs p5, c6, [0x0005a810]",1
"andvc r6, r0, 0x1940",1
"subsvc r6, pc, 112, 24",1
"rsbvc r6, r5, 0x1940000",1
"rsbseq r6, r2, r2, ror pc",1
"uqsaxvc r5, pc, pc",1
"stclvs p2, c7, [r6], -0x194",1
"submi r7, r0, pc, ror 14",1
"submi r4, sb, 0x4700",1
"cdphs p15, 3, c5, c2, c3, 2",1
"ldrbvs r0, [r3, -0x34]!",1
invalid,1
"rsbmi r6, r5, r1, ror 24",1
"stmdbmi ip, {r6, r8, sb, sl, lr} ^",1
"subslo r4, pc, 0x8000001",1
invalid,1
"ldrbvs r6, [r4, -0xf75]!",1
svcpl 0x677261,1
"ldrbtvc r5, [r3], -0xf6e",1
svcpl 0x656c79,1
"rsbeq r6, sp, sp, ror 10",1
invalid,1
svcpl 0x6d6172,1
svcvs 0x766e69,1
"ldmdbvs r4!, {r0, r1, r5, r6, r8, sp, lr} ^",1
"cdpvs p14, 5, c6, c15, c15, 3",1
"rsbmi r6, r5, r1, ror 26",1
"stmdbmi ip, {r6, r8, sb, sl, lr} ^",1
"subslo r4, pc, 0x8000001",1
"movwvc r3, 0x42e",1
"cmnvs r2, 116, 4            ; 0x74",1
"submi r7, r0, r8, ror 4",1
"submi r4, sb, 0x4700",1
"cdphs p15, 3, c5, c2, c3, 2",1
"ldrbvc r0, [r1, -0x34]!",1
"rsbeq r7, r5, pc, ror 8",1
"mrrcvs p12, 6, r6, pc, c14",1
"stmdbvs r7!, {r0, r5, r6, sb, sl, fp, sp, lr} ^",1
"rsbmi r6, pc, lr, ror 12",1
"stmdbmi ip, {r6, r8, sb, sl, lr} ^",1
"subslo r4, pc, 0x8000001",1
"stmdbvs r0, {r1, r2, r3, r5, sl, ip, sp}",1
"rsbsvs r6, r4, 0x1b8000",1
"strbvs r6, [r6, -0x675]!",1
"ldrbvs r0, [r3, -0x72]!",1
"strbvc r5, [r3, -0xf74]!",1
"stclvs p4, c7, [0x0005a8ac]!",1
svcvs 0x75715f,1
invalid,1
svcvs 0x727000,1
"stclvs p2, c7, [r1, -0x19c]!",1
"stclvs p14, c6, [r1, -0x17c]!",1
"ldrbvc r0, [r1, -0x65]!",1
invalid,1
"cmpvs pc, 0x1c80000",1
svcpl 0x726168,1
"rsbeq r6, sp, sp, ror 10",1
"strbvs r5, [r1, -0xf5f]!",1
svcpl 0x696261,1
"stmdbvs r4!, {r0, r2, r4, r5, r6, r8, fp, sp, lr} ^",1
"strbtvs r6, [pc], -0xd76",1
"cmnvs sl, r0, lsl 16",1
invalid,1
"strbvc r5, [sl], -r0, lsl 30",1
invalid,1
"ldrbvs r7, [r4, -0x369]!",1
invalid,1
invalid,1
"strbtvs r6, [r1], -0x600",1
"ldrbvs r6, [r3, -0x976]!",1
"strbvs r6, [ip, -0x300]!",1
"rsbvc r7, r5, 0x10000006",1
"mrcvs p15, 3, r5, c5, c2, 3",1
blvs 0x1936894,1
"submi r6, r0, r5, ror 8",1
"submi r4, sb, 0x4700",1
"cdphs p15, 3, c5, c2, c3, 2",1
"ldrbvs r0, [r6, -0x34]!",1
svcvs 0x697372,1
"strbtvc r5, [r5], -0xf6e",1
svcvs 0x635f63,1
"ldmdbvs r2!, {r4, r5, r6, r8, fp, ip, sp, lr} ^",1
"rsbseq r6, r4, r7, ror 16",1
"strbtvc r7, [pc], -0x571",1
"ldrbvs r6, [r2, -r5, ror 2]!",1
svcpl 0x6e5f,1
"rsbsvc r7, r4, 0x7c000001",1
"stclvs p15, c6, [ip], -0x1d0",1
"strbtvc r6, [lr], -0x95f",1
invalid,1
"strbmi r4, [r0, -ip, rrx]",1
"movtmi r4, 0x294c",1
"strtlo r3, [lr], -0x25f",1
"rsbvc r6, pc, r0, lsl 12",1
"ldrtlo r6, [r6], -0xe65",1
"mcrrmi p0, 4, r4, r7, c0",1
svcpl 0x434249,1
"eorseq r2, r4, r2, lsr lr",1
"strbtvs r6, [r1], -0x572",1
"strbvs r6, [lr, -0x96c]!",1
"strbtvs r7, [r6], -r2, ror 10",1
"ldrbvs r7, [pc], -0x265     ; [0x5ab54:4]=0x6f757100",1
"stclvs p12, c6, [sb, -0x194]!",1
svcvs 0x757100,1
"mrcvs p5, 2, r6, c15, c4, 3",1
"ldclvs p2, c7, [r0], -0",1
"ldrbvs r6, [r3, -0x65f]!",1
"rsbeq r6, pc, r5, ror 22",1
"ldclmi p15, c5, [r4, -0x17c]",1
"cdpmi p15, 4, c5, c5, c3, 2",1
"subseq r5, pc, r4, asr 30",1
invalid,1
svcpl 0x6d6172,1
svcvs 0x766e69,1
"ldmdbvs r4!, {r0, r1, r5, r6, r8, sp, lr} ^",1
"cmpvc pc, 0x6f0",1
"ldrbtvc r6, [r2], -0xf68",1
"stclvs p14, c6, [r1, -0x17c]!",1
"strbmi r4, [r0, -r5, rrx]",1
"movtmi r4, 0x294c",1
"strtlo r3, [lr], -0x25f",1
"cmpvs pc, r0, lsl 30",1
"stmdbvs r2!, {r0, r2, r5, r6, r8, sp, lr} ^",1
"stmdbvs r4!, {r0, r1, r2, r3, r4, r6, r8, fp, sp, lr} ^",1
"stmdbvs r2!, {r1, r2, r4, r5, r6} ^",1
"ldrbvs r6, [r4, -0x46e]!",1
svcvs 0x647478,1
"cdpvs p1, 6, c6, c9, c13, 3",1
"mcrrmi p0, 4, r4, r7, c0",1
svcpl 0x434249,1
"eorseq r2, r4, r2, lsr lr",1
svcpl 0x746573,1
"rsbvc r6, r1, 0x630000",1
svcvs 0x75715f,1
invalid,1
"strbpl r5, [sb], -0xf00",1
"ldrbvs r5, [r2, -0xf4d]!",1
"ldrbtvc r6, [r3], -0x967",1
"ldclmi p2, c7, [r4, -0x194]",1
"cdpvs p12, 6, c6, c15, c3, 2",1
"rsbvs r5, r1, 0x65000000",1
"strvs r6, [r0], -ip, ror 10",1
"rsbvs r6, r5, 0x1c800000",1
"strbvs r6, [r6, -0x675]!",1
"stclvs p0, c0, [r5, -0x1c8]!",1
"subsvs r7, pc, 0x69000000",1
"subsvc r6, pc, 0x1d40000",1
"rsbvc r7, pc, 0x65",1
invalid,1
"strbtvs r6, [r4], -0x15f",1
"cmnvc r3, 0x1c800000",1
svcvs 0x6c6300,1
"cmpvc pc, 0x1cc00000",1
"strbvc r6, [0x0005a7b0]!",1
"ldrbvs r5, [r3, -0xf74]!",1
"stmdbvs r6!, {r2, r4, r5, r6, r8, sb, sl, fp, ip, lr} ^",1
"cdpvs p5, 5, c6, c15, c12, 3",1
"rsbeq r6, r5, r1, ror 26",1
"stclvs p13, c6, [r5, -0x1e0]!",1
"rsbseq r7, r0, r4, ror 10",1
invalid,1
"cmpvs pc, 108, 10           ; 0x6c",1
"cmnvc r2, 104, 2            ; 0x68",1
svcvs 0x7465,1
"rsbvc r7, r1, 112, 8",1
"strbmi r4, [r0, -r7, rrx]",1
"movtmi r4, 0x294c",1
"strtlo r3, [lr], -0x25f",1
svcvs 0x6c6300,1
"cmpvc pc, 0x1cc00000",1
invalid,1
svcvs 0x74006d,1
"rsbsvc r7, r0, r7, ror r5",1
"submi r7, r0, r5, ror 4",1
"submi r4, sb, 0x4700",1
"cdphs p15, 3, c5, c2, c3, 2",1
"ldrbtvc r0, [r3], -0x34",1
"stclvs p14, c6, [r3, -0x1c8]!",1
"smlsldxmi r4, r0, r0, r0",1
"movtmi r4, 0x294c",1
"strtlo r3, [lr], -0x25f",1
"rsbvc r7, r5, 0, 12",1
"mcrvs p9, 3, r6, c15, c3, 3",1
"cmnvs r4, 0x17c00000",1
"mrcvs p1, 3, r6, c2, c15, 2",1
svcvs 0x626100,1
"submi r7, r0, r2, ror r4",1
"submi r4, sb, 0x4700",1
"cdphs p15, 3, c5, c2, c3, 2",1
"ldrbtvc r0, [r0], -0x34",1
invalid,1
invalid,1
"stclvs p3, c6, [r5], -0x1b8",1
"rsbvc r7, r5, 0, 12",1
"mcrvs p9, 3, r6, c15, c3, 3",1
"cmnvs r4, 0x17c00000",1
"rsbeq r7, r1, pc, asr r6",1
"stmdbvs lr!, {r0, r1, r2, r3, r4, r6, r8, fp, sp, lr} ^",1
"stclvs p0, c0, [r3], -0x1d0",1
"rsbmi r7, r5, pc, ror 6",1
"stmdbmi ip, {r6, r8, sb, sl, lr} ^",1
"subslo r4, pc, 0x8000001",1
"stmdavc r0, {r1, r2, r3, r5, sl, ip, sp}",1
"stclvs p1, c6, [ip], -0x18c",1
"andvc r6, r0, 0xbc000001",1
"subsvc r6, pc, 112, 24",1
svcvs 0x635f65,1
"stclvs p0, c7, [sb], -0x1b4",1
invalid,1
invalid,1
"mrcvs p0, 3, r0, c8, c0, 3",1
"stclvs p1, c6, [ip], -0x1b4",1
svcpl 0x636f,1
"cmnvc r3, 0xc0000017",1
svcpl 0x747265,1
"stclvs p1, c6, [sb], -0x198",1
"mcrrmi p0, 4, r4, r7, c0",1
svcpl 0x434249,1
"eorseq r2, r4, r2, lsr lr",1
,1
