inst,ground_truth
54c46       invalid,1
"andeq r0, r1, r1, lsl 2",1
"andeq r0, r0, r0",1
"andeq r0, r0, r0",1
"eoreq r0, r8, r2",1
"andeq r0, r0, r1",1
"andeq sb, r0, ip, asr 32",1
"andeq r0, r0, r4, lsr r0",1
"andeq pc, r1, r0, lsr fp",1
"streq r0, [r0, -2]",1
"eoreq r0, r0, r4, lsr r0",1
"eoreq r0, r8, r8",1
"eoreq r0, r3, r6, lsr 32",1
"andvc r0, r0, r1",1
"andeq r6, r0, r8, lsl ip",1
"andeq lr, r0, r8, lsl ip",1
"andeq lr, r0, r8, lsl ip",1
"andeq r0, r0, r8, lsl r0",1
"andeq r0, r0, r8, lsl r0",1
"andeq r0, r0, r4",1
"andeq r0, r0, r4",1
"andeq r0, r0, r6",1
"andeq r0, r0, r4, lsr r0",1
"andeq r8, r0, r4, lsr r0",1
"andeq r8, r0, r4, lsr r0",1
"andeq r0, r0, r0, lsl 2",1
"andeq r0, r0, r0, lsl 2",1
"andeq r0, r0, r5",1
"andeq r0, r0, r4",1
"andeq r0, r0, r3",1
"andeq r0, r0, r4, lsr r1",1
"andeq r8, r0, r4, lsr r1",1
"andeq r8, r0, r4, lsr r1",1
"andeq r0, r0, r3, lsl r0",1
"andeq r0, r0, r3, lsl r0",1
"andeq r0, r0, r4",1
"andeq r0, r0, r1",1
"andeq r0, r0, r1",1
"andeq r0, r0, r0",1
"andeq r8, r0, r0",1
"andeq r8, r0, r0",1
"andeq r6, r0, r4, lsr ip",1
"andeq r6, r0, r4, lsr ip",1
"andeq r0, r0, r5",1
"andeq r8, r0, r0",1
"andeq r0, r0, r1",1
"andeq r6, r0, r4, lsr ip",1
"andeq r6, r1, r4, lsr ip",1
"andeq r6, r1, r4, lsr ip",1
"andeq r0, r0, r4, asr 4",1
"andeq r0, r0, ip, lsr 7",1
"andeq r0, r0, r6",1
"andeq r8, r0, r0",1
"andeq r0, r0, r2",1
"andeq r6, r0, r0, asr 24",1
"andeq r6, r1, r0, asr 24",1
"andeq r6, r1, r0, asr 24",1
"strdeq r0, r1, [r0], -r0",1
"strdeq r0, r1, [r0], -r0",1
"andeq r0, r0, r6",1
"andeq r0, r0, r4",1
"andeq r0, r0, r4",1
"andeq r0, r0, r8, asr 2",1
"andeq r8, r0, r8, asr 2",1
"andeq r8, r0, r8, asr 2",1
"andeq r0, r0, r4, asr 32",1
"andeq r0, r0, r4, asr 32",1
"andeq r0, r0, r4",1
"andeq r0, r0, r4",1
"ldrbtvs lr, [r4], -0x551",1
"andeq r0, r0, r0",1
"andeq r0, r0, r0",1
"andeq r0, r0, r0",1
"andeq r0, r0, r0",1
"andeq r0, r0, r0",1
"andeq r0, r0, r6",1
"andeq r0, r0, r4",1
"rsbvs r6, sb, 0x2f00",1
"stclhs p12, c6, [r4, -0xbc]!",1
"strbvc r6, [lr, -0x96c]!",1
svcvs 0x732e78,1
"andeq r3, r0, lr, lsr 6",1
"andeq r0, r0, r4",1
"andeq r0, r0, r0, lsl r0",1
"andeq r0, r0, r1",1
"subseq r4, r5, r7, asr 28",1
"andeq r0, r0, r0",1
"andeq r0, r0, r2",1
"andeq r0, r0, r6",1
"andeq r0, r0, r0, lsl r0",1
"andeq r0, r0, r4",1
"andeq r0, r0, r4, lsl r0",1
"andeq r0, r0, r3",1
"subseq r4, r5, r7, asr 28",1
"orrge r5, pc, sl, lsl sl",1
invalid,1
"stmdbeq pc, {r3, r4, r5, sb, sl, sp, lr}",1
"bicvc r7, sp, r6, asr 20",1
"ldcllo p0, c4, [r4], {0xcf}",1
"andeq r0, r0, r5, lsr 32",1
"andeq r0, r0, r6",1
"andeq r0, r0, r0, lsl r0",1
"andeq r0, r0, sb",1
"rsbeq r4, r2, r2, lsl 18",1
"ldrls r6, [r1], r2, lsl 1",1
"stcgt p8, c2, [r2], {0}",1
"andeq sb, r0, sl",1
"stmdbne r1, {r3, r7} ^",1
invalid,1
"stmdaeq r0, {r0, r5, r7, r8, sl, fp, lr} ^",1
"andeq fp, sl, r0, lsr 20",1
"stmdami r2, {r1, r2, r3}",1
"strbhs r4, [r2], 0x192",1
"stmdami r0, {r1, r2, r7, fp}",1
"subhs r2, r0, 0x50",1
"strbths r1, [r1], -0",1
invalid,1
"andhi r1, r0, r8, lsl 24",1
"eorseq sl, r1, r2",1
"andeq r0, r0, r6",1
"andeq r0, r0, r0",1
"andeq r0, r0, sb",1
"andeq r0, r0, sl",1
"andeq r0, r0, fp",1
"andeq r0, r0, r0",1
"andeq r0, r0, ip",1
"andeq r0, r0, sp",1
"andeq r0, r0, pc",1
"andeq r0, r0, r2, lsl r0",1
"andeq r0, r0, r3, lsl r0",1
"andeq r0, r0, r4, lsl r0",1
"andeq r0, r0, sb, lsl r0",1
"andeq r0, r0, fp, lsl r0",1
"andeq r0, r0, lr, lsl r0",1
"andeq r0, r0, r1, lsr 32",1
"andeq r0, r0, r2, lsr 32",1
"andeq r0, r0, r5, lsr 32",1
"andeq r0, r0, r6, lsr 32",1
"andeq r0, r0, r7, lsr 32",1
"andeq r0, r0, sl, lsr 32",1
"andeq r0, r0, fp, lsr 32",1
"andeq r0, r0, ip, lsr 32",1
"andeq r0, r0, lr, lsr 32",1
"andeq r0, r0, r0",1
"andeq r0, r0, r3, lsr r0",1
"andeq r0, r0, r6, lsr r0",1
"andeq r0, r0, r7, lsr r0",1
"andeq r0, r0, r8, lsr r0",1
"andeq r0, r0, sb, lsr r0",1
"andeq r0, r0, sp, lsr r0",1
"andeq r0, r0, pc, lsr r0",1
"andeq r0, r0, r0",1
"andeq r0, r0, r0, asr 32",1
"andeq r0, r0, r1, asr 32",1
"andeq r0, r0, r2, asr 32",1
"andeq r0, r0, r4, asr 32",1
"mrcls p0, 3, r5, c6, c12, 5",1
"ldceq p13, c10, [sb, -0xf0]!",1
"cmpvs sp, r1, lsr 21",1
svcgt 0x8cb237,1
"ldrbtge r2, [sb], 0x301",1
"stc2l p2, c3, [r0, -0xb4]",1
"rscls r5, pc, r3, lsr 21",1
"ldcvc p0, c15, [r6], {0x86}",1
"mcreq p6, 7, r8, c15, c15, 5",1
"stcllo p14, c0, [r0, 0x318]!",1
invalid,1
"strgt r7, [r5, 0x36d]",1
invalid,1
invalid,1
invalid,1
"stcne p2, c15, [fp], {0x38}",1
"ldrt r0, [sp], 0x7c2",1
"rscne sb, pc, 96, 16",1
svcge 0xe70ad,1
invalid,1
"ldrlt r7, [r5, -r3, lsl 13]!",1
"stcne p13, c1, [ip], {0x28}",1
bvc 0xfed4e510,1
svceq 0x11ed7d,1
invalid,1
"tst r1, 80, 28              ; 0x50",1
svceq 0x3b9a5b,1
"fldmiaxne r3, {d11, d12, d13, d14, d15, d16, d17, d18, d19, d20, d21, d22, d23, d24, d25, d26}",1
"stcllt p15, c14, [sb], 0xc0",1
blhs 0x10faa9c,1
"ldcl p7, c11, [r4], 0x2fc",1
invalid,1
"ldcvc p14, c7, [r6], {0x3f}",1
blmi 0x1514324,1
"tstlt r5, 0xe0000000",1
"stceq p8, c11, [r2, 0xc4]",1
"stceq p5, c7, [r2, 0x244]",1
"ldreq r6, [r4], sp, lsl 27",1
"ldc2 p15, c8, [sp, -0x100]",1
"subne lr, r4, sb, lsr r8",1
"stceq p5, c7, [r2, 0x90]",1
"ldrbne sp, [sp], 0xc4",1
"ldcne p6, c9, [r3], {0xca}",1
"sbchs r5, fp, sl, asr 11",1
svcge 0xc3fcd,1
invalid,1
"ldc2l p7, c3, [r6, -8]!",1
"stc2 p15, c12, [sb, -0x84]",1
"ldcne p6, c9, [r3], {0x5f}",1
"ldcne p14, c13, [r3], {0xed}",1
"ldrgt r7, [fp, -0x45f]!",1
invalid,1
"subhs r4, sb, 0x198000",1
"strbtlt lr, [fp], 0x20a",1
"streq sp, [r4, -0xe63]!",1
invalid,1
"ldrbhs sl, [r0, -0x4ad]",1
"adcseq r7, r0, 0x21000000",1
"rsbvc r2, r3, 0xcf00",1
svceq 0x6321ef,1
invalid,1
invalid,1
invalid,1
"andeq r0, r0, r0",1
"andeq r0, r0, r0",1
"andeq r0, r0, r0",1
"andeq r0, r0, r0",1
"andeq r0, r0, r8, rrx",1
"andeq r0, r0, r0",1
"andeq r0, r0, r0",1
"andeq r0, r0, r2, lsl r0",1
"andeq r0, r0, pc",1
"andeq r0, r0, r0",1
"andeq r0, r0, r0",1
"andeq r0, r0, r0, lsr 32",1
"andeq r0, r0, fp, lsr 32",1
"andeq r0, r0, r0",1
"andeq r0, r0, r0",1
"andeq r0, r0, r0, lsr 32",1
"andeq r0, r0, sl, lsr r0",1
"andeq r0, r0, r0",1
"andeq r0, r0, r0",1
"andeq r0, r0, r0, lsr 32",1
"andeq r0, r0, lr, asr 32",1
"andeq r0, r0, r0",1
"andeq r0, r0, r0",1
"andeq r0, r0, r0, lsr 32",1
"strheq r0, [r0], -fp",1
"andeq r6, r1, r8, ror lr",1
"andeq r0, r0, r4",1
"andseq r0, r8, r1, lsl r0",1
"strheq r0, [r0], -r2",1
"andeq r8, r0, r4, ror 29",1
"andeq r0, r0, r0",1
"andeq r0, r0, r2, lsl r0",1
"andeq r0, r0, r4, lsr 1",1
"andeq r8, r0, r8, asr 31",1
"andeq r0, r0, r0",1
"andeq r0, r0, r2, lsl r0",1
"muleq r0, ip, r2",1
"strheq r8, [r0], -ip",1
"andeq r0, r0, r0",1
"andeq r0, r0, r2, lsl r0",1
"andeq r0, r0, ip, asr r1",1
"andeq r8, r0, r4, asr 30",1
"andeq r0, r0, r0",1
"andeq r0, r0, r2, lsl r0",1
"andeq r0, r0, sb, lsl 1",1
"ldrdeq r8, sb, [r0], -ip",1
"andeq r0, r0, r0",1
"andeq r0, r0, r2, lsl r0",1
"andeq r0, r0, r7, asr 4",1
"andeq r8, r0, r4, lsl 29",1
"andeq r0, r0, r0",1
"andeq r0, r0, r2, lsl r0",1
"strheq r0, [r0], -r6",1
"andeq r8, r0, r8, ror 27",1
"andeq r0, r0, r0",1
"andeq r0, r0, r2, lsl r0",1
"strdeq r0, r1, [r0], -sp",1
"strdeq r8, sb, [r0], -r4",1
"andeq r0, r0, r0",1
"andeq r0, r0, r2, lsl r0",1
"andeq r0, r0, pc, ror 1",1
"andeq r8, r0, r0, lsr lr",1
"andeq r0, r0, r0",1
"andeq r0, r0, r2, lsl r0",1
"andeq r0, r0, r3, lsl 2",1
"andeq r6, r1, r0, lsl 29",1
"andeq r0, r0, r4",1
"andseq r0, r8, r1, lsr 32",1
"andeq r0, r0, r7, asr 3",1
"andeq sb, r0, r0, asr 32",1
"andeq r0, r0, r0",1
"andeq r0, r0, r2, lsl r0",1
"andeq r0, r0, sl, lsl 5",1
"strdeq r8, sb, [r0], -r0",1
"andeq r0, r0, r0",1
"andeq r0, r0, r2, lsl r0",1
"andeq r0, r0, pc, asr 4",1
"andeq r6, r1, r8, ror lr",1
"andeq r0, r0, r4",1
"andseq r0, r8, r1, lsr 32",1
"andeq r0, r0, r8, ror r2",1
"andeq r8, r0, ip, lsr lr",1
"andeq r0, r0, r0",1
"andeq r0, r0, r2, lsl r0",1
"andeq r0, r0, r0, lsl r2",1
"andeq r6, r1, r8, lsl 29",1
"andeq r0, r0, r4",1
"andseq r0, r8, r1, lsl r0",1
"andeq r0, r0, fp, lsl r1",1
"muleq r0, r0, lr",1
"andeq r0, r0, r0",1
"andeq r0, r0, r2, lsl r0",1
"andeq r0, r0, sp, ror 2",1
"andeq r8, r0, ip, asr 29",1
"andeq r0, r0, r0",1
"andeq r0, r0, r2, lsl r0",1
"strheq r0, [r0], -lr",1
"ldrdeq r8, sb, [r0], -r4",1
"andeq r0, r0, r0",1
"andeq r0, r0, r2, lsl r0",1
"andeq r0, r0, lr, lsl r2",1
"andeq r8, r0, ip, ror 28",1
"andeq r0, r0, r0",1
"andeq r0, r0, r2, lsl r0",1
"andeq r0, r0, lr, lsr 1",1
"strheq r8, [r0], -r4",1
"andeq r0, r0, r0",1
"andeq r0, r0, r2, lsl r0",1
"andeq r0, r0, sb, lsl 3",1
"andeq r6, r1, ip, lsl 29",1
"andeq r0, r0, r4",1
"andseq r0, r8, r1, lsl r0",1
"ldrdeq r0, r1, [r0], -r2",1
"strheq r8, [r0], -r0",1
"andeq r0, r0, r0",1
"andeq r0, r0, r2, lsl r0",1
"strdeq r0, r1, [r0], -r7",1
"andeq sb, r0, r8, lsr 32",1
"andeq r0, r0, r0",1
"andeq r0, r0, r2, lsl r0",1
"andeq r0, r0, r4, lsr r2",1
"andeq r8, r0, r8, asr 28",1
"andeq r0, r0, r0",1
"andeq r0, r0, r2, lsl r0",1
"andeq r0, r0, fp, ror r1",1
"andeq r8, r0, ip, lsl 31",1
"andeq r0, r0, r0",1
"andeq r0, r0, r2, lsl r0",1
"andeq r0, r0, r1, lsr 3",1
"andeq sb, r0, r4, lsr r0",1
"andeq r0, r0, r0",1
"andeq r0, r0, r2, lsl r0",1
"andeq r0, r0, r7, asr 2",1
"andeq r8, r0, ip, lsr 30",1
"andeq r0, r0, r0",1
"andeq r0, r0, r2, lsl r0",1
"ldrdeq r0, r1, [r0], -r6",1
"andeq r8, r0, r4, lsr 28",1
"andeq r0, r0, r0",1
"andeq r0, r0, r2, lsl r0",1
"ldrdeq r0, r1, [r0], -r6",1
"andeq r8, r0, r0, asr pc",1
"andeq r0, r0, r0",1
"andeq r0, r0, r2, lsl r0",1
"andeq r0, r0, r7, lsr 3",1
"andeq r8, r0, ip, ror 31",1
"andeq r0, r0, r0",1
"andeq r0, r0, r2, lsl r0",1
"andeq r0, r0, r7, lsl r2",1
"andeq r8, r0, r8, ror 30",1
"andeq r0, r0, r0",1
"andeq r0, r0, r2, lsl r0",1
"strdeq r0, r1, [r0], -lr",1
"andeq r8, r0, r0, lsr 30",1
"andeq r0, r0, r0",1
"andeq r0, r0, r2, lsl r0",1
"andeq r0, r0, r7, lsr 5",1
"andeq r8, r0, ip, lsr 27",1
"andeq r0, r0, r0",1
"andeq r0, r0, r2, lsl r0",1
"andeq r0, r0, ip, lsr r2",1
"andeq r8, r0, r8, lsr 29",1
"andeq r0, r0, r0",1
"andeq r0, r0, r2, lsl r0",1
"andeq r0, r0, r5, asr r1",1
"andeq r8, r0, ip, asr pc",1
"andeq r0, r0, r0",1
"andeq r0, r0, r2, lsl r0",1
"muleq r0, sb, r1",1
"andeq r8, r0, r0, lsl 28",1
"andeq r0, r0, r0",1
"andeq r0, r0, r2, lsl r0",1
"ldrdeq r0, r1, [r0], -sl",1
"andeq r8, r0, r0, ror 31",1
"andeq r0, r0, r0",1
"andeq r0, r0, r2, lsl r0",1
"andeq r0, r0, sp, ror 4",1
"muleq r0, r4, sp",1
"andeq r0, r0, r0",1
"andeq r0, r0, r2, lsl r0",1
"strheq r0, [r0], -sb",1
"strheq r8, [r0], -r8",1
"andeq r0, r0, r0",1
"andeq r0, r0, r2, lsl r0",1
"andeq r0, r0, r4, ror r1",1
"andeq r8, r0, r8, lsl lr",1
"andeq r0, r0, r0",1
"andeq r0, r0, r2, lsl r0",1
"andeq r0, r0, r6, ror 1",1
"andeq r8, r0, r0, ror 28",1
"andeq r0, r0, r0",1
"andeq r0, r0, r2, lsl r0",1
"muleq r0, r0, r0",1
"muleq r0, ip, lr",1
"andeq r0, r0, r0",1
"andeq r0, r0, r2, lsl r0",1
"andeq r0, r0, lr, asr 2",1
"andeq r8, r0, r8, lsr pc",1
"andeq r0, r0, r0",1
"andeq r0, r0, r2, lsl r0",1
"strheq r0, [r0], -r6",1
"andeq sb, r0, ip, lsl r0",1
"andeq r0, r0, r0",1
"andeq r0, r0, r2, lsl r0",1
"strdeq r0, r1, [r0], -lr",1
"ldrdeq r8, sb, [r0], -r8",1
"andeq r0, r0, r0",1
"andeq r0, r0, r2, lsl r0",1
"andeq r0, r0, r6, lsr 4",1
"andeq r8, r0, r0, lsl 31",1
"andeq r0, r0, r0",1
"andeq r0, r0, r2, lsl r0",1
"andeq r0, r0, r0, lsr 3",1
"muleq r0, r8, pc",1
"andeq r0, r0, r0",1
"andeq r0, r0, r2, lsl r0",1
"andeq r0, r0, r3, lsl 5",1
"andeq r8, r0, r4, asr 27",1
"andeq r0, r0, r0",1
"andeq r0, r0, r2, lsl r0",1
"andeq r0, r0, r2, lsr r1",1
"ldrdeq r8, sb, [r0], -r0",1
"andeq r0, r0, r0",1
"andeq r0, r0, r2, lsl r0",1
"andeq r0, r0, r4, ror r2",1
"strdeq r8, sb, [r0], -r8",1
"andeq r0, r0, r0",1
"andeq r0, r0, r2, lsl r0",1
"andeq r0, r0, r5, lsl 4",1
"strdeq r8, sb, [r0], -ip",1
"andeq r0, r0, r0",1
"andeq r0, r0, r2, lsl r0",1
"strdeq r0, r1, [r0], -r0",1
"andeq r8, r0, r4, lsl pc",1
"andeq r0, r0, r0",1
"andeq r0, r0, r2, lsl r0",1
"muleq r0, r7, r0",1
"andeq r8, r0, r4, ror pc",1
"andeq r0, r0, r0",1
"andeq r0, r0, r2, lsl r0",1
"andeq r0, r0, sb, lsr r1",1
"andeq sb, r0, r0, lsl r0",1
"andeq r0, r0, r0",1
"andeq r0, r0, r2, lsl r0",1
"strheq r0, [r0], -pc",1
"andeq r8, r0, ip, lsl 28",1
"andeq r0, r0, r0",1
"andeq r0, r0, r2, lsl r0",1
"muleq r0, r0, r1",1
"andeq r8, r0, r4, lsr 31",1
"andeq r0, r0, r0",1
"andeq r0, r0, r2, lsl r0",1
"andeq r0, r0, r6, ror 3",1
"andeq sb, r0, r4",1
"andeq r0, r0, r0",1
"andeq r0, r0, r2, lsl r0",1
"andeq r0, r0, r6, asr 5",1
"andeq r6, r1, r0, lsl 29",1
"andeq r0, r0, r4",1
"andseq r0, r8, r1, lsl r0",1
"andeq r0, r0, r0, ror 1",1
"andeq r8, r0, r0, asr 29",1
"andeq r0, r0, r0",1
"andeq r0, r0, r2, lsl r0",1
"andeq r0, r0, r0, asr 2",1
"andeq r8, r0, r0, lsr 27",1
"andeq r0, r0, r0",1
"andeq r0, r0, r2, lsl r0",1
"andeq r0, r0, r6, asr 1",1
"andeq r8, r0, r4, asr lr",1
"andeq r0, r0, r0",1
"andeq r0, r0, r2, lsl r0",1
"andeq r0, r0, sp, lsr 4",1
"andeq r8, r0, r8, ror lr",1
"andeq r0, r0, r0",1
"andeq r0, r0, r2, lsl r0",1
"rsbvs r6, sb, 0, 24",1
svcpl 0x636367,1
svcvs 0x732e73,1
svcpl 0x312e,1
svcpl 0x4d5449,1
"ldrbvs r6, [r2, -0x564]!",1
"ldrbtvc r6, [r3], -0x967",1
"ldclmi p2, c7, [r4, -0x194]",1
"cdpvs p12, 6, c6, c15, c3, 2",1
"rsbvs r5, r1, 0x65000000",1
svcpl 0x656c,1
svcvs 0x6d675f,1
"ldrbtvc r5, [r3], -0xf6e",1
svcpl 0x747261,1
bmi 0x17c0978,1
"ldrbvs r5, [r2, -0xf76]",1
"ldrbtvc r6, [r3], -0x967",1
"mcrrvs p2, 6, r7, r3, c5",1
"ldrbvs r7, [r3, -0x361]!",1
"ldmdbmi pc, {r0, r1, r4, r5, r6} ^",1
"subsvc r4, pc, 84, 26",1
invalid,1
"ldrbtpl r6, [r2], -0x574",1
svcvs 0x6c434d,1
"cmpvs r4, lr, ror 10",1
"rsbeq r6, r5, r2, ror 24",1
"strbvs r5, [r1, -0xf5f]!",1
svcpl 0x696261,1
"ldmdbvs r7!, {r0, r2, r4, r5, r6, sb, sl, fp, sp, lr} ^",1
"cmpvs pc, 0x6e000000",1
"subsvc r7, pc, r0, ror r0",1
invalid,1
"cdphs p2, 6, c6, c3, c9, 3",1
"qsub16lo r6, lr, r3",1
"stclvs p6, c6, [r6], -0",1
"rsbeq r7, r8, r5, ror r3",1
"cmnvs r2, 0x73000000",1
svcpl 0x7970,1
"ldmdbvs r2!, {r0, r1, r2, r3, r4, r6, ip, sp, lr} ^",1
svcpl 0x66746e,1
"rsbeq r6, fp, r3, ror 16",1
"ldclvs p5, c6, [r4], -0x1cc",1
"stclvs p3, c6, [r1], -0x1bc",1
"rsbvs r0, sp, 0x65",1
invalid,1
"ldrbtvc r0, [r3], -0x63",1
"stclvs p14, c6, [r3, -0x1c8]!",1
"ldrbtvc r0, [r3], -0x70",1
"stmdavs r3!, {r1, r4, r5, r6, sb, ip, sp, lr} ^",1
"uqsub16vs r0, r6, r2",1
"ldmdavs r3!, {r2, r3, r5, r6, r8, sl, ip, sp, lr} ^",1
"stclvs p5, c7, [lr], -0x17c",1
"strbvs r6, [fp, -0x36f]!",1
invalid,1
"ldrbtvc r6, [r4], -0x567",1
"rsbseq r7, r4, r5, ror 16",1
svcvs 0x727265,1
invalid,1
"ldmdbvs r2!, {r0, r1, r2, r4, r5, r6, ip, sp, lr} ^",1
"andvc r7, r0, 0x6e000000",1
"stclvs p1, c6, [ip], -0x194",1
invalid,1
"ldrbtvc r6, [r2], -0xf62",1
"stmdavc r5!, {r8, sb, sl, fp, ip, lr} ^",1
"andvc r7, r0, sb, ror 8",1
"rsbvc r6, r7, 0x1c8",1
"ldmdbvs pc, {r0, r5, r6, r8, sl, fp, sp, lr} ^",1
invalid,1
svcvs 0x697461,1
invalid,1
svcpl 0x656d,1
"ldmdbvc r4!, {r0, r1, r2, r3, r4, r6, r8, sb, sp, lr} ^",1
invalid,1
"ldclvs p4, c7, [0x00000754]",1
"strbvc r5, [r3, -0xf62]!",1
invalid,1
"ldrbtvc r0, [r3], -0x78",1
"stclvs p4, c7, [pc], -0x1c8",1
"cmnvs r3, r0, lsl 18",1
"rsbseq r7, sb, r4, ror r4",1
"stclvs p1, c6, [ip], -0x18c",1
"movwvc r6, 0x36f",1
"strbvs r7, [ip, -0x274]!",1
"cdpvs p0, 7, c0, c5, c14, 3",1
"cmnvs r4, 0x19c00000",1
"stclvs p13, c6, [r5, -0]!",1
"rsbseq r6, r4, r3, ror r5",1
"rsbvc r5, r5, 0x17c",1
svcpl 0x6f6e72,1
invalid,1
"mcrvs p9, 3, r6, c15, c4, 3",1
"ldrbvs r6, [r0, -0xf00]!",1
"eorseq r3, r4, lr, ror 12",1
invalid,1
svcpl 0x706d,1
"rsbsvc r6, r0, 0x5f00000",1
"ldrbtvs r6, [r4], -sb, ror 28",1
blvs 0x1a196c4,1
"ldrbtvs r7, [r4], -0x300",1
"rsbseq r7, r4, pc, ror 10",1
"strbvs r7, [r5, -0x366]!",1
"ldrtlo r6, [r6], -0xf6b",1
"stclvs p13, c6, [r5, -0]!",1
"rsbseq r7, sb, r3, rrx",1
svcvs 0x6c6366,1
"strvs r6, [r0, -0x573]",1
invalid,1
invalid,1
invalid,1
invalid,1
"stmdbvs r1!, {sb, ip, sp, lr} ^",1
"stcvs p5, c6, [r0, -0x1cc]",1
"cdpvs p3, 6, c7, c9, c2, 3",1
svcpl 0x7469,1
"cmnvc r8, 0x5f00            ; ""xit status.  It is one of:\n""",1
"uhsub16lo r6, r4, r4",1
svcpl 0x5f0034,1
svcvs 0x6c6675,1
"stclvs p0, c0, [lr], -0x1dc",1
"mcrvs p12, 3, r6, c1, c15, 2",1
"strbtvs r6, [lr], -r7, ror 18",1
svcpl 0x5f006f,1
"cmnvs r4, r8, ror r3",1
"eorseq r3, r4, r4, ror r6",1
"strbtvc r5, [r3], -0xf5f",1
svcpl 0x657079,1
svcvs 0x6c5f62,1
"strbvs r0, [r7, -0x63]!",1
"uqsub16vc r6, lr, r4",1
"ldrbvs r5, [pc], -r0, lsl 30 ; [0x9c8:4]=0x676e69",1
"strbtvs r6, [r1], -0x572",1
"rsbeq r6, r7, sb, ror 28",1
"strbvs r7, [r4, -0x473]!",1
invalid,1
"mcrvs p3, 3, r6, c1, c3, 3",1
"strbvs r0, [r7, -0x66]!",1
"stmdbvs r7!, {r2, r4, r5, r6, r8, sl, sp, lr} ^",1
"stmdbvs r6!, {r2, r5, r6} ^",1
svcvs 0x6e656c,1
"rsbsvc r6, r7, 0, 12",1
"rsbeq r7, r5, sb, ror 8",1
"ldrbvs r6, [r4, -0x567]!",1
"rsbeq r6, r4, r5, ror sb",1
"rsbvc r5, r6, pc, asr pc",1
"stmdbvs r4!, {r0, r2, r5, r6, sb, sl, fp, sp, lr} ^",1
invalid,1
blvs 0x1959fd8,1
"andvc r3, r0, r6, lsr r4",1
"rsbvc r6, r7, 0x1c8",1
"ldmdbvs pc, {r0, r5, r6, r8, sl, fp, sp, lr} ^",1
invalid,1
svcvs 0x697461,1
"ldmdavs r3!, {r1, r2, r3, r5, r6, r8, sb, sl, fp, ip, lr} ^",1
svcpl 0x74726f,1
"strbvs r6, [sp, -0x16e]!",1
svcvs 0x646600,1
"rsbeq r6, lr, r0, ror r5",1
"strbtvs r6, [lr], -0x962",1
"ldrbtvc r6, [r8], -0x574",1
invalid,1
"movwvc r6, 0xe69",1
"stclvs p2, c7, [r3, -0x1d0]!",1
svcpl 0x5f0070,1
invalid,1
"cmnvs r4, pc, asr r3",1
"ldclvs p4, c7, [0x00000890]",1
"rsbeq r6, lr, r1, ror 18",1
"uqsaxvc r5, pc, pc",1
"stclvs p2, c7, [r6], -0x194",1
"strvs r7, [r0], -pc, ror 14",1
"cmnvc r4, 112, 10           ; 0x70",1
"stclvs p5, c7, [lr], -0x17c",1
"strbvs r6, [fp, -0x36f]!",1
"rsbvc r0, r6, 0x64",1
svcpl 0x6565,1
svcvs 0x72705f,1
"stclvs p14, c6, [r1, -0x19c]!",1
svcpl 0x5f0065,1
invalid,1
"strbvs r6, [sp, -0x16e]!",1
"ldclvs p6, c6, [r5], -0x17c",1
svcpl 0x5f006c,1
svcpl 0x617863,1
"stmdavc r5!, {r0, r5, r6, sl, ip, sp, lr} ^",1
"strmi r7, [r0, -sb, ror 8]",1
"movtmi r4, 0x294c",1
"strtlo r3, [lr], -0x25f",1
"movtmi r4, 0x3700",1
"strlo r3, [lr, -0x35f]!",1
"andeq r0, r0, r0",1
"andeq r0, r0, r2",1
"andeq r0, r0, r0",1
"andeq r0, r3, r0",1
"andeq r0, r3, r3",1
"andeq r0, r3, r3",1
"andeq r0, r3, r3",1
"andeq r0, r3, r3",1
"andeq r0, r3, r3",1
"andeq r0, r3, r3",1
"andeq r0, r3, r3",1
"andeq r0, r3, r3",1
"andeq r0, r3, r3",1
"andeq r0, r3, r3",1
"andeq r0, r3, r3",1
"andeq r0, r3, r3",1
"andeq r0, r3, r3",1
"andeq r0, r3, r3",1
"andeq r0, r3, r3",1
"andeq r0, r3, r3",1
"andeq r0, r3, r3",1
"andeq r0, r3, r3",1
"andeq r0, r3, r3",1
"andeq r0, r3, r3",1
"andeq r0, r3, r3",1
"andeq r0, r3, r3",1
"andeq r0, r3, r3",1
"andeq r0, r3, r3",1
"andeq r0, r3, r3",1
"andeq r0, r3, r3",1
"andeq r0, r3, r3",1
"andeq r0, r3, r3",1
"andeq r0, r3, r3",1
"andeq r0, r3, r3",1
"andeq r0, r3, r3",1
"andeq r0, r1, r1",1
"andeq r0, r0, pc, ror r0",1
"andeq r0, r0, r0, lsl r0",1
"andeq r0, r0, r0, lsr 32",1
"stcleq p9, c6, [sb, -0x50]!",1
"andeq r0, r3, r0",1
"andeq r0, r0, r3, ror 5",1
"andeq r0, r0, r0",1
"andeq r0, r1, r1",1
"andeq r0, r0, r1",1
"andeq r0, r0, r0, lsl r0",1
"andeq r0, r0, r0",1
bleq 0x1e4a4c8,1
"andeq r0, r2, r0",1
"andeq r0, r0, sp, ror 5",1
"andeq r0, r0, r0",1
"andeq r6, r1, r4, lsr 28",1
"andeq r0, r0, r5, lsl r3",1
"andeq r6, r1, r8, ror lr",1
"andeq r0, r0, r4, lsl r6",1
"andeq r6, r1, r0, lsl 29",1
"andeq r4, r0, r4, lsl r0",1
"andeq r6, r1, r8, lsl 29",1
"andeq r1, r0, r4, lsl r5",1
"andeq r6, r1, ip, lsl 29",1
"andeq r1, r0, r4, lsl fp",1
"andeq r6, r1, ip, lsr sp",1
"andeq r2, r0, r6, lsl ip",1
"andeq r6, r1, r0, asr 26",1
"andeq r4, r0, r6, lsl r2",1
"andeq r6, r1, r4, asr 26",1
"andeq r2, r0, r6, lsl r7",1
"andeq r6, r1, r8, asr 26",1
"andeq r2, r0, r6, lsl sp",1
"andeq r6, r1, ip, asr 26",1
"andeq r3, r0, r6, lsl r6",1
"andeq r6, r1, r0, asr sp",1
"andeq r3, r0, r6, lsl r7",1
"andeq r6, r1, r4, asr sp",1
"andeq r0, r0, r6, lsl fp",1
"andeq r6, r1, r8, asr sp",1
"andeq r0, r0, r6, lsl sp",1
"andeq r6, r1, ip, asr sp",1
"andeq r0, r0, r6, lsl lr",1
"andeq r6, r1, r0, ror 26",1
"andeq r2, r0, r6, lsl sl",1
"andeq r6, r1, r4, ror 26",1
"andeq r3, r0, r6, lsl sp",1
"andeq r6, r1, r8, ror 26",1
"andeq r2, r0, r6, lsl lr",1
"andeq r6, r1, ip, ror 26",1
"andeq r2, r0, r6, lsl r2",1
"andeq r6, r1, r0, ror sp",1
"andeq r0, r0, r6, lsl pc",1
"andeq r6, r1, r4, ror sp",1
"andeq r1, r0, r6, lsl r4",1
"andeq r6, r1, r8, ror sp",1
"andeq r1, r0, r6, lsl lr",1
"andeq r6, r1, ip, ror sp",1
"andeq r4, r0, r6, lsl r3",1
"andeq r6, r1, r0, lsl 27",1
"andeq r2, r0, r6, lsl pc",1
"andeq r6, r1, r4, lsl 27",1
"andeq r1, r0, r6, lsl sb",1
"andeq r6, r1, r8, lsl 27",1
"andeq r4, r0, r6, lsl r4",1
"andeq r6, r1, ip, lsl 27",1
"andeq r0, r0, r6, lsl ip",1
"muleq r1, r0, sp",1
"andeq r1, r0, r6, lsl r6",1
"muleq r1, r4, sp",1
"andeq r3, r0, r6, lsl r0",1
"muleq r1, r8, sp",1
"andeq r2, r0, r6, lsl r8",1
"muleq r1, ip, sp",1
"andeq r1, r0, r6, lsl sl",1
"andeq r6, r1, r0, lsr 27",1
"andeq r4, r0, r6, lsl r1",1
"andeq r6, r1, r4, lsr 27",1
"andeq r1, r0, r6, lsl r7",1
"andeq r6, r1, r8, lsr 27",1
"andeq r3, r0, r6, lsl r3",1
"andeq r6, r1, ip, lsr 27",1
"andeq r0, r0, r6, lsl r7",1
"strheq r6, [r1], -r0",1
"andeq r1, r0, r6, lsl r2",1
"strheq r6, [r1], -r4",1
"andeq r3, r0, r6, lsl sb",1
"strheq r6, [r1], -r8",1
"andeq r0, r0, r6, lsl r3",1
"strheq r6, [r1], -ip",1
"andeq r3, r0, r6, lsl sl",1
"andeq r6, r1, r0, asr 27",1
"andeq r2, r0, r6, lsl r6",1
"andeq r6, r1, r4, asr 27",1
"andeq r2, r0, r6, lsl r1",1
"andeq r6, r1, r8, asr 27",1
"andeq r3, r0, r6, lsl r1",1
"andeq r6, r1, ip, asr 27",1
"andeq r0, r0, r6, lsl sl",1
"ldrdeq r6, r7, [r1], -r0",1
"andeq r2, r0, r6, lsl r3",1
"ldrdeq r6, r7, [r1], -r4",1
"andeq r2, r0, r6, lsl sb",1
"ldrdeq r6, r7, [r1], -r8",1
"andeq r2, r0, r6, lsl r5",1
"ldrdeq r6, r7, [r1], -ip",1
"andeq r3, r0, r6, lsl fp",1
"andeq r6, r1, r0, ror 27",1
"andeq r3, r0, r6, lsl r4",1
"andeq r6, r1, r4, ror 27",1
"andeq r1, r0, r6, lsl pc",1
"andeq r6, r1, r8, ror 27",1
"andeq r3, r0, r6, lsl r5",1
"andeq r6, r1, ip, ror 27",1
"andeq r3, r0, r6, lsl lr",1
"strdeq r6, r7, [r1], -r0",1
"andeq r1, r0, r6, lsl ip",1
"strdeq r6, r7, [r1], -r4",1
"andeq r0, r0, r6, lsl sb",1
"strdeq r6, r7, [r1], -r8",1
"andeq r0, r0, r6, lsl r8",1
"strdeq r6, r7, [r1], -ip",1
"andeq r1, r0, r6, lsl r8",1
"andeq r6, r1, r0, lsl 28",1
"andeq r2, r0, r6, lsl fp",1
"andeq r6, r1, r4, lsl 28",1
"andeq r2, r0, r6, lsl r4",1
"andeq r6, r1, r8, lsl 28",1
"andeq r3, r0, r6, lsl r8",1
"andeq r6, r1, ip, lsl 28",1
"andeq r3, r0, r6, lsl pc",1
"andeq r6, r1, r0, lsl lr",1
"andeq r3, r0, r6, lsl ip",1
"andeq r6, r1, r4, lsl lr",1
"andeq r3, r0, r6, lsl r2",1
"andeq r6, r1, r8, lsl lr",1
"andeq r1, r0, r6, lsl sp",1
"andeq r6, r1, ip, lsl lr",1
"andeq r2, r0, r6, lsl r0",1
"andeq r6, r1, r0, lsr 28",1
"andeq r1, r0, r6, lsl r1",0
"push {r3, lr}",0
bl 0x1088,0
"pop {r3, pc}",0
"str lr, [sp, -4]!",0
"ldr lr, [0x00000d90]        ; [0xd90:4]=0xdfa0",0
"add lr, pc, lr",0
"ldr pc, [lr, 8]!",0
"andeq sp, r0, r0, lsr 31",0
"add ip, pc, 0, 12",0
"add ip, ip, 0xd000",0
"ldr pc, [ip, 0xfa0]!",0
"add ip, pc, 0, 12",0
"add ip, ip, 0xd000",0
"ldr pc, [ip, 0xf98]!",0
"add ip, pc, 0, 12",0
"add ip, ip, 0xd000",0
"ldr pc, [ip, 0xf90]!",0
"add ip, pc, 0, 12",0
"add ip, ip, 0xd000",0
"ldr pc, [ip, 0xf88]!",0
"add ip, pc, 0, 12",0
"add ip, ip, 0xd000",0
"ldr pc, [ip, 0xf80]!",0
"add ip, pc, 0, 12",0
"add ip, ip, 0xd000",0
"ldr pc, [ip, 0xf78]!",0
"add ip, pc, 0, 12",0
"add ip, ip, 0xd000",0
"ldr pc, [ip, 0xf70]!",0
"add ip, pc, 0, 12",0
"add ip, ip, 0xd000",0
"ldr pc, [ip, 0xf68]!",0
"add ip, pc, 0, 12",0
"add ip, ip, 0xd000",0
"ldr pc, [ip, 0xf60]!",0
"add ip, pc, 0, 12",0
"add ip, ip, 0xd000",0
"ldr pc, [ip, 0xf58]!",0
"add ip, pc, 0, 12",0
"add ip, ip, 0xd000",0
"ldr pc, [ip, 0xf50]!",0
"add ip, pc, 0, 12",0
"add ip, ip, 0xd000",0
"ldr pc, [ip, 0xf48]!",0
"add ip, pc, 0, 12",0
"add ip, ip, 0xd000",0
"ldr pc, [ip, 0xf40]!",0
"add ip, pc, 0, 12",0
"add ip, ip, 0xd000",0
"ldr pc, [ip, 0xf38]!",0
"add ip, pc, 0, 12",0
"add ip, ip, 0xd000",0
"ldr pc, [ip, 0xf30]!",0
"add ip, pc, 0, 12",0
"add ip, ip, 0xd000",0
"ldr pc, [ip, 0xf28]!",0
"add ip, pc, 0, 12",0
"add ip, ip, 0xd000",0
"ldr pc, [ip, 0xf20]!",0
"add ip, pc, 0, 12",0
"add ip, ip, 0xd000",0
"ldr pc, [ip, 0xf18]!",0
"add ip, pc, 0, 12",0
"add ip, ip, 0xd000",0
"ldr pc, [ip, 0xf10]!",0
"add ip, pc, 0, 12",0
"add ip, ip, 0xd000",0
"ldr pc, [ip, 0xf08]!",0
"add ip, pc, 0, 12",0
"add ip, ip, 0xd000",0
"ldr pc, [ip, 0xf00]!",0
"add ip, pc, 0, 12",0
"add ip, ip, 0xd000",0
"ldr pc, [ip, 0xef8]!",0
"add ip, pc, 0, 12",0
"add ip, ip, 0xd000",0
"ldr pc, [ip, 0xef0]!",0
"add ip, pc, 0, 12",0
"add ip, ip, 0xd000",0
"ldr pc, [ip, 0xee8]!",0
"add ip, pc, 0, 12",0
"add ip, ip, 0xd000",0
"ldr pc, [ip, 0xee0]!",0
"add ip, pc, 0, 12",0
"add ip, ip, 0xd000",0
"ldr pc, [ip, 0xed8]!",0
"add ip, pc, 0, 12",0
"add ip, ip, 0xd000",0
"ldr pc, [ip, 0xed0]!",0
"add ip, pc, 0, 12",0
"add ip, ip, 0xd000",0
"ldr pc, [ip, 0xec8]!",0
"add ip, pc, 0, 12",0
"add ip, ip, 0xd000",0
"ldr pc, [ip, 0xec0]!",0
"add ip, pc, 0, 12",0
"add ip, ip, 0xd000",0
"ldr pc, [ip, 0xeb8]!",0
"add ip, pc, 0, 12",0
"add ip, ip, 0xd000",0
"ldr pc, [ip, 0xeb0]!",0
"add ip, pc, 0, 12",0
"add ip, ip, 0xd000",0
"ldr pc, [ip, 0xea8]!",0
"add ip, pc, 0, 12",0
"add ip, ip, 0xd000",0
"ldr pc, [ip, 0xea0]!",0
"add ip, pc, 0, 12",0
"add ip, ip, 0xd000",0
"ldr pc, [ip, 0xe98]!",0
"add ip, pc, 0, 12",0
"add ip, ip, 0xd000",0
"ldr pc, [ip, 0xe90]!",0
"add ip, pc, 0, 12",0
"add ip, ip, 0xd000",0
"ldr pc, [ip, 0xe88]!",0
"add ip, pc, 0, 12",0
"add ip, ip, 0xd000",0
"ldr pc, [ip, 0xe80]!",0
"add ip, pc, 0, 12",0
"add ip, ip, 0xd000",0
"ldr pc, [ip, 0xe78]!",0
"add ip, pc, 0, 12",0
"add ip, ip, 0xd000",0
"ldr pc, [ip, 0xe70]!",0
"add ip, pc, 0, 12",0
"add ip, ip, 0xd000",0
"ldr pc, [ip, 0xe68]!",0
"add ip, pc, 0, 12",0
"add ip, ip, 0xd000",0
"ldr pc, [ip, 0xe60]!",0
"add ip, pc, 0, 12",0
"add ip, ip, 0xd000",0
"ldr pc, [ip, 0xe58]!",0
"add ip, pc, 0, 12",0
"add ip, ip, 0xd000",0
"ldr pc, [ip, 0xe50]!",0
"add ip, pc, 0, 12",0
"add ip, ip, 0xd000",0
"ldr pc, [ip, 0xe48]!",0
"add ip, pc, 0, 12",0
"add ip, ip, 0xd000",0
"ldr pc, [ip, 0xe40]!",0
"add ip, pc, 0, 12",0
"add ip, ip, 0xd000",0
"ldr pc, [ip, 0xe38]!",0
"add ip, pc, 0, 12",0
"add ip, ip, 0xd000",0
"ldr pc, [ip, 0xe30]!",0
"add ip, pc, 0, 12",0
"add ip, ip, 0xd000",0
"ldr pc, [ip, 0xe28]!",0
"add ip, pc, 0, 12",0
"add ip, ip, 0xd000",0
"ldr pc, [ip, 0xe20]!",0
"add ip, pc, 0, 12",0
"add ip, ip, 0xd000",0
"ldr pc, [ip, 0xe18]!",0
"add ip, pc, 0, 12",0
"add ip, ip, 0xd000",0
"ldr pc, [ip, 0xe10]!",0
"add ip, pc, 0, 12",0
"add ip, ip, 0xd000",0
"ldr pc, [ip, 0xe08]!",0
"add ip, pc, 0, 12",0
"add ip, ip, 0xd000",0
"ldr pc, [ip, 0xe00]!",0
"add ip, pc, 0, 12",0
"add ip, ip, 0xd000",0
"ldr pc, [ip, 0xdf8]!",0
"add ip, pc, 0, 12",0
"add ip, ip, 0xd000",0
"ldr pc, [ip, 0xdf0]!",0
"add ip, pc, 0, 12",0
"add ip, ip, 0xd000",0
"ldr pc, [ip, 0xde8]!",0
"add ip, pc, 0, 12",0
"add ip, ip, 0xd000",0
"ldr pc, [ip, 0xde0]!",0
"add ip, pc, 0, 12",0
"add ip, ip, 0xd000",0
"ldr pc, [ip, 0xdd8]!",0
"mov fp, 0",0
"mov lr, 0",0
pop {r1},0
"mov r2, sp",0
"str r2, [sp, -4]!",0
"str r0, [sp, -4]!",0
"ldr ip, [0x0000107c]        ; [0x107c:4]=0xdc50",0
"str ip, [sp, -4]!",0
"ldr r0, [0x00001080]        ; [0x1080:4]=0xabf8",0
"ldr r3, [0x00001084]        ; [0x1084:4]=0xdbec",0
bl 0xef0,0
bl 0x1028,0
"andeq sp, r0, r0, asr ip",0
"strdeq sl, fp, [r0], -r8",0
"andeq sp, r0, ip, ror 23",0
"ldr r3, [0x000010a4]        ; [0x10a4:4]=0xdc98",0
"ldr r2, [0x000010a8]        ; [0x10a8:4]=244",0
"add r3, pc, r3",0
"ldr r2, [r3, r2]",0
"cmp r2, 0",0
bxeq lr,0
b 0xf08,0
"muleq r0, r8, ip",0
"strdeq r0, r1, [r0], -r4",0
"push {r3, lr}",0
"ldr r0, [0x000010d8]        ; [0x10d8:4]=0x16e78",0
"ldr r3, [0x000010dc]        ; [0x10dc:4]=0x16e7b",0
"rsb r3, r0, r3",0
"cmp r3, 6",0
"popls {r3, pc}",0
"ldr r3, [0x000010e0]        ; [0x10e0:4]=0",0
"cmp r3, 0",0
"popeq {r3, pc}",0
blx r3,0
"pop {r3, pc}",0
"andeq r6, r1, r8, ror lr",0
"andeq r6, r1, fp, ror lr",0
"andeq r0, r0, r0",0
"ldr r0, [0x00001118]        ; [0x1118:4]=0x16e78",0
"ldr r1, [0x0000111c]        ; [0x111c:4]=0x16e78",0
"push {r3, lr}",0
"rsb r1, r0, r1",0
"asr r1, r1, 2",0
"add r1, r1, r1, lsr 31",0
"asrs r1, r1, 1",0
"popeq {r3, pc}",0
"ldr r3, [0x00001120]        ; [0x1120:4]=0",0
"cmp r3, 0",0
"popeq {r3, pc}",0
blx r3,0
"pop {r3, pc}",0
"andeq r6, r1, r8, ror lr",0
"andeq r6, r1, r8, ror lr",0
"andeq r0, r0, r0",0
"push {r4, lr}",0
"ldr r4, [0x00001148]        ; [0x1148:4]=0x16e90",0
"ldrb r3, [r4]",0
"cmp r3, 0",0
"popne {r4, pc}",0
bl 0x10ac,0
"mov r3, 1",0
"strb r3, [r4]",0
"pop {r4, pc}",0
"muleq r1, r0, lr",0
"ldr r0, [0x00001178]        ; [0x1178:4]=0x16c3c",0
"push {r3, lr}",0
"ldr r3, [r0]",0
"cmp r3, 0",0
beq 0x1170,0
"ldr r3, [0x0000117c]        ; [0x117c:4]=0",0
"cmp r3, 0",0
beq 0x1170,0
blx r3,0
"pop {r3, lr}",0
b 0x10e4,0
"andeq r6, r1, ip, lsr ip",0
"andeq r0, r0, r0",0
"ldrb r3, [r0]",0
"subs r2, r3, 0x3d",0
bne 0x1198,0
"ldrb r1, [r0, 1]",0
"cmp r1, 0",0
beq 0x12ec,0
"cmp r3, 0x21",0
bne 0x11b8,0
"ldrb r1, [r0, 1]",0
"cmp r1, 0x3d",0
bne 0x11b8,0
"ldrb r1, [r0, 2]",0
"cmp r1, 0",0
beq 0x12f4,0
"cmp r2, 0",0
bne 0x11d8,0
"ldrb r2, [r0, 1]",0
"cmp r2, 0x3d",0
bne 0x11d8,0
"ldrb r2, [r0, 2]",0
"cmp r2, 0",0
beq 0x12fc,0
"subs r3, r3, 0x2d",0
bne 0x12e0,0
"ldrb r3, [r0, 1]",0
"cmp r3, 0x6e",0
bne 0x1208,0
"ldrb r2, [r0, 2]",0
"cmp r2, 0x74",0
bne 0x122c,0
"ldrb r2, [r0, 3]",0
"cmp r2, 0",0
bne 0x122c,0
b 0x1304,0
"cmp r3, 0x6f",0
bne 0x122c,0
"ldrb r2, [r0, 2]",0
"cmp r2, 0x74",0
bne 0x1354,0
"ldrb r2, [r0, 3]",0
"cmp r2, 0",0
bne 0x1354,0
b 0x130c,0
"cmp r3, 0x65",0
bne 0x1354,0
"ldrb r2, [r0, 2]",0
"cmp r2, 0x66",0
bne 0x1344,0
"ldrb r2, [r0, 3]",0
"cmp r2, 0",0
bne 0x1344,0
b 0x1314,0
"ldrb r2, [r0, 3]",0
"cmp r2, 0",0
bne 0x127c,0
b 0x131c,0
"ldrb r2, [r0, 2]",0
"cmp r2, 0x65",0
bne 0x1370,0
"ldrb r2, [r0, 3]",0
"cmp r2, 0",0
bne 0x1370,0
b 0x1324,0
"cmp r3, 0x6c",0
bne 0x1370,0
"ldrb r2, [r0, 2]",0
"cmp r2, 0x74",0
bne 0x1360,0
"ldrb r2, [r0, 3]",0
"cmp r2, 0",0
bne 0x1360,0
b 0x132c,0
"ldrb r2, [r0, 3]",0
"cmp r2, 0",0
bne 0x12cc,0
b 0x1334,0
"ldrb r3, [r0, 2]",0
"cmp r3, 0x74",0
bne 0x12d4,0
"ldrb r3, [r0, 3]",0
"cmp r3, 0",0
bne 0x12d4,0
b 0x133c,0
"subs r3, r3, 0x67",0
bne 0x12e0,0
"ldrb r3, [r0, 2]",0
"subs r3, r3, 0x65",0
"ldrbeq r3, [r0, 3]",0
"rsbs r0, r3, 1",0
"movlo r0, 0",0
bx lr,0
"mov r0, 1",0
bx lr,0
"mov r0, 1",0
bx lr,0
"mov r0, 1",0
bx lr,0
"mov r0, 1",0
bx lr,0
"mov r0, 1",0
bx lr,0
"mov r0, 1",0
bx lr,0
"mov r0, 1",0
bx lr,0
"mov r0, 1",0
bx lr,0
"mov r0, 1",0
bx lr,0
"mov r0, 1",0
bx lr,0
"mov r0, 1",0
bx lr,0
"ldrb r2, [r0, 2]",0
"cmp r2, 0x71",0
beq 0x1250,0
b 0x127c,0
"cmp r3, 0x6e",0
beq 0x1260,0
b 0x127c,0
"ldrb r2, [r0, 2]",0
"cmp r2, 0x65",0
beq 0x12a0,0
b 0x12cc,0
"cmp r3, 0x67",0
beq 0x12b0,0
b 0x12cc,0
"ldrb r3, [r0]",0
"cmp r3, 0x2d",0
bne 0x1474,0
"ldrb r3, [r0, 1]",0
"sub r3, r3, 0x47",0
"cmp r3, 0x33",0
"ldrls pc, [pc, r3, lsl 2]   ; [0x139c:4]=0x946c",0
b 0x147c,0
"andeq sb, r0, ip, ror 8",0
"andeq sb, r0, ip, ror r4",0
"andeq sb, r0, ip, ror r4",0
"andeq sb, r0, ip, ror r4",0
"andeq sb, r0, ip, ror r4",0
"andeq sb, r0, ip, ror 8",0
"andeq sb, r0, ip, ror r4",0
"andeq sb, r0, ip, ror 8",0
"andeq sb, r0, ip, ror 8",0
"andeq sb, r0, ip, ror r4",0
"andeq sb, r0, ip, ror r4",0
"andeq sb, r0, ip, ror r4",0
"andeq sb, r0, ip, ror 8",0
"andeq sb, r0, ip, ror r4",0
"andeq sb, r0, ip, ror r4",0
"andeq sb, r0, ip, ror r4",0
"andeq sb, r0, ip, ror r4",0
"andeq sb, r0, ip, ror r4",0
"andeq sb, r0, ip, ror r4",0
"andeq sb, r0, ip, ror r4",0
"andeq sb, r0, ip, ror r4",0
"andeq sb, r0, ip, ror r4",0
"andeq sb, r0, ip, ror r4",0
"andeq sb, r0, ip, ror r4",0
"andeq sb, r0, ip, ror r4",0
"andeq sb, r0, ip, ror r4",0
"andeq sb, r0, ip, ror 8",0
"andeq sb, r0, ip, ror 8",0
"andeq sb, r0, ip, ror 8",0
"andeq sb, r0, ip, ror 8",0
"andeq sb, r0, ip, ror 8",0
"andeq sb, r0, ip, ror 8",0
"andeq sb, r0, ip, ror 8",0
"andeq sb, r0, ip, ror 8",0
"andeq sb, r0, ip, ror r4",0
"andeq sb, r0, ip, ror r4",0
"andeq sb, r0, ip, ror 8",0
"andeq sb, r0, ip, ror r4",0
"andeq sb, r0, ip, ror r4",0
"andeq sb, r0, ip, ror 8",0
"andeq sb, r0, ip, ror 8",0
"andeq sb, r0, ip, ror 8",0
"andeq sb, r0, ip, ror r4",0
"andeq sb, r0, ip, ror 8",0
"andeq sb, r0, ip, ror 8",0
"andeq sb, r0, ip, ror 8",0
"andeq sb, r0, ip, ror 8",0
"andeq sb, r0, ip, ror r4",0
"andeq sb, r0, ip, ror 8",0
"andeq sb, r0, ip, ror 8",0
"andeq sb, r0, ip, ror r4",0
"andeq sb, r0, ip, ror 8",0
"mov r0, 1",0
bx lr,0
"mov r0, 0",0
bx lr,0
"mov r0, 0",0
bx lr,0
"ldr r3, [0x000014ac]        ; [0x14ac:4]=0x16e94",0
"ldr r2, [r3]",0
"ldr r1, [r3, 4]",0
"ldr r1, [r1, r2, lsl 2]",0
"ldrb r0, [r1]",0
"add r2, r2, 1",0
"str r2, [r3]",0
"adds r0, r0, 0",0
"movne r0, 1",0
bx lr,0
"muleq r1, r4, lr",0
"push {r4, lr}",0
"sub sp, sp, 0x68",0
"mov r3, r0",0
"mov r4, r1",0
"mov r0, 3",0
"mov r1, r3",0
"mov r2, sp",0
bl 0x1004,0
"rsbs r0, r0, 1",0
"movlo r0, 0",0
"cmp r0, 0",0
"ldrne r3, [sp, 0x50]",0
"strne r3, [r4]",0
"ldrne r3, [sp, 0x54]",0
"strne r3, [r4, 4]",0
"add sp, sp, 0x68",0
"pop {r4, pc}",0
"push {r3, lr}",0
"mov r6, r0",0
"mov r5, r1",0
"ldr r4, [0x00001574]        ; [0x1574:4]=0x16e88",0
"ldr r3, [0x00001578]        ; [0x1578:4]=0x16e94",0
"ldr r3, [r3, 4]",0
"ldr r0, [r4]",0
"mov r1, 1",0
"ldr r2, [0x0000157c]        ; [0x157c:4]=0xdc8c",0
"ldr r3, [r3]",0
bl 0xf8c,0
"ldr r0, [r4]",0
"mov r1, 1",0
"mov r2, r6",0
"mov r3, r5",0
bl 0xf8c,0
"ldr r0, [r4]",0
"ldr r3, [r0, 0x14]",0
"ldr r2, [r0, 0x18]",0
"cmp r3, r2",0
"movlo r2, 0xa",0
"strblo r2, [r3], 1",0
"strlo r3, [r0, 0x14]",0
blo 0x1560,0
"mov r1, 0xa",0
bl 0xfbc,0
b 0x1560,0
"ldr r3, [0x00001574]        ; [0x1574:4]=0x16e88",0
"ldr r0, [r3]",0
bl 0xe54,0
"mov r0, 2",0
bl 0xf20,0
"andeq r6, r1, r8, lsl 29",0
"muleq r1, r4, lr",0
"andeq sp, r0, ip, lsl 25",0
"push {r3, r4, r5, lr}",0
"mov r4, r0",0
bl 0xf14,0
"ldr ip, [r0]",0
"mov r2, r4",0
"mov r0, r2",0
"ldrb r3, [r2], 1",0
"lsl r1, r3, 1",0
"ldrh r1, [ip, r1]",0
"tst r1, 1",0
bne 0x1594,0
"cmp r3, 0x2b",0
"moveq r3, r2",0
"moveq r0, r3",0
beq 0x15c8,0
"cmp r3, 0x2d",0
"movne r3, r0",0
"addeq r3, r0, 1",0
"add r2, r3, 1",0
"ldrb r1, [r3]",0
"sub r1, r1, 0x30",0
"cmp r1, 9",0
bhi 0x1638,0
"ldrb r1, [r3, 1]",0
"sub r1, r1, 0x30",0
"cmp r1, 9",0
bhi 0x1608,0
"add r3, r3, 2",0
"mov r2, r3",0
"add r3, r3, 1",0
"ldrb r1, [r2]",0
"sub r1, r1, 0x30",0
"cmp r1, 9",0
bls 0x15f0,0
"ldrb r3, [r2]",0
"lsl r1, r3, 1",0
"ldrh r1, [ip, r1]",0
"tst r1, 1",0
beq 0x1630,0
"ldrb r3, [r2, 1]!",0
"lsl r1, r3, 1",0
"ldrh r1, [ip, r1]",0
"tst r1, 1",0
bne 0x161c,0
"cmp r3, 0",0
"popeq {r3, r4, r5, pc}",0
"mov r0, 0",0
"ldr r1, [0x00001660]        ; [0x1660:4]=0xdc94",0
"mov r2, 5",0
bl 0xe24,0
"mov r5, r0",0
"mov r0, r4",0
bl 0x4664,0
"mov r1, r0",0
"mov r0, r5",0
bl 0x14f4,0
"muleq r0, r4, ip",0
"push {r3, lr}",0
"mov r0, 0",0
"ldr r1, [0x000016a0]        ; [0x16a0:4]=0xdca8",0
"mov r2, 5",0
bl 0xe24,0
"mov r4, r0",0
"ldr r3, [0x000016a4]        ; [0x16a4:4]=0x16e94",0
"ldr r2, [r3, 8]",0
"sub r2, r2, 1",0
"ldr r3, [r3, 4]",0
"ldr r0, [r3, r2, lsl 2]",0
bl 0x4664,0
"mov r1, r0",0
"mov r0, r4",0
bl 0x14f4,0
"andeq sp, r0, r8, lsr 25",0
"muleq r1, r4, lr",0
"push {r3, lr}",0
"ldr r3, [0x000016d4]        ; [0x16d4:4]=0x16e94",0
"ldr r2, [r3]",0
"add r2, r2, 1",0
"str r2, [r3]",0
"cmp r0, 0",0
"popeq {r3, pc}",0
"ldr r3, [r3, 8]",0
"cmp r2, r3",0
"poplt {r3, pc}",0
bl 0x1664,0
"muleq r1, r4, lr",0
"push {r3, lr}",0
"mov r0, 1",0
bl 0x16a8,0
"ldr r3, [0x000016f8]        ; [0x16f8:4]=0x16e94",0
"ldr r2, [r3]",0
"add r2, r2, 1",0
"str r2, [r3]",0
"pop {r3, pc}",0
"muleq r1, r4, lr",0
"push {r4, r5, lr}",0
"sub sp, sp, 0x6c",0
"ldr r3, [0x00001d60]        ; [0x1d60:4]=0x16e94",0
"ldr r4, [r3, 4]",0
"ldr r3, [r3]",0
"ldr r3, [r4, r3, lsl 2]",0
"ldrb r3, [r3, 1]",0
"sub r3, r3, 0x47",0
"cmp r3, 0x33",0
"ldrls pc, [pc, r3, lsl 2]   ; [0x1728:4]=0x9910",0
b 0x1d50,0
"andeq sb, r0, r0, lsl sb",0
"andeq sb, r0, r0, asr sp",0
"andeq sb, r0, r0, asr sp",0
"andeq sb, r0, r0, asr sp",0
"andeq sb, r0, r0, asr sp",0
"muleq r0, ip, fp",0
"andeq sb, r0, r0, asr sp",0
"andeq sb, r0, r0, asr sp",0
"muleq r0, ip, r8",0
"andeq sb, r0, r0, asr sp",0
"andeq sb, r0, r0, asr sp",0
"andeq sb, r0, r0, asr sp",0
"andeq sb, r0, ip, ror 20",0
"andeq sb, r0, r0, asr sp",0
"andeq sb, r0, r0, asr sp",0
"andeq sb, r0, r0, asr sp",0
"andeq sb, r0, r0, asr sp",0
"andeq sb, r0, r0, asr sp",0
"andeq sb, r0, r0, asr sp",0
"andeq sb, r0, r0, asr sp",0
"andeq sb, r0, r0, asr sp",0
"andeq sb, r0, r0, asr sp",0
"andeq sb, r0, r0, asr sp",0
"andeq sb, r0, r0, asr sp",0
"andeq sb, r0, r0, asr sp",0
"andeq sb, r0, r0, asr sp",0
"strdeq sb, sl, [r0], -r8",0
"andeq sb, r0, r4, lsl 22",0
"strheq sb, [r0], -r8",0
"ldrdeq sb, sl, [r0], -r0",0
"strdeq sb, sl, [r0], -r8",0
"andeq sb, r0, r4, lsl 19",0
"andeq sb, r0, r4, lsr 24",0
"muleq r0, ip, fp",0
"andeq sb, r0, r0, asr sp",0
"andeq sb, r0, r0, asr sp",0
"andeq sb, r0, r0, ror 24",0
"andeq sb, r0, r0, asr sp",0
"andeq sb, r0, r0, asr sp",0
"andeq sb, r0, r8, lsl 26",0
"andeq sb, r0, r0, asr sp",0
"andeq sb, r0, r0, asr fp",0
"andeq sb, r0, r0, asr sp",0
"andeq sb, r0, r4, lsr 16",0
"andeq sb, r0, ip, lsl sl",0
"muleq r0, ip, ip",0
"andeq sb, r0, r8, ror 23",0
"andeq sb, r0, r0, asr sp",0
"andeq sb, r0, ip, asr 16",0
"andeq sb, r0, r4, ror r8",0
"andeq sb, r0, r0, asr sp",0
"andeq sb, r0, ip, lsr 26",0
bl 0x16d8,0
"ldr r3, [0x00001d60]        ; [0x1d60:4]=0x16e94",0
"ldr r3, [r3]",0
"sub r3, r3, 1",0
"mov r0, 3",0
"ldr r1, [r4, r3, lsl 2]",0
"mov r2, sp",0
bl 0x1004,0
"rsbs r0, r0, 1",0
"movlo r0, 0",0
b 0x1d58,0
bl 0x16d8,0
"ldr r3, [0x00001d60]        ; [0x1d60:4]=0x16e94",0
"ldr r3, [r3]",0
"sub r3, r3, 1",0
"ldr r0, [r4, r3, lsl 2]",0
"mov r1, 4",0
bl 0xfec,0
"rsbs r0, r0, 1",0
"movlo r0, 0",0
b 0x1d58,0
bl 0x16d8,0
"ldr r3, [0x00001d60]        ; [0x1d60:4]=0x16e94",0
"ldr r3, [r3]",0
"sub r3, r3, 1",0
"ldr r0, [r4, r3, lsl 2]",0
"mov r1, 2",0
bl 0xfec,0
"rsbs r0, r0, 1",0
"movlo r0, 0",0
b 0x1d58,0
bl 0x16d8,0
"ldr r3, [0x00001d60]        ; [0x1d60:4]=0x16e94",0
"ldr r3, [r3]",0
"sub r3, r3, 1",0
"ldr r0, [r4, r3, lsl 2]",0
"mov r1, 1",0
bl 0xfec,0
"rsbs r0, r0, 1",0
"movlo r0, 0",0
b 0x1d58,0
bl 0x16d8,0
"ldr r3, [0x00001d60]        ; [0x1d60:4]=0x16e94",0
"ldr r3, [r3]",0
"sub r3, r3, 1",0
"mov r0, 3",0
"ldr r1, [r4, r3, lsl 2]",0
"mov r2, sp",0
bl 0x1004,0
"cmp r0, 0",0
"movne r0, 0",0
bne 0x1d58,0
bl 0xf44,0
"mov r4, r0",0
"mov r3, 0",0
"str r3, [r0]",0
bl 0xe48,0
"cmn r0, 1",0
bne 0x18f4,0
"ldr r2, [r4]",0
"cmp r2, 0",0
"movne r3, 0",0
bne 0x1908,0
"ldr r3, [sp, 0x18]",0
"cmp r0, r3",0
"movne r3, 0",0
"moveq r3, 1",0
b 0x1908,0
"and r0, r3, 1",0
b 0x1d58,0
bl 0x16d8,0
"ldr r3, [0x00001d60]        ; [0x1d60:4]=0x16e94",0
"ldr r3, [r3]",0
"sub r3, r3, 1",0
"mov r0, 3",0
"ldr r1, [r4, r3, lsl 2]",0
"mov r2, sp",0
bl 0x1004,0
"cmp r0, 0",0
"movne r0, 0",0
bne 0x1d58,0
bl 0xf44,0
"mov r4, r0",0
"mov r3, 0",0
"str r3, [r0]",0
bl 0xe6c,0
"cmn r0, 1",0
bne 0x1968,0
"ldr r2, [r4]",0
"cmp r2, 0",0
"movne r3, 0",0
bne 0x197c,0
"ldr r3, [sp, 0x1c]",0
"cmp r0, r3",0
"movne r3, 0",0
"moveq r3, 1",0
b 0x197c,0
"and r0, r3, 1",0
b 0x1d58,0
bl 0x16d8,0
"ldr r3, [0x00001d60]        ; [0x1d60:4]=0x16e94",0
"ldr r3, [r3]",0
"sub r3, r3, 1",0
"mov r0, 3",0
"ldr r1, [r4, r3, lsl 2]",0
"mov r2, sp",0
bl 0x1004,0
"cmp r0, 0",0
"movne r0, 0",0
bne 0x19c8,0
"ldr r0, [sp, 0x10]",0
"and r0, r0, 0xf000",0
"cmp r0, 0x8000",0
"movne r0, 0",0
"moveq r0, 1",0
b 0x19c8,0
"and r0, r0, 1",0
b 0x1d58,0
bl 0x16d8,0
"ldr r3, [0x00001d60]        ; [0x1d60:4]=0x16e94",0
"ldr r3, [r3]",0
"sub r3, r3, 1",0
"mov r0, 3",0
"ldr r1, [r4, r3, lsl 2]",0
"mov r2, sp",0
bl 0x1004,0
"cmp r0, 0",0
"movne r0, 0",0
bne 0x1a14,0
"ldr r0, [sp, 0x10]",0
"and r0, r0, 0xf000",0
"cmp r0, 0x4000",0
"movne r0, 0",0
"moveq r0, 1",0
b 0x1a14,0
"and r0, r0, 1",0
b 0x1d58,0
bl 0x16d8,0
"ldr r3, [0x00001d60]        ; [0x1d60:4]=0x16e94",0
"ldr r3, [r3]",0
"sub r3, r3, 1",0
"mov r0, 3",0
"ldr r1, [r4, r3, lsl 2]",0
"mov r2, sp",0
bl 0x1004,0
"cmp r0, 0",0
"movne r0, 0",0
bne 0x1a64,0
"add r3, sp, 0x30",0
"ldm r3, {r2, r3}",0
"cmp r2, 1",0
"sbcs r1, r3, 0",0
"movlt r0, 0",0
"movge r0, 1",0
b 0x1a64,0
"and r0, r0, 1",0
b 0x1d58,0
bl 0x16d8,0
"ldr r3, [0x00001d60]        ; [0x1d60:4]=0x16e94",0
"ldr r3, [r3]",0
"sub r3, r3, 1",0
"mov r0, 3",0
"ldr r1, [r4, r3, lsl 2]",0
"mov r2, sp",0
bl 0x1004,0
"cmp r0, 0",0
"movne r0, 0",0
bne 0x1ab0,0
"ldr r0, [sp, 0x10]",0
"and r0, r0, 0xf000",0
"cmp r0, 0xc000",0
"movne r0, 0",0
"moveq r0, 1",0
b 0x1ab0,0
"and r0, r0, 1",0
b 0x1d58,0
bl 0x16d8,0
"ldr r3, [0x00001d60]        ; [0x1d60:4]=0x16e94",0
"ldr r3, [r3]",0
"sub r3, r3, 1",0
"mov r0, 3",0
"ldr r1, [r4, r3, lsl 2]",0
"mov r2, sp",0
bl 0x1004,0
"cmp r0, 0",0
"movne r0, 0",0
bne 0x1afc,0
"ldr r0, [sp, 0x10]",0
"and r0, r0, 0xf000",0
"cmp r0, 0x2000",0
"movne r0, 0",0
"moveq r0, 1",0
b 0x1afc,0
"and r0, r0, 1",0
b 0x1d58,0
bl 0x16d8,0
"ldr r3, [0x00001d60]        ; [0x1d60:4]=0x16e94",0
"ldr r3, [r3]",0
"sub r3, r3, 1",0
"mov r0, 3",0
"ldr r1, [r4, r3, lsl 2]",0
"mov r2, sp",0
bl 0x1004,0
"cmp r0, 0",0
"movne r0, 0",0
bne 0x1b48,0
"ldr r0, [sp, 0x10]",0
"and r0, r0, 0xf000",0
"cmp r0, 0x6000              ; ""EXPRESSION2 is true\n""",0
"movne r0, 0",0
"moveq r0, 1",0
b 0x1b48,0
"and r0, r0, 1",0
b 0x1d58,0
bl 0x16d8,0
"ldr r3, [0x00001d60]        ; [0x1d60:4]=0x16e94",0
"ldr r3, [r3]",0
"sub r3, r3, 1",0
"mov r0, 3",0
"ldr r1, [r4, r3, lsl 2]",0
"mov r2, sp",0
bl 0x1004,0
"cmp r0, 0",0
"movne r0, 0",0
bne 0x1b94,0
"ldr r0, [sp, 0x10]",0
"and r0, r0, 0xf000",0
"cmp r0, 0x1000",0
"movne r0, 0",0
"moveq r0, 1",0
b 0x1b94,0
"and r0, r0, 1",0
b 0x1d58,0
bl 0x16d8,0
"ldr r3, [0x00001d60]        ; [0x1d60:4]=0x16e94",0
"ldr r3, [r3]",0
"sub r3, r3, 1",0
"mov r0, 3",0
"ldr r1, [r4, r3, lsl 2]",0
"mov r2, sp",0
bl 0x1040,0
"cmp r0, 0",0
"movne r0, 0",0
bne 0x1be0,0
"ldr r0, [sp, 0x10]",0
"and r0, r0, 0xf000",0
"cmp r0, 0xa000",0
"movne r0, 0",0
"moveq r0, 1",0
b 0x1be0,0
"and r0, r0, 1",0
b 0x1d58,0
bl 0x16d8,0
"ldr r3, [0x00001d60]        ; [0x1d60:4]=0x16e94",0
"ldr r3, [r3]",0
"sub r3, r3, 1",0
"mov r0, 3",0
"ldr r1, [r4, r3, lsl 2]",0
"mov r2, sp",0
bl 0x1004,0
"cmp r0, 0",0
"ldreq r0, [sp, 0x10]",0
"lsreq r0, r0, 0xb",0
"andeq r0, r0, 1",0
"movne r0, 0",0
"and r0, r0, 1",0
b 0x1d58,0
bl 0x16d8,0
"ldr r3, [0x00001d60]        ; [0x1d60:4]=0x16e94",0
"ldr r3, [r3]",0
"sub r3, r3, 1",0
"mov r0, 3",0
"ldr r1, [r4, r3, lsl 2]",0
"mov r2, sp",0
bl 0x1004,0
"cmp r0, 0",0
"ldreq r0, [sp, 0x10]",0
"lsreq r0, r0, 0xa",0
"andeq r0, r0, 1",0
"movne r0, 0",0
"and r0, r0, 1",0
b 0x1d58,0
bl 0x16d8,0
"ldr r3, [0x00001d60]        ; [0x1d60:4]=0x16e94",0
"ldr r3, [r3]",0
"sub r3, r3, 1",0
"mov r0, 3",0
"ldr r1, [r4, r3, lsl 2]",0
"mov r2, sp",0
bl 0x1004,0
"cmp r0, 0",0
"ldreq r0, [sp, 0x10]",0
"lsreq r0, r0, 9",0
"andeq r0, r0, 1",0
"movne r0, 0",0
"and r0, r0, 1",0
b 0x1d58,0
bl 0x16d8,0
"ldr r3, [0x00001d60]        ; [0x1d60:4]=0x16e94",0
"ldr r3, [r3]",0
"sub r3, r3, 1",0
"ldr r0, [r4, r3, lsl 2]",0
bl 0x1580,0
"mov r5, r0",0
bl 0xf44,0
"mov r4, r0",0
"mov r1, 0",0
"str r1, [r0]",0
"mov r0, r5",0
"mov r2, 0xa",0
bl 0xdd0,0
"ldr r3, [r4]",0
"cmp r3, 0x22",0
"moveq r0, 0",0
beq 0x1d00,0
"cmp r0, 0",0
"movlt r0, 0",0
blt 0x1d00,0
bl 0x1010,0
"adds r0, r0, 0",0
"movne r0, 1",0
b 0x1d00,0
"and r0, r0, 1",0
b 0x1d58,0
bl 0x16d8,0
"ldr r3, [0x00001d60]        ; [0x1d60:4]=0x16e94",0
"ldr r3, [r3]",0
"sub r3, r3, 1",0
"ldr r3, [r4, r3, lsl 2]",0
"ldrb r0, [r3]",0
"adds r0, r0, 0",0
"movne r0, 1",0
b 0x1d58,0
bl 0x16d8,0
"ldr r3, [0x00001d60]        ; [0x1d60:4]=0x16e94",0
"ldr r3, [r3]",0
"sub r3, r3, 1",0
"ldr r3, [r4, r3, lsl 2]",0
"ldrb r0, [r3]",0
"rsbs r0, r0, 1",0
"movlo r0, 0",0
b 0x1d58,0
"mov r0, 0",0
b 0x1d58,0
"add sp, sp, 0x6c",0
"pop {r4, r5, pc}",0
"muleq r1, r4, lr",0
"push {r4, r5, r6, r7, lr}",0
"sub sp, sp, 0x104",0
"subs r6, r0, 0",0
beq 0x1d7c,0
"mov r0, 0",0
bl 0x16a8,0
"ldr r3, [0x00002288]        ; [0x2288:4]=0x16e94",0
"ldr r4, [r3]",0
"add r4, r4, 1",0
"ldr r3, [r3, 8]",0
"sub r3, r3, 2",0
"cmp r4, r3",0
"movge r7, 0",0
bge 0x1dec,0
"add r2, r4, 1",0
"ldr r3, [0x00002288]        ; [0x2288:4]=0x16e94",0
"ldr r3, [r3, 4]",0
"ldr r3, [r3, r2, lsl 2]",0
"ldrb r2, [r3]",0
"cmp r2, 0x2d",0
"movne r7, 0",0
bne 0x1dec,0
"ldrb r2, [r3, 1]",0
"cmp r2, 0x6c",0
"movne r7, 0",0
bne 0x1dec,0
"ldrb r3, [r3, 2]",0
"cmp r3, 0",0
"movne r7, 0",0
bne 0x1dec,0
"mov r0, 0",0
bl 0x16a8,0
"mov r7, 1",0
b 0x1dec,0
"ldr r3, [0x00002288]        ; [0x2288:4]=0x16e94",0
"ldr r5, [r3, 4]",0
"ldr r3, [r5, r4, lsl 2]",0
"ldrb r2, [r3]",0
"cmp r2, 0x2d",0
bne 0x21dc,0
"ldrb r2, [r3, 1]",0
"cmp r2, 0x6c",0
"cmpne r2, 0x67",0
bne 0x1e24,0
"ldrb r1, [r3, 2]",0
"cmp r1, 0x65",0
"cmpne r1, 0x74",0
beq 0x1e50,0
"cmp r2, 0x65",0
bne 0x1e3c,0
"ldrb r1, [r3, 2]",0
"cmp r1, 0x71",0
bne 0x2038,0
b 0x1e50,0
"cmp r2, 0x6e",0
bne 0x1f5c,0
"ldrb r1, [r3, 2]",0
"cmp r1, 0x65",0
bne 0x1f78,0
"ldrb r1, [r3, 3]",0
"cmp r1, 0",0
bne 0x1f5c,0
"cmp r6, 0",0
beq 0x1e84,0
"sub r3, r4, 1",0
"ldr r0, [r5, r3, lsl 2]",0
bl 0xf2c,0
"mov r1, 0",0
"mov r2, sp",0
bl 0x2eb4,0
"mov r5, r0",0
b 0x1e94,0
"sub r3, r4, 1",0
"ldr r0, [r5, r3, lsl 2]",0
bl 0x1580,0
"mov r5, r0",0
"cmp r7, 0",0
beq 0x1ec4,0
"add r2, r4, 2",0
"ldr r3, [0x00002288]        ; [0x2288:4]=0x16e94",0
"ldr r3, [r3, 4]",0
"ldr r0, [r3, r2, lsl 2]",0
bl 0xf2c,0
"mov r1, 0",0
"add r2, sp, 0x18",0
bl 0x2eb4,0
"mov r1, r0",0
b 0x1edc,0
"add r2, r4, 1",0
"ldr r3, [0x00002288]        ; [0x2288:4]=0x16e94",0
"ldr r3, [r3, 4]",0
"ldr r0, [r3, r2, lsl 2]",0
bl 0x1580,0
"mov r1, r0",0
"mov r0, r5",0
bl 0x4678,0
"ldr r3, [0x00002288]        ; [0x2288:4]=0x16e94",0
"ldr r2, [r3, 4]",0
"ldr r2, [r2, r4, lsl 2]",0
"ldrb r1, [r2, 2]",0
"cmp r1, 0x65",0
"movne r1, 0",0
"moveq r1, 1",0
"ldr ip, [r3]",0
"add ip, ip, 3",0
"str ip, [r3]",0
"ldrb r3, [r2, 1]",0
"cmp r3, 0x6c",0
bne 0x1f28,0
"cmp r1, r0",0
"movle r0, 0",0
"movgt r0, 1",0
b 0x2280,0
"cmp r3, 0x67",0
bne 0x1f44,0
"rsb r1, r1, 0",0
"cmp r1, r0",0
"movge r0, 0",0
"movlt r0, 1",0
b 0x2280,0
"adds r0, r0, 0",0
"movne r0, 1",0
"cmp r0, r1",0
"movne r0, 0",0
"moveq r0, 1",0
b 0x2280,0
"cmp r2, 0x6e",0
beq 0x1f78,0
"cmp r2, 0x6f",0
beq 0x210c,0
"cmp r2, 0x65",0
bne 0x21c4,0
b 0x2038,0
"ldrb r2, [r3, 2]",0
"cmp r2, 0x74",0
bne 0x21c4,0
"ldrb r3, [r3, 3]",0
"cmp r3, 0",0
bne 0x21c4,0
"ldr r3, [0x00002288]        ; [0x2288:4]=0x16e94",0
"ldr r2, [r3]",0
"add r2, r2, 3",0
"str r2, [r3]",0
"orrs r6, r7, r6",0
beq 0x1fc0,0
"mov r0, 0",0
"ldr r1, [0x0000228c]        ; [0x228c:4]=0xdcc4",0
"mov r2, 5",0
bl 0xe24,0
"mov r1, 0",0
bl 0x14f4,0
"sub r3, r4, 1",0
"ldr r0, [r5, r3, lsl 2]",0
"mov r1, sp",0
bl 0x14b0,0
"mov r6, r0",0
"add r4, r4, 1",0
"ldr r0, [r5, r4, lsl 2]",0
"add r1, sp, 0x18",0
bl 0x14b0,0
"cmp r6, 0",0
"moveq r0, 0",0
beq 0x2030,0
"cmp r0, 0",0
"moveq r0, 1",0
beq 0x2030,0
"ldr r3, [sp]",0
"ldr r0, [sp, 4]",0
"ldr r2, [sp, 0x18]",0
"ldr r1, [sp, 0x1c]",0
"cmp r2, r3",0
"mvngt r0, 0",0
bgt 0x2020,0
"rsbge r0, r1, r0",0
"movlt r0, 1",0
"cmp r0, 0",0
"movle r0, 0",0
"movgt r0, 1",0
b 0x2030,0
"and r0, r0, 1",0
b 0x2280,0
"ldrb r2, [r3, 2]",0
"cmp r2, 0x66",0
bne 0x21c4,0
"ldrb r3, [r3, 3]",0
"cmp r3, 0",0
bne 0x21c4,0
"ldr r3, [0x00002288]        ; [0x2288:4]=0x16e94",0
"ldr r2, [r3]",0
"add r2, r2, 3",0
"str r2, [r3]",0
"orrs r6, r7, r6",0
beq 0x2080,0
"mov r0, 0",0
"ldr r1, [0x00002290]        ; [0x2290:4]=0xdcdc",0
"mov r2, 5",0
bl 0xe24,0
"mov r1, 0",0
bl 0x14f4,0
"sub r3, r4, 1",0
"mov r0, 3",0
"ldr r1, [r5, r3, lsl 2]",0
"add r2, sp, 0x98",0
bl 0x1004,0
"cmp r0, 0",0
"movne r0, 0",0
bne 0x2104,0
"add r4, r4, 1",0
"mov r0, 3",0
"ldr r1, [r5, r4, lsl 2]",0
"add r2, sp, 0x30",0
bl 0x1004,0
"cmp r0, 0",0
"movne r0, 0",0
bne 0x2104,0
"add r3, sp, 0x30",0
"ldm r3, {r2, r3}",0
"add r1, sp, 0x98",0
"ldm r1, {r0, r1}",0
"cmp r1, r3",0
"cmpeq r0, r2",0
"movne r0, 0",0
bne 0x2104,0
"add r3, sp, 0x90",0
"ldm r3, {r2, r3}",0
"add r1, sp, 0xf8",0
"ldm r1, {r0, r1}",0
"cmp r1, r3",0
"cmpeq r0, r2",0
"movne r0, 0",0
"moveq r0, 1",0
b 0x2104,0
"and r0, r0, 1",0
b 0x2280,0
"ldrb r2, [r3, 2]",0
"cmp r2, 0x74",0
bne 0x21c4,0
"ldrb r3, [r3, 3]",0
"cmp r3, 0",0
bne 0x21c4,0
"ldr r3, [0x00002288]        ; [0x2288:4]=0x16e94",0
"ldr r2, [r3]",0
"add r2, r2, 3",0
"str r2, [r3]",0
"orrs r6, r7, r6",0
beq 0x2154,0
"mov r0, 0",0
"ldr r1, [0x00002294]        ; [0x2294:4]=0xdcf4",0
"mov r2, 5",0
bl 0xe24,0
"mov r1, 0",0
bl 0x14f4,0
"sub r3, r4, 1",0
"ldr r0, [r5, r3, lsl 2]",0
"mov r1, sp",0
bl 0x14b0,0
"mov r6, r0",0
"add r4, r4, 1",0
"ldr r0, [r5, r4, lsl 2]",0
"add r1, sp, 0x18",0
bl 0x14b0,0
"cmp r0, 0",0
"moveq r0, 0",0
beq 0x21bc,0
"cmp r6, 0",0
"moveq r0, 1",0
beq 0x21bc,0
"ldr r3, [sp]",0
"ldr r0, [sp, 4]",0
"ldr r2, [sp, 0x18]",0
"ldr r1, [sp, 0x1c]",0
"cmp r2, r3",0
"mvngt r0, 0",0
bgt 0x21b4,0
"rsbge r0, r1, r0",0
"movlt r0, 1",0
"lsr r0, r0, 0x1f",0
b 0x21bc,0
"and r0, r0, 1",0
b 0x2280,0
"mov r0, 0",0
"ldr r1, [0x00002298]        ; [0x2298:4]=0xdd0c",0
"mov r2, 5",0
bl 0xe24,0
"ldr r1, [r5, r4, lsl 2]",0
bl 0x14f4,0
"cmp r2, 0x3d",0
bne 0x2230,0
"ldrb r2, [r3, 1]",0
"cmp r2, 0",0
beq 0x2204,0
"cmp r2, 0x3d",0
bne 0x227c,0
"ldrb r3, [r3, 2]",0
"cmp r3, 0",0
bne 0x227c,0
"ldr r6, [0x00002288]        ; [0x2288:4]=0x16e94",0
"ldr r4, [r6]",0
"add r3, r4, 2",0
"ldr r0, [r5, r4, lsl 2]",0
"ldr r1, [r5, r3, lsl 2]",0
bl 0xdc4,0
"rsbs r0, r0, 1",0
"movlo r0, 0",0
"add r4, r4, 3",0
"str r4, [r6]",0
b 0x2280,0
"cmp r2, 0x21",0
bne 0x227c,0
"ldrb r2, [r3, 1]",0
"cmp r2, 0x3d",0
bne 0x227c,0
"ldrb r3, [r3, 2]",0
"cmp r3, 0",0
bne 0x227c,0
"ldr r6, [0x00002288]        ; [0x2288:4]=0x16e94",0
"ldr r4, [r6]",0
"add r3, r4, 2",0
"ldr r0, [r5, r4, lsl 2]",0
"ldr r1, [r5, r3, lsl 2]",0
bl 0xdc4,0
"add r4, r4, 3",0
"str r4, [r6]",0
"adds r0, r0, 0",0
"movne r0, 1",0
b 0x2280,0
bl 0x1028,0
"add sp, sp, 0x104",0
"pop {r4, r5, r6, r7, pc}",0
"muleq r1, r4, lr",0
"andeq sp, r0, r4, asr 25",0
"ldrdeq sp, lr, [r0], -ip",0
"strdeq sp, lr, [r0], -r4",0
"andeq sp, r0, ip, lsl 26",0
"push {r3, r4, r5, lr}",0
"ldr r3, [0x00002330]        ; [0x2330:4]=0x16e94",0
"ldr r5, [r3]",0
"ldr r4, [r3, 4]",0
"ldr r0, [r4, r5, lsl 2]",0
"ldrb r3, [r0]",0
"cmp r3, 0x21",0
bne 0x22e0,0
"ldrb r3, [r0, 1]",0
"cmp r3, 0",0
bne 0x232c,0
"mov r0, 0",0
bl 0x16a8,0
bl 0x1484,0
"eor r0, r0, 1",0
"and r0, r0, 0xff",0
"pop {r3, r4, r5, pc}",0
"cmp r3, 0x2d",0
bne 0x232c,0
"ldrb r3, [r0, 1]",0
"cmp r3, 0",0
beq 0x232c,0
"ldrb r3, [r0, 2]",0
"cmp r3, 0",0
bne 0x232c,0
bl 0x137c,0
"cmp r0, 0",0
beq 0x2314,0
bl 0x16fc,0
"pop {r3, r4, r5, pc}",0
"mov r0, 0",0
"ldr r1, [0x00002334]        ; [0x2334:4]=0xdd24 ; ""$\xdd""",0
"mov r2, 5",0
bl 0xe24,0
"ldr r1, [r4, r5, lsl 2]",0
bl 0x14f4,0
bl 0x1664,0
"muleq r1, r4, lr",0
"andeq sp, r0, r4, lsr 26",0
"push {r3, r4, r5, r6, r7, lr}",0
"ldr r3, [0x0000245c]        ; [0x245c:4]=0x16e94",0
"ldr r4, [r3, 4]",0
"ldr r5, [r3]",0
"add r7, r5, 1",0
"ldr r6, [r4, r7, lsl 2]",0
"mov r0, r6",0
bl 0x1180,0
"cmp r0, 0",0
beq 0x2370,0
"mov r0, 0",0
bl 0x1d64,0
"mov r4, r0",0
b 0x2454,0
"ldr r3, [r4, r5, lsl 2]",0
"ldrb r2, [r3]",0
"cmp r2, 0x21",0
bne 0x23a4,0
"ldrb r3, [r3, 1]",0
"cmp r3, 0",0
bne 0x23f4,0
"mov r0, 1",0
bl 0x16a8,0
bl 0x229c,0
"eor r0, r0, 1",0
"and r4, r0, 0xff",0
b 0x2454,0
"cmp r2, 0x28",0
bne 0x23f4,0
"ldrb r3, [r3, 1]",0
"cmp r3, 0",0
bne 0x23f4,0
"add r5, r5, 2",0
"ldr r3, [r4, r5, lsl 2]",0
"ldrb r2, [r3]",0
"cmp r2, 0x29",0
bne 0x23f4,0
"ldrb r3, [r3, 1]",0
"cmp r3, 0",0
bne 0x23f4,0
"mov r0, 0",0
bl 0x16a8,0
bl 0x1484,0
"mov r4, r0",0
"mov r0, 0",0
bl 0x16a8,0
b 0x2454,0
"ldrb r3, [r6]",0
"cmp r3, 0x2d",0
bne 0x243c,0
"ldrb r3, [r6, 1]",0
"cmp r3, 0x61",0
bne 0x241c,0
"ldrb r3, [r6, 2]",0
"cmp r3, 0",0
bne 0x243c,0
b 0x2430,0
"cmp r3, 0x6f",0
bne 0x243c,0
"ldrb r3, [r6, 2]",0
"cmp r3, 0",0
bne 0x243c,0
bl 0x255c,0
"mov r4, r0",0
b 0x2454,0
"mov r0, 0",0
"ldr r1, [0x00002460]        ; [0x2460:4]=0xdd40 ; ""@\xdd""",0
"mov r2, 5",0
bl 0xe24,0
"ldr r1, [r4, r7, lsl 2]",0
bl 0x14f4,0
"mov r0, r4",0
"pop {r3, r4, r5, r6, r7, pc}",0
"muleq r1, r4, lr",0
"andeq sp, r0, r0, asr 26",0
"push {r4, lr}",0
"sub r3, r0, 1",0
"cmp r3, 3",0
"ldrls pc, [pc, r3, lsl 2]   ; [0x2478:4]=0xa488",0
b 0x253c,0
"andeq sl, r0, r8, lsl 9",0
"muleq r0, r4, r4",0
"andeq sl, r0, r0, lsr 9",0
"andeq sl, r0, ip, lsr 9",0
bl 0x1484,0
"mov r4, r0",0
b 0x2550,0
bl 0x229c,0
"mov r4, r0",0
b 0x2550,0
bl 0x2338,0
"mov r4, r0",0
b 0x2550,0
"ldr r3, [0x00002558]        ; [0x2558:4]=0x16e94",0
"ldr r1, [r3, 4]",0
"ldr r0, [r3]",0
"ldr r3, [r1, r0, lsl 2]",0
"ldrb r2, [r3]",0
"cmp r2, 0x21",0
bne 0x24ec,0
"ldrb r3, [r3, 1]",0
"cmp r3, 0",0
bne 0x2548,0
"mov r0, 1",0
bl 0x16a8,0
bl 0x2338,0
"eor r0, r0, 1",0
"and r4, r0, 0xff",0
b 0x2550,0
"cmp r2, 0x28",0
bne 0x2548,0
"ldrb r3, [r3, 1]",0
"cmp r3, 0",0
bne 0x2548,0
"add r0, r0, 3",0
"ldr r3, [r1, r0, lsl 2]",0
"ldrb r2, [r3]",0
"cmp r2, 0x29",0
bne 0x2548,0
"ldrb r3, [r3, 1]",0
"cmp r3, 0",0
bne 0x2548,0
"mov r0, 0",0
bl 0x16a8,0
bl 0x229c,0
"mov r4, r0",0
"mov r0, 0",0
bl 0x16a8,0
b 0x2550,0
"cmp r0, 0",0
bgt 0x2548,0
bl 0x1028,0
bl 0x255c,0
"mov r4, r0",0
"mov r0, r4",0
"pop {r4, pc}",0
"muleq r1, r4, lr",0
"push {r4, r5, r6, r7, r8, sb, sl, fp, lr}",0
"sub sp, sp, 0x14",0
"ldr r3, [0x000028e8]        ; [0x28e8:4]=0x16e94",0
"ldr r2, [r3]",0
"ldr r3, [r3, 8]",0
"cmp r2, r3",0
blt 0x257c,0
bl 0x1664,0
"mov r1, 0",0
"str r1, [sp, 4]",0
"mov r7, 1",0
"ldr r4, [0x000028e8]        ; [0x28e8:4]=0x16e94",0
"mov fp, r1",0
"mov sb, r7",0
"ldr r3, [r4]",0
"ldr r5, [r4, 8]",0
"cmp r3, r5",0
bge 0x2878,0
"ldr r2, [r4, 4]",0
"ldr r2, [r2, r3, lsl 2]",0
"ldrb r1, [r2]",0
"cmp r1, 0x21",0
bne 0x284c,0
"ldrb r2, [r2, 1]",0
"cmp r2, 0",0
bne 0x288c,0
"mov r6, fp",0
"mov r0, r7",0
bl 0x16a8,0
"eor r6, r6, 1",0
"ldr r3, [r4]",0
"ldr r5, [r4, 8]",0
"cmp r3, r5",0
bge 0x2878,0
"ldr r2, [r4, 4]",0
"ldr r2, [r2, r3, lsl 2]",0
"ldrb r1, [r2]",0
"cmp r1, 0x21",0
bne 0x2850,0
"ldrb r2, [r2, 1]",0
"cmp r2, 0",0
beq 0x25c8,0
b 0x2890,0
"ldr r1, [sp]",0
"ldrb r2, [r1, 1]",0
"cmp r2, 0",0
"rsbne r5, r3, r5",0
bne 0x2748,0
"mov r0, r7",0
bl 0x16a8,0
"ldr r1, [r4]",0
"add r3, r1, 1",0
"cmp r3, r5",0
"movge r0, r7",0
bge 0x267c,0
b 0x265c,0
"cmp r0, 4",0
"rsbeq r0, r1, r5",0
beq 0x267c,0
"add r0, r0, 1",0
"add r3, r0, r1",0
"cmp r5, r3",0
bgt 0x2660,0
b 0x267c,0
"mov r0, r7",0
"ldr r3, [sl, r3, lsl 2]",0
"ldrb r2, [r3]",0
"cmp r2, 0x29",0
bne 0x263c,0
"ldrb r3, [r3, 1]",0
"cmp r3, 0",0
bne 0x263c,0
bl 0x2464,0
"mov r8, r0",0
"ldr r2, [r4]",0
"ldr r3, [r4, 4]",0
"add r5, r3, r2, lsl 2",0
"ldr r3, [r3, r2, lsl 2]",0
"cmp r3, 0",0
bne 0x26b4,0
"mov r0, 0",0
"ldr r1, [0x000028ec]        ; [0x28ec:4]=0xdd60",0
"mov r2, 5",0
bl 0xe24,0
"mov r1, 0",0
bl 0x14f4,0
"ldrb r2, [r3]",0
"cmp r2, 0x29",0
bne 0x26cc,0
"ldrb r3, [r3, 1]",0
"cmp r3, 0",0
beq 0x26e4,0
"mov r0, 0",0
"ldr r1, [0x000028f0]        ; [0x28f0:4]=0xdd70",0
"mov r2, 5",0
bl 0xe24,0
"ldr r1, [r5]",0
bl 0x14f4,0
"mov r0, fp",0
bl 0x16a8,0
b 0x27e4,0
"rsb r5, r3, r5",0
"cmp r5, 3",0
ble 0x2748,0
"cmp r8, 0x2d",0
bne 0x2748,0
"ldr r2, [sp]",0
"ldrb r3, [r2, 1]",0
"cmp r3, 0x6c",0
bne 0x2748,0
"ldrb r3, [r2, 2]",0
"cmp r3, 0",0
bne 0x2748,0
"ldr r1, [sp, 8]",0
"add r3, r1, 2",0
"ldr r0, [sl, r3, lsl 2]",0
bl 0x1180,0
"cmp r0, 0",0
beq 0x2748,0
"mov r0, r7",0
bl 0x1d64,0
"mov r8, r0",0
b 0x27e4,0
"cmp r5, 2",0
ble 0x2778,0
"ldr r2, [sp, 8]",0
"add r3, r2, 1",0
"ldr r0, [sl, r3, lsl 2]",0
bl 0x1180,0
"cmp r0, 0",0
beq 0x2778,0
"mov r0, fp",0
bl 0x1d64,0
"mov r8, r0",0
b 0x27e4,0
"cmp r8, 0x2d",0
bne 0x27d4,0
"ldr r1, [sp]",0
"ldrb r3, [r1, 1]",0
"cmp r3, 0",0
beq 0x27d4,0
"ldrb r3, [r1, 2]",0
"cmp r3, 0",0
bne 0x27d4,0
"mov r0, r1",0
bl 0x137c,0
"cmp r0, 0",0
beq 0x27b8,0
bl 0x16fc,0
"mov r8, r0",0
b 0x27e4,0
"mov r0, 0",0
"ldr r1, [0x000028f4]        ; [0x28f4:4]=0xdd24",0
"mov r2, 5",0
bl 0xe24,0
"ldr r2, [sp, 0xc]",0
"ldr r1, [r2]",0
bl 0x14f4,0
"adds r8, r8, 0",0
"movne r8, 1",0
"mov r0, fp",0
bl 0x16a8,0
"eor r6, r8, r6",0
"and sb, sb, r6",0
"ldr r3, [r4]",0
"ldr r2, [r4, 8]",0
"cmp r3, r2",0
bge 0x287c,0
"ldr r1, [r4, 4]",0
"ldr r2, [r1, r3, lsl 2]",0
"ldrb r0, [r2]",0
"cmp r0, 0x2d",0
bne 0x28b0,0
"ldrb r0, [r2, 1]",0
"cmp r0, 0x61",0
bne 0x28c0,0
"ldrb r2, [r2, 2]",0
"cmp r2, 0",0
bne 0x28c0,0
"mov r0, fp",0
bl 0x16a8,0
b 0x2594,0
"ldrb r3, [r3, 2]",0
"cmp r3, 0",0
bne 0x28dc,0
"mov r0, fp",0
bl 0x16a8,0
b 0x2590,0
"mov r6, fp",0
"ldr sl, [r4, 4]",0
"str r3, [sp, 8]",0
"add r1, sl, r3, lsl 2",0
"str r1, [sp, 0xc]",0
"ldr r2, [sl, r3, lsl 2]",0
"str r2, [sp]",0
"ldrb r8, [r2]",0
"cmp r8, 0x28",0
beq 0x2608,0
b 0x26f0,0
bl 0x1664,0
"ldr r3, [sp, 4]",0
"orr r3, r3, sb",0
"str r3, [sp, 4]",0
b 0x28dc,0
"mov r6, fp",0
"ldr sl, [r4, 4]",0
"str r3, [sp, 8]",0
"add r1, sl, r3, lsl 2",0
"str r1, [sp, 0xc]",0
"ldr r2, [sl, r3, lsl 2]",0
"str r2, [sp]",0
"ldrb r8, [r2]",0
b 0x26f0,0
"ldr r3, [sp, 4]",0
"orr r3, sb, r3",0
"str r3, [sp, 4]",0
b 0x28dc,0
"ldr r2, [sp, 4]",0
"orr r2, sb, r2",0
"str r2, [sp, 4]",0
"ldr r3, [r1, r3, lsl 2]",0
"ldrb r2, [r3, 1]",0
"cmp r2, 0x6f",0
beq 0x2834,0
"ldr r0, [sp, 4]",0
"add sp, sp, 0x14",0
"pop {r4, r5, r6, r7, r8, sb, sl, fp, pc}",0
"muleq r1, r4, lr",0
"andeq sp, r0, r0, ror 26",0
"andeq sp, r0, r0, ror sp",0
"andeq sp, r0, r4, lsr 26",0
"push {r3, lr}",0
"subs r5, r0, 0",0
beq 0x2938,0
"ldr r3, [0x00002b8c]        ; [0x2b8c:4]=0x16e88",0
"ldr r4, [r3]",0
"mov r0, 0",0
"ldr r1, [0x00002b90]        ; [0x2b90:4]=0xdd88",0
"mov r2, 5",0
bl 0xe24,0
"mov r2, r0",0
"mov r0, r4",0
"mov r1, 1",0
"ldr r3, [0x00002b94]        ; [0x2b94:4]=0x16ea8",0
"ldr r3, [r3]",0
bl 0xf8c,0
b 0x2b84,0
"mov r0, 0",0
"ldr r1, [0x00002b98]        ; [0x2b98:4]=0xddb0",0
"mov r2, 5",0
bl 0xe24,0
"ldr r4, [0x00002b9c]        ; [0x2b9c:4]=0x16e8c",0
"ldr r1, [r4]",0
bl 0xdac,0
"mov r0, 0",0
"ldr r1, [0x00002ba0]        ; [0x2ba0:4]=0xde08",0
"mov r2, 5",0
bl 0xe24,0
"ldr r1, [r4]",0
bl 0xdac,0
"mov r0, 0",0
"ldr r1, [0x00002ba4]        ; [0x2ba4:4]=0xde3c",0
"mov r2, 5",0
bl 0xe24,0
"ldr r1, [r4]",0
bl 0xdac,0
"mov r0, 0",0
"ldr r1, [0x00002ba8]        ; [0x2ba8:4]=0xde6c",0
"mov r2, 5",0
bl 0xe24,0
"ldr r1, [r4]",0
bl 0xdac,0
"mov r0, 0",0
"ldr r1, [0x00002bac]        ; [0x2bac:4]=0xdea4",0
"mov r2, 5",0
bl 0xe24,0
"ldr r1, [r4]",0
bl 0xdac,0
"mov r0, 0",0
"ldr r1, [0x00002bb0]        ; [0x2bb0:4]=0xdf1c",0
"mov r2, 5",0
bl 0xe24,0
"ldr r1, [r4]",0
bl 0xdac,0
"mov r0, 0",0
"ldr r1, [0x00002bb4]        ; [0x2bb4:4]=0xe018",0
"mov r2, 5",0
bl 0xe24,0
"ldr r1, [r4]",0
bl 0xdac,0
"mov r0, 0",0
"ldr r1, [0x00002bb8]        ; [0x2bb8:4]=0xe114",0
"mov r2, 5",0
bl 0xe24,0
"ldr r1, [r4]",0
bl 0xdac,0
"mov r0, 0",0
"ldr r1, [0x00002bbc]        ; [0x2bbc:4]=0xe28c",0
"mov r2, 5",0
bl 0xe24,0
"ldr r1, [r4]",0
bl 0xdac,0
"mov r0, 0",0
"ldr r1, [0x00002bc0]        ; [0x2bc0:4]=0xe34c",0
"mov r2, 5",0
bl 0xe24,0
"ldr r1, [r4]",0
bl 0xdac,0
"mov r0, 0",0
"ldr r1, [0x00002bc4]        ; [0x2bc4:4]=0xe3f8",0
"mov r2, 5",0
bl 0xe24,0
"ldr r1, [r4]",0
bl 0xdac,0
"mov r0, 0",0
"ldr r1, [0x00002bc8]        ; [0x2bc8:4]=0xe50c",0
"mov r2, 5",0
bl 0xe24,0
"ldr r1, [r4]",0
bl 0xdac,0
"mov r0, 0",0
"ldr r1, [0x00002bcc]        ; [0x2bcc:4]=0xe630",0
"mov r2, 5",0
bl 0xe24,0
"ldr r1, [r4]",0
bl 0xdac,0
"mov r0, 0",0
"ldr r1, [0x00002bd0]        ; [0x2bd0:4]=0xe750",0
"mov r2, 5",0
bl 0xe24,0
"ldr r1, [r4]",0
bl 0xdac,0
"mov r0, 0",0
"ldr r1, [0x00002bd4]        ; [0x2bd4:4]=0xe834",0
"mov r2, 5",0
bl 0xe24,0
"ldr r1, [r4]",0
bl 0xdac,0
"mov r0, 0",0
"ldr r1, [0x00002bd8]        ; [0x2bd8:4]=0xe8bc",0
"mov r2, 5",0
bl 0xe24,0
"mov r4, r0",0
"mov r0, 0",0
"ldr r1, [0x00002bdc]        ; [0x2bdc:4]=0xe97c",0
"mov r2, 5",0
bl 0xe24,0
"mov r2, r0",0
"mov r0, 1",0
"mov r1, r4",0
bl 0xf74,0
"mov r0, 0",0
"ldr r1, [0x00002be0]        ; [0x2be0:4]=0xe98c",0
"mov r2, 5",0
bl 0xe24,0
"mov r1, r0",0
"mov r0, 1",0
"ldr r2, [0x00002be4]        ; [0x2be4:4]=0xe9a4",0
"ldr r3, [0x00002be8]        ; [0x2be8:4]=0xe9b4",0
bl 0xf74,0
"mov r0, 5",0
"mov r1, 0",0
bl 0xfc8,0
"cmp r0, 0",0
beq 0x2b54,0
"ldr r1, [0x00002bec]        ; [0x2bec:4]=0xe9dc",0
"mov r2, 3",0
bl 0x101c,0
"cmp r0, 0",0
beq 0x2b54,0
"mov r0, 0",0
"ldr r1, [0x00002bf0]        ; [0x2bf0:4]=0xe9e0",0
"mov r2, 5",0
bl 0xe24,0
"mov r4, r0",0
"ldr r3, [0x00002b94]        ; [0x2b94:4]=0x16ea8",0
"ldr r0, [r3]",0
bl 0x2df4,0
"mov r2, r0",0
"mov r0, 1",0
"mov r1, r4",0
bl 0xf74,0
"mov r0, 0",0
"ldr r1, [0x00002bf4]        ; [0x2bf4:4]=0xea28",0
"mov r2, 5",0
bl 0xe24,0
"mov r4, r0",0
"ldr r3, [0x00002b94]        ; [0x2b94:4]=0x16ea8",0
"ldr r0, [r3]",0
bl 0x2df4,0
"mov r2, r0",0
"mov r0, 1",0
"mov r1, r4",0
bl 0xf74,0
"mov r0, r5",0
bl 0xf20,0
"andeq r6, r1, r8, lsl 29",0
"andeq sp, r0, r8, lsl 27",0
"andeq r6, r1, r8, lsr 29",0
"strheq sp, [r0], -r0",0
"andeq r6, r1, ip, lsl 29",0
"andeq sp, r0, r8, lsl 28",0
"andeq sp, r0, ip, lsr lr",0
"andeq sp, r0, ip, ror 28",0
"andeq sp, r0, r4, lsr 29",0
"andeq sp, r0, ip, lsl pc",0
"andeq lr, r0, r8, lsl r0",0
"andeq lr, r0, r4, lsl r1",0
"andeq lr, r0, ip, lsl 5",0
"andeq lr, r0, ip, asr 6",0
"strdeq lr, pc, [r0], -r8",0
"andeq lr, r0, ip, lsl 10",0
"andeq lr, r0, r0, lsr r6",0
"andeq lr, r0, r0, asr r7",0
"andeq lr, r0, r4, lsr r8",0
"strheq lr, [r0], -ip",0
"andeq lr, r0, ip, ror sb",0
"andeq lr, r0, ip, lsl 19",0
"andeq lr, r0, r4, lsr 19",0
"strheq lr, [r0], -r4",0
"ldrdeq lr, pc, [r0], -ip    ; [0x2bf4:4]=0xea28",0
"andeq lr, r0, r0, ror 19",0
"andeq lr, r0, r8, lsr 20",0
"push {r4, r5, r6, lr}",0
"mov r4, r0",0
"mov r5, r1",0
"ldr r0, [r1]",0
bl 0x2f20,0
"mov r0, 6",0
"ldr r1, [0x00002cc0]        ; [0x2cc0:4]=0xde38",0
bl 0xfc8,0
"ldr r6, [0x00002cc4]        ; [0x2cc4:4]=0xe9a8",0
"mov r0, r6",0
"ldr r1, [0x00002cc8]        ; [0x2cc8:4]=0xea6c",0
bl 0xff8,0
"mov r0, r6",0
bl 0xe3c,0
"mov r2, 2",0
"ldr r3, [0x00002ccc]        ; [0x2ccc:4]=0x16e34",0
"str r2, [r3]",0
"ldr r0, [0x00002cd0]        ; [0x2cd0:4]=0xacfc",0
bl 0x5c54,0
"ldr r3, [0x00002cd4]        ; [0x2cd4:4]=0x16e94",0
"str r5, [r3, 4]",0
"str r4, [r3, 8]",0
"mov r2, 1",0
"str r2, [r3]",0
"cmp r4, r2",0
bgt 0x2c68,0
"mov r0, r2",0
bl 0xf20,0
"sub r0, r4, 1",0
bl 0x2464,0
"ldr r3, [0x00002cd4]        ; [0x2cd4:4]=0x16e94",0
"ldr r4, [r3]",0
"ldr r3, [r3, 8]",0
"cmp r4, r3",0
beq 0x2cb4,0
"mov r0, 0",0
"ldr r1, [0x00002cd8]        ; [0x2cd8:4]=0xea9c",0
"mov r2, 5",0
bl 0xe24,0
"mov r5, r0",0
"ldr r3, [0x00002cd4]        ; [0x2cd4:4]=0x16e94",0
"ldr r3, [r3, 4]",0
"ldr r0, [r3, r4, lsl 2]",0
bl 0x4664,0
"mov r1, r0",0
"mov r0, r5",0
bl 0x14f4,0
"rsbs r0, r0, 1",0
"movlo r0, 0",0
bl 0xf20,0
"andeq sp, r0, r8, lsr lr",0
"andeq lr, r0, r8, lsr 19",0
"andeq lr, r0, ip, ror 20",0
"andeq r6, r1, r4, lsr lr",0
"strdeq sl, fp, [r0], -ip",0
"muleq r1, r4, lr",0
"muleq r0, ip, sl",0
"ldr r3, [0x00002ce8]        ; [0x2ce8:4]=0x16ea0",0
"str r0, [r3]",0
bx lr,0
"andeq r6, r1, r0, lsr 29",0
"ldr r3, [0x00002cf8]        ; [0x2cf8:4]=0x16ea0",0
"strb r0, [r3, 4]",0
bx lr,0
"andeq r6, r1, r0, lsr 29",0
"push {r4, r5, r6, lr}",0
"sub sp, sp, 8",0
"ldr r3, [0x00002dd8]        ; [0x2dd8:4]=0x16e8c",0
"ldr r0, [r3]",0
bl 0x4c24,0
"cmp r0, 0",0
beq 0x2db0,0
"ldr r3, [0x00002ddc]        ; [0x2ddc:4]=0x16ea0",0
"ldrb r3, [r3, 4]",0
"cmp r3, 0",0
beq 0x2d38,0
bl 0xf44,0
"ldr r3, [r0]",0
"cmp r3, 0x20                ; ""0\xfb\x01""",0
beq 0x2db0,0
"mov r0, 0",0
"ldr r1, [0x00002de0]        ; [0x2de0:4]=0xeab0",0
"mov r2, 5",0
bl 0xe24,0
"mov r4, r0",0
"ldr r3, [0x00002ddc]        ; [0x2ddc:4]=0x16ea0",0
"ldr r5, [r3]",0
"cmp r5, 0",0
beq 0x2d88,0
bl 0xf44,0
"ldr r6, [r0]",0
"mov r0, r5",0
bl 0x4528,0
"mov r3, r0",0
"str r4, [sp]",0
"mov r0, 0",0
"mov r1, r6",0
"ldr r2, [0x00002de4]        ; [0x2de4:4]=0xeabc",0
bl 0xec0,0
b 0x2da4,0
bl 0xf44,0
"mov r3, r0",0
"mov r0, 0",0
"ldr r1, [r3]",0
"ldr r2, [0x00002de8]        ; [0x2de8:4]=0xeac0",0
"mov r3, r4",0
bl 0xec0,0
"ldr r3, [0x00002dec]        ; [0x2dec:4]=0x16e34",0
"ldr r0, [r3]",0
bl 0xdf4,0
"ldr r3, [0x00002df0]        ; [0x2df0:4]=0x16e88",0
"ldr r0, [r3]",0
bl 0x4c24,0
"cmp r0, 0",0
beq 0x2dd0,0
"ldr r3, [0x00002dec]        ; [0x2dec:4]=0x16e34",0
"ldr r0, [r3]",0
bl 0xdf4,0
"add sp, sp, 8",0
"pop {r4, r5, r6, pc}",0
"andeq r6, r1, ip, lsl 29",0
"andeq r6, r1, r0, lsr 29",0
"strheq lr, [r0], -r0",0
"strheq lr, [r0], -ip",0
"andeq lr, r0, r0, asr 21",0
"andeq r6, r1, r4, lsr lr",0
"andeq r6, r1, r8, lsl 29",0
"push {r4, r5}",0
"ldrb r3, [r0]",0
"cmp r3, 0x2f",0
bne 0x2e1c,0
"add r3, r0, 1",0
"mov r0, r3",0
"add r3, r3, 1",0
"ldrb r2, [r0]",0
"cmp r2, 0x2f",0
beq 0x2e08,0
"ldrb r3, [r0]",0
"cmp r3, 0",0
beq 0x2e64,0
"mov r2, r0",0
"mov ip, 0",0
"mov r5, 1",0
"mov r4, ip",0
"mov r1, r2",0
"cmp r3, 0x2f",0
"moveq ip, r5",0
beq 0x2e54,0
"cmp ip, 0",0
"movne r0, r2",0
"movne ip, r4",0
"ldrb r3, [r1, 1]",0
"add r2, r2, 1",0
"cmp r3, 0",0
bne 0x2e38,0
"pop {r4, r5}",0
bx lr,0
"push {r4, lr}",0
"mov r4, r0",0
bl 0xf2c,0
"cmp r0, 1",0
"popls {r4, pc}",0
"add r3, r4, r0",0
"ldrb r3, [r3, -1]",0
"cmp r3, 0x2f",0
"popne {r4, pc}",0
"add r4, r4, r0",0
"sub r0, r0, 1",0
"cmp r0, 1",0
"popeq {r4, pc}",0
"sub r4, r4, 1",0
"ldrb r3, [r4, -1]",0
"cmp r3, 0x2f",0
beq 0x2e94,0
"pop {r4, pc}",0
"push {r3, r4, r5, r6, r7, r8, sl, lr}",0
"mov r4, r0",0
"mov r5, r1",0
"mov r3, 0",0
"strb r3, [r2, 0x14]",0
"add r8, r2, 0x13",0
"mov r6, 0xa",0
"mov r7, 0",0
"mov sl, r8",0
"mov r0, r4",0
"mov r1, r5",0
"mov r2, r6",0
"mov r3, r7",0
bl 0x5294,0
"add r2, r2, 0x30",0
"strb r2, [r8], -1",0
"mov r0, r4",0
"mov r1, r5",0
"mov r2, r6",0
"mov r3, r7",0
bl 0x5294,0
"mov r4, r0",0
"mov r5, r1",0
"orrs r3, r4, r5",0
bne 0x2ed4,0
"mov r0, sl",0
"pop {r3, r4, r5, r6, r7, r8, sl, pc}",0
"push {r3, r4, r5, lr}",0
"subs r4, r0, 0",0
bne 0x2f48,0
"ldr r0, [0x00002fbc]        ; [0x2fbc:4]=0xeac4",0
"mov r1, 1",0
"mov r2, 0x37                ; '7'",0
"ldr r3, [0x00002fc0]        ; [0x2fc0:4]=0x16e88",0
"ldr r3, [r3]",0
bl 0xe78,0
bl 0x1028,0
"mov r0, r4",0
"mov r1, 0x2f                ; '/'",0
bl 0xfd4,0
"cmp r0, 0",0
"addne r5, r0, 1",0
"moveq r5, r4",0
"rsb r3, r4, r5",0
"cmp r3, 6",0
ble 0x2fa8,0
"sub r0, r5, 7",0
"ldr r1, [0x00002fc4]        ; [0x2fc4:4]=0xeafc",0
"mov r2, 7",0
bl 0x101c,0
"cmp r0, 0",0
bne 0x2fa8,0
"mov r0, r5",0
"ldr r1, [0x00002fc8]        ; [0x2fc8:4]=0xeb04",0
"mov r2, 3",0
bl 0x101c,0
"cmp r0, 0",0
"addeq r4, r5, 3",0
"ldreq r3, [0x00002fcc]      ; [0x2fcc:4]=0x16e78",0
"streq r4, [r3]",0
"movne r4, r5",0
"ldr r3, [0x00002fd0]        ; [0x2fd0:4]=0x16ea8",0
"str r4, [r3]",0
"ldr r3, [0x00002fd4]        ; [0x2fd4:4]=0x16e80",0
"str r4, [r3]",0
"pop {r3, r4, r5, pc}",0
"andeq lr, r0, r4, asr 21",0
"andeq r6, r1, r8, lsl 29",0
"strdeq lr, pc, [r0], -ip",0
"andeq lr, r0, r4, lsl 22",0
"andeq r6, r1, r8, ror lr",0
"andeq r6, r1, r8, lsr 29",0
"andeq r6, r1, r0, lsl 29",0
"push {r3, lr}",0
"mov r2, 0",0
"mov r3, r0",0
"str r2, [r3], 4",0
"str r2, [r0, 4]",0
"add r3, r3, 4",0
"str r2, [r3], 4",0
"str r2, [r3], 4",0
"str r2, [r3], 4",0
"str r2, [r3], 4",0
"str r2, [r3], 4",0
"str r2, [r3], 4",0
"str r2, [r3], 4",0
"str r2, [r3], 4",0
"str r2, [r3], 4",0
"str r2, [r3]",0
"cmp r1, 8",0
bne 0x3024,0
bl 0x1028,0
"str r1, [r0]",0
"pop {r3, pc}",0
"push {r4, r5, r6, lr}",0
"mov r5, r0",0
"mov r6, r1",0
"mov r0, 0",0
"mov r1, r5",0
"mov r2, 5",0
bl 0xe24,0
"mov r4, r0",0
"cmp r0, r5",0
bne 0x3198,0
bl 0x4cb0,0
"ldrb r3, [r0]",0
"bic r3, r3, 0x20",0
"cmp r3, 0x55",0
bne 0x318c,0
"ldrb r3, [r0, 1]",0
"bic r3, r3, 0x20",0
"cmp r3, 0x54",0
bne 0x3178,0
"ldrb r3, [r0, 2]",0
"bic r3, r3, 0x20",0
"cmp r3, 0x46",0
"movne r3, 0",0
bne 0x30bc,0
"ldrb r3, [r0, 3]",0
"cmp r3, 0x2d",0
"movne r3, 0",0
bne 0x30bc,0
"ldrb r3, [r0, 4]",0
"cmp r3, 0x38",0
"movne r3, 0",0
bne 0x30bc,0
"ldrb r3, [r0, 5]",0
"rsbs r3, r3, 1",0
"movlo r3, 0",0
b 0x30bc,0
"cmp r3, 0",0
beq 0x3178,0
"ldrb r4, [r4]",0
"ldr r3, [0x000031a0]        ; [0x31a0:4]=0xeb60",0
"ldr r2, [0x000031a4]        ; [0x31a4:4]=0xeb4c",0
"cmp r4, 0x60",0
"movne r4, r2",0
"moveq r4, r3",0
b 0x3198,0
"ldrb r3, [r0, 1]",0
"bic r3, r3, 0x20",0
"cmp r3, 0x42",0
"movne r3, 0",0
bne 0x3154,0
"ldrb r3, [r0, 2]",0
"cmp r3, 0x31",0
"movne r3, 0",0
bne 0x3154,0
"ldrb r3, [r0, 3]",0
"cmp r3, 0x38",0
"movne r3, 0",0
bne 0x3154,0
"ldrb r3, [r0, 4]",0
"cmp r3, 0x30",0
"movne r3, 0",0
bne 0x3154,0
"ldrb r3, [r0, 5]",0
"cmp r3, 0x33",0
"movne r3, 0",0
bne 0x3154,0
"ldrb r3, [r0, 6]",0
"cmp r3, 0x30",0
"movne r3, 0",0
bne 0x3154,0
"ldrb r3, [r0, 7]",0
"rsbs r3, r3, 1",0
"movlo r3, 0",0
b 0x3154,0
"cmp r3, 0",0
beq 0x3178,0
"ldrb r4, [r4]",0
"ldr r3, [0x000031a8]        ; [0x31a8:4]=0xeb5c",0
"ldr r2, [0x000031ac]        ; [0x31ac:4]=0xeb50",0
"cmp r4, 0x60",0
"movne r4, r2",0
"moveq r4, r3",0
b 0x3198,0
"ldr r3, [0x000031b0]        ; [0x31b0:4]=0xeb58",0
"ldr r4, [0x000031b4]        ; [0x31b4:4]=0xeb54",0
"cmp r6, 7",0
"moveq r4, r3",0
b 0x3198,0
"cmp r3, 0x47",0
beq 0x30e0,0
b 0x3178,0
"mov r0, r4",0
"pop {r4, r5, r6, pc}",0
"andeq lr, r0, r0, ror 22",0
"andeq lr, r0, ip, asr 22",0
"andeq lr, r0, ip, asr fp",0
"andeq lr, r0, r0, asr fp",0
"andeq lr, r0, r8, asr fp",0
"andeq lr, r0, r4, asr fp",0
"push {r4, r5, r6, r7, r8, sb, sl, fp, lr}",0
"sub sp, sp, 0x64",0
"str r0, [sp, 0x2c]",0
"mov sl, r1",0
"mov r5, r2",0
"mov fp, r3",0
bl 0xe90,0
"str r0, [sp, 0x3c]",0
"ldr r0, [sp, 0x8c]",0
"lsr r3, r0, 1",0
"and r3, r3, 1",0
"str r3, [sp, 0x20]",0
"ldr r1, [sp, 0x88]",0
"cmp r1, 8",0
"ldrls pc, [pc, r1, lsl 2]   ; [0x31f8:4]=0xb350",0
b 0x332c,0
"andeq fp, r0, r0, asr r3",0
"andeq fp, r0, r4, lsl 29",0
"strdeq fp, ip, [r0], -r0",0
"andeq fp, r0, ip, lsl r2",0
"andeq fp, r0, ip, asr lr",0
"andeq fp, r0, r0, lsr r3",0
"andeq fp, r0, r8, asr r2",0
"andeq fp, r0, r8, asr r2",0
"andeq fp, r0, r8, asr r2",0
"ldr r2, [sp, 0x20]",0
"cmp r2, 0",0
bne 0x336c,0
"cmp sl, 0",0
beq 0x3388,0
"mov r3, 0x22                ; '""'",0
"ldr ip, [sp, 0x2c]",0
"strb r3, [ip]",0
"mov r0, 1",0
"str r0, [sp, 0x1c]",0
"mov sb, r0",0
"ldr r1, [0x00003ec8]        ; [0x3ec8:4]=0xeb58",0
"str r1, [sp, 0x34]",0
"mov r8, r0",0
b 0x33d8,0
"ldr r2, [sp, 0x88]",0
"cmp r2, 8",0
beq 0x3284,0
"ldr r0, [0x00003ecc]        ; [0x3ecc:4]=0xeb64",0
"mov r1, r2",0
bl 0x302c,0
"str r0, [sp, 0x94]",0
"ldr r0, [0x00003ed0]        ; [0x3ed0:4]=0xeb54",0
"ldr r1, [sp, 0x88]",0
bl 0x302c,0
"str r0, [sp, 0x98]",0
"ldr r3, [sp, 0x20]",0
"cmp r3, 0",0
"movne r8, 0",0
bne 0x32d0,0
"ldr ip, [sp, 0x94]",0
"ldrb r3, [ip]",0
"cmp r3, 0",0
beq 0x32cc,0
"mov r2, ip",0
"mov r8, 0",0
"ldr r1, [sp, 0x2c]",0
"cmp sl, r8",0
"strbhi r3, [r1, r8]",0
"add r8, r8, 1",0
"ldrb r3, [r2, 1]!",0
"cmp r3, 0",0
bne 0x32b0,0
b 0x32d0,0
"mov r8, 0",0
"ldr r0, [sp, 0x98]",0
bl 0xf2c,0
"mov sb, r0",0
"ldr r0, [sp, 0x98]",0
"str r0, [sp, 0x34]",0
"mov r1, 1",0
"str r1, [sp, 0x1c]",0
b 0x33d8,0
"ldr r2, [sp, 0x20]",0
"cmp r2, 0",0
bne 0x33a4,0
"cmp sl, 0",0
beq 0x33c0,0
"mov r3, 0x27                ; '''",0
"ldr ip, [sp, 0x2c]",0
"strb r3, [ip]",0
"mov r0, 0",0
"str r0, [sp, 0x1c]",0
"mov sb, 1",0
"ldr r1, [0x00003ed0]        ; [0x3ed0:4]=0xeb54",0
"str r1, [sp, 0x34]",0
"mov r8, sb",0
b 0x33d8,0
bl 0x1028,0
"mov r2, 0",0
"str r2, [sp, 0x20]",0
"mov r3, 1",0
"str r3, [sp, 0x1c]",0
"mov sb, r2",0
"str r2, [sp, 0x34]",0
"mov r8, r2",0
b 0x33d8,0
"mov ip, 0",0
"str ip, [sp, 0x20]",0
"str ip, [sp, 0x1c]",0
"mov sb, ip",0
"str ip, [sp, 0x34]",0
"mov r8, ip",0
b 0x33d8,0
"mov r0, 1",0
"str r0, [sp, 0x1c]",0
"mov sb, r0",0
"ldr r1, [0x00003ec8]        ; [0x3ec8:4]=0xeb58",0
"str r1, [sp, 0x34]",0
"mov r8, 0",0
b 0x33d8,0
"mov r2, 1",0
"str r2, [sp, 0x1c]",0
"mov sb, r2",0
"ldr r3, [0x00003ec8]        ; [0x3ec8:4]=0xeb58",0
"str r3, [sp, 0x34]",0
"mov r8, r2",0
b 0x33d8,0
"mov ip, 0",0
"str ip, [sp, 0x1c]",0
"mov sb, 1",0
"ldr r0, [0x00003ed0]        ; [0x3ed0:4]=0xeb54",0
"str r0, [sp, 0x34]",0
"mov r8, ip",0
b 0x33d8,0
"mov r1, 0",0
"str r1, [sp, 0x1c]",0
"mov sb, 1",0
"ldr r2, [0x00003ed0]        ; [0x3ed0:4]=0xeb54",0
"str r2, [sp, 0x34]",0
"mov r8, sb",0
"mov r6, 0",0
"ldr r3, [sp, 0x20]",0
"eor r2, r3, 1",0
"ldr ip, [sp, 0x1c]",0
"eor r3, ip, 1",0
"and r3, r2, r3",0
"str r3, [sp, 0x30]",0
"mov r3, sl",0
"mov sl, sb",0
"mov sb, r3",0
b 0x3d30,0
"adds r7, sl, 0",0
"movne r7, 1",0
"ldr r0, [sp, 0x1c]",0
"tst r7, r0",0
beq 0x347c,0
"add r4, r6, sl",0
"cmp sl, 1",0
"movls r3, 0",0
"movhi r3, 1",0
"cmn fp, 1",0
"movne r3, 0",0
"cmp r3, 0",0
beq 0x3444,0
"mov r0, r5",0
bl 0xf2c,0
"mov fp, r0",0
"cmp fp, r4",0
blo 0x3488,0
"add r0, r5, r6",0
"ldr r1, [sp, 0x34]",0
"mov r2, sl",0
bl 0xe18,0
"cmp r0, 0",0
bne 0x3494,0
"ldr r1, [sp, 0x20]",0
"cmp r1, 0",0
bne 0x3dd8,0
"mov r2, 1",0
"str r2, [sp, 0x24]",0
b 0x349c,0
"mov r3, 0",0
"str r3, [sp, 0x24]",0
b 0x349c,0
"mov ip, 0",0
"str ip, [sp, 0x24]",0
b 0x349c,0
"mov r0, 0",0
"str r0, [sp, 0x24]",0
"add r1, r5, r6",0
"str r1, [sp, 0x28]",0
"ldrb r4, [r5, r6]",0
"cmp r4, 0x7e",0
"ldrls pc, [pc, r4, lsl 2]   ; [0x34b4:4]=0xb6c0",0
b 0x3958,0
"andeq fp, r0, r0, asr 13",0
"andeq fp, r0, r8, asr sb",0
"andeq fp, r0, r8, asr sb",0
"andeq fp, r0, r8, asr sb",0
"andeq fp, r0, r8, asr sb",0
"andeq fp, r0, r8, asr sb",0
"andeq fp, r0, r8, asr sb",0
"strheq fp, [r0], -r8",0
"muleq r0, r8, r8",0
"andeq fp, r0, r8, lsr r8",0
"strheq fp, [r0], -r0",0
"andeq fp, r0, r0, asr 16",0
"andeq fp, r0, r0, lsr r8",0
"andeq fp, r0, r8, ror 16",0
"andeq fp, r0, r8, asr sb",0
"andeq fp, r0, r8, asr sb",0
"andeq fp, r0, r8, asr sb",0
"andeq fp, r0, r8, asr sb",0
"andeq fp, r0, r8, asr sb",0
"andeq fp, r0, r8, asr sb",0
"andeq fp, r0, r8, asr sb",0
"andeq fp, r0, r8, asr sb",0
"andeq fp, r0, r8, asr sb",0
"andeq fp, r0, r8, asr sb",0
"andeq fp, r0, r8, asr sb",0
"andeq fp, r0, r8, asr sb",0
"andeq fp, r0, r8, asr sb",0
"andeq fp, r0, r8, asr sb",0
"andeq fp, r0, r8, asr sb",0
"andeq fp, r0, r8, asr sb",0
"andeq fp, r0, r8, asr sb",0
"andeq fp, r0, r8, asr sb",0
"ldrdeq fp, ip, [r0], -ip",0
"ldrdeq fp, ip, [r0], -ip",0
"ldrdeq fp, ip, [r0], -ip",0
"ldrdeq fp, ip, [r0], -r4",0
"ldrdeq fp, ip, [r0], -ip",0
"andeq fp, r0, r4, lsr 25",0
"ldrdeq fp, ip, [r0], -ip",0
"andeq fp, r0, r0, lsl 18",0
"ldrdeq fp, ip, [r0], -ip",0
"ldrdeq fp, ip, [r0], -ip",0
"ldrdeq fp, ip, [r0], -ip",0
"andeq fp, r0, r4, lsr 25",0
"andeq fp, r0, r4, lsr 25",0
"andeq fp, r0, r4, lsr 25",0
"andeq fp, r0, r4, lsr 25",0
"andeq fp, r0, r4, lsr 25",0
"andeq fp, r0, r4, lsr 25",0
"andeq fp, r0, r4, lsr 25",0
"andeq fp, r0, r4, lsr 25",0
"andeq fp, r0, r4, lsr 25",0
"andeq fp, r0, r4, lsr 25",0
"andeq fp, r0, r4, lsr 25",0
"andeq fp, r0, r4, lsr 25",0
"andeq fp, r0, r4, lsr 25",0
"andeq fp, r0, r4, lsr 25",0
"andeq fp, r0, r4, lsr 25",0
"andeq fp, r0, r4, lsr 25",0
"ldrdeq fp, ip, [r0], -ip",0
"ldrdeq fp, ip, [r0], -ip",0
"ldrdeq fp, ip, [r0], -ip",0
"ldrdeq fp, ip, [r0], -ip",0
"andeq fp, r0, r8, asr 14",0
"andeq fp, r0, r8, asr sb",0
"andeq fp, r0, r4, lsr 25",0
"andeq fp, r0, r4, lsr 25",0
"andeq fp, r0, r4, lsr 25",0
"andeq fp, r0, r4, lsr 25",0
"andeq fp, r0, r4, lsr 25",0
"andeq fp, r0, r4, lsr 25",0
"andeq fp, r0, r4, lsr 25",0
"andeq fp, r0, r4, lsr 25",0
"andeq fp, r0, r4, lsr 25",0
"andeq fp, r0, r4, lsr 25",0
"andeq fp, r0, r4, lsr 25",0
"andeq fp, r0, r4, lsr 25",0
"andeq fp, r0, r4, lsr 25",0
"andeq fp, r0, r4, lsr 25",0
"andeq fp, r0, r4, lsr 25",0
"andeq fp, r0, r4, lsr 25",0
"andeq fp, r0, r4, lsr 25",0
"andeq fp, r0, r4, lsr 25",0
"andeq fp, r0, r4, lsr 25",0
"andeq fp, r0, r4, lsr 25",0
"andeq fp, r0, r4, lsr 25",0
"andeq fp, r0, r4, lsr 25",0
"andeq fp, r0, r4, lsr 25",0
"andeq fp, r0, r4, lsr 25",0
"andeq fp, r0, r4, lsr 25",0
"andeq fp, r0, r4, lsr 25",0
"ldrdeq fp, ip, [r0], -ip",0
"andeq fp, r0, r8, asr 16",0
"andeq fp, r0, r4, lsr 25",0
"ldrdeq fp, ip, [r0], -ip",0
"andeq fp, r0, r4, lsr 25",0
"ldrdeq fp, ip, [r0], -ip",0
"andeq fp, r0, r4, lsr 25",0
"andeq fp, r0, r4, lsr 25",0
"andeq fp, r0, r4, lsr 25",0
"andeq fp, r0, r4, lsr 25",0
"andeq fp, r0, r4, lsr 25",0
"andeq fp, r0, r4, lsr 25",0
"andeq fp, r0, r4, lsr 25",0
"andeq fp, r0, r4, lsr 25",0
"andeq fp, r0, r4, lsr 25",0
"andeq fp, r0, r4, lsr 25",0
"andeq fp, r0, r4, lsr 25",0
"andeq fp, r0, r4, lsr 25",0
"andeq fp, r0, r4, lsr 25",0
"andeq fp, r0, r4, lsr 25",0
"andeq fp, r0, r4, lsr 25",0
"andeq fp, r0, r4, lsr 25",0
"andeq fp, r0, r4, lsr 25",0
"andeq fp, r0, r4, lsr 25",0
"andeq fp, r0, r4, lsr 25",0
"andeq fp, r0, r4, lsr 25",0
"andeq fp, r0, r4, lsr 25",0
"andeq fp, r0, r4, lsr 25",0
"andeq fp, r0, r4, lsr 25",0
"andeq fp, r0, r4, lsr 25",0
"andeq fp, r0, r4, lsr 25",0
"andeq fp, r0, r4, lsr 25",0
"andeq fp, r0, ip, lsr 17",0
"ldrdeq fp, ip, [r0], -ip",0
"andeq fp, r0, ip, lsr 17",0
"ldrdeq fp, ip, [r0], -r4",0
"mov r3, 0x6e                ; 'n'",0
b 0x3874,0
"mov r3, 0x61                ; 'a'",0
b 0x389c,0
"ldr r2, [sp, 0x1c]",0
"cmp r2, 0",0
beq 0x3738,0
"ldr r3, [sp, 0x20]",0
"cmp r3, 0",0
bne 0x3de0,0
"cmp r8, sb",0
"movlo r3, 0x5c              ; '\'",0
"ldrlo ip, [sp, 0x2c]",0
"strblo r3, [ip, r8]",0
"add r2, r8, 1",0
"add r3, r6, 1",0
"cmp fp, r3",0
bls 0x3eb0,0
"ldrb r3, [r5, r3]",0
"cmp r3, 0x2f",0
bls 0x3eb0,0
"cmp r3, 0x39",0
bhi 0x3eb0,0
"cmp sb, r2",0
"movhi r3, 0x30              ; '0'",0
"ldrhi r0, [sp, 0x2c]",0
"strbhi r3, [r0, r2]",0
"add r3, r8, 2",0
"cmp sb, r3",0
"movhi r2, 0x30              ; '0'",0
"ldrhi r1, [sp, 0x2c]",0
"strbhi r2, [r1, r3]",0
"add r2, r8, 3",0
b 0x3eb0,0
"ldr r2, [sp, 0x8c]",0
"tst r2, 1",0
bne 0x3d2c,0
b 0x3ca4,0
"ldr r3, [sp, 0x88]",0
"cmp r3, 2",0
beq 0x3760,0
"cmp r3, 3",0
bne 0x3ca4,0
b 0x3774,0
"ldr ip, [sp, 0x20]",0
"cmp ip, 0",0
beq 0x3ca4,0
"mov sl, sb",0
b 0x3e14,0
"ldr r0, [sp, 0x8c]",0
"tst r0, 4",0
beq 0x3ca4,0
"add r3, r6, 2",0
"cmp fp, r3",0
bls 0x3ca4,0
"add r2, r5, r6",0
"ldrb r2, [r2, 1]",0
"cmp r2, 0x3f",0
bne 0x3ca4,0
"ldrb r2, [r5, r3]",0
"sub r1, r2, 0x21",0
"and r0, r1, 0xff",0
"cmp r0, 0x1d",0
bhi 0x3ca4,0
"lsl r1, r1, 0x18",0
"asr r1, r1, 0x18",0
"mov r0, 1",0
"ldr ip, [0x00003ed4]        ; [0x3ed4:4]=0x380051c1",0
"ands r0, ip, r0, lsl r1",0
beq 0x3ca4,0
"ldr r0, [sp, 0x20]",0
"cmp r0, 0",0
bne 0x3de8,0
"cmp r8, sb",0
"movlo r1, 0x3f              ; '?'",0
"ldrlo ip, [sp, 0x2c]",0
"strblo r1, [ip, r8]",0
"add r1, r8, 1",0
"cmp sb, r1",0
"movhi r0, 0x22              ; '""'",0
"ldrhi ip, [sp, 0x2c]",0
"strbhi r0, [ip, r1]",0
"add r1, r8, 2",0
"cmp sb, r1",0
"movhi r0, 0x22              ; '""'",0
"ldrhi ip, [sp, 0x2c]",0
"strbhi r0, [ip, r1]",0
"add r1, r8, 3",0
"cmp sb, r1",0
"movhi r0, 0x3f              ; '?'",0
"ldrhi ip, [sp, 0x2c]",0
"strbhi r0, [ip, r1]",0
"add r8, r8, 4",0
"mov r4, r2",0
"mov r6, r3",0
b 0x3ca4,0
"mov r3, 0x66                ; 'f'",0
b 0x389c,0
"mov r3, 0x74                ; 't'",0
b 0x3874,0
"mov r3, 0x76                ; 'v'",0
b 0x389c,0
"ldr r0, [sp, 0x20]",0
"ldr r1, [sp, 0x1c]",0
"tst r0, r1",0
beq 0x3870,0
"cmp r7, 0",0
"moveq r3, 0x5c              ; '\'",0
beq 0x3874,0
b 0x3d1c,0
"mov r3, 0x72                ; 'r'",0
b 0x3874,0
"mov r3, 0x5c                ; '\'",0
"ldr r2, [sp, 0x20]",0
"ldr ip, [sp, 0x88]",0
"cmp ip, 2",0
"movne r2, 0",0
"andeq r2, r2, 1",0
"cmp r2, 0",0
beq 0x389c,0
"mov sl, sb",0
b 0x3e14,0
"mov r3, 0x62                ; 'b'",0
"ldr r0, [sp, 0x1c]",0
"cmp r0, 0",0
bne 0x3ce8,0
b 0x3ca4,0
"cmn fp, 1",0
bne 0x38c4,0
"ldrb r3, [r5, 1]",0
"adds r3, r3, 0",0
"movne r3, 1",0
b 0x38cc,0
"subs r3, fp, 1",0
"movne r3, 1",0
"cmp r3, 0",0
bne 0x3ca4,0
"cmp r6, 0",0
bne 0x3ca4,0
"ldr r3, [sp, 0x20]",0
"ldr r1, [sp, 0x88]",0
"cmp r1, 2",0
"movne r3, 0",0
"andeq r3, r3, 1",0
"cmp r3, 0",0
beq 0x3ca4,0
"mov sl, sb",0
b 0x3e14,0
"ldr r2, [sp, 0x88]",0
"cmp r2, 2",0
bne 0x3ca4,0
"ldr r3, [sp, 0x20]",0
"cmp r3, 0",0
bne 0x3df0,0
"cmp r8, sb",0
"movlo r3, 0x27              ; '''",0
"ldrlo ip, [sp, 0x2c]",0
"strblo r3, [ip, r8]",0
"add r3, r8, 1",0
"cmp sb, r3",0
"movhi r2, 0x5c              ; '\'",0
"ldrhi r0, [sp, 0x2c]",0
"strbhi r2, [r0, r3]",0
"add r3, r8, 2",0
"cmp sb, r3",0
"movhi r2, 0x27              ; '''",0
"ldrhi r1, [sp, 0x2c]",0
"strbhi r2, [r1, r3]",0
"add r8, r8, 3",0
b 0x3ca4,0
"ldr r2, [sp, 0x3c]",0
"cmp r2, 1",0
bne 0x3988,0
bl 0xf14,0
"ldr r2, [r0]",0
"lsl r3, r4, 1",0
"ldrh r3, [r2, r3]",0
"lsr r3, r3, 0xe",0
"and r3, r3, 1",0
"str r3, [sp, 0x38]",0
"mov r7, 1",0
b 0x3bcc,0
"mov r3, 0",0
"str r3, [sp, 0x58]",0
"str r3, [sp, 0x5c]",0
"cmn fp, 1",0
bne 0x39a8,0
"mov r0, r5",0
bl 0xf2c,0
"mov fp, r0",0
"mov ip, 1",0
"str ip, [sp, 0x38]",0
"mov r7, 0",0
"sub r0, r5, 1",0
"str r0, [sp, 0x40]",0
"str r8, [sp, 0x44]",0
"str sl, [sp, 0x48]",0
"str r4, [sp, 0x4c]",0
"mov sl, r7",0
"add r7, sl, r6",0
"add r8, r5, r7",0
"add r0, sp, 0x54",0
"mov r1, r8",0
"rsb r2, r7, fp",0
"add r3, sp, 0x58",0
bl 0xeb4,0
"subs r4, r0, 0",0
beq 0x3bb4,0
"cmn r4, 1",0
beq 0x3b70,0
"cmn r4, 2",0
bne 0x3a5c,0
"ldr r8, [sp, 0x44]",0
"ldr r4, [sp, 0x4c]",0
"mov r7, sl",0
"ldr sl, [sp, 0x48]",0
"add r3, r7, r6",0
"cmp fp, r3",0
bls 0x3b8c,0
"ldrb r3, [r5, r3]",0
"cmp r3, 0",0
beq 0x3b98,0
"mov r3, r7",0
"ldr r1, [sp, 0x28]",0
"add r3, r3, 1",0
"add r2, r6, r3",0
"cmp r2, fp",0
bhs 0x3ba4,0
"ldrb r2, [r1, r3]",0
"cmp r2, 0",0
bne 0x3a30,0
"mov r7, r3",0
"mov r1, 0",0
"str r1, [sp, 0x38]",0
b 0x3bc4,0
"ldr r3, [sp, 0x20]",0
"ldr r2, [sp, 0x88]",0
"cmp r2, 2",0
"movne r3, 0",0
"andeq r3, r3, 1",0
"cmp r3, 0",0
beq 0x3b30,0
"cmp r4, 1",0
bls 0x3b30,0
"ldr ip, [sp, 0x40]",0
"add r3, ip, r4",0
"add r7, r3, r7",0
"ldrb r3, [r8, 1]!",0
"sub r3, r3, 0x5b",0
"cmp r3, 0x21",0
"ldrls pc, [pc, r3, lsl 2]   ; [0x3aa0:4]=0xbdf8",0
b 0x3b28,0
"strdeq fp, ip, [r0], -r8",0
"strdeq fp, ip, [r0], -r8",0
"andeq fp, r0, r8, lsr 22",0
"strdeq fp, ip, [r0], -r8",0
"andeq fp, r0, r8, lsr 22",0
"strdeq fp, ip, [r0], -r8",0
"andeq fp, r0, r8, lsr 22",0
"andeq fp, r0, r8, lsr 22",0
"andeq fp, r0, r8, lsr 22",0
"andeq fp, r0, r8, lsr 22",0
"andeq fp, r0, r8, lsr 22",0
"andeq fp, r0, r8, lsr 22",0
"andeq fp, r0, r8, lsr 22",0
"andeq fp, r0, r8, lsr 22",0
"andeq fp, r0, r8, lsr 22",0
"andeq fp, r0, r8, lsr 22",0
"andeq fp, r0, r8, lsr 22",0
"andeq fp, r0, r8, lsr 22",0
"andeq fp, r0, r8, lsr 22",0
"andeq fp, r0, r8, lsr 22",0
"andeq fp, r0, r8, lsr 22",0
"andeq fp, r0, r8, lsr 22",0
"andeq fp, r0, r8, lsr 22",0
"andeq fp, r0, r8, lsr 22",0
"andeq fp, r0, r8, lsr 22",0
"andeq fp, r0, r8, lsr 22",0
"andeq fp, r0, r8, lsr 22",0
"andeq fp, r0, r8, lsr 22",0
"andeq fp, r0, r8, lsr 22",0
"andeq fp, r0, r8, lsr 22",0
"andeq fp, r0, r8, lsr 22",0
"andeq fp, r0, r8, lsr 22",0
"andeq fp, r0, r8, lsr 22",0
"strdeq fp, ip, [r0], -r8",0
"cmp r8, r7",0
bne 0x3a8c,0
"ldr r0, [sp, 0x54]",0
bl 0xe60,0
"ldr r1, [sp, 0x38]",0
"cmp r0, 0",0
"moveq r1, 0",0
"str r1, [sp, 0x38]",0
"add sl, sl, r4",0
"add r0, sp, 0x58",0
bl 0xe0c,0
"cmp r0, 0",0
beq 0x39cc,0
"ldr r8, [sp, 0x44]",0
"ldr r4, [sp, 0x4c]",0
"mov r7, sl",0
"ldr sl, [sp, 0x48]",0
b 0x3bc4,0
"ldr r8, [sp, 0x44]",0
"ldr r4, [sp, 0x4c]",0
"mov r7, sl",0
"ldr sl, [sp, 0x48]",0
"mov r2, 0",0
"str r2, [sp, 0x38]",0
b 0x3bc4,0
"mov r3, 0",0
"str r3, [sp, 0x38]",0
b 0x3bc4,0
"mov ip, 0",0
"str ip, [sp, 0x38]",0
b 0x3bc4,0
"mov r7, r3",0
"mov r0, 0",0
"str r0, [sp, 0x38]",0
b 0x3bc4,0
"ldr r8, [sp, 0x44]",0
"ldr r4, [sp, 0x4c]",0
"mov r7, sl",0
"ldr sl, [sp, 0x48]",0
"cmp r7, 1",0
bhi 0x3be0,0
"ldr r1, [sp, 0x38]",0
"eor r3, r1, 1",0
"ldr r2, [sp, 0x1c]",0
"tst r2, r3",0
beq 0x3ca4,0
"add r1, r7, r6",0
"ldr r7, [sp, 0x28]",0
"ldr r3, [sp, 0x38]",0
"eor r2, r3, 1",0
"ldr ip, [sp, 0x1c]",0
"and r2, ip, r2",0
"mov ip, 0x5c                ; '\'",0
"str sl, [sp, 0x38]",0
"ldr sl, [sp, 0x20]",0
"ldr r3, [sp, 0x2c]",0
"str r5, [sp, 0x28]",0
"ldr r5, [sp, 0x24]",0
"str fp, [sp, 0x24]",0
"cmp r2, 0",0
beq 0x3c68,0
"cmp sl, 0",0
bne 0x3e00,0
"cmp r8, sb",0
"strblo ip, [r3, r8]",0
"add r0, r8, 1",0
"cmp sb, r0",0
"lsrhi fp, r4, 6",0
"addhi fp, fp, 0x30",0
"strbhi fp, [r3, r0]",0
"add r0, r8, 2",0
"cmp sb, r0",0
"lsrhi fp, r4, 3",0
"andhi fp, fp, 7",0
"addhi fp, fp, 0x30",0
"strbhi fp, [r3, r0]",0
"add r8, r8, 3",0
"and r4, r4, 7",0
"add r4, r4, 0x30",0
b 0x3c80,0
"cmp r5, 0",0
beq 0x3c80,0
"cmp r8, sb",0
"strblo ip, [r3, r8]",0
"add r8, r8, 1",0
"mov r5, 0",0
"add r0, r6, 1",0
"cmp r1, r0",0
bls 0x3d10,0
"cmp r8, sb",0
"strblo r4, [r3, r8]",0
"add r8, r8, 1",0
"ldrb r4, [r7, 1]!",0
"mov r6, r0",0
b 0x3c14,0
"ldr r0, [sp, 0x30]",0
"cmp r0, 0",0
bne 0x3cd8,0
"ldr r1, [sp, 0x90]",0
"cmp r1, 0",0
beq 0x3cd8,0
"lsr r2, r4, 5",0
"and r2, r2, 0xff",0
"and r3, r4, 0x1f",0
"ldr r2, [r1, r2, lsl 2]",0
"lsr r3, r2, r3",0
"tst r3, 1",0
bne 0x3cec,0
"ldr r2, [sp, 0x24]",0
"cmp r2, 0",0
beq 0x3d1c,0
b 0x3cec,0
"mov r4, r3",0
"ldr r3, [sp, 0x20]",0
"cmp r3, 0",0
bne 0x3e10,0
"cmp r8, sb",0
"movlo r3, 0x5c              ; '\'",0
"ldrlo ip, [sp, 0x2c]",0
"strblo r3, [ip, r8]",0
"add r8, r8, 1",0
b 0x3d1c,0
"ldr sl, [sp, 0x38]",0
"ldr r5, [sp, 0x28]",0
"ldr fp, [sp, 0x24]",0
"cmp r8, sb",0
"ldrlo r0, [sp, 0x2c]",0
"strblo r4, [r0, r8]",0
"add r8, r8, 1",0
"add r6, r6, 1",0
"cmn fp, 1",0
bne 0x3d48,0
"ldrb r3, [r5, r6]",0
"adds r3, r3, 0",0
"movne r3, 1",0
b 0x3d50,0
"subs r3, r6, fp",0
"movne r3, 1",0
"cmp r3, 0",0
bne 0x3404,0
"mov sl, sb",0
"ldr r1, [sp, 0x88]",0
"cmp r8, 0",0
"cmpeq r1, 2",0
bne 0x3d78,0
"ldr r2, [sp, 0x20]",0
"cmp r2, 0",0
bne 0x3e14,0
"ldr ip, [sp, 0x20]",0
"eor r3, ip, 1",0
"ldr r0, [sp, 0x34]",0
"cmp r0, 0",0
"moveq r3, 0",0
"andne r3, r3, 1",0
"cmp r3, 0",0
beq 0x3dc4,0
"ldrb r3, [r0]",0
"cmp r3, 0",0
beq 0x3dc4,0
"mov r2, r0",0
"ldr r1, [sp, 0x2c]",0
"cmp sl, r8",0
"strbhi r3, [r1, r8]",0
"add r8, r8, 1",0
"ldrb r3, [r2, 1]!",0
"cmp r3, 0",0
bne 0x3dac,0
"cmp r8, sl",0
"movlo r3, 0",0
"ldrlo r1, [sp, 0x2c]",0
"strblo r3, [r1, r8]",0
b 0x3ebc,0
"mov sl, sb",0
b 0x3e14,0
"mov sl, sb",0
b 0x3e14,0
"mov sl, sb",0
b 0x3e14,0
"mov sl, sb",0
b 0x3e14,0
"mov sl, sb",0
b 0x3e14,0
"mov sl, sb",0
"ldr r5, [sp, 0x28]",0
"ldr fp, [sp, 0x24]",0
b 0x3e14,0
"mov sl, sb",0
"ldr r2, [sp, 0x88]",0
"str r2, [sp]",0
"ldr ip, [sp, 0x8c]",0
"bic r3, ip, 2",0
"str r3, [sp, 4]",0
"mov r3, 0",0
"str r3, [sp, 8]",0
"ldr r0, [sp, 0x94]",0
"str r0, [sp, 0xc]",0
"ldr r1, [sp, 0x98]",0
"str r1, [sp, 0x10]",0
"ldr r0, [sp, 0x2c]",0
"mov r1, sl",0
"mov r2, r5",0
"mov r3, fp",0
bl 0x31b8,0
"mov r8, r0",0
b 0x3ebc,0
"mov r2, 1",0
"str r2, [sp, 0x20]",0
"str r2, [sp, 0x1c]",0
"mov sb, r2",0
"ldr r3, [0x00003ec8]        ; [0x3ec8:4]=0xeb58",0
"str r3, [sp, 0x34]",0
"mov r8, 0",0
"mov ip, 3",0
"str ip, [sp, 0x88]",0
b 0x33d8,0
"mov r0, 1",0
"str r0, [sp, 0x20]",0
"mov r1, 0",0
"str r1, [sp, 0x1c]",0
"mov sb, r0",0
"ldr r2, [0x00003ed0]        ; [0x3ed0:4]=0xeb54",0
"str r2, [sp, 0x34]",0
"mov r8, r1",0
"mov r3, 2",0
"str r3, [sp, 0x88]",0
b 0x33d8,0
"mov r8, r2",0
"mov r4, 0x30                ; '0'",0
b 0x3cb0,0
"mov r0, r8",0
"add sp, sp, 0x64",0
"pop {r4, r5, r6, r7, r8, sb, sl, fp, pc}",0
"andeq lr, r0, r8, asr fp",0
"andeq lr, r0, r4, ror 22",0
"andeq lr, r0, r4, asr fp",0
"stmdalo r0, {r0, r6, r7, r8, ip, lr}",0
"push {r4, r5, r6, r7, r8, sb, sl, fp, lr}",0
"sub sp, sp, 0x2c",0
"mov r6, r0",0
"mov sb, r1",0
"mov fp, r2",0
"mov r4, r3",0
bl 0xf44,0
"mov r8, r0",0
"ldr r3, [r0]",0
"str r3, [sp, 0x24]",0
"ldr r3, [0x0000408c]        ; [0x408c:4]=0x16e38",0
"ldr r5, [r3]",0
"cmp r6, 0",0
bge 0x3f14,0
bl 0x1028,0
"ldr r3, [0x0000408c]        ; [0x408c:4]=0x16e38",0
"ldr r3, [r3, 4]",0
"cmp r6, r3",0
blo 0x3f64,0
"add r7, r6, 1",0
"cmn r7, 0xe0000001",0
bls 0x3f34,0
bl 0x4be4,0
"ldr r3, [0x00004090]        ; [0x4090:4]=0x16e40",0
"cmp r5, r3",0
beq 0x4038,0
b 0x405c,0
"ldr sl, [0x0000408c]        ; [0x408c:4]=0x16e38",0
"ldr r0, [sl, 4]",0
"rsb r2, r0, r7",0
"add r0, r5, r0, lsl 3",0
"mov r1, 0",0
"lsl r2, r2, 3",0
bl 0xf5c,0
"str r7, [sl, 4]",0
"add r3, r5, r6, lsl 3",0
"str r3, [sp, 0x18]",0
"ldr sl, [r5, r6, lsl 3]",0
"ldr r7, [r3, 4]",0
"ldr r3, [r4, 4]",0
"orr r3, r3, 1",0
"str r3, [sp, 0x1c]",0
"add r3, r4, 8",0
"str r3, [sp, 0x20]",0
"ldr r3, [r4]",0
"str r3, [sp]",0
"ldr r3, [sp, 0x1c]",0
"str r3, [sp, 4]",0
"ldr r3, [sp, 0x20]",0
"str r3, [sp, 8]",0
"ldr r3, [r4, 0x28]",0
"str r3, [sp, 0xc]",0
"ldr r3, [r4, 0x2c]",0
"str r3, [sp, 0x10]",0
"mov r0, r7",0
"mov r1, sl",0
"mov r2, sb",0
"mov r3, fp",0
bl 0x31b8,0
"cmp sl, r0",0
bhi 0x4078,0
"add sl, r0, 1",0
"str sl, [r5, r6, lsl 3]",0
"ldr r3, [0x00004094]        ; [0x4094:4]=0x16eac",0
"cmp r7, r3",0
beq 0x3fe8,0
"mov r0, r7",0
bl 0xde8,0
"mov r0, sl",0
bl 0x49b8,0
"mov r7, r0",0
"ldr r3, [sp, 0x18]",0
"str r0, [r3, 4]",0
"ldr r3, [r4]",0
"str r3, [sp]",0
"ldr r3, [sp, 0x1c]",0
"str r3, [sp, 4]",0
"ldr r3, [sp, 0x20]",0
"str r3, [sp, 8]",0
"ldr r3, [r4, 0x28]",0
"str r3, [sp, 0xc]",0
"ldr r3, [r4, 0x2c]",0
"str r3, [sp, 0x10]",0
"mov r1, sl",0
"mov r2, sb",0
"mov r3, fp",0
bl 0x31b8,0
b 0x4078,0
"mov r0, 0",0
"lsl r1, r7, 3",0
bl 0x4a24,0
"mov r5, r0",0
"ldr r3, [0x0000408c]        ; [0x408c:4]=0x16e38",0
"str r0, [r3], 8",0
"ldm r3, {r0, r1}",0
"stm r5, {r0, r1}",0
b 0x3f44,0
"mov r0, r5",0
"lsl r1, r7, 3",0
bl 0x4a24,0
"mov r5, r0",0
"ldr r3, [0x0000408c]        ; [0x408c:4]=0x16e38",0
"str r0, [r3]",0
b 0x3f44,0
"ldr r3, [sp, 0x24]",0
"str r3, [r8]",0
"mov r0, r7",0
"add sp, sp, 0x2c",0
"pop {r4, r5, r6, r7, r8, sb, sl, fp, pc}",0
"andeq r6, r1, r8, lsr lr",0
"andeq r6, r1, r0, asr 28",0
"andeq r6, r1, ip, lsr 29",0
"push {r4, r5, r6, lr}",0
"mov r4, r0",0
bl 0xf44,0
"mov r5, r0",0
"ldr r6, [r0]",0
"cmp r4, 0",0
"ldr r3, [0x000040cc]        ; [0x40cc:4]=0x16fac",0
"moveq r4, r3",0
"mov r0, r4",0
"mov r1, 0x30                ; '0'",0
bl 0x4ba4,0
"str r6, [r5]",0
"pop {r4, r5, r6, pc}",0
"andeq r6, r1, ip, lsr 31",0
"subs r3, r0, 0",0
"ldr r2, [0x000040e4]        ; [0x40e4:4]=0x16fac",0
"moveq r3, r2",0
"ldr r0, [r3]",0
bx lr,0
"andeq r6, r1, ip, lsr 31",0
"subs r3, r0, 0",0
"ldr r2, [0x000040fc]        ; [0x40fc:4]=0x16fac",0
"moveq r3, r2",0
"str r1, [r3]",0
bx lr,0
"andeq r6, r1, ip, lsr 31",0
"str r4, [sp, -4]!",0
"subs r3, r0, 0",0
"ldr r0, [0x00004140]        ; [0x4140:4]=0x16fac",0
"moveq r3, r0",0
"lsr ip, r1, 5",0
"and r1, r1, 0x1f",0
"add ip, ip, 2",0
"ldr r4, [r3, ip, lsl 2]",0
"lsr r0, r4, r1",0
"and r0, r0, 1",0
"and r2, r2, 1",0
"eor r2, r0, r2",0
"eor r1, r4, r2, lsl r1",0
"str r1, [r3, ip, lsl 2]",0
"ldm sp!, {r4}",0
bx lr,0
"andeq r6, r1, ip, lsr 31",0
"subs r3, r0, 0",0
"ldr r2, [0x0000415c]        ; [0x415c:4]=0x16fac",0
"moveq r3, r2",0
"ldr r0, [r3, 4]",0
"str r1, [r3, 4]",0
bx lr,0
"andeq r6, r1, ip, lsr 31",0
"push {r3, lr}",0
"subs r3, r0, 0",0
"ldr r0, [0x00004190]        ; [0x4190:4]=0x16fac",0
"moveq r3, r0",0
"mov r0, 8",0
"str r0, [r3]",0
"cmp r1, 0",0
"cmpne r2, 0",0
"strne r1, [r3, 0x28]",0
"strne r2, [r3, 0x2c]",0
"popne {r3, pc}",0
bl 0x1028,0
"andeq r6, r1, ip, lsr 31",0
"push {r4, r5, r6, r7, r8, sb, sl, lr}",0
"sub sp, sp, 0x18",0
"mov sb, r0",0
"mov sl, r1",0
"mov r8, r2",0
"mov r7, r3",0
"ldr ip, [sp, 0x38]",0
"cmp ip, 0",0
"ldr r4, [0x00004210]        ; [0x4210:4]=0x16fac",0
"movne r4, ip",0
bl 0xf44,0
"mov r5, r0",0
"ldr r6, [r0]",0
"ldr r3, [r4]",0
"str r3, [sp]",0
"ldr r3, [r4, 4]",0
"str r3, [sp, 4]",0
"add r3, r4, 8",0
"str r3, [sp, 8]",0
"ldr r3, [r4, 0x28]",0
"str r3, [sp, 0xc]",0
"ldr r3, [r4, 0x2c]",0
"str r3, [sp, 0x10]",0
"mov r0, sb",0
"mov r1, sl",0
"mov r2, r8",0
"mov r3, r7",0
bl 0x31b8,0
"str r6, [r5]",0
"add sp, sp, 0x18",0
"pop {r4, r5, r6, r7, r8, sb, sl, pc}",0
"andeq r6, r1, ip, lsr 31",0
"push {r4, r5, r6, r7, r8, sb, sl, fp, lr}",0
"sub sp, sp, 0x2c",0
"mov r8, r0",0
"mov r7, r1",0
"mov r5, r2",0
"subs r2, r3, 0",0
"ldr r4, [0x000042ec]        ; [0x42ec:4]=0x16fac",0
"movne r4, r2",0
bl 0xf44,0
"mov r6, r0",0
"ldr r3, [r0]",0
"str r3, [sp, 0x20]",0
"ldr sb, [r4, 4]",0
"cmp r5, 0",0
"orreq sb, sb, 1",0
"add sl, r4, 8",0
"ldr r3, [r4]",0
"str r3, [sp]",0
"str sb, [sp, 4]",0
"str sl, [sp, 8]",0
"ldr r3, [r4, 0x28]",0
"str r3, [sp, 0xc]",0
"ldr r3, [r4, 0x2c]",0
"str r3, [sp, 0x10]",0
"mov r0, 0",0
"mov r1, r0",0
"mov r2, r8",0
"mov r3, r7",0
bl 0x31b8,0
"str r0, [sp, 0x1c]",0
"add fp, r0, 1",0
"mov r0, fp",0
bl 0x49b8,0
"str r0, [sp, 0x24]",0
"ldr r3, [r4]",0
"str r3, [sp]",0
"str sb, [sp, 4]",0
"str sl, [sp, 8]",0
"ldr r3, [r4, 0x28]",0
"str r3, [sp, 0xc]",0
"ldr r3, [r4, 0x2c]",0
"str r3, [sp, 0x10]",0
"mov r1, fp",0
"mov r2, r8",0
"mov r3, r7",0
bl 0x31b8,0
"ldr r3, [sp, 0x20]",0
"str r3, [r6]",0
"cmp r5, 0",0
"ldrne r3, [sp, 0x1c]",0
"strne r3, [r5]",0
"ldr r0, [sp, 0x24]",0
"add sp, sp, 0x2c",0
"pop {r4, r5, r6, r7, r8, sb, sl, fp, pc}",0
"andeq r6, r1, ip, lsr 31",0
"push {r3, lr}",0
"mov r3, r2",0
"mov r2, 0",0
bl 0x4214,0
"pop {r3, pc}",0
"push {r3, r4, r5, r6, r7, lr}",0
"ldr r3, [0x0000439c]        ; [0x439c:4]=0x16e38",0
"ldr r7, [r3]",0
"ldr r3, [r3, 4]",0
"cmp r3, 1",0
bls 0x4344,0
"mov r5, r7",0
"mov r4, 1",0
"ldr r6, [0x0000439c]        ; [0x439c:4]=0x16e38",0
"ldr r0, [r5, 0xc]",0
bl 0xde8,0
"add r4, r4, 1",0
"add r5, r5, 8",0
"ldr r3, [r6, 4]",0
"cmp r3, r4",0
bhi 0x4328,0
"ldr r0, [r7, 4]",0
"ldr r3, [0x000043a0]        ; [0x43a0:4]=0x16eac",0
"cmp r0, r3",0
beq 0x436c,0
bl 0xde8,0
"ldr r3, [0x0000439c]        ; [0x439c:4]=0x16e38",0
"mov r2, 0x100",0
"str r2, [r3, 8]",0
"ldr r2, [0x000043a0]        ; [0x43a0:4]=0x16eac",0
"str r2, [r3, 0xc]",0
"ldr r3, [0x000043a4]        ; [0x43a4:4]=0x16e40",0
"cmp r7, r3",0
beq 0x438c,0
"mov r0, r7",0
bl 0xde8,0
"ldr r3, [0x0000439c]        ; [0x439c:4]=0x16e38",0
"add r2, r3, 8",0
"str r2, [r3]",0
"mov r2, 1",0
"ldr r3, [0x0000439c]        ; [0x439c:4]=0x16e38",0
"str r2, [r3, 4]",0
"pop {r3, r4, r5, r6, r7, pc}",0
"andeq r6, r1, r8, lsr lr",0
"andeq r6, r1, ip, lsr 29",0
"andeq r6, r1, r0, asr 28",0
"push {r3, lr}",0
"mvn r2, 0",0
"ldr r3, [0x000043bc]        ; [0x43bc:4]=0x16fac",0
bl 0x3ed8,0
"pop {r3, pc}",0
"andeq r6, r1, ip, lsr 31",0
"push {r3, lr}",0
"ldr r3, [0x000043d0]        ; [0x43d0:4]=0x16fac",0
bl 0x3ed8,0
"pop {r3, pc}",0
"andeq r6, r1, ip, lsr 31",0
"push {r3, lr}",0
"mov r1, r0",0
"mov r0, 0",0
bl 0x43a8,0
"pop {r3, pc}",0
"push {r3, lr}",0
"mov r3, r0",0
"mov r2, r1",0
"mov r0, 0",0
"mov r1, r3",0
bl 0x43c0,0
"pop {r3, pc}",0
"push {r4, r5, lr}",0
"sub sp, sp, 0x34",0
"mov r5, r0",0
"mov r4, r2",0
"mov r0, sp",0
bl 0x2fd8,0
"mov r0, r5",0
"mov r1, r4",0
"mvn r2, 0",0
"mov r3, sp",0
bl 0x3ed8,0
"add sp, sp, 0x34",0
"pop {r4, r5, pc}",0
"push {r4, r5, r6, lr}",0
"sub sp, sp, 0x30",0
"mov r6, r0",0
"mov r5, r2",0
"mov r4, r3",0
"mov r0, sp",0
bl 0x2fd8,0
"mov r0, r6",0
"mov r1, r5",0
"mov r2, r4",0
"mov r3, sp",0
bl 0x3ed8,0
"add sp, sp, 0x30",0
"pop {r4, r5, r6, pc}",0
"push {r3, lr}",0
"mov r3, r0",0
"mov r2, r1",0
"mov r0, 0",0
"mov r1, r3",0
bl 0x4404,0
"pop {r3, pc}",0
"push {r3, lr}",0
"mov lr, r0",0
"mov ip, r1",0
"mov r3, r2",0
"mov r0, 0",0
"mov r1, lr",0
"mov r2, ip",0
bl 0x4438,0
"pop {r3, pc}",0
"push {r4, r5, r6, lr}",0
"sub sp, sp, 0x30",0
"mov r5, r0",0
"mov r4, r1",0
"mov r6, r2",0
"mov ip, sp",0
"ldr lr, [0x00004510]        ; [0x4510:4]=0x16fac",0
"ldm lr!, {r0, r1, r2, r3}",0
"stm ip!, {r0, r1, r2, r3}",0
"ldm lr!, {r0, r1, r2, r3}",0
"stm ip!, {r0, r1, r2, r3}",0
"ldm lr, {r0, r1, r2, r3}",0
"stm ip, {r0, r1, r2, r3}",0
"mov r0, sp",0
"mov r1, r6",0
"mov r2, 1",0
bl 0x4100,0
"mov r0, 0",0
"mov r1, r5",0
"mov r2, r4",0
"mov r3, sp",0
bl 0x3ed8,0
"add sp, sp, 0x30",0
"pop {r4, r5, r6, pc}",0
"andeq r6, r1, ip, lsr 31",0
"push {r3, lr}",0
"mov r2, r1",0
"mvn r1, 0",0
bl 0x44b0,0
"pop {r3, pc}",0
"push {r3, lr}",0
"mov r1, 0x3a                ; ':'",0
bl 0x4514,0
"pop {r3, pc}",0
"push {r3, lr}",0
"mov r2, 0x3a                ; ':'",0
bl 0x44b0,0
"pop {r3, pc}",0
"push {r4, r5, r6, r7, lr}",0
"sub sp, sp, 0x34",0
"mov r5, r0",0
"mov r7, r1",0
"mov r6, r2",0
"mov r4, r3",0
"mov ip, sp",0
"ldr lr, [0x000045ac]        ; [0x45ac:4]=0x16fac",0
"ldm lr!, {r0, r1, r2, r3}",0
"stm ip!, {r0, r1, r2, r3}",0
"ldm lr!, {r0, r1, r2, r3}",0
"stm ip!, {r0, r1, r2, r3}",0
"ldm lr, {r0, r1, r2, r3}",0
"stm ip, {r0, r1, r2, r3}",0
"mov r0, sp",0
"mov r1, r7",0
"mov r2, r6",0
bl 0x4160,0
"mov r0, r5",0
"mov r1, r4",0
"ldr r2, [sp, 0x48]",0
"mov r3, sp",0
bl 0x3ed8,0
"add sp, sp, 0x34",0
"pop {r4, r5, r6, r7, pc}",0
"andeq r6, r1, ip, lsr 31",0
"str lr, [sp, -4]!",0
"sub sp, sp, 0xc",0
"mvn ip, 0",0
"str ip, [sp]",0
bl 0x4548,0
"add sp, sp, 0xc",0
"ldm sp!, {pc}",0
"push {r3, lr}",0
"mov lr, r0",0
"mov ip, r1",0
"mov r3, r2",0
"mov r0, 0",0
"mov r1, lr",0
"mov r2, ip",0
bl 0x45b0,0
"pop {r3, pc}",0
"push {r4, lr}",0
"sub sp, sp, 8",0
"mov r4, r0",0
"mov lr, r1",0
"mov ip, r2",0
"str r3, [sp]",0
"mov r0, 0",0
"mov r1, r4",0
"mov r2, lr",0
"mov r3, ip",0
bl 0x4548,0
"add sp, sp, 8",0
"pop {r4, pc}",0
"push {r3, lr}",0
"ldr r3, [0x00004634]        ; [0x4634:4]=0x16e48 ; ""Hn\x01""",0
bl 0x3ed8,0
"pop {r3, pc}",0
"andeq r6, r1, r8, asr 28",0
"push {r3, lr}",0
"mov r3, r0",0
"mov r2, r1",0
"mov r0, 0",0
"mov r1, r3",0
bl 0x4624,0
"pop {r3, pc}",0
"push {r3, lr}",0
"mvn r2, 0",0
bl 0x4624,0
"pop {r3, pc}",0
"push {r3, lr}",0
"mov r1, r0",0
"mov r0, 0",0
bl 0x4654,0
"pop {r3, pc}",0
"push {r4, r5}",0
"ldrb r4, [r0]",0
"ldrb r3, [r1]",0
"cmp r4, 0x2d",0
bne 0x47d8,0
b 0x4694,0
"mov r0, r2",0
"add r2, r0, 1",0
"mov r4, r2",0
"ldrb ip, [r0, 1]",0
"cmp ip, 0x30",0
beq 0x4690,0
"mov r5, ip",0
"cmp r3, 0x2d",0
beq 0x46f0,0
"sub ip, ip, 0x30",0
"cmp ip, 9",0
bls 0x4930,0
b 0x46c8,0
"ldrb r3, [r1, 1]!",0
"cmp r3, 0x30",0
beq 0x46c4,0
"cmn r3, 1",0
beq 0x46c4,0
"sub r3, r3, 0x30",0
"cmp r3, 9",0
"movhi r0, 0",0
"mvnls r0, 0",0
b 0x49b0,0
"mov r1, r0",0
"add r0, r1, 1",0
"mov r2, r0",0
"ldrb r3, [r1, 1]",0
"cmp r3, 0x30",0
beq 0x46ec,0
"cmp r5, r3",0
beq 0x4734,0
b 0x4980,0
"add r3, r4, 1",0
"mov r4, r3",0
"ldrb ip, [r3], 1",0
"add r1, r2, 1",0
"mov r2, r1",0
"ldrb r3, [r1], 1",0
"cmp ip, r3",0
beq 0x474c,0
b 0x4980,0
"sub r3, r5, 0x30",0
"cmp r3, 9",0
"movhi r3, r5",0
"movhi ip, r5",0
bhi 0x4980,0
b 0x4710,0
"sub r0, ip, 0x30",0
"cmp r0, 9",0
bls 0x4710,0
"mov r3, ip",0
b 0x4980,0
"add r1, r4, 1",0
"mov r4, r1",0
"ldrb r5, [r1], 1",0
"add ip, ip, 1",0
"sub r1, r5, 0x30",0
"cmp r1, 9",0
bls 0x4760,0
"sub r3, r3, 0x30",0
"cmp r3, 9",0
bhi 0x4938,0
"mov r1, 0",0
b 0x4798,0
"mov ip, 0",0
"mov r1, ip",0
"add r3, r2, 1",0
"mov r2, r3",0
"ldrb r4, [r3], 1",0
"add r1, r1, 1",0
"sub r3, r4, 0x30",0
"cmp r3, 9",0
bls 0x4798,0
"cmp r1, ip",0
beq 0x47c8,0
"movhi r0, 1",0
"mvnls r0, 0",0
b 0x49b0,0
"cmp ip, 0",0
bne 0x49b0,0
"mov r0, 0",0
b 0x49b0,0
"cmp r3, 0x2d",0
bne 0x4830,0
b 0x47e8,0
"add r1, r1, 1",0
"ldrb r3, [r1, 1]",0
"cmp r3, 0x30",0
beq 0x47e4,0
"sub r3, r3, 0x30",0
"cmp r3, 9",0
"movls r0, 1",0
bls 0x49b0,0
b 0x480c,0
"ldrb r4, [r0, 1]!",0
"cmp r4, 0x30",0
beq 0x4808,0
"sub r0, r4, 0x30",0
"cmp r0, 9",0
"movhi r0, 0",0
"movls r0, 1",0
b 0x49b0,0
"ldrb r4, [ip, 1]",0
"add r0, r0, 1",0
"mov ip, r0",0
"cmp r4, 0x30",0
beq 0x4828,0
"mov r0, r4",0
b 0x484c,0
"ldrb r3, [r2, 1]",0
"add r1, r1, 1",0
"mov r2, r1",0
"cmp r3, 0x30",0
beq 0x4844,0
"cmn r3, 1",0
beq 0x4844,0
"cmp r0, r3",0
beq 0x4890,0
b 0x4998,0
"add r3, ip, 1",0
"mov ip, r3",0
"ldrb r4, [r3], 1",0
"add r1, r2, 1",0
"mov r2, r1",0
"ldrb r3, [r1], 1",0
"cmp r4, r3",0
beq 0x48a4,0
b 0x4998,0
"sub r0, r0, 0x30",0
"cmp r0, 9",0
"movhi r3, r4",0
bhi 0x4998,0
b 0x486c,0
"sub r0, r4, 0x30",0
"cmp r0, 9",0
bls 0x486c,0
"mov r3, r4",0
b 0x4998,0
"add r1, ip, 1",0
"mov ip, r1",0
"ldrb r5, [r1], 1",0
"add r4, r4, 1",0
"sub r1, r5, 0x30",0
"cmp r1, 9",0
bls 0x48b8,0
"sub r3, r3, 0x30",0
"cmp r3, 9",0
bhi 0x4948,0
"mov r1, 0",0
b 0x48f0,0
"mov r4, 0",0
"mov r1, r4",0
"add r3, r2, 1",0
"mov r2, r3",0
"ldrb ip, [r3], 1",0
"add r1, r1, 1",0
"sub r3, ip, 0x30",0
"cmp r3, 9",0
bls 0x48f0,0
"cmp r1, r4",0
beq 0x4920,0
"mvnhi r0, 0",0
"movls r0, 1",0
b 0x49b0,0
"cmp r4, 0",0
bne 0x49b0,0
"mov r0, 0",0
b 0x49b0,0
"mvn r0, 0",0
b 0x49b0,0
"cmp ip, 0",0
"mvnne r0, 0",0
bne 0x49b0,0
b 0x47d0,0
"cmp r4, 0",0
"movne r0, 1",0
bne 0x49b0,0
b 0x4928,0
"sub r3, r3, 0x30",0
"cmp r3, 9",0
"movhi ip, 0",0
bhi 0x47c8,0
b 0x4790,0
"sub r3, r3, 0x30",0
"cmp r3, 9",0
"movhi r4, 0",0
bhi 0x4920,0
b 0x48e8,0
"rsb r0, ip, r3",0
"sub ip, ip, 0x30",0
"cmp ip, 9",0
"movls ip, 0",0
bls 0x4760,0
b 0x4958,0
"rsb r0, r3, r4",0
"sub r4, r4, 0x30",0
"cmp r4, 9",0
"movls r4, 0",0
bls 0x48b8,0
b 0x496c,0
"pop {r4, r5}",0
bx lr,0
"push {r4, lr}",0
"mov r4, r0",0
bl 0xee4,0
"mov r2, r0",0
"rsbs r0, r0, 1",0
"movlo r0, 0",0
"cmp r4, 0",0
"moveq r0, 0",0
"cmp r0, 0",0
beq 0x49e4,0
bl 0x4be4,0
"mov r0, r2",0
"pop {r4, pc}",0
"push {r3, lr}",0
bl 0x49b8,0
"pop {r3, pc}",0
"push {r3, r4, r5, lr}",0
"mov r4, r0",0
"mov r5, r1",0
"mvn r0, 0",0
bl 0x51cc,0
"cmp r0, r4",0
bhs 0x4a18,0
bl 0x4be4,0
"mul r0, r4, r5",0
bl 0x49b8,0
"pop {r3, r4, r5, pc}",0
"push {r4, lr}",0
"mov r4, r1",0
"rsbs r1, r1, 1",0
"movlo r1, 0",0
"cmp r0, 0",0
"moveq r1, 0",0
"cmp r1, 0",0
beq 0x4a50,0
bl 0xde8,0
"mov r3, 0",0
b 0x4a78,0
"mov r1, r4",0
bl 0xe30,0
"mov r3, r0",0
"rsbs r0, r0, 1",0
"movlo r0, 0",0
"cmp r4, 0",0
"moveq r0, 0",0
"cmp r0, 0",0
beq 0x4a78,0
bl 0x4be4,0
"mov r0, r3",0
"pop {r4, pc}",0
"push {r3, r4, r5, r6, r7, lr}",0
"mov r5, r1",0
"mov r6, r2",0
"ldr r4, [r1]",0
"subs r7, r0, 0",0
bne 0x4abc,0
"cmp r4, 0",0
bne 0x4adc,0
"mov r0, 0x40                ; '@'",0
"mov r1, r2",0
bl 0x51cc,0
"cmp r0, 0",0
"movne r4, r0",0
"addeq r4, r0, 1",0
b 0x4adc,0
"ldr r0, [0x00004af0]        ; [0x4af0:4]=0xaaaaaaaa",0
"mov r1, r2",0
bl 0x51cc,0
"cmp r4, r0",0
"addlo r3, r4, 1",0
"addlo r4, r4, r3, lsr 1",0
blo 0x4adc,0
bl 0x4be4,0
"str r4, [r5]",0
"mov r0, r7",0
"mul r1, r6, r4",0
bl 0x4a24,0
"pop {r3, r4, r5, r6, r7, pc}",0
bge 0xfeaaf5a0,0
"push {r4, r5, r6, lr}",0
"mov r6, r0",0
"mov r5, r1",0
"mov r4, r2",0
"mvn r0, 0",0
"mov r1, r2",0
bl 0x51cc,0
"cmp r0, r5",0
bhs 0x4b1c,0
bl 0x4be4,0
"mov r0, r6",0
"mul r1, r5, r4",0
bl 0x4a24,0
"pop {r4, r5, r6, pc}",0
"push {r3, lr}",0
"ldr r3, [r1]",0
"cmp r0, 0",0
bne 0x4b48,0
"cmp r3, 0",0
"moveq r3, 0x40              ; '@'",0
b 0x4b60,0
"ldr r2, [0x00004b70]        ; [0x4b70:4]=0xaaaaaaa9",0
"cmp r3, r2",0
"addls r2, r3, 1",0
"addls r3, r3, r2, lsr 1",0
bls 0x4b60,0
bl 0x4be4,0
"str r3, [r1]",0
"mov r1, r3",0
bl 0x4a24,0
"pop {r3, pc}",0
bge 0xfeaaf61c,0
"push {r4, lr}",0
"mov r4, r0",0
bl 0x49b8,0
"mov r1, 0",0
"mov r2, r4",0
bl 0xf5c,0
"pop {r4, pc}",0
"push {r3, lr}",0
bl 0xda0,0
"cmp r0, 0",0
"popne {r3, pc}",0
bl 0x4be4,0
"push {r3, r4, r5, lr}",0
"mov r5, r0",0
"mov r4, r1",0
"mov r0, r1",0
bl 0x49b8,0
"mov r1, r5",0
"mov r2, r4",0
bl 0xe00,0
"pop {r3, r4, r5, pc}",0
"push {r4, lr}",0
"mov r4, r0",0
bl 0xf2c,0
"add r1, r0, 1",0
"mov r0, r4",0
bl 0x4ba4,0
"pop {r4, pc}",0
"push {r3, lr}",0
"ldr r3, [0x00004c18]        ; [0x4c18:4]=0x16e34",0
"ldr r4, [r3]",0
"mov r0, 0",0
"ldr r1, [0x00004c1c]        ; [0x4c1c:4]=0xeba4",0
"mov r2, 5",0
bl 0xe24,0
"mov r3, r0",0
"mov r0, r4",0
"mov r1, 0",0
"ldr r2, [0x00004c20]        ; [0x4c20:4]=0xeac0",0
bl 0xec0,0
bl 0x1028,0
"andeq r6, r1, r4, lsr lr",0
"andeq lr, r0, r4, lsr 23",0
"andeq lr, r0, r0, asr 21",0
"push {r4, r5, r6, lr}",0
"mov r4, r0",0
bl 0xea8,0
"mov r6, r0",0
"ldr r5, [r4]",0
"and r5, r5, 0x20",0
"mov r0, r4",0
bl 0x5010,0
"adds r0, r0, 0",0
"movne r0, 1",0
"cmp r5, 0",0
bne 0x4c7c,0
"cmp r0, 0",0
beq 0x4c98,0
"cmp r6, 0",0
bne 0x4ca0,0
bl 0xf44,0
"ldr r3, [r0]",0
"cmp r3, 9",0
"mvnne r0, 0",0
"moveq r0, 0",0
"pop {r4, r5, r6, pc}",0
"cmp r0, 0",0
bne 0x4ca8,0
bl 0xf44,0
"mov r3, 0",0
"str r3, [r0]",0
"mvn r0, 0",0
"pop {r4, r5, r6, pc}",0
"mov r0, 0",0
"pop {r4, r5, r6, pc}",0
"mvn r0, 0",0
"pop {r4, r5, r6, pc}",0
"mvn r0, 0",0
"pop {r4, r5, r6, pc}",0
"push {r4, r5, r6, r7, r8, sb, sl, fp, lr}",0
"sub sp, sp, 0x6c",0
"mov r0, 0xe",0
bl 0xfe0,0
"subs r5, r0, 0",0
"ldr r3, [0x00004ff0]        ; [0x4ff0:4]=0xde38",0
"cmp r0, 0",0
"moveq r5, r3",0
"ldr r3, [0x00004ff4]        ; [0x4ff4:4]=0x16fdc",0
"ldr r4, [r3]",0
"cmp r4, 0",0
bne 0x4f60,0
"ldr r0, [0x00004ff8]        ; [0x4ff8:4]=0xebe8",0
bl 0xed8,0
"subs r6, r0, 0",0
beq 0x4d10,0
"ldrb r3, [r6]",0
"cmp r3, 0",0
beq 0x4d1c,0
"mov r0, r6",0
bl 0xf2c,0
"subs r8, r0, 0",0
beq 0x4d38,0
b 0x4d24,0
"mov r8, 0x25                ; '%'",0
"ldr r6, [0x00004ffc]        ; [0x4ffc:4]=0xebb8",0
b 0x4d24,0
"mov r8, 0x25                ; '%'",0
"ldr r6, [0x00004ffc]        ; [0x4ffc:4]=0xebb8",0
"add r3, r6, r8",0
"ldrb r3, [r3, -1]",0
"cmp r3, 0x2f",0
"movne sb, 1",0
bne 0x4d40,0
"mov sb, 0",0
b 0x4d40,0
"add sl, sb, r8",0
"add r0, sl, 0xe",0
bl 0xee4,0
"subs r7, r0, 0",0
beq 0x4f54,0
"mov r0, r7",0
"mov r1, r6",0
"mov r2, r8",0
bl 0xe00,0
"cmp sb, 0",0
"movne r3, 0x2f              ; '/'",0
"strbne r3, [r7, r8]",0
"add r0, r7, sl",0
"ldr r1, [0x00005000]        ; [0x5000:4]=0xebf8",0
"mov r2, 0xe",0
bl 0xe00,0
"mov r0, r7",0
"mov r1, 0x8000",0
bl 0xecc,0
"subs r8, r0, 0",0
blt 0x4f3c,0
"mov r0, r8",0
"ldr r1, [0x00005004]        ; [0x5004:4]=0xec08",0
bl 0xd94,0
"subs r6, r0, 0",0
"movne sl, 0",0
bne 0x4dbc,0
"mov r0, r8",0
bl 0x1034,0
"ldr r4, [0x00004ff0]        ; [0x4ff0:4]=0xde38",0
b 0x4f48,0
"ldr r3, [r6, 4]",0
"ldr r2, [r6, 8]",0
"cmp r3, r2",0
"ldrblo r0, [r3], 1",0
"strlo r3, [r6, 4]",0
blo 0x4de0,0
"mov r0, r6",0
bl 0xfb0,0
b 0x4de0,0
"cmn r0, 1",0
beq 0x4f0c,0
"cmp r0, 0xa",0
"cmpne r0, 0x20              ; ""0\xfb\x01""",0
beq 0x4dbc,0
"cmp r0, 9",0
beq 0x4dbc,0
"cmp r0, 0x23",0
bne 0x4e40,0
"ldr r3, [r6, 4]",0
"ldr r2, [r6, 8]",0
"cmp r3, r2",0
"ldrblo r0, [r3], 1",0
"strlo r3, [r6, 4]",0
blo 0x4e28,0
"mov r0, r6",0
bl 0xfb0,0
b 0x4e28,0
"cmp r0, 0xa",0
"cmnne r0, 1",0
bne 0x4e04,0
"cmn r0, 1",0
bne 0x4dbc,0
b 0x4f14,0
"mov r1, r6",0
bl 0xf38,0
"mov r0, r6",0
"ldr r1, [0x00005008]        ; [0x5008:4]=0xec0c",0
"mov r2, sp",0
"add r3, sp, 0x34",0
bl 0xf68,0
"cmp r0, 1",0
ble 0x4f1c,0
"mov r0, sp",0
bl 0xf2c,0
"mov sb, r0",0
"add r0, sp, 0x34",0
bl 0xf2c,0
"mov fp, r0",0
"cmp sl, 0",0
bne 0x4e9c,0
"add r0, r0, sb",0
"add sl, r0, 2",0
"add r0, r0, 3",0
bl 0xee4,0
"mov r8, r0",0
b 0x4eb8,0
"add r1, sb, r0",0
"add r1, r1, sl",0
"add sl, r1, 2",0
"mov r0, r4",0
"add r1, r1, 3",0
bl 0xe30,0
"mov r8, r0",0
"cmp r8, 0",0
bne 0x4ed8,0
"mov r0, r4",0
bl 0xde8,0
"mov r0, r6",0
bl 0x5010,0
"ldr r4, [0x00004ff0]        ; [0x4ff0:4]=0xde38",0
b 0x4f48,0
"rsb fp, fp, sl",0
"mvn r0, 1",0
"rsb r0, sb, r0",0
"add r0, r0, fp",0
"add r0, r8, r0",0
"mov r1, sp",0
bl 0xe9c,0
"sub r0, fp, 1",0
"add r0, r8, r0",0
"add r1, sp, 0x34",0
bl 0xe9c,0
"mov r4, r8",0
b 0x4dbc,0
"mov r8, r4",0
b 0x4f20,0
"mov r8, r4",0
b 0x4f20,0
"mov r8, r4",0
"mov r0, r6",0
bl 0x5010,0
"cmp sl, 0",0
"movne r3, 0",0
"strbne r3, [r8, sl]",0
bne 0x4f48,0
b 0x4f44,0
"ldr r4, [0x00004ff0]        ; [0x4ff0:4]=0xde38",0
b 0x4f48,0
"ldr r4, [0x00004ff0]        ; [0x4ff0:4]=0xde38",0
"mov r0, r7",0
bl 0xde8,0
b 0x4f58,0
"ldr r4, [0x00004ff0]        ; [0x4ff0:4]=0xde38",0
"ldr r3, [0x00004ff4]        ; [0x4ff4:4]=0x16fdc",0
"str r4, [r3]",0
"ldrb r6, [r4]",0
"cmp r6, 0",0
beq 0x4fd4,0
"mov r0, r5",0
"mov r1, r4",0
bl 0xdc4,0
"cmp r0, 0",0
beq 0x4f94,0
"cmp r6, 0x2a",0
bne 0x4fa8,0
"ldrb r3, [r4, 1]",0
"cmp r3, 0",0
bne 0x4fa8,0
"mov r0, r4",0
bl 0xf2c,0
"add r0, r0, 1",0
"add r5, r4, r0",0
b 0x4fd4,0
"mov r0, r4",0
bl 0xf2c,0
"add r0, r0, 1",0
"add r6, r4, r0",0
"mov r0, r6",0
bl 0xf2c,0
"add r0, r0, 1",0
"add r4, r6, r0",0
"ldrb r6, [r6, r0]",0
"cmp r6, 0",0
bne 0x4f6c,0
"ldrb r0, [r5]",0
"ldr r3, [0x0000500c]        ; [0x500c:4]=0xebe0",0
"cmp r0, 0",0
"movne r0, r5",0
"moveq r0, r3",0
"add sp, sp, 0x6c",0
"pop {r4, r5, r6, r7, r8, sb, sl, fp, pc}",0
"andeq sp, r0, r8, lsr lr",0
"ldrdeq r6, r7, [r1], -ip",0
"andeq lr, r0, r8, ror 23",0
"strheq lr, [r0], -r8",0
"strdeq lr, pc, [r0], -r8",0
"andeq lr, r0, r8, lsl 24",0
"andeq lr, r0, ip, lsl 24",0
"andeq lr, r0, r0, ror 23",0
"push {r4, r5, r6, lr}",0
"sub sp, sp, 8",0
"mov r4, r0",0
bl 0xf80,0
"cmp r0, 0",0
bge 0x5034,0
"mov r0, r4",0
bl 0xf98,0
b 0x50b0,0
"mov r0, r4",0
bl 0xefc,0
"cmp r0, 0",0
beq 0x5074,0
"mov r0, r4",0
bl 0xf80,0
"mov r3, 1",0
"str r3, [sp]",0
"mov r2, 0",0
"mov r3, 0",0
bl 0xe84,0
"mvn r2, 0",0
"mvn r3, 0",0
"cmp r1, r3",0
"cmpeq r0, r2",0
beq 0x50a8,0
"mov r0, r4",0
bl 0x50b8,0
"cmp r0, 0",0
beq 0x50a8,0
bl 0xf44,0
"mov r5, r0",0
"ldr r6, [r0]",0
"mov r0, r4",0
bl 0xf98,0
"cmp r6, 0",0
"strne r6, [r5]",0
"mvnne r0, 0",0
b 0x50b0,0
"mov r0, r4",0
bl 0xf98,0
"add sp, sp, 8",0
"pop {r4, r5, r6, pc}",0
"push {r4, lr}",0
"sub sp, sp, 8",0
"subs r4, r0, 0",0
beq 0x50d8,0
"mov r0, r4",0
bl 0xefc,0
"cmp r0, 0",0
bne 0x50e4,0
"mov r0, r4",0
bl 0xddc,0
b 0x5110,0
"ldr r3, [r4]",0
"tst r3, 0x100",0
beq 0x5108,0
"mov r3, 1",0
"str r3, [sp]",0
"mov r0, r4",0
"mov r2, 0",0
"mov r3, 0",0
bl 0x5118,0
"mov r0, r4",0
bl 0xddc,0
"add sp, sp, 8",0
"pop {r4, pc}",0
"push {r4, r5, r6, r7, lr}",0
"sub sp, sp, 0xc",0
"mov r6, r0",0
"mov r4, r2",0
"mov r5, r3",0
"ldr r7, [sp, 0x20]",0
"ldr r2, [r0, 8]",0
"ldr r3, [r0, 4]",0
"cmp r2, r3",0
bne 0x51a8,0
"ldr r2, [r0, 0x14]",0
"ldr r3, [r0, 0x10]",0
"cmp r2, r3",0
bne 0x51a8,0
"ldr r3, [r0, 0x24]",0
"cmp r3, 0",0
bne 0x51a8,0
bl 0xf80,0
"str r7, [sp]",0
"mov r2, r4",0
"mov r3, r5",0
bl 0xe84,0
"mov r2, r0",0
"mov r3, r1",0
"mvn r4, 0",0
"mvn r5, 0",0
"cmp r3, r5",0
"cmpeq r2, r4",0
beq 0x51c0,0
"ldr r1, [r6]",0
"bic r1, r1, 0x10",0
"str r1, [r6]",0
"str r2, [r6, 0x50]",0
"str r3, [r6, 0x54]",0
"mov r0, 0",0
b 0x51c4,0
"str r7, [sp]",0
"mov r0, r6",0
"mov r2, r4",0
"mov r3, r5",0
bl 0xfa4,0
b 0x51c4,0
"mvn r0, 0",0
"add sp, sp, 0xc",0
"pop {r4, r5, r6, r7, pc}",0
"subs r2, r1, 1",0
bxeq lr,0
blo 0x5268,0
"cmp r0, r1",0
bls 0x524c,0
"tst r1, r2",0
beq 0x5258,0
"clz r3, r1",0
"clz r2, r0",0
"sub r2, r3, r2",0
"mov r3, 1",0
"lsl r1, r1, r2",0
"lsl r3, r3, r2",0
"mov r2, 0",0
"cmp r0, r1",0
"subhs r0, r0, r1",0
"orrhs r2, r2, r3",0
"cmp r0, r1, lsr 1",0
"subhs r0, r0, r1, lsr 1",0
"orrhs r2, r2, r3, lsr 1",0
"cmp r0, r1, lsr 2",0
"subhs r0, r0, r1, lsr 2",0
"orrhs r2, r2, r3, lsr 2",0
"cmp r0, r1, lsr 3",0
"subhs r0, r0, r1, lsr 3",0
"orrhs r2, r2, r3, lsr 3",0
"cmp r0, 0",0
"lsrsne r3, r3, 4",0
"lsrne r1, r1, 4",0
bne 0x5204,0
"mov r0, r2",0
bx lr,0
"moveq r0, 1",0
"movne r0, 0",0
bx lr,0
"clz r2, r1",0
"rsb r2, r2, 0x1f",0
"lsr r0, r0, r2",0
bx lr,0
"cmp r0, 0",0
"mvnne r0, 0",0
b 0x52d0,0
"cmp r1, 0",0
beq 0x5268,0
"push {r0, r1, lr}",0
bl 0x51cc,0
"pop {r1, r2, lr}",0
"mul r3, r2, r0",0
"sub r1, r1, r3",0
bx lr,0
"cmp r3, 0",0
"cmpeq r2, 0",0
bne 0x52b4,0
"cmp r1, 0",0
"cmpeq r0, 0",0
"mvnne r1, 0",0
"mvnne r0, 0",0
b 0x52d0,0
"sub sp, sp, 8",0
"push {sp, lr}",0
bl 0x531c,0
"ldr lr, [sp, 4]",0
"add sp, sp, 8",0
"pop {r2, r3}",0
bx lr,0
"push {r1, lr}",0
"mov r0, 8",0
bl 0xdb8,0
"pop {r1, pc}",0
"push {r3, r4, r5, r6, r7, lr}",0
"mov r6, r2",0
"mov r4, r0",0
"mov r5, r1",0
"mov r7, r3",0
bl 0x5358,0
"ldr ip, [sp, 0x18]",0
"mul r3, r6, r1",0
"mla r7, r0, r7, r3",0
"umull r2, r3, r6, r0",0
"add r3, r7, r3",0
"subs r2, r4, r2",0
"sbc r3, r5, r3",0
"strd r2, r3, [ip]",0
"pop {r3, r4, r5, r6, r7, pc}",0
"push {r3, r4, r5, r6, r7, lr}",0
"mov r6, r2",0
"mov r4, r0",0
"mov r5, r1",0
"mov r7, r3",0
bl 0x57e0,0
"ldr ip, [sp, 0x18]",0
"mul r7, r0, r7",0
"umull r2, r3, r0, r6",0
"mla r7, r6, r1, r7",0
"add r3, r7, r3",0
"subs r2, r4, r2",0
"sbc r3, r5, r3",0
"strd r2, r3, [ip]",0
"pop {r3, r4, r5, r6, r7, pc}",0
"push {r0, r1, r2, r4, r5, r6, r7, r8, sb, sl, fp, lr}",0
"subs r8, r1, 0",0
"mov r7, r0",0
"mov sl, r2",0
"mov ip, r3",0
"movge r5, 0",0
bge 0x538c,0
"rsbs r0, r0, 0",0
"rsc r1, r1, 0",0
"mvn r5, 0",0
"mov r7, r0",0
"mov r8, r1",0
b 0x538c,0
"cmp ip, 0",0
bge 0x53a8,0
"rsbs r2, r2, 0",0
"rsc r3, r3, 0",0
"mvn r5, r5",0
"mov sl, r2",0
"mov ip, r3",0
"cmp ip, 0",0
"mov r4, sl",0
"mov sb, r7",0
"mov r6, r8",0
bne 0x5630,0
"cmp sl, r8",0
bls 0x5488,0
"clz r3, sl",0
"cmp r3, 0",0
"lslne r4, sl, r3",0
"rsbne r2, r3, 0x20",0
"lsrne r2, r7, r2",0
"lslne sb, r7, r3",0
"orrne r6, r2, r8, lsl r3",0
"lsr r7, r4, 0x10",0
"uxth r8, r4",0
"mov r0, r6",0
"mov r1, r7",0
bl 0x5274,0
"mov r0, r6",0
"mov sl, r1",0
"mov r1, r7",0
bl 0x51cc,0
"lsr r3, sb, 0x10",0
"orr r3, r3, sl, lsl 16",0
"mul r2, r8, r0",0
"cmp r3, r2",0
"movhs r6, r0",0
bhs 0x5434,0
"adds r3, r3, r4",0
"sub r6, r0, 1",0
bhs 0x5434,0
"cmp r3, r2",0
"sublo r6, r0, 2",0
"addlo r3, r3, r4",0
"rsb sl, r2, r3",0
"mov r1, r7",0
"uxth sb, sb",0
"mov r0, sl",0
bl 0x5274,0
"mov r0, sl",0
"mov fp, r1",0
"mov r1, r7",0
bl 0x51cc,0
"orr sb, sb, fp, lsl 16",0
"mul r8, r8, r0",0
"cmp sb, r8",0
"movhs ip, r0",0
bhs 0x5480,0
"adds r4, sb, r4",0
"sub ip, r0, 1",0
bhs 0x5480,0
"cmp r4, r8",0
"sublo ip, r0, 2",0
"orr ip, ip, r6, lsl 16",0
b 0x57a8,0
"cmp sl, 0",0
bne 0x54a0,0
"mov r0, 1",0
"mov r1, ip",0
bl 0x51cc,0
"mov r4, r0",0
"clz r3, r4",0
"cmp r3, 0",0
"rsbeq r8, r4, r8",0
"moveq r6, 1",0
beq 0x5580,0
"lsl r4, r4, r3",0
"rsb r1, r3, 0x20",0
"lsr fp, r8, r1",0
"lsr r1, r7, r1",0
"lsr sl, r4, 0x10",0
"orr r8, r1, r8, lsl r3",0
"mov r0, fp",0
"lsl sb, r7, r3",0
"mov r1, sl",0
"uxth r7, r4",0
bl 0x5274,0
"mov r0, fp",0
"mov r6, r1",0
"mov r1, sl",0
bl 0x51cc,0
"lsr r3, r8, 0x10",0
"orr r3, r3, r6, lsl 16",0
"mul r2, r7, r0",0
"cmp r3, r2",0
"movhs fp, r0",0
bhs 0x5520,0
"adds r3, r3, r4",0
"sub fp, r0, 1",0
bhs 0x5520,0
"cmp r3, r2",0
"sublo fp, r0, 2",0
"addlo r3, r3, r4",0
"rsb r6, r2, r3",0
"mov r1, sl",0
"uxth r8, r8",0
"mov r0, r6",0
bl 0x5274,0
"mov r0, r6",0
"mov r3, r1",0
"mov r1, sl",0
"str r3, [sp]",0
bl 0x51cc,0
"ldr r3, [sp]",0
"orr r1, r8, r3, lsl 16",0
"mul r7, r7, r0",0
"cmp r1, r7",0
"movhs r6, r0",0
bhs 0x5578,0
"adds r1, r1, r4",0
"sub r6, r0, 1",0
bhs 0x5578,0
"cmp r1, r7",0
"sublo r6, r0, 2",0
"addlo r1, r1, r4",0
"rsb r8, r7, r1",0
"orr r6, r6, fp, lsl 16",0
"lsr sl, r4, 0x10",0
"mov r0, r8",0
"uxth fp, r4",0
"mov r1, sl",0
bl 0x5274,0
"mov r0, r8",0
"mov r7, r1",0
"mov r1, sl",0
bl 0x51cc,0
"lsr r3, sb, 0x10",0
"orr r3, r3, r7, lsl 16",0
"mul r2, fp, r0",0
"cmp r3, r2",0
"movhs r7, r0",0
bhs 0x55d4,0
"adds r3, r3, r4",0
"sub r7, r0, 1",0
bhs 0x55d4,0
"cmp r3, r2",0
"sublo r7, r0, 2",0
"addlo r3, r3, r4",0
"rsb r8, r2, r3",0
"mov r1, sl",0
"uxth sb, sb",0
"mov r0, r8",0
bl 0x5274,0
"mov r0, r8",0
"mov r3, r1",0
"mov r1, sl",0
"str r3, [sp]",0
bl 0x51cc,0
"ldr r3, [sp]",0
"orr sb, sb, r3, lsl 16",0
"mul fp, fp, r0",0
"cmp sb, fp",0
"movhs ip, r0",0
bhs 0x5628,0
"adds r4, sb, r4",0
"sub ip, r0, 1",0
bhs 0x5628,0
"cmp r4, fp",0
"sublo ip, r0, 2",0
"orr ip, ip, r7, lsl 16",0
b 0x57b8,0
"cmp ip, r8",0
bhi 0x57b0,0
"clz sb, ip",0
"cmp sb, 0",0
bne 0x5664,0
"cmp r8, ip",0
"cmpls r7, sl",0
"movlo r6, 0",0
"movhs r6, 1",0
"movhs ip, 1",0
"movhs r6, sb",0
bhs 0x57b8,0
b 0x57b4,0
"rsb r1, sb, 0x20",0
"lsr r4, sl, r1",0
"lsr r2, r8, r1",0
"orr r4, r4, ip, lsl sb",0
"lsr r1, r7, r1",0
"orr r8, r1, r8, lsl sb",0
"mov r0, r2",0
"lsr fp, r4, 0x10",0
"str r2, [sp, 4]",0
"uxth r6, r4",0
"lsl sl, sl, sb",0
"mov r1, fp",0
bl 0x5274,0
"ldr r2, [sp, 4]",0
"mov r0, r2",0
"mov r3, r1",0
"mov r1, fp",0
"str r3, [sp]",0
bl 0x51cc,0
"ldr r3, [sp]",0
"lsr r1, r8, 0x10",0
"orr r1, r1, r3, lsl 16",0
"mul r2, r6, r0",0
"cmp r1, r2",0
"movhs r3, r0",0
bhs 0x56e4,0
"adds r1, r1, r4",0
"sub r3, r0, 1",0
bhs 0x56e4,0
"cmp r1, r2",0
"sublo r3, r0, 2",0
"addlo r1, r1, r4",0
"rsb ip, r2, r1",0
"mov r1, fp",0
"stm sp, {r3, ip}",0
"uxth r8, r8",0
"mov r0, ip",0
bl 0x5274,0
"ldr ip, [sp, 4]",0
"mov r0, ip",0
"mov r2, r1",0
"mov r1, fp",0
"str r2, [sp, 4]",0
bl 0x51cc,0
"ldr r2, [sp, 4]",0
"ldr r3, [sp]",0
"orr r1, r8, r2, lsl 16",0
"mul r6, r6, r0",0
"cmp r1, r6",0
"movhs ip, r0",0
bhs 0x5748,0
"adds r1, r1, r4",0
"sub ip, r0, 1",0
bhs 0x5748,0
"cmp r1, r6",0
"sublo ip, r0, 2",0
"addlo r1, r1, r4",0
"rsb r6, r6, r1",0
"orr ip, ip, r3, lsl 16",0
"lsr r1, ip, 0x10",0
"lsr r2, sl, 0x10",0
"bic r0, ip, r1, lsl 16",0
"bic sl, sl, r2, lsl 16",0
"mul r3, r0, sl",0
"mul sl, r1, sl",0
"mul r0, r2, r0",0
"mul r2, r1, r2",0
"adds r0, sl, r0",0
"addhs r2, r2, 0x10000",0
"adds r3, r3, r0, lsl 16",0
"adc r2, r2, r0, lsr 16",0
"cmp r2, r6",0
bhi 0x57a4,0
"movne r6, 0",0
"moveq r6, 1",0
"cmp r3, r7, lsl sb",0
"movls r6, 0",0
"andhi r6, r6, 1",0
"cmp r6, 0",0
beq 0x57b8,0
"sub ip, ip, 1",0
"mov r6, 0",0
b 0x57b8,0
"mov r6, 0",0
"mov ip, r6",0
"cmp r5, 0",0
"mov r2, ip",0
"mov r3, r6",0
beq 0x57d0,0
"rsbs r2, r2, 0",0
"rsc r3, r3, 0",0
"mov r0, r2",0
"mov r1, r3",0
"add sp, sp, 0xc",0
"pop {r4, r5, r6, r7, r8, sb, sl, fp, pc}",0
"push {r0, r1, r2, r4, r5, r6, r7, r8, sb, sl, fp, lr}",0
"cmp r3, 0",0
"mov r8, r0",0
"mov r6, r1",0
"mov r4, r2",0
"mov r7, r0",0
"mov sl, r1",0
bne 0x5a64,0
"cmp r2, r1",0
bls 0x58cc,0
"clz r3, r2",0
"cmp r3, 0",0
"lslne r4, r2, r3",0
"rsbne r2, r3, 0x20",0
"lsrne r2, r0, r2",0
"lslne r7, r0, r3",0
"orrne sl, r2, r1, lsl r3",0
"lsr r5, r4, 0x10",0
"uxth r6, r4",0
"mov r0, sl",0
"mov r1, r5",0
bl 0x5274,0
"mov r0, sl",0
"mov r8, r1",0
"mov r1, r5",0
bl 0x51cc,0
"lsr r3, r7, 0x10",0
"orr r3, r3, r8, lsl 16",0
"mul r2, r6, r0",0
"cmp r3, r2",0
"movhs r8, r0",0
bhs 0x5878,0
"adds r3, r3, r4",0
"sub r8, r0, 1",0
bhs 0x5878,0
"cmp r3, r2",0
"sublo r8, r0, 2",0
"addlo r3, r3, r4",0
"rsb sl, r2, r3",0
"mov r1, r5",0
"uxth r7, r7",0
"mov r0, sl",0
bl 0x5274,0
"mov r0, sl",0
"mov sb, r1",0
"mov r1, r5",0
bl 0x51cc,0
"orr r7, r7, sb, lsl 16",0
"mul r6, r6, r0",0
"cmp r7, r6",0
"movhs r3, r0",0
bhs 0x58c4,0
"adds r4, r7, r4",0
"sub r3, r0, 1",0
bhs 0x58c4,0
"cmp r4, r6",0
"sublo r3, r0, 2",0
"orr r0, r3, r8, lsl 16",0
b 0x5bd0,0
"cmp r2, 0",0
bne 0x58e4,0
"mov r0, 1",0
"mov r1, r2",0
bl 0x51cc,0
"mov r4, r0",0
"clz r3, r4",0
"cmp r3, 0",0
"rsbeq r6, r4, r6",0
"moveq r5, 1",0
beq 0x59bc,0
"lsl r4, r4, r3",0
"rsb r1, r3, 0x20",0
"lsr sb, r6, r1",0
"lsl r7, r8, r3",0
"lsr r1, r8, r1",0
"lsr r8, r4, 0x10",0
"orr r6, r1, r6, lsl r3",0
"mov r0, sb",0
"mov r1, r8",0
"uxth sl, r4",0
bl 0x5274,0
"mov r0, sb",0
"mov r5, r1",0
"mov r1, r8",0
bl 0x51cc,0
"lsr r3, r6, 0x10",0
"orr r3, r3, r5, lsl 16",0
"mul r2, sl, r0",0
"cmp r3, r2",0
"movhs sb, r0",0
bhs 0x5964,0
"adds r3, r3, r4",0
"sub sb, r0, 1",0
bhs 0x5964,0
"cmp r3, r2",0
"sublo sb, r0, 2",0
"addlo r3, r3, r4",0
"rsb r5, r2, r3",0
"mov r1, r8",0
"uxth r6, r6",0
"mov r0, r5",0
bl 0x5274,0
"mov r0, r5",0
"mov fp, r1",0
"mov r1, r8",0
bl 0x51cc,0
"orr r1, r6, fp, lsl 16",0
"mul sl, sl, r0",0
"cmp r1, sl",0
"movhs r5, r0",0
bhs 0x59b4,0
"adds r1, r1, r4",0
"sub r5, r0, 1",0
bhs 0x59b4,0
"cmp r1, sl",0
"sublo r5, r0, 2",0
"addlo r1, r1, r4",0
"rsb r6, sl, r1",0
"orr r5, r5, sb, lsl 16",0
"lsr r8, r4, 0x10",0
"mov r0, r6",0
"uxth sl, r4",0
"mov r1, r8",0
bl 0x5274,0
"mov r0, r6",0
"mov sb, r1",0
"mov r1, r8",0
bl 0x51cc,0
"lsr r3, r7, 0x10",0
"orr r3, r3, sb, lsl 16",0
"mul r2, sl, r0",0
"cmp r3, r2",0
"movhs r6, r0",0
bhs 0x5a10,0
"adds r3, r3, r4",0
"sub r6, r0, 1",0
bhs 0x5a10,0
"cmp r3, r2",0
"sublo r6, r0, 2",0
"addlo r3, r3, r4",0
"rsb sb, r2, r3",0
"mov r1, r8",0
"uxth r7, r7",0
"mov r0, sb",0
bl 0x5274,0
"mov r0, sb",0
"mov fp, r1",0
"mov r1, r8",0
bl 0x51cc,0
"orr r7, r7, fp, lsl 16",0
"mul sl, sl, r0",0
"cmp r7, sl",0
"movhs r3, r0",0
bhs 0x5a5c,0
"adds r4, r7, r4",0
"sub r3, r0, 1",0
bhs 0x5a5c,0
"cmp r4, sl",0
"sublo r3, r0, 2",0
"orr r0, r3, r6, lsl 16",0
b 0x5be0,0
"cmp r3, r1",0
bhi 0x5bd8,0
"clz r7, r3",0
"cmp r7, 0",0
bne 0x5a98,0
"cmp r1, r3",0
"cmpls r0, r2",0
"movlo r5, 0",0
"movhs r5, 1",0
"movhs r0, 1",0
"movhs r5, r7",0
bhs 0x5be0,0
b 0x5bdc,0
"rsb r1, r7, 0x20",0
"lsl r5, r2, r7",0
"lsr r4, r2, r1",0
"lsr fp, r6, r1",0
"orr r4, r4, r3, lsl r7",0
"lsr r1, r0, r1",0
"orr r6, r1, r6, lsl r7",0
"mov r0, fp",0
"lsr sl, r4, 0x10",0
"uxth sb, r4",0
"mov r1, sl",0
bl 0x5274,0
"mov r0, fp",0
"mov r2, r1",0
"mov r1, sl",0
"str r2, [sp, 4]",0
bl 0x51cc,0
"ldr r2, [sp, 4]",0
"lsr ip, r6, 0x10",0
"orr ip, ip, r2, lsl 16",0
"mul r3, sb, r0",0
"cmp ip, r3",0
"movhs fp, r0",0
bhs 0x5b10,0
"adds ip, ip, r4",0
"sub fp, r0, 1",0
bhs 0x5b10,0
"cmp ip, r3",0
"sublo fp, r0, 2",0
"addlo ip, ip, r4",0
"rsb ip, r3, ip",0
"mov r1, sl",0
"str ip, [sp, 4]",0
"uxth r6, r6",0
"mov r0, ip",0
bl 0x5274,0
"ldr ip, [sp, 4]",0
"mov r0, ip",0
"mov r2, r1",0
"mov r1, sl",0
"str r2, [sp, 4]",0
bl 0x51cc,0
"ldr r2, [sp, 4]",0
"orr r1, r6, r2, lsl 16",0
"mul sb, sb, r0",0
"cmp r1, sb",0
"movhs r3, r0",0
bhs 0x5b70,0
"adds r1, r1, r4",0
"sub r3, r0, 1",0
bhs 0x5b70,0
"cmp r1, sb",0
"sublo r3, r0, 2",0
"addlo r1, r1, r4",0
"rsb sb, sb, r1",0
"orr r0, r3, fp, lsl 16",0
"lsr r1, r0, 0x10",0
"lsr r2, r5, 0x10",0
"bic ip, r0, r1, lsl 16",0
"bic r5, r5, r2, lsl 16",0
"mul r3, ip, r5",0
"mul r5, r1, r5",0
"mul ip, r2, ip",0
"mul r2, r1, r2",0
"adds ip, r5, ip",0
"addhs r2, r2, 0x10000",0
"adds r3, r3, ip, lsl 16",0
"adc r2, r2, ip, lsr 16",0
"cmp r2, sb",0
bhi 0x5bcc,0
"movne r5, 0",0
"moveq r5, 1",0
"cmp r3, r8, lsl r7",0
"movls r5, 0",0
"andhi r5, r5, 1",0
"cmp r5, 0",0
beq 0x5be0,0
"sub r0, r0, 1",0
"mov r5, 0",0
b 0x5be0,0
"mov r5, 0",0
"mov r0, r5",0
"mov r1, r5",0
"add sp, sp, 0xc",0
"pop {r4, r5, r6, r7, r8, sb, sl, fp, pc}",0
"push {r3, r4, r5, r6, r7, r8, sl, lr}",0
"mov r7, r0",0
"ldr r5, [0x00005c48]        ; [0x5c48:4]=0x9028 ; ""(\x90""",0
"mov r8, r1",0
"ldr r6, [0x00005c4c]        ; [0x5c4c:4]=0x9024 ; ""$\x90""",0
"mov sl, r2",0
"add r5, pc, r5",0
bl 0xd74,0
"add r6, pc, r6",0
"rsb r6, r5, r6",0
"asrs r6, r6, 2",0
"popeq {r3, r4, r5, r6, r7, r8, sl, pc}",0
"sub r5, r5, 4",0
"mov r4, 0",0
"ldr r3, [r5, 4]!",0
"mov r0, r7",0
"mov r1, r8",0
"mov r2, sl",0
"add r4, r4, 1",0
blx r3,0
"cmp r4, r6",0
bne 0x5c24,0
"pop {r3, r4, r5, r6, r7, r8, sl, pc}",0
"andeq sb, r0, r8, lsr 32",0
"andeq sb, r0, r4, lsr 32",0
bx lr,0
"ldr r3, [0x00005c78]        ; [0x5c78:4]=0x90c8",0
"mov r1, 0",0
"ldr r2, [0x00005c7c]        ; [0x5c7c:4]=248",0
"add r3, pc, r3",0
"ldr r3, [r3, r2]",0
"cmp r3, 0",0
"ldrne r2, [r3]",0
"moveq r2, r3",0
b 0xf50,0
"andeq sb, r0, r8, asr 1",0
"strdeq r0, r1, [r0], -r8",0
"push {r3, lr}",0
"pop {r3, pc}",1
"andeq r0, r2, r1",1
"eorshs r7, sl, r5, lsr 6",1
"andeq r0, r0, r0",1
"cmnvs r6, sb, ror 28",1
"rsbhs r6, r4, ip, ror 18",1
"ldrbvs r6, [r4, -0xe69]!",1
"rsbshs r6, r2, r7, ror 10",1
"andeq r7, r0, r5, lsr 6",1
"cmnvc r3, 0x1b4000",1
"rsbhs r6, r7, sb, ror 28",1
"strbvc r7, [r7, -0x261]!",1
"strbtvc r6, [lr], -0x56d",1
"strbtvc r6, [r6], -0x120",1
"strhs r7, [r0, -0x265]!",1
"andeq r0, r0, r3, ror r0",1
"rsbshs r6, r4, sp, lsr 28",1
invalid,1
"strbtvc r6, [pc], -0xe20",1
invalid,1
"rsbshs r7, r4, r5, rrx",1
"andeq r6, r0, sp, lsr 24",1
"rsbhs r6, r6, sp, lsr 10",1
invalid,1
"strbtvc r6, [pc], -0xe20",1
invalid,1
"rsbshs r7, r4, r5, rrx",1
"andeq r6, r0, sp, lsr 24",1
"rsbshs r6, r4, sp, lsr 30",1
invalid,1
"strbtvc r6, [pc], -0xe20",1
invalid,1
"rsbshs r7, r4, r5, rrx",1
"andeq r6, r0, sp, lsr 24",1
"mcrvs p14, 3, r6, c11, c5, 3",1
"rsbhs r7, lr, pc, ror 14",1
invalid,1
svcvs 0x207972,1
"cmnvs r2, r0, ror r5",1
"rsbseq r6, r2, r4, ror pc",1
"eorshs r7, sl, r5, lsr 6",1
"rsbvc r6, r1, 0x750",1
"rsbvc r2, pc, sb, ror r0",1
"strbtvc r7, [r1], -0x265",1
"strvs r7, [r0, -0x26f]!",1
invalid,1
"rsbeq r6, r4, r4, ror r5",1
"eorshs r7, sl, r5, lsr 6",1
invalid,1
svcvs 0x207972,1
"cmnvs r2, r0, ror r5",1
"rsbshs r6, r2, r4, ror pc",1
"ldrbvs r7, [r0, -0x865]!",1
"strbtvs r7, [r5], -0x463",1
"andeq r0, r0, r0",1
"eorhs r2, r7, r7, lsr 18",1
"ldrbvs r7, [r0, -0x865]!",1
"strbtvs r7, [r5], -0x463",1
"andeq r0, r0, r0",1
"eorhs r2, r7, r7, lsr 18",1
"ldrbvs r7, [r0, -0x865]!",1
"strbtvs r7, [r5], -0x463",1
svcvs 0x66202c,1
"rsbhs r6, r4, r5, ror lr",1
"andeq r7, r0, r5, lsr 6",1
"rsbshs r7, sb, r4, asr r2",1
"rsbshs r2, r3, r7, lsr 10",1
"strbvs r2, [r8, -0xd2d]!",1
"eorhs r7, r7, ip, rrx",1
"rsbshs r6, r2, r6, ror 30",1
"ldrbvs r6, [r2, -0xf6d]!",1
"strbtvs r6, [lr], -r0, lsr 18",1
invalid,1
"mcrvs p9, 3, r6, c15, c4, 3",1
"andeq r0, r0, lr, lsr 20",1
invalid,1
"strtvc r3, [r0], -0xa65",1
"rsbshs r7, r4, r5, ror 6",1
"subspl r5, r0, 0x450000",1
"ldmdbmi r3, {r0, r2, r6, r8, sb, ip, lr} ^",1
"andhs r4, sl, pc, asr 28",1
blo 0x1ca1a50,1
"ldrbvs r2, [r4, -0x20]!",1
"andhs r7, sl, r3, ror r4",1
blo 0x1ca1a5c,1
"subshs r2, fp, r0, lsr 32",1
"subspl r5, r0, 0x450000",1
"ldmdbmi r3, {r0, r2, r6, r8, sb, ip, lr} ^",1
"stcpl p14, c4, [r0, -0x13c]!",1
svcvs 0x20200a,1
"eorhs r3, r0, r2, ror sl",1
beq 0x174df64,1
"rsbvc r2, pc, 0x20",1
blpl 0x80dee8,1
"ldrbpl r4, [r0], -0xf20",1
beq 0x1399b2c,1
"andeq r0, r0, r0",1
"strbtvc r7, [sb], -0x845",1
"strbtvc r7, [sb], -0x720",1
"ldmdavs r4!, {r3, r5, r6, sp} ^",1
"ldrbtvc r2, [r3], -0x65",1
"cmnvc r5, 0x61000000",1
"strbtvc r6, [r5], -0x420",1
"stmdbvs sp!, {r0, r2, r5, r6, sb, ip, sp, lr} ^",1
"rsbhs r6, r4, lr, ror 10",1
"strmi r7, [r0, -0x962]!",1
"ldrbmi r5, [r2, -0x58]",1
svcmi 0x495353,1
beq 0x291774,1
"andeq r0, r0, r0",1
"eorhs r2, r0, r0, lsr 32",1
"stchs p0, c2, [sp, -0x80]!",1
"rsbvc r6, ip, r8, ror 10",1
"eorhs r2, r0, r0, lsr 32",1
invalid,1
"stmdbvc r1!, {r4, r5, r6, sl, fp, sp, lr} ^",1
"stmdbvs r8!, {r5, sl, ip, sp, lr} ^",1
"strbvs r2, [r8, -0x73]!",1
invalid,1
"strvs r6, [r0, -0x46e]!",1
beq 0x1d2044c,1
"andeq r0, r0, r0",1
"eorhs r2, r0, r0, lsr 32",1
"stchs p0, c2, [sp, -0x80]!",1
"cmnvc r2, 0x1d800000",1
"rsbhs r6, lr, sb, ror 30",1
"ldrbtvc r6, [r5], -0xf20",1
"rsbshs r7, r4, r0, ror r5",1
"cmnvc r2, 0x1d800000",1
"rsbhs r6, lr, sb, ror 30",1
svcvs 0x666e69,1
"strbtvc r6, [r1], -0xd72",1
"rsbhs r6, lr, sb, ror 30",1
"rsbhs r6, r4, r1, ror 28",1
"strbtvc r7, [sb], -0x865",1
"andeq r0, r0, sl",1
"rsbhs r4, lr, sl, lsl 2",1
"strbtvc r6, [sb], -0xd6f",1
"rsbhs r6, r4, r4, ror r5",1
"subspl r5, r0, 0x450000",1
"ldmdbmi r3, {r0, r2, r6, r8, sb, ip, lr} ^",1
"strtvs r4, [r0], -0xe4f",1
"strbvc r6, [r1, -0x665]!",1
"rsbshs r7, r3, ip, ror 8",1
"qsub16vs r6, r0, r4",1
"ldrbvs r6, [r3, -0xc61]!",1
svcmi 0x20202e,1
"rsbvc r6, r5, 116, 16",1
"ldrbvs r6, [r3, -0x977]!",1
"stmdapl r5, {r2, r3, r5, sb, fp} ^",1
"movtpl r5, 0x5250",1
"mcrmi p9, 2, r4, c15, c3, 2",1
"rsbshs r6, r3, r0, lsr 18",1
"ldrbvs r7, [r5, -0x274]!",1
"rsbshs r6, r2, r0, lsr 30",1
invalid,1
"cdpvs p0, 6, c2, c1, c5, 3",1
"ldrbvs r2, [r3, -0x64]!",1
"strvs r7, [r0, -0x374]!",1
"rsbshs r6, r4, r8, ror sb",1
"strbtvc r7, [r1], -0x473",1
"eorhs r7, lr, r5, ror r3",1
"rsbshs r4, r4, r0, lsr 18",1
svcvs 0x207369,1
svcvs 0x20656e,1
"andeq r3, sl, r6, ror 20",1
"stmdahs r0!, {r1, r3, sp}",1
"subspl r4, r8, r0, lsr 10",1
"cmppl r3, 0x14800000",1
"subhs r4, lr, sb, asr 30",1
"eorhs r2, r0, sb, lsr 32",1
"eorhs r2, r0, r0, lsr 32",1
"eorhs r2, r0, r0, lsr 32",1
"eorhs r2, r0, r0, lsr 32",1
"subspl r5, r0, 0x450000",1
"ldmdbmi r3, {r0, r2, r6, r8, sb, ip, lr} ^",1
"stmdbvs r0!, {r0, r1, r2, r3, r6, sb, sl, fp, lr}",1
"rsbsvc r2, r4, 0x73",1
"andhs r6, sl, r5, ror r5",1
"strmi r2, [r0, -0x120]!",1
"ldrbmi r5, [r2, -0x58]",1
svcmi 0x495353,1
"eorhs r2, r0, lr, asr 32",1
"eorhs r2, r0, r0, lsr 32",1
"eorhs r2, r0, r0, lsr 32",1
"eorhs r2, r0, r0, lsr 32",1
"stmdapl r5, {r5, sp} ^",1
"movtpl r5, 0x5250",1
"mcrmi p9, 2, r4, c15, c3, 2",1
"rsbshs r6, r3, r0, lsr 18",1
invalid,1
"eorhs r0, r0, r5, ror 20",1
"subspl r5, r0, 0x450000",1
"ldmdbmi r3, {r0, r2, r6, r8, sb, ip, lr} ^",1
"eorshs r4, r1, pc, asr 28",1
"strmi r6, [r0, -0x12d]!",1
"ldrbmi r5, [r2, -0x58]",1
svcmi 0x495353,1
"eorhs r3, r0, lr, asr 4",1
"strbtvc r6, [pc], -0x220",1
"stmdapl r5, {r3, r5, r6, sp} ^",1
"movtpl r5, 0x5250",1
"mcrmi p9, 2, r4, c15, c3, 2",1
"mcrvs p0, 3, r2, c1, c1, 1",1
"stmdapl r5, {r2, r5, r6, sp} ^",1
"movtpl r5, 0x5250",1
"mcrmi p9, 2, r4, c15, c3, 2",1
"rsbvc r2, r1, 0x32",1
"rsbsvc r2, r4, 0x65",1
"andhs r6, sl, r5, ror r5",1
"subspl r4, r8, r0, lsr 10",1
"cmppl r3, 0x14800000",1
invalid,1
"rsbhs r2, pc, r0, lsr 26",1
"subspl r5, r0, 0x450000",1
"ldmdbmi r3, {r0, r2, r6, r8, sb, ip, lr} ^",1
"eorshs r4, r2, pc, asr 28",1
"stmdbvs r5!, {r5, sp} ^",1
"rsbvc r6, r5, 116, 16",1
"subspl r4, r8, r0, lsr 10",1
"cmppl r3, 0x14800000",1
invalid,1
"rsbshs r6, r2, r0, lsr 30",1
"subspl r5, r0, 0x450000",1
"ldmdbmi r3, {r0, r2, r6, r8, sb, ip, lr} ^",1
"eorshs r4, r2, pc, asr 28",1
"strtvc r7, [r0], -0x369",1
beq 0x19635e0,1
"andeq r0, r0, r0",1
"stchs p0, c2, [r0, -0x28]!",1
"ldrbpl r2, [r3], -0x6e",1
"smlsldmi r4, lr, r2, sb",1
"eorhs r2, r0, r0, lsr 32",1
"eorhs r2, r0, r0, lsr 32",1
"eorhs r2, r0, r0, lsr 32",1
"rsbhs r6, r5, r4, ror r8",1
"strbvs r6, [lr, -ip, ror 10]!",1
svcvs 0x206874,1
"ldrbpl r2, [r3], -0x66",1
"smlsldmi r4, lr, r2, sb",1
"rsbshs r6, r3, r0, lsr 18",1
bvc 0x1ba1e08,1
beq 0x1be29e8,1
"ldrbpl r2, [r3], -0x20",1
"smlsldmi r4, lr, r2, sb",1
"eorhs r2, r0, r0, lsr 32",1
"eorhs r2, r0, r0, lsr 32",1
"eorhs r2, r0, r0, lsr 32",1
"strvs r2, [r0, -0x20]!",1
"uqsub16vc r7, sb, r1",1
"cdpvs p12, 6, c6, c5, c1, 3",1
svcvs 0x742074,1
"rsbhs r2, lr, r0, lsr 26",1
"ldmdbmi r2, {r0, r1, r4, r6, sl, ip, lr} ^",1
"andhs r4, sl, lr, asr 14",1
"rsbshs r2, sl, r0, lsr 26",1
"ldmdbmi r2, {r0, r1, r4, r6, sl, ip, lr} ^",1
"eorhs r4, r0, lr, asr 14",1
"eorhs r2, r0, r0, lsr 32",1
"eorhs r2, r0, r0, lsr 32",1
"ldmdavs r4!, {r5, sp} ^",1
"strbvs r2, [ip, -0x65]!",1
"ldmdavs r4!, {r1, r2, r3, r5, r6, r8, sb, sl, sp, lr} ^",1
"rsbhs r6, r6, r0, lsr 30",1
"ldmdbmi r2, {r0, r1, r4, r6, sl, ip, lr} ^",1
"stmdbvs r0!, {r1, r2, r3, r6, r8, sb, sl, lr}",1
"ldrbvs r2, [sl, -0x73]!",1
"andhs r6, sl, r2, ror pc",1
"subspl r5, r4, 32, 6",1
invalid,1
invalid,1
"mcrmi p2, 2, r5, c9, c4, 2",1
"eorhs r3, r0, r7, asr 4",1
"ldmdavs r4!, {r5, sp} ^",1
"ldrbtvc r2, [r3], -0x65",1
invalid,1
"rsbvc r2, r1, 0x73",1
invalid,1
beq 0x1b1e6b8,1
"ldrbpl r2, [r3], -0x20",1
"smlsldmi r4, lr, r2, sb",1
"stclo p0, c2, [r1, -0xc4]!",1
"subspl r5, r4, 32, 6",1
"sublo r4, r7, 0x490",1
"strtvc r2, [r0], -0x20",1
invalid,1
"mcrvs p2, 3, r7, c9, c4, 3",1
invalid,1
"mcrvs p5, 1, r6, c0, c2, 3",1
"strvs r7, [r0, -0x46f]!",1
"stclvs p5, c7, [r1], -0x1c4",1
"andeq r0, r0, sl",1
"stmdbmi r0!, {r1, r3, sp}",1
"strbmi r5, [r5, -lr, asr 8]",1
"eorshs r5, r1, r5, asr 4",1
"rsbshs r6, r1, sp, lsr 10",1
"ldrbmi r4, [r4, -0xe49]",1
"subslo r4, r2, 0x11c00000",1
"stmdbmi r0!, {r5, sp}",1
"strbmi r5, [r5, -lr, asr 8]",1
"eorshs r5, r1, r5, asr 4",1
"strvs r7, [r0, -0x369]!",1
"stclvs p5, c7, [r1], -0x1c4",1
"rsbhs r7, pc, r0, lsr 8",1
"ldrbmi r4, [r4, -0xe49]",1
"subslo r4, r2, 0x11c00000",1
"stmdbmi r0!, {r1, r3, sp}",1
"strbmi r5, [r5, -lr, asr 8]",1
"eorshs r5, r1, r5, asr 4",1
"rsbhs r6, r5, sp, lsr 14",1
"ldrbmi r4, [r4, -0xe49]",1
"subslo r4, r2, 0x11c00000",1
"stmdbmi r0!, {r5, sp}",1
"strbmi r5, [r5, -lr, asr 8]",1
"eorshs r5, r1, r5, asr 4",1
"strvs r7, [r0, -sb, ror 6]!",1
"strbtvc r6, [r1], -0x572",1
"strtvc r7, [r0], -0x265",1
"rsbhs r6, lr, r8, ror 2",1
"strvs r7, [r0, -0x26f]!",1
"stclvs p5, c7, [r1], -0x1c4",1
"rsbhs r7, pc, r0, lsr 8",1
"ldrbmi r4, [r4, -0xe49]",1
"subslo r4, r2, 0x11c00000",1
"stmdbmi r0!, {r1, r3, sp}",1
"strbmi r5, [r5, -lr, asr 8]",1
"eorshs r5, r1, r5, asr 4",1
"rsbshs r6, r4, sp, lsr 14",1
"ldrbmi r4, [r4, -0xe49]",1
"subslo r4, r2, 0x11c00000",1
"stmdbmi r0!, {r5, sp}",1
"strbmi r5, [r5, -lr, asr 8]",1
"eorshs r5, r1, r5, asr 4",1
"strvs r7, [r0, -sb, ror 6]!",1
"strbtvc r6, [r1], -0x572",1
"strtvc r7, [r0], -0x265",1
"rsbhs r6, lr, r8, ror 2",1
"ldrbmi r4, [r4, -0xe49]",1
"subslo r4, r2, 0x11c00000",1
"stmdbmi r0!, {r1, r3, sp}",1
"strbmi r5, [r5, -lr, asr 8]",1
"eorshs r5, r1, r5, asr 4",1
"rsbhs r6, r5, sp, lsr 24",1
"ldrbmi r4, [r4, -0xe49]",1
"subslo r4, r2, 0x11c00000",1
"stmdbmi r0!, {r5, sp}",1
"strbmi r5, [r5, -lr, asr 8]",1
"eorshs r5, r1, r5, asr 4",1
"stcvs p3, c7, [r0], -0x1a4",1
"rsbshs r7, r3, r5, ror 6",1
"mcrvs p8, 3, r6, c1, c4, 3",1
"rsbshs r6, r2, r0, lsr 30",1
"cmnvs r5, r5, ror 2",1
svcvs 0x74206c,1
"strbpl r4, [lr], -0x920",1
"subpl r4, r5, 0x1140000",1
"eorhs r0, r0, r2, lsr sl",1
"ldrbmi r4, [r4, -0xe49]",1
"cmplo r2, r7, asr 10",1
"strbtvc r2, [ip], -0xd20",1
"strbpl r4, [lr], -0x920",1
"subpl r4, r5, 0x1140000",1
"eorhs r2, r0, r2, lsr r0",1
"ldrbmi r4, [r4, -0xe49]",1
"cmplo r2, r7, asr 10",1
"rsbshs r6, r3, r0, lsr 18",1
"cmnvc r3, 108, 10           ; 0x6c",1
invalid,1
"cdpmi p0, 4, c2, c9, c14, 3",1
"strbmi r4, [r7, -0x554]",1
"andhs r3, sl, r2, asr r2",1
"strbpl r4, [lr], -0x920",1
"subpl r4, r5, 0x1140000",1
"mcrvs p0, 1, r2, c13, c1, 1",1
"cdpmi p0, 4, c2, c9, c5, 3",1
"strbmi r4, [r7, -0x554]",1
"eorhs r3, r0, r2, asr r2",1
"strbpl r4, [lr], -0x920",1
"subpl r4, r5, 0x1140000",1
invalid,1
"strbtvc r6, [pc], -0xe20",1
"ldrbvc r6, [r1, -0x520]!",1
"strtvc r6, [r0], -0xc61",1
"cdpmi p0, 4, c2, c9, c15, 3",1
"strbmi r4, [r7, -0x554]",1
"andeq r3, sl, r2, asr r2",1
"strtmi r2, [r0], -sl",1
invalid,1
"strbtvs r2, [r5], -r0, lsr 26",1
"mcrrmi p6, 2, r4, sb, c0",1
"eorhs r3, r0, r5, asr 4",1
"mcrrmi p6, 2, r4, sb, c0",1
invalid,1
"strtmi r6, [r0], -lr, ror 8",1
"sublo r4, r5, 0x4900",1
"strbtvc r6, [r1], -r0, lsr 16",1
"ldmdavs r4!, {r0, r2, r5, r6, sp} ^",1
"cmnvs r3, r5, rrx",1
"strtvs r6, [r0], -0x56d",1
invalid,1
"cdpvs p0, 6, c2, c1, c5, 3",1
"cdpvs p0, 6, c2, c9, c4, 3",1
"rsbhs r6, r5, pc, ror 8",1
"rsbvs r7, sp, 0x1b800000",1
beq 0x1ce2c70,1
"stmdbmi r6, {r5, sp} ^",1
"eorshs r4, r1, ip, asr 10",1
"rsbshs r6, r4, sp, lsr 28",1
"strbmi r4, [ip, -0x946]",1
"eorhs r2, r0, r2, lsr r0",1
"strbmi r4, [ip, -0x946]",1
invalid,1
"strbvc r6, [r5, -r0, lsr 28]!",1
"stmdahs r0!, {r0, r2, r5, r6, sb, ip, sp, lr}",1
"stmdbvs r4!, {r0, r2, r3, r5, r6, r8, sb, sl, fp, sp, lr} ^",1
invalid,1
"mcrvs p9, 3, r6, c15, c4, 3",1
"strbtvc r6, [r1], -0x420",1
"strtvc r2, [r0], -0x965",1
"rsbhs r6, lr, r8, ror 2",1
"strbmi r4, [ip, -0x946]",1
"eorhs r0, r0, r2, lsr sl",1
"strbmi r4, [ip, -0x946]",1
svcvs 0x2d2031,1
"stmdbmi r6, {r2, r4, r5, r6, sp} ^",1
"eorshs r4, r2, ip, asr 10",1
"stmdbmi r6, {r5, sp} ^",1
"eorshs r4, r1, ip, asr 10",1
svcvs 0x207369,1
"rsbvc r6, r5, 108, 8",1
invalid,1
"stmdbmi r6, {r1, r2, r3, r5, r6, sp} ^",1
beq 0xc9787c,1
"andeq r0, r0, r0",1
"stchs p0, c2, [r0, -0x28]!",1
"stmdbmi r6, {r1, r5, r6, sp} ^",1
"eorhs r4, r0, ip, asr 10",1
"strtmi r2, [r0], -r0, lsr 32",1
"subhs r4, r5, sb, asr 24",1
invalid,1
invalid,1
"stmdbvs r0!, {r1, r2, r3, r5, r6, sl, sp, lr}",1
"stclvs p0, c2, [r2], -0x1cc",1
"rsbhs r6, fp, pc, ror 6",1
invalid,1
beq 0x1b1e924,1
invalid,1
"mcrrmi p6, 2, r4, sb, c0",1
"eorhs r2, r0, r5, asr 32",1
"stmdbmi r6, {r5, sp} ^",1
"strvs r4, [r0, -0x54c]!",1
"ldrbtvc r6, [r3], -0x978",1
"mcrvs p0, 3, r2, c1, c3, 3",1
invalid,1
invalid,1
"strbtvc r6, [r3], -0x172",1
invalid,1
"stmdbvs r3!, {r4, r5, r6, r8, sl, sp, lr} ^",1
"andhs r6, sl, r1, ror 24",1
"rsbhs r2, r4, r0, lsr 26",1
"strbmi r4, [ip, -0x946]",1
"eorhs r2, r0, r0, lsr 32",1
"mcrrmi p6, 2, r4, sb, c0",1
"stmdavc r5!, {r0, r2, r6, sp} ^",1
"cmnvc r4, 0xa4000001",1
"strbtvs r6, [lr], -0x120",1
"rsbshs r6, r3, r0, lsr 18",1
"stmdbvs r4!, {r0, r5, r6, sp} ^",1
"strbtvc r6, [r3], -0x572",1
beq 0x1e62d9c,1
"strvs r2, [sp, -0x20]!",1
"mcrrmi p6, 2, r4, sb, c0",1
"eorhs r2, r0, r5, asr 32",1
"stmdbmi r6, {r5, sp} ^",1
"strvs r4, [r0, -0x54c]!",1
"ldrbtvc r6, [r3], -0x978",1
"andeq r0, r0, r3, ror sl",1
"strtvs r2, [sp], -r0, lsr 32",1
"mcrrmi p6, 2, r4, sb, c0",1
"eorhs r2, r0, r5, asr 32",1
"stmdbmi r6, {r5, sp} ^",1
"strvs r4, [r0, -0x54c]!",1
"ldrbtvc r6, [r3], -0x978",1
"mcrvs p0, 3, r2, c1, c3, 3",1
invalid,1
"eorvc r6, r0, 32, 2",1
"ldclvs p7, c6, [r5], -0x194",1
"strtvs r7, [r0], -r1, ror 4",1
beq 0x19615d0,1
"strvs r2, [sp, -r0, lsr 32]!",1
"mcrrmi p6, 2, r4, sb, c0",1
"eorhs r2, r0, r5, asr 32",1
"stmdbmi r6, {r5, sp} ^",1
"strvs r4, [r0, -0x54c]!",1
"ldrbtvc r6, [r3], -0x978",1
"mcrvs p0, 3, r2, c1, c3, 3",1
invalid,1
"strbtvc r7, [r5], -0x320",1
svcvs 0x72672d,1
"pushmi {r0, r2, r4, r5, r6, ip, sp, lr}",1
"eorhs r0, r0, r4, asr 20",1
"strtmi r4, [r0], -sp, lsr 14",1
"subhs r4, r5, sb, asr 24",1
"eorhs r2, r0, r0, lsr 32",1
"strbmi r4, [ip, -0x946]",1
"ldmdbvs r8!, {r5, r8, sl, sp, lr} ^",1
"rsbshs r7, r3, r3, ror r4",1
"rsbhs r6, r4, r1, ror 28",1
svcvs 0x207369,1
"strbtvs r6, [r5], -0xe77",1
"rsbshs r6, sb, r0, lsr 4",1
"rsbhs r6, r5, r4, ror r8",1
"strbvs r6, [r6, -0x665]!",1
"strbtvc r7, [sb], -r3, ror 8",1
"rsbvc r2, r7, 0x65",1
"rsbshs r7, r0, pc, ror 10",1
"andhs r4, sl, sb, asr 8",1
"rsbhs r2, r8, r0, lsr 26",1
"strbmi r4, [ip, -0x946]",1
"eorhs r2, r0, r0, lsr 32",1
"mcrrmi p6, 2, r4, sb, c0",1
"stmdavc r5!, {r0, r2, r6, sp} ^",1
"cmnvc r4, 0xa4000001",1
"strbtvs r6, [lr], -0x120",1
"rsbshs r6, r3, r0, lsr 18",1
"ldmdbvc r3!, {r0, r5, r6, sp} ^",1
"stclvs p2, c6, [pc], -0x1b4",1
"stcvs p3, c6, [r0], -0x1a4",1
"rsbhs r6, fp, sb, ror 28",1
"stclvs p3, c7, [r1, -0xa0]!",1
invalid,1
"stmdbhs ip, {r5, r8, sl, fp, sp} ^",1
"stchs p0, c2, [r0, -0x28]!",1
"stmdbmi r6, {r0, r1, r3, r5, r6, sp} ^",1
"eorhs r4, r0, ip, asr 10",1
"strtmi r2, [r0], -r0, lsr 32",1
"subhs r4, r5, sb, asr 24",1
invalid,1
invalid,1
"stmdavs r0!, {r1, r2, r3, r5, r6, sl, sp, lr}",1
"stmdbvs r0!, {r0, r5, r6, r8, sb, ip, sp, lr}",1
invalid,1
blvs 0x18e0ad4,1
"stmdbvs r2!, {r0, r3, r4, r5, r6, sp} ^",1
"ldrbvs r2, [r3, -0x74]!",1
"andeq r0, r0, r4, ror sl",1
"stcmi p0, c2, [sp], -0x80",1
"mcrrmi p6, 2, r4, sb, c0",1
"eorhs r2, r0, r5, asr 32",1
"stmdbmi r6, {r5, sp} ^",1
"strvs r4, [r0, -0x54c]!",1
"ldrbtvc r6, [r3], -0x978",1
"mcrvs p0, 3, r2, c1, c3, 3",1
invalid,1
invalid,1
svcvs 0x626d79,1
"rsbhs r6, r3, ip, ror 18",1
blvs 0x1ba0af0,1
"cmnvs r3, r0, lsr 16",1
invalid,1
"stmdavs sp!, {r0, r1, r4, r5, r6, sp}",1
"eorhs r0, r0, sb, lsr 20",1
"strtmi r4, [r0], -sp, lsr 30",1
"subhs r4, r5, sb, asr 24",1
"eorhs r2, r0, r0, lsr 32",1
"strbmi r4, [ip, -0x946]",1
"ldmdbvs r8!, {r5, r8, sl, sp, lr} ^",1
"rsbshs r7, r3, r3, ror r4",1
"rsbhs r6, r4, r1, ror 28",1
svcvs 0x207369,1
"strbtvs r6, [r5], -0xe77",1
"rsbshs r6, sb, r0, lsr 4",1
"rsbhs r6, r5, r4, ror r8",1
"strbvs r6, [r6, -0x665]!",1
"strbtvc r7, [sb], -r3, ror 8",1
"cmnvc r5, 0x65",1
"stmdbmi r0!, {r0, r2, r5, r6, sb, ip, sp, lr}",1
"eorhs r0, r0, r4, asr 20",1
"strtmi r7, [r0], -sp, lsr 32",1
"subhs r4, r5, sb, asr 24",1
"eorhs r2, r0, r0, lsr 32",1
"strbmi r4, [ip, -0x946]",1
"ldmdbvs r8!, {r5, r8, sl, sp, lr} ^",1
"rsbshs r7, r3, r3, ror r4",1
"rsbhs r6, r4, r1, ror 28",1
invalid,1
"stclvs p14, c6, [r1, -0x80]!",1
"eorvc r6, r0, r5, ror 8",1
beq 0x1962760,1
"eorvc r2, sp, 0x20",1
"mcrrmi p6, 2, r4, sb, c0",1
"eorhs r2, r0, r5, asr 32",1
"stmdbmi r6, {r5, sp} ^",1
"strvs r4, [r0, -0x54c]!",1
"ldrbtvc r6, [r3], -0x978",1
"mcrvs p0, 3, r2, c1, c3, 3",1
"ldrbvs r2, [r2, -0x64]!",1
"eorvc r6, r0, r1, ror 8",1
"stmdbvs sp!, {r0, r2, r5, r6, sb, ip, sp, lr} ^",1
svcvs 0x697373,1
invalid,1
"cmnvs r2, r0, lsr 14",1
"strbtvs r7, [r5], -0x46e",1
"stchs p0, c2, [r0, -0x28]!",1
"stmdbmi r6, {r0, r1, r4, r5, r6, sp} ^",1
"eorhs r4, r0, ip, asr 10",1
"strtmi r2, [r0], -r0, lsr 32",1
"subhs r4, r5, sb, asr 24",1
invalid,1
invalid,1
"stmdavs r0!, {r1, r2, r3, r5, r6, sl, sp, lr}",1
invalid,1
bvc 0x1a6329c,1
"rsbvc r2, r7, 0x65",1
"ldrbvs r6, [r4, -0x165]!",1
"ldmdavs r4!, {r1, r4, r5, r6, sp} ^",1
bvc 0x821fb0,1
beq 0x1be2fc4,1
"andeq r0, r0, r0",1
invalid,1
"mcrrmi p6, 2, r4, sb, c0",1
"eorhs r2, r0, r5, asr 32",1
"stmdbmi r6, {r5, sp} ^",1
"strvs r4, [r0, -0x54c]!",1
"ldrbtvc r6, [r3], -0x978",1
"mcrvs p0, 3, r2, c1, c3, 3",1
invalid,1
invalid,1
"strbvs r6, [fp, -0x36f]!",1
"eorhs r0, r0, r4, ror sl",1
"strtmi r7, [r0], -sp, lsr 8",1
"eorhs r2, r0, r4, asr 32",1
"eorhs r2, r0, r0, lsr 32",1
"strbvs r6, [ip, -0x966]!",1
invalid,1
"rsbvc r7, sb, r3, ror 4",1
"rsbshs r6, r2, r4, ror pc",1
"stmdbvs r0!, {r1, r2, r6, sl, lr}",1
"rsbvc r2, pc, r3, ror r0",1
"strbtvs r6, [r5], -0xe65",1
"rsbhs r6, lr, r0, lsr 30",1
"ldrbvs r2, [r4, -0x61]!",1
"mcrvs p13, 3, r6, c9, c2, 3",1
"andhs r6, sl, r1, ror 24",1
"rsbshs r2, r5, r0, lsr 26",1
"strbmi r4, [ip, -0x946]",1
"eorhs r2, r0, r0, lsr 32",1
"mcrrmi p6, 2, r4, sb, c0",1
"stmdavc r5!, {r0, r2, r6, sp} ^",1
"cmnvc r4, 0xa4000001",1
"strbtvs r6, [lr], -0x120",1
"cmnvc r4, 32, 18            ; 0x20 ; ""0\xfb\x01""",1
"strbtvc r7, [r5], -0x320",1
"ldrbvs r7, [r3, -0x52d]!",1
"strbmi r2, [sb], -0xd72",1
"strbtvc r6, [sb], -0x220",1
"rsbshs r6, r3, r0, lsr 18",1
beq 0x1d1fc9c,1
"strvc r2, [sp, -r0, lsr 32]!",1
"mcrrmi p6, 2, r4, sb, c0",1
"eorhs r2, r0, r5, asr 32",1
"stmdbmi r6, {r5, sp} ^",1
"strvs r4, [r0, -0x54c]!",1
"ldrbtvc r6, [r3], -0x978",1
"mcrvs p0, 3, r2, c1, c3, 3",1
"rsbsvc r2, r7, 0x64",1
"rsbhs r7, r5, sb, ror 8",1
"ldclvs p5, c6, [r2, -0x1c0]!",1
"ldmdbvs r3!, {r0, r3, r5, r6, r8, sb, ip, sp, lr} ^",1
"stmdbvs r0!, {r0, r1, r2, r3, r5, r6, sb, sl, fp, sp, lr}",1
"rsbvc r2, r7, 0x73",1
"ldrbvs r6, [r4, -0xe61]!",1
"eorhs r0, r0, r4, ror 20",1
"strtmi r7, [r0], -sp, lsr 16",1
"subhs r4, r5, sb, asr 24",1
"eorhs r2, r0, r0, lsr 32",1
"strbmi r4, [ip, -0x946]",1
"ldmdbvs r8!, {r5, r8, sl, sp, lr} ^",1
"rsbshs r7, r3, r3, ror r4",1
"rsbhs r6, r4, r1, ror 28",1
invalid,1
"rsbhs r7, r5, r5, ror r4",1
"rsbshs r6, r2, r8, lsr 30",1
"rsbvc r6, r1, 0x1cc00000",1
"eorhs r6, sb, r3, ror 16",1
"ldclvs p5, c6, [r2, -0x1c0]!",1
"ldmdbvs r3!, {r0, r3, r5, r6, r8, sb, ip, sp, lr} ^",1
"stmdbvs r0!, {r0, r1, r2, r3, r5, r6, sb, sl, fp, sp, lr}",1
"rsbvc r2, r7, 0x73",1
"ldrbvs r6, [r4, -0xe61]!",1
"andeq r0, r0, r4, ror 20",1
"cmnvs r8, 0x2800000",1
"rsbshs r7, r4, r5, rrx",1
"rsbshs r6, r2, r6, ror 30",1
invalid,1
"stchs p4, c6, [r0, -0x1b8]!",1
invalid,1
"strtmi r6, [r0], -ip, ror 24",1
"stclhs p12, c4, [r5, -0x124]",1
invalid,1
"rsbhs r6, r4, r4, ror r5",1
"ldrbtvc r6, [r3], -0x574",1
"strbvs r2, [r4, -0x73]!",1
"strbvs r6, [r6, -0x572]!",1
invalid,1
"ldmdbvc r3!, {r0, r2, r5, r6, sp} ^",1
"stclvs p2, c6, [pc], -0x1b4",1
"stcvs p3, c6, [r0], -0x1a4",1
invalid,1
"strbvs r0, [r2, -0xa2e]",1
"ldrbvs r6, [r2, -0x177]!",1
invalid,1
"cmnvs r0, r4, ror r0",1
"strbtvc r6, [lr], -0x572",1
"ldrbvs r6, [r3, -0x568]!",1
"strbvs r2, [lr, -0x73]!",1
"strtvc r6, [r0], -0x465",1
"strbvs r2, [r2, -0x6f]!",1
"cmnvs r3, 32, 10            ; 0x20 ; ""0\xfb\x01""",1
"strbtvs r7, [r5], -0x61",1
"cdphs p8, 6, c2, c5, c0, 1",1
"eorhs r2, ip, r7, ror 28",1
"eorvs r7, r0, 0x188000",1
invalid,1
"ldmdavs r3!, {r2, r3, r5, r6, r8, sp, lr} ^",1
"eorhs r7, sb, r5, ror 6",1
"rsbshs r6, r2, r6, ror 30",1
"stclvs p8, c6, [r5], -0x1cc",1
beq 0xba359c,1
"ldrbmi r4, [r4, -0xe49]",1
"subshs r4, r2, r7, asr 10",1
"rsbshs r6, sb, sp, ror 2",1
svcvs 0x736c61,1
"rsbhs r6, r5, r0, lsr 4",1
invalid,1
"mcrmi p2, 2, r5, c9, c4, 2",1
"strvc r2, [r0, -r7, asr 24]!",1
"stmdavs r3!, {r3, r5, r6, r8, fp, sp, lr} ^",1
"cmnvs r6, r0, lsr 10",1
"strbtvc r7, [r1], -0x56c",1
"strtvc r7, [r0], -0x365",1
"ldmdavs r4!, {r0, r1, r2, r3, r5, r6, sp} ^",1
"strbvs r2, [ip, -0x65]!",1
"ldmdavs r4!, {r1, r2, r3, r5, r6, r8, sb, sl, sp, lr} ^",1
"rsbhs r6, r6, r0, lsr 30",1
"ldmdbmi r2, {r0, r1, r4, r6, sl, ip, lr} ^",1
beq 0xb9856c,1
"andeq r0, r0, r0",1
"strbpl r4, [pc], -0xe0a",1
blpl 0x815154,1
"cdpvs p8, 6, c6, c15, c0, 1",1
"rsbshs r7, r3, pc, ror 4",1
"rsbhs r6, r5, r4, ror r8",1
"strbvs r2, [r8, -0xd2d]!",1
invalid,1
"stchs p4, c6, [r0, -0x1b8]!",1
"rsbvc r7, r5, 0x2d00000",1
"mcrvs p9, 3, r6, c15, c3, 3",1
"ldrbtvc r6, [r0], -0xf20",1
invalid,1
"strbvc r2, [r2, -0x2c]!",1
"ldrbvs r2, [r4, -0x74]!",1
"strtvs r7, [r0], -0x473",1
"rsbshs r6, r3, pc, ror 10",1
"cdphs p15, 7, c6, c4, c14, 3",1
invalid,1
"rsbsvc r2, r4, 0x74",1
"cmnvc r4, 0x40000019",1
invalid,1
"strbtvs r2, [pc], -r8, rrx",1
svcvs 0x687420,1
invalid,1
"strbtvc r2, [sb], -0x73",1
"ldrbvs r7, [r2, -0x420]!",1
"rsbshs r7, r3, r1, ror 8",1
"rsbshs r6, sb, r1, ror 28",1
"strbvs r7, [r8, -0x46f]!",1
svcvs 0x6e2072,1
"rsbvc r6, sp, lr, ror 10",1
invalid,1
"mcrmi p2, 2, r5, c9, c4, 2",1
"andeq r2, sl, r7, asr 28",1
"strbpl r4, [pc], -0xe0a",1
"stmdbvc r0!, {r0, r2, r6, sb, fp, ip, sp}",1
"rsbshs r7, r2, pc, ror 10",1
"stclvs p8, c6, [r5], -0x1cc",1
invalid,1
invalid,1
"stmdbvs r0!, {r1, r2, r4, r5, r6, r8, sl, sp, lr}",1
svcvs 0x207374,1
"qsub16vc r6, r0, r7",1
"ldmdbvs r3!, {r0, r2, r5, r6, sb, ip, sp, lr} ^",1
svcvs 0x206e6f,1
invalid,1
"ldmdavs r7!, {r2, r3, r5, sp} ^",1
"rsbhs r6, r8, sb, ror 6",1
"cmnvs r5, r5, ror r3",1
"rsbshs r6, sb, ip, ror 24",1
"ldrbvs r7, [r0, -0x573]!",1
"strbtvs r7, [r5], -0x372",1
"strvc r7, [sl], -0x365",1
"strtvc r6, [r0], -r8, ror 10",1
"ldmdbvs r3!, {r0, r2, r5, r6, sb, ip, sp, lr} ^",1
"strtvs r6, [r0], -0xe6f",1
"rsbvc r7, r3, 0x94000001",1
"strbtvs r6, [r5], -0x269",1
"rsbvc r6, r5, 32, 16",1
"eorhs r2, r0, r5, ror 28",1
"qdsubvs r6, r0, r5",1
"eorvc r6, r0, 0x1cc00000",1
"rsbvc r6, r5, 0x6500000",1
"rsbhs r7, pc, r0, lsr 8",1
"rsbsvc r6, r5, 0x1e4",1
"strbvs r7, [r8, -0x320]!",1
invalid,1
invalid,1
"mcrvs p13, 3, r6, c5, c5, 3",1
"ldmdbvs r4!, {r2, r4, r5, r6, r8, sp, lr} ^",1
"strvs r6, [sl], -pc, ror 28",1
"strtvs r7, [r0], -0x26f",1
"stmdbvs r1!, {r0, r2, r5, r6, sl, ip, sp, lr} ^",1
invalid,1
"ldrbtvc r6, [r5], -0xf62",1
"strbvs r7, [r8, -0x420]!",1
"ldrbtvc r6, [r0], -0xf20",1
invalid,1
"rsbshs r6, r4, r0, lsr 18",1
"rsbsvc r7, r0, r3, ror r5",1
"cmnvc r4, 0xf0000006",1
"andeq r0, r0, lr, lsr 20",1
"ldrbtvc r6, [r3], -0x574",1
"strbtvs r6, [lr], -0x120",1
"rsbshs r6, r2, pc, lsr 30",1
"andeq r0, r0, fp, asr r0",1
"rsbshs r2, r3, sl, lsl 10",1
"stmdbvs ip!, {r0, r1, r2, r3, r5, r6, sb, sl, fp, sp, lr} ^",1
"stmdavs r0!, {r1, r2, r3, r5, r6, r8, sl, sp, lr}",1
blo 0x1c21b34,1
invalid,1
"andeq r0, r0, lr, lsr sl",1
"subshs r4, r5, r7, asr 28",1
"ldrbvs r6, [r2, -0xf63]!",1
"stclvs p4, c7, [sb], -0x1d4",1
"andeq r0, r0, r3, ror r0",1
"rsbsvc r7, r4, r8, ror 8",1
invalid,1
invalid,1
svcvs 0x2e756e,1
invalid,1
"ldrbvc r6, [r4, -pc, ror 12]!",1
svchs 0x657261,1
"ldrbvs r6, [r2, -0xf63]!",1
"stclvs p4, c7, [sb], -0x1d4",1
"andeq r2, r0, r3, ror pc",1
"subseq r6, pc, r5, ror 28",1
svcvs 0x706552,1
"strhs r7, [r0, -0x472]!",1
"rsbsvc r2, r4, 0x73",1
"ldclvs p14, c6, [r3], -0x184",1
svcvs 0x697461,1
"strbvc r2, [r2, -0x6e]!",1
"strtvc r7, [r0], -0x367",1
"ldmdavs ip!, {r0, r1, r2, r3, r5, r6, sp}",1
blo 0x1c23bd8,1
"rsbsvc r2, r4, 47, 30",1
"ldclvs p14, c6, [r3], -0x184",1
svcvs 0x697461,1
svcvs 0x72706e,1
"strbtvc r6, [r3], -0x56a",1
"ldrbvs r6, [r2, -lr, lsr 30]!",1
invalid,1
beq 0xf927dc,1
"andeq r0, r0, r0",1
"rsbshs r6, r2, r6, asr 30",1
"rsbvc r6, sp, r3, ror 30",1
"ldrbvs r6, [r4, -0x56c]!",1
invalid,1
"mcrvs p13, 3, r6, c5, c5, 3",1
"ldmdbvs r4!, {r2, r4, r5, r6, r8, sp, lr} ^",1
"eorhs r6, ip, pc, ror 28",1
blo 0x1ba4014,1
"strbtvs r6, [lr], -r0, lsr 18",1
svcvs 0x63206f,1
"ldrbtvc r6, [r5], -0x572",1
"rsbshs r6, r3, sb, ror 24",1
"rsbshs r2, r3, r7, lsr 10",1
svcvs 0x766e69,1
"ldmdbvs r4!, {r0, r1, r5, r6, r8, sp, lr} ^",1
beq 0x9e2428,1
"andeq r0, r0, r0",1
"stclvs p8, c6, [0x000069b8]!",1
"ldmdbvs r4!, {r0, r2, r5, r6, r8, sb, sl, fp, sp} ^",1
"cdpvs p6, 6, c6, c1, c6, 3",1
"eorvs r6, pc, 0x90000007",1
"strbtvs r6, [ip], -0x975",1
"rsbvc r6, pc, 0xbc000000",1
"ldmdbvs r4!, {r0, r2, r5, r6, r8, sl, ip, sp, lr} ^",1
svcmi 0x5f736c,1
"ldmdavs r3!, {r0, r4, r5, r8, sb, sl, fp, sp} ^",1
svchs 0x657261,1
invalid,1
"andeq r6, r0, ip, ror 10",1
"rsbsvc r7, r4, 0x650000",1
"rsbvc r2, r1, 0x61",1
"strbvs r7, [sp, -0x567]!",1
"strhs r7, [r0, -0x46e]!",1
"andeq r0, r0, r3, ror r0",1
"strbtvc r7, [sb], -0x277",1
"rsbvc r2, r5, 0x65",1
"rsbseq r6, r2, r2, ror pc",1
"eorshs r7, sl, r5, lsr 6",1
"andeq r7, r0, r5, lsr 6",1
"strbpl r2, [lr, -0x41]",1
invalid,1
blpl 0x1da089c,1
invalid,1
"eorvc r7, r0, r1, ror 6",1
"ldrbvs r7, [r3, -0x361]!",1
"ldmdavs r4!, {r2, r5, r6, sp} ^",1
invalid,1
"cdpvs p0, 6, c2, c1, c8, 3",1
"ldrbvs r6, [r8, -0x520]!",1
"ldmdbvc r3!, {r0, r1, r5, r6, sp} ^",1
"stclvs p4, c7, [r5, -0x1cc]!",1
"stclvs p3, c6, [r1], -0x80",1
"andeq r2, sl, ip, ror 28",1
"stmdbvs ip!, {r0, r1, r2, r3, r5, sb, sl, fp, sp} ^",1
"eoreq r7, pc, r2, ror 6",1
"eoreq r7, sp, ip, ror 8",1
"andeq r0, r0, r0",1
"andeq r0, r0, r1",1
"andeq r0, r0, r2",1
"andeq r0, r0, r3",1
"andeq r0, r0, r4",1
"andeq r0, r0, r5",1
"andeq r0, r0, r6",1
"andeq r0, r0, r7",1
"andeq lr, r0, r8, ror 22",1
"andeq lr, r0, r0, ror fp",1
"andeq lr, r0, r8, ror fp",1
"andeq lr, r0, r8, lsl 23",1
"andeq lr, r0, ip, lsl 23",1
"muleq r0, r4, fp",1
"muleq r0, r4, sl",1
"muleq r0, ip, fp",1
"andeq r0, r0, r0",1
"addseq r8, sb, r2, ror 1",1
"andeq sl, r0, r1, lsr 31",1
"andeq r0, r0, r7, lsr 32",1
"andeq r0, r0, r2, lsr 32",1
"rsbeq r0, r5, r1, lsr 15",1
"addseq r8, r8, r2, ror 1",1
"andeq r0, r0, r0, rrx",1
"ldrbvs r6, [r4, -0x96c]!",1
"rsbeq r6, ip, r2, ror r1",1
"stclvs p8, c6, [r5], -0x1cc",1
"andeq r0, r0, ip, rrx",1
"stclvs p8, c6, [r5], -0x1cc",1
"stclvs p13, c2, [r1], -0x1b0",1
"cmnvc sb, 0xc000001d",1
"andeq r0, r0, r0",1
"andeq r0, r0, r3, rrx",1
invalid,1
"rsbeq r6, r5, sb, ror r2",1
invalid,1
"andeq r6, r0, r0, ror r5",1
invalid,1
"rsbeq r6, r5, r1, ror 24",1
svcvs 0x6d656d,1
"strvs r7, [r0, -0x972]!",1
"strbvc r6, [r1, -0x878]!",1
"strbtvs r7, [r5], -0x473",1
"andeq r0, r0, r0",1
"stclvs p8, c6, [0x00006b04]!",1
"ldmdbvs r4!, {r0, r2, r5, r6, r8, sb, sl, fp, sp} ^",1
"cdpvs p6, 6, c6, c1, c6, 3",1
"eorvs r6, pc, 0x90000007",1
"strbtvs r6, [ip], -0x975",1
"rsbvc r6, pc, 0xbc000000",1
"ldmdbvs r4!, {r0, r2, r5, r6, r8, sl, ip, sp, lr} ^",1
svcmi 0x5f736c,1
"stmdbvs ip!, {r0, r4, r5, r8, sb, sl, fp, sp} ^",1
"andeq r0, r0, r2, rrx",1
"stmdbmi r3, {r0, r6, r8, sb, ip, lr} ^",1
"andeq r0, r0, sb, asr 32",1
"subpl r4, r1, 0x430000",1
"cmpmi r4, r3, asr r5",1
"movtpl r4, 0x194c",1
"subseq r4, r2, r4, asr 18",1
"rsbvc r6, r1, 0x630000",1
"mrchs p5, 3, r6, c4, c3, 3",1
invalid,1
"andeq r0, r0, r3, ror r0",1
"andeq r0, r0, r2, ror r0",1
"teqvc r0, 0x9400000",1
"eorslo r2, r5, r0, lsr 10",1
"andeq r0, r0, r3, ror r0",1
svcvc 0xffa434,1
"andeq r0, r0, r1",1
svcvc 0xffe738,1
"adcshi r0, r1, pc, lsr 15",1
svcvc 0xffefc4,1
"andeq r0, r0, r1",1
"andeq r0, r0, r0",1
"andeq sb, r0, ip, asr 2",1
"andeq sb, r0, r4, lsr 2",1
"andeq r0, r0, r0",1
"andeq r0, r0, r1",1
"andeq r0, r0, r1",1
"andeq r0, r0, r1",1
"andeq r0, r0, pc, ror r0",1
"andeq r0, r0, ip",1
"andeq r8, r0, r4, ror sp",1
"andeq r0, r0, sp",1
"andeq sp, r0, r0, lsl 25",1
"andeq r0, r0, sb, lsl r0",1
"andeq r6, r1, r4, lsr ip",1
"andeq r0, r0, fp, lsl r0",1
"andeq r0, r0, r4",1
"andeq r0, r0, sl, lsl r0",1
"andeq r6, r1, r8, lsr ip",1
"andeq r0, r0, ip, lsl r0",1
"andeq r0, r0, r4",1
svcvs 0xfffef5,1
"andeq r8, r0, ip, lsl 3",1
"andeq r0, r0, r5",1
"strheq r8, [r0], -ip",1
"andeq r0, r0, r6",1
"andeq r8, r0, ip, ror 6",1
"andeq r0, r0, sl",1
"strdeq r0, r1, [r0], -r5",1
"andeq r0, r0, fp",1
"andeq r0, r0, r0, lsl r0",1
"andeq r0, r0, r5, lsl r0",1
"andeq r0, r0, r0",1
"andeq r0, r0, r3",1
"andeq r6, r1, r0, lsr sp",1
"andeq r0, r0, r2",1
"ldrdeq r0, r1, [r0], -r0",1
"andeq r0, r0, r4, lsl r0",1
"andeq r0, r0, r1, lsl r0",1
"andeq r0, r0, r7, lsl r0",1
"andeq r8, r0, r4, lsr 23",1
"andeq r0, r0, r1, lsl r0",1
"andeq r8, r0, ip, ror fp",1
"andeq r0, r0, r2, lsl r0",1
"andeq r0, r0, r8, lsr 32",1
"andeq r0, r0, r3, lsl r0",1
"andeq r0, r0, r8",1
svcvs 0xfffffe,1
"andeq r8, r0, ip, lsr fp",1
svcvs 0xffffff,1
"andeq r0, r0, r2",1
svcvs 0xfffff0,1
"strheq r8, [r0], -r2",1
"andeq r0, r0, r0",1
"andeq r0, r0, r0",1
"andeq r0, r0, r0",1
"andeq r0, r0, r0",1
"andeq r0, r0, r0",1
"andeq r0, r0, r0",1
"andeq r0, r0, r0",1
"andeq r0, r0, r0",1
"andeq r0, r0, r0",1
"andeq r0, r0, r0",1
"andeq r0, r0, r0",1
"andeq r0, r0, r0",1
"andeq r6, r1, r0, asr 24",1
"andeq r0, r0, r0",1
"andeq r0, r0, r0",1
"andeq r8, r0, r0, lsl 27",1
"andeq r8, r0, r0, lsl 27",1
"andeq r8, r0, r0, lsl 27",1
"andeq r8, r0, r0, lsl 27",1
"andeq r8, r0, r0, lsl 27",1
"andeq r8, r0, r0, lsl 27",1
"andeq r8, r0, r0, lsl 27",1
"andeq r8, r0, r0, lsl 27",1
"andeq r8, r0, r0, lsl 27",1
"andeq r8, r0, r0, lsl 27",1
"andeq r8, r0, r0, lsl 27",1
"andeq r8, r0, r0, lsl 27",1
"andeq r8, r0, r0, lsl 27",1
"andeq r8, r0, r0, lsl 27",1
"andeq r8, r0, r0, lsl 27",1
"andeq r8, r0, r0, lsl 27",1
"andeq r8, r0, r0, lsl 27",1
"andeq r8, r0, r0, lsl 27",1
"andeq r8, r0, r0, lsl 27",1
"andeq r8, r0, r0, lsl 27",1
"andeq r8, r0, r0, lsl 27",1
"andeq r8, r0, r0, lsl 27",1
"andeq r8, r0, r0, lsl 27",1
"andeq r8, r0, r0, lsl 27",1
"andeq r8, r0, r0, lsl 27",1
"andeq r8, r0, r0, lsl 27",1
"andeq r8, r0, r0, lsl 27",1
"andeq r8, r0, r0, lsl 27",1
"andeq r8, r0, r0, lsl 27",1
"andeq r8, r0, r0, lsl 27",1
"andeq r8, r0, r0, lsl 27",1
"andeq r8, r0, r0, lsl 27",1
"andeq r8, r0, r0, lsl 27",1
"andeq r8, r0, r0, lsl 27",1
"andeq r8, r0, r0, lsl 27",1
"andeq r8, r0, r0, lsl 27",1
"andeq r8, r0, r0, lsl 27",1
"andeq r8, r0, r0, lsl 27",1
"andeq r8, r0, r0, lsl 27",1
"andeq r8, r0, r0, lsl 27",1
"andeq r8, r0, r0, lsl 27",1
"andeq r8, r0, r0, lsl 27",1
"andeq r8, r0, r0, lsl 27",1
"andeq r8, r0, r0, lsl 27",1
"andeq r8, r0, r0, lsl 27",1
"andeq r8, r0, r0, lsl 27",1
"andeq r8, r0, r0, lsl 27",1
"andeq r8, r0, r0, lsl 27",1
"andeq r8, r0, r0, lsl 27",1
"andeq r8, r0, r0, lsl 27",1
"andeq r8, r0, r0, lsl 27",1
"andeq r8, r0, r0, lsl 27",1
"andeq r8, r0, r0, lsl 27",1
"andeq r8, r0, r0, lsl 27",1
"andeq r8, r0, r0, lsl 27",1
"andeq r8, r0, r0, lsl 27",1
"andeq r8, r0, r0, lsl 27",1
"andeq r8, r0, r0, lsl 27",1
"andeq r0, r0, r0",1
"andeq r6, r1, r0, lsr lr",1
"andeq r0, r0, r0",1
"andeq r0, r0, r0",1
"andeq r0, r0, r1",1
"andeq r6, r1, r0, asr 28",1
"andeq r0, r0, r1",1
"andeq r0, r0, r0, lsl 2",1
"andeq r6, r1, ip, lsr 29",1
"andeq r0, r0, r6",1
"andeq r0, r0, r0",1
"andeq r0, r0, r0",1
"andeq r0, r0, r0",1
"andeq r0, r0, r0",1
"andeq r0, r0, r0",1
"andeq r0, r0, r0",1
"andeq r0, r0, r0",1
"andeq r0, r0, r0",1
"andeq r0, r0, r0",1
"andeq r0, r0, r0",1
"andeq r0, r0, r0",1
blo 0x10d7b9c,1
"cdpmi p8, 4, c2, c7, c0, 1",1
"strtlo r2, [r0], -0x955",1
"eorlo r3, lr, 0xb80000",1
"eorseq r4, r4, r0, lsl 2",1
"strbvs r0, [r1, -0]!",1
"rsbeq r6, sb, r1, ror 4",1
"andeq r2, r0, r1, lsl 20",1
"ldchs p5, c0, [r7, -0]!",1
beq 0x186fa8,1
invalid,1
"movweq r0, 0xa209",1
"ldreq r0, [r2], -0x10c",1
"tsteq r4, r3, lsl r1",1
"tsteq r7, 0x40000005",1
"tsteq sb, r8, lsl r1",1
"tsteq fp, 0xa0000001",1
"andeq r0, r0, r2, lsr 2",1
"andeq r0, r0, ip, lsl r0",1
"andeq r0, r0, r2",1
"andeq r0, r4, r0",1
"andeq r0, r0, r0",1
"andeq sb, r0, ip, asr 32",1
"andeq r0, r0, ip, lsr r0",1
"andeq r0, r0, r0",1
"andeq r0, r0, r0",1
"andeq r0, r0, r4, lsl r0",1
"adceq r0, pc, r2",1
"andeq r0, r4, r0",1
"andeq r0, r0, r0",1
"andeq r0, r0, r0",1
"andeq r0, r0, r0",1
"andeq r0, r0, ip, lsr 32",1
"teqeq r8, r2",1
"andeq r0, r4, r0",1
"andeq r0, r0, r0",1
"andeq sb, r0, r8, lsl 1",1
"andeq r0, r0, r4, lsr 32",1
"andeq r8, r0, r4, ror sp",1
"andeq r0, r0, r8",1
"andeq sp, r0, r0, lsl 25",1
"andeq r0, r0, r4",1
"andeq r0, r0, r0",1
"andeq r0, r0, r0",1
"andeq r0, r0, ip, lsl r0",1
invalid,1
"andeq r0, r4, r0",1
"andeq r0, r0, r0",1
"andeq sb, r0, r0, lsl 3",1
"andeq r1, r0, ip, asr fp",1
"andeq r0, r0, r0",1
"andeq r0, r0, r0",1
"andeq r0, r0, ip, lsl r0",1
"stclhs p0, c0, [r3], 8",1
"andeq r0, r4, r0",1
"andeq r0, r0, r0",1
"ldrdeq sl, fp, [r0], -ip",1
"andeq r0, r0, r8, lsl r1",1
"andeq r0, r0, r0",1
"andeq r0, r0, r0",1
"andeq r0, r0, ip, lsl r0",1
"andslo r0, sl, 2",1
"andeq r0, r4, r0",1
"andeq r0, r0, r0",1
"strdeq sl, fp, [r0], -r4",1
"andeq r0, r0, r0, asr 1",1
"andeq r0, r0, r0",1
"andeq r0, r0, r0",1
"andeq r0, r0, r4, lsl r0",1
"cmplo r2, 2",1
"andeq r0, r4, r0",1
"andeq r0, r0, r0",1
"andeq r0, r0, r0",1
"andeq r0, r0, r0",1
"andeq r0, r0, ip, lsl r0",1
"bicslo r0, fp, 2",1
"andeq r0, r4, r0",1
"andeq r0, r0, r0",1
"strheq sl, [r0], -r4",1
"andeq r0, r0, ip, rrx",1
"andeq r0, r0, r0",1
"andeq r0, r0, r0",1
"andeq r0, r0, ip, lsl r0",1
"strtlo r0, [sl], 2",1
"andeq r0, r4, r0",1
"andeq r0, r0, r0",1
"andeq sl, r0, r0, lsr 30",1
"strheq r0, [r0], -r8",1
"andeq r0, r0, r0",1
"andeq r0, r0, r0",1
"andeq r0, r0, ip, lsl r0",1
"stmdblo r5!, {r1}",1
"andeq r0, r4, r0",1
"andeq r0, r0, r0",1
"ldrdeq sl, fp, [r0], -r8",1
"andeq r1, r0, r0, lsr 13",1
"andeq r0, r0, r0",1
"andeq r0, r0, r0",1
"andeq r0, r0, ip, lsl r0",1
"stcpl p0, c0, [sl, -8]",1
"andeq r0, r4, r0",1
"andeq r0, r0, r0",1
"andeq ip, r0, r8, ror r6",1
"andeq r0, r0, r0, asr 6",1
"andeq r0, r0, r0",1
"andeq r0, r0, r0",1
"andeq r0, r0, ip, lsl r0",1
"cdppl p0, 0xa, c0, c6, c2, 0",1
"andeq r0, r4, r0",1
"andeq r0, r0, r0",1
"strheq ip, [r0], -r8",1
"andeq r0, r0, ip, lsr 4",1
"andeq r0, r0, r0",1
"andeq r0, r0, r0",1
"andeq r0, r0, ip, lsl r0",1
"ldrvs r0, [0x0000704a]!     ; [0x704a:4]=4",1
"andeq r0, r4, r0",1
"andeq r0, r0, r0",1
"andeq ip, r0, r4, ror 23",1
"andeq r0, r0, r0, asr 32",1
"andeq r0, r0, r0",1
"andeq r0, r0, r0",1
"andeq r0, r0, ip, lsl r0",1
"strvs r0, [pc], r2",1
"andeq r0, r4, r0",1
"andeq r0, r0, r0",1
"andeq ip, r0, r4, lsr 24",1
"andeq r0, r0, ip, lsl 1",1
"andeq r0, r0, r0",1
"andeq r0, r0, r0",1
"andeq r0, r0, ip, lsl r0",1
bvs 0xfed07094,1
"andeq r0, r4, r0",1
"andeq r0, r0, r0",1
"strheq ip, [r0], -r0",1
"andeq r0, r0, r0, ror 6",1
"andeq r0, r0, r0",1
"andeq r0, r0, r0",1
"andeq r0, r0, ip, lsl r0",1
svcvc 0xdf0002,1
"andeq r0, r4, r0",1
"andeq r0, r0, r0",1
"andeq sp, r0, r0, lsl r0",1
"andeq r0, r0, r8, lsr 1",1
"andeq r0, r0, r0",1
"andeq r0, r0, r0",1
"andeq r0, r0, ip, lsl r0",1
"ldrbthi r0, [pc], -2        ; [0x70cc:4]=0",1
"andeq r0, r4, r0",1
"andeq r0, r0, r0",1
"strheq sp, [r0], -r8",1
"andeq r0, r0, r0, rrx",1
"andeq r0, r0, r0",1
"andeq r0, r0, r0",1
"andeq r0, r0, ip, lsl r0",1
"stmhi pc, {r1}",1
"andeq r0, r4, r0",1
"andeq r0, r0, r0",1
"andeq sp, r0, r8, lsl r1",1
"strheq r0, [r0], -r4",1
"andeq r0, r0, r0",1
"andeq r0, r0, r0",1
"andeq r0, r0, ip, lsl r0",1
"stchi p0, c0, [r1], 8",1
"andeq r0, r4, r0",1
"andeq r0, r0, r0",1
"andeq sp, r0, ip, asr 3",1
"andeq r0, r0, r8, asr 1",1
"andeq r0, r0, r0",1
"andeq r0, r0, r0",1
"andeq r0, r0, ip, lsl r0",1
"stchi p0, c0, [sp, 8]",1
"andeq r0, r4, r0",1
"andeq r0, r0, r0",1
"muleq r0, r4, r2",1
"andeq r0, r0, ip, lsr r0",1
"andeq r0, r0, r0",1
"andeq r0, r0, r0",1
"andeq r0, r0, ip, lsl r0",1
"cdphi p0, 7, c0, c5, c2, 0",1
"andeq r0, r4, r0",1
"andeq r0, r0, r0",1
"ldrdeq sp, lr, [r0], -r0",1
"andeq r0, r0, r0, lsl r0",1
"andeq r0, r0, r0",1
"andeq r0, r0, r0",1
"andeq r0, r0, ip, lsl r0",1
svchi 0x610002,1
"andeq r0, r4, r0",1
"andeq r0, r0, r0",1
"andeq sp, r0, r0, ror 5",1
"andeq r0, r0, r8, ror r0",1
"andeq r0, r0, r0",1
"andeq r0, r0, r0",1
"andeq r0, r0, ip, lsl r0",1
"sbcsls r0, r1, r2",1
"andeq r0, r4, r0",1
"andeq r0, r0, r0",1
"andeq sp, r0, r8, asr r3",1
"andeq r0, r0, r8, lsl 9",1
"andeq r0, r0, r0",1
"andeq r0, r0, r0",1
"andeq r0, r0, ip, lsl r0",1
"strbls r0, [r5], r2",1
"andeq r0, r4, r0",1
"andeq r0, r0, r0",1
"andeq sp, r0, r0, ror 15",1
"andeq r0, r0, ip, lsl 8",1
"andeq r0, r0, r0",1
"andeq r0, r0, r0",1
"andeq r0, r0, ip, lsl r0",1
"stcls p0, c0, [r0], {2}",1
"andeq r0, r4, r0",1
"andeq r0, r0, r0",1
"andeq sp, r0, ip, ror 23",1
"andeq r0, r0, r8, rrx",1
"andeq r0, r0, r0",1
"andeq r0, r0, r0",1
"andeq r0, r0, ip, lsl r0",1
"stclls p0, c0, [r2, 8]",1
"andeq r0, r4, r0",1
"andeq r0, r0, r0",1
"andeq sp, r0, r4, asr ip",1
"andeq r0, r0, ip, lsr 32",1
"andeq r0, r0, r0",1
"andeq r0, r0, r0",1
"andeq r0, r0, r4, lsr 32",1
"cdpls p0, 0xc, c0, c7, c2, 0",1
"andeq r0, r4, r0",1
"andeq r0, r0, r0",1
"andeq r8, r0, ip, ror sp",1
"andeq r0, r0, r4",1
"andeq sp, r0, r4, lsl 25",1
"andeq r0, r0, r4",1
"andeq r0, r0, r0",1
"andeq r0, r0, r0",1
"andeq r0, r0, fp, lsr 1",1
"andeq r0, r0, r2",1
invalid,1
"andeq r0, r0, r0",1
"andeq sb, r0, ip, asr 32",1
"andeq sb, r0, r8, lsl 1",1
"eorvc r2, pc, lr, lsr 28",1
"cmnvc r4, 0xf0000006",1
"cmnvc sb, 0xbc000000",1
"cmnvc r0, 100, 10           ; 0x64",1
"ldclvs p1, c6, [r2, -0xbc]!",1
"cmnvs r4, pc, lsr 6",1
invalid,1
svcvs 0x682f00,1
bvs 0xbe081c,1
blvs 0x1ca47f4,1
"stmdbvc pc!, {r0, r2, r5, r6, sl, ip, sp, lr}",1
svcvs 0x74636f,1
"ldmdbvs r5!, {r0, r1, r2, r3, r5, sb, sp, lr} ^",1
"strtvc r6, [pc], -0x46c",1
"strvc r7, [pc, -sp, rrx]!",1
svchs 0x6b726f,1
"strbtvc r7, [sp], -r1, ror 4",1
"qasxvc r6, sp, r7",1
"cdpvs p0, 2, c7, c13, c6, 3",1
"stclhs p15, c6, [lr, -0x194]!",1
"stmdbvc fp!, {r4, r5, r6, r8, sb, sl, fp, sp, lr} ^",1
"cdpvs p12, 6, c6, c9, c13, 1",1
invalid,1
invalid,1
"strvs r6, [0x00006946]!",1
"rsbvs r6, sb, 0x6700",1
"cdphs p15, 3, c2, c2, c3, 3",1
"eorvc r3, sp, 0xc40000",1
invalid,1
invalid,1
invalid,1
"stmdbvs ip!, {r0, r1, r2, r4, r5, r8, sb, sl, fp, sp} ^",1
invalid,1
"smlsdxmi r0, r3, r5, r7",1
invalid,1
"mrchs p0, 1, r2, c2, c3, 2",1
invalid,1
"strhi r0, [r0, 0x100]",1
"andeq r0, r0, 0",1
"andeq r1, r0, r0, lsl 8",1
"cdpeq p4, 0, c0, c1, c0, 0",1
invalid,1
"andeq r2, r0, sl, lsr 20",1
"andeq r0, r0, r1, rrx",1
"andeq r0, r0, pc, asr r0",1
invalid,1
"andeq r0, r0, 0",1
"eorseq r0, pc, r2, lsl 14",1
"streq r0, [r2], -0",1
"andeq r2, r0, r7, lsl 8",1
"streq r0, [r4, -r0, lsl 4]",1
"andeq r0, r0, pc, lsl r0",1
"movwlo r0, 0x6102",1
"andeq r0, r0, 0",1
"sbceq r0, fp, r2, lsl 10",1
"streq r0, [r3], -0",1
"strbtvc r6, [lr], -0x905",1
"streq r0, [r8, -0x200]",1
"andeq r0, r0, r0",1
bne 0x1c933c,1
"andeq r0, r0, 0",1
"andeq r0, r5, r4, lsl 10",1
"streq r0, [r2], -0",1
"andeq sp, r0, r7, lsl 10",1
"stmdaeq r1, {sb}",1
"andeq r0, r0, sl, lsr r0",1
"andeq r5, r0, r4, lsl 4",1
"tsthi r8, 0, 2",1
invalid,1
"stcle p3, c0, [r8], {5}",1
"strmi r0, [r5, -r0]",1
"andeq r0, r0, r0",1
"andeq r0, r0, r6, lsr 1",1
"subseq r0, r2, r2",1
invalid,1
"andeq r0, r0, r6, lsl 1",1
"andeq r0, r0, r0",1
"eorvc r2, pc, lr, lsr 28",1
"cmnvc r4, 0xf0000006",1
"cmnvc sb, 0xbc000000",1
"cmnvc r0, 100, 10           ; 0x64",1
"ldclvs p1, c6, [r2, -0xbc]!",1
"ldrbtvc r6, [r2], -0x32f",1
"subseq r2, r3, sb, ror 28",1
"stclvs p8, c6, [0x000072dc]!",1
"rsbvs r2, sl, 0x194",1
"strbvs r7, [fp, -0x275]!",1
svcvs 0x792f74,1
svchs 0x6f7463,1
"stclvs p5, c7, [sb], -0x188",1
"ldclvs p15, c2, [r4, -0x190]!",1
svcvs 0x772f70,1
invalid,1
invalid,1
"ldrbtvs r2, [r6], -r1, ror 26",1
"strbvs r2, [lr, -0xd70]!",1
"eorvc r6, sp, pc, ror 28",1
invalid,1
"strbvc r6, [lr, -0x96c]!",1
"mcrvs p13, 3, r2, c7, c8, 3",1
"rsbvs r6, r1, 0x1d400000",1
"strbvs r2, [r5, -sb, ror 30]!",1
invalid,1
invalid,1
"cmnlo r2, 0xdc0",1
"stclvs p5, c6, [r7], -0xbc",1
"stclhs p2, c6, [r3, -0x1a4]!",1
invalid,1
"rsbvs r6, sb, 0x2f00",1
invalid,1
"mcrmi p0, 2, r0, c7, c5, 3",1
"movtpl r2, 0x1055",1
"eorlo r3, lr, 32, 4",1
"eorseq r2, r1, r3, lsr lr",1
bhs 0xfff67414,1
"andeq r0, r2, r0",1
"andeq r0, r0, r4, rrx",1
"andeq r0, lr, r4, lsl 2",1
invalid,1
bl 0x7434,1
"andhi r0, r0, r1",1
invalid,1
invalid,1
"andeq r0, r0, 0",1
"strheq r0, [r0], -sb",1
"eorseq sp, r0, r7, lsl 10",1
"streq r0, [r3], -0",1
"andeq r2, r0, r7, lsl 8",1
"stmdaeq r1, {r8, sb}",1
"andeq r0, r0, r1, lsr r0",1
svclo 0x70203,1
"movweq r0, 0",1
"andseq r0, pc, r4, lsl 14",1
"mrseq r0, apsr",1
"andeq r3, r0, r6, lsl 6",1
"streq r0, [r2, -0x300]",1
"andeq r0, r0, fp, asr 1",1
"stmdbvs r5, {r2, sl}",1
"movweq r7, 0x46e",1
"andeq r0, r0, r8, lsl 10",1
invalid,1
"andeq r1, r0, r7, lsl 20",1
"andseq r0, pc, 0, 4",1
"strlo r0, [r8, -r0]",1
"andeq r0, r0, r1, rrx",1
"andeq pc, r0, r2, lsl 12",1
"ldmdavs r8!, {fp}",1
"andeq r0, r0, 0",1
"andeq r0, r0, r2, ror 7",1
"rsbseq r8, sl, r8, lsl 10",1
"andhs r0, r2, 0",1
"stmdaeq r0, {r1, r2}",1
"andeq r3, r0, r6, lsl 1",1
"cmneq r0, r0, lsl 4",1
"strhi r0, [r8, -r0]",1
"andeq r0, r0, r0, lsr r0",1
"andeq r8, r5, r2, lsl 10",1
"strmi r0, [r8, 0x800]",1
"andeq r0, r0, 0",1
"andeq r0, r0, r5, lsl 14",1
"rsbseq r8, sl, r8, lsl 18",1
bls 0x874cc,1
"stmdaeq r0, {r0}",1
"andeq r3, r0, sl, lsl 1",1
"movteq r0, 0x5200",1
blhi 0x2074dc,1
"andeq r0, r0, r0, lsr r0",1
"andeq r7, r4, r2, lsl 6",1
"stcle p8, c0, [ip]",1
"movweq r0, 0",1
"andeq r0, r5, r4, lsl 10",1
invalid,1
"stmdaeq r0, {r1, r2}",1
"andeq r6, r0, sp, lsl 31",1
"streq r0, [r4, -r0, lsl 6]",1
"ldrdeq r0, r1, [r0], -r5",1
"andeq ip, r5, r2",1
"ldcle p8, c0, [r4]",1
"streq r0, [r0, -0]",1
"ldreq r0, [r4, 0x204]!",1
"andge r0, r8, 0",1
"ldrdeq r0, r1, [r0], -sp",1
"andeq ip, r4, r2, lsl 16",1
svcvs 0xa80800,1
"andeq r0, r0, 0",1
"strdeq r0, r1, [r0], -sl",1
"sbcseq fp, sp, r8, lsl 16",1
"streq r0, [r6], -0",1
"andeq r0, r0, sl, lsr 2",1
blo 0x207948,1
"andeq r0, r0, 0",1
"andeq r0, r0, sl, asr r4",1
"teqeq ip, sb",1
"strpl r0, [r7], -r0",1
"stmdals r0, {r2}",1
"rscseq pc, r7, 0xa00000",1
"movwls r0, 0x8000",1
beq 0x7584,1
"strdeq r5, r6, [r0], -r7",1
"eoreq r0, r3, r0, lsl 4",1
"andeq r0, r4, r8, lsl 24",1
"ldrbths r0, [ip], 0xa00",1
"andeq r0, r0, 1",1
"andlt r0, r8, 0x23000000",1
beq 0x757c,1
"strdeq r2, r3, [r1], -sp",1
"stmdaeq r3!, {sb}",1
"andeq r4, r6, r8, lsl 28",1
"ldrbths r0, [lr], 0xa00",1
"andeq r0, r0, 1",1
"strhs r0, [r8], -0xc23",1
beq 0x75b0,1
"strdeq r2, r3, [r1], -pc",1
"eorne r0, r3, r0, lsl 4",1
"andeq pc, r2, sb, lsl 18",1
invalid,1
"andeq r0, r0, r4, lsr 2",1
"ldmdbeq r4, {r1, r8, sb, sp}",1
"muleq r0, r2, r6",1
"strhs r0, [r1], -0x10a",1
"andeq r0, r0, 1",1
"strmi r1, [sb], -0x823",1
beq 0x75c4,1
invalid,1
"movwhs r0, 0x2000",1
"streq r0, [r5, -0x91c]",1
"movweq r0, 0xa000",1
"andeq r2, r1, r1, lsl 8",1
"eorhs r0, r3, r0, lsl 4",1
"andeq r3, r3, sb, lsl 14",1
invalid,1
"andeq r0, r0, r4, lsr 2",1
"stmdbeq r4!, {r1, r8, sb, sp}",1
"ldrdeq r0, r1, [r0], -r7",1
"strhs r0, [r1], -0x60a",1
"andeq r0, r0, 1",1
invalid,1
beq 0x7614,1
invalid,1
"movwhs r0, 0x2000",1
"ldrteq r0, [sl], 0x92c",1
invalid,1
"andeq r3, r3, r1, lsl 10",1
"eorlo r0, r3, r0, lsl 4",1
"andeq lr, r0, sb, lsl 14",1
invalid,1
"andeq r0, r0, fp, lsr r3",1
"ldmdbeq r4!, {r1, r8, sb, sp}",1
"andeq r0, r0, r3, lsr 3",1
bpl 0x4aa54,1
"andeq r0, r0, 0",1
"strvc r3, [sb], -0x823",1
beq 0x7644,1
"subseq r0, sl, r1, lsl r1",1
"movwhs r0, 0x2000",1
"subseq r0, r8, 60, 18",1
"movwne r0, 0xa000",1
"andeq sp, r0, r1, lsl 4",1
"eormi r0, r3, r0, lsl 4",1
"andeq r0, r2, sb, lsl 18",1
"tsteq r7, r0, lsl 20",1
"andeq r0, r0, lr, lsr r0",1
"stmdbeq r4, {r1, r8, sb, sp} ^",1
"andeq r0, r0, r0, asr r5",1
invalid,1
"andeq r0, r0, 0",1
"andne r4, sb, 0x2300000",1
beq 0x7678,1
"movteq r0, 0x1119",1
"movwhs r0, 0x2000",1
invalid,1
"stcne p0, c0, [sl, -0]",1
"andeq r5, r3, r1, lsl 2",1
"stmdami r3!, {sb}",1
"andeq r5, r2, sb, lsl 24",1
invalid,1
"andeq r0, r0, r4, ror 1",1
"ldmdbeq r0, {r1, r8, sb, sp} ^",1
"andeq r0, r0, r6, ror r6",1
invalid,1
"andeq r0, r0, 1",1
"stcvc p8, c5, [sb, -0x8c]",1
beq 0x76c8,1
invalid,1
"movwhs r0, 0x2000",1
"pkhtbeq r0, r4, ip, asr 0x12",1
invalid,1
"andeq r0, r1, r1, lsl 2",1
"eorvs r0, r3, r0, lsl 4",1
"andeq r8, r6, sb, lsl 22",1
"teqeq r2, r0, lsl 20",1
"andeq r0, r0, r1, lsl 2",1
"stmdbeq r4!, {r1, r8, sb, sp} ^",1
"andeq r0, r0, ip, lsl 5",1
"strhs r3, [r1, -0x30a]",1
"andeq r0, r0, 0",1
blge 0x261774,1
beq 0x76f8,1
"subseq r0, sl, r5, lsr r1",1
"movwhs r0, 0x2000",1
"strteq r0, [r0], ip, ror 18",1
"strlo r0, [sl, -r0]",1
"andeq r5, r3, r1, lsl 14",1
"eorvc r0, r3, r0, lsl 4",1
"strbeq r0, [r2], -0xa00",1
blls 0x28770c,1
"andeq fp, r2, r7, lsl 30",1
invalid,1
"andeq r0, r0, r5, lsr r3",1
"andeq sb, r2, r8, lsl 24",1
"strlo r0, [r2, 0xa00]!",1
"andeq r0, r0, 3",1
invalid,1
beq 0x7738,1
"andeq r3, r3, r3, lsr 23",1
"strteq r0, [r3], -0x200",1
"andeq sl, r4, r8, lsl 28",1
bpl 0xfe9c9f3c,1
"andeq r0, r0, 0",1
"streq r0, [r0], -r3, lsr 16",1
"andeq pc, r2, r4, lsl 28",1
invalid,1
bleq 0x7754,1
"andeq r0, r0, sl, lsr 2",1
"andeq r0, r0, r1, asr r3",1
"andeq lr, r0, ip, lsl 30",1
"streq r0, [r0], -r0",1
"andeq pc, r2, r4, lsl 14",1
invalid,1
invalid,1
svc 0xc0000,1
"strhs r0, [r0, -r0]",1
"ldrbeq r0, [r6], -0xd00",1
invalid,1
"andeq r3, r1, r1, lsl 24",1
"stmdbvc r4, {sb, sl}",1
"cdpeq p0, 0, c0, c0, c3, 0",1
"andeq r0, r0, sl, lsr 2",1
"andeq r7, r1, r2, lsl 4",1
blls 0x104a394,1
"andeq r0, r0, 0",1
"andeq r0, r0, r4, lsr 12",1
"addseq r5, r0, fp",1
"andgt r0, r2, 0",1
invalid,1
"andeq pc, r0, fp, asr 12",1
"rsceq r0, r1, 0, 14",1
invalid,1
"andeq ip, r3, r8, ror r8",1
invalid,1
bvc 0x3077c0,1
"strdeq r0, r1, [r0], -r6",1
"stmdaeq r0, {r1, r8, sb, sp}",1
"andeq r0, r0, ip, lsr r1",1
"tsteq sb, ip, lsl 22",1
"movwhs r0, 0x2000",1
bpl 0x3c77e8,1
"streq r0, [r0], -r0",1
"andeq sp, r3, r4, lsl 6",1
"eorseq r0, lr, r0, lsl 28",1
blmi 0x1c77e8,1
"stmdavs r0, {r0, r2}",1
"strbeq r2, [r5], 0x60d",1
"strgt r0, [r8, -r0]",1
"stceq p0, c0, [r0, -0x18]",1
"andeq r8, r0, r8, lsr 10",1
"eoreq r0, r3, r0, lsl 4",1
"andeq r7, r6, r8, lsl 12",1
"cdplo p13, 2, c0, c9, c0, 0",1
"andeq r0, r0, 0",1
"strvs r0, [r8, -0x823]",1
"stceq p0, c0, [r0, -0xc]",1
"andeq sl, r0, sp, lsr 12",1
"stceq p2, c0, [r3], -0",1
"andeq sl, r3, r8, lsl 18",1
"stclt p13, c0, [pc], -0",1
"andeq r0, r0, 0",1
"cdple p0, 0, c1, c8, c3, 1",1
"stceq p0, c0, [r0, -0x10]",1
"andeq ip, r0, r0, lsr r7",1
"strtne r0, [r3], -0x200",1
"andeq sl, r2, r8, lsl 24",1
"eorsls r0, r1, r0, lsl 26",1
"andeq r0, r0, 0",1
svcvs 0x81823,1
"stceq p0, c0, [r0, -0x18]",1
"andeq sb, r0, r2, lsr fp",1
"stcne p2, c0, [r3], -0",1
"andeq pc, r6, r8, lsl 26",1
"ldrhi r0, [r3, -0xd00]!",1
"andeq r0, r0, 0",1
"stcvc p0, c2, [r8, -0x8c]",1
"stceq p0, c0, [r0, -0x18]",1
"andeq r3, r0, r4, lsr lr",1
"stmdahs r3!, {sb}",1
"andeq sb, r3, r8, lsl 12",1
"ldrt r0, [r8], -0xd00",1
"andeq r0, r0, 0",1
"strlo r3, [r8], -0x23",1
"stceq p0, c0, [r0, -0x14]",1
"andeq r0, r1, sl, lsr r3",1
"stmdalo r3!, {sb}",1
"andeq sl, r2, r8, lsl 4",1
"cdpeq p13, 3, c0, c15, c0, 0",1
"andeq r0, r0, 1",1
"stmdahs r8, {r0, r1, r5, lr}",1
"stceq p0, c0, [r0, -8]",1
"andeq sb, r3, r8, asr 30",1
"stmdami r3!, {sb}",1
"andeq lr, r6, r8, lsl 14",1
svcls 0x490d00,1
"andeq r0, r0, 3",1
"cdp p0, 0, c5, c8, c3, 1",1
"stceq p0, c0, [r0, -0]",1
"andeq sb, r3, sl, asr 30",1
"stmdapl r3!, {sb}",1
"andeq r6, r3, r8, lsl 14",1
"cmplt sl, r0, lsl 26",1
"andeq r0, r0, 0",1
"andne r6, r0, r3, lsr 32",1
"strgt r0, [r4, -0x601]",1
"streq r0, [r0], -r4",1
"andeq r5, r0, r4, lsl 20",1
"orrseq r0, r0, r0, lsl 4",1
invalid,1
"andeq r0, r0, r8, rrx",1
"andlo r0, pc, r1, lsl r4",1
"andeq r0, r0, sl, lsr r5",1
"andeq ip, r6, r2, lsl lr",1
"andne r8, r2, 0",1
"ldrdeq r0, r1, [r0], -sb",1
"ldrvs r0, [r2, -r0, lsl 9]",1
"andhi r0, r0, r1",1
"cmneq r8, r8, lsl 4",1
"addne r0, r0, r0",1
"andeq ip, r5, r2, lsl sb",1
"eorne r8, r0, 0",1
"andeq r0, r0, r3, lsr 2",1
"andne ip, r0, 0x80",1
"andeq r0, r0, r7, asr 14",1
"andne r8, r1, 0x80",1
"ldrdeq r0, r1, [r0], -lr",1
"andne r8, r2, 0x80",1
"andeq r0, r0, pc, asr r5",1
"streq r1, [fp, 0x201]!",1
"andne r0, r2, 0",1
"muleq r0, r3, r2",1
"ldrteq r1, [r7], r4, lsl 4",1
"andeq r0, r8, r0",1
"stmdalo r1, {r0, r4, sl}",1
"andeq r0, r0, r5, asr r5",1
"andeq r6, r4, r2, lsl sb",1
"cdpls p0, 1, c0, c2, c0, 0",1
invalid,1
"andeq r1, r5, r2, lsl sb",1
"movwne r0, 0x200",1
"andeq r4, r5, r1, lsl 22",1
"biceq r0, r6, r0, lsl 4",1
"andeq r5, r0, r1, lsl 20",1
"streq r0, [r1, 0x300]",1
invalid,1
"andeq r0, r0, 1",1
"cmneq r3, 0x80000031",1
"ldreq r0, [r4, -r0]",1
"andeq r0, r0, 3",1
"streq r0, [r1, 0x1c6]",1
"streq r0, [r0], -r0",1
"andeq sp, r3, r4, lsl 16",1
"mrshi r1, apsr",1
"andne r0, r0, r1",1
"orrseq r0, pc, 140, 2",1
"strge r0, [r3], -0",1
"strne r0, [r0], -r5",1
"andne r7, r0, r3, ror r4",1
"andeq sl, r5, ip, lsl 9",1
"streq r0, [r6], -0",1
"andeq r0, r0, sl, lsr 11",1
"andeq sp, r3, lr, lsl 16",1
"andle r1, r1, r0, lsl 14",1
"movweq r0, 2",1
"subseq r0, sl, pc, asr r1",1
"mrseq r0, apsr",1
"ldrdeq r0, r1, [r0], -sl",1
"andeq sp, r2, r8, lsl r8",1
ble 0x17c85d8,1
"stmdane r0, {r0, r2}",1
"andeq r0, r0, sb, ror 12",1
"cmneq r3, 3, 30",1
"andseq r0, sb, r0",1
"teqeq r1, r6, lsl 8",1
"tsteq r5, r0",1
"andeq r0, r0, ip, asr 3",1
bpl 0x5da08,1
"movweq r0, 0",1
"andeq r0, r0, sb, lsl 12",1
"cmpvs pc, 22, 30            ; 0x16",1
bpl 0x1608a08,1
invalid,1
"ldrdeq r0, r1, [r0], -r8",1
"ldrbeq r5, [sl, 0x804]",1
bne 0x7a18,1
"ldrdeq r0, r1, [r0], -r5",1
"strlo sl, [r1, -r6, lsl 2]",1
"movweq r0, 0",1
"andeq r0, r0, r5, lsr 12",1
"rsbeq r6, r8, r6, lsl r3",1
invalid,1
"strne r0, [r0, -0]",1
"andeq fp, r1, r1, lsl 30",1
"mrseq r0, spsr",1
"andeq r0, r0, sl, asr r0",1
"andeq r4, r6, r3, lsl 20",1
"rsbeq r1, r1, r0, lsl 12",1
"orrseq r4, pc, 5, 28",1
"andsvs r0, r6, 0",1
svcls 0x4e0500,1
"andeq r0, r0, r3",1
"strbeq r0, [sl, -0x113]",1
"stcgt p0, c0, [r2, -0]",1
"subseq r0, sl, r1, lsl 2",1
"strvc r0, [r3], -r0",1
"strne r0, [r0], -6",1
"andeq r0, r0, ip, lsl r1",1
"movwvc ip, 0x1d02",1
"strne r0, [r0], -3",1
"andeq r0, r0, r7, lsl 6",1
"mrshi ip, apsr",1
"andeq r0, r0, r5",1
"sbcseq r0, r1, 0xc0000005",1
"strvs r0, [r3], -r0",1
"andeq r5, r0, r1, lsl 20",1
"strls r0, [r1], -r0, lsl 6",1
"stmdane r0, {r1, r2}",1
"andeq r0, r0, sb, ror 12",1
"cmneq r3, 0x300000",1
"andseq r0, sb, r0",1
"andeq lr, r4, fp, lsl sp",1
invalid,1
"andeq sl, r6, r3, lsl 30",1
"strbeq r1, [r0], r0, lsl 16",1
"stcvs p0, c0, [r6, -0]",1
"andeq r0, r0, sl, asr r0",1
"cmpeq pc, 0, 24",1
"strlt r0, [r1], -0",1
"andeq r4, sl, r1, lsl 4",1
"addseq r8, r1, r0",1
"addseq r7, r3, r0, lsl 24",1
"rsbseq r0, sp, r0, lsl 4",1
"andeq r4, sl, r1, lsl 4",1
"rsbseq r1, r3, r0, lsl 26",1
"cmneq r3, 0x1000000",1
"andeq r0, r0, r0",1
"andshi r0, lr, r0",1
invalid,1
"strhs r0, [r0, -0x91]",1
svcne 7,1
"andeq r0, r0, fp, ror r4",1
"eoreq fp, r5, r1, lsl 12",1
"eor r0, r0, 0",1
invalid,1
"strheq r2, [r0], -r6",1
"eorhi r0, r1, r0, lsl 2",1
invalid,1
"andhs r0, r0, 0x91",1
"andeq r0, r0, ip, lsl 7",1
beq 0x1275320,1
"andeq r0, r0, r0",1
"strtvs r0, [r2], -0",1
invalid,1
"strheq r5, [r0], -r6",1
"andeq r3, r1, r0, lsl 30",1
"cdpne p0, 0, c0, c0, c0, 0",1
"muleq r0, r8, r1",1
"andeq sb, r0, ip, lsr 3",1
"andeq r0, r0, r5, ror r7",1
"andeq r7, r4, pc, lsl fp",1
"ldrhs r0, [r6, 0x100]!",1
"andhs r0, r0, 0",1
"andeq r0, r0, r2, ror 3",1
"eoreq fp, r5, r1, lsl 12",1
"orreq r0, r7, r0",1
invalid,1
invalid,1
"andhs r0, r0, 0x91",1
"andeq r0, r0, ip, lsl 7",1
beq 0x1275370,1
"moveq r0, r0",1
"strtvs r0, [r2], -0",1
invalid,1
"strheq r5, [r0], -r6",1
"andeq ip, r2, r0, lsl 26",1
"cdpne p0, 0, c0, c0, c0, 0",1
"strheq sb, [r0], -r8",1
"andeq sb, r0, ip, asr 3",1
"andeq r0, r0, r5, asr 15",1
"andeq r7, r4, pc, lsl fp",1
"ldrhs r0, [r6, 0x100]!",1
"andhs r0, r0, 0",1
"andeq r0, r0, r2, ror 3",1
"eoreq fp, r5, r1, lsl 12",1
invalid,1
invalid,1
invalid,1
"andhs r0, r0, 0x91",1
"andeq r0, r0, ip, lsl 7",1
beq 0x12753c0,1
"movteq r0, 0xc000",1
"strtvs r0, [r2], -0",1
invalid,1
"strheq r5, [r0], -r6",1
"andeq r5, r4, r0, lsl 18",1
"cdpne p0, 0, c0, c0, c0, 0",1
"ldrdeq sb, sl, [r0], -r8",1
"strdeq sb, sl, [r0], -r8",1
"andeq r0, r0, r5, lsl r8",1
"andeq r7, r4, pc, lsl fp",1
"ldrhs r0, [r7, 0x100]!",1
"andhs r0, r0, 0",1
"andeq r0, r0, r2, ror 3",1
"eoreq fp, r5, r1, lsl 14",1
"ldrteq r0, [r6], 0",1
invalid,1
invalid,1
"andhs r0, r0, 0x91",1
"andeq r0, r0, ip, lsl 7",1
beq 0x1275810,1
"ldrbeq r0, [r6], 0",1
"strtvs r0, [r2], -0",1
invalid,1
"strheq r5, [r0], -r7",1
"andeq ip, r5, r0, lsl 20",1
"cdpne p0, 0, c0, c0, c0, 0",1
"andeq sb, r0, r8, lsl 4",1
"andeq sb, r0, ip, lsl r2",1
"andeq r0, r0, sp, asr r8",1
"andeq r7, r4, pc, lsl fp",1
"ldrhs r0, [r8, 0x100]!",1
svcne 0,1
"andeq r0, r0, r2, ror 3",1
"eoreq fp, r5, r1, lsl 16",1
invalid,1
invalid,1
svcne 0x92,1
"andeq r0, r0, ip, lsl 7",1
beq 0x1275c5c,1
"strtvs r0, [r2], -0",1
invalid,1
"strheq r5, [r0], -r8",1
"andeq r6, r6, r0, lsl 28",1
"cdpne p0, 0, c0, c0, c0, 0",1
"andeq sb, r0, ip, lsr 4",1
"andeq sb, r0, r0, asr 4",1
"andeq r0, r0, r5, lsr 17",1
"andeq r7, r4, pc, lsl fp",1
"ldrhs r0, [r8, 0x100]!",1
svcne 0,1
"andeq r0, r0, r2, ror 3",1
"eoreq fp, r5, r1, lsl 16",1
"stchs p0, c0, [r1], -0",1
"mulmi r0, r2, r0",1
svcne 0x92,1
"andeq r0, r0, ip, lsl 7",1
beq 0x1275ca4,1
"strtvs r0, [r2], -0",1
invalid,1
"strheq r5, [r0], -r8",1
"andeq sp, r6, r0, lsl 8",1
"movwhs r0, 0",1
"andeq r0, r0, r8, lsr 32",1
"andeq r0, r0, r5, ror 17",1
"andeq r7, r4, pc, lsl fp",1
"ldrhs r0, [sb, 0x100]!",1
svcne 0,1
"andeq r0, r0, r2, ror 3",1
"eoreq fp, r5, r1, lsl 18",1
"eormi r0, r4, r0",1
svcne 0,1
"andeq r0, r0, ip, lsl 7",1
beq 0x12760e4,1
"strtvs r0, [r2], -0",1
invalid,1
"strheq r5, [r0], -sb",1
"andeq r3, r7, r0, lsl 20",1
"cdpne p0, 0, c0, c0, c0, 0",1
"andeq sb, r0, ip, ror r2",1
"muleq r0, r0, r2",1
"andeq r0, r0, sp, lsr 18",1
"andeq r7, r4, pc, lsl fp",1
"ldrhs r0, [sb, 0x100]!",1
svcne 0,1
"andeq r0, r0, r2, ror 3",1
"eoreq fp, r5, r1, lsl 18",1
"stcvc p0, c0, [r1], -0",1
"mulls r0, r2, r0",1
svcne 0x92,1
"andeq r0, r0, ip, lsl 7",1
beq 0x127612c,1
"strtvs r0, [r2], -0",1
invalid,1
"strheq r5, [r0], -sb",1
"andeq sl, r7, r0",1
"movwhs r0, 0",1
"andeq r0, r0, r8, asr r0",1
"andeq r0, r0, sp, ror 18",1
"andeq r7, r4, pc, lsl fp",1
"ldrhs r0, [sl, 0x100]!",1
svcne 0,1
"andeq r0, r0, r2, ror 3",1
"eoreq fp, r5, r1, lsl 20",1
"eorvc r0, r4, r0",1
svcne 0,1
"andeq r0, r0, ip, lsl 7",1
beq 0x127656c,1
"strtvs r0, [r2], -0",1
invalid,1
"strheq r5, [r0], -sl",1
"andeq r0, r8, r0, lsl 12",1
"cdpne p0, 0, c0, c0, c0, 0",1
"andeq sb, r0, ip, asr 5",1
"andeq sb, r0, ip, ror 5",1
"strheq r0, [r0], -r5",1
"andeq r7, r4, pc, lsl fp",1
"ldrhs r0, [sl, 0x100]!",1
svcne 0,1
"andeq r0, r0, r2, ror 3",1
"eoreq fp, r5, r1, lsl 20",1
"stcgt p0, c0, [r1], -0",1
invalid,1
svcne 0x92,1
"andeq r0, r0, ip, lsl 7",1
beq 0x12765b4,1
"strtvs r0, [r2], -0",1
invalid,1
"strheq r5, [r0], -sl",1
"andeq r6, r8, r0, lsl 24",1
"cdpne p0, 0, c0, c0, c0, 0",1
"andeq sb, r0, r4, asr 6",1
"andeq sb, r0, r4, asr r3",1
"strdeq r0, r1, [r0], -sp",1
"andeq r7, r4, pc, lsl fp",1
"ldrhs r0, [r8, 0x100]!",1
svcne 0,1
"andeq r0, r0, r2, ror 3",1
"eoreq fp, r5, r1, lsl 16",1
"strtmi r0, [r1], -0",1
"strpl r0, [r0], -0x93",1
svcne 0x93,1
"andeq r0, r0, ip, lsl 7",1
beq 0x1275dfc,1
"strtvs r0, [r2], -0",1
invalid,1
"strheq r5, [r0], -r8",1
"andeq sl, r8, r0, lsl 12",1
invalid,1
"andeq sb, r0, r0, ror 6",1
"andeq sb, r0, r0, ror r3",1
"andeq r7, r4, pc, lsl fp",1
"ldrhs r0, [sb, 0x100]!",1
svcne 0,1
"andeq r0, r0, r2, ror 3",1
"eoreq fp, r5, r1, lsl 18",1
"eorvs r0, r1, r0",1
"mulvc r0, r3, r0",1
svcne 0x93,1
"andeq r0, r0, ip, lsl 7",1
beq 0x1276240,1
"strtvs r0, [r2], -0",1
invalid,1
"strheq r5, [r0], -sb",1
"andeq r3, sb, r0, lsl 4",1
"andeq r0, r0, r0",1
"str r0, [r2, -r3, lsl 2]",1
"streq r0, [r0], -r4",1
"andeq r4, sl, r4, lsl 30",1
"eorseq r0, r7, r0, lsl 28",1
"stchi p0, c0, [r5, -0]!",1
invalid,1
"andmi r0, r1, 0x10000004",1
invalid,1
"strhi r0, [r0], -0x93",1
"andeq r0, r0, 0x94",1
invalid,1
"strhs r0, [r0], -sl",1
invalid,1
"cmneq r3, 0x10000004",1
invalid,1
"strhs r0, [r0, -r0]",1
"andeq r0, r0, r5, lsr r4",1
invalid,1
"andeq r0, r0, r2, asr 20",1
"andeq sb, r0, r4, lsl 9",1
"strheq sb, [r0], -r0",1
invalid,1
"andeq r5, r3, r8, lsr 10",1
invalid,1
"andeq r0, r0, r2, asr 20",1
"strheq sb, [r0], -r0",1
"strdeq sb, sl, [r0], -r4",1
"andeq r0, r0, r0, asr 20",1
"andeq r2, fp, r1, lsl 26",1
invalid,1
"strge r0, [r1, -0]",1
"andeq r0, r0, r3, ror r3",1
"andeq r0, r0, sp, ror 20",1
"andeq r8, r1, sb, lsr 20",1
"stchs p1, c0, [r5, 0]!",1
"stmdbls r0, {r0, r1, r3}",1
bhs 0x7f0c,1
"muleq r0, r7, r5",1
"bicseq sl, r8, 0x40000",1
"mrsls r0, apsr",1
svcvs 0x2b7f90,1
"stmdage r1, {r0, r1, r3, r5, r6}",1
"andeq r0, r0, r2, asr 20",1
"strpl r5, [ip, -1]!",1
"andgt r0, r0, r5",1
"mulle r0, r4, r0",1
"swpeq r0, r4, [r0]",1
"ldrbeq r2, [r4, -0xda8]!",1
"stcpl p0, c0, [r1, -0]",1
"andeq r6, r5, lr, lsr 16",1
"andeq fp, sl, r0, lsl 14",1
"ldrbls r2, [r0], 0xf00",1
"ldrbhs r0, [fp, r0]!",1
"teqeq r0, r0",1
"rsbseq r0, sp, r2, asr r2",1
"cmpeq r1, 48, 2             ; 0x30",1
"ldrshlo r0, [r0], -0x13",1
"movwlo r5, 0x1001",1
"streq r0, [r0], -r0",1
"andeq sb, r3, r4, lsl 30",1
"strbeq r3, [r8, 0x100]!",1
"strpl r0, [r1, -r0]",1
"addseq pc, r4, r1, lsl 8",1
"addseq r8, r5, r0",1
"andeq lr, sl, r0, lsl 6",1
"ldceq p1, c0, [r5], -0",1
invalid,1
invalid,1
"andeq r7, r3, r7, asr r3",1
"andeq r0, fp, r0, lsl 6",1
"rsbvc r1, r1, 0, 26",1
"strpl r0, [r1, -r7, rrx]",1
"andeq r0, r0, r3, ror r3",1
"andeq r0, r0, r1, lsr 22",1
"andeq sl, r5, r2, lsr pc",1
"addseq r0, r5, r0",1
"andeq r8, r0, r0, lsl 16",1
blge 0x1648388,1
"stchs p0, c0, [r0, -0x2c]",1
"andeq r0, r0, sp, asr 11",1
"stcle p3, c0, [ip], {6}",1
"cdphs p0, 9, c0, c15, c0, 0",1
"andeq r0, r0, r2, asr 11",1
"andeq r0, r0, pc, lsr fp",1
"addseq r2, r5, pc, lsr 32",1
"eoreq r2, r8, r0, lsl 4",1
"andpl r3, r1, 0",1
"stcle p3, c0, [ip], {5}",1
"teqeq r0, r0",1
"eorseq r0, r1, r1, asr r1",1
"streq r3, [0x000082bc]!",1
"strls r0, [r0, -0]!",1
"ldrls r0, [r4, -0]!",1
bpl 0x47fc8,1
"andeq r0, r0, sl, ror 23",1
"andeq ip, r5, sp, lsr 26",1
"cdphs p1, 5, c0, c6, c0, 0",1
"andeq r0, r0, r2, asr 11",1
"andeq r0, r0, r3, asr fp",1
"addseq r3, r5, pc, lsr 8",1
"eoreq r2, r8, r0, lsl 4",1
"movwpl r3, 0x1000",1
"andlo r7, r0, r2, lsl 10",1
"strvc r5, [r2], -r1, lsl 4",1
"mrspl r3, apsr",1
"andeq r3, r0, r1, lsl 2",1
"andeq lr, r5, r3, lsr r0",1
"addseq r3, r5, r0, lsl 16",1
"addseq r6, r5, r0",1
"mrrcne p1, 0, r0, fp, c0",1
"cdphs p0, 0, c0, c0, c12, 0",1
"strdeq r0, r1, [r0], -sp",1
"andeq r0, r0, r7, ror 22",1
"andeq pc, r5, r4, lsr r2",1
invalid,1
"strmi r0, [r0, -0x95]",1
"andlo r0, r0, r8, lsr 32",1
blo 0x5c42c,1
"ldcvs p0, c0, [r5], -0",1
"stmdbvs r0, {r0, r2, r4, r7}",1
svchs 0x28,1
"andeq sb, r0, r4, ror r5",1
"andeq r2, r0, r1, lsl 17",1
"cmpeq r0, r0, lsr r1",1
"stmdahs r0, {r1, r4, r5}",1
"andeq r0, r0, fp, lsl 12",1
"movwvc r8, 0x1201",1
"andhi r0, r0, r3",1
"strvs r0, [r0], -0x95",1
bvc 0x82b0,1
invalid,1
"andeq r0, r0, ip, asr 25",1
"andeq ip, ip, sb, lsr 6",1
"orrvc r0, r2, 0, 2",1
bls 0x8078,1
"strlo r0, [r0], -fp",1
"strhi r0, [r1], -0x70",1
"andeq r0, r0, r3, ror r3",1
"strheq r0, [r0], -r8",1
"andeq r7, r2, r2, lsr 30",1
"orrvc r0, r5, 0, 2",1
invalid,1
"strlo r0, [r0, -0xb]",1
"andeq sb, r0, ip, lsl 11",1
"muleq r0, r6, r8",1
"addseq r4, r6, r7, lsr r8",1
"eoreq sl, r8, r0, lsl 20",1
"andeq sl, ip, r0, lsl 14",1
"andpl r3, r1, 0",1
"teqeq r0, r1, lsl 10",1
"strls r0, [r3], -0x551",1
"ldrdlo r0, r1, [r0], -ip",1
"andlo r5, r1, r1",1
"ldrbls r3, [r4], -r0, lsl 14",1
invalid,1
"ldceq p0, c0, [fp], 0",1
"teqeq r0, r0",1
"rsbseq r0, r4, r0, asr r2",1
"strbtls r2, [r0], -r0, lsl 30",1
bleq 0xcc80d0,1
"teqeq r0, r0",1
"rsbseq r0, r5, r0, asr r2",1
blge 0xc480dc,1
invalid,1
"uqsub16ls r0, r4, sb",1
"strtls r0, [r8], r0",1
invalid,1
"andhs r0, r1, r0",1
"strlo r0, [r0, -sp]",1
"andeq sb, r0, r8, ror r6",1
"andeq r2, r0, sl, lsr 17",1
"andeq r0, r0, r6, lsl 26",1
"cmpeq r2, r0, lsr r1",1
invalid,1
"stcle p3, c0, [r8], 0x14",1
"teqeq r0, r0",1
"eorseq r0, r0, r0, asr r1",1
"addseq sb, r6, r5, lsr r4",1
"eoreq ip, r8, r0, lsl 24",1
"strtls r2, [r0], r0, lsl 30",1
bleq 0xcc8124,1
"teqeq r0, r0",1
"rsbseq r0, r4, r0, asr r2",1
bne 0xc48130,1
invalid,1
"strtls r0, [r8], r5, ror 2",1
"ldrbls r0, [r8], r0",1
"ldceq p0, c0, [r5], -0",1
"andpl r0, r1, r0",1
"stcne p0, c0, [r0, -0x34]",1
"strvs r0, [r1, -0x66]",1
"andeq r0, r0, r2, asr 20",1
"andeq r0, r0, r5, asr ip",1
"addseq sp, r6, r5, lsr r4",1
"andeq ip, ip, r0, lsl 24",1
"ldrtne r0, [r1], -0",1
invalid,1
"ldrbls r0, [r8], lr, ror 2",1
"ldrbtls r0, [ip], r0",1
"ldcleq p0, c0, [r6], -0",1
invalid,1
svchs 0xd,1
"andeq sb, r0, r4, ror 13",1
"andeq r0, r0, r0, lsr 26",1
"cmpeq r0, r0, lsr r1",1
"stmdalo r0, {r0, r4, r5}",1
"andeq r0, r0, fp, lsl 9",1
invalid,1
"andeq r0, r0, r2, asr 20",1
"strdeq sb, sl, [r0], -ip",1
"andeq sb, r0, r4, ror 26",1
"muleq r0, r6, ip",1
"andseq ip, r2, r1, lsl 6",1
"strbeq r3, [sp], -0x900",1
invalid,1
"andeq sp, r3, r1, lsl 16",1
"ldmhi r1, {r8, sb}",1
"ldrbeq r3, [r5, -0xa7f]",1
invalid,1
invalid,1
"strls r0, [r1, -r0]",1
"andeq lr, sp, r1, lsl 6",1
"ldrbeq r2, [r4, -0xe00]!",1
"stcleq p0, c0, [r3], {0}",1
invalid,1
"strle r0, [r0], -r5",1
svchs 0xc,1
"andeq sb, r0, r8, lsl r8",1
"strdeq r2, r3, [r0], -fp",1
"subseq r0, r2, 48, 2",1
"teqeq r0, sp, ror r0",1
"eorseq r0, r3, r0, asr r1",1
"ldmls ip, {sb, sl, fp, ip}",1
invalid,1
"cdpeq p0, 6, c0, c8, c0, 0",1
bvc 0xec8200,1
invalid,1
"orreq r0, sb, 0xc000002a",1
"ldcleq p0, c0, [r5], 0",1
"teqpl fp, r0",1
invalid,1
"orreq r0, sb, 172, 2",1
"stceq p0, c0, [r8, -0]",1
"ldrpl r0, [sl, -0]!",1
invalid,1
invalid,1
"swpeq r0, r8, [r0]",1
"cdpeq p1, 4, c0, c12, c8, 5",1
"strtvc r0, [lr], -0",1
"stcne p0, c0, [r0, -0x14]",1
"cdphs p0, 0, c0, c0, c13, 0",1
"andeq r0, r0, r8, ror 10",1
"andeq r0, r0, r0, lsr sp",1
"addseq fp, r8, pc, lsr 24",1
"eoreq pc, r7, r0, lsl 22",1
"andpl r3, r1, 0",1
"andlo r7, r0, r2, lsl 26",1
"movwlo r5, 0x1001",1
"eorsge r0, r5, r0",1
"mulpl r0, r8, r0",1
"strlo r0, [r0, -0xd]",1
"andeq sb, r0, ip, asr 17",1
"andeq r2, r0, r4, ror 17",1
"addseq sp, r8, r5, lsr ip",1
"eoreq pc, r8, r0, lsl 4",1
"andsne r0, lr, r0",1
"strhi r0, [r0], -0x99",1
"stc p0, c0, [r0, -0x264]",1
bllo 0x82bc,1
"andeq r0, r0, sb, asr 12",1
"cdpvc p6, 0, c11, c1, c1, 0",1
svcmi 3,1
bllo 0x82c8,1
"strdeq r0, r1, [r0], -r6",1
"cdpvc p7, 0, c11, c1, c1, 0",1
"andvs r0, r0, 3",1
blo 0x82d8,1
"andeq r0, r0, r5, asr r5",1
"andeq sb, r0, r0, lsr 18",1
"andeq sb, r0, r0, lsr sb",1
invalid,1
"cdphs p0, 0, c0, c0, c14, 0",1
"andeq r0, r0, r4, ror r5",1
"andeq r0, r0, r7, ror sp",1
"andeq r6, r5, lr, lsr 16",1
"andeq r8, sp, r0, lsl 20",1
"ldmdbls r0!, {r8, sb, sl, fp, sp}",1
"ldrbhs r0, [fp, r0]!",1
"teqeq r0, r0",1
"rsbseq r0, sp, r2, asr r2",1
"cmpeq r0, r0, lsr r1",1
"strlo r0, [r0, -0x33]",1
"andeq sb, r0, r4, lsl sb",1
"andeq r0, r0, r0, asr sp",1
"addseq r4, sb, r5, lsr r0",1
"eoreq lr, r8, r0, lsl 8",1
"ldmdbls r0, {r8, sl, ip, sp} ^",1
invalid,1
blo 0x82fc,1
"andeq r0, r0, r5, asr r5",1
"muleq r0, r4, sb",1
"andeq sb, r0, r4, lsr 19",1
"stmdbhs r1, {r0, r8, sb, sl, fp, ip, sp, pc}",1
"cdphs p0, 0, c0, c0, c15, 0",1
"andeq r0, r0, r4, ror r5",1
"andeq r0, r0, sb, lsr 27",1
"andeq r6, r5, lr, lsr 16",1
"andeq fp, sp, r0, lsl 24",1
"stmibls r4!, {r8, sb, sl, fp, sp}",1
"ldrbhs r0, [fp, r0]!",1
"teqeq r0, r0",1
"rsbseq r0, sp, r2, asr r2",1
"cmpeq r0, r0, lsr r1",1
blo 0x8404,1
"andeq r0, r0, r5, asr r5",1
"andeq sb, r0, r0, ror 19",1
"strdeq sb, sl, [r0], -r0",1
"strvs ip, [r1, -0x401]",1
"cdphs p0, 0, c0, c0, c15, 0",1
"andeq r0, r0, r4, ror r5",1
"ldrdeq r0, r1, [r0], -fp",1
"andeq r6, r5, lr, lsr 16",1
"andeq lr, sp, r0, lsl 28",1
"ldmibls r0!, {r8, sb, sl, fp, sp} ^",1
"ldrbhs r0, [fp, r0]!",1
"teqeq r0, r0",1
"rsbseq r0, sp, r2, asr r2",1
"cmpeq r0, r0, lsr r1",1
blo 0x8440,1
"andeq r0, r0, r5, asr r5",1
"andeq sb, r0, ip, lsr 20",1
"andeq sb, r0, ip, lsr sl",1
"mrsge ip, apsr",1
"cdphs p0, 0, c0, c0, c15, 0",1
"andeq r0, r0, r4, ror r5",1
"andeq r0, r0, sp, lsl 28",1
"andeq r6, r5, lr, lsr 16",1
"andeq r2, lr, r0",1
bls 0xf13f9c,1
"ldrbhs r0, [fp, r0]!",1
"teqeq r0, r0",1
"rsbseq r0, sp, r2, asr r2",1
"cmpeq r0, r0, lsr r1",1
blo 0x847c,1
"andeq r0, r0, r5, asr r5",1
"andeq sb, r0, ip, ror sl",1
"andeq sb, r0, ip, lsl 21",1
"stcle p14, c12, [r1, -4]",1
"cdphs p0, 0, c0, c0, c15, 0",1
"andeq r0, r0, r4, ror r5",1
"andeq r0, r0, pc, lsr lr",1
"andeq r6, r5, lr, lsr 16",1
"andeq r5, lr, r0, lsl 4",1
bls 0xfe313fd8,1
"ldrbhs r0, [fp, r0]!",1
"teqeq r0, r0",1
"rsbseq r0, sp, r2, asr r2",1
"cmpeq r0, r0, lsr r1",1
blo 0x84b8,1
"andeq r0, r0, r5, asr r5",1
"andeq sb, r0, r8, asr 21",1
"ldrdeq sb, sl, [r0], -r8",1
"stmdbne r1, {r0, r8, sb, ip, lr, pc}",1
"mcrhs p0, 0, r0, c0, c0, 0",1
"andeq r0, r0, r4, ror r5",1
"andeq r0, r0, r1, ror lr",1
"andeq r6, r5, lr, lsr 16",1
"andeq r8, lr, r0, lsl 8",1
bls 0xff614014,1
"ldrbhs r0, [fp, r0]!",1
"teqeq r0, r0",1
"rsbseq r0, sp, r2, asr r2",1
"cmpeq r0, r0, lsr r1",1
blo 0x84f4,1
"andeq r0, r0, r5, asr r5",1
"andeq sb, r0, r4, lsl fp",1
"andeq sb, r0, r4, lsr 22",1
"strpl sp, [r1, -0x801]",1
"mcrhs p0, 0, r0, c0, c0, 0",1
"andeq r0, r0, r4, ror r5",1
"andeq r0, r0, r3, lsr 29",1
"andeq r6, r5, lr, lsr 16",1
"andeq fp, lr, r0, lsl 12",1
blls 0x914050,1
"ldrbhs r0, [fp, r0]!",1
"teqeq r0, r0",1
"rsbseq r0, sp, r2, asr r2",1
"cmpeq r0, r0, lsr r1",1
blo 0x8530,1
"andeq r0, r0, r5, asr r5",1
"andeq sb, r0, r0, ror 22",1
"andeq sb, r0, r0, ror fp",1
"mrsls sp, apsr",1
"mcrhs p0, 0, r0, c0, c0, 0",1
"andeq r0, r0, r4, ror r5",1
"ldrdeq r0, r1, [r0], -r5",1
"andeq r6, r5, lr, lsr 16",1
"andeq lr, lr, r0, lsl 16",1
blls 0x1c1408c,1
"ldrbhs r0, [fp, r0]!",1
"teqeq r0, r0",1
"rsbseq r0, sp, r2, asr r2",1
"cmpeq r0, r0, lsr r1",1
blo 0x856c,1
"andeq r0, r0, sl, asr 12",1
"andeq sb, r0, ip, lsr 23",1
"strheq sb, [r0], -ip",1
"stcgt p5, c14, [r1, -4]",1
"mcrhs p0, 0, r0, c0, c0, 0",1
"andeq r0, r0, sb, ror 12",1
"andeq r0, r0, r7, lsl 30",1
"andeq r5, r6, lr, lsr 26",1
"andeq r1, pc, r0, lsl 20",1
blls 0xfef140c8,1
invalid,1
"teqeq r0, r0",1
"rsbseq r0, sp, r2, asr r2",1
"cmpeq r0, r0, lsr r1",1
blo 0x85a8,1
"andeq r0, r0, r5, asr r5",1
"strdeq sb, sl, [r0], -r8",1
"andeq sb, r0, r8, lsl 24",1
"stmdbeq r1, {r0, sb, fp, sp, lr, pc}",1
"mcrhs p0, 0, r0, c0, c1, 0",1
"andeq r0, r0, r4, ror r5",1
"andeq r0, r0, sb, lsr pc",1
"andeq r6, r5, lr, lsr 16",1
"andeq r4, pc, r0, lsl 24",1
invalid,1
"ldrbhs r0, [fp, r0]!",1
"teqeq r0, r0",1
"rsbseq r0, sp, r2, asr r2",1
"cmpeq r0, r0, lsr r1",1
blo 0x85e4,1
"andeq r0, r0, r5, asr r5",1
"andeq sb, r0, r4, lsr ip",1
"andeq sb, r0, r4, asr 24",1
"strmi lr, [r1, -0xf01]",1
"mcrhs p0, 0, r0, c0, c1, 0",1
"andeq r0, r0, r4, ror r5",1
"andeq r0, r0, fp, ror 30",1
"andeq r6, r5, lr, lsr 16",1
"andeq r7, pc, r0, lsl 28",1
"mcrrls p15, 0, r2, r4, c0",1
"ldrbhs r0, [fp, r0]!",1
"teqeq r0, r0",1
"rsbseq r0, sp, r2, asr r2",1
"cmpeq r0, r0, lsr r1",1
blo 0x8620,1
"andeq r0, r0, r5, asr r5",1
"andeq sb, r0, r0, ror ip",1
"andeq sb, r0, r0, lsl 25",1
"mrshi pc, apsr",1
"mcrhs p0, 0, r0, c0, c1, 0",1
"andeq r0, r0, r4, ror r5",1
"muleq r0, sp, pc",1
"andeq r6, r5, lr, lsr 16",1
"andeq fp, pc, r0",1
"stcls p15, c2, [r0], {0}",1
"ldrbhs r0, [fp, r0]!",1
"teqeq r0, r0",1
"rsbseq r0, sp, r2, asr r2",1
"cmpeq r0, r0, lsr r1",1
"mcrne p0, 0, r0, c0, c3, 1",1
"muleq r0, ip, ip",1
"andeq sb, r0, r8, lsl 26",1
"strdeq r1, r2, [r0], -r0",1
"rsbeq r6, r4, ip, lsr r6",1
"stcle p9, c15, [r1, -4]",1
svcgt 0,1
invalid,1
"rsbeq r7, r7, r1, ror 4",1
"movwvc pc, 0x1a01",1
"and r0, r0, 3",1
"strlo r0, [r0, -0xf]",1
"andeq sb, r0, r0, lsr 25",1
"andeq r0, r0, r0, asr sp",1
"addseq fp, ip, r5, lsr r4",1
"andeq r3, ip, r0, lsl 10",1
"ldcls p5, c3, [ip], 0",1
invalid,1
"ldrtle r0, [r7], -0",1
invalid,1
"str r0, [r0], -sb, lsr 32",1
"andlo r0, r0, r1, lsl r0",1
blo 0x5cdec,1
"cmpeq r1, r0, lsr r1",1
"andpl r3, r1, r0, lsr r0",1
"andeq r7, r0, r2, lsl 10",1
"addseq pc, ip, r5, lsr r4",1
"eoreq r5, sb, r0, lsl 18",1
"ldc2 p0, c0, [r5], -0",1
"mulpl r0, r7, r0",1
"strlo r0, [r0, -0xd]",1
"andeq sb, r0, r8, lsr 16",1
"andeq r0, r0, r0, asr sp",1
"addseq r4, r8, r7, lsr r0",1
"eoreq r7, sb, r0, lsl 4",1
"andseq r1, r2, r0, lsl 10",1
"mrspl r3, apsr",1
"strlo r3, [r0, -0x401]",1
"andeq sb, r0, r0, asr r8",1
"andeq r0, r0, r0, asr sp",1
"addseq r6, r8, r7, lsr r8",1
"eoreq r7, sb, r0, lsl 4",1
"andseq r3, r2, r0, lsl 2",1
"mrspl r3, apsr",1
"strlo r3, [r0, -0x201]",1
"andeq sb, r0, r8, ror r8",1
"andeq r0, r0, r0, asr sp",1
"addseq sb, r8, r7, lsr r0",1
"eoreq r7, sb, r0, lsl 4",1
"andseq r4, r2, r0, lsl 26",1
"mrspl r3, apsr",1
"strlo r3, [r0, -0x101]",1
"andeq sb, r0, r8, lsl 19",1
"andeq r0, r0, r0, asr sp",1
"addseq sp, sb, r5, lsr r4",1
"andeq r5, sp, r0",1
bls 0x815a70,1
"ldcleq p0, c0, [r0, -0]",1
"eorsvc r0, r5, r0",1
"mulpl r0, sl, r0",1
"strlo r0, [r0, -0xd]",1
"strheq sb, [r0], -ip",1
"andeq r0, r0, r0, asr sp",1
"addseq r0, fp, r5, lsr r8",1
"andeq r5, sp, r0",1
blls 0x1515a94,1
"ldcleq p0, c0, [r0, -0]",1
"eorsge r0, r5, r0",1
"mulpl r0, fp, r0",1
"strlo r0, [r0, -0xd]",1
"andeq sb, r0, ip, ror 23",1
"andeq r0, r0, r0, asr sp",1
"addseq r2, ip, r5, lsr r8",1
"andeq r5, sp, r0",1
"stclls p5, c3, [r4], -0",1
"ldcleq p0, c0, [r0, -0]",1
"ldceq p0, c0, [r5], -0",1
"mulpl r0, sp, r0",1
"strlo r0, [r0, -0xd]",1
"andeq sb, r0, r0, lsr sp",1
"andeq r0, r0, r0, asr sp",1
invalid,1
"andne r0, r1, r0",1
beq 0x1088ae0,1
"stclls p0, c0, [r4, -0]!",1
"addsge r0, ip, 0",1
"andne r0, r0, r0",1
invalid,1
"stclo p0, c0, [r0, -0x5c]",1
"strheq r0, [r0], -r3",1
"andmi r1, r1, 1",1
"stchs p0, c0, [r0, -0x28]",1
invalid,1
invalid,1
"subseq r0, sl, r2, lsl r1",1
"subne r0, lr, r0",1
"ldcmi p0, c0, [sb, -0]!",1
invalid,1
"bicseq r0, r8, 0xc0000004",1
"mrsls r0, apsr",1
bls 0xe68520,1
invalid,1
"bicseq r0, r8, 0xc0000004",1
"mrsls r0, apsr",1
svc 0x3b7e98,1
invalid,1
beq 0x1088b8c,1
"adcsne r0, pc, r0",1
invalid,1
invalid,1
"strhi r0, [r0], -0x9d",1
"mcrlo p0, 0, r0, c0, c3, 0",1
"andeq r0, r0, fp, ror r4",1
"strhs r1, [r1, -0xb01]",1
bllo 0x8758,1
"andeq r0, r0, r2, ror 3",1
"strhs r1, [r1, -0xb01]",1
"cdple p0, 0, c0, c0, c0, 0",1
invalid,1
"muleq r0, ip, sp",1
"andeq sb, r0, ip, asr 27",1
"andeq r8, r3, fp, lsr ip",1
"tsteq fp, r0, lsl 2",1
"andeq r0, r0, sb, asr 20",1
"strdeq r1, r2, [r0], -r2",1
"andeq r6, r2, fp, lsr r4",1
"tsteq fp, r0, lsl 2",1
"andeq r0, r0, sl, asr r0",1
"andeq r1, r0, sl, lsl r1",1
invalid,1
invalid,1
blmi 0x8a18,1
"stmdblo r0, {r2, r4}",1
"muleq r0, r1, r3",1
"stmdbgt r1, {r0, sl, fp, sp}",1
"movweq r0, 0x17",1
"ldmdblo sp!, {r0, r4, r7, fp, sp, lr, pc} ^",1
"andeq r0, r0, r8, asr r1",1
"stmdbgt r1, {r0, r8, sl, fp, sp}",1
"movweq r0, 0x17",1
"ldcllo p0, c8, [lr], -0x244",1
"cdphs p0, 0, c0, c1, c12, 3",1
"andeq r7, r3, r1, lsl 6",1
"andseq r8, r1, r0, lsl 8",1
"rsbseq r3, r2, r0, lsl 24",1
"movwvc r3, 0x1101",1
"strls r0, [r0, -r3]",1
invalid,1
"rsbseq r6, r0, r3, ror 26",1
bpl 0x557e8,1
bge 0x87e8,1
bllo 0x8830,1
"strheq r0, [r0], -r3",1
"andmi r3, r1, 0x400000",1
"movwle r0, 0xa",1
"strlo r0, [r0, -0x11]",1
"andeq sb, r0, r0, ror lr",1
"muleq r0, r0, sb",1
"addseq r7, lr, r7, lsr ip",1
"eoreq sl, sb, r0, lsl 18",1
"andseq r0, r4, r0, lsl 20",1
"andpl r3, r1, 0",1
"andeq r7, r0, r2, lsl 26",1
"addseq sb, lr, r5, lsr r0",1
"andeq r3, ip, r0, lsl 10",1
"cdpls p5, 0xb, c3, c0, c0, 0",1
invalid,1
"ldclt p0, c0, [r7], -0",1
"stmdbge r0, {r1, r2, r3, r4, r7}",1
invalid,1
"andlo r0, r0, r4, lsl r0",1
invalid,1
"strlo r7, [r0, -0xdf8]",1
"ldrdeq sb, sl, [r0], -r8",1
"andeq r0, r0, r5, lsr ip",1
"addseq lr, lr, pc, lsr 8",1
"eoreq ip, sb, r0, lsl 12",1
"andpl r3, r1, r0",1
"andeq r7, r0, r2, lsl 10",1
svcls 0x901e00,1
"eorsge r0, r8, r0",1
"ldrne r0, [r5, -0]",1
"ldcvs p0, c0, [pc], -0",1
"strmi r0, [r1, -0x74]",1
"andeq sb, r3, r1, lsl 30",1
"ldm r1, {r8, sb}",1
"ldrbtvc r3, [r2], -0xf7d",1
"mrseq r0, spsr",1
"muleq r0, pc, r3",1
"cdpvc p1, 8, c9, c0, c3, 0",1
"rsbeq r6, r5, ip, lsr ip",1
"andmi r4, r1, 0x100000",1
invalid,1
invalid,1
invalid,1
beq 0x1088db4,1
"andsne r0, sp, 0",1
"ldrhs r0, [sl, -0]!",1
invalid,1
"andlo r0, r0, r0, lsr 1",1
"smlatbeq r0, r0, r0, r0",1
"ldrtne r0, [fp], 0x14c",1
"eormi r0, lr, r0",1
"andlo r0, r0, r6",1
"mcrhs p0, 0, r0, c0, c2, 0",1
"andeq r0, r0, r7, lsr r6",1
"andeq r1, r0, r7, asr r2",1
svcls 0xb83700,1
invalid,1
"ldrbne r0, [ip], 0",1
"teqeq r0, r0",1
"eorslo r0, r5, r2, asr r1",1
"movweq r5, 0x5101",1
"andeq sp, r0, r4, asr 25",1
"cmpeq r0, r0, lsr r1",1
"eorsgt r0, r7, r0, lsr r0",1
"movwlo r0, 0x9f",1
svc 0xb,1
"andlo r0, r0, r4, lsl r0",1
"andlo r5, r1, r1, lsl 2",1
svcls 0xd03700,1
beq 0xfe688904,1
"strne r0, [r3, -0]",1
"teqeq r0, r0",1
"rsbseq r0, sp, r1, asr r2",1
svcls 0xe42f00,1
beq 0xfe688918,1
"teqeq r0, r0",1
invalid,1
blo 0x8b18,1
"andeq r0, r0, r5, asr r5",1
"andeq sl, r0, r4, lsl 1",1
"muleq r0, r4, r0",1
"cdpmi p7, 0, c5, c1, c1, 0",1
"mcrhs p0, 0, r0, c0, c5, 0",1
"andeq r0, r0, r4, ror r5",1
"muleq r0, r0, r2",1
"andeq r6, r5, r0, asr 16",1
"addsge r2, r4, r0, lsl 30",1
"ldrbhs r0, [fp, r0]!",1
"teqeq r0, r0",1
invalid,1
"andpl r3, r1, lr, ror r0",1
"andeq r3, r0, r1, lsl 6",1
"andeq r5, r5, sl, lsr r5",1
"adceq sl, r0, r0, lsl 8",1
"adceq fp, r0, r0, lsl 8",1
"cmpeq r8, r0, lsl 2",1
"andeq r1, r0, fp, lsl 11",1
"andeq r7, r5, lr, lsr 8",1
"andseq fp, r2, r0, lsl 30",1
"strbeq r2, [r8, -0xe00]!",1
"rscne r0, lr, 0",1
"strtlt r0, [pc], -0",1
blx 0x8c0a,1
"andlo r0, r0, r7, lsr 32",1
invalid,1
invalid,1
"eorseq r0, r3, r0, asr r1",1
invalid,1
"bicge r0, r4, r0",1
"ldrbne r0, [r5], -r0",1
"ldcvs p0, c0, [pc], -0",1
"andvs r0, r1, 0x74",1
"andeq sb, r3, r1, lsl 30",1
"ldm r1, {r8, sb}",1
"ldrbtvc r3, [r2], -0xf7d",1
invalid,1
"muleq r0, pc, r3",1
"cdpvc p1, 8, c9, c0, c3, 0",1
"rsbeq r6, r5, ip, lsr ip",1
"andmi r6, r1, 0x4000000",1
"stmdane r0, {r1, r3}",1
invalid,1
invalid,1
beq 0x1088f68,1
"teqne r6, 0",1
"ldrhs r0, [sl, -0]!",1
"andge r0, r0, r6",1
invalid,1
"smlatbeq r0, r1, r0, r0",1
"ldrbne r0, [fp, 0x169]!",1
"eormi r0, lr, r0",1
"stmdbmi r0, {r1, r2}",1
"mcrhs p0, 0, r0, c0, c3, 0",1
"andeq r0, r0, r7, lsr r6",1
"andeq r1, r0, r0, ror r3",1
invalid,1
invalid,1
"ldrne r0, [ip], -r0",1
"teqeq r0, r0",1
"eorslo r0, r5, r2, asr r1",1
"movweq r5, 0x5101",1
"strdeq sp, lr, [r0], -r4",1
"cmpeq r0, r0, lsr r1",1
"ldrtpl r0, [r7], -0x30",1
"movwlo r0, 0xa1",1
svchs 0xb,1
"andlo r0, r0, r6, lsl r0",1
"andlo r5, r1, r1, lsl 2",1
invalid,1
beq 0xfe688a44,1
"strbne r0, [r3], -r0",1
"teqeq r0, r0",1
"rsbseq r0, sp, r1, asr r2",1
"cmnge r8, r0, lsl 30",1
beq 0xfe688a58,1
"teqeq r0, r0",1
invalid,1
"mcrne p0, 0, r0, c0, c13, 3",1
"andeq sl, r0, r4, lsl 4",1
"andeq sl, r0, r0, lsr r2",1
"muleq r0, lr, r6",1
"andeq r1, fp, fp, lsr sp",1
"cmneq r5, r0, lsl 2",1
"andeq r0, r0, r2, asr 20",1
"andeq r1, r0, sb, lsr 7",1
"adceq r0, r2, r1, lsr 8",1
"adceq r1, r2, r0, lsl 24",1
"ldrbteq r3, [fp], -0xe00",1
"strvc r0, [r1, -0]",1
"andeq r2, r0, r1, lsl 10",1
invalid,1
"strvc r0, [r1, -0]",1
"andeq r2, r0, r1, lsl 10",1
"andsge r3, ip, 0, 10",1
invalid,1
"andeq r0, r0, r0",1
"adceq r3, r2, lr, lsl r0",1
"adceq r4, r2, r0, lsl 8",1
"andseq pc, r6, r0, lsl 4",1
"ldrbteq r3, [fp], -0xe00",1
bvc 0x48ac0,1
"andeq r2, r0, r1, lsl 10",1
invalid,1
bvc 0x48acc,1
"andeq r2, r0, r1, lsl 10",1
"andseq fp, r3, r0, lsl 24",1
"eorsge r2, r0, 0, 2",1
"subge r0, r4, 0",1
"ldchi p0, c0, [fp], -0",1
invalid,1
beq 0x12490d0,1
"bicsne r0, r0, 0",1
"ldrtvs r0, [fp], -0",1
invalid,1
"subseq r0, sl, sl, ror r1",1
invalid,1
"andeq r0, r0, r0",1
"adceq r5, r2, lr, lsl r0",1
"adceq r7, r2, r0, lsl 24",1
"andseq r3, r7, r0, lsl 22",1
bleq 0x757710,1
invalid,1
"andeq r4, sl, r1, lsl 4",1
"andseq r4, r4, r0, lsl 28",1
"subsge r2, r0, 0, 2",1
"rsbge r0, r8, 0",1
blvc 0xf88b28,1
invalid,1
"eoreq r0, r5, ip, ror r1",1
"eors r0, lr, 0",1
invalid,1
"eoreq r0, r5, ip, ror r1",1
invalid,1
"movw r0, 0xa2",1
"andeq r0, r0, sb, lsr 32",1
"ldclls p7, c3, [ip, -0]!",1
"stceq p0, c0, [r0, -0]!",1
"strbne r0, [lr, -r0]",1
"teqeq r0, r0",1
"eorseq r0, r0, r0, asr r1",1
"addseq lr, sp, r7, lsr r4",1
"andeq r2, sp, r0",1
"andseq r6, r7, r0, lsl 2",1
"andpl r3, r1, r0",1
"strlo r3, [r0, -r1]",1
"andeq sl, r0, r8, ror r0",1
"andeq r2, r0, sl, lsr 17",1
"andeq r1, r0, r2, lsl 15",1
"cmpeq r2, r0, lsr r1",1
invalid,1
"ldclle p3, c0, [ip], {5}",1
"teqeq r0, r0",1
"eorseq r0, r0, r0, asr r1",1
"adceq r8, r0, r7, lsr r0",1
"andeq r3, fp, r0, lsl 6",1
"andseq sb, r7, r0, lsl 10",1
"mrspl r3, apsr",1
"strlo r3, [r0, -r1]",1
"ldrdeq sl, fp, [r0], -r4",1
"andeq r2, r0, sl, lsr 17",1
"strheq r1, [r0], -r6",1
"cmpeq r2, r0, lsr r1",1
invalid,1
"stcle p3, c0, [ip, -0x14]",1
"teqeq r0, r0",1
"eorseq r0, r0, r0, asr r1",1
"adceq sp, r1, r5, lsr ip",1
"andeq r3, fp, r0, lsl 6",1
"addge r3, r0, 0, 10",1
bhs 0x108bd4,1
bleq 0x8bd8,1
"andeq r0, r0, sl, lsr 2",1
"ldrdeq r1, r2, [r0], -sb",1
"andeq lr, r0, ip, lsl 30",1
"stmdalo r0, {sl, ip}",1
"andeq r0, r0, r6, lsr 10",1
invalid,1
"andeq r0, r0, r2, asr 20",1
"muleq r0, ip, r2",1
"andeq sl, r0, r8, lsr r3",1
"andeq r1, r0, r5, ror 8",1
"andseq fp, r8, r1, lsl 20",1
bleq 0x757808,1
invalid,1
"andeq r4, sl, r2, lsl 4",1
"andseq r8, r4, r0, lsl 10",1
"adcge r1, r0, 0, 28",1
"adcsge r0, ip, 0",1
invalid,1
blvc 0xf88c24,1
invalid,1
"eoreq r0, r5, lr, asr r2",1
"sub r0, r1, 0",1
invalid,1
"eoreq r0, r5, lr, asr r2",1
"mrshs r0, apsr",1
"andeq sl, r0, r0, lsr 5",1
"strheq sl, [r0], -ip",1
"andeq r8, r3, fp, lsr ip",1
"subseq r0, lr, 0, 2",1
"andeq r0, r0, sb, asr 20",1
"andeq r1, r0, r3, lsr 9",1
"andeq r6, r2, fp, lsr r4",1
"subseq r0, lr, 0, 2",1
"andeq r0, r0, sl, asr r0",1
"ldrdeq r1, r2, [r0], -sp",1
"eorsle r0, r7, r0",1
"andhs r0, r0, r2, lsr 1",1
blvs 0x8ca4,1
"andlo r0, r0, r8, lsl r0",1
"andlo r5, r1, r1",1
"sbcsge r3, r4, 0, 10",1
beq 0xfe048c80,1
"ldrteq r0, [r5], -0",1
"strpl r0, [r0], -0xa3",1
"strlo r0, [r0, -0xa]",1
"andeq sl, r0, r0, lsl r3",1
"andeq r0, r0, sb, ror sp",1
"adceq r2, r3, r7, lsr r4",1
"eoreq sl, r8, r0, lsl 20",1
"andseq sl, r8, r0, lsl 14",1
"andpl r3, r1, 0",1
"teqeq r0, r1, lsl 10",1
"strhs r0, [r3], -0x551",1
"ldrdlo r0, r1, [r0], -sp",1
"andlo r5, r1, r1",1
invalid,1
bleq 0xcc8cbc,1
"eorslo r0, r5, r0",1
invalid,1
"andeq r0, r0, ip",1
"andeq r1, r7, r8, lsr r4",1
"rsbseq r0, r2, 0, 2",1
"andeq r4, sl, r1, lsl 4",1
"adceq r3, r3, r0, lsl 16",1
"adceq r6, r4, r0, lsl 8",1
"andseq r3, r5, r0, lsl 26",1
blne 0xa890e4,1
"ldcne p0, c0, [fp, -0]!",1
invalid,1
beq 0x10896c0,1
"ldrbne r0, [sp, -0]",1
"andsvc r0, lr, r0",1
"andhi r0, r0, r3, lsr 1",1
invalid,1
"mcrlo p0, 0, r0, c0, c9, 0",1
"andeq r0, r0, fp, ror r4",1
"strhs r7, [r2, -0x801]",1
bllo 0x8d10,1
"andeq r0, r0, r2, ror 3",1
"strhs r7, [r2, -0x801]",1
"strge r0, [r0, -r0]",1
invalid,1
"andeq sl, r0, r0, ror r3",1
"andeq sl, r0, r0, lsl 7",1
"andeq r8, r3, fp, lsr ip",1
"rsbseq r0, r8, 0, 2",1
"andeq r0, r0, sb, asr 20",1
"strheq r1, [r0], -fp",1
"andeq r6, r2, fp, lsr r4",1
"rsbseq r0, r8, 0, 2",1
"andeq r0, r0, sl, asr r0",1
"andeq r1, r0, lr, lsr 12",1
"ldrge r0, [lr], -0",1
invalid,1
"andls r0, r0, r3, lsr 1",1
"mcrlo p0, 0, r0, c0, c9, 0",1
"andeq r0, r0, fp, ror r4",1
"strhs r7, [r2, -0xd01]",1
bllo 0x8d64,1
"andeq r0, r0, r2, ror 3",1
"strhs r7, [r2, -0xd01]",1
invalid,1
invalid,1
"andeq sl, r0, r4, lsr 7",1
"andeq sl, r0, ip, lsr 7",1
"andeq r8, r3, fp, lsr ip",1
"rsbseq r0, sp, 0, 2",1
"andeq r0, r0, sb, asr 20",1
"muleq r0, ip, r6",1
"andeq r6, r2, fp, lsr r4",1
"rsbseq r0, sp, 0, 2",1
"andeq r0, r0, sl, asr r0",1
"ldrdeq r1, r2, [r0], -r1",1
invalid,1
invalid,1
"str r0, [r0], -0xa3",1
"mcrlo p0, 0, r0, c0, c9, 0",1
"andeq r0, r0, fp, ror r4",1
"strhs r7, [r2, -0xd01]",1
bllo 0x8db8,1
"andeq r0, r0, r2, ror 3",1
"strhs r7, [r2, -0xd01]",1
"stcne p0, c0, [r0, -0]",1
invalid,1
"strheq sl, [r0], -r8",1
"andeq sl, r0, ip, asr 7",1
"andeq r8, r3, fp, lsr ip",1
"rsbseq r0, sp, 0, 2",1
"andeq r0, r0, sb, asr 20",1
"andeq r1, r0, r1, lsr r7",1
"andeq r6, r2, fp, lsr r4",1
"rsbseq r0, sp, 0, 2",1
"andeq r0, r0, sl, asr r0",1
"andeq r1, r0, r5, asr r7",1
invalid,1
invalid,1
"stmdalo r0, {r2, r5, r7}",1
"mcrlo p0, 0, r0, c0, c10, 0",1
"andeq r0, r0, fp, ror r4",1
"strhs r8, [r2, -0x301]",1
bllo 0x8e0c,1
"andeq r0, r0, r2, ror 3",1
"strhs r8, [r2, -0x301]",1
invalid,1
invalid,1
"strdeq sl, fp, [r0], -r4",1
"andeq sl, r0, ip, lsl 8",1
"andeq r8, r3, fp, lsr ip",1
"addeq r0, r3, 0, 2",1
"andeq r0, r0, sb, asr 20",1
"strheq r1, [r0], -r0",1
"andeq r6, r2, fp, lsr r4",1
"addeq r0, r3, 0, 2",1
"andeq r0, r0, sl, asr r0",1
"andeq r1, r0, r3, asr 15",1
invalid,1
"strhs r0, [r0], -0xa4",1
"strhi r0, [r0], -0xa4",1
"mcrlo p0, 0, r0, c0, c10, 0",1
"andeq r0, r0, fp, ror r4",1
"strhs r8, [r2, -0x301]",1
"cdplo p0, 0, c0, c0, c0, 0",1
"andeq r0, r0, r2, ror 3",1
"strhs r8, [r2, -0x301]",1
invalid,1
"andeq sl, r0, ip, lsl r4",1
"andeq sl, r0, r4, lsr 8",1
"andeq r8, r3, lr, lsr ip",1
"addeq r0, r3, 0, 2",1
"andeq r0, r0, sb, asr 20",1
"andeq r6, r2, fp, lsr r4",1
"addeq r0, r3, 0, 2",1
"andeq r0, r0, sl, asr r0",1
"andeq r1, r0, r5, asr 16",1
invalid,1
svcge 0xa3,1
"stmdals r0, {r1, r2}",1
"andlo r0, r0, sl, lsl r0",1
"strvc r5, [r2], -r1",1
invalid,1
"movwgt r0, 0xa3",1
blge 0x8ef8,1
"andlo r0, r0, sl, lsl r0",1
"andlo r5, r1, r1",1
"orrsge r3, r4, 0, 14",1
"stceq p0, c0, [r0, -0]!",1
bne 0xfef88ec4,1
"teqeq r0, r0",1
"eorseq r0, r1, r0, asr r1",1
"adceq sb, r3, r5, lsr r8",1
"andseq sp, r7, r0, lsl 18",1
"mvnge r3, 0, 14",1
"stceq p0, c0, [r0, -0]!",1
bne 0xff688ee0,1
"teqeq r0, r0",1
"eorseq r0, r0, r0, asr r1",1
"adceq lr, r3, r5, lsr r4",1
"andeq r8, sl, r0, lsl 2",1
"mvnsge r3, 0, 14",1
"stceq p0, c0, [r0, -0]!",1
bne 0xffd88efc,1
"teqeq r0, r0",1
"eorseq r0, r0, r0, asr r1",1
"adceq r3, r4, r5, lsr r4",1
"andseq r1, lr, r0, lsl 22",1
"strbge r3, [ip], -0x700",1
invalid,1
blne 0x808f18,1
"teqeq r0, r0",1
"eorslo r0, r5, r2, asr r1",1
"movweq r5, 0x5101",1
"andeq sp, r0, r0, asr 26",1
"cmpeq r0, r0, lsr r1",1
"ldrtpl r0, [r5], -0x30",1
"movwlo r0, 0xa4",1
"andeq r0, r0, fp",1
"andeq r5, r1, r8, lsr sp",1
"addeq r0, ip, 0, 2",1
"andeq r4, sl, r1, lsl 4",1
"adceq r6, r4, r0, lsl 8",1
"adceq r5, r5, r0, lsl 24",1
"andseq r7, r8, r0, lsl 26",1
"ldclne p1, c0, [sp], {0}",1
svchs 0x3d0000,1
invalid,1
"subseq r0, sl, ip, lsl 5",1
invalid,1
"ldcne p0, c0, [fp, -0]!",1
invalid,1
beq 0x10899a8,1
invalid,1
invalid,1
"stmdagt r0, {r2, r5, r7}",1
invalid,1
"mcrlo p0, 0, r0, c0, c11, 0",1
"andeq r0, r0, fp, ror r4",1
"strhs sb, [r2, -0xf01]",1
bllo 0x8f90,1
"andeq r0, r0, r2, ror 3",1
"strhs sb, [r2, -0xf01]",1
"strvc r0, [r0, -r0]",1
invalid,1
"andeq sl, r0, ip, lsr 9",1
"andeq sl, r0, r8, asr 9",1
"andeq r8, r3, fp, lsr ip",1
"addseq r0, pc, 0, 2",1
"andeq r0, r0, sb, asr 20",1
"andeq r1, r0, fp, lsl 19",1
"andeq r6, r2, fp, lsr r4",1
"addseq r0, pc, 0, 2",1
"andeq r0, r0, sl, asr r0",1
"strdeq r1, r2, [r0], -r5",1
invalid,1
"vst4.32 {d0, d1, d2, d3}, [r0:0x80], r4",1
"andne r0, r0, r4, lsr 1",1
"mcrlo p0, 0, r0, c0, c12, 0",1
"andeq r0, r0, fp, ror r4",1
"strhs sl, [r2, -0x501]",1
bllo 0x8fe4,1
"andeq r0, r0, r2, ror 3",1
"strhs sl, [r2, -0x501]",1
"movwpl r0, 0",1
invalid,1
"andeq sl, r0, ip, ror 9",1
"strdeq sl, fp, [r0], -r4",1
"andeq r8, r3, fp, lsr ip",1
"adceq r0, r5, 0, 2",1
"andeq r0, r0, sb, asr 20",1
"andeq r1, r0, r7, ror 20",1
"andeq r6, r2, fp, lsr r4",1
"adceq r0, r5, 0, 2",1
"andeq r0, r0, sl, asr r0",1
"andeq r1, r0, r0, lsr 21",1
"andseq r0, lr, r0",1
"strne r0, [r0], -0xa5",1
"strvs r0, [r0], -0xa5",1
"mcrlo p0, 0, r0, c0, c12, 0",1
"andeq r0, r0, fp, ror r4",1
"strhs sl, [r2, -0x501]",1
bllo 0x9038,1
"andeq r0, r0, r2, ror 3",1
"strhs sl, [r2, -0x501]",1
invalid,1
invalid,1
"andeq sl, r0, r0, lsl 10",1
"andeq sl, r0, r4, lsl r5",1
"andeq r8, r3, fp, lsr ip",1
"adceq r0, r5, 0, 2",1
"andeq r0, r0, sb, asr 20",1
"andeq r1, r0, r4, lsl 22",1
"andeq r6, r2, fp, lsr r4",1
"adceq r0, r5, 0, 2",1
"andeq r0, r0, sl, asr r0",1
"andeq r1, r0, pc, lsr fp",1
"ldchi p0, c0, [r5], -0",1
"smlatbhi r0, r4, r0, r0",1
"strlo r0, [r0, -0xa]",1
"muleq r0, r8, r4",1
"ldrdeq r1, r2, [r0], -sb",1
"adceq sl, r4, r5, lsr r4",1
"andseq fp, r8, r0, lsl 20",1
"ldrbge r3, [ip], 0x700",1
"stceq p0, c0, [r0, -0]!",1
"ldcne p0, c0, [r2], {0}",1
"teqeq r0, r0",1
"eorseq r0, r1, r0, asr r1",1
"adceq lr, r4, r5, lsr r0",1
"andseq fp, r8, r0, lsl 20",1
"strge r3, [r8, -0x700]!",1
"stceq p0, c0, [r0, -0]!",1
"stcne p0, c0, [lr], 0",1
"teqeq r0, r0",1
"eorseq r0, r0, r0, asr r1",1
"adceq r2, r5, r5, lsr ip",1
"andseq sp, r7, r0, lsl 18",1
"ldrge r3, [r8, -0x700]!",1
"stceq p0, c0, [r0, -0]!",1
"stclne p0, c0, [sl], {0}",1
"teqeq r0, r0",1
"eorseq r0, r0, r0, asr r1",1
"adceq r4, r5, r5, lsr r8",1
"eoreq r0, sl, r0, lsl 8",1
"strbge r3, [ip, -0x500]",1
"cdpne p0, 1, c0, c11, c0, 0",1
"andmi r0, r0, 0",1
invalid,1
"andmi r0, r1, 0x50000002",1
invalid,1
"andeq r1, r0, pc, lsr 26",1
"andeq r1, fp, lr, lsr sp",1
"eoreq r0, r7, 0, 2",1
"andeq r0, r0, r2, asr 20",1
"ldrbteq r3, [fp], -0xe43",1
invalid,1
"andeq r2, r0, r2, lsl 10",1
invalid,1
invalid,1
"andeq r2, r0, r2, lsl 10",1
"ldchi p3, c4, [lr], -0",1
invalid,1
beq 0x12499dc,1
"ldrtvs r0, [lr], -0",1
invalid,1
"subseq r0, sl, ip, lsr 4",1
"andeq r0, r0, r0",1
"cdpvs p2, 6, c4, c1, c0, 0",1
"andne r0, r1, 0x64",1
beq 0x1089550,1
"andhi r0, r1, 0",1
"mcrlo p0, 0, r0, c0, c13, 0",1
"andeq r0, r0, sp, lsl fp",1
"andmi r1, r2, 0x1000000",1
"movwmi r0, 0xa",1
"andeq r7, r4, lr, lsr fp",1
"andseq r0, sb, 0, 2",1
"andeq r0, r0, r5, lsr 32",1
"andeq lr, r1, lr, lsr r2",1
"andseq r0, sb, 0, 2",1
"andeq r0, r0, r5, lsr 32",1
"orreq r3, ip, 0x430",1
invalid,1
"andeq r4, sl, r2, lsl 18",1
"rsbeq r3, r4, 0, 28",1
invalid,1
"andeq r5, r0, r2, lsl 20",1
"andeq r0, r0, r0",1
"andeq r0, r7, sl, lsl pc",1
"bicseq r0, r0, r0, lsl 2",1
"andeq r0, r0, r2, asr 20",1
"andseq r1, lr, r1, lsl 22",1
bleq 0x750da4,1
"andle r0, r1, 0",1
"andeq r0, r0, r2, asr 20",1
"andeq r2, r6, pc, lsl sl",1
"sbcsmi r0, r3, 0, 2",1
"strmi r0, [r0], -0xa",1
"andeq r1, r0, sl, ror 27",1
"andeq r2, r4, pc, lsl pc",1
bpl 0xff8895c4,1
"movwmi r0, 0",1
"andeq r7, r4, pc, lsl fp",1
"strbhs r0, [r7, 0x100]!",1
svcne 0,1
"andeq r0, r0, r2, ror 3",1
"eoreq lr, r5, r1, lsl 14",1
svcne 0x430000,1
"andeq r0, r0, ip, lsl 7",1
beq 0x1282dec,1
"ldrvs r0, [pc], -0          ; [0x91ec:4]=0x5ae7",1
invalid,1
"andeq r5, r0, r7, ror 21",1
"andeq r0, r0, r0",1
"ldrbteq r1, [fp], -0xf43",1
invalid,1
"andeq r0, r0, r5, lsr 32",1
"andeq lr, r1, pc, lsl r2",1
"ldrbhs r0, [sb, 0x100]!",1
"movwmi r0, 0",1
"andeq r8, r3, pc, lsl ip",1
"ldmibmi sb!, {r8} ^",1
svcne 0xa,1
"andeq r0, r0, r4, ror 4",1
"subseq pc, sl, r1, lsl 18",1
"andeq r0, r0, r0",1
"strbeq r3, [r3], 0x800",1
"strlo r0, [r1, -r0]",1
beq 0x108963c,1
"ldrbge r0, [ip, -0]",1
invalid,1
blne 0xfe189240,1
invalid,1
"strmi r0, [r0, -0x21]",1
"ldrdeq r1, r2, [r0], -sp",1
"andeq sl, r0, r8, lsl 11",1
"andeq r0, r0, r0, lsr 1",1
"andeq r3, r2, 0x100",1
"strhs r0, [r0], -0x21",1
"strheq r0, [r0], -r8",1
"andseq lr, ip, r6, asr 28",1
"ldrmi r0, [r1], 0x200",1
"andseq r2, sp, r5, asr 30",1
"adceq r8, r5, r0, lsl 16",1
"andeq lr, r0, r0",1
"eoreq r0, fp, 0, 2",1
"strheq r2, [r0], -r8",1
"andeq r0, r1, r4, lsr 16",1
"stclne p7, c4, [r1, -0]",1
blne 0xfec89288,1
"subhi r0, r5, 0",1
"stmdahi r0, {r0, r2, r3, r4}",1
"stmdalo r0, {r0, r2, r5, r7}",1
invalid,1
"rsbhs r0, lr, r8, lsl r2",1
"eorvs r0, r4, r0",1
"strmi r0, [r0, -r1]",1
"muleq r0, r3, sp",1
"ldrdeq r1, r2, [r0], -r1",1
"andseq sb, sp, r7, asr 28",1
"andseq r5, ip, r0, lsl 26",1
"orreq r2, r8, r0, lsl 6",1
svcne 0x800000,1
"cdpge p0, 4, c0, c7, c0, 0",1
"strls r0, [r0], -0x1d",1
"mcrne p0, 0, r0, c0, c12, 0",1
"andeq sl, r0, r0, ror 12",1
"andeq sl, r0, r0, ror r6",1
"strdeq r1, r2, [r0], -r1",1
"andseq fp, sp, r8, asr 20",1
"stclne p7, c4, [r5]",1
"ldclne p0, c0, [r5], {0}",1
"eorvs r0, r1, r0",1
"andvc r0, r0, r6, lsr 1",1
"strmi r0, [r0, -r6, lsr 1]",1
"ldrdeq r1, r2, [r0], -r1",1
"strdeq r1, r2, [r0], -r5",1
"andseq sp, sp, r7, asr 24",1
"andseq r0, sp, r0, lsl 16",1
"strlo r0, [r0, -r0]",1
"andeq sl, r0, r4, lsr 12",1
"andeq r0, r0, r0, lsr 26",1
"andeq r1, r0, r5, lsl 30",1
"subseq r0, r0, 48, 2",1
"strlo r0, [r0, -0x77]",1
"andeq sl, r0, r0, lsl 13",1
"andeq r1, r0, sl, lsr 22",1
"adceq sl, r6, r7, lsr ip",1
"eoreq sl, r8, r0, lsl 20",1
"andseq r3, pc, r0",1
"andpl r3, r1, 0",1
"teqeq r0, r1, lsl 10",1
"andvs r0, r3, r1, asr r5",1
"ldrdlo r0, r1, [r0], -sp",1
blvc 0x9d340,1
"ldrtlt r0, [r7], -0",1
"movwlo r0, 0xa6",1
"strmi r0, [r0], -0xb",1
"andlo r0, r0, pc, lsl r0",1
blvc 0x9d754,1
"ldcle p0, c0, [r7], -0",1
bge 0x95f0,1
"strvs r0, [r0], -r8, lsr 32",1
"andlo r0, r0, pc, lsl r0",1
"strlo r5, [r1, -0x201]",1
"ldrbeq r0, [r1, -0x130]",1
"sbcseq r7, sp, r3",1
"andpl r3, r1, r0",1
"andeq r7, r0, r2, lsl 22",1
"adceq lr, r6, r5, lsr r4",1
"andeq r3, fp, r0, lsl 6",1
"strbtge r2, [ip], r0, lsl 30",1
"stceq p0, c0, [r0, -0]!",1
"teqeq r0, r0",1
"rsbseq r0, fp, r0, asr r2",1
invalid,1
"strne r0, [r0], -0xa6",1
"stmdalt r0, {r0, r1, r2, r5, r7}",1
"stmdami r0, {r0, r1, r2, r3, r4}",1
"andeq r1, r0, fp, ror 27",1
"andseq pc, sp, r7, asr 12",1
"andseq r4, sp, r0, lsl 30",1
"ldrbtge r2, [ip], r0, lsl 2",1
"ldrge r0, [r4, -r0]",1
"stcleq p0, c0, [r7, -0]",1
"movwvs r0, 0x1e",1
"smladmi r0, sp, r0, r0",1
"andeq r1, r0, r2, lsl 28",1
"ldrdeq r1, r2, [r0], -sb",1
"eorsle r0, r7, r0",1
"andhs r0, r0, r5, lsr 1",1
invalid,1
"andlo r0, r0, pc, lsl r0",1
"strvc r5, [r2, -r1]",1
"eorslo r0, r5, r0",1
svcge 0xa7,1
"strlo r0, [r0, -r6]",1
"andeq sl, r0, r0, asr 14",1
"andeq r1, r0, r3, asr 5",1
"andeq r1, r0, sb, ror 31",1
"subseq r0, r0, 48, 2",1
"strlo r0, [r0, -0x77]",1
"andeq sl, r0, r0, ror 14",1
"andeq r0, r0, pc, lsr 13",1
"adceq r7, r7, r7, lsr r0",1
"andseq ip, r2, r0, lsl 6",1
"eoreq r0, r0, r0, lsl 12",1
"andpl r3, r1, r0",1
"andeq r7, r0, r2, lsl 22",1
"adceq sl, r7, r7, lsr r4",1
"andeq r5, sl, r0, lsl 8",1
"eoreq r1, r0, r0, lsl 22",1
"andpl r3, r1, r0",1
"streq r7, [r0], -r3, lsl 26",1
"ldrge r3, [r0, r0, lsl 10]!",1
"ldcleq p0, c0, [sb, -0]!",1
invalid,1
bge 0x96d4,1
"strmi r0, [r0], -r8, lsr 32",1
"andlo r0, r0, r0, lsr 32",1
"strlo r5, [r1, -0x201]",1
"ldrbeq r0, [r1, -0x130]",1
"sbcseq r2, sp, r3, lsl 8",1
"andpl r3, r1, r0",1
"andeq r7, r0, r2, lsl 22",1
"adceq sp, r7, r5, lsr r4",1
"andeq r3, fp, r0, lsl 6",1
"strbge r3, [r4, r0, lsl 14]!",1
"stceq p0, c0, [r0, -0]!",1
"rsbhs r0, r3, r0",1
"teqeq r0, r0",1
"rsbseq r0, fp, r0, asr r2",1
"ldmdage ip!, {r8, sl, ip, sp} ^",1
"stcleq p0, c0, [ip], {0}",1
"andeq r0, r0, r0",1
"adceq pc, r7, lr, lsl ip",1
"adceq r1, r8, r0, lsl 24",1
"eoreq sl, r0, r0, lsl 12",1
"stclne p8, c4, [lr, -0]",1
bpl 0x11c9490,1
"stc p0, c0, [r0, -0x74]",1
invalid,1
"strdeq sl, fp, [r0], -ip",1
"andeq sl, r0, ip, lsl r8",1
"andseq r6, sp, r7, asr 14",1
"andseq r0, lr, r0, lsl 26",1
"ldclne p7, c4, [r3, -0]!",1
"cdpne p0, 7, c0, c7, c0, 0",1
"andeq r0, r0, r0",1
"adceq r3, r8, pc, lsr 32",1
"andeq r2, sp, r0",1
"andpl r3, r1, r0",1
"andeq r7, r0, r2, lsl 22",1
invalid,1
invalid,1
invalid,1
"stmdami r0, {r5}",1
"strdeq r1, r2, [r0], -fp",1
"andseq r0, sp, r7, asr 14",1
"andseq lr, lr, r0, lsl 28",1
"stmge ip, {r8, sp} ^",1
invalid,1
"strbne r0, [r7], -0",1
bne 0x9564,1
"smladmi r0, pc, r0, r0",1
"andeq r1, r0, r0, lsr 26",1
"andeq r1, r0, sp, asr 30",1
invalid,1
"andhs r0, r0, r8, lsr 1",1
"andlo r0, r0, sp",1
blvc 0x9d510,1
"andeq r0, r0, r0",1
"adceq r7, r5, r5, lsr ip",1
"andeq ip, ip, r0, lsl 24",1
invalid,1
"streq r0, [r0], -r6",1
"movweq r0, 0x124d",1
"andeq r3, r7, sl, asr 6",1
"eorseq r0, r8, 0, 12",1
"teqhs r1, r1, lsl 6",1
"ldcmi p0, c0, [lr], -0",1
"streq r0, [r0], -r2",1
"cmneq r3, 0xd0000003",1
blmi 0x9540,1
"andeq fp, r3, r1, lsl 2",1
"adcseq r0, sl, 0, 2",1
"adceq pc, r8, r1, lsl 16",1
"adceq pc, fp, r0, lsl 16",1
"andseq sb, pc, r0, lsl 10",1
"ldrths r0, [ip], -r0, lsl 2",1
"eorsgt r0, sp, r0",1
invalid,1
"ldrheq r0, [sl], -0x2a",1
svcne 0xb50000,1
"ldceq p0, c0, [sl], -0",1
"streq r0, [r0], -0x21",1
"stmdalo r0, {r0, r3, r5, r7}",1
"smlatbeq r0, sb, r0, r0",1
"strhhs r0, [sl, 0x2d]",1
svcge 0x3a0000,1
"andhs r0, r0, r5",1
"stmdalo r0, {r0, r3, r5, r7}",1
"streq r0, [r0], -sb, lsr 1",1
invalid,1
"stcgt p0, c0, [lr, -0]!",1
"stmdb r0, {r0, r2}",1
"mcrhs p0, 0, r0, c0, c15, 0",1
"andeq r0, r0, r2, asr 11",1
"andeq r2, r0, r7",1
"adceq r3, sb, pc, lsr 8",1
"eoreq r2, r8, r0, lsl 4",1
"mrspl r3, apsr",1
"teqeq r0, r1, lsl 2",1
"rsbseq r0, r4, r0, asr r2",1
"stcne p0, c0, [pc], -0",1
bge 0x9864,1
"andlo r0, r0, r8, lsr 32",1
"strlo r5, [r1, -0x201]",1
"ldrbeq r0, [r1, -0x130]",1
"sbcseq r8, sp, r3, lsl 16",1
"andpl r3, r1, r0",1
"andeq r3, r0, r1",1
"andeq r7, r6, sl, lsr r6",1
"adceq ip, sl, r0, lsl 24",1
"adceq sp, sl, r0, lsl 16",1
"tsteq r7, 0, 2",1
"strdeq r2, r3, [r0], -sp",1
"andeq r8, r6, lr, lsr 18",1
"eoreq r1, r0, r0, lsl 20",1
bge 0xff6151f8,1
bhs 0x3c95fc,1
"teqeq r0, r0",1
"rsbseq r0, r4, r1, asr r2",1
"cmpeq r0, r0, lsr r1",1
blo 0x96d0,1
"andeq r2, r0, r6, lsl r1",1
"ldrdeq sl, fp, [r0], -r8",1
"andeq sl, r0, r4, lsl 23",1
"movwvc r1, 0x3801",1
invalid,1
"ldrdeq sl, fp, [r0], -r8",1
"andeq sl, r0, r4, lsl 23",1
"eoreq r2, r1, r7, asr 8",1
"eoreq r2, r0, r0, lsl 26",1
"ldrbteq r3, [r6], -r0, lsl 20",1
bge 0xffb09638,1
bge 0xfff0963c,1
blo 0x189640,1
"eoreq r6, r2, r2, lsl 4",1
"streq r2, [sb], r0, lsl 28",1
"subhs r0, r0, r0",1
"stc2 p0, c0, [pc], -0",1
svceq 0xaa,1
"andlo r0, r0, sl, lsr 32",1
"movweq r5, 0x5301",1
"strheq lr, [r0], -r4",1
"ldrbeq r0, [r2, -0x130]",1
"rsceq sl, sb, r3, lsl 8",1
"andpl r3, r1, r0",1
"andeq r3, r0, r1, lsl 2",1
"andeq r7, r6, sl, lsr r6",1
"adceq r4, fp, r0, lsl 16",1
"adceq r5, fp, r0, lsl 8",1
"subeq r0, r4, 0, 12",1
"muleq r0, r5, r2",1
"andeq r8, r6, lr, lsr 18",1
"eoreq r5, r0, r0, lsl 28",1
blge 0x1515290,1
bhs 0x3c9694,1
"teqeq r0, r0",1
"rsbseq r0, r4, r1, asr r2",1
"cmpeq r0, r0, lsr r1",1
blo 0x9768,1
"andeq r0, r0, r6, ror r6",1
"andeq sl, r0, r8, ror fp",1
"andeq sl, r0, r4, lsl 23",1
"stmdagt r2, {r1, r2, fp, lr}",1
"cdphs p0, 0, c0, c0, c2, 1",1
"andeq r0, r0, sb, lsl 13",1
"andeq r2, r0, r1, ror r0",1
"adceq r8, fp, pc, lsr 8",1
"eoreq r0, sl, r0, lsl 30",1
"mrspl r3, apsr",1
"andlo r7, r0, r2, lsl 8",1
"mrslo r5, apsr",1
invalid,1
bge 0x9984,1
"stmdb r0, {r3, r5}",1
"andlo r0, r0, r2, lsr 32",1
"strlo r5, [r1, -0x201]",1
"ldrbeq r0, [r1, -0x130]",1
"rsceq r8, sb, r3, lsl 24",1
"andpl r3, r1, r0",1
"strlo r3, [r0, -r1]",1
"andeq sl, r0, r8, lsl 22",1
"andeq r2, r0, sp, lsr 20",1
"andeq r2, r0, r1, lsl 6",1
"cmpeq r1, r0, lsr r1",1
"andpl r3, r1, r0, lsr r0",1
"strlo r3, [r0, -r1, lsl 10]",1
"andeq sl, r0, ip, lsl fp",1
"andeq r2, r0, sl, asr 20",1
"andeq r2, r0, sp, lsl r3",1
"cmpeq r2, r0, lsr r1",1
invalid,1
"ldmib ip, {r0, r2, r8, sb} ^",1
"strlo r0, [r0, -r0]",1
"andeq sl, r0, r4, lsr fp",1
"andeq r2, r0, sl, lsr 17",1
"andeq r2, r0, lr, lsr r3",1
"cmpeq r2, r0, lsr r1",1
invalid,1
"stmib r0!, {r0, r2, r8, sb} ^",1
"teqeq r0, r0",1
"eorseq r0, r0, r0, asr r1",1
"adceq r4, fp, r5, lsr r4",1
"eoreq r6, sl, r0, lsl 24",1
blge 0x1917358,1
invalid,1
invalid,1
"teqeq r0, r0",1
"eorslo r0, r5, r2, asr r1",1
"movweq r5, 0x5101",1
"andeq lr, r0, r8, lsr 20",1
"cmpeq r0, r0, lsr r1",1
"ldrtvc r0, [r5], -0x30",1
invalid,1
"andeq r0, r0, sl, lsr 32",1
"stmdbge r8, {r8, sb, sl, ip, sp} ^",1
invalid,1
"orrshs r0, r4, 0",1
"teqeq r0, r0",1
"eorslo r0, r5, r2, asr r1",1
"movweq r5, 0x5101",1
"strheq sp, [r0], -r0",1
"cmpeq r0, r0, lsr r1",1
"ldrtpl r0, [r5], -0x30",1
"strhi r0, [r0], -0xa9",1
"strlo r0, [r0, -sl, lsr 32]",1
"andeq sl, r0, r4, ror 18",1
"andeq r2, r0, sl, lsr 17",1
"strheq r2, [r0], -lr",1
"cmpeq r2, r0, lsr r1",1
invalid,1
"cdple p3, 0, c0, c8, c5, 0",1
"teqeq r0, r0",1
"eorseq r0, r0, r0, asr r1",1
"adceq r6, sb, r5, lsr ip",1
"eoreq r8, sl, r0, lsl 8",1
"ldmdbge ip!, {r8, sb, sl, ip, sp} ^",1
invalid,1
invalid,1
"teqeq r0, r0",1
"eorslo r0, r5, r2, asr r1",1
"movweq r5, 0x5101",1
"andeq sp, r0, ip, lsr lr",1
"cmpeq r0, r0, lsr r1",1
"ldrthi r0, [r5], -0x30",1
"strhi r0, [r0], -0xa9",1
"strlo r0, [r0, -sl, lsr 32]",1
"muleq r0, r4, sb",1
"andeq r2, r0, sl, lsr 17",1
"andeq r2, r0, r2, lsl r4",1
"cmpeq r2, r0, lsr r1",1
invalid,1
"cdple p3, 6, c0, c12, c5, 0",1
"teqeq r0, r0",1
"eorseq r0, r0, r0, asr r1",1
"adceq sb, sb, r5, lsr ip",1
"eoreq r8, sl, r0, lsl 8",1
"stmibge ip!, {r8, sb, sl, ip, sp}",1
invalid,1
"ldrths r0, [ip], -0",1
"teqeq r0, r0",1
"eorslo r0, r5, r2, asr r1",1
"movweq r5, 0x5101",1
"andeq sp, r0, r4, lsr 29",1
"cmpeq r0, r0, lsr r1",1
"ldrtlt r0, [r5], -0x30",1
"strhi r0, [r0], -0xa9",1
"strlo r0, [r0, -sl, lsr 32]",1
"andeq sl, r0, r4, asr 19",1
"andeq r2, r0, sl, lsr 17",1
"andeq r2, r0, r6, ror 8",1
"cmpeq r2, r0, lsr r1",1
invalid,1
svcle 0x1c0305,1
"teqeq r0, r0",1
"eorseq r0, r0, r0, asr r1",1
"adceq ip, sb, r5, lsr ip",1
"eoreq r8, sl, r0, lsl 8",1
"ldmibge ip, {r8, sb, sl, ip, sp} ^",1
invalid,1
"ldrhs r0, [r0], 0",1
"teqeq r0, r0",1
"eorslo r0, r5, r2, asr r1",1
"movweq r5, 0x5101",1
"andeq lr, r0, r8, lsl r0",1
"cmpeq r0, r0, lsr r1",1
"ldrt r0, [r5], -0x30",1
"strhi r0, [r0], -0xa9",1
"strlo r0, [r0, -sl, lsr 32]",1
"strdeq sl, fp, [r0], -r4",1
"andeq r2, r0, sl, lsr 17",1
"strheq r2, [r0], -sl",1
"cmpeq r2, r0, lsr r1",1
invalid,1
"tst r4, r5, lsl 6",1
"teqeq r0, r0",1
"eorseq r0, r0, r0, asr r1",1
"adceq pc, sb, r5, lsr ip",1
"eoreq r8, sl, r0, lsl 8",1
bge 0x3174d4,1
invalid,1
"strbths r0, [r4], 0",1
"teqeq r0, r0",1
"eorslo r0, r5, r2, asr r1",1
"movweq r5, 0x5101",1
"andeq lr, r0, ip, lsl 5",1
"cmpeq r0, r0, lsr r1",1
"ldrtne r0, [r5], -0x30",1
"strhi r0, [r0], -0xaa",1
"strlo r0, [r0, -sl, lsr 32]",1
"andeq sl, r0, r4, lsr 20",1
"andeq r2, r0, sl, lsr 17",1
"andeq r2, r0, lr, lsl 10",1
"cmpeq r2, r0, lsr r1",1
invalid,1
"movt r0, 0xc305",1
"teqeq r0, r0",1
"eorseq r0, r0, r0, asr r1",1
"adceq r2, sl, r5, lsr ip",1
"eoreq r8, sl, r0, lsl 8",1
bge 0xf17528,1
invalid,1
"ldrhs r0, [r8, -0]!",1
"teqeq r0, r0",1
"eorslo r0, r5, r2, asr r1",1
"movweq r5, 0x5101",1
"strdeq lr, pc, [r0], -r8",1
"cmpeq r0, r0, lsr r1",1
"ldrtmi r0, [r5], -0x30",1
"strhi r0, [r0], -0xaa",1
"strlo r0, [r0, -sl, lsr 32]",1
"andeq sl, r0, r4, asr sl",1
"andeq r2, r0, sl, lsr 17",1
"andeq r2, r0, r2, ror 10",1
"cmpeq r2, r0, lsr r1",1
invalid,1
"str r0, [ip, -0x305]",1
"teqeq r0, r0",1
"eorseq r0, r0, r0, asr r1",1
"adceq r5, sl, r5, lsr ip",1
"eoreq r8, sl, r0, lsl 8",1
bge 0x1b1757c,1
invalid,1
"strhs r0, [ip]",1
"teqeq r0, r0",1
"eorslo r0, r5, r2, asr r1",1
"movweq r5, 0x5101",1
"andeq lr, r0, r0, lsr r6",1
"cmpeq r0, r0, lsr r1",1
"ldrtvc r0, [r5], -0x30",1
"strhi r0, [r0], -0xaa",1
"strlo r0, [r0, -sl, lsr 32]",1
"andeq sl, r0, r4, lsl 21",1
"andeq r2, r0, sl, lsr 17",1
"strheq r2, [r0], -r6",1
"cmpeq r2, r0, lsr r1",1
invalid,1
"ldrb r0, [r0, -r5, lsl 6]",1
"teqeq r0, r0",1
"eorseq r0, r0, r0, asr r1",1
"adceq r8, sl, r5, lsr ip",1
"eoreq r8, sl, r0, lsl 8",1
bge 0xfe7175d0,1
invalid,1
"strbhs r0, [r0, 0]!",1
"teqeq r0, r0",1
"eorslo r0, r5, r2, asr r1",1
"movweq r5, 0x5101",1
"andeq lr, r0, r4, lsr r8",1
"cmpeq r0, r0, lsr r1",1
"ldrtge r0, [r5], -0x30",1
"strhi r0, [r0], -0xaa",1
"strlo r0, [r0, -sl, lsr 32]",1
"strheq sl, [r0], -r4",1
"andeq r2, r0, sl, lsr 17",1
"andeq r2, r0, sl, lsl 12",1
"cmpeq r2, r0, lsr r1",1
invalid,1
"ldm ip!, {r0, r2, r8, sb}",1
"teqeq r0, r0",1
"eorseq r0, r0, r0, asr r1",1
"adceq ip, sl, r7, lsr r8",1
"eoreq sl, r8, r0, lsl 20",1
"eoreq r2, r6, r0, lsl 22",1
"andpl r3, r1, 0",1
"teqeq r0, r1, lsl 10",1
invalid,1
"andlo r0, r0, sb, ror 1",1
"andlo r5, r1, r1",1
blge 0xfe31563c,1
invalid,1
"teqeq r0, r0",1
"rsbseq r0, r5, r0, asr r2",1
"mrseq r0, spsr",1
"strdeq r0, r1, [r0], -r4",1
"mrseq r2, apsr",1
"andeq r0, r0, sl, asr r0",1
"strdeq sl, fp, [r0], -r8",1
"ldrdeq sl, fp, [r0], -ip",1
"andeq r2, r0, r4, lsl 1",1
"eoreq r7, r7, r1, lsl 8",1
"movteq r3, 0xfd00",1
"stchs p0, c0, [r1, -0]",1
"andeq r5, r0, r3, lsl 20",1
"eoreq sl, r0, r0, lsl 8",1
"orreq r3, r6, 0, 26",1
"stchs p0, c0, [r1, -0]",1
"eoreq r7, r7, r3, lsl 8",1
"eoreq sp, r0, r0",1
bleq 0x75868c,1
svchs 0x10000,1
"andeq r4, sl, r3, lsl 4",1
"eoreq r0, r1, r0, lsl 14",1
"ldreq r3, [r6], r0, lsl 20",1
"ldcge p0, c0, [r0], -0",1
"ldcge p0, c0, [ip], -0",1
svclo 0x10000,1
"eoreq sl, r6, r3, lsl 12",1
"strteq r3, [r3], r0, lsl 8",1
"andeq r0, r2, r0",1
"adceq r0, ip, r5, lsr ip",1
"eoreq sl, sl, r0, lsl 4",1
invalid,1
bhs 0xb49ac4,1
"strbhs r0, [fp], r0",1
"teqeq r0, r0",1
"stmdalo r3, {r0, r4, r6, r8, sl}",1
"ldrdlo r0, r1, [r0], -lr",1
"strlo r5, [r1], -r1",1
"stcge p7, c3, [r8], -0",1
bhs 0xfed89ae0,1
"strbths r0, [r8], r0",1
"teqeq r0, r0",1
invalid,1
"andlo r0, r0, sl, ror 1",1
"strvc r5, [r2], -r1",1
"eorslo r0, r7, r0",1
"movwle r0, 0xac",1
invalid,1
"andlo r0, r0, r6, lsr 32",1
"strvc r5, [r2], -r1",1
"ldrtmi r0, [r5], -0",1
bl 0x9dc0,1
"strlo r0, [r0, -sl, lsr 32]",1
"andeq sl, r0, r8, ror 24",1
"andeq r2, r0, r1, lsl 17",1
"andeq r2, r0, r8, lsl r7",1
"cmpeq r0, r0, lsr r1",1
"eorsvc r0, r7, r1, lsr r0",1
bhs 0x9ddc,1
invalid,1
"andlo r0, r0, r7, lsr 32",1
"strvc r5, [r2], -1",1
"ldrtls r0, [r7], -0x7f",1
bge 0x9df0,1
"stcmi p0, c0, [r0, -0xa0]",1
"andlo r0, r0, r7, lsr 32",1
"strlo r5, [r1, -0x201]",1
"ldrbeq r0, [r1, -0x130]",1
"rsceq sb, sl, r3, lsl 24",1
"andpl r3, r1, r0",1
"strlo r3, [r0, -1]",1
"andeq sl, r0, r8, lsr 25",1
"andeq r2, r0, ip, asr 17",1
"adceq fp, ip, r7, lsr r4",1
"andeq r3, fp, r0, lsl 6",1
"eoreq r6, r7, r0, lsl 20",1
"andpl r3, r1, r0",1
"andeq r7, r0, r2, lsl 10",1
"adceq ip, ip, r5, lsr r0",1
"eoreq r8, r8, r0, lsl 2",1
"streq r0, [r6], -0",1
"andeq r0, r0, r4, lsr 2",1
invalid,1
bpl 0x1089f90,1
"streq r0, [r0, -0]",1
invalid,1
"cmpeq r0, 0, 20",1
"movwmi r0, 0x1000",1
"andeq r0, r0, sl, asr r0",1
"cdpvs p3, 9, c0, c12, c5, 0",1
"strhi r0, [sl, -r1]!",1
invalid,1
"eoreq r7, r7, r4, asr 8",1
"stmdals r3, {r8, sl}",1
"stcmi p1, c0, [r0, -0x1b8]",1
"andeq r0, r0, sl, asr 5",1
"teqeq fp, 0x90000",1
"mrseq r0, apsr",1
"andeq sp, r7, sp, asr 16",1
bllo 0xfea4bfd0,1
invalid,1
"streq r4, [r4], 0xd01",1
bge 0x249bdc,1
"andeq r0, r0, fp, lsr r3",1
"stmdahs sp, {r0, r8} ^",1
invalid,1
"andeq r7, r3, r1, lsl 6",1
"stcmi p1, c0, [r1, -0]",1
"strdeq r0, r1, [r0], -r8",1
"biceq r1, r8, 0x20000001",1
"mrseq r0, apsr",1
"andeq r0, r1, sp, asr 10",1
invalid,1
invalid,1
"stcvc p14, c4, [r1, -4]",1
"andeq r0, r0, 5",1
"rsbeq r0, sp, 0x80000027",1
bpl 0x49c18,1
invalid,1
"andeq r2, r0, r2, lsr 16",1
"andeq r5, r0, pc, asr 20",1
"cmneq r3, 0, 30",1
"mrshi r0, spsr",1
"andeq r0, r0, r5",1
"strbeq r0, [0x00009ae4]!",1
"strpl r0, [r3, -0]",1
"andeq r5, r0, r1, lsl 20",1
"stmdahs r5, {r8} ^",1
ble 0x13c9c44,1
svcmi 5,1
"andeq r0, r0, sl, asr r0",1
"andeq r7, r3, pc, asr 6",1
invalid,1
"andeq r2, r4, r1, lsl 8",1
"orreq r0, sb, r0, lsl 20",1
"andeq r5, r0, r1, lsl 20",1
"stmdahs r3!, {r8} ^",1
"movtvs r0, 0xf000",1
svcmi 0x28,1
"andeq r0, r0, sl, asr r0",1
"strvs r0, [r4, -r0, lsl 12]",1
"andpl r0, r0, r3",1
"andeq ip, r3, r1, lsl 18",1
invalid,1
"andeq r0, r0, sl, asr r0",1
"eoreq r8, r8, r1, lsl 2",1
"ldrbeq r4, [sl, 0xf00]",1
"andpl r0, r0, 0",1
"andeq r7, r7, r1, lsl 16",1
"andseq r1, lr, 0, 16",1
"ldmhs r6, {r0, r8}",1
bpl 0x13c9ca0,1
"andeq r0, r0, r0",1
"ldreq r0, [sp, 0x153]",1
"andpl r0, pc, r0",1
"eoreq sl, r8, r1, lsl 8",1
"streq r0, [r6], -0x100",1
"andeq r0, r0, sp, asr 7",1
"andseq r0, r5, 80, 2",1
"tstlo r4, 0",1
"andeq r2, r1, r1, lsl 8",1
"stmhs ip, {r8} ^",1
"movtvc r0, 0xf000",1
svcmi 3,1
"andeq r0, r0, r3, ror r3",1
"andeq r5, r0, pc, asr 20",1
"cmpeq r0, r0",1
"andeq r0, r0, ip, asr lr",1
"movwvc r2, 0x1c15",1
invalid,1
"andeq r2, r0, r4, ror 17",1
"andeq r7, r3, pc, asr 6",1
"cmpeq r3, r0",1
"strdeq r0, r1, [r0], -sl",1
"stcgt p2, c3, [r1, -0x58]",1
invalid,1
"rsbseq r0, r7, 84, 2",1
invalid,1
"addseq r0, r0, r2, lsl 2",1
"strpl r0, [r1], -0",1
"andeq r4, r6, r1, lsl 12",1
"sbceq r1, r2, 0, 14",1
"andeq sb, r0, r1, lsl 22",1
"mrseq r0, spsr",1
"andeq r0, r0, r5, lsr 9",1
"strlt sl, [r1, -r2, lsl 2]",1
invalid,1
"andeq r0, r0, sl, asr r0",1
"eoreq r3, sb, r1, lsl 14",1
"subseq r4, sl, r0, lsl 30",1
"movtvc r0, 0xf000",1
svcmi 3,1
"andeq r0, r0, r1, lsl 11",1
blle 0x5dd48,1
"stmdane r0, {r0}",1
"ldrheq r0, [sp], 0x17",1
invalid,1
svcmi 0x29,1
"andeq r0, r0, r3, ror r3",1
"eoreq r7, r7, pc, asr 8",1
"subseq r4, sl, r0, lsl 30",1
invalid,1
"andeq ip, r3, r1, lsl 4",1
invalid,1
"andeq r5, r0, r1, lsl 20",1
"ldmdbhs r2!, {r8} ^",1
bpl 0x13c9d7c,1
"andeq r0, r0, r0",1
"ldreq r0, [0x00009c33]!     ; [0x9c33:4]=0x5a0155",1
"ldrhs r0, [r7], -0",1
"subseq r0, sl, r1, lsl 2",1
"andls r0, r1, r0",1
svcmi 0x29,1
"andeq r0, r0, r3, ror r3",1
"andeq r5, r0, pc, asr 20",1
"cmpeq r1, r0",1
"andeq r0, r0, r0, lsr r3",1
invalid,1
"andeq r0, r0, r5, lsr 32",1
"eoreq sl, sb, r1, lsl 18",1
"cmneq r3, 0, 30",1
"andpl r0, r0, r0",1
"andeq r5, r4, r1, lsl 30",1
invalid,1
"andeq r0, r0, r4, lsr 2",1
"eoreq ip, sb, r1, lsl 12",1
"ldrbeq r4, [r3], 0xf00",1
"strbhs r0, [pc], -0",1
"andeq r0, r0, r1",1
"shsaxeq r0, r2, r0",1
"tsteq fp, r0",1
"andeq r5, r0, r1, lsl 20",1
"stmibhs r3!, {r8} ^",1
"movtvc r0, 0xf000",1
svcmi 3,1
"andeq r0, r0, r3, ror r3",1
"strne r5, [r1, -r0, lsl 10]",1
invalid,1
"andeq r2, r3, r0, lsl 2",1
"subseq r0, sl, r0, lsl 2",1
"streq r0, [r1], -0",1
svcmi 0x2a,1
"andeq r0, r0, r3, ror r3",1
"andeq r7, r3, pc, asr 6",1
"cmpeq r6, r0",1
"andeq r0, r0, r2, ror 11",1
invalid,1
"andlo r5, r1, r1",1
"movweq r0, 2",1
"subseq r0, sl, r7, asr r1",1
"stchs p0, c0, [r1, -0]",1
svcmi 0x2a,1
"andeq r0, r0, sl, asr r0",1
"andeq r7, r3, pc, asr 6",1
"andpl r1, r0, r0, lsl 18",1
"andeq r7, r3, r1, lsl 24",1
"cmneq sp, r0, lsl 26",1
"andeq r0, r0, r4, lsr 2",1
"eoreq r4, sl, r1, lsl 20",1
"subseq r4, sl, r0, lsl 30",1
"movtvc r0, 0xf000",1
"andeq r0, r0, r3",1
"ldreq r0, [r1, -0x150]",1
svchi 0x190000,1
"andeq r5, r0, r1, lsl 20",1
bhs 0x1b0a268,1
"movtvc r0, 0xf000",1
svcmi 3,1
"andeq r0, r0, r3, ror r3",1
"andeq r2, r0, pc, asr 10",1
"cmpeq r0, r0",1
"ldrdeq r0, r1, [r0], -r3",1
"strhs r2, [r1], -0xa1e",1
invalid,1
"andeq r2, r0, r4, lsl 21",1
"andeq r7, r3, pc, asr 6",1
"cmpeq r1, r0",1
"andeq r0, r0, sp, lsr r2",1
invalid,1
"andeq r0, r0, sl, asr r0",1
"eoreq sl, sl, r1, lsl 4",1
"cmneq r3, 0, 30",1
ble 0x13c9eac,1
"andeq r0, r0, r5",1
"qaddeq r0, r7, r1",1
"ldrhs r0, [r3, -0]",1
bhs 0xfed8a2c0,1
"movtvc r0, 0xf000",1
"andeq r0, r0, r3",1
"rsceq r0, sl, 80, 2",1
"ldrpl r0, [r4], -r0",1
"andeq r2, r1, r1, lsl 8",1
bhs 0xff4ca2d4,1
"movtvc r0, 0xf000",1
svcmi 3,1
"andeq r0, r0, r3, ror r3",1
"cdp p0, 0, c5, c1, c0, 0",1
"strne r0, [r0], -2",1
"qsubeq r0, r2, r4",1
bl 0x49ef0,1
svcmi 0x2a,1
"andeq r0, r0, r3, ror r3",1
blvs 0x5fefc,1
"stmdane r0, {r1, r3, r5}",1
bpl 0x4a71c,1
invalid,1
"andeq ip, r4, pc, asr 14",1
"movwlo r0, 0",1
"andeq r0, r0, 5",1
"andeq r7, r5, r0, lsl 20",1
"cdpeq p4, 0, c0, c1, c0, 0",1
invalid,1
"andeq r0, r0, r3, asr 15",1
"andeq r0, r0, fp, ror 3",1
"ldrdeq sl, fp, [r0], -ip",1
"strdeq sl, fp, [r0], -r4",1
"strdeq r0, r1, [r0], -pc",1
"stmdbvs r5, {r1, sl}",1
"movweq r7, 0x46e",1
"strheq r0, [r0], -sb",1
"eorseq sp, r7, r2, lsl 10",1
"streq r0, [r4], -0",1
"andeq r2, r0, r7, lsl 8",1
"stmdaeq r1, {sl}",1
"andeq r0, r0, r1, lsr r0",1
svclo 0x70204,1
"streq r0, [r0], -0",1
"andseq r0, pc, r4, lsl 14",1
invalid,1
"andeq r3, r0, r6, lsl 6",1
"streq r0, [r2, -0x400]",1
"andeq r0, r0, fp, asr 1",1
"andeq r0, r5, r4, lsl 16",1
"streq r0, [r0], -0",1
"andseq r0, sl, r8, lsl 14",1
svcne 0x30000,1
"movweq r0, 2",1
"andeq r6, r0, r7, lsr r1",1
"ldrbteq r0, [r3], -0x300",1
invalid,1
"andeq r0, r0, r5, lsl 1",1
"streq r0, [r5, -0x404]",1
"movweq r0, 0",1
"andeq r0, r0, ip, lsr r6",1
"rsbeq r8, pc, r3, lsl 26",1
"streq r0, [r4], -0",1
"andeq sp, r0, r7, lsl 10",1
"streq r0, [r4], -r0, lsl 10",1
"andeq sl, r0, r4, lsl 12",1
"stmdaeq r1, {sl}",1
"andeq r0, r0, sl, lsr r0",1
"andeq r5, r4, r3, lsl 20",1
"ldmdalt r0!, {sl}",1
"streq r0, [r0, -r0]",1
"andeq r0, r0, r6, asr r4",1
invalid,1
"stmdaeq r0, {r1}",1
"muleq r0, r3, sl",1
"eoreq pc, r5, r5, lsl 14",1
"movwhs r0, 0x2000",1
"streq r0, [ip], -0x800",1
invalid,1
"andeq r0, r0, r0, lsr 1",1
"stmdaeq r4, {r1, r8, sb, sp}",1
"strheq r0, [r0], -r2",1
"adceq pc, r0, r5, lsl 26",1
"movwhs r0, 0x2000",1
"strbeq r0, [lr], -r8, lsl 16",1
"cdp2 p0, 0, c0, c5, c0, 0",1
"andeq r0, r0, r0, lsr 1",1
"stmdaeq ip, {r1, r8, sb, sp}",1
"andeq r0, r0, r4, lsr 14",1
"adceq pc, r0, r5, lsl 30",1
"movwhs r0, 0x2000",1
"rscseq r0, sb, 16, 18",1
"andeq r0, r5, r0",1
"andeq sl, r0, r1",1
"strtne r0, [r3], -0x200",1
"andeq sb, r6, sb, lsl 4",1
"mrseq r0, apsr",1
"andeq r0, r0, r0, lsr 1",1
"ldmdbeq r8, {r1, r8, sb, sp}",1
"andeq r0, r0, r4, asr 2",1
"andge r0, r1, r5, lsl 4",1
"andeq r0, r0, 0",1
"streq r1, [sb, -0xc23]",1
"streq r0, [r0, -5]",1
"adceq r0, r0, r3, lsl 2",1
"movwhs r0, 0x2000",1
"teqeq r7, 32, 18",1
"streq r0, [r5, -0]",1
"andeq sl, r0, r1",1
"strths r0, [r3], -0x200",1
"andeq sp, r6, sb, lsl 14",1
invalid,1
"andeq r0, r0, r0, lsr 1",1
"stmdbeq r8!, {r1, r8, sb, sp}",1
"andeq r0, r0, ip, asr r6",1
"andge r0, r1, r5, lsl 14",1
"andeq r0, r0, 0",1
blt 0x255110,1
"streq r0, [r0, -4]",1
"adcseq r0, r1, 0x40000002",1
"movwhs r0, 0x2000",1
"rsceq r0, r7, r0, lsr sb",1
bleq 0x14a098,1
"andeq fp, r2, r1, lsl 14",1
"strtlo r0, [r3], -0x200",1
"andeq sl, r1, sb, lsl 6",1
"mrseq r0, apsr",1
"andeq r0, r0, r5, lsr 32",1
"ldmdbeq r8!, {r1, r8, sb, sp}",1
"andeq r0, r0, r4, ror r3",1
"strhs r1, [r1, -0x105]",1
"andeq r0, r0, 0",1
"stmdapl sb, {r0, r1, r5, sl, fp, ip, sp}",1
"streq r0, [r0, -2]",1
"rsbseq r0, sl, r3, lsl r1",1
"movwhs r0, 0x2000",1
"andeq r0, sb, 64, 18",1
"strne r0, [r5, -r0]",1
"andeq r4, r0, r1, lsl 10",1
"strtmi r0, [r3], -0x200",1
"andeq r5, r5, sb",1
"tsteq r8, r0, lsl 10",1
"andeq r0, r0, r3, asr r0",1
"stmdbeq r6, {r1, r8, sb, sp} ^",1
"andeq r0, r0, r2, lsl r1",1
"stclt p9, c1, [r1, -0x14]",1
"andeq r0, r0, 2",1
"cdpvs p7, 0, c4, c9, c3, 1",1
"streq r0, [r0, -3]",1
"sbceq r0, sp, 0x40000007",1
"movwhs r0, 0x2000",1
"subseq r0, ip, 72, 18",1
"strhs r0, [r5], -r0",1
"andeq r8, r0, r1, lsl 24",1
"eorpl r0, r3, r0, lsl 4",1
"andeq r7, r6, sb, lsl 12",1
invalid,1
"muleq r0, lr, r0",1
"ldmdbeq r8, {r1, r8, sb, sp} ^",1
"andeq r0, r0, sp, ror r6",1
"cdpls p0, 0, c3, c1, c5, 0",1
"andeq r0, r0, 0",1
"strhi r5, [sb], -0xc23",1
"streq r0, [r0, -6]",1
"addseq r0, lr, r1, lsr r1",1
"movwhs r0, 0x2000",1
"streq r0, [fp], r0, ror 18",1
"andlo r0, r5, 0",1
"andeq sb, r0, r1, lsl 28",1
"strtvs r0, [r3], -0x200",1
"andeq r8, r2, sb, lsl 24",1
"teqeq r3, r0, lsl 10",1
"andeq r0, r0, ip, lsr 32",1
"stmdbeq r8!, {r1, r8, sb, sp} ^",1
"andeq r0, r0, fp, lsr 7",1
"strhs r3, [r1, -0x505]",1
"andeq r0, r0, 0",1
"andge r6, sb, r3, lsr 24",1
"streq r0, [r0, -6]",1
"sbcseq r0, r3, 0xc000000d",1
"movwhs r0, 0x2000",1
"andmi r0, sl, 0x70",1
"streq r0, [r0, -4]",1
"adcseq r0, pc, 0x26c0000",1
"streq r0, [ip, -0]",1
"andeq fp, r2, r1, lsr 3",1
"addseq r0, ip, 0, 16",1
"andge r0, r5, 0",1
"strheq r0, [r0], -r1",1
"stmdaeq r0, {r1, r8, sb, sp}",1
"andeq r0, r0, r1, lsl r3",1
"adcseq sl, r7, 0x14000000",1
"movwhs r0, 0x2000",1
"strteq r0, [lr], 0x804",1
"strge r0, [r5, -r0]",1
"andeq r0, r0, r5, lsr 32",1
"andeq r2, r8, r2, lsl 6",1
"rsbseq r0, sl, 0x6000000",1
"streq r0, [r6], -0",1
"strheq r0, [r0], -r8",1
"andeq sl, r0, fp, lsl 12",1
"andeq ip, r2, r0, lsl 26",1
"addseq r0, r7, r0, lsl 24",1
"andeq r0, r0, r0",1
"rsbseq r0, r3, 0x6000000",1
"strge r0, [fp], -r0",1
"movw r0, 0",1
invalid,1
"muleq r0, r7, r0",1
"streq r0, [r6], -0x27",1
"andeq r0, r0, sb, ror 5",1
"andeq sl, r0, sp, lsl 12",1
"eoreq r0, r5, r0, lsl 28",1
"mrseq r0, apsr",1
"andeq r0, r0, r0, asr r7",1
invalid,1
invalid,1
"andeq r0, r0, 0xac",1
bne 0x4a40c,1
"andne r0, r0, r3",1
"andeq r0, r0, sp, ror r7",1
"rsceq r2, r3, 0x4000",1
"andpl r0, r1, r0",1
"andhi r0, r1, 0, 30",1
invalid,1
"stclge p1, c0, [ip], 0x138",1
"ldclge p0, c0, [ip], 0",1
"stcvc p0, c0, [r2, -0]",1
"movteq r0, 0x1100",1
invalid,1
invalid,1
"andeq r4, r3, lr, asr 2",1
"subseq r0, r0, r0, lsl 2",1
"str r0, [r2, -r4, lsl 2]",1
invalid,1
"andeq sp, r7, r1, lsl 4",1
invalid,1
"strdeq sl, fp, [r0], -ip",1
"strdeq sl, fp, [r0], -r4",1
"andeq r2, r0, r5, lsr 2",1
"andeq r3, r4, r1, lsl 30",1
"ldcge p2, c1, [r8, -0]!",1
"ldcge p0, c0, [r0, 0]!",1
"ldreq r0, [sl], -0",1
blvs 0x4ca280,1
invalid,1
"andeq lr, r2, r0, ror r3",1
"eoreq r5, r1, r0, lsl 2",1
"stclge p4, c1, [r8, -0]",1
"ldreq r0, [r5], 0",1
"orrseq r0, pc, 0",1
"tsteq r5, r0",1
"ldrne r0, [r5, -0x152]!",1
"movweq r5, 0x5101",1
"strheq lr, [r0], -r0",1
"cmpeq r0, r5, lsl r1",1
"andsvs r0, r6, r0, lsr r0",1
"strlt r0, [r0, -sp, lsr 1]",1
"strne r0, [r0], -4",1
"andeq sl, r0, ip, ror 26",1
"andeq r0, r0, fp, asr 9",1
"strheq r0, [r0], -ip",1
"subseq r0, r0, 0x40000005",1
"strne r0, [r0], -0x75",1
"andeq sl, r0, r4, lsl 27",1
"andeq r0, r0, r4, ror 9",1
"andeq r0, r0, r5, ror 7",1
"ldrbeq r0, [r2, -0x115]",1
"rsceq fp, sl, r3, lsl 24",1
"mrspl r1, apsr",1
"strne r7, [r0, -0x602]",1
"andlo r5, r1, r1",1
"rsbseq r0, sp, r5, lsl r2",1
"andeq r7, r0, r2, lsl 8",1
"adceq r8, sp, r6, lsl ip",1
"andeq fp, r4, r0, lsl 14",1
"stcge p4, c1, [r4, 0]!",1
"strbteq r0, [r4], 0",1
"ldreq r0, [r0], -0",1
"tsteq r5, r0",1
"rsbseq r0, r4, r3, asr r2",1
"ldrbeq r0, [r2, -0x115]",1
"rsceq ip, sl, r3",1
"andpl r1, r1, r0, lsl 10",1
"strne r3, [r0], -r1",1
"strheq sl, [r0], -r0",1
"andeq r0, r0, r3, lsl 10",1
"ldcge p6, c1, [r0, -0]",1
"ldreq r0, [r8, -0]",1
invalid,1
"strlt r0, [r0, -sp, lsr 1]",1
"strne r0, [r0], -r4",1
"strheq sl, [r0], -ip",1
"andeq r0, r0, r8, lsl r5",1
"adceq sp, sp, r6, lsl r0",1
"andeq r0, r5, r0, lsl 6",1
"tstvs r7, r0",1
invalid,1
"andeq lr, r2, r4, lsr 6",1
"andge r0, r3, r0, lsl 10",1
"strne r0, [r0, -lr, ror 2]",1
"muleq r0, r3, r7",1
"movteq r2, 0x1e01",1
"movweq r0, 0x5000",1
"andeq r6, r1, r4, lsr 29",1
"andeq ip, r2, r8, lsl sl",1
"strlt r0, [r8, r0, lsl 8]!",1
invalid,1
"ldrbeq r1, [r8, r1, lsl 16]",1
invalid,1
"strheq r0, [r0], -r7",1
"ldrhi r0, [r8], -0x101",1
"streq r0, [r0], -4",1
"andeq fp, r2, sl, lsr 15",1
"stmdane r1, {r8}",1
"strdeq r0, r1, [r0], -r8",1
"rsceq r1, lr, 0x60000000",1
"mrseq r0, apsr",1
"andseq r0, r5, 0x40000006",1
"movwlo r0, 0x7000",1
"andeq sl, r0, r1",1
"ldrteq r0, [r7], 0x100",1
"tst sl, 0",1
bne 0xa3c4,1
"andeq r0, r0, r3, ror 5",1
"andeq r2, r0, sl, lsl r5",1
"tsteq fp, r0",1
"strdeq r0, r1, [r0], -sl",1
"strgt r3, [r1, -0x20c]",1
invalid,1
"eoreq r0, r5, r6, lsl 8",1
"tsteq ip, r0",1
"andeq r0, r0, sp, lsr 15",1
"mrseq r6, apsr",1
"andeq r0, r0, r0, lsr 1",1
"andeq lr, r4, r1, lsl 8",1
"rsceq r1, r3, 0, 20",1
"stcne p0, c0, [r0, -0]",1
"andeq r7, r7, r1, lsl 2",1
invalid,1
"andeq r0, r5, r1, lsl 6",1
"eoreq r1, r5, r0, lsl 20",1
"ldrhs r0, [sl, -0]",1
bne 0xa40c,1
"andeq r0, r0, r3, ror 5",1
"tsteq pc, lr, lsl r0",1
"andeq r0, r0, r7, ror r7",1
invalid,1
"andeq r1, r5, r1, lsl 16",1
"eoreq r1, r5, r0, lsl 20",1
invalid,1
"andeq sl, r7, r1",1
invalid,1
"andeq r0, r0, r5, lsr 32",1
"andeq r3, r5, r1",1
"ldreq r1, [r0, -0xa00]!",1
"streq r0, [r0], -r0",1
"andeq sl, r0, r4, lsl 26",1
"teqeq r4, r0",1
"andeq r0, r2, r0",1
"andeq r0, r0, sb, lsr 14",1
"andeq r0, lr, r4, lsl 2",1
"stc2 p0, c0, [r1, -0]",1
bl 0xa478,1
"vst4.8 {d0, d1, d2, d3}, [r0], r1",1
"strlt r0, [r0], -0xad",1
"andlo r0, r0, 0xae",1
"andeq r0, r0, 9",1
"cdpvs p5, 6, c0, c9, c4, 0",1
"stmdblt r3, {r2, r4, r5, r6}",1
"andeq r0, r0, 5",1
"ldrdeq r3, r4, [r0], -r5",1
"streq r0, [r4, -r0, lsl 8]",1
"andeq r0, r0, r4, lsr 32",1
"strle r0, [r7, -0x404]",1
"streq r0, [r0], -0",1
"eorseq r0, pc, r2, lsl 14",1
"streq r0, [r5], -0",1
"andeq r0, r0, r2, asr r0",1
"andeq r5, r0, r6, lsl 14",1
"stmdaeq r1, {sl}",1
"andeq r0, r0, sl, lsr r0",1
invalid,1
"streq r0, [r0, -r0]",1
"andeq sp, r5, r1, lsl 6",1
"tsteq lr, r0, lsl 2",1
"strheq r0, [r0], -lr",1
"strdeq sl, fp, [r0], -r4",1
"andeq sl, r0, ip, ror 28",1
"andeq r2, r0, r5, lsl 3",1
"andeq fp, r0, r1, lsl 28",1
"strbeq r0, [r6, -r0, lsl 16]!",1
"cdpne p0, 0, c0, c1, c0, 0",1
"andeq r0, r0, ip, asr 32",1
"andeq r2, r0, r5, lsr 3",1
"andeq r5, r6, sb, lsl 14",1
"stcmi p1, c0, [r0], -0",1
"strgt r0, [r0], -r0",1
beq 0xa56c,1
invalid,1
"andeq r0, r0, ip, asr 32",1
"ldrdeq r2, r3, [r0], -sb",1
"andeq lr, r7, sb, lsl 16",1
"strtgt r0, [r2], -0x100",1
invalid,1
"andeq r0, r0, r1, lsr 32",1
"subseq r0, r7, r5, lsl 8",1
invalid,1
"andeq lr, r4, r2, lsl 14",1
svcle 0x10700,1
invalid,1
"eoreq r0, ip, sl, lsr r1",1
"cdpge p0, 6, c0, c12, c0, 0",1
"cdpge p0, 0xb, c0, c4, c0, 0",1
"andshs r0, r8, 0",1
"andhs r0, r1, 0",1
"stmdaeq r0, {r0}",1
"andeq r0, r0, r6, ror 14",1
"subeq r3, ip, r1, lsl 20",1
"eorshs r0, r8, 0",1
invalid,1
invalid,1
"andeq r2, r0, ip, lsr ip",1
"mrrceq p1, 0, r0, r0, c0",1
"strdeq r0, r1, [r0], -r2",1
"eoreq r3, ip, r1, lsl 26",1
"stceq p0, c0, [r0, -0]",1
"andeq sl, r0, r8, ror lr",1
"andeq r0, r0, r2, lsr 2",1
"subseq r0, r0, 0x80000003",1
"andeq r0, r0, r4, ror r0",1
"teqeq r0, 0xc0000003",1
blhi 0xca570,1
"eoreq r0, ip, r1, lsl 2",1
"andne r0, r1, r0",1
"andeq r0, r0, ip, asr 32",1
"addeq r0, r5, r0",1
"andeq r0, r2, r0",1
"andeq r0, r0, r8, lsl 16",1
"andeq r0, lr, r4, lsl 2",1
"mrsne r0, apsr",1
bl 0xa5b4,1
invalid,1
"andeq r0, r0, 9",1
"eoreq r0, r4, r4, lsl 14",1
invalid,1
"andeq r3, r0, r8, lsl 2",1
"streq r0, [r2, -r0, lsl 4]",1
"andeq r0, r0, pc, lsr r0",1
svcne 0x70402,1
"andeq r0, r0, 0",1
"eorseq r0, r3, r1, lsl 12",1
"andeq r0, r2, 0",1
"andeq ip, r0, r5, lsl 22",1
"streq r0, [r4, -0x300]",1
"rsbseq r6, r4, sb, ror 28",1
"andeq r0, r5, r2, lsl 16",1
"andeq r0, r0, 0",1
"andseq r0, sl, r8, lsl 14",1
"streq r0, [r2], -0",1
"andeq r0, r0, r5, lsl 10",1
"streq r0, [r4, -r0, lsl 4]",1
"ldrdeq r0, r1, [r0], -r5",1
blo 0x20a9f4,1
"streq r0, [r0], -0",1
"andeq r0, r0, r7, asr 32",1
"andeq pc, r4, r5, lsl 16",1
"tstvc r8, r0, lsl 2",1
invalid,1
"cdpvs p3, 3, c0, c4, c5, 0",1
blgt 0xa60c,1
"andeq r0, r0, 0",1
"andeq r4, r8, r0, lsl 12",1
"cdpeq p4, 0, c0, c1, c0, 0",1
invalid,1
"andeq r0, r0, r0, lsr 16",1
"andeq r0, r0, fp, ror 3",1
"strheq sl, [r0], -r4",1
"andeq sl, r0, r0, lsr 30",1
"andeq r0, r0, r4, lsr 20",1
"movwlo r0, 0x6102",1
"andeq r0, r0, 0",1
"sbceq r0, fp, r2, lsl 10",1
"streq r0, [r3], -0",1
"strbtvc r6, [lr], -0x905",1
"streq r0, [r8, -0x200]",1
"andeq r0, r0, r0",1
invalid,1
"andeq r0, r0, 0",1
"eorseq r0, pc, r2, lsl 14",1
"streq r0, [r2], -0",1
"andeq r2, r0, r7, lsl 8",1
"streq r0, [r8, -r0, lsl 4]",1
"andeq r0, r0, sl, lsl r0",1
"andeq sb, r1, r4",1
"strpl r0, [ip], r0, lsl 4",1
"andeq r0, r0, 0",1
"andseq r0, pc, r4, lsl 14",1
"streq r0, [r2], -0",1
"andeq r0, r0, r5, lsl 10",1
"streq r0, [r4, -r0, lsl 4]",1
"ldrdeq r0, r1, [r0], -r5",1
"addeq r0, r3, r5, lsl 8",1
invalid,1
"andeq r3, r0, r8, lsl 20",1
svcpl 0x10600,1
invalid,1
"rsbseq r0, sp, r4, lsr 2",1
"cdpge p0, 0xb, c0, c4, c0, 0",1
svcge 0x200000,1
"rsbhs r0, r4, 0",1
"streq r0, [r1, -r0]",1
"strhs r0, [r1], -0x69",1
"andeq r0, r0, sp, asr r0",1
"andeq r2, r0, r4, lsl 5",1
"ldrbtvs r6, [r5], -r7, lsl 4",1
"stcvc p1, c0, [r4, -0]!",1
invalid,1
"stmdaeq r0, {r1, r5}",1
invalid,1
"andeq r0, r0, sp, ror r0",1
"ldrdeq r2, r3, [r0], -sp",1
"ldrbteq r0, [r7], -0",1
"andeq r0, r2, r0",1
"strheq r0, [r0], -lr",1
"andeq r0, lr, r4, lsl 2",1
"andlo r0, r1, r0",1
bl 0xa70c,1
"andhs r0, r0, r1",1
"stmdale r0, {r0, r1, r2, r3, r5, r7}",1
"cdphi p0, 0, c0, c0, c15, 5",1
"andeq r0, r0, 0xa",1
"cdpvs p5, 6, c0, c9, c4, 0",1
"stmdblt r3, {r2, r4, r5, r6}",1
"andeq r0, r0, 5",1
"ldrdeq r3, r4, [r0], -r5",1
"streq r0, [r4, -r0, lsl 8]",1
"andeq r0, r0, r4, lsr 32",1
invalid,1
"streq r0, [r0], -0",1
"eorseq r0, pc, r2, lsl 14",1
"streq r0, [r4], -0",1
"andeq r1, r0, r7, lsl 30",1
"streq r0, [r1], -r0, lsl 8",1
"andeq r0, r0, r3, lsr r0",1
blgt 0x14af44,1
"streq r0, [r0], -0",1
"andeq r0, r0, r8, lsl 10",1
invalid,1
"andeq r1, r0, r7, lsl 20",1
"andseq r0, pc, 0, 6",1
"strlo r0, [r3, -r0]",1
"andeq r0, r0, r1, rrx",1
"andeq r7, r4, r3, lsl 6",1
"strhi r0, [ip, 0x300]",1
"streq r0, [r0], -0",1
"andeq r0, r5, r4, lsl 10",1
invalid,1
"movweq r0, 6",1
"andeq r6, r0, sp, lsl 31",1
"streq r0, [r4, -r0, lsl 8]",1
"ldrdeq r0, r1, [r0], -r5",1
"streq r0, [r6], -0x405",1
"andeq r0, r0, r6, lsr 1",1
blo 0x20ab90,1
"streq r0, [r0, -r0]",1
"andeq r0, r0, r6, asr r4",1
"ldmvs r6!, {r3, r4, r7, sl} ^",1
"stmdaeq r0, {r1}",1
"muleq r0, r3, sl",1
"eoreq pc, r5, r4, lsl 14",1
"movwhs r0, 0x2000",1
"streq r0, [ip], -0x800",1
invalid,1
"andeq r0, r0, r0, lsr 1",1
"stmdaeq r4, {r1, r8, sb, sp}",1
"strheq r0, [r0], -r2",1
"adceq pc, r0, r4, lsl 26",1
"movwhs r0, 0x2000",1
"strbeq r0, [lr], -r8, lsl 16",1
"cdp2 p0, 0, c0, c4, c0, 0",1
"andeq r0, r0, r0, lsr 1",1
"stmdaeq ip, {r1, r8, sb, sp}",1
"andeq r0, r0, r4, lsr 14",1
"adceq pc, r0, r4, lsl 30",1
"movwhs r0, 0x2000",1
"rscseq r0, sb, 16, 18",1
"andeq r0, r4, r0",1
"andeq sl, r0, r1",1
"strtne r0, [r3], -0x200",1
"andeq sb, r6, sb, lsl 4",1
"mrseq r0, apsr",1
"andeq r0, r0, r0, lsr 1",1
"ldmdbeq r8, {r1, r8, sb, sp}",1
"andeq r0, r0, r4, asr 2",1
"andge r0, r1, r4, lsl 4",1
"andeq r0, r0, 0",1
"streq r1, [sb, -0xc23]",1
"streq r0, [r0], -5",1
"adceq r0, r0, r3, lsl 2",1
"movwhs r0, 0x2000",1
"teqeq r7, 32, 18",1
"streq r0, [r4, -0]",1
"andeq sl, r0, r1",1
"strths r0, [r3], -0x200",1
"andeq sp, r6, sb, lsl 14",1
invalid,1
"andeq r0, r0, r0, lsr 1",1
"stmdbeq r8!, {r1, r8, sb, sp}",1
"andeq r0, r0, ip, asr r6",1
"andge r0, r1, r4, lsl 14",1
"andeq r0, r0, 0",1
blt 0x2558cc,1
"streq r0, [r0], -4",1
"adceq r0, r6, 0x40000002",1
"movwhs r0, 0x2000",1
"rsceq r0, r7, r0, lsr sb",1
bleq 0x10a854,1
"andeq sl, r2, r1, lsl 24",1
"strtlo r0, [r3], -0x200",1
"andeq sl, r1, sb, lsl 6",1
"mrseq r0, apsr",1
"andeq r0, r0, r5, lsr 32",1
"ldmdbeq r8!, {r1, r8, sb, sp}",1
"andeq r0, r0, r4, ror r3",1
"strhs r1, [r1, -0x104]",1
"andeq r0, r0, 0",1
"stmdapl sb, {r0, r1, r5, sl, fp, ip, sp}",1
"streq r0, [r0], -2",1
"rsbseq r0, sl, r3, lsl r1",1
"movwhs r0, 0x2000",1
"andeq r0, sb, 64, 18",1
"strne r0, [r4, -r0]",1
"andeq r4, r0, r1, lsl 10",1
"strtmi r0, [r3], -0x200",1
"andeq r5, r5, sb",1
"tsteq r8, r0, lsl 8",1
"andeq r0, r0, r3, asr r0",1
"stmdbeq r6, {r1, r8, sb, sp} ^",1
"andeq r0, r0, r2, lsl r1",1
"andlt r1, r1, 4, 18",1
"andeq r0, r0, 2",1
"cdpvs p7, 0, c4, c9, c3, 1",1
"streq r0, [r0], -3",1
"sbceq r0, r2, 0x40000007",1
"movwhs r0, 0x2000",1
"subseq r0, ip, 72, 18",1
"strhs r0, [r4], -r0",1
"andeq r8, r0, r1, lsl 24",1
"eorpl r0, r3, r0, lsl 4",1
"andeq r7, r6, sb, lsl 12",1
invalid,1
"muleq r0, lr, r0",1
"ldmdbeq r8, {r1, r8, sb, sp} ^",1
"andeq r0, r0, sp, ror r6",1
"cdpls p0, 0, c3, c1, c4, 0",1
"andeq r0, r0, 0",1
"strhi r5, [sb], -0xc23",1
"streq r0, [r0], -6",1
"addseq r0, lr, r1, lsr r1",1
"movwhs r0, 0x2000",1
"streq r0, [fp], r0, ror 18",1
"andlo r0, r4, 0",1
"andeq sb, r0, r1, lsl 28",1
"strtvs r0, [r3], -0x200",1
"andeq r8, r2, sb, lsl 24",1
"teqeq r3, r0, lsl 8",1
"andeq r0, r0, ip, lsr 32",1
"stmdbeq r8!, {r1, r8, sb, sp} ^",1
"andeq r0, r0, fp, lsr 7",1
"strhs r3, [r1, -0x504]",1
"andeq r0, r0, 0",1
"andge r6, sb, r3, lsr 24",1
"streq r0, [r0], -6",1
"sbceq r0, r8, 0xc000000d",1
"movwhs r0, 0x2000",1
"andmi r0, sl, 0x70",1
"streq r0, [r0], -4",1
"adcseq r0, pc, 0x26c0000",1
"streq r0, [ip], -0",1
"andeq sl, r2, r1, lsr 13",1
"addseq r0, ip, 0, 16",1
"andge r0, r4, 0",1
"andeq r0, r0, r6, lsr 5",1
"stmdaeq r0, {r1, r8, sb, sp}",1
"andeq r0, r0, r1, lsl r3",1
"adceq sl, ip, 4, 6",1
"movwhs r0, 0x2000",1
"strteq r0, [lr], 0x804",1
"strge r0, [r4, -r0]",1
"andeq r0, r0, r5, lsr 32",1
"andeq r2, r8, r2, lsl 6",1
"rsbeq r0, pc, 0x6000000",1
"streq r0, [r6], -0",1
"andeq r0, r0, sp, lsr 1",1
"andeq sl, r0, fp, lsl 12",1
"andeq ip, r2, r0, lsl 4",1
"addseq r0, r7, r0, lsl 24",1
"andeq r0, r0, r0",1
"rsbeq r0, r8, 0x6000000",1
"strge r0, [fp], -r0",1
invalid,1
invalid,1
"muleq r0, r7, r0",1
"streq r0, [r6], -0x27",1
"ldrdeq r0, r1, [r0], -lr",1
"andeq sl, r0, sp, lsl 12",1
"stmdb r4, {sb, sl}",1
"cdpeq p0, 0, c0, c0, c2, 0",1
"mrseq r0, apsr",1
"strhs r0, [r1, -r0]",1
"adceq r2, pc, r1",1
"adceq sp, pc, r0, lsl 16",1
"eoreq r0, r3, r0, lsl 16",1
invalid,1
"cdphi p0, 1, c0, c0, c0, 0",1
invalid,1
"andeq sp, r2, r7, lsr 16",1
"eoreq r2, r3, r0, lsl 16",1
"strhs r1, [r6, -0x100]!",1
"cdphs p0, 0, c0, c1, c0, 0",1
"ldrdeq r0, r1, [r0], -r8",1
"andeq r2, r0, r2, ror r3",1
"andeq r5, r6, r2, lsl r7",1
"stmdale pc!, {r8}",1
invalid,1
svcge 0x441355,1
"streq r0, [r8], -0",1
"cmpeq r1, 0",1
"tsteq r4, r0",1
"smlsdlo r8, r2, r2, r0",1
"cmpeq r1, r4, lsl r1",1
"andpl r1, r1, r1, lsr r4",1
b 0xff10b638,1
"strne r0, [r0, -0]",1
"andeq sl, r0, r8, asr 30",1
"andeq r0, r0, r3, lsr r4",1
"adceq r5, pc, r3, lsl r4",1
"andeq r3, r4, r0, lsl 28",1
"andeq r7, r3, r0, lsl 8",1
"mrspl r1, apsr",1
"strtne r0, [pc], -0x802",1
"strvc r5, [r2], -1",1
invalid,1
invalid,1
"strls r0, [r0], -r4",1
"strne r0, [r0], -3",1
"strlo r5, [r1, -r1, lsl 4]",1
"ldrbeq r0, [r1, -0x114]",1
"rsceq pc, sl, r3, lsl 24",1
"andpl r1, r1, r0, lsl 8",1
"rsbseq r7, sb, r2, lsl 10",1
"adceq sb, pc, r6, lsl r4",1
"andeq r5, r4, r0, lsl 24",1
"andpl r1, r1, 0, 8",1
"tsteq r4, r1, lsl 6",1
"streq r0, [r3], -0x551",1
"strne r0, [r0], -0xeb",1
"strvc r5, [r2, -1]",1
"strne r0, [r0, -r0]",1
"andeq r0, r0, r5, lsl 2",1
"sbcseq r2, r8, 0x40000000",1
"streq r0, [r1, -0]",1
invalid,1
"stmdaeq lr!, {fp, ip} ^",1
"strlo r0, [r5], -r0",1
"andeq r0, r0, r0, lsr 1",1
"andspl r0, r8, r1, lsl 2",1
"streq r0, [r0, -8]",1
"andeq sl, r0, r6, lsr r0",1
"stmdane r1, {r8}",1
"andeq r0, r0, sl, asr 5",1
"adceq sl, ip, 0x60000",1
"mrseq r0, apsr",1
"andeq sp, r7, r8, lsl r8",1
"stcge p6, c0, [sb], 0",1
invalid,1
"streq r1, [r4], 0x801",1
bge 0x18aad8,1
"andeq r0, r0, ip, lsr 5",1
"tsteq sb, r1, lsl 2",1
"andeq r0, r0, pc, lsr r8",1
"stmdaeq sb, {r0, r1, r2} ^",1
"strlo r0, [r1, -r0]",1
invalid,1
"andeq r0, r0, r3, lsr r4",1
"andeq lr, r2, sl, lsl r3",1
"eorseq r1, r7, r0, lsl 20",1
"ldrlo r0, [sl, -r0]",1
bne 0xab04,1
"muleq r0, lr, r0",1
"and r1, r1, 0, 22",1
"stmdaeq r0, {r0, r2}",1
invalid,1
"stmeq r6, {r2, r3, r4, r8}",1
"movweq r0, 0x9000",1
"adceq r0, r0, r1, lsl 2",1
invalid,1
bne 0xab38,1
"ldrdeq r0, r1, [r0], -r8",1
"andeq r2, r0, sl, lsl r5",1
"tsteq sp, r0",1
"andeq r0, r0, r1, lsl r5",1
"strhs r8, [r1, -0xf09]",1
invalid,1
"andeq sp, r2, sl, lsl r8",1
"sbcseq r1, r8, 0, 20",1
invalid,1
"andeq r0, r0, r0",1
"eoreq lr, r3, r0, lsl 2",1
blmi 0xb358,1
"streq r0, [r0], -0xa",1
"andeq r0, r0, r1, lsl 28",1
"ldmeq sl, {r8} ^",1
invalid,1
svcge 0xd80000,1
"ldrbtgt r0, [r8], -r0",1
bleq 0xfe50ab74,1
"streq r0, [r2], -0",1
"strbtvc r6, [lr], -0x905",1
"ldreq r0, [sb, 0x300]!",1
"strle r0, [r5, -0]",1
"andeq r0, r0, r7, lsr r0",1
"strhs r0, [r7], -0x404",1
"streq r0, [r0, -0]",1
"andeq r0, r0, r5, lsl 18",1
"strlo r4, [r1, -r5, lsl 10]",1
"streq r0, [r0], -r0",1
"andeq r0, r0, r1, lsr 24",1
"stchi p6, c0, [r0, -0x10]!",1
"streq r0, [r0, -r0]",1
"andeq r0, r0, r3, lsr 21",1
bleq 0x1cc7b0,1
"streq r0, [r1, -r0]",1
"strheq r0, [r0], -ip",1
invalid,1
"streq r0, [r3, -r0]",1
"andeq r0, r0, sp, ror 18",1
bleq 0x110c7d8,1
"streq r0, [r5, -r0]",1
"andeq r0, r0, pc, lsl 23",1
bleq 0xfe38c7ec,1
"streq r0, [r7, -r0]",1
"andeq r0, r0, r3, ror fp",1
invalid,1
"streq r0, [r0], -0xa",1
"adceq sp, ip, r6, lsl 6",1
invalid,1
invalid,1
"andeq sl, fp, r7, lsl 26",1
"stmdale r7, {sb}",1
"streq r0, [r0], -0xc",1
"stmdaeq r1, {sl}",1
"andeq r0, r0, r1, lsr r0",1
svclo 0x70204,1
"streq r0, [r0], -0",1
"andseq r0, pc, r4, lsl 14",1
invalid,1
"andeq r3, r0, r6, lsl 6",1
"streq r0, [r2, -0x400]",1
"andeq r0, r0, fp, asr 1",1
"andeq r0, r5, r4, lsl 16",1
"streq r0, [r0], -0",1
"andseq r0, sl, r8, lsl 14",1
svcne 0x30000,1
"streq r0, [r0, -r2]",1
"andeq ip, r0, r7, lsr pc",1
"ldrbteq r0, [r3], -0x300",1
invalid,1
"strdeq r0, r1, [r0], -r3",1
"streq r0, [r5, -0x404]",1
"movweq r0, 0",1
"andeq r0, r0, ip, lsr r6",1
"sbcseq r8, sp, r7, lsl 26",1
"streq r0, [r4], -0",1
"andeq sp, r0, r7, lsl 10",1
"strbeq r0, [r0, 0x300]",1
"strls r0, [r7], -0",1
"strdeq r0, r1, [r0], -r3",1
"streq r0, [sb], -0x408",1
"andeq r0, r0, pc, lsl r1",1
blo 0x20b084,1
beq 0xac78,1
"eorshi r1, r0, 4",1
"streq r0, [r0, -r1]",1
"andeq r0, r0, lr, asr 13",1
"stmdble r7, {r7, sb}",1
"andhi r0, r0, r3",1
invalid,1
invalid,1
"andeq r7, r1, r7, lsl 16",1
"ldreq r8, [r0, -r0]",1
"andeq r0, r0, sb, asr 11",1
"movwhs r2, 0x7080",1
"andhi r0, r0, r1",1
"strmi r0, [r7, -r0, asr 1]",1
"andhi r0, r0, r7",1
"cdple p1, 0, c0, c7, c0, 4",1
"andhi r0, r0, r0",1
svcpl 0x70280,1
invalid,1
"andeq sl, r5, r7, lsl 22",1
"movwls r0, 0x7200",1
"streq r0, [r0], -2",1
"andeq fp, r6, r7, lsl 14",1
"stmdbeq r0, {fp}",1
"andeq r8, r1, r4, lsl 16",1
"adcseq r0, r3, r0, lsl 22",1
"streq r0, [sb], -0",1
"muleq r0, r3, r1",1
"andeq r1, r1, fp, lsl 30",1
"strhs r0, [r4, -0x900]",1
"movweq r0, 0",1
"andeq r0, r0, r2, asr 11",1
invalid,1
svcne 0xc0000,1
"stmdblt r0, {r0}",1
"stceq p0, c0, [r0, -4]",1
"andeq r0, r0, r5, lsl 2",1
"streq r0, [sb], -3",1
"strheq r0, [r0], -pc",1
"ldrbeq r0, [r6], -0xf0e",1
invalid,1
"strdeq r7, r8, [r3], -r6",1
beq 0xfe4ced20,1
invalid,1
"andeq r0, r0, r5, lsr 32",1
"andne r2, r0, r2, lsl 6",1
"andeq r0, r0, ip, lsl 8",1
"tsteq sb, sb, lsl 24",1
"movwhs r0, 0x2000",1
invalid,1
"stc2 p0, c0, [sb, -0]",1
"andeq r0, r0, sb, lsl r1",1
"andne r2, r8, r2, lsl 6",1
"andeq r0, r0, lr, asr 12",1
"tsteq sb, sb, lsl 28",1
"movwhs r0, 0x2000",1
"streq r1, [r4, -ip]!",1
invalid,1
"andeq r0, r0, sb, lsl r1",1
"tstne r0, r2, lsl 6",1
"strdeq r0, r1, [r0], -sb",1
"stmdbne r1, {r0, r3}",1
"andeq r0, r0, 1",1
"andsls r1, r1, 0x23000000",1
"stmdbeq r0, {r1, r2}",1
"tsteq sb, r1, lsl 2",1
"movwhs r0, 0x2000",1
invalid,1
"andeq r0, sb, 0",1
"andeq r1, r1, r1, lsl 18",1
"stcne p2, c0, [r3], -0",1
"andeq r0, r5, r1, lsl r5",1
"mrseq r0, apsr",1
"andeq r0, r0, sb, lsl r1",1
invalid,1
"andeq r0, r0, r7, lsr r3",1
"stmdbne r1, {r0, r3, r8, sl}",1
"andeq r0, r0, 1",1
"ldrle r2, [r1, -r3, lsr 8]",1
"stmdbeq r0, {r1, r2}",1
"tsteq sb, r6, lsl 2",1
"movwhs r0, 0x2000",1
"ldrbeq r1, [ip], -r8, lsr 2",1
"streq r0, [sb, -r0]",1
"andeq r1, r1, r1, lsl 18",1
"stchs p2, c0, [r3], -0",1
"andeq fp, r4, r1, lsl sl",1
"mrseq r0, apsr",1
"andeq r0, r0, pc, lsl r4",1
"teqne r0, r2, lsl 6",1
"andeq r0, r0, r7, ror 1",1
"strhs r0, [r1, -0xb09]",1
"andeq r0, r0, 4",1
"tstge r1, 0x23000000",1
"stmdbeq r0, {r0}",1
"eoreq r0, r5, sp, lsl 2",1
"movwhs r0, 0x2000",1
"cmneq r4, 56, 2             ; 0x38",1
"mrsne r0, apsr",1
"andeq r2, r0, r1, lsl 10",1
"stclo p2, c0, [r3], -0",1
"andeq r5, r2, r1, lsl r8",1
"tsteq r3, r0, lsl 18",1
"andeq r0, r0, r8, ror 1",1
invalid,1
"andeq r0, r0, sb, lsl 4",1
"movwlt r1, 0x1709",1
"andeq r0, r0, 0",1
"andspl r4, r1, r3, lsr 8",1
"stmdbeq r0, {r0, r2}",1
"sbceq r0, r1, r8, lsl r1",1
"movwhs r0, 0x2000",1
"tsteq r2, r6, asr 2",1
invalid,1
"andeq r2, r4, r1, lsl 22",1
"strmi r0, [r3, -r0, lsl 4]!",1
"andeq r6, r3, r1, lsl lr",1
"tsteq sp, r0, lsl 18",1
"andeq r0, r0, fp, lsr r4",1
invalid,1
"andeq r0, r0, ip, asr r2",1
blx 0x54680,1
"andeq r0, r0, 0",1
"ldrvc r5, [r1], -r3, lsr 32",1
"stmdbeq r0, {r1, r2}",1
"tsteq r7, pc, lsr 2",1
"movwhs r0, 0x2000",1
"uhsaxeq r1, sp, r8",1
"andlo r0, sb, r0",1
"andeq r1, r1, r1, lsl 14",1
"stcpl p2, c0, [r3], -0",1
"andeq r8, r6, r1, lsl r4",1
"teqeq r1, r0, lsl 18",1
"andeq r0, r0, r7, lsl r1",1
invalid,1
"andeq r0, r0, fp, lsl 13",1
"strne r3, [r1, -sb, lsl 4]",1
"andeq r0, r0, 1",1
invalid,1
"stmdbeq r0, {r1}",1
"eoreq r0, ip, r3, lsr r1",1
"movwhs r0, 0x2000",1
invalid,1
"strlo r0, [sb, -0]",1
"andeq r2, r0, r1, lsl 10",1
"stcvs p2, c0, [r3], -0",1
"andeq sl, r6, r1, lsl r0",1
"teqeq r7, r0, lsl 18",1
"andeq r0, r0, r1, asr 8",1
"rsbseq r2, r0, r2, lsl 6",1
"andeq r8, sp, r5, lsl 14",1
invalid,1
"andeq r0, r0, r7, lsr r0",1
"strpl r0, [sl, -0x412]",1
"andeq r0, r0, r6, lsr 7",1
"andeq r8, fp, r3, lsl r8",1
"ldrblo r0, [r8, -r0, lsl 20]",1
"movwne r0, 0",1
"strheq r0, [r0], -r6",1
invalid,1
"strne r0, [r0], -0",1
blgt 0x148d71c,1
"andne r0, r0, r3",1
"ldrdeq r0, r1, [r0], -r7",1
"eoreq r5, r5, sl, lsl 8",1
"movwhs r0, 0x2000",1
bleq 0x6cef10,1
"stcpl p0, c0, [sl, -0]",1
"andeq r0, r0, r7, lsl 7",1
"andeq r2, r4, r2, lsl 6",1
"andeq r4, ip, r3, lsl 24",1
"ldrbge r0, [lr], -r0, lsl 20",1
"movweq r0, 3",1
"andeq r0, r0, lr, asr 24",1
"biceq r6, fp, 0xa000",1
"andsmi r0, r5, 0",1
"stmdbeq r0, {r2}",1
"adcseq r0, pc, 0x26c",1
invalid,1
"andeq r1, r4, r1, lsr 31",1
"addseq r1, ip, 0",1
"andge r0, sb, 0",1
"andeq r0, r0, pc, lsl r4",1
"andne r2, r0, r2, lsl 6",1
"andeq r0, r0, r1, lsl r3",1
"strteq sl, [r5], -0x309",1
"movwhs r0, 0x2000",1
"strteq r1, [lr], 4",1
"strge r0, [sb, -r0]",1
"andeq r0, r0, r5, lsr 32",1
"andeq r2, r8, r2, lsl 6",1
invalid,1
"streq r0, [sb], -0",1
"andeq r0, r0, r0, asr 3",1
"andeq r1, r1, ip, lsl 30",1
"andeq r3, r4, r0, lsl 22",1
"mrseq r0, apsr",1
"andeq r0, r0, r0",1
invalid,1
svcne 0xc0000,1
invalid,1
"stceq p0, c0, [r0, -0x10]",1
"andeq r0, r0, r5, lsl 2",1
"cdppl p0, 0, c0, c15, c7, 1",1
"andlo r0, r0, ip",1
"strteq r3, [r4], 0x701",1
invalid,1
invalid,1
"andeq r4, r0, sl, lsr sl",1
"eoreq r0, r3, r0, lsl 4",1
"andeq sb, sl, r0, lsl r4",1
"ldrhs r0, [sp, -0x100]!",1
"andeq r0, r0, 0",1
invalid,1
invalid,1
"andeq sl, r4, r1, asr 8",1
"stmdaeq r3!, {sb}",1
"andeq r5, lr, r0, lsl r7",1
"stclhi p1, c0, [r4, -0]",1
"andeq r0, r0, 1",1
bllo 0x415074,1
invalid,1
"andeq r8, r1, r7, asr 26",1
"stchs p2, c0, [r3], -0",1
"eorseq r0, r7, r0, lsl 24",1
"ldrteq r0, [r4], 0",1
"streq r0, [sp, -0]",1
"streq r0, [r0, -r1]",1
"stcleq p6, c1, [fp], 0",1
invalid,1
"strbteq r0, [r0], 0x2d3",1
invalid,1
invalid,1
invalid,1
"movwhs r0, 0x2000",1
"cmnvs r6, r0, lsl 14",1
"strle r0, [r1], -ip, rrx",1
"andeq r1, r1, r2, lsl 18",1
"strteq r0, [r3], -0x200",1
"str r1, [r1, -r0, lsl 16]",1
"movweq r0, 0xb",1
"tsteq r7, ip, asr 2",1
"mrseq r0, apsr",1
"andeq r0, r0, r5, lsl r5",1
"andeq r8, sl, sb, lsl r1",1
"strbne r0, [ip, -r0, lsl 6]",1
"stmdbne r0, {r0}",1
"andeq r0, r0, r1, lsl 25",1
"eoreq r4, r5, r3, lsl 24",1
"ldreq r0, [sb, -r0]",1
"movweq r0, 0xa",1
"andeq r2, r0, ip, asr 24",1
"tsteq sl, r0",1
"andeq r0, r0, r4, lsr 25",1
"stmdbne r1, {r2, sb, fp, ip, lr, pc}",1
"movweq r0, 1",1
"andeq r0, r0, r1, lsr r5",1
"streq r6, [r0], -0xe1b",1
"ldrdeq r2, r3, [r0], -sl",1
"andsmi r0, ip, r0",1
invalid,1
"ldrbeq r0, [r1], -0x1b3",1
svcge 0xd80000,1
"eorlt r0, ip, r0",1
"orrhs r0, r5, 0",1
"strvc r0, [r1], -0",1
"stcne p0, c0, [r0, -0x14]",1
"andeq r0, r0, sb, lsr 24",1
"subeq fp, sl, r1, lsl 6",1
invalid,1
svcvs 0x1e0000,1
invalid,1
invalid,1
svcne 0x23,1
"andeq fp, r0, r4, lsr 32",1
"andeq r2, r0, r0, asr 4",1
"ldceq p0, c2, [r4, -0]",1
"movwge r0, 0x2000",1
"andeq r2, r0, r1, lsl 10",1
"streq r0, [sl], -r0, lsl 6",1
"tstvc fp, 0",1
"movwge r0, 0x2031",1
"andeq r0, r0, sp, lsl 3",1
"eorseq r7, r2, fp, lsl r3",1
"orreq sl, sp, r2, lsl 6",1
"tstvc fp, 0",1
"andeq r3, r0, 0x32",1
"andeq r1, r1, r3, lsr 31",1
"rsbslo r1, r3, 0, 22",1
"movwge r0, 0x2031",1
"andeq r0, r0, pc, lsl r1",1
"eorslo r7, r2, 0x6c000000",1
svcne 0xa30200,1
blne 0xb110,1
"eorseq r3, r3, r3, ror r2",1
"tsteq pc, r2, lsl 6",1
"tstvc fp, 0",1
"andeq r3, r0, 0x32000000",1
"andeq r1, r1, r3, lsr 31",1
"rsbslo r1, r3, 0, 22",1
"movwge r0, 0x2035",1
"andeq r0, r0, pc, lsl r1",1
"shadd16lo r7, r2, fp",1
svcne 0xa30200,1
blne 0xb13c,1
"eorseq r3, r7, r3, ror r2",1
"tsteq pc, r2, lsl 6",1
"tstvc fp, 0",1
"andeq r3, r0, 0x320000",1
"andeq r1, r1, r3, lsr 31",1
svcpl 0x222100,1
"andeq r6, r0, 0x7c000001",1
"andeq r2, r0, r5, lsr 11",1
"andhs r0, r0, r0",1
"andeq r0, r0, pc, lsl sp",1
"strhs sb, [r1, -0x502]",1
"movweq r0, 0",1
"muleq r0, r5, r6",1
"eorseq r7, r1, fp, lsl r3",1
"orreq sb, sp, r2, lsl 10",1
"tstvc fp, 0",1
"strls r0, [r2, -0x32]",1
"andeq r0, r0, sp, lsl 3",1
"teqlo r2, fp, lsl r3",1
svcne 0x950200,1
blne 0xb190,1
"eorseq r3, r2, r3, ror r2",1
"tsteq pc, r2, lsl 10",1
"tstvc fp, 0",1
"andeq r3, r0, 0xc8000000",1
"muleq r1, r5, pc",1
"rsbslo r1, r3, 0, 22",1
"strls r0, [r2, -0x34]",1
"andeq r0, r0, pc, lsl r1",1
"ldrlo r7, [r2, -0x31b]!",1
svcne 0x950200,1
blne 0xb1bc,1
"eorseq r3, r6, r3, ror r2",1
"tsteq pc, r2, lsl 10",1
"tstvc fp, 0",1
"andeq r3, r0, 0xc80000",1
"muleq r1, r5, pc",1
"rsbslo r1, r3, 0, 22",1
"strls r0, [r2, -0x38]",1
"andeq r0, r0, pc, lsl r1",1
svcpl 0x5f2221,1
"strls r0, [r2, -r3, rrx]",1
"andeq r0, r0, r5, lsr 32",1
bhs 0x80b1e8,1
"andeq r0, r0, 0xd",1
"eoreq r0, r5, r7, lsl 3",1
"strne r0, [r3, -0]",1
blne 0xb214,1
"andeq r3, r0, 0xc000001c",1
"andeq r8, r1, r7, lsl 27",1
"rsbslo r1, r3, 0, 22",1
"stchi p2, c0, [r7]",1
blne 0xb210,1
"eorseq r3, r2, r3, ror r2",1
"tsteq pc, r2, lsl 14",1
"tstvc fp, 0",1
"andeq r3, r0, 0xc8000000",1
"andeq r1, r1, r7, lsl 31",1
"rsbslo r1, r3, 0, 22",1
"smladxhi r2, r4, r0, r0",1
"andeq r0, r0, pc, lsl r1",1
"ldrlo r7, [r2, -0x31b]!",1
svcne 0x870200,1
blne 0xb23c,1
"eorseq r3, r6, r3, ror r2",1
"tsteq pc, r2, lsl 14",1
"tstvc fp, 0",1
"andeq r3, r0, 0xc80000",1
"andeq r1, r1, r7, lsl 31",1
"rsbslo r1, r3, 0, 22",1
"smladxhi r2, r8, r0, r0",1
"andeq r0, r0, pc, lsl r1",1
svcpl 0x5f2221,1
"stmdbhi r2, {r0, r1, r5, r6}",1
"andeq r0, r0, r5, lsr 32",1
"strlo r0, [r0, -0]!",1
"andeq r0, r0, 0xd",1
"eoreq r0, r5, sb, ror r1",1
bhi 0xcb274,1
blne 0xb294,1
"andeq r3, r0, 0xc000001c",1
"andeq r8, r1, sb, ror sp",1
"rsbslo r1, r3, 0, 22",1
"ldclhi p2, c0, [sb, -0]!",1
blne 0xb290,1
"eorseq r3, r3, r3, ror r2",1
"tsteq pc, r2, lsl 18",1
"tstvc fp, 0",1
"andeq r3, r0, 0x32000000",1
"andeq r1, r1, sb, ror pc",1
"rsbslo r1, r3, 0, 22",1
"stmdbvc r2, {r0, r2, r4, r5}",1
"andeq r0, r0, pc, lsl r1",1
"shadd16lo r7, r2, fp",1
svcne 0x790200,1
blne 0xb2bc,1
"eorseq r3, r7, r3, ror r2",1
"tsteq pc, r2, lsl 18",1
"tstvc fp, 0",1
"andeq r3, r0, 0x320000",1
"andeq r1, r1, sb, ror pc",1
svcpl 0x222100,1
"andeq r6, r0, 0x7c000001",1
"andeq r2, r0, fp, ror r5",1
"andhs r0, r0, r0",1
"andeq r0, r0, sp, lsl 18",1
"strhs r6, [r1, -0xb02]",1
"movweq r0, 0",1
"strdeq r0, r1, [r0], -r4",1
"eorseq r7, r1, fp, lsl r3",1
"orreq r6, sp, r2, lsl 22",1
"tstvc fp, 0",1
blvs 0x8b3c4,1
"andeq r0, r0, sp, lsl 3",1
"ldrtlo r7, [r2], -0x31b",1
svcne 0x6b0200,1
blne 0xb310,1
"eorseq r3, r5, r3, ror r2",1
"tsteq pc, r2, lsl 22",1
"tstvc fp, 0",1
"andeq r3, r0, 0x3200000",1
"andeq r1, r1, fp, ror 30",1
"rsbslo r1, r3, 0, 22",1
blvs 0x8b404,1
"andeq r0, r0, pc, lsl r1",1
"ldmdalo r2!, {r0, r1, r3, r4, r8, sb, ip, sp, lr}",1
svcne 0x6b0200,1
invalid,1
"cmpvs pc, 34, 30            ; 0x22",1
"strbhs r0, [sp, -0x200]!",1
"andeq r0, r0, r0",1
"ldmdbeq r8, {sp}",1
"stcpl p0, c0, [r2, -0]",1
"andeq r2, r0, r1, lsl 10",1
"ldmdaeq r3, {r8, sb} ^",1
"tstvc fp, 0",1
"stcpl p0, c0, [r2, -0xc4]",1
"andeq r0, r0, sp, lsl 3",1
"eorseq r7, r2, fp, lsl r3",1
"orreq r5, sp, r2, lsl 26",1
"tstvc fp, 0",1
"andeq r3, r0, 0xc800000",1
"andeq r1, r1, sp, asr pc",1
"rsbslo r1, r3, 0, 22",1
"stcpl p0, c0, [r2, -0xd8]",1
"andeq r0, r0, pc, lsl r1",1
invalid,1
svcne 0x5d0200,1
blne 0xb390,1
"eorseq r3, r8, r3, ror r2",1
"tsteq pc, r2, lsl 26",1
"eorhs r0, r1, 0",1
"rsbeq r5, r3, pc, asr pc",1
"eoreq r5, r5, r2, lsl 30",1
"andeq r0, r0, r0",1
"andeq r5, sp, r0, lsr 22",1
"mrslo r0, r8_usr",1
"andeq r0, r0, r5, lsr 32",1
"andeq sl, r8, r3, lsl 14",1
"cmnlo r3, r0, lsl 22",1
"stclhi p2, c0, [0x0000b3bc]",1
blne 0xb3c4,1
"andeq r3, r0, 0x30000007",1
"andeq r8, r1, pc, asr 26",1
"rsbslo r1, r3, 0, 22",1
svcmi 0x20036,1
"andeq r0, r0, pc, lsl r1",1
invalid,1
svcne 0x4f0200,1
blne 0xb3e4,1
"eorseq r3, r8, r3, ror r2",1
"tsteq pc, r2, lsl 30",1
"eorhs r0, r1, 0",1
"rsbeq r5, r3, pc, asr pc",1
"eoreq r5, r5, r2, lsl 2",1
"andeq r0, r0, r0",1
"andeq r6, sp, r0, lsr 12",1
"mrslo r0, r8_usr",1
"andeq r0, r0, r5, lsr 32",1
"andeq pc, r8, r3",1
"cmnlo r3, r0, lsl 22",1
"stclhi p2, c0, [r1, -0]",1
blne 0xb418,1
"andeq r3, r0, 0x30000007",1
"andeq r8, r1, r1, asr 26",1
"rsbslo r1, r3, 0, 22",1
invalid,1
"andeq r0, r0, pc, lsl r1",1
"ldmdalo r2!, {r0, r1, r3, r4, r8, sb, ip, sp, lr}",1
svcne 0x410200,1
invalid,1
"cmpvs pc, 34, 30            ; 0x22",1
"strbhs r0, [r3, -0x200]",1
"andeq r0, r0, r0",1
"ldcleq p0, c2, [r1, -0]!",1
"movwlo r0, 0x2000",1
"andeq r2, r0, r1, lsl 10",1
"stmdbeq lr!, {r8, sb}",1
"tstvc fp, 0",1
"movwlo r0, 0x2031",1
"andeq r0, r0, sp, lsl 3",1
"eorseq r7, r2, fp, lsl r3",1
"orreq r3, sp, r2, lsl 6",1
"tstvc fp, 0",1
"andeq r3, r0, 0x320000",1
"andeq r1, r1, r3, lsr pc",1
svcpl 0x222100,1
"andeq r6, r0, 0x7c000001",1
"andeq r2, r0, r5, lsr r5",1
"andhs r0, r0, r0",1
"andeq r0, r0, ip, ror sp",1
"strhs r2, [r1, -0xd02]",1
"movweq r0, 0",1
"andeq r0, r0, r4, asr sb",1
"eorseq r7, r1, fp, lsl r3",1
"orreq r2, sp, r2, lsl 26",1
"tstvc fp, 0",1
"stchs p0, c0, [r2, -0xc8]",1
"andeq r0, r0, sp, lsl 3",1
"stcleq p12, c1, [sl], {0}",1
"mrsgt r0, apsr",1
"andeq r8, r1, r1, lsl 26",1
"adcseq r2, r0, r0, lsl 24",1
"adcseq fp, r1, r0, lsl 16",1
"eoreq pc, r3, r0, lsl 28",1
"ldcleq p1, c0, [r8, 0]!",1
invalid,1
invalid,1
"andeq r8, r1, r1, asr 27",1
"eoreq r1, r4, r0, lsl 28",1
"rsbseq r2, r3, r0, lsl 6",1
"subeq ip, sl, r1, lsl 2",1
"ldrths r0, [ip], -0",1
"stceq p0, c0, [r4, -0]!",1
invalid,1
"andeq r8, r1, r3, asr 27",1
"eoreq r5, r4, r0, lsl 20",1
"stmibeq r3, {sl, sp}",1
"strgt r0, [r1], -0",1
"andeq r0, r0, sp, lsl 3",1
"muleq r0, sb, r4",1
"andeq r7, r5, r5, lsr 8",1
"adcseq r5, r0, r0, lsl 16",1
"adcseq fp, r0, r0, lsl 24",1
"sbcshi r0, ip, r0, lsl 2",1
"strhs r0, [r0], -fp",1
"strdeq r0, r1, [r0], -r1",1
"andeq r2, r0, ip, lsr 9",1
"andeq lr, r5, r6, lsr 12",1
"eoreq sl, r4, r0, lsl 24",1
"ldrbeq r2, [fp, 0x600]",1
"strths r0, [ip], 0",1
"eorle r0, r6, r0",1
invalid,1
"strhs r0, [r0], -r4, lsr 32",1
"andeq r0, r0, r5, asr 11",1
"andeq r2, r0, r0, asr 9",1
"andeq fp, r5, r6, lsr 20",1
"eoreq sp, r4, r0, lsl 10",1
"streq r2, [0x0000bb48]!",1
"strbths r0, [sl], 0",1
"strtge r0, [r6], -0",1
invalid,1
"strhs r0, [r0], -r4, lsr 32",1
"muleq r0, sb, r5",1
"andeq r2, r0, r4, lsl r5",1
"andeq r8, r5, r7, lsr 30",1
"streq r2, [r5, 0x600]",1
"ldrhs r0, [sb], 0",1
beq 0xa0b570,1
"stmdavs r0, {r1, r2}",1
invalid,1
"andeq r0, r0, 0xb0",1
"ldrbteq r2, [ip], -sl, lsr 13",1
"strhs r0, [sb, -0]!",1
invalid,1
"stmdbhs r0, {r1, r2}",1
"strhs r0, [r0], -r5, lsr 32",1
"andeq r0, r0, r6, ror 12",1
"andeq r2, r0, sb, lsr 10",1
"andeq r5, r6, r6, lsr 22",1
"eoreq r2, r5, r0, lsl 18",1
"ldrbeq r2, [r0], -r0, lsl 12",1
"ldrhs r0, [sp, -0]!",1
"strmi r0, [r6, -0]!",1
"andpl r0, r0, 6",1
"strhs r0, [r0], -r5, lsr 32",1
"andeq r0, r0, sl, lsr r6",1
"andeq r2, r0, r7, ror 10",1
"andeq r2, r6, r6, lsr 30",1
"eoreq r7, r5, r0, lsl 24",1
"strteq r2, [r5], -r0, lsl 14",1
blne 0x98b5cc,1
invalid,1
"stmdahs r0, {r0, r2, r5}",1
"muleq r0, r5, r6",1
"andeq fp, r0, r8, ror r0",1
"strheq fp, [r0], -ip",1
"stc2 p12, c9, [r6], -8",1
"strge r0, [r0], -6",1
"strhs r0, [r0], -r5, lsr 32",1
"strdeq r0, r1, [r0], -r1",1
"andeq r2, r0, r4, lsr 11",1
"andeq lr, r6, r6, lsr 12",1
"eoreq sl, r5, r0, lsl 8",1
"ldrbeq r2, [fp], r0, lsl 12",1
"strhs r0, [r4, 0]!",1
"eorle r0, r6, r0",1
"stmdalt r0, {r1, r2}",1
"strhs r0, [r0], -r5, lsr 32",1
"andeq r0, r0, r5, asr 13",1
"andeq r2, r0, sp, asr 11",1
"andeq fp, r6, r6, lsr 20",1
"eoreq lr, r5, r0, lsl 4",1
"ldrteq r2, [r0], r0, lsl 14",1
"strtge r0, [r6], -r0",1
invalid,1
"stmdahs r0, {r0, r2, r5}",1
"andeq r0, r0, r5, lsl r7",1
"andeq fp, r0, ip, lsl 1",1
"strheq fp, [r0], -ip",1
invalid,1
beq 0xb660,1
"strhs r0, [r0], -r6, lsr 32",1
"andeq r0, r0, r6, ror 14",1
"andeq r2, r0, sl, lsl 12",1
"andeq r5, r7, r6, lsr 22",1
"eoreq r0, r6, r0, lsl 20",1
"ldrbeq r2, [r0, -r0, lsl 12]",1
"strhs r0, [sl], -r0",1
"strmi r0, [r6, -0]!",1
"cdpne p0, 0, c0, c0, c7, 0",1
"strhs r0, [r0], -r6, lsr 32",1
"andeq r0, r0, sl, lsr r7",1
"andeq r2, r0, r3, lsr r6",1
"andeq r3, r7, r7, lsr 32",1
"streq r2, [r6, -r0, lsl 12]!",1
"strbhs r0, [r8], -r0",1
bhi 0xa0b684,1
invalid,1
invalid,1
"andeq r0, r0, 0xb0",1
"ldrbeq r2, [fp, r0, lsl 13]",1
"ldrbhs r0, [fp], -r0",1
"eorle r0, r6, r0",1
blpl 0xb6bc,1
"strhs r0, [r0], -r6, lsr 32",1
"andeq r0, r0, r5, asr 15",1
"andeq r2, r0, fp, asr r6",1
"andeq fp, r7, r6, lsr 20",1
"eoreq r5, r6, r0, lsl 22",1
"streq r2, [pc, r0, lsl 12]!",1
"strbths r0, [pc], -r0",1
"strge r0, [r7, -0]!",1
"strhs r0, [r0], -r7",1
"muleq r0, fp, r7",1
"andeq r2, r0, r4, lsl 13",1
"andeq r0, r0, r0",1
"ldrbeq r2, [r4, -0x900]!",1
"rsclt r0, r0, r0",1
"moveq r0, r0",1
"cdple p0, 0, c0, c1, c0, 0",1
"ldrdeq r0, r1, [r0], -r0",1
"andeq pc, r5, r6, lsr 2",1
"eoreq sb, r6, r0, lsl 14",1
"strbeq r2, [r6, 0x600]!",1
"ldrhs r0, [r7], r0",1
blle 0x98b6f8,1
"strlt r0, [r0, -r5]",1
"strhs r0, [r0], -r6, lsr 32",1
"ldrdeq r0, r1, [r0], -r0",1
"ldrdeq r2, r3, [r0], -sb",1
"andeq ip, r5, r6, lsr 10",1
"eoreq fp, r6, r0, lsl 14",1
"ldreq r2, [sl, 0x600]!",1
"ldrbths r0, [fp], r0",1
svcge 0x260000,1
"stcne p0, c0, [r0, -0x14]",1
"strhs r0, [r0], -r7, lsr 32",1
"andeq r0, r0, r4, lsr 11",1
"andeq r2, r0, pc, lsr r7",1
"andeq sb, r5, r6, lsr 18",1
"eoreq r6, r7, r0, lsl 2",1
"streq r2, [0x0000be38]",1
"strhi r0, [r6, -0]!",1
"movwhi r0, 5",1
"stmdahs r0, {r0, r1, r2, r5}",1
"andeq r0, r0, sl, lsl 12",1
"andeq fp, r0, r0, ror 1",1
"andeq fp, r0, r4, asr r1",1
invalid,1
invalid,1
"strhs r0, [r0], -r7, lsr 32",1
"andeq r0, r0, r1, ror r6",1
"andeq r2, r0, r1, lsr 15",1
"andeq r6, r6, r6, lsr 12",1
"eoreq fp, r7, r0, lsl 10",1
"ldrbeq r2, [fp], -r0, lsl 12",1
"strbhs r0, [sl, r0]",1
"eorpl r0, r6, r0",1
"strlt r0, [r0, -6]",1
"strhs r0, [r0], -r7, lsr 32",1
"andeq r0, r0, r5, asr 12",1
"ldrdeq r2, r3, [r0], -pc",1
"andeq r3, r6, r6, lsr 20",1
"eoreq pc, r7, r0, lsl 8",1
"strteq r2, [pc], -r0, lsl 12",1
invalid,1
"strhs r0, [r7, -0]!",1
"strhs r0, [r0], -r6",1
"andeq r0, r0, fp, lsl r6",1
"andeq r2, r0, lr, lsl r8",1
"andeq sb, r6, r8, lsr 10",1
"adcseq pc, r0, r0, lsl 8",1
"adcseq r5, r1, r0, lsl 8",1
"ldrhs r0, [ip], r0, lsl 4",1
"strdeq r0, r1, [r0], -ip",1
"andeq r2, r0, r1, lsr r8",1
"andeq pc, r6, r6, lsr 2",1
"eoreq r3, r8, r0, lsl 2",1
"strbteq r2, [r6], r0, lsl 12",1
invalid,1
blle 0x98b7d4,1
bpl 0xb7f0,1
"strhs r0, [r0], -r8, lsr 32",1
"ldrdeq r0, r1, [r0], -r0",1
"andeq r2, r0, r5, asr 16",1
"andeq ip, r6, r6, lsr 10",1
"eoreq r6, r8, r0, lsl 30",1
"ldrteq r2, [sl], r0, lsl 12",1
invalid,1
"eorlt r0, r7, r0",1
"strhs r0, [r0], -r6",1
"andeq r0, r0, r6, lsr 13",1
"muleq r0, sb, r8",1
"andeq r1, r7, r8, lsr 10",1
"adcseq r0, r1, r0, lsl 8",1
"adcseq r5, r1, r0, lsl 8",1
"strhs r0, [lr], r0, lsl 4",1
"andeq r0, r0, r1, ror r7",1
"andeq r2, r0, ip, lsr 17",1
"andeq r6, r7, r6, lsr 12",1
"eoreq sl, r8, r0, lsl 24",1
"ldrbeq r2, [fp, -r0, lsl 12]",1
invalid,1
"eorpl r0, r6, r0",1
"strle r0, [r0, -7]",1
"strhs r0, [r0], -r8, lsr 32",1
"andeq r0, r0, r5, asr 14",1
"andeq r2, r0, r0, asr 17",1
"andeq r3, r7, r6, lsr 20",1
"eoreq lr, r8, r0, lsl 20",1
"ldreq r2, [r0, -r0, lsl 14]!",1
"strths r0, [r6], -r0",1
invalid,1
"stmdahs r0, {r3, r5}",1
"andeq r0, r0, sl, lsl 15",1
"andeq fp, r0, r4, lsl r1",1
"andeq fp, r0, r4, asr r1",1
blle 0x9ab870,1
"andne r0, r0, 7",1
"strhs r0, [r0], -sb, lsr 32",1
"ldrdeq r0, r1, [r0], -r0",1
"andeq r2, r0, r2, lsl sb",1
"andeq ip, r7, r6, lsr 10",1
"eoreq r2, sb, r0, lsl 12",1
"ldreq r2, [sl, r0, lsl 12]!",1
invalid,1
svcge 0x260000,1
"strhs r0, [r0], -r7",1
"strhs r0, [r0, -sb, lsr 32]",1
"andeq r0, r0, r5, lsr 15",1
"andeq sb, r7, r6, lsr 22",1
"eoreq r5, sb, r0",1
"ldrbeq r2, [r4, r0, lsl 16]!",1
invalid,1
"cmplt r4, r0",1
"andvc r0, r2, 0",1
"andeq r3, r8, r6, lsr 20",1
"eoreq r6, sb, r0, lsl 6",1
"stmdaeq pc!, {sb, sl, sp}",1
invalid,1
"strths r0, [r6], -0",1
"strvc r0, [r0, -r8]",1
"strhs r0, [r0], -sb, lsr 32",1
"andeq r0, r0, sb, lsl r8",1
"andeq r2, r0, ip, lsl 19",1
"andeq r0, r8, r7, lsr 30",1
"stmdaeq r5, {sb, sl, sp}",1
invalid,1
invalid,1
"strlo r0, [r0], -8",1
"strpl r0, [r0], -0xb1",1
"andeq r0, r0, 0xb1",1
"stmeq lr, {r2, r5, r6, sb, sl, sp}",1
invalid,1
invalid,1
"strlt r0, [r0], -8",1
"strhs r0, [r0], -sb, lsr 32",1
"andeq r0, r0, r8, ror r8",1
"andeq r2, r0, r8, asr 19",1
"andeq r6, r8, r7, lsr 28",1
"stmdaeq r4!, {sb, sl, sp} ^",1
invalid,1
"andeq r0, r0, r0",1
"andeq r0, r0, r0",1
"sublt r2, r8, r0, lsl 20",1
"subhs r0, fp, 0",1
"stcleq p0, c0, [lr, 0]!",1
invalid,1
blhs 0xd4be7c,1
"strvc r5, [r2, -0x101]",1
"andpl r2, r1, r0, lsl 22",1
svcne 0x3001,1
"andeq fp, r0, r8, asr r0",1
"andeq r2, r0, sp, ror 4",1
"ldcleq p12, c1, [r8]",1
"vhadd.s8 d0, d1, d0",1
"andeq r2, r0, r1, lsl 24",1
"adcseq fp, r1, r0, lsl 16",1
"adcseq sp, lr, r0, lsl 16",1
"eoreq pc, sb, r0",1
"orrne r0, sb, r0, lsl 2",1
"ldrlt r0, [sp, -0]",1
invalid,1
"strdeq r1, r2, [r1], -r2",1
"eoreq r1, sl, r0, lsl 26",1
bleq 0xff2d2d78,1
"vhadd.s8 d0, d1, d0",1
"andeq r0, r0, ip, lsr 32",1
"andeq r2, r0, sp, lsr sl",1
"ldrbvs r6, [r2, -r3, lsr 2]!",1
"ldclhi p1, c0, [r3, 0]!",1
"strhi r0, [r0, -r1]",1
"stcne p0, c0, [r0, -0xa8]",1
"andeq r0, r0, ip, lsl 26",1
"eoreq pc, ip, r1, lsl 6",1
bhs 0xff30b9a0,1
"tsths sp, r0",1
invalid,1
"strdeq r4, r5, [r0], -r4",1
"eoreq r3, fp, r0, lsl 4",1
beq 0xfe5169b4,1
"vst4.8 {d0, d1, d2, d3}, [r1], r0",1
"andeq r0, r0, r5, lsr 32",1
invalid,1
"strdeq r0, r1, [r0], -r1",1
"orrne pc, sb, r1, lsl 10",1
invalid,1
"cdpeq p13, 5, c1, c7, c8, 0",1
invalid,1
"andeq r0, r0, sp, lsl 3",1
"strheq r2, [r0], -lr",1
"andeq r3, sb, sp, lsl fp",1
"ldclhi p1, c0, [r7, 0]!",1
"andlo r0, r0, r1",1
"cdpne p0, 0, c0, c0, c12, 1",1
invalid,1
"andeq r0, r0, ip, lsr 32",1
"andeq r2, r0, r0, lsl 25",1
"mcrvs p12, 3, r6, c5, c14, 0",1
"ldclhs p1, c0, [sl], 0",1
"strle r0, [r0], -r0",1
"strhs r0, [r0], -0x2c",1
"strheq r0, [r0], -sp",1
"orreq pc, sp, r1, lsl 22",1
"stclhs p0, c0, [r3, 0]!",1
"strtls r0, [r4], -0",1
invalid,1
"strdeq r2, r3, [r0], -ip",1
"eoreq r6, lr, r0, lsl 8",1
"cdpeq p4, 2, c2, c12, c0, 0",1
"stc2 p0, c0, [r1, -0]",1
"muleq r0, r4, r1",1
"strheq r2, [r0], -ip",1
"andeq r0, ip, r4, lsr 16",1
"ldrbtls r0, [lr], 0x100",1
"mcreq p0, 0, r0, c0, c1, 0",1
"strhs r0, [r0], -0x2f",1
"andeq r0, r0, r6, asr 20",1
"orrsne pc, r4, r1, lsl 30",1
svchs 0x360000,1
"strvs r0, [sp, -r0]!",1
invalid,1
"cdplt p2, 1, c0, c4, c14, 4",1
"strtge r0, [sp], -0",1
invalid,1
"ldmlt ip, {r0, r6, r7, r8}",1
invalid,1
invalid,1
"ldmdalt r4!, {r2, r3, r4, r5, r7, r8} ^",1
"stchs p0, c0, [sp], -0",1
invalid,1
"ldclt p2, c0, [ip, -0x1f8]",1
svcge 0x2d0000,1
invalid,1
"stcllt p2, c0, [ip], 0x1e4",1
invalid,1
"stmdale r0, {r0}",1
svchs 0x10,1
"stmdbpl r1, {r0, r1, r5, r6}",1
"andeq sl, r0, r1, lsl 24",1
"eoreq r6, pc, r0, lsl 8",1
invalid,1
bpl 0x4bc38,1
"andeq sl, r0, r1, lsl 24",1
"eorseq pc, r0, r0, lsl 26",1
"ldmdbeq r8!, {ip, sp}",1
blpl 0x4babc,1
"andseq sb, r1, r1, lsl 8",1
"eorseq r6, r1, r0, lsl 14",1
"bicseq r2, r8, r0, lsl 28",1
"adcne r0, r2, r0",1
"stcvs p0, c0, [0x0000bad0]!",1
"andeq r0, lr, 0, 2",1
"andeq r0, r0, ip, lsr 32",1
"andeq r3, r0, r0, lsl 4",1
"andeq r4, lr, r0, lsr sp",1
"andseq r0, r0, 0, 2",1
"muleq r0, r4, r1",1
"andeq r3, r0, r4, lsr 5",1
"andeq pc, r1, lr, lsr 32",1
"andseq r7, r0, r0, lsl 20",1
invalid,1
invalid,1
"andeq sp, r3, r2, lsl 12",1
"addspl r0, r1, r0, lsl 4",1
"andeq lr, r4, r2, lsr r0",1
"adcseq r8, sb, r0, lsl 16",1
"adcseq sb, sb, r0, lsl 8",1
"andseq r0, sl, 0, 2",1
"andeq r0, r0, r3, ror 31",1
"andeq r0, r5, r6, lsr 18",1
"eorseq r0, r3, r0, lsl 10",1
"ldrbteq r2, [lr], 0x600",1
invalid,1
"vhadd.u32 d0, d6, d0",1
"strmi r0, [r0, -4]",1
"andeq r0, r0, r3, lsr r0",1
"andeq r0, r2, lr, lsr 16",1
"andseq r5, r0, r0, lsl 10",1
"rsbseq r2, r7, r0, lsl 30",1
"cdplo p3, 0, c2, c2, c1, 0",1
"strls r0, [r0, -r0]",1
"andlo r0, r0, r3, lsr r0",1
"strdeq r0, r1, [r0], -r1",1
invalid,1
"strlt r0, [r0, -r0]",1
"mcrhs p0, 0, r0, c0, c3, 1",1
"andeq r0, r0, r0, lsr 4",1
"andeq r1, r0, r2, lsr 32",1
invalid,1
"eoreq r0, ip, sp, lsr r2",1
invalid,1
bhs 0xbb74,1
"andeq fp, r0, r8, ror 19",1
"andeq r2, r0, fp, ror r2",1
"andeq r1, r0, fp, asr 32",1
"subseq r0, r3, 0xc000000a",1
invalid,1
"rsbseq r0, fp, r2, asr r5",1
blhs 0x70bd6c,1
"stmdavc r2, {r0, r8, ip, lr}",1
"andpl r2, r1, r0, lsl 22",1
"subeq sb, r4, r2, lsl 2",1
"adcseq r3, fp, pc, lsl r8",1
"eoreq sl, r2, r0, lsl 30",1
"strtge r0, [sl], -0",1
invalid,1
"stmdbvs r0, {r1, r5}",1
blhs 0xbbf4,1
"strvc r5, [r2, -1]",1
"ldrtpl r0, [r3], -0",1
"strh r0, [r0], -fp",1
blhs 0xbc4c,1
invalid,1
"strlo r0, [r0], -0x48",1
"andeq fp, r0, r0, ror 23",1
"andeq fp, r0, r4, lsr 25",1
"muleq r0, r8, r0",1
"andeq r7, lr, r0, lsr ip",1
"subseq r0, r6, 0, 2",1
"andeq r0, r0, ip, lsr 32",1
"andeq r3, r0, sl, lsl 8",1
"stmdblt r8!, {r8, sb, sl, fp, ip} ^",1
"movwhs r0, 0x4000",1
bhs 0xbbf4,1
"andeq fp, r0, r0, asr 8",1
"andeq r2, r0, r7, asr 5",1
"strheq r1, [r0], -r6",1
"subseq r0, r0, 0xc000000a",1
"movwlo r0, 0x75",1
"andeq fp, r0, ip, asr r4",1
"andeq r2, r0, r8, lsl r3",1
"subseq r0, r2, 0xc000000a",1
invalid,1
"ldrge r0, [r1], 0x451",1
invalid,1
"rsbseq r0, r5, r0, asr r5",1
"eoreq r0, r2, r6, ror r0",1
"bicslt r1, r4, r0, lsl 30",1
"teqhs sl, 0",1
"eorvc r0, sl, r0",1
"strpl r0, [r0], -0xb2",1
invalid,1
blhs 0xbc80,1
"mrsls r5, apsr",1
invalid,1
"strvs r0, [r3], -0x550",1
"andeq r0, r0, fp, ror 1",1
"adcseq r8, r2, sl, lsr 32",1
"andeq r5, sb, r0, lsl 8",1
"andseq r1, r1, r0, lsl 26",1
invalid,1
"ldrbteq sb, [r8], -r3, lsl 2",1
"ldrbeq r0, [r0, -0x12b]",1
"rsceq r5, fp, r3, lsl 8",1
invalid,1
invalid,1
"andlo r0, r0, 0x22",1
blhs 0xbcc0,1
"mrsls r5, apsr",1
svcne 0x608,1
"andeq fp, r0, r0, lsr r3",1
"andeq r2, r0, r0, asr 4",1
"adcseq r5, lr, r3, lsr r4",1
"andeq pc, sp, r0, lsl 16",1
"movwpl r2, 0x1b00",1
blhs 0x2a8a4,1
"strvc r5, [r2, -0x201]",1
invalid,1
blhs 0x2a0b0,1
invalid,1
blhs 0x1abb20,1
"tsteq r0, 2, 26",1
blhs 0x18defc,1
"movweq r7, 0xcd02",1
blhs 0x18cf04,1
invalid,1
"vstrvc d2, [r2, -0xc0]",1
"ldcvc p6, c0, [r1], {4}",1
bne 0xfff4e0e8,1
"rsbseq r0, sp, fp, lsr 4",1
"ldrbteq sb, [r8], -r3, lsl 2",1
"streq r0, [sb], -0",1
"andeq r1, r0, pc, lsl 3",1
"andeq r3, r0, fp, lsl 14",1
"andeq r0, r1, 0, 8",1
"andeq r0, r0, r7, ror 9",1
"andeq pc, ip, r5, lsr sb",1
"rscseq r0, lr, 0, 2",1
"andeq r1, r1, r1, lsl 18",1
"adcseq sp, lr, r0, lsl 16",1
"sbceq sb, r0, r0, lsl 16",1
"eorseq r3, r4, r0, lsl 6",1
"bicne r0, ip, 0, 2",1
"cdpvs p0, 3, c0, c6, c0, 0",1
"rscseq r0, lr, 0, 2",1
"andeq r0, r0, r5, lsr 32",1
"andeq r3, r0, r0, ror 8",1
invalid,1
"rscseq r0, lr, 0, 2",1
"andeq r0, r0, sp, lsl 3",1
"andeq r3, r0, lr, ror r4",1
"andeq r0, sp, r7, lsr ip",1
"rscseq r0, lr, 0, 2",1
"andeq r0, r0, ip, lsr 32",1
"muleq r0, ip, r4",1
"andeq r6, ip, r7, lsr r6",1
"rscseq r0, pc, 0, 2",1
"andeq r1, r0, ip, asr 7",1
"strheq r3, [r0], -sl",1
invalid,1
"eoreq r0, r5, r1, lsl 6",1
"ldrblo r0, [r8], 0",1
"cdpvs p0, 3, c0, c8, c0, 0",1
"movweq r0, 0x1030",1
"andeq r3, r0, r3, lsl 14",1
svchs 0x560100,1
invalid,1
"bicsne r0, r7, 4, 6",1
"ldrblo r0, [fp, -0]!",1
invalid,1
"strgt r0, [r0, -2]",1
svchs 0x12,1
invalid,1
"eoreq r0, ip, r0, lsl r3",1
"ldrlo r0, [sl, 0]!",1
"teqhs r0, 0",1
invalid,1
"orrsne r0, r4, r1, lsl r3",1
"ldrblo r0, [r8]",1
"eors r0, r2, r0",1
"andpl r0, r0, r4",1
"strhvs r0, [r0], -pc",1
"strheq r0, [r0, -pc]",1
"addne r0, r8, 0x64000000",1
invalid,1
"stmdbne r0, {r0, r2}",1
invalid,1
"strdeq r0, r1, [r0], -lr",1
"andeq r3, r0, r4, asr r6",1
"andeq pc, r4, r6, lsr 6",1
"eorseq r6, r6, r0, lsl 16",1
svclt 0x603300,1
"movths r0, 0x8000",1
invalid,1
"eorseq r0, r0, r1, asr r1",1
svclt 0x341f00,1
invalid,1
"strtmi r0, [sl], -0",1
"movwvc r0, 0xc0",1
invalid,1
blhs 0xbe38,1
"strvc r5, [r4, -r1, lsl 2]",1
blhs 0x9189f8,1
"andlo r5, r1, r1",1
"rsbgt r3, r8, r0, lsl 6",1
"cmnhs r3, 0",1
invalid,1
"rsbseq r0, r7, r1, asr r4",1
invalid,1
"rsbseq r0, r5, r0, asr r2",1
"eorpl r0, lr, r0",1
"stmdblt r0, {r1}",1
"andlo r0, r0, r3, lsl r0",1
"andeq r1, r0, sb, ror sl",1
invalid,1
invalid,1
svchs 0x36,1
"rsbeq r6, ip, r6, ror r1",1
"stmdbne r3, {r0, r8, sb, sl, fp, ip}",1
"strlt r0, [r0], -r1",1
"andlo r0, r0, r6, lsr r0",1
"muleq r0, r4, sl",1
"strhs r2, [r3, -0x101]",1
"strle r0, [r0], -0",1
"andlo r0, r0, r6, lsr r0",1
"andeq r0, r0, r7, asr 27",1
invalid,1
invalid,1
"andlo r0, r0, 0x36",1
"andeq r0, r0, r5, lsl r5",1
"andeq fp, r0, r8, ror 31",1
"strdeq fp, ip, [r0], -r4",1
invalid,1
invalid,1
"andeq r0, r0, r7, lsr 10",1
"andeq r3, r0, pc, lsl r7",1
"adcseq pc, pc, r3, lsr r0   ; [0xbe80:4]=0x50012b00",1
"eoreq sb, r3, r0",1
"andpl r2, r1, r0, lsl 22",1
"andeq r7, r0, r2, lsl 20",1
svclt 0xc42a00,1
"ldcleq p0, c0, [r8, 0]!",1
"cmnne r2, 0",1
invalid,1
"rsbseq r0, fp, r3, asr r2",1
"subseq r0, r2, 0xc000000a",1
invalid,1
"rsbseq r0, sl, r1, asr r2",1
"subseq r0, r0, 0xc000000a",1
"eoreq r0, fp, 0x77",1
invalid,1
"eoreq r0, fp, 72, 12",1
invalid,1
bhs 0xd7d4,1
"andeq fp, r0, r8, ror 31",1
"andeq r2, r0, r8, lsr 7",1
"andeq r1, r0, r6, lsl 7",1
"subseq r0, r0, 0xc000000a",1
"movwlo r0, 0x77",1
"andeq ip, r0, r4, lsr r0",1
"strdeq r0, r1, [r0], -r8",1
"subseq r0, r3, 0xc000000a",1
invalid,1
"rsbseq r0, sb, r2, asr r2",1
"subseq r0, r1, 0xc000000a",1
invalid,1
"rsbseq r0, r7, r0, asr r2",1
"ldmdaeq sp!, {r0, r1, r3, r5, sb} ^",1
"strbeq sb, [r8], -r3, lsl 2",1
"ldrbteq r0, [sp], -0x22b",1
"strbeq sb, [r4], -r3, lsl 2",1
invalid,1
"stclt p0, c0, [r0, -0x2f8]",1
svcne 0x23,1
"andeq fp, r0, r4, lsl pc",1
"andeq r2, r0, r0, asr 4",1
"andle r0, r4, 0, 18",1
bleq 0xbf70,1
"andeq r0, r0, r1, asr r4",1
"ldrteq r0, [r4], 0x409",1
"teqeq sb, r0",1
"andeq r0, r0, r8, asr ip",1
"cdplo p12, 0, c6, c1, c1, 0",1
"stmdals r0, {r2, r4}",1
"andle r0, r0, r0, asr 1",1
"andlo r0, r0, 0xc0",1
invalid,1
"andeq r1, r0, lr, lsr r4",1
invalid,1
"andseq r3, r4, ip, ror 28",1
"eorseq r5, r7, r0, lsl 4",1
"rsbeq r3, r5, r0, lsl 20",1
"eoreq r6, r5, r1, lsl 28",1
"strpl r0, [r1], -r0",1
invalid,1
"andseq r3, r4, pc, ror 28",1
svcne 0x500100,1
"andeq ip, r0, r4, lsr 1",1
"strheq r2, [r0], -sp",1
"sbceq ip, r0, r3, lsr r4",1
"eoreq ip, r3, r0, lsl 22",1
invalid,1
blhs 0xc0df90,1
"strvc r5, [r2], -1",1
invalid,1
"andeq r5, r4, r4, lsl 2",1
"strlo r3, [r1], -0xb00",1
invalid,1
"subeq r0, sl, r7, ror r1",1
"sbcsgt r0, r0, r0",1
"rscgt r0, r8, r0",1
"stcvc p0, c0, [r2, -0]",1
"strbtne r0, [pc], -0x100",1
svcvs 0x230000,1
"cdplo p1, 7, c0, c7, c0, 0",1
"mcrvc p0, 0, r0, c0, c4, 0",1
"andeq r0, r0, r7, lsr r0",1
bleq 0xffb8c4b4,1
svcvc 0x10000,1
"sbceq lr, r0, r1, lsl 16",1
"sbceq r0, r1, r0",1
"rsbseq r0, sp, r0, lsl 4",1
"andseq sb, r4, r1, lsl 30",1
"rsbeq r3, pc, r0, lsl 26",1
"ldrtne r7, [lr], -0xf01",1
"andpl r0, r1, r0",1
invalid,1
"andeq r4, r0, pc, ror sl",1
"subseq r0, r1, r0, lsl 2",1
bleq 0x188c4d8,1
bhi 0x4bff8,1
"andeq r2, r0, r1, lsl 10",1
"sbceq r0, r1, r0",1
"sbceq r4, r1, r0, lsl 8",1
"eorseq sb, r7, r0, lsl 30",1
"ldrne r0, [sl, -0x100]",1
svcvs 0x230000,1
"cdplo p1, 8, c0, c10, c0, 0",1
svclt 0x14,1
"movwhs r0, 0x37",1
bhi 0x4c1ac,1
"andeq r0, r0, pc, lsl r1",1
"andeq r3, r0, fp, ror 15",1
invalid,1
"andeq r2, r0, sl, lsl 11",1
"eorseq r0, r8, r0, lsl 24",1
"cmnvs r5, 0, 28",1
"stcge p1, c0, [ip], {0}",1
"stchs p0, c0, [r0, -0]",1
"mcrne p0, 0, r0, c0, c8, 1",1
"stchi p0, c0, [r1, -0x1c0]",1
"andeq r1, r0, sl, lsl r5",1
"andeq r3, r0, r0, asr 16",1
"andeq sp, sb, r4, lsr 30",1
"strhs r0, [0x0000c158]",1
invalid,1
blo 0xc140,1
"andls r0, r1, r2, ror r0",1
"andeq r0, r0, r5, lsr 32",1
"stmdbeq r0, {r0, ip, lr}",1
"andeq r3, r0, r4, lsl 14",1
"stmdahi r1, {r8, sb, fp, ip, sp}",1
invalid,1
"mlaeq r5, sl, r1, r0",1
"mrsgt r0, spsr",1
invalid,1
"stcvc p0, c0, [r2, -0]",1
"strbne r0, [r1, -0x100]!",1
svcvs 0x230000,1
"cdplo p1, 9, c0, c10, c0, 0",1
svcvc 0x14,1
"stclo p0, c0, [r0, -0xe0]",1
bls 0x4c244,1
"andeq r0, r0, r5, lsr 32",1
"eorsvc r5, sl, 0x40000000",1
"ldrhs r0, [ip, 0x100]",1
invalid,1
"teqeq lr, r0, asr r0",1
"andeq r0, r0, sl, asr sb",1
"andvs sl, r1, r1, lsl 10",1
"strls r0, [r0], -0xc1",1
"stcls p0, c0, [r0, -0x304]",1
invalid,1
"strheq r1, [r0], -r0",1
invalid,1
"andseq r3, r4, r5, lsr 29",1
"eorseq fp, r8, r0, lsl 26",1
"cdpeq p13, 5, c1, c7, c0, 0",1
"strge r0, [r1], -r0",1
"andeq r0, r0, sp, lsl 3",1
"strdeq r3, r4, [r0], -r8",1
"andeq r3, sb, sp, lsl fp",1
"stchi p1, c0, [r6, 0]!",1
"stmdbne r0, {r0}",1
svcne 0x39,1
"muleq r0, r0, r1",1
"andeq r2, r0, r0, asr 4",1
invalid,1
invalid,1
invalid,1
"strls r0, [r0], -0",1
"strne r0, [r0], -0xc1",1
blo 0xc420,1
invalid,1
"andeq r1, r0, r3, ror r6",1
"andeq fp, r8, r7, lsr r5",1
"adceq r0, r1, 0, 2",1
"andeq r0, r0, sb, lsl r1",1
"andeq r3, r0, r6, ror 18",1
"andeq ip, fp, r7, lsr fp",1
"adceq r0, r1, 0, 2",1
"andeq r0, r0, ip, lsr 32",1
"andeq r3, r0, r4, lsl 19",1
invalid,1
"adceq r0, r2, 0, 2",1
"andeq r0, r0, sp, lsl 3",1
"andeq r3, r0, r2, lsr 19",1
"andeq r0, sp, r7, lsr ip",1
"adceq r0, r2, 0, 2",1
"andeq r0, r0, ip, lsr 32",1
"andeq r3, r0, r0, asr 19",1
invalid,1
"bicne r0, ip, 0x3000000a",1
invalid,1
"rsbseq r3, r0, r0, lsl 16",1
invalid,1
invalid,1
"rsbeq r3, r5, r4, asr r8",1
"strhs sl, [r2, -0x601]",1
invalid,1
"rsbseq r3, r2, r6, asr r8",1
invalid,1
invalid,1
"bicgt r1, r0, r0, asr pc",1
invalid,1
"ldrteq r0, [r3], -0",1
invalid,1
blhs 0xc1d8,1
"strvc r5, [r2, -r1, lsl 6]",1
"andpl r2, r1, 0, 22",1
blhs 0x2a1b8,1
bvc 0xa05b8,1
"andpl r2, r1, r0, lsl 22",1
blhs 0x2a5c4,1
"andeq r7, r8, 2, 26",1
"andeq r0, r0, r4, ror r8",1
beq 0x64c6c4,1
"stclt p0, c0, [r1, -0]",1
"tsteq sb, r2, lsl 2",1
"andsgt r0, r4, 0",1
"rscsgt r0, r0, 0",1
invalid,1
"cdpge p0, 0, c0, c1, c0, 0",1
invalid,1
"rsbeq r7, r7, r1, ror 4",1
"stchi p13, c11, [r2, -4]",1
bleq 0xc1f4,1
"smladxlo r0, sl, r0, r0",1
"andeq r0, r0, ip, lsl 26",1
invalid,1
invalid,1
"smladxlo r0, sl, r0, r0",1
"andeq r1, r0, sb, ror sl",1
"cdpge p13, 0, c11, c2, c1, 0",1
"smladmi r0, r7, r0, r0",1
invalid,1
"cdplt p0, 0, c0, c1, c15, 3",1
"andseq ip, r3, r2, lsl 24",1
"eorseq r6, sl, r0, lsl 10",1
"rsbseq r3, r0, r0, lsl 16",1
invalid,1
invalid,1
"rsbeq r2, r5, r4, asr pc",1
"strhs ip, [r2, -0x101]",1
"strhi r0, [r0], -r0",1
invalid,1
"muleq r0, r4, sl",1
"strhs ip, [r2, -0x301]",1
invalid,1
bleq 0xff5987b0,1
"strgt r0, [r1], -0",1
"andeq r2, r0, r2, lsl 24",1
"ldmdalo fp, {r8} ^",1
"rsbeq r7, r6, r2, ror 10",1
"stmdbne r2, {r0, fp, lr, pc}",1
"andeq r0, r0, 1",1
"ldrne r2, [r2, -0x47d]!",1
"andls r0, r0, r5",1
invalid,1
"smlabteq r0, r2, r0, r0",1
"strbne r0, [r1, -r8, asr 5]",1
"strbhs r0, [r1, -r0]",1
invalid,1
"addsgt r3, r8, 0x6c000001",1
"orrshs r0, r0, 0",1
invalid,1
"rsbseq r0, fp, r0, asr r2",1
invalid,1
"stclt p0, c0, [r0, -0x308]",1
bhs 0xc328,1
"andeq ip, r0, r8, lsl 5",1
"strdeq r0, r1, [r0], -r8",1
"andeq r1, r0, ip, ror r7",1
"subseq r0, r3, 0xc000000a",1
invalid,1
"rsbseq r0, r8, r2, asr r2",1
"cmpeq r1, fp, lsr 2",1
"andpl r2, r1, r0, lsr fp",1
"eoreq r3, fp, 1",1
bvc 0x8e4b8,1
"vstrvc d2, [r2, -0]",1
"rsbseq r0, sb, r4, lsl 4",1
"sbcgt r3, ip, 0, 6",1
"ldcleq p0, c0, [r8, 0]!",1
invalid,1
"rsbseq r0, r7, r3, asr r2",1
"subseq r0, r2, 0xc000000a",1
invalid,1
"rsbseq r0, fp, r1, asr r2",1
"cmpeq r0, 0xc000000a",1
blhs 0x19f534,1
"andeq r7, r8, 2, 26",1
"eoreq r0, fp, 0x7a",1
"stmdbvc r2, {r0, r2, r3, r4, r5, r6, sl}",1
invalid,1
"andeq r2, r0, r4, lsl 24",1
"strge r3, [r1], -r0, lsl 30",1
invalid,1
"stmdbne r1, {r4, r5, r7, sb}",1
invalid,1
"streq r0, [r0], -0xc2",1
"stclt p0, c0, [r0, -0x30c]",1
invalid,1
"andeq r1, r0, r6, lsr 16",1
invalid,1
"adcseq r0, r0, 0, 2",1
"andeq r0, r0, sp, lsl 3",1
"ldrdeq r3, r4, [r0], -sp",1
"andeq r0, sp, r7, lsr ip",1
"adcseq r0, r0, 0, 2",1
"andeq r0, r0, ip, lsr 32",1
"strdeq r3, r4, [r0], -lr",1
invalid,1
"bicne r0, ip, 0x1000000b",1
bllo 0x7cc350,1
"eorseq r0, r3, r0",1
"movwvc r0, 0xc3",1
blhs 0xc3b4,1
"vcgt.u8 d5, d3, d1",1
invalid,1
blhs 0xc0c8b0,1
"vrhadd.u8 d5, d3, d1",1
invalid,1
invalid,1
"andmi r0, r0, 0x50",1
"andeq r5, sl, r1, lsl 18",1
"rsceq r0, r1, 0, 2",1
"sbceq r0, r3, r1, lsl 8",1
"sbceq sl, r3, r0, lsl 16",1
"eorseq r4, fp, r0, lsl 22",1
"ldmdane pc!, {r8} ^",1
"teqvc r8, 0",1
"movw r0, 0x1076",1
"andseq sp, r3, r2, lsl 14",1
svchs 0x570100,1
"str r0, [r1], -0x69",1
"andeq r3, r0, r2, lsl 14",1
"eorseq r6, fp, r0, lsl 22",1
"teqgt r0, 0, 30",1
invalid,1
invalid,1
"stmdage r0, {r0, r1, r6, r7}",1
"movwlo r0, 0x23",1
"andeq ip, r0, r0, lsl 7",1
"andeq r2, r0, r8, lsr 7",1
"subseq r0, r0, 0xc000000a",1
"andeq r0, r0, r7, ror r0",1
"stcleq p1, c0, [sp, 0xfc]",1
blo 0x4c3d8,1
"tsteq sb, r3, lsl 2",1
invalid,1
"bicgt r0, r0, 0",1
bllo 0xfe28c3e8,1
"str r0, [r1], -0",1
invalid,1
blo 0x4c5ac,1
"andeq r2, r0, r3, lsl 10",1
"eorseq sl, fp, r0, lsl 20",1
"rsbvc r3, r1, 0, 12",1
blo 0x4c5a0,1
"andeq r8, r1, r3, lsl 26",1
"eorseq ip, fp, r0, lsl 22",1
invalid,1
"orrsne r0, fp, r0",1
invalid,1
invalid,1
blhs 0xc9dc,1
"stmdbeq r2, {r0, sb, ip, lr}",1
"strdpl r2, r3, [r1, -pc]",1
invalid,1
"cmpeq r0, 0xc000000a",1
"ldrsheq r0, [r0], -0x13",1
"cdplo p15, 0, c3, c1, c0, 0",1
invalid,1
"stmdbne r1, {r6, r8, sb}",1
"andgt r0, r0, r1",1
"strle r0, [r0], -0xc3",1
invalid,1
invalid,1
"andeq r1, r0, sl, asr sb",1
invalid,1
"eoreq r0, r5, r0, asr 6",1
invalid,1
"teqvs r6, r0",1
invalid,1
"orreq r0, sp, r0, asr 6",1
"stclo p0, c0, [sp], -0",1
"ldceq p0, c0, [r7], -0",1
invalid,1
"eoreq r0, ip, r0, asr 6",1
"mcrrlo p0, 0, r0, lr, c0",1
"ldcgt p0, c0, [r3], -0",1
blls 0xc794,1
blhs 0xc4d0,1
"movweq r5, 0x5301",1
"andeq r6, r1, ip, lsr 31",1
"cmpeq r2, 0xc000000a",1
blhs 0x148cc68,1
"vrhadd.u8 d5, d3, d1",1
invalid,1
invalid,1
svclo 0x50,1
"andeq sb, sp, r1, lsl 26",1
"movteq r0, 0x6100",1
"andeq r1, r1, r1, lsl 18",1
"sbceq sp, r3, r0, lsl 8",1
"sbceq lr, r3, r0, lsl 16",1
"eorseq r6, ip, r0, lsl 30",1
"stmibne r0!, {r8}",1
"teqvs r6, r0",1
invalid,1
"orreq r0, sp, r6, asr 6",1
"stclo p0, c0, [pc], {0}",1
"ldrt r0, [r3], -0",1
svcvc 0xc3,1
blhs 0xc544,1
"vrhadd.u8 d5, d3, d1",1
invalid,1
"eorseq r0, r0, r0, asr r1",1
invalid,1
invalid,1
"stmdbne r1, {r2, r3, r6, r8, sb}",1
"stmda r0, {r0}",1
"streq r0, [r0], -0xc3",1
bllt 0xc818,1
invalid,1
"strdeq r1, r2, [r0], -sp",1
invalid,1
"movteq r0, 0xc100",1
"andeq r0, r0, sp, lsl 3",1
"ldrdeq r3, r4, [r0], -fp",1
"andeq r0, sp, r7, lsr ip",1
"movteq r0, 0xc100",1
"andeq r0, r0, ip, lsr 32",1
"andeq r3, r0, r7, lsl 26",1
"sbceq r0, r4, r3, lsr r0",1
"andseq lr, r8, r0, lsl 8",1
"andpl r2, r1, 0, 22",1
invalid,1
"cmpeq r1, 0xc000000a",1
blhs 0x140cd14,1
"andlo r5, r1, r1",1
"teqeq pc, r0",1
"andeq r0, r0, sb, asr 17",1
invalid,1
"andeq r0, r0, sb, lsl r1",1
"andeq ip, r0, r4, lsl 8",1
"andeq ip, r0, r8, lsr r4",1
"andeq r3, r0, r3, lsr sp",1
"andseq sb, sl, r1, lsl 6",1
"rsbeq r3, lr, r0, lsl 12",1
"strhs r5, [r3, -0x201]",1
"andvs r0, r0, r0",1
invalid,1
"andpl r0, r1, 0x73",1
"andeq r4, r0, r3, lsl 20",1
"eorseq r7, sp, r0, lsl 28",1
"rsbvc r3, r1, 0, 12",1
"andpl r0, r1, 0x67",1
"andeq r8, r1, r3, lsl 26",1
"eorseq sb, sp, r0, lsl 30",1
"rsbeq r3, pc, r0, lsl 16",1
"andle r5, r3, 0x1000000",1
"andeq r0, r0, 0x13",1
"stcne p0, c4, [sl], -0x244",1
"smlabtlo r0, r4, r0, r0",1
"andvc r0, r0, r5",1
blhs 0xc61c,1
"vrhadd.u8 d5, d3, d1",1
invalid,1
"rsbseq r0, sp, r0, asr r2",1
"ldrtgt r3, [r0], -0x300",1
"orrsne r0, fp, r0",1
invalid,1
"rsbseq r0, sp, r3, asr r2",1
"subseq r0, r2, 0xc000000a",1
invalid,1
"rsbseq r0, r4, r1, asr r2",1
"subseq r0, r0, 0xc000000a",1
"andeq r0, r0, r5, ror r0",1
"stmdbeq r3!, {r0, r1, r2, r3, r4, r5, r8}",1
invalid,1
"tsteq sb, r3, lsl 2",1
"ldrtgt r0, [r8], -0",1
"ldrbtgt r0, [r0], -0",1
"ldclo p0, c0, [sp, 0]!",1
invalid,1
invalid,1
"stmdbpl r1, {r1, r2, r3, r5, r6}",1
"andeq r2, r0, r3, lsl 10",1
"eorseq lr, sp, r0, lsl 20",1
"rsbseq r3, r3, r0, lsl 12",1
bmi 0xe2a1c,1
invalid,1
invalid,1
"rsbeq r7, r7, r1, ror 4",1
"vstrhi s10, [r3, -4]",1
"stmdbhs r0, {r0}",1
"smladxlo r0, lr, r0, r0",1
"andeq r0, r0, ip, lsl 26",1
invalid,1
"strmi r0, [r0, -r0]",1
"stmdalo r0, {r1, r2, r3, r4, r5}",1
invalid,1
"andseq sp, r3, r3, lsl 4",1
"addsmi r0, r1, r0, lsl 4",1
"sbceq r5, r4, sl, lsr 8",1
"andeq r3, r5, r0, lsl 2",1
"andseq r1, fp, r0, lsl 12",1
invalid,1
invalid,1
"subseq r0, r0, 0xc000000a",1
"movwlo r0, 0x7d",1
"andeq ip, r0, r8, ror 8",1
"muleq r0, fp, r1",1
"subseq r0, r3, 0xc000000a",1
invalid,1
"rsbseq r0, r4, r2, asr r2",1
"subseq r0, r1, 0xc000000a",1
invalid,1
"rsbseq r0, r6, r0, asr r2",1
"teqeq pc, r0",1
"andeq r0, r0, pc, lsl 19",1
"mrseq r6, apsr",1
"andeq r0, r0, sb, lsl r1",1
"andeq ip, r0, r0, ror r4",1
"andeq ip, r0, ip, lsl 9",1
"andeq r3, r0, r5, ror 28",1
"andseq sb, fp, r1, lsl 8",1
"rsbseq r3, r3, r0, lsl 12",1
bmi 0xe4ab4,1
"strhi r0, [r0, -0]",1
invalid,1
"rsbeq r7, r7, r1, ror 4",1
"stchi p1, c6, [r3, -4]",1
invalid,1
"movwlo r0, 0x3e",1
"andeq ip, r0, r8, lsl 9",1
"strdeq r1, r2, [r0], -sp",1
"cmpeq r2, 0xc000000a",1
blhs 0x144cea4,1
"vrhadd.u8 d5, d3, d1",1
invalid,1
"eorseq r0, r0, r0, asr r1",1
"strmi r3, [r1, -r0, lsl 30]",1
invalid,1
"stmdbne r1, {r0, r1, r2, r5, r6, r8, sb}",1
invalid,1
"andlt r0, r0, r4, asr 1",1
"stcle p0, c0, [r0, -0x310]",1
invalid,1
"andeq r1, r0, r6, lsl 24",1
invalid,1
"subeq r0, sl, r7, ror 6",1
"cdplo p0, 0xf, c0, c13, c0, 0",1
"teqvs r6, r0",1
invalid,1
"orreq r0, sp, r7, ror 6",1
svclo 0x290000,1
"ldceq p0, c0, [r7], -0",1
invalid,1
"eoreq r0, ip, r7, ror 6",1
svclo 0x550000,1
"ldcge p0, c0, [r3], -0",1
"movwls r0, 0xc4",1
blhs 0xc7a4,1
"vcgt.u8 d5, d3, d1",1
invalid,1
invalid,1
"qaddpl r2, r1, r1",1
"andpl pc, r1, r3, lsl 6",1
"cmpeq r0, fp, lsr 2",1
svclo 0x30,1
"andeq r6, lr, r1, lsl 20",1
invalid,1
"andeq r1, r1, r1, lsl 18",1
"sbceq fp, r4, r0",1
"sbceq r1, r5, r0, lsl 8",1
"eorseq r8, pc, r0, lsl 2",1
"stcne p1, c0, [r4], 0",1
"teqvs r6, r0",1
invalid,1
"orreq r0, sp, sp, ror 6",1
svclo 0xae0000,1
"ldceq p0, c0, [r7], -0",1
invalid,1
"eoreq r0, ip, sp, ror 6",1
svclo 0xcc0000,1
"teqvs r6, 0",1
"stcvs p0, c0, [r1, -0x1a0]",1
"andeq r1, r1, r3, lsl 30",1
"eorseq lr, pc, r0, lsl 20",1
"stcleq p1, c3, [r6], -0",1
svcvs 0x10000,1
"andeq r5, r4, r3, lsl 2",1
"addsmi r0, r1, r0, lsl 4",1
"sbceq pc, r4, sl, lsr 8",1
"andseq sb, r4, r0, lsl 30",1
"andseq r8, ip, r0, lsl 4",1
"andpl r2, r1, 0, 22",1
invalid,1
"rsbseq r0, r6, r1, asr r2",1
"subseq r0, r0, 0xc000000a",1
"movwlo r0, 0x7d",1
"andeq ip, r0, r8, lsl 10",1
"muleq r0, fp, r1",1
"subseq r0, r3, 0xc000000a",1
invalid,1
"rsbseq r0, r4, r2, asr r2",1
"subseq r0, r1, 0xc000000a",1
invalid,1
"eorseq r0, r0, r0, asr r1",1
"andle r3, r1, r0, lsl 30",1
invalid,1
"stmdbne r1, {r1, r2, r4, r5, r6, r8, sb}",1
"strne r0, [r0], -1",1
"stmdahs r0, {r0, r2, r6, r7}",1
bleq 0xcb20,1
invalid,1
"strdeq r1, r2, [r0], -sl",1
invalid,1
"cmneq r6, 0, 2",1
"andeq r0, r0, sp, lsl 3",1
"andeq r4, r0, fp, lsr 32",1
"rsbeq r6, r8, r6, lsr r3",1
svcne 0x37601,1
invalid,1
"movwlo r0, 0x40",1
"andeq ip, r0, r4, lsr 10",1
"andeq r1, r0, r6, lsl 24",1
"subseq r0, r1, 0xc000000a",1
invalid,1
invalid,1
svclo 0x50,1
"andeq sl, r7, r1, lsl 26",1
"cmneq ip, 0, 2",1
"andeq r1, r1, r1, lsl 18",1
"sbceq r2, r5, r0, lsl 16",1
"sbceq r3, r5, r0, lsl 16",1
"subeq r6, r0, r0, lsl 26",1
"stclne p1, c0, [r1, -0]",1
"teqvs r6, r0",1
invalid,1
"orreq r0, sp, ip, ror r3",1
"addmi r0, sp, r0",1
"ldrtlo r0, [r3], -0",1
"strge r0, [r0], -0xc5",1
blhs 0xc8f4,1
"stmdaeq r2, {r0, r8, ip, lr}",1
"andpl r2, r1, sl, lsr fp",1
"andpl pc, r1, r3, lsl 6",1
"teqeq pc, r0",1
"andeq r0, r0, r1, lsl 28",1
invalid,1
"andeq r0, r0, sb, lsl r1",1
"andeq ip, r0, r8, lsr r5",1
"andeq ip, r0, r8, asr 10",1
"andeq r4, r0, lr, lsr 1",1
"andseq sb, sp, r1, lsl 30",1
"rsbvc r3, r1, 0, 12",1
"andhi r0, r1, 0x67",1
"andeq r8, r1, r3, lsl 26",1
"subeq ip, r0, r0, lsl 28",1
"stceq p7, c3, [ip, -0]",1
"andhi r0, r1, 0",1
"andeq r2, r0, r3, lsl 24",1
"subeq lr, r0, r0, lsl 30",1
"strbgt r3, [r4, -0x300]",1
invalid,1
invalid,1
blo 0x20d228,1
"cmpeq r1, 0xc000000a",1
blhs 0x144d0b4,1
"vhadd.u8 d5, d3, d1",1
"andeq r5, r0, r1",1
"stmibeq r5!, {r0, r1, r2, r3, r4, r5, r8} ^",1
"andls r0, r1, r0",1
"tsteq sb, r3, lsl 2",1
"strbgt r0, [r8, -0]",1
"ldrgt r0, [r0, 0]!",1
"tstmi r0, r0",1
"stcpl p0, c0, [r1, -0]",1
invalid,1
"andls r0, r1, lr, rrx",1
"andeq r2, r0, r3, lsl 10",1
"subeq r3, r1, r0, lsl 26",1
"cdpeq p7, 5, c3, c7, c0, 0",1
"andls r0, r1, r0",1
"andeq r8, r1, r3, lsl 26",1
"subeq r5, r1, r0, lsl 22",1
"ldmdbeq fp!, {r8, sb, sl, ip, sp}",1
"mrsls r0, apsr",1
"andeq r8, r1, r3, lsl 26",1
"subeq r7, r1, r0, lsl 18",1
"rsbvc r3, r1, 0, 12",1
"andls r0, r1, 0x67",1
"andeq r8, r1, r3, lsl 26",1
"subeq sb, r1, r0, lsl 14",1
"stceq p3, c4, [ip, -0]",1
"andls r0, r1, 0",1
"andeq r2, r0, r3, lsl 24",1
"addseq r0, r1, r0, lsl 4",1
invalid,1
"ldrbeq r0, [r1], -0x394",1
"mrsls r0, apsr",1
invalid,1
"smlabtvs r0, r5, r0, r0",1
"stmdblo r0, {r0, r2, r4}",1
blhs 0xc9f0,1
"strvc r5, [r2], -r1, lsl 4",1
invalid,1
blhs 0x2a58c,1
"stcvc p0, c5, [r2, -4]",1
"ldrtge r0, [r3], -0",1
blls 0xcca4,1
blhs 0xc9d8,1
"stcvc p3, c5, [r2, -4]",1
"andpl r2, r1, 0, 22",1
"ldrbteq sb, [r8], -r3, lsl 2",1
"subseq r0, r1, 0xc000000a",1
invalid,1
"rsbseq r0, r5, r0, asr r2",1
"teqeq pc, r0",1
"strheq r0, [r0], -r5",1
"mrseq r8, apsr",1
"andeq r0, r0, sb, lsl r1",1
"strheq ip, [r0], -r0",1
"andeq ip, r0, ip, asr 11",1
"strheq r4, [r0], -r5",1
"andseq lr, lr, r1, lsl 16",1
"rsbeq r3, lr, r0, lsl 12",1
"strhs r8, [r3, -0x801]",1
invalid,1
"strlo r0, [r0, -r1, asr 32]",1
"andeq r0, r0, r7, asr lr",1
"stchi p8, c8, [r3, -4]",1
"andeq r0, r0, 1",1
"strlo r0, [r0, -r2, asr 32]",1
"andeq r0, r0, fp, lsr sb",1
"stchi p9, c8, [r3, -4]",1
"movwhs r0, 1",1
"strlo r0, [r0], -r2, asr 32",1
"rsbeq r7, r7, r1, ror 4",1
"stchi p9, c8, [r3, -4]",1
"strmi r0, [r0], -1",1
"movwlo r0, 0x42",1
"andeq ip, r0, r4, asr 11",1
"muleq r0, pc, sp",1
"cmpeq r3, 0xc000000a",1
blhs 0x14cd1e8,1
"vhsub.u8 d5, d3, d1",1
invalid,1
invalid,1
"andpl r2, r1, r1, asr fp",1
"andpl pc, r1, r3, lsl 6",1
"rsbseq r0, sp, fp, lsr 4",1
"rscseq r0, pc, r2, lsl 18",1
invalid,1
invalid,1
"stmdbne r1, {r1, r3, r4, r7, r8, sb}",1
invalid,1
invalid,1
"strvs r0, [r0, -0xc5]",1
invalid,1
"andeq r1, r0, ip, asr pc",1
"andeq r5, lr, r7, lsr r7",1
"orrseq r0, sl, 0, 2",1
"andeq r0, r0, sp, lsl 3",1
"andeq r4, r0, r5, lsl 5",1
"andeq r3, sb, r7, lsr fp",1
"orrseq r0, sl, 0, 2",1
"andeq r0, r0, sp, lsl 3",1
"strheq r4, [r0], -r1",1
invalid,1
"orrseq r0, fp, 0, 2",1
"andeq r0, r0, sp, lsl 3",1
"ldrdeq r4, r5, [r0], -sp",1
"sbceq lr, r5, r3, lsr ip",1
"andseq r5, lr, r0, lsl 26",1
"movwpl r2, 0x1b00",1
"andpl pc, r1, 0xc000000",1
"cmpeq r2, 0xc000000a",1
blhs 0x144d26c,1
"vrhadd.u8 d5, d3, d1",1
invalid,1
"eorseq r0, r0, r0, asr r1",1
"andlo r3, r1, r0, lsl 30",1
invalid,1
"stmdbne r1, {r0, r5, r7, r8, sb}",1
invalid,1
"strhs r0, [r0], -0xc5",1
"stmdbeq r0, {r1, r2, r6, r7}",1
invalid,1
"andeq r1, r0, r7, ror 31",1
"andeq r5, lr, r7, lsr r7",1
invalid,1
"andeq r0, r0, sp, lsl 3",1
"andeq r4, r0, r5, lsr r3",1
"andeq r3, sb, r7, lsr fp",1
invalid,1
"andeq r0, r0, sp, lsl 3",1
"andeq r4, r0, r3, asr r3",1
invalid,1
invalid,1
"andeq r0, r0, sp, lsl 3",1
"andeq r4, r0, pc, ror r3",1
"andeq r0, sp, r7, lsr ip",1
invalid,1
"andeq r0, r0, ip, lsr 32",1
"andeq r4, r0, fp, lsr 7",1
"sbceq r1, r6, r3, lsr ip",1
"andseq sb, sp, r0, lsl 30",1
"movwpl r2, 0x1b00",1
"andpl pc, r1, 0xc000000",1
"cmpeq r2, 0xc000000a",1
blhs 0x144d2f0,1
"strvc r5, [r2], -0x101",1
"andpl r2, r1, r0, lsl 22",1
"eoreq r3, fp, 1",1
invalid,1
"andeq r5, r0, r1, lsl 6",1
"ldmibeq fp!, {r0, r1, r2, r3, r4, r5, r8} ^",1
"movwlt r0, 0x1000",1
"orreq r0, sp, r3, lsl 2",1
"strtgt r0, [r4], -r0",1
"ldrtgt r0, [r8], -r0",1
"bicsmi r0, r8, 0",1
"stcpl p0, c0, [r1, -0]",1
"strlo r0, [r0], -r0, lsr 32",1
"movwlt r0, 0x106e",1
"andeq r2, r0, r3, lsl 10",1
"subeq pc, r3, r0, lsl 16",1
"rsbvc r3, r1, 0, 12",1
"movwlt r0, 0x1067",1
"andeq r8, r1, r3, lsl 26",1
"subeq r1, r4, r0, lsl 18",1
"stceq p7, c3, [ip, -0]",1
"movwlt r0, 0x1000",1
"andeq r2, r0, r3, lsl 24",1
"subeq r3, r4, r0, lsl 20",1
"ldrtgt r3, [r0], -r0, lsl 6",1
"orrsne r0, fp, r0",1
invalid,1
"stmdami r3, {r0, r1, r4, r6, r8, sl}",1
blhs 0xd150,1
"vhsub.u8 d5, d3, d1",1
invalid,1
invalid,1
"andpl r2, r1, r1, asr fp",1
"andpl pc, r1, r3, lsl 6",1
"teqeq pc, r0",1
"andeq r0, r0, pc, lsr 24",1
"mrseq fp, apsr",1
"andeq r0, r0, sp, lsl 3",1
"andeq ip, r0, r8, lsr r6",1
"andeq ip, r0, r4, asr r6",1
"andeq r4, r0, fp, asr r4",1
"eoreq fp, r0, r1, lsl 20",1
"rsbvc r3, r1, 0, 12",1
"stmdblt r1, {r0, r1, r2, r5, r6}",1
"andeq r8, r1, r3, lsl 26",1
"subeq r7, r4, r0, lsl 22",1
"stceq p7, c3, [ip, -0]",1
invalid,1
"andeq r2, r0, r3, lsl 24",1
"subeq sl, r4, r0, lsl 14",1
"ldrbgt r3, [r0], -r0, lsl 6",1
svcne 0xe70000,1
invalid,1
invalid,1
"qaddpl r2, r1, r1",1
"andpl pc, r1, r3, lsl 6",1
"cmpeq r0, fp, lsr 2",1
svclo 0x30,1
"andeq r6, lr, r1, lsl 4",1
invalid,1
"andeq r8, r1, r1, lsl 26",1
"sbceq r5, r6, r0, lsl 8",1
"sbceq r6, r6, r0, lsl 8",1
"subeq sp, r4, r0, lsl 6",1
"tsths r6, r0, lsl 2",1
"cdpvs p0, 3, c0, c6, c0, 0",1
invalid,1
"andeq r0, r0, r5, lsr 32",1
"strdeq r4, r5, [r0], -r3",1
invalid,1
invalid,1
"andeq r0, r0, sp, lsl 3",1
"andeq r4, r0, r4, lsl r5",1
"sbceq r6, r6, r3, lsr r0",1
"andseq lr, pc, r0, lsl 14",1
"andpl r2, r1, 0, 22",1
blhs 0xfffcf060,1
"vrhadd.u8 d5, d3, d1",1
invalid,1
invalid,1
svclo 0x50,1
"andeq r5, lr, r1, lsl 24",1
"biceq r0, r5, 0, 2",1
"andeq r8, r1, r1, lsl 26",1
"sbceq r6, r6, r0, lsl 8",1
"sbceq r7, r6, r0, lsl 16",1
"subeq r3, r5, r0, lsl 10",1
"cmphs ip, r0, lsl 2",1
"teqvs r6, r0",1
invalid,1
"orreq r0, sp, r5, asr 7",1
"ldrbmi r0, [r5, -0]",1
"ldrtvc r0, [r3], -0",1
blt 0xcfb4,1
blhs 0xcd20,1
"vrhadd.u8 d5, d3, d1",1
invalid,1
"eorseq r0, r0, r0, asr r1",1
"cdpeq p4, 1, c4, c4, c0, 0",1
"strvs r0, [r1], -r0",1
"andeq r0, r0, r1, asr r4",1
svcvs 0xac0305,1
svcne 0xc0001,1
"stcvc p0, c0, [r0, -4]",1
"stceq p0, c0, [r0, -0x84]",1
"andeq r0, r0, r5, lsl 2",1
invalid,1
invalid,1
"ldrdhs r0, r1, [sp, -0x2b]!",1
"movweq r0, 0x5000",1
"andeq r6, r1, ip, lsr 29",1
"andeq sl, r8, r1, lsr r5",1
"sbcseq r0, ip, 0, 2",1
"andeq r0, r0, r7, lsr r0",1
"cdpvs p3, 3, c0, c12, c5, 0",1
"cdple p0, 3, c0, c1, c1, 0",1
invalid,1
"ldrteq r0, [r4], 0x2dd",1
"movweq r0, 0x5000",1
"andeq r6, r1, r0, asr 28",1
"andeq lr, ip, r1, lsr fp",1
"sbcseq r0, lr, 0, 2",1
"ldrdeq r1, r2, [r0], -r7",1
"cdpvs p3, 3, c0, c8, c5, 0",1
"stchi p0, c0, [ip, -4]",1
"strle r0, [r0, -1]",1
"stceq p0, c0, [r0, -0x84]",1
"andeq r0, r0, r5, lsl 2",1
"cdpvs p0, 4, c0, c5, c8, 0",1
invalid,1
"eoreq lr, r1, fp, asr 14",1
"movweq r0, 0x5100",1
"andeq lr, r0, r8, lsr 22",1
"eoreq ip, r1, fp, lsl 10",1
"subeq r0, sl, r0, lsl 24",1
invalid,1
"streq r0, [sp, -0]",1
"streq r0, [r0, -r1]",1
beq 0xff79e150,1
invalid,1
"andeq r2, r0, lr, lsl 4",1
"stmdaeq r3, {r0, r8, sl}",1
bleq 0xd10c,1
"andeq r2, r0, ip, ror 3",1
"andeq r8, ip, r6, asr 28",1
invalid,1
"andeq r0, r0, r1, asr r4",1
"stmdami r3, {r0, r8, sl}",1
"strmi r0, [r0, -lr, ror 2]",1
"andeq r0, r0, sl, asr 5",1
"strteq sl, [r5], -0x80b",1
"mrseq r0, apsr",1
"andeq sp, r7, r7, asr 16",1
"strhs r0, [sb, 0xb00]!",1
invalid,1
"and r4, r1, 0x10000",1
invalid,1
invalid,1
"andseq r0, r5, 0x40000012",1
"movwlo r0, 0xc000",1
"andeq r1, r1, r1, lsl 18",1
"rsbhs r0, sp, 0, 2",1
"stclhi p0, c0, [sl, -0]",1
bmi 0xcdb8,1
"andeq r0, r0, sp, lsl 3",1
"andeq r2, r0, sl, asr 10",1
"mrseq r0, spsr",1
"andeq r0, r0, lr, lsl 27",1
"stchi p0, c2, [r1, -0x3c]",1
invalid,1
"stceq p1, c0, [r6], {0x4c}",1
"stcvs p0, c0, [sl, -0]",1
"eoreq r0, ip, r1, lsl 2",1
"movwge r0, 0x1000",1
bmi 0xce68,1
"andeq r2, r0, r3, lsr 5",1
"andeq r8, r1, sl, asr 26",1
"eoreq r4, ip, r0, lsl 20",1
invalid,1
"andeq r0, r0, r2, lsr 32",1
"eorseq r0, lr, sb, lsl 8",1
"streq r0, [sb], -0",1
"ldrdeq r0, r1, [r0], -r6",1
bleq 0x164d328,1
invalid,1
"andeq r2, r0, r1, lsl 10",1
"sbchs r0, r7, 0, 2",1
blvc 0x128ce14,1
"andeq r0, r0, r3",1
"teqeq r0, 76, 2",1
blhi 0x38ce20,1
"eoreq r0, ip, r1, lsl 2",1
"and r0, r1, r0",1
bmi 0xceb4,1
"andeq r0, r0, sp, lsl 3",1
"strne r4, [r1, -r0, lsl 24]",1
beq 0xce68,1
"strhs r0, [r1, -0x169]",1
invalid,1
"strdeq r2, r3, [r0], -sb",1
"eoreq pc, r2, sl, asr 18",1
"streq r0, [sb], -0",1
"strdeq r2, r3, [r0], -pc",1
"andeq sp, r3, fp, lsl 12",1
"vstrls d4, [r1, -0]",1
"andne r0, r0, r5",1
"tsths r2, 80, 2             ; 0x50",1
invalid,1
"andeq r8, r1, r4, lsl 4",1
svcge 0x14900,1
"cdpeq p0, 0, c0, c0, c12, 0",1
"eoreq r0, r5, r1, asr 2",1
blo 0x4ce78,1
bmi 0xcf08,1
"strheq r0, [r0], -sb",1
"andeq fp, r1, sl, asr 18",1
"eoreq r4, ip, r0, lsl 20",1
blmi 0xce8c,1
"andeq fp, sl, r1, lsl 18",1
"orreq r1, fp, r0, lsl 2",1
"andeq r0, r0, ip, lsr 32",1
"str r4, [r1, -r1, lsl 26]",1
invalid,1
"andeq r0, r0, r7, lsl r1",1
invalid,1
"strbne r0, [sl, -r0]",1
bmi 0xceb4,1
"andeq r0, r0, r5, lsr 32",1
"andeq r0, r1, sl, asr 10",1
"mrseq r0, spsr",1
"muleq r0, lr, sb",1
invalid,1
beq 0xfe68d3ec,1
svclo 0x40000,1
"andeq r1, r1, r1, lsl 14",1
"orrshs r0, r0, 0, 2",1
"strbne r0, [sl, -r0]",1
bmi 0xcee0,1
"andeq r0, r0, ip, lsr 32",1
"stmdb r1, {r8, fp, lr}",1
"streq r0, [r0], -8",1
"tsteq r7, sb, lsr r1",1
invalid,1
bmi 0xcf80,1
"andeq r0, r0, ip, lsr 32",1
"andvs r4, r1, 0, 30",1
invalid,1
"smlatteq r1, r2, r1, r0",1
"strheq r2, [r0], -sp",1
"andeq r1, r1, sl, asr 14",1
"mrseq r0, spsr",1
"strdeq r0, r1, [r0], -sl",1
"stmdals r1, {r1, r4, sb, ip, sp}",1
invalid,1
bleq 0xff0cd460,1
"andmi r0, r4, 0",1
"andeq r1, r1, r1, lsl 14",1
"stmdblt sl, {r8} ^",1
bmi 0xcf34,1
"andeq r0, r0, ip, lsr 32",1
"orrseq r0, r8, r0",1
"andeq r0, r2, r0",1
"andeq r0, r0, sp, lsl 30",1
"andeq r0, lr, r4, lsl 2",1
blgt 0x4cf48,1
bl 0xcf84,1
"stmdavc r0, {r0}",1
"stmdalt r0, {r1, r2, r6, r7}",1
bpl 0xd27c,1
"andeq r0, r0, 0x10",1
"cdpvs p5, 6, c0, c9, c4, 0",1
"stmdblt r3, {r2, r4, r5, r6}",1
"movweq r0, 5",1
"ldrdeq r3, r4, [r0], -r5",1
"streq r0, [r4, -r0, lsl 8]",1
"andeq r0, r0, r4, lsr 32",1
"andeq pc, lr, r5, lsl 10",1
"cmneq r2, r0, lsl 4",1
"andeq r0, r0, r5, lsr 32",1
"andeq sl, r0, r3, lsl 30",1
"rsbeq r0, r1, r0, lsl 12",1
"adceq r7, pc, r2, lsl 4",1
"andvs r0, r6, 0",1
svcge 0x720200,1
"streq r0, [r0, -r0]",1
"strheq r0, [r0], -sp",1
"eoreq r7, r5, r2, lsl 6",1
"str r0, [r7, -r0]",1
"andeq r0, r0, 0xe",1
"andeq r2, r0, r3, ror r5",1
"cdpeq p8, 9, c0, c4, c0, 0",1
"strvc r0, [r2, -0]",1
"andeq r0, r0, r1, asr 1",1
"andeq sb, lr, r8, lsl 18",1
"cmngt r6, r0, lsl 4",1
invalid,1
"rsbseq r6, r0, r4, ror sp",1
"eoreq r7, r5, r2, lsl 14",1
blle 0x20cfd0,1
"andeq r0, r0, 0xe",1
"andeq r2, r0, r8, ror ip",1
"cdpeq p8, 0xe, c0, c1, c0, 0",1
invalid,1
"andeq r0, r0, ip, lsr 32",1
"strlt r0, [r4, -0xa00]",1
bleq 0xcfec,1
"strheq r0, [r0], -sl",1
blo 0x20d404,1
"streq r0, [r0], -0",1
"eorseq r0, r1, r1, lsl 16",1
"mrslt r0, apsr",1
"andeq r0, r0, 0xe",1
"eoreq r0, r5, sl, asr 2",1
"streq r0, [r3, -0]",1
"streq r0, [r0], -r1",1
bmi 0x8d198,1
"andeq r0, r0, pc, lsr 1",1
"andeq r6, r0, 0x60000000",1
"andeq sl, r0, sl, asr 30",1
"cdpeq p7, 0xb, c0, c13, c0, 0",1
bmi 0x8d028,1
"strheq r0, [r0], -sl",1
"andeq sb, lr, ip, lsl 28",1
"mrrceq p2, 0, r0, fp, c0",1
"andeq r0, r0, r1, lsl 29",1
"stceq p2, c6, [r0, -8]",1
"andeq r3, r6, r1, lsl 4",1
"tsteq sp, r0, lsl 2",1
"andeq r0, r0, r5, lsr 32",1
"andeq ip, r0, r8, ror r6",1
"strheq ip, [r0], -r8",1
"andeq r4, r0, r1, lsl 11",1
"rsbeq r0, r1, r1, lsl 28",1
"adceq r1, pc, r1, lsl 26",1
"strmi r0, [r1, 0]!",1
"andvs r0, lr, 0",1
svcge 0x1d0100,1
blle 0xd06c,1
svceq 0x45,1
"andeq r0, r0, lr, lsr r0",1
"andeq ip, r0, ip, ror r6",1
"andeq r0, r0, r8, ror 4",1
invalid,1
svcvc 0,1
"andeq r6, r0, r0, lsl r1",1
"ldmdapl r1, {r8, sb, sl, fp, ip, sp, lr}",1
"strmi r0, [r0, -r0]",1
invalid,1
"andeq r0, r0, pc, asr 32",1
"andeq r4, r0, r8, lsr r7",1
"andeq r8, r2, r2, lsl r0",1
"rsbseq r1, r7, r0, lsl 6",1
invalid,1
"andshi r0, r3, 0",1
invalid,1
"movwne r0, 0x49",1
"andeq r0, r0, sp, lsl 1",1
"ldrdeq r4, r5, [r0], -lr",1
"andeq sb, r0, r3, lsl r8",1
"subeq r4, fp, r0, lsl 18",1
"adceq r1, r3, r0, lsl 6",1
blmi 0xfee4d0cc,1
"andeq r0, r0, r0",1
"ldreq r0, [r5], r0",1
"andeq r0, r2, r0",1
"andeq r1, r0, r0",1
"andeq r0, lr, r4, lsl 2",1
"mrshs r0, apsr",1
bl 0xd124,1
"stmdalt r0, {r0}",1
"str r0, [r0], -0xc9",1
"stmdbgt r0, {r0, r1, r3, r6, r7}",1
"andeq r0, r0, 0x11",1
"cdpvs p5, 6, c0, c9, c4, 0",1
"stmdblt r3, {r2, r4, r5, r6}",1
"streq r0, [r0], -r5",1
"ldrdeq r3, r4, [r0], -r5",1
"streq r0, [r4, -r0, lsl 8]",1
"andeq r0, r0, r4, lsr 32",1
invalid,1
"streq r0, [r0], -0",1
"eorseq r0, pc, r2, lsl 14",1
"streq r0, [r4], -0",1
"andeq r1, r0, r7, lsl 30",1
"streq r0, [r1], -r0, lsl 8",1
"andeq r0, r0, r3, lsr r0",1
blgt 0x14d940,1
"streq r0, [r0], -0",1
"andeq r0, r0, r8, lsl 10",1
invalid,1
"andeq r1, r0, r7, lsl 20",1
"streq r0, [r4, -0x400]",1
"andeq r0, r0, r5",1
"strle r0, [r7, -0x404]",1
"streq r0, [r0, -0]",1
"strhi r0, [r4, -0x604]",1
"streq r0, [r0], -0",1
"eorseq r0, sl, r1, lsl 16",1
"streq r0, [r6], -0",1
"muleq r0, r2, r0",1
"andeq r8, r0, r7, lsl 10",1
"stcls p6, c0, [r4, -0]",1
invalid,1
svcne 0x10409,1
"andeq r0, r0, sp, lsr 1",1
"andeq r2, pc, sl, lsl 30",1
bleq 0xd580,1
"andeq lr, fp, r1, lsl 14",1
"mrseq r0, SPSR_mon",1
"andeq r0, r0, sp, ror r0",1
"rsceq r0, r2, r3, lsl 2",1
invalid,1
"movweq r0, 0xa",1
"andeq r7, r0, ip, asr 26",1
"stceq p12, c0, [r1], {0}",1
invalid,1
"andeq r0, r0, r5, lsr 32",1
"andeq r0, sl, ip, lsl 14",1
"mcrrhs p3, 0, r0, ip, c0",1
"andeq r0, r0, r0",1
svceq 0x3f010b,1
"andlo r0, r3, r0",1
"andeq r7, r0, r1, lsl 26",1
"strne r0, [r1, -r0, lsl 6]",1
invalid,1
"andeq r0, r0, r1, lsl 21",1
"rsbseq r3, sp, r3",1
"andne r0, ip, 0",1
"movweq r0, 0xf",1
"andeq sb, r0, r0, lsr r7",1
beq 0x1d01e0,1
"andlo r0, r3, r0",1
"andeq r0, r0, ip, lsr 32",1
"stmdb r1, {r8, sl, fp}",1
invalid,1
"rsbseq r0, sp, r7, lsr 2",1
invalid,1
invalid,1
blmi 0xffecd200,1
"stcvs p0, c0, [r1, -0]",1
"cdpeq p0, 0, c0, c0, c1, 0",1
"strhs r0, [r1, -lr, rrx]",1
"andeq r0, r0, ip, lsr 32",1
"andeq r4, r0, fp, lsl ip",1
invalid,1
"andeq r7, r0, sb, lsr 26",1
"subeq r3, ip, r0, lsl 18",1
"stmibgt r4, {ip} ^",1
"strbeq r0, [sp]",1
invalid,1
"tsteq r1, r0",1
"rsbseq r0, r4, r0, asr r2",1
"stmibgt r4!, {sb, ip} ^",1
"strbeq r0, [r6, 0]!",1
"stceq p0, c0, [r0, -0]",1
"andeq sl, ip, r1, lsl 8",1
"bicseq r0, sl, r0, lsl 4",1
"andeq r0, r0, pc, ror r0",1
"andeq ip, r0, ip, ror 19",1
"strdeq ip, sp, [r0], -r8",1
"andeq r4, r0, r2, ror 24",1
"andeq sl, r1, r1, lsl 20",1
"rsbeq r0, lr, r0, lsl 28",1
"eoreq sp, ip, r2, lsl 20",1
"stcmi p0, c0, [r2], {0}",1
invalid,1
"strne r0, [r0, -sb, asr 1]",1
invalid,1
"vhadd.u8 d5, d3, d1",1
"andeq r5, r0, r1",1
svceq 0x180114,1
"strvs r0, [r2, -r0]",1
"andeq r7, r0, r1, lsl 26",1
"sbceq pc, sb, r0, lsl 16",1
"sbceq r2, sl, r0, lsl 8",1
"subeq sl, ip, r0, lsl 6",1
invalid,1
"cdpvs p0, 0, c0, c14, c0, 0",1
"stclhs p2, c0, [r7], -0",1
"movwgt r0, 0",1
"cdpeq p0, 0, c0, c0, c12, 2",1
"smlsdxvs r2, r3, r0, r0",1
"andeq r0, r0, ip, lsr 32",1
"andeq r4, r0, r1, ror 25",1
"sbceq r1, sl, r2, lsl r8",1
"andeq lr, r5, r0, lsl 12",1
bgt 0x811ec0,1
"tsteq r7, r0",1
"tsteq r1, r0",1
"rsbseq r0, r4, r0, asr r5",1
"andseq r0, lr, r5, ror r0",1
bls 0x506d4,1
invalid,1
"rsbseq r0, sp, r3, lsr r1",1
bgt 0x90d2e0,1
bgt 0xfe00d2e4,1
"ldclmi p0, c0, [pc], 0",1
bvs 0x4d2ec,1
"cdpeq p0, 0, c0, c0, c2, 0",1
"movwlo r0, 0x1070",1
"andeq r0, r0, sp, ror r0",1
"andeq r4, r0, pc, lsl sp",1
invalid,1
"andeq r2, r0, r3, lsr ip",1
"subeq r6, sp, r0, lsl 30",1
bgt 0x121130c,1
"ldrbeq r0, [r0, 0]!",1
"subeq r0, ip, 0",1
"tsteq r1, r0",1
invalid,1
"ldmdapl r0, {r4, r6}",1
"streq r0, [r0, -0xca]",1
"andvs r0, r0, r6",1
invalid,1
"strvc r5, [r2], -0x101",1
invalid,1
"str r0, [r0], -sl, asr 1",1
"andeq r0, r0, r5",1
svceq 0x460115,1
"movwlt r0, 0x2000",1
"andeq r7, r0, r1, lsl 26",1
"adcseq r0, r0, 0, 6",1
"andsvc r0, r6, r0",1
"ldcvc p2, c0, [r3, 0]!",1
"strne r0, [r0], -r0",1
"andeq r6, r0, 112, 28",1
"strheq fp, [r2], -r3",1
"rsbseq r1, r3, r0, lsl 12",1
"eoreq fp, ip, r2, lsl 6",1
"cdpvs p0, 1, c0, c7, c0, 0",1
"ldchs p2, c0, [r5], 0",1
invalid,1
svclt 0x20419,1
"andeq r6, pc, sl, lsl 22",1
"andeq ip, r0, r0",1
"streq r0, [r6], -0",1
"andeq r0, r0, ip, lsr 32",1
"andeq r6, r2, sl, lsl sl",1
"sbceq r8, sl, r0",1
"sbceq pc, sl, r0, lsl 8",1
"subeq r8, sp, r0, lsl 26",1
"tsteq ip, 0, 2",1
invalid,1
"stcge p0, c0, [r0, -8]",1
blne 0xd4dc,1
"andeq r0, r0, r5, lsl 5",1
"andeq r4, r0, r1, ror 27",1
"andeq r8, r2, fp, lsl pc",1
"subeq r1, lr, r0, lsl 10",1
"addseq r1, r8, 0, 24",1
"cdpmi p0, 4, c0, c9, c0, 0",1
"andsge r0, sp, r0",1
invalid,1
"andne r0, r0, 0xca",1
"ldrdeq ip, sp, [r0], -ip",1
"andeq r0, r0, r6, ror 11",1
"sbceq lr, sl, r3, lsl ip",1
"andeq pc, r1, r0, lsl 30",1
"mrspl r1, apsr",1
"strvc r7, [r0], -0x605",1
"tsteq r1, r0, lsl 28",1
"rsbseq r0, r7, r0, asr r2",1
"tsteq r4, r0",1
"andeq r0, r0, sb, asr pc",1
"stcvc p4, c7, [r1, -8]",1
"vst4.8 {d0, d1, d2, d3}, [r0], r0",1
invalid,1
"stcvc p0, c0, [r0, -0x32c]",1
invalid,1
"andeq r0, r0, r4, lsl 7",1
"andeq r7, r0, 0xe",1
"andeq r7, r0, r4, ror sp",1
"subeq sb, lr, r0, lsl 26",1
"rsbeq r0, lr, r0, lsl 28",1
"eoreq r7, ip, r2, lsl 8",1
"cdpmi p0, 0xb, c0, c11, c0, 0",1
"movwvc r0, 0xe000",1
"ldclhs p2, c0, [r4], -0",1
invalid,1
"andne r0, r0, 0x4e",1
"andeq ip, r0, ip, lsl fp",1
"andeq r0, r0, r6, ror 11",1
"sbceq r2, fp, r3, lsl r8",1
"andeq pc, r1, r0, lsl 30",1
"mrspl r1, apsr",1
"strvc r7, [r0], -0x505",1
"tsteq r1, r0, lsl 28",1
"rsbseq r0, r6, r0, asr r2",1
"mrseq r0, apsr",1
"andeq r0, r0, r8, lsl 30",1
"vstrvc s8, [r1, -4]",1
invalid,1
"strvc r0, [r0], -0xcb",1
invalid,1
invalid,1
"andeq r0, r0, fp, lsl 8",1
invalid,1
"andeq r7, r0, sl, asr 26",1
"subeq r1, pc, r0, lsl 14",1
"cdpvs p14, 7, c0, c0, c0, 0",1
"sublt r0, sl, r0, lsl 2",1
invalid,1
"cdpne p0, 0, c0, c0, c15, 2",1
"andeq r0, r0, sl, ror 4",1
"andeq ip, r0, r0, lsr fp",1
"andeq ip, r0, ip, ror 22",1
svchi 0x1f4c01,1
invalid,1
"andeq r8, r2, fp, lsl r5",1
"subeq r8, pc, r0, lsl 22",1
"rsbseq r1, ip, 0, 22",1
svcmi 0xc50000,1
"eorlo r0, r0, r0",1
invalid,1
invalid,1
"muleq r0, r8, r2",1
"strdeq r4, r5, [r0], -pc",1
"sbceq r6, fp, r2, lsl r0",1
"andeq lr, r5, r0, lsl 12",1
blgt 0x1b11cd4,1
invalid,1
"andeq r0, r0, r0",1
"andeq r0, r1, r0, lsl 26",1
invalid,1
"rsbseq r0, sp, r4, asr r1",1
blgt 0x1d0d4ec,1
blgt 0xfe40d4f0,1
"subpl r0, r0, r0",1
"strhi r0, [r1], -r0",1
"cdpeq p0, 0, c0, c0, c4, 0",1
"strpl r0, [r1], -0x73",1
"andeq r0, r0, ip, lsr 32",1
"andeq r5, r0, r0, rrx",1
"andeq sl, r0, r1, lsr 26",1
"sbceq r8, fp, r0",1
"sbceq r8, fp, r0, lsl 24",1
"ldrbvc r0, [r6, -0x100]",1
"andhs r0, r0, 4",1
"ldrdeq r0, r1, [r0], -r6",1
blgt 0x7e2528,1
"andeq r0, r0, r0",1
"andeq ip, r0, fp, lsl r0",1
"subseq r7, r0, r0, lsl 28",1
blgt 0xfe312134,1
"strteq r0, [r3], -r0",1
"tsteq r1, r0",1
"rsbseq r0, r4, r2, asr r2",1
"cmpeq r1, r1, lsl r1",1
"movwne r0, 0x30",1
"andeq ip, r0, r0, lsl 23",1
"andeq r0, r0, r7, lsl r1",1
"subseq r0, r0, 0x40000004",1
"andeq r0, r0, r4, ror r0",1
svceq 0x63010d,1
"stcpl p0, c0, [r1, -0]",1
"andeq r7, r0, r1, lsl 26",1
"sbceq sb, fp, r0",1
"sbceq sl, fp, r0, lsl 8",1
"subseq sb, r0, r0, lsl 2",1
"ldrbteq r0, [r1], 0x100",1
"cdpvs p0, 0, c0, c14, c0, 0",1
"mrrchs p1, 0, r0, sp, c0",1
invalid,1
"mcreq p0, 0, r0, c0, c0, 2",1
"stcpl p0, c0, [r1, -0x1cc]",1
"andeq r0, r0, ip, lsr 32",1
"ldrdeq r5, r6, [r0], -r2",1
invalid,1
"andeq r7, r0, pc, asr sp",1
"subseq pc, r0, r0, lsl 6",1
blgt 0xfe6115a0,1
"strbeq r0, [r4], -r0",1
"strbteq r0, [r7], 0",1
"tsteq r1, r0",1
invalid,1
"andpl r1, r1, r1, asr r1",1
"andpl pc, r1, r3, lsl 6",1
blgt 0xfe911dbc,1
"strbeq r0, [r6, 0]!",1
"stceq p0, c0, [r0, -0]",1
"andeq ip, fp, r1, lsl 6",1
invalid,1
"andeq r0, r0, sp, ror r0",1
"andeq ip, r0, r4, lsr 23",1
"andeq ip, r0, r8, asr 23",1
"andeq r5, r0, r6, lsl 2",1
"andeq r7, r5, r1, lsl 22",1
"rsbseq r0, r0, r0, lsl 28",1
"addseq r6, r7, r1, lsl 30",1
invalid,1
"movwvc r0, 0xe000",1
"stclhs p1, c0, [pc], -0",1
"strmi r0, [r0], -0",1
"qaddhs r0, r1, r0",1
"andeq r0, r0, r2, ror 1",1
"strheq ip, [r0], -r8",1
"andeq ip, r0, r4, asr 23",1
"strbeq r7, [sl, -0x101]!",1
bleq 0x88d610,1
invalid,1
"qaddeq r2, r4, r0",1
"strpl r0, [r1, -0]",1
"andeq pc, r0, fp, lsl r5",1
"subseq r6, r1, r0, lsl 4",1
blgt 0xff112228,1
"strbteq r0, [r2], -r0",1
"tsteq r1, r0",1
"rsbseq r0, r4, r2, asr r2",1
"subseq r0, r1, 0x40000004",1
"andeq r0, r0, r5, ror r0",1
"sbceq fp, fp, r3, lsl r8",1
"andeq r1, r1, r0, lsl 14",1
"andpl r1, r1, r0, lsl 2",1
"andeq r7, r0, r2, lsl 8",1
"mrspl r0, apsr",1
invalid,1
"rsbseq r0, pc, r7, ror r1",1
blgt 0xff20d65c,1
blgt 0xff90d660,1
"cmnpl r5, r0",1
"stcgt p0, c0, [r1, -0]",1
"movwhs r0, 5",1
"andeq r0, r0, r3, asr 25",1
"addeq r7, ip, r1, lsl 14",1
"orrspl r0, r5, r0",1
"ldrle r0, [r0], -0",1
"movwhi r0, 0xcb",1
invalid,1
invalid,1
"strvc r5, [r2], -1",1
"ands r0, r3, r0",1
cps 0xb,1
invalid,1
"strvc r5, [r2], -1",1
"strhs r0, [r0], -0",1
"andeq r1, pc, r1, lsl 20",1
"bicseq r0, r1, r0, lsl 8",1
"andeq r7, r0, r1, lsl 26",1
"strbeq r0, [r6, 0x100]!",1
"stchs p0, c0, [r5], -0",1
"andeq r0, r0, r0",1
"ldmibeq lr, {r1, r2, r5, r8}",1
"strlo r0, [r2, -r0]",1
invalid,1
"andeq r0, r0, r2, ror 20",1
invalid,1
"andeq r0, r6, r1, lsl 10",1
"rsbseq r2, sp, r0, lsl 10",1
"strhs r0, [r0], -0",1
"andeq r0, pc, r1, lsl 20",1
"bicseq r0, pc, r0, lsl 8",1
"andeq r7, r0, r1, lsl 26",1
"strteq r0, [r3], -r0, lsl 2",1
"stcvc p0, c0, [r5, -0]!",1
"strhs r0, [r0, -0]",1
"andeq r0, r0, ip, lsr 32",1
"str r2, [r1, -r0, lsl 16]",1
invalid,1
"andeq r0, r0, sp, ror r0",1
"strbeq r0, [r4], -r1, lsl 2",1
"stcvc p0, c0, [r5, -0]!",1
"strhs r0, [r0, -0]",1
"andeq r0, r0, r5, lsr 32",1
"andeq r7, r0, r5, lsr 12",1
invalid,1
"andeq r0, r0, r4, ror 30",1
invalid,1
"andeq r0, r0, sp, ror r0",1
"andeq r6, r6, r1, lsl 4",1
"eoreq r2, ip, r0, lsl 10",1
"stchs p0, c0, [r5], -0",1
"andeq r0, r0, r0",1
svceq 0x3f0128,1
"stcvc p0, c0, [r1, -0]",1
invalid,1
"andeq r8, r6, r1, lsl 6",1
"rsbseq r2, sp, r0, lsl 10",1
"strls r0, [r5, -r0]!",1
"strhs r0, [r0, -0]",1
"andeq r0, r0, r6, ror r0",1
"andlo r2, r1, r0, lsl 18",1
"streq r0, [r0, -3]",1
invalid,1
invalid,1
"andeq r8, r0, r5, lsr 24",1
invalid,1
"andeq r0, r0, 1",1
"andseq r2, r2, r0, lsl 28",1
"cdpeq p4, 0, c0, c1, c0, 0",1
invalid,1
"andeq r0, r0, sl, ror pc",1
"andeq r0, r0, fp, ror 3",1
"andeq ip, r0, r4, ror 23",1
"andeq ip, r0, r4, lsr 24",1
"andeq r1, r0, sb, lsl 6",1
"stmdbvs r5, {r1, sl}",1
"movweq r7, 0x46e",1
"eoreq r0, r4, r4, lsl 14",1
"mrseq r0, apsr",1
"andeq r3, r0, r8, lsl 2",1
"streq r0, [r2, -r0, lsl 6]",1
"andeq r0, r0, pc, lsr r0",1
svcne 0x70403,1
"movweq r0, 0",1
"eorseq r0, r3, r1, lsl 12",1
"andeq r0, r3, 0",1
"andeq ip, r0, r5, lsl 22",1
"streq r0, [r8, -0x300]",1
"andeq r0, r0, r0",1
bne 0x1cf7d8,1
"movweq r0, 0",1
"andeq r0, r5, r4, lsl 10",1
"streq r0, [r3], -0",1
"andeq sp, r0, r7, lsl 10",1
"stmdavc r4, {sl}",1
"movweq r0, 0",1
"eorseq r0, sl, r1, lsl 16",1
"streq r0, [r4], -0",1
"andeq r0, r0, r5, lsl 1",1
"andeq r7, r0, r5, lsl 16",1
"eoreq r0, r5, r0, lsl 12",1
"mrseq r0, apsr",1
"muleq r0, lr, sb",1
"str r2, [r1], -1",1
"strhs r0, [r0], -0xcb",1
"movwlt r0, 0xcc",1
"qaddeq r0, r1, r0",1
"strdeq r0, r1, [r0], -r6",1
"sbceq r0, ip, r8",1
"andeq r0, r1, r0, lsl 6",1
"andeq ip, r0, r0, lsl 20",1
"andpl r0, r1, 0, 18",1
"mrseq r3, apsr",1
"strge r0, [r3], -0x551",1
"stmdbeq r0, {r0, r1, r3, r5, r6, r7}",1
"andlo r5, r1, r1",1
invalid,1
invalid,1
"rsceq r0, ip, r0",1
"mrseq r0, apsr",1
"andgt r0, r3, r2, asr r5",1
"stmdbeq r0, {r1, r3, r5, r6, r7}",1
"andlo r5, r1, r1, lsl 2",1
"subseq r0, r0, 0x40000002",1
beq 0xda28,1
"andeq ip, r0, r8, lsl ip",1
"andeq r0, r0, r4, asr 2",1
"ldrbteq r0, [r8], 0xb00",1
"andne r0, r2, 0",1
"andeq r0, r0, sl, lsl 1",1
invalid,1
"andeq r0, r0, r5, lsl r2",1
"andvc r3, r1, 0xc000000",1
invalid,1
"andeq r0, r0, r5, lsr 2",1
"andeq r7, r0, sp, lsl 30",1
"rsbseq r0, pc, r0, lsl 26",1
"strhs r0, [sp, -0]",1
"andeq r0, r0, r0",1
"ldrbeq r0, [r1, -lr, lsl 2]!",1
bhs 0x10d898,1
"mrseq r0, spsr",1
"strhs r0, [sp, -0]",1
"stceq p0, c0, [r0, -0]",1
"andeq r0, r0, r5, lsr 32",1
"andeq r7, r0, sp, lsl 30",1
"andne r0, r0, r0, lsl 30",1
"andeq lr, r5, r1, lsl 4",1
"andeq r0, r2, 0, 10",1
invalid,1
"andeq r0, r0, 4",1
"andseq r0, r3, r0, lsl 6",1
"cdpeq p4, 0, c0, c1, c0, 0",1
invalid,1
"andeq r0, r0, r2, lsr 31",1
"andeq r0, r0, fp, ror 3",1
"andeq ip, r0, r4, lsr 24",1
"strheq ip, [r0], -r0",1
"andeq r1, r0, fp, lsl 7",1
"andeq fp, r5, r2, lsl 18",1
"sbcslo r0, r5, r0, lsl 6",1
"movweq r0, 0",1
"eoreq r0, r4, r4, lsl 14",1
"mrseq r0, apsr",1
"andeq r3, r0, r8, lsl 2",1
"streq r0, [r2, -r0, lsl 6]",1
"andeq r0, r0, pc, lsr r0",1
svcne 0x70403,1
"movweq r0, 0",1
"eorseq r0, r3, r1, lsl 12",1
"andeq r0, r3, 0",1
"andeq ip, r0, r5, lsl 22",1
"streq r0, [r4, -0x400]",1
"rsbseq r6, r4, sb, ror 28",1
"andeq r0, r5, r3, lsl 16",1
"movweq r0, 0",1
"andseq r0, sl, r8, lsl 14",1
svcne 0x20000,1
"streq r0, [r0], -2",1
"andeq r6, r0, r7, lsr r1",1
"ldrbteq r0, [r3], -0x200",1
invalid,1
"andeq r0, r0, r5, lsl 1",1
"streq r0, [r5, -0x403]",1
"andeq r0, r0, 0",1
"andeq r0, r0, ip, lsr r6",1
"rsbeq r8, pc, r4, lsl 26",1
"streq r0, [r3], -0",1
"andeq sp, r0, r7, lsl 10",1
"streq r0, [r4], -r0, lsl 10",1
"andeq sl, r0, r4, lsl 12",1
"stmdaeq r1, {r8, sb}",1
"andeq r0, r0, sl, lsr r0",1
"andeq r5, r4, r2, lsl 20",1
"ldmdalt r0!, {r8, sl}",1
"streq r0, [r0, -r0]",1
"andeq r0, r0, r6, asr r4",1
invalid,1
"stmdaeq r0, {r1}",1
"muleq r0, r3, sl",1
"subseq pc, sl, r6, lsl 14",1
"movwhs r0, 0x2000",1
"streq r0, [ip], -0x800",1
invalid,1
"andeq r0, r0, r0, lsr 1",1
"stmdaeq r4, {r1, r8, sb, sp}",1
"strheq r0, [r0], -r2",1
"adceq pc, r0, r6, lsl 26",1
"movwhs r0, 0x2000",1
"strbeq r0, [lr], -r8, lsl 16",1
"cdp2 p0, 0, c0, c6, c0, 0",1
"andeq r0, r0, r0, lsr 1",1
"stmdaeq ip, {r1, r8, sb, sp}",1
"andeq r0, r0, r4, lsr 14",1
"adceq pc, r0, r6, lsl 30",1
"movwhs r0, 0x2000",1
"rscseq r0, sb, 16, 18",1
"andeq r0, r6, r0",1
"andeq sl, r0, r1",1
"strtne r0, [r3], -0x200",1
"andeq sb, r6, sb, lsl 4",1
invalid,1
"andeq r0, r0, r0, lsr 1",1
"ldmdbeq r8, {r1, r8, sb, sp}",1
"andeq r0, r0, r4, asr 2",1
"andge r0, r1, r6, lsl 4",1
"andeq r0, r0, 0",1
"streq r1, [sb, -0xc23]",1
"streq r0, [r0], -r5",1
"adceq r0, r0, r3, lsl 2",1
"movwhs r0, 0x2000",1
"teqeq r7, 32, 18",1
"streq r0, [r6, -0]",1
"andeq sl, r0, r1",1
"strths r0, [r3], -0x200",1
"andeq sp, r6, sb, lsl 14",1
invalid,1
"andeq r0, r0, r0, lsr 1",1
"stmdbeq r8!, {r1, r8, sb, sp}",1
"andeq r0, r0, ip, asr r6",1
"andge r0, r1, r6, lsl 14",1
"andeq r0, r0, 0",1
blt 0x258abc,1
"streq r0, [r0], -r4",1
"adcseq r0, r1, 0x40000002",1
"movwhs r0, 0x2000",1
"rsceq r0, r7, r0, lsr sb",1
bleq 0x18da44,1
"andeq fp, r2, r1, lsl 14",1
"strtlo r0, [r3], -0x200",1
"andeq sl, r1, sb, lsl 6",1
invalid,1
"andeq r0, r0, sl, asr r0",1
"ldmdbeq r8!, {r1, r8, sb, sp}",1
"andeq r0, r0, r4, ror r3",1
bpl 0x51e7c,1
"andeq r0, r0, 0",1
"stmdapl sb, {r0, r1, r5, sl, fp, ip, sp}",1
"streq r0, [r0], -r2",1
"rsbseq r0, sl, r3, lsl r1",1
"movwhs r0, 0x2000",1
"andeq r0, sb, 64, 18",1
"strne r0, [r6, -r0]",1
"andeq r3, r0, r1, lsl 28",1
"strtmi r0, [r3], -0x200",1
"andeq r5, r5, sb",1
"tsteq r8, r0, lsl 12",1
"andeq r0, r0, ip, asr 32",1
"stmdbeq r6, {r1, r8, sb, sp} ^",1
"andeq r0, r0, r2, lsl r1",1
"stclt p9, c1, [r1, -0x18]",1
"andeq r0, r0, 2",1
"cdpvs p7, 0, c4, c9, c3, 1",1
"streq r0, [r0], -r3",1
"sbceq r0, sp, 0x40000007",1
"movwhs r0, 0x2000",1
"subseq r0, ip, 72, 18",1
"strhs r0, [r6], -r0",1
"andeq r8, r0, r1, lsl 24",1
"eorpl r0, r3, r0, lsl 4",1
"andeq r7, r6, sb, lsl 12",1
invalid,1
"muleq r0, lr, r0",1
"ldmdbeq r8, {r1, r8, sb, sp} ^",1
"andeq r0, r0, sp, ror r6",1
"cdpls p0, 0, c3, c1, c6, 0",1
"andeq r0, r0, 0",1
"strhi r5, [sb], -0xc23",1
"streq r0, [r0], -r6",1
"addseq r0, lr, r1, lsr r1",1
"movwhs r0, 0x2000",1
"streq r0, [fp], r0, ror 18",1
"andlo r0, r6, 0",1
"andeq sb, r0, r1, lsl 28",1
"strtvs r0, [r3], -0x200",1
"andeq r8, r2, sb, lsl 24",1
"teqeq r3, r0, lsl 12",1
"andeq r0, r0, r5, lsr 32",1
"stmdbeq r8!, {r1, r8, sb, sp} ^",1
"andeq r0, r0, fp, lsr 7",1
bpl 0x5af30,1
"andeq r0, r0, 0",1
"andge r6, sb, r3, lsr 24",1
"streq r0, [r0], -r6",1
"sbcseq r0, r3, 0xc000000d",1
"movwhs r0, 0x2000",1
"andmi r0, sl, 0x70",1
"streq r0, [r0], -r4",1
"adcseq r0, pc, 0x26c0000",1
"streq r0, [ip], -r0",1
"andeq fp, r2, r1, lsr 3",1
"addseq r0, ip, 0, 16",1
"andge r0, r6, 0",1
"strheq r0, [r0], -r1",1
"stmdaeq r0, {r1, r8, sb, sp}",1
"andeq r0, r0, r1, lsl r3",1
"adcseq sl, r7, 0x18000000",1
"movwhs r0, 0x2000",1
"strteq r0, [lr], 0x804",1
"strge r0, [r6, -r0]",1
"andeq r0, r0, sl, asr r0",1
"andeq r2, r8, r2, lsl 6",1
"rsbseq r0, sl, 0x6000000",1
"streq r0, [r6], -0",1
"strheq r0, [r0], -r8",1
"andeq sl, r0, fp, lsl 12",1
"andeq ip, r2, r0, lsl 26",1
"addseq r0, r7, r0, lsl 24",1
"andeq r0, r0, r0",1
"rsbseq r0, r3, 0x6000000",1
"strge r0, [fp], -r0",1
"movw r0, 0",1
invalid,1
"muleq r0, r7, r0",1
invalid,1
"strheq r0, [r0], -r5",1
bpl 0x6ebb0,1
"movweq r0, 0",1
"andeq r0, r0, r1, lsl 6",1
"andeq sp, r2, lr, lsl 16",1
"orreq r0, r4, r0, lsl 4",1
"andeq r0, r0, r3",1
"adceq r0, sp, r6, lsl 8",1
"mrseq r0, apsr",1
"andeq r0, r0, r0, lsr 15",1
bpl 0x5bbd0,1
"strhs r0, [r0], -0",1
"andlt r0, r0, ip, asr 1",1
"movwle r0, 0xcc",1
"qaddeq r0, r1, r0",1
"strheq r0, [r0], -sb",1
"andeq sp, r2, r0, lsl sl",1
"teqeq r8, r0, lsl 2",1
"vhadd.u8 d0, d0, d3",1
"qaddne r0, r1, r0",1
"andeq r0, r0, pc, asr 31",1
invalid,1
"andspl r0, r1, 0",1
"ldrgt r0, [r2, -0]",1
invalid,1
"andeq fp, r3, fp, lsr sb",1
"rsbseq r0, r5, r0, lsl 10",1
"orrsne r2, pc, r0, lsr lr",1
"andeq r0, r0, fp, lsl 31",1
invalid,1
"eorspl r0, r7, 0",1
"tst r3, 0",1
"strlo r0, [r0], -2",1
invalid,1
"smlabteq r0, ip, r0, r0",1
"andeq r7, r3, fp, lsr lr",1
"rscseq r1, r5, 0, 8",1
"strpl r0, [r1], -0",1
"ldcgt p5, c1, [r0], -0",1
"bicseq r0, pc, 0",1
"orrseq r0, r2, 0",1
"tsteq r6, r0",1
"rsbseq r0, r4, r0, asr r2",1
"mcrrgt p5, 0, r1, r4, c0",1
invalid,1
invalid,1
"tsteq r6, r0",1
"rsbseq r0, r4, r0, asr r2",1
"stclgt p7, c1, [r8], -0",1
"ldreq r0, [r0], -0",1
invalid,1
"andne r0, r0, ip, asr 1",1
"andeq r0, r0, r4",1
"andeq fp, r3, r8, lsl lr",1
"andeq r0, r1, 0, 6",1
"andeq r0, r0, r7, ror 9",1
"andeq ip, r2, sb, lsl sl",1
"strlt r0, [r8, r0, lsl 10]!",1
invalid,1
"ldrbeq r1, [r8, r1, lsl 18]",1
invalid,1
"strheq r0, [r0], -r7",1
"tsteq sl, r1, lsl 2",1
"ldrdeq r0, r1, [r0], -ip",1
"strhs r4, [r1, -0xb07]",1
invalid,1
"strdeq r0, r1, [r0], -r7",1
"andeq r0, r3, fp, lsl r1",1
"tsteq ip, r0",1
"muleq r0, r7, pc",1
"mrseq lr, apsr",1
"andeq r0, r0, sl, asr r0",1
"andeq r1, r4, r1",1
"movweq r1, 0x1b00",1
"stcne p0, c0, [r0, -0]",1
"andeq pc, r5, r1, lsl 20",1
"teqeq r2, r0, lsl 18",1
"andeq r0, r0, lr, lsl r4",1
bpl 0x10f4e0,1
"andeq r0, r0, r0",1
"andeq r1, r0, r7, lsr 10",1
"ldrne r0, [sb], 2",1
invalid,1
"andeq r0, r0, lr",1
"andseq r2, sl, r1",1
"andeq lr, r1, r0, lsl 22",1
"sbceq fp, ip, r0",1
"sbcseq r1, r0, r0",1
"andseq sl, r4, r0, lsl 6",1
"stmdaeq r1, {sb}",1
"andeq r0, r0, r1, lsr r0",1
svclo 0x70202,1
"andeq r0, r0, 0",1
"eoreq r0, r4, r4, lsl 14",1
"streq r0, [r2], -0",1
"andeq r1, r0, r7, lsl 30",1
"streq r0, [r1], -r0, lsl 4",1
"andeq r0, r0, r3, lsr r0",1
blgt 0x14e534,1
"movweq r0, 0",1
"cdpvs p5, 6, c0, c9, c4, 0",1
"stmdaeq r2, {r2, r4, r5, r6}",1
"andeq r0, r0, r5",1
"streq r0, [r8, -r0, lsl 4]",1
"andeq r0, r0, sl, lsl r0",1
"andeq r1, r2, r4, lsl 30",1
"ldrtpl r0, [r7], -r0, lsl 10",1
"streq r0, [r0], -0",1
"andeq r0, r0, r3, ror r4",1
"rsbseq r8, sl, r5, lsl 24",1
"streq r0, [r2], -0",1
"andeq r0, r0, r5, lsl 10",1
"ldrteq r0, [ip], -r0, lsl 8",1
"stchi p0, c0, [r5, -0]",1
"andeq r0, r0, r4, rrx",1
"strle r0, [r7, -0x402]",1
"streq r0, [r0, -0]",1
blls 0x10f588,1
"andeq r0, r0, 0",1
"eorseq r0, sl, r1, lsl 16",1
invalid,1
"streq r0, [r0], -r5",1
"ldrdeq r3, r4, [r0], -r5",1
"ldrbeq r0, [sl], -0x400",1
"andlo r0, r7, r0",1
"strheq r0, [r0], -r8",1
"andeq r5, r4, r7, lsl 12",1
invalid,1
"andeq r0, r0, r3, ror r2",1
"andeq sb, sl, r8, lsl 6",1
svcmi 0xf70800,1
"andeq r0, r0, 0",1
invalid,1
"stmdaeq r0, {r2}",1
"strdeq sb, sl, [r0], -ip",1
"strteq r0, [r3], -0x200",1
"andeq fp, r1, r8, lsl 4",1
"ldrbls r0, [sp, 0x800]!",1
"andeq r0, r0, 0",1
"cdpmi p8, 0, c0, c8, c3, 1",1
"stmdaeq r0, {r1, r2}",1
"strdeq sb, sl, [r0], -lr",1
"stceq p2, c0, [r3], -0",1
"andeq r2, r7, r8, lsl 8",1
"ldrbls r0, [0x0000e5e4]!    ; [0xe5e4:4]=0x22da",1
"andeq r0, r0, 0",1
invalid,1
"stmdaeq r0, {r1}",1
"addseq r0, r5, r0, lsl 2",1
"movwhs r0, 0x2000",1
invalid,1
invalid,1
"andeq sb, r0, r1, lsl 10",1
"stmdane r3!, {sb}",1
"andeq r4, r1, sb, lsl 8",1
invalid,1
"muleq r0, r5, r0",1
"ldmdbeq ip, {r1, r8, sb, sp}",1
"andeq r0, r0, r5, lsl 10",1
"strls r0, [r1, -0x308]",1
"andeq r0, r0, 0",1
"strlo r2, [sb, -r3, lsr 32]",1
"stmdaeq r0, {r0, r1}",1
"addseq r0, r5, r5, lsl 2",1
"movwhs r0, 0x2000",1
"ldrbeq r0, [r7], r4, lsr 18",1
"streq r0, [r8], -r0",1
"andeq sb, r0, r1, lsl 10",1
"stmdahs r3!, {sb}",1
"andeq r5, r6, sb, lsl 24",1
"mrseq r0, apsr",1
"muleq r0, r5, r0",1
"stmdbeq ip!, {r1, r8, sb, sp}",1
"strheq r0, [r0], -sl",1
"mrslt r0, apsr",1
"andeq r0, r0, 2",1
"str r3, [sb, -r3, lsr 32]",1
invalid,1
"adcseq r0, r7, 0xc0000002",1
"movwhs r0, 0x2000",1
invalid,1
"stceq p0, c0, [r8, -0]",1
"andeq r4, r0, r1, lsl 30",1
"stmdalo r3!, {sb}",1
"andeq r7, r3, sb, lsl 8",1
"tsteq r1, r0, lsl 16",1
"andeq r0, r0, pc, asr 32",1
"ldmdbeq ip!, {r1, r8, sb, sp}",1
"andeq r0, r0, r8, asr r2",1
svcvs 0x11308,1
"andeq r0, r0, 0",1
"stmdbeq sb, {r0, r1, r5, lr}",1
"stmdaeq r0, {r1}",1
"eoreq r0, ip, r7, lsl r1",1
"movwhs r0, 0x2000",1
"ldrbeq r0, [r0, -0x944]",1
invalid,1
"andeq r4, r0, r1, lsl 2",1
"strtmi r0, [r3], -r0, lsl 4",1
"andeq r1, r1, sb, lsl 4",1
"tsteq sb, r0, lsl 16",1
"strheq r0, [r0], -sp",1
"stmdbeq r7, {r1, r8, sb, sp} ^",1
"andeq r0, r0, lr, ror 6",1
"stcgt p13, c1, [r1, -0x20]",1
"andeq r0, r0, 2",1
invalid,1
"stmdaeq r0, {r1}",1
"addeq r0, r1, r6, lsr 2",1
"movwhs r0, 0x2000",1
"uhsaxeq r0, r6, r0",1
svchs 0x80000,1
"andeq sb, r0, r1, lsl 6",1
"stmdapl r3!, {sb}",1
"andeq r7, r6, sb, lsl 26",1
"teqeq r0, r0, lsl 16",1
"muleq r0, r3, r0",1
"ldmdbeq ip, {r1, r8, sb, sp} ^",1
"andeq r0, r0, r4, lsl 13",1
"movwls r3, 0x1108",1
"andeq r0, r0, 0",1
blhi 0x265fa4,1
"stmdaeq r0, {r1, r2}",1
"addseq r0, r3, r2, lsr r1",1
"movwhs r0, 0x2000",1
"addeq r0, ip, 100, 18",1
"movwlo r0, 0x8000",1
"andeq sl, r0, r1, lsl 4",1
"stmdavs r3!, {sb}",1
"andeq sl, r3, sb, lsl 22",1
"teqeq r5, r0, lsl 16",1
"andeq r0, r0, pc, asr 32",1
"stmdbeq ip!, {r1, r8, sb, sp} ^",1
"andeq r0, r0, r0, lsr 13",1
"movwle r3, 0x1708",1
"andeq r0, r0, 2",1
beq 0x29fe0,1
"andeq r0, r0, r2, asr 8",1
svclt 0x79b08,1
invalid,1
"adcseq sl, r1, 8, 2",1
invalid,1
"stmdaeq r0, {r1}",1
"andeq fp, r2, r2, lsr 3",1
"eoreq r0, r3, r0, lsl 4",1
"andeq r1, r3, r8, lsl 2",1
"strlt r0, [r3, r0, lsl 16]!",1
"andeq r0, r0, 2",1
"cdpge p4, 0, c0, c8, c3, 1",1
"stmdaeq r0, {r2}",1
"andeq r4, r0, r7, lsr 31",1
"stmdaeq r3!, {sb}",1
bvc 0x10f794,1
"streq r0, [r0], -r2",1
"andeq fp, r0, r4, lsl 16",1
"addseq r0, fp, r0, lsl 22",1
"sbceq r0, sp, 0",1
invalid,1
"andeq r0, r0, r0",1
"movwvc r0, 0x4600",1
bleq 0xdfbc,1
"muleq r0, fp, r0",1
"andeq r0, r0, r3, ror 5",1
"andeq r8, r0, ip, lsl 24",1
"stceq p7, c2, [r0, -0]",1
"andeq r0, r0, r6, asr r4",1
"stmdalt r1, {r3, sl, fp, ip, sp}",1
"streq r0, [r0], -r0",1
"andeq pc, r2, r4, lsl 10",1
"addseq r0, fp, r0, lsl 28",1
"streq r0, [r6], -0",1
"andeq r0, r0, r0, lsl 6",1
"bicne r0, r1, pc, lsl 8",1
"strhs r0, [sb], -0",1
"andeq r0, r0, pc, asr 32",1
bhs 0x3cf030,1
"strdeq r0, r1, [r0], -r4",1
"andseq sb, lr, r1, lsl r1",1
"stmeq r0, {pc}",1
"andseq r5, sl, r1, lsl r6",1
"stmeq r0, {r8, pc}",1
"andseq sb, lr, r1, lsl lr",1
"stmeq r0, {sb, pc}",1
"andseq sl, lr, r1, lsl fp",1
"stmeq r0, {r8, sb, pc}",1
"andseq fp, lr, r1, lsl r8",1
"stmeq r0, {sl, pc}",1
"andseq ip, lr, r1, lsl r5",1
"stmeq r0, {r8, sl, pc}",1
"andseq sp, lr, r1, lsl r2",1
"stmeq r0, {sb, sl, pc}",1
"andseq sb, lr, r1, lsl r3",1
"stmeq r0, {r8, sb, sl, pc}",1
"andseq r5, sl, r1, lsl r8",1
"stmeq r0, {fp, pc}",1
"andseq sl, lr, r1, lsl r0",1
"stmeq r0, {r8, fp, pc}",1
"andseq sl, lr, r1, lsl sp",1
"stmeq r0, {sb, fp, pc}",1
"andseq fp, lr, r1, lsl sl",1
"stmeq r0, {r8, sb, fp, pc}",1
"andseq ip, lr, r1, lsl r7",1
"stmeq r0, {sl, fp, pc}",1
"andseq sp, lr, r1, lsl r4",1
"stmeq r0, {r8, sl, fp, pc}",1
"andseq r0, r1, r1, lsl sp",1
"stmeq r0, {sb, sl, fp, pc}",1
"andseq r1, r1, r1, lsl sl",1
"stmeq r0, {r8, sb, sl, fp, pc}",1
"andseq r2, r1, r1, lsl r7",1
"stmeq r0, {ip, pc}",1
"andseq r3, r1, r1, lsl r4",1
"stmeq r0, {r8, ip, pc}",1
"andseq r4, r1, r1, lsl r1",1
"stmeq r0, {sb, ip, pc}",1
"andseq r4, r1, r1, lsl lr",1
"stmeq r0, {r8, sb, ip, pc}",1
"andseq r5, r1, r1, lsl fp",1
"stmeq r0, {sl, ip, pc}",1
"andseq r6, r1, r1, lsl r8",1
"stmeq r0, {r8, sl, ip, pc}",1
"andseq r7, r1, r1, lsl r5",1
"stmeq r0, {sb, sl, ip, pc}",1
"eoreq r8, r0, r1, lsl sb",1
"stmeq r0, {r8, sb, sl, ip, pc}",1
"eoreq sb, r0, r1, lsl r7",1
"stmeq r0, {fp, ip, pc}",1
"eoreq sl, r0, r1, lsl r5",1
"stmeq r0, {r8, fp, ip, pc}",1
"andseq r0, r1, r1, lsl pc",1
"stmeq r0, {sb, fp, ip, pc}",1
"andseq r1, r1, r1, lsl ip",1
"stmeq r0, {r8, sb, fp, ip, pc}",1
"andseq r2, r1, r1, lsl sb",1
"stmeq r0, {sl, fp, ip, pc}",1
"andseq r3, r1, r1, lsl r6",1
"stmeq r0, {r8, sl, fp, ip, pc}",1
"andseq r4, r1, r1, lsl r3",1
"stmeq r0, {sb, sl, fp, ip, pc}",1
"andseq r5, r1, r1, lsl r0",1
"stmeq r0, {r8, sb, sl, fp, ip, pc}",1
"andseq r5, r1, r1, lsl sp",1
"stmeq r0, {sp, pc}",1
"andseq r6, r1, r1, lsl sl",1
"stmeq r0, {r8, sp, pc}",1
"andseq r7, r1, r1, lsl r7",1
"stmeq r0, {sb, sp, pc}",1
"eoreq r8, r0, r1, lsl fp",1
"stmeq r0, {r8, sb, sp, pc}",1
"eoreq sb, r0, r1, lsl sb",1
"stmeq r0, {sl, sp, pc}",1
"eoreq sl, r0, r1, lsl r7",1
"stmeq r0, {r8, sl, sp, pc}",1
"andseq r3, sp, r1, lsl r4",1
"stmeq r0, {sb, sl, sp, pc}",1
"andseq sl, sb, r1, lsl sl",1
"stmeq r0, {r8, sb, sl, sp, pc}",1
"andseq r7, r2, r1, lsl sl",1
"stmeq r0, {fp, sp, pc}",1
"eoreq r1, r5, r1, lsl ip",1
"stmeq r0, {r8, fp, sp, pc}",1
"andeq pc, pc, r1, lsl fp",1
"stmeq r0, {sb, fp, sp, pc}",1
"eoreq fp, r5, r1, lsl r1",1
"stmeq r0, {r8, sb, fp, sp, pc}",1
"cmpmi r2, r2, lsl r5",1
"stmeq r0, {sl, fp, sp, pc}",1
"andseq sb, sp, r1, lsl lr",1
"stmeq r0, {r8, sl, fp, sp, pc}",1
"eoreq r7, r3, r1, lsl sl",1
"stmeq r0, {sb, sl, fp, sp, pc}",1
"andseq r6, sp, r1, lsl r7",1
"stmeq r0, {r8, sb, sl, fp, sp, pc}",1
"eoreq r4, r2, r1, lsl r3",1
"stmeq r0, {ip, sp, pc}",1
"andseq r3, r7, r1, lsl r3",1
"stmeq r0, {r8, ip, sp, pc}",1
"andseq r5, r5, r1, lsl fp",1
"stmeq r0, {sb, ip, sp, pc}",1
"andseq pc, r0, r1, lsl r3",1
"stmeq r0, {r8, sb, ip, sp, pc}",1
"andseq r8, lr, r1, lsl ip",1
"stmeq r0, {sl, ip, sp, pc}",1
"andseq r5, sl, r1, lsl r1",1
"stmeq r0, {r8, sl, ip, sp, pc}",1
"andseq sb, lr, r1, lsl sb",1
"stmeq r0, {sb, sl, ip, sp, pc}",1
"andseq sl, lr, r1, lsl r6",1
"stmeq r0, {r8, sb, sl, ip, sp, pc}",1
"andseq fp, lr, r1, lsl r3",1
"stmeq r0, {fp, ip, sp, pc}",1
"andseq ip, lr, r1, lsl r0",1
"stmeq r0, {r8, fp, ip, sp, pc}",1
"andseq ip, lr, r1, lsl sp",1
"stmeq r0, {sb, fp, ip, sp, pc}",1
"andseq r8, r2, r1, lsl r2",1
"stmeq r0, {r8, sb, fp, ip, sp, pc}",1
"andseq lr, r0, r1, lsl r8",1
"stmeq r0, {sl, fp, ip, sp, pc}",1
"andseq r8, r2, r1, lsl sp",1
"stmeq r0, {r8, sl, fp, ip, sp, pc}",1
"andseq sb, r2, r1, lsl r8",1
"stmeq r0, {sb, sl, fp, ip, sp, pc}",1
"andseq sl, r2, r1, lsl r3",1
"stmeq r0, {r8, sb, sl, fp, ip, sp, pc}",1
"andseq sl, r2, r1, lsl lr",1
"stmeq r0, {lr, pc}",1
"andseq fp, r2, r1, lsl sb",1
"stmeq r0, {r8, lr, pc}",1
"andseq r0, r1, r1, lsl r8",1
"stmeq r0, {sb, lr, pc}",1
"andseq r1, r1, r1, lsl r5",1
"stmeq r0, {r8, sb, lr, pc}",1
"andseq r2, r1, r1, lsl r2",1
"stmeq r0, {sl, lr, pc}",1
"andseq r2, r1, r1, lsl pc",1
"stmeq r0, {r8, sl, lr, pc}",1
"andseq r3, r1, r1, lsl ip",1
"stmeq r0, {sb, sl, lr, pc}",1
"andseq r4, r1, r1, lsl sb",1
"stmeq r0, {r8, sb, sl, lr, pc}",1
"andseq r5, r1, r1, lsl r6",1
"stmeq r0, {fp, lr, pc}",1
"andseq r6, r1, r1, lsl r3",1
"stmeq r0, {r8, fp, lr, pc}",1
"andseq r7, r1, r1, lsl r0",1
"stmeq r0, {sb, fp, lr, pc}",1
"eoreq r8, r0, r1, lsl r4",1
"stmeq r0, {r8, sb, fp, lr, pc}",1
"eoreq sb, r0, r1, lsl r2",1
"stmeq r0, {sl, fp, lr, pc}",1
"eoreq sl, r0, r1, lsl r0",1
"stmeq r0, {r8, sl, fp, lr, pc}",1
"andseq sl, sp, r1, lsl sb",1
"stmeq r0, {sb, sl, fp, lr, pc}",1
"andseq fp, sp, r1, lsl r4",1
"stmeq r0, {r8, sb, sl, fp, lr, pc}",1
"andseq fp, sp, r1, lsl pc",1
"stmeq r0, {ip, lr, pc}",1
"andseq ip, sp, r1, lsl sl",1
"stmeq r0, {r8, ip, lr, pc}",1
"andseq r6, r6, r1, lsl ip",1
"stmeq r0, {sb, ip, lr, pc}",1
"andseq r8, r6, r1, lsl r3",1
"stmeq r0, {r8, sb, ip, lr, pc}",1
"andseq r8, r6, r1, lsl lr",1
"stmeq r0, {sl, ip, lr, pc}",1
"andseq sb, r6, r1, lsl sb",1
"stmeq r0, {r8, sl, ip, lr, pc}",1
"andseq sl, r6, r1, lsl r4",1
"stmeq r0, {sb, sl, ip, lr, pc}",1
"andseq r0, r0, r1, lsl r1",1
"stmeq r0, {r8, sb, sl, ip, lr, pc}",1
"andseq r0, r0, r1, lsl sp",1
"stmeq r0, {fp, ip, lr, pc}",1
"andseq r1, r0, r1, lsl sb",1
"stmeq r0, {r8, fp, ip, lr, pc}",1
"andseq r2, sp, r1, lsl pc",1
"stmeq r0, {sb, fp, ip, lr, pc}",1
"andseq sl, sb, r1, lsl r5",1
"stmeq r0, {r8, sb, fp, ip, lr, pc}",1
"andseq r7, r2, r1, lsl r5",1
"stmeq r0, {sl, fp, ip, lr, pc}",1
"eoreq r1, r5, r1, lsl r7",1
"stmeq r0, {r8, sl, fp, ip, lr, pc}",1
"andseq r0, sb, r1, lsl lr",1
"stmeq r0, {sb, sl, fp, ip, lr, pc}",1
"eoreq sl, r5, r1, lsl ip",1
"stmeq r0, {r8, sb, sl, fp, ip, lr, pc}",1
"andseq r1, r8, r1, lsl r5",1
"stmeq r0, {sp, lr, pc}",1
"eoreq r7, r3, r1, lsl r5",1
"stmeq r0, {r8, sp, lr, pc}",1
"andseq r6, sp, r1, lsl r2",1
"stmeq r0, {sb, sp, lr, pc}",1
"eoreq r3, r2, r1, lsl lr",1
"stmeq r0, {r8, sb, sp, lr, pc}",1
"andseq r2, r7, r1, lsl lr",1
"stmeq r0, {sl, sp, lr, pc}",1
"eoreq r6, r6, r1, lsl r5",1
"stmeq r0, {r8, sl, sp, lr, pc}",1
"andseq sb, r8, r1, lsl r8",1
"stmeq r0, {sb, sl, sp, lr, pc}",1
"andseq r6, ip, r1, lsl r2",1
"stmeq r0, {r8, sb, sl, sp, lr, pc}",1
"andseq r2, r0, r1, lsl sl",1
"stmeq r0, {fp, sp, lr, pc}",1
"andseq r5, r3, r1, lsl r1",1
"stmeq r0, {r8, fp, sp, lr, pc}",1
"andseq sp, r3, r1, lsl fp",1
"stmeq r0, {sb, fp, sp, lr, pc}",1
"andseq r3, sp, r1, lsl fp",1
"stmeq r0, {r8, sb, fp, sp, lr, pc}",1
"andseq r0, r2, r1, lsl sp",1
"stmeq r0, {sl, fp, sp, lr, pc}",1
"andseq r0, r2, r1, lsl r8",1
"stmeq r0, {r8, sl, fp, sp, lr, pc}",1
"andseq sb, r0, r1, lsl r4",1
"stmeq r0, {sb, sl, fp, sp, lr, pc}",1
"andseq ip, r1, r1, lsl sb",1
"stmeq r0, {r8, sb, sl, fp, sp, lr, pc}",1
"andseq r6, fp, r1, lsl r5",1
"stceq p0, c8, [r0], {0}",1
"andseq r4, r6, r1, lsl r0",1
"stceq p1, c8, [r0], {0}",1
"eoreq r0, r5, r1, lsl r3",1
"stceq p2, c8, [r0], {0}",1
"andseq r1, r2, r1, lsl r7",1
"stceq p3, c8, [r0], {0}",1
"eoreq lr, r6, r1, lsl r3",1
"stceq p4, c8, [r0], {0}",1
"andseq r6, r7, r1, lsl sl",1
"stceq p5, c8, [r0], {0}",1
"andseq fp, sl, r1, lsl r4",1
"stceq p6, c8, [r0], {0}",1
"andseq ip, sl, r1, lsl r5",1
"stceq p7, c8, [r0], {0}",1
"andseq sp, sl, r1, lsl r6",1
"stceq p8, c8, [r0], {0}",1
"andseq r2, r4, r1, lsl r3",1
"stceq p9, c8, [r0], {0}",1
"andseq sb, sl, r1, lsl pc",1
"vstmiaeq r0, {s16}",1
"andseq sl, r6, r1, lsl pc",1
"vstmiaeq r0, {d8}",1
"andseq r2, r2, r1, lsl ip",1
"stceq p12, c8, [r0], {0}",1
"andseq lr, ip, r1, lsl r4",1
"stceq p13, c8, [r0], {0}",1
"andseq r1, ip, r1, lsl r4",1
"stceq p14, c8, [r0], {0}",1
"andseq r3, lr, r1, lsl r6",1
"stceq p15, c8, [r0], {0}",1
"andseq r1, fp, r1, lsl r2",1
"stceq p0, c9, [r0], {0}",1
"eoreq r8, r2, r1, lsl r2",1
"stceq p1, c9, [r0], {0}",1
"andseq sl, pc, r1, lsl lr",1
"stceq p2, c9, [r0], {0}",1
"andseq r6, r2, r1, lsl r2",1
"stceq p3, c9, [r0], {0}",1
"andseq r0, r8, r1, lsl r5",1
invalid,1
invalid,1
"andseq r3, sb, r1, lsl r4",1
"ldrvs r0, [r1], -0x200",1
"movweq r0, 0x21",1
"andseq r4, sb, r1, lsl r3",1
"cdpge p4, 1, c0, c1, c0, 0",1
"streq r0, [r0, -0x20]",1
"andseq r5, sb, r1, lsl r2",1
"tstvs r1, r0, lsl 12",1
"smladeq r0, sb, r0, r0",1
"andseq r7, sb, r1, lsl r0",1
svcvc 0x110800,1
"stmdbeq r0, {r0, r3, r4}",1
"andseq r6, r8, r1, lsl fp",1
"andsne r0, r1, r0, lsl 20",1
bleq 0xe4d8,1
"eoreq r2, r1, r1, lsl pc",1
invalid,1
"stceq p0, c0, [r0, -0x70]",1
"andseq fp, r0, r1, lsl sl",1
"ldrle r0, [r1, -r0, lsl 28]",1
"mcreq p0, 0, r0, c0, c12, 0",1
"andseq r4, r5, r1, lsl r7",1
"cdpvs p15, 1, c0, c1, c0, 0",1
"andne r0, r0, r2, lsr 32",1
"eoreq r3, r4, r1, lsl r7",1
"ldrle r1, [r1, -0x100]",1
"andne r0, r0, 0x17",1
"eoreq r3, r0, r1, lsl r3",1
"tstlo r1, 0, 6",1
"strne r0, [r0], -0x25",1
"andseq pc, r8, r1, lsl r7",1
"tstle r1, r0, lsl 10",1
invalid,1
"andseq r8, sb, r1, lsl lr",1
"ldrvc r1, [r1], -r0, lsl 14",1
"stmdane r0, {r0, r2, r5}",1
"andseq r0, sl, r1, lsl sb",1
invalid,1
bne 0xe53c,1
"andseq r3, sl, r1, lsl sl",1
"vldrhi d1, [r1, -0]",1
invalid,1
"andseq r5, sl, r1, lsl lr",1
"ldrhs r1, [r1], -0xd00",1
"mcrne p0, 0, r0, c0, c15, 0",1
"andseq r5, r4, r1, lsl sb",1
"cdpls p15, 1, c1, c1, c0, 0",1
"andhs r0, r0, r1, lsr 32",1
"andseq r7, r4, r1, lsl r0",1
"ldmdbgt r1, {r8, sp}",1
"andhs r0, r0, 0x21",1
"andseq sl, r4, r1, lsl sl",1
invalid,1
"strhs r0, [r0], -0x21",1
"andseq r3, r5, r1, lsl r0",1
"ldrhs r2, [r1, -r0, lsl 10]",1
"strhs r0, [r0], -r2, lsr 32",1
"andseq r7, r5, r1, lsl r4",1
svcmi 0x112700,1
"stmdahs r0, {r1, r5}",1
"andseq r2, r6, r1, lsl sb",1
"cdppl p9, 1, c2, c1, c0, 0",1
bhs 0xe5a8,1
"andseq r5, r6, r1, lsl r5",1
"ldrhi r2, [r1], -0xb00",1
invalid,1
"andseq ip, r6, r1, lsl r3",1
"ldrgt r2, [r1, -0xd00]",1
"cdphs p0, 0, c0, c0, c3, 1",1
"andseq r1, r7, r1, lsl r7",1
invalid,1
"andlo r0, r0, r3, lsr 32",1
"andseq r5, r7, r1, lsl r3",1
"andshs r3, r1, r0, lsl 2",1
"andlo r0, r0, 0x24",1
"andseq sp, lr, r1, lsl sl",1
"ldr r3, [r1, -r0, lsl 6]",1
"strlo r0, [r0], -0x12",1
"andseq pc, lr, r1, lsl sb",1
"ldrhs r3, [r1], -r0, lsl 10",1
invalid,1
"andseq r5, pc, r1, lsl fp",1
"ldmdavs r1, {r8, sb, sl, ip, sp}",1
"stmdalo r0, {r0, r1, r4}",1
"andseq sb, pc, r1, lsl r7",1
"ldmdahi r1, {r8, fp, ip, sp}",1
blo 0xe5c8,1
"eoreq r0, r0, r1, lsl r5",1
"vldrge d3, [r1, -0]",1
invalid,1
"andseq pc, r6, r1, lsl fp",1
blle 0x45d990,1
"mcrlo p0, 0, r0, c0, c8, 0",1
"andseq r0, sp, r1, lsl r1",1
"ldmdble r1, {r8, sb, sl, fp, ip, sp}",1
"andgt r0, r0, r1, lsl r0",1
"ldrbtne r1, [pc], 0x100     ; [0xe5a4:4]=0x14d811",1
"sbceq r0, r1, r0",1
"andseq sp, r4, r1, lsl r8",1
"mrsne ip, r8_usr",1
"andeq r1, r0, r4, asr 5",1
"tstls r1, 0xc3",1
"strgt r0, [r0], -0x17",1
svcne 0xc21100,1
"sbceq r0, r5, r0",1
"eoreq pc, r6, r1, lsl r7",1
invalid,1
"andeq r1, r0, sp, asr 19",1
"ldmdals r1, {r0, r1, r2, r6, r7}",1
"stmdagt r0, {r1, r5}",1
"adchs r1, lr, 0, 2",1
"sbceq r0, sb, r0",1
"eoreq ip, r2, r1, lsl r4",1
invalid,1
"ldrdeq r2, r3, [r0], -sl",1
invalid,1
invalid,1
"movwhs r1, 0x6100",1
"sbceq r0, sp, r0",1
"eoreq r1, r3, r1, lsl ip",1
invalid,1
"andeq r2, r0, r2, lsr r3",1
"ldmdami r1, {r0, r1, r2, r3, r6, r7}",1
"andle r0, r0, r3, lsr 32",1
"stmne r1, {r8, ip}",1
"sbcseq r0, r1, r0",1
"andseq ip, r4, r1, lsl r1",1
"mrsne sp, r8_usr",1
"andeq r1, r0, sp, lsr 17",1
"ldrgt r0, [r1], -0xd3",1
"strle r0, [r0], -0x18",1
"ldrne r1, [sb, -0x100]",1
"sbcseq r0, r5, r0",1
"andseq ip, r5, r1, lsl pc",1
invalid,1
"andeq r1, r0, sp, lsl sp",1
"tstne r0, r0, lsl 1",1
"andeq r2, r0, r6, ror r1",1
"tstne r0, r1, lsl 1",1
"andeq r1, r0, fp, lsl 11",1
"tstne r0, r2, lsl 1",1
"andeq r2, r0, r0, lsl 13",1
"tstne r0, r3, lsl 1",1
"andeq r1, r0, sp, lsr 24",1
"tstne r0, r4, lsl 1",1
"ldrdeq r1, r2, [r0], -r5",1
"tstne r0, r5, lsl 1",1
"andeq r1, r0, r2, asr 23",1
"tstne r0, r6, lsl 1",1
"andeq r2, r0, sl, asr 10",1
"tstne r0, r7, lsl 1",1
"strheq r1, [r0], -sp",1
"tstne r0, r8, lsl 1",1
"andeq r2, r0, lr, lsr r7",1
"tstne r0, sb, lsl 1",1
"strheq r2, [r0], -r4",1
"tstne r0, sl, lsl 1",1
"strdeq r2, r3, [r0], -r3",1
"tstne r0, fp, lsl 1",1
"strheq r1, [r0], -lr",1
"tstne r0, ip, lsl 1",1
"andeq r1, r0, r7, ror 21",1
"tstne r0, sp, lsl 1",1
"muleq r0, pc, r3",1
"tstne r0, lr, lsl 1",1
"andeq r1, r0, sp, lsr r7",1
"tstne r0, pc, lsl 1",1
"muleq r0, r2, fp",1
invalid,1
"andeq r1, r0, r5, lsr 1",1
invalid,1
"strheq r2, [r0], -r5",1
invalid,1
"andeq r1, r0, r8, ror ip",1
invalid,1
"andeq r2, r0, pc, lsr r1",1
invalid,1
"andeq r1, r0, r2, lsl 24",1
invalid,1
"andeq r1, r0, lr, ror sl",1
invalid,1
"andeq r1, r0, fp, ror 28",1
invalid,1
"andeq r1, r0, r4, asr 22",1
invalid,1
"andeq r2, r0, r3, lsl 8",1
invalid,1
"muleq r0, pc, r5",1
invalid,1
"strheq r2, [r0], -r1",1
invalid,1
"andeq r1, r0, r3, asr 4",1
invalid,1
"strdeq r2, r3, [r0], -r2",1
invalid,1
"andeq r1, r0, r5, lsl 3",1
invalid,1
"andeq r1, r0, sp, lsl 25",1
invalid,1
"andeq r1, r0, r6, lsl 12",1
"tstne r0, r0, lsr 1",1
"andeq r2, r0, sb, lsr 12",1
"tstne r0, r1, lsr 1",1
"muleq r0, r4, r6",1
"tstne r0, r2, lsr 1",1
"andeq r2, r0, r2, lsl r1",1
"tstne r0, r3, lsr 1",1
"andeq r1, r0, r5, lsl lr",1
"tstne r0, r4, lsr 1",1
"ldrdeq r1, r2, [r0], -sl",1
"tstne r0, r5, lsr 1",1
"andeq r1, r0, r8, lsr 22",1
"tstne r0, r6, lsr 1",1
"andeq r2, r0, sp, asr 9",1
"tstne r0, r7, lsr 1",1
"strdeq r1, r2, [r0], -r2",1
"tstne r0, r8, lsr 1",1
"andeq r2, r0, ip, asr r5",1
"tstne r0, sb, lsr 1",1
"andeq r1, r0, r1, asr 32",1
"tstne r0, sl, lsr 1",1
"andeq r1, r0, sp, lsr r8",1
"tstne r0, fp, lsr 1",1
"andeq r2, r0, r6, rrx",1
"tstne r0, ip, lsr 1",1
"strdeq r1, r2, [r0], -r3",1
"tstne r0, sp, lsr 1",1
"andeq r2, r0, sl, lsr 14",1
"tstne r0, lr, lsr 1",1
"ldrdeq r1, r2, [r0], -ip",1
"smlabbne r4, r0, r0, r8",1
"andeq r1, r0, fp, lsl 28",1
"smlabbne r4, r0, r0, r8",1
"andeq r1, r0, fp, asr r8",1
"smlabbne r4, r1, r0, r8",1
"andeq r1, r0, sp, ror r1",1
"smlabbne r4, r1, r0, r8",1
"andeq r2, r0, r3, lsl 15",1
"smlabbne r4, r2, r0, r8",1
"strheq r1, [r0], -r1",1
"smlabbne r4, r3, r0, r8",1
"andeq r1, r0, lr, lsr pc",1
"smlabbne r4, r4, r0, r8",1
"andeq r1, r0, fp, asr 25",1
"smlabbne r4, r5, r0, r8",1
"andeq r2, r0, r1, asr r1",1
"smlabbne r4, r6, r0, r8",1
"andeq r2, r0, pc, lsl 4",1
"tstne r4, r0, lsl 1",1
"andeq r1, r0, pc, ror r3",1
"tstne r4, r1, lsl 1",1
"andeq r1, r0, lr, lsl 31",1
"tstne r4, r2, lsl 1",1
"andeq r2, r0, lr, asr 14",1
"tstne r4, r3, lsl 1",1
"andeq r1, r0, sp, asr 26",1
"tstne r4, r4, lsl 1",1
"muleq r0, r6, r4",1
"tstne r4, r5, lsl 1",1
"andeq r2, r0, r6, asr r7",1
"tstne ip, r0, lsl 1",1
"strdeq r1, r2, [r0], -lr",1
"tstne ip, r1, lsl 1",1
"strdeq r1, r2, [r0], -sb",1
"tstne ip, r2, lsl 1",1
"andeq r1, r0, r1, asr ip",1
"tstne ip, r3, lsl 1",1
"andeq r1, r0, r5, ror 19",1
"smlawbne r0, r0, r0, r8",1
"andeq r1, r0, r1, lsl 15",1
"smlawbne r0, r1, r0, r8",1
"andeq r1, r0, r7, lsr r4",1
"smlawbne r0, r2, r0, r8",1
"ldrdeq r2, r3, [r0], -r1",1
"smlawbne r0, r3, r0, r8",1
"andeq r1, r0, fp, lsl 27",1
"smlawbne r0, r4, r0, r8",1
"andeq r1, r0, r8, asr 8",1
"smlawbne r0, r5, r0, r8",1
"strdeq r1, r2, [r0], -r5",1
"smlawbne r0, r6, r0, r8",1
"strdeq r1, r2, [r0], -r5",1
"smlawbne r0, r7, r0, r8",1
"andeq r2, r0, r0, asr 1",1
"smlawbne r4, r0, r0, r8",1
"muleq r0, fp, r3",1
"smlawbne r4, r1, r0, r8",1
"andeq r2, r0, pc, asr r4",1
"smlawbne r4, r2, r0, r8",1
"ldrdeq r1, r2, [r0], -r2",1
"smlawbne r4, r3, r0, r8",1
"andeq r1, r0, sl, ror 23",1
"smlawbne r4, r4, r0, r8",1
"andeq r2, r0, r8, ror r4",1
"smlawbne r4, r5, r0, r8",1
"andeq r2, r0, r0, ror 3",1
"smlawbne r4, r6, r0, r8",1
"andeq r1, r0, r2, ror sp",1
"smlawbne r4, r7, r0, r8",1
"ldrdeq r2, r3, [r0], -r6",1
"smlawbne r4, r8, r0, r8",1
"andeq r2, r0, r5, lsl r6",1
"smlawbne r4, sb, r0, r8",1
"strdeq r2, r3, [r0], -pc",1
"smlawbne r4, sl, r0, r8",1
"andeq r1, r0, lr, lsl 8",1
"smlawbne r4, fp, r0, r8",1
"andeq r1, r0, r5, ror 27",1
"smlawbne r4, ip, r0, r8",1
"andeq r2, r0, ip, ror 11",1
"smlawbne r4, sp, r0, r8",1
"andeq r0, r0, r7, ror 31",1
"smlawbne r8, r0, r0, r8",1
"andeq r1, r0, r8, ror fp",1
"smlawbne r8, r1, r0, r8",1
"andeq r2, r0, r1, lsl r7",1
"smlawbne r8, r2, r0, r8",1
"andeq r2, r0, sp, asr 32",1
"smlawbne r8, r3, r0, r8",1
"andeq r2, r0, r8, lsl 3",1
"smlawbne r8, r4, r0, r8",1
"andeq r1, r0, r0, ror 11",1
"smlawbne r8, r5, r0, r8",1
"andeq r2, r0, r7, ror 9",1
"smlawbne ip, r0, r0, r8",1
"andeq r1, r0, lr, lsl 6",1
"smlawbne ip, r1, r0, r8",1
"andeq r1, r0, r4, asr lr",1
"smlawbne ip, r2, r0, r8",1
"andeq r1, r0, ip, ror 31",1
"teqne r0, r0, lsl 1",1
"strheq r2, [r0], -ip",1
"teqne r0, r1, lsl 1",1
"andeq r1, r0, sb, lsl sb",1
"teqne r0, r2, lsl 1",1
"ldrdeq r2, r3, [r0], -r7",1
"teqne r0, r3, lsl 1",1
"andeq r1, r0, r8, lsr 3",1
"teqne r0, r4, lsl 1",1
"andeq r1, r0, sp, ror r0",1
"teqne r0, r5, lsl 1",1
"andeq r1, r0, r4, asr 7",1
"teqne r0, r6, lsl 1",1
"andeq r2, r0, r7, ror 14",1
"teqne r0, r7, lsl 1",1
"muleq r0, r0, r4",1
"teqne r0, r8, lsl 1",1
"andeq r1, r0, r2, ror pc",1
"teqne r0, sb, lsl 1",1
"andeq r1, r0, lr, asr r0",1
"teqne r0, sl, lsl 1",1
"andeq r2, r0, sp, lsr 9",1
"teqne r0, fp, lsl 1",1
"andeq r1, r0, r6, lsr 23",1
"teqne r0, ip, lsl 1",1
"andeq r2, r0, sp, asr 12",1
"teqne r0, sp, lsl 1",1
"strheq r1, [r0], -r1",1
"teqne r0, lr, lsl 1",1
"andeq r1, r0, sl, ror 15",1
"teqne r0, pc, lsl 1",1
"andeq r1, r0, r3, lsr 16",1
invalid,1
"andeq r2, r0, lr, lsl 15",1
"mlaseq r0, r1, r0, r8",1
svceq 0x3f0113,1
"andlo r0, r2, r0",1
"andeq sb, r0, r1, lsl 6",1
"stmdbhs r1, {r8, sb}",1
"strne r0, [r0], -0xd",1
"andeq r0, r0, r1, lsl 21",1
"addseq r3, r3, r2",1
"andsne r0, r4, 0",1
"andeq r0, r0, 0xf",1
"andeq pc, r2, r0, lsr sl",1
beq 0x1d3a00,1
"andlo r0, r2, r0",1
"andeq r0, r0, r2, lsr 1",1
"andle r1, r1, r0, lsl 6",1
"movweq r0, 0x17",1
"subeq r0, pc, sb, lsr 2",1
"mrseq r0, apsr",1
"andeq r0, r0, r4, asr sp",1
"andeq r1, r1, r4, lsl ip",1
svc 0x290300,1
"strne r0, [r0], -2",1
"andeq r2, r0, r4, lsr 11",1
"subeq r2, pc, r3, lsl 18",1
"andseq r0, r5, r0",1
"andshs r0, sb, 0x80000005",1
svclo 0x40000,1
"andeq r4, r0, r1, lsl 30",1
"ldcleq p3, c0, [r2, -0]!",1
svcmi 0x140000,1
"streq r0, [r0], -0x1e",1
"andeq r7, sp, pc, lsr r2",1
"streq r0, [r6], -0",1
"andeq r0, r0, sp, lsr 1",1
"ldrbhs r0, [r8], -0x113",1
"strvs r0, [r2], -r0",1
"andeq sb, r0, r1, lsl 10",1
"andge r0, r1, 0, 6",1
"strne r0, [r0], -0xd",1
"andeq r0, r0, r1, lsl 21",1
"addseq r6, r5, r2, lsl 12",1
"andsne r0, r4, 0",1
"andeq r0, r0, 0xf",1
"andeq lr, r2, r6, ror 30",1
"ldclo p0, c0, [r7, -0]",1
invalid,1
"rsceq r0, pc, 0xc000001e",1
invalid,1
"stmdane r0, {r1, r2, r3}",1
invalid,1
"andeq lr, r2, sp, ror pc",1
"ldrvs r1, [r8], -0x900",1
invalid,1
"andeq lr, r2, r3, lsl 31",1
"ldrbeq r1, [r7], -r0, lsl 20",1
"strhi r0, [r1], -0",1
"andeq r0, r0, pc, ror 5",1
"andeq r6, r7, sl, lsl r1",1
"strls r0, [r5, 0x100]",1
blne 0xeac0,1
"andeq r0, r0, r6, lsl 28",1
"andseq pc, lr, sl, lsl r1",1
"addge r0, pc, 0, 2",1
bne 0xead0,1
"ldrdeq r0, r1, [r0], -pc",1
"adceq sb, r2, r1",1
"andshs r0, sl, 0",1
invalid,1
"muleq r0, r1, pc",1
invalid,1
invalid,1
"andeq r4, r0, r1, lsr 31",1
"ldrvs r1, [r8], -r0, lsl 18",1
invalid,1
"andeq r0, r0, r2, ror sp",1
"vldmiane r5!, {s2, s3, s4, s5, s6, s7, s8, s9, s10, s11, s12, s13, s14, s15, s16, s17, s18, s19, s20, s21, s22, s23, s24, s25, s26}",1
"stclt p0, c0, [r1, -0]",1
"muleq r0, r5, r0",1
"andseq r7, sl, sl, lsl r5",1
"adcsge r0, lr, 0, 2",1
invalid,1
invalid,1
"andeq r4, r0, r2, asr 31",1
"vldmiane pc, {s3}",1
"movwgt r0, 0x1000",1
"andeq r0, r0, r8, ror lr",1
"andseq r2, r0, sl, lsl r5",1
"stmvc r4, {r8} ^",1
"stmdane r0, {r1, r2, r3}",1
invalid,1
"andeq sl, r0, r5, asr 5",1
"rsblo r1, ip, 0, 16",1
"sbcge r0, r5, 0, 2",1
bne 0xeb48,1
"strheq r1, [r0], -r1",1
"addseq ip, r5, r1, lsl 12",1
"andeq r0, r0, r0",1
"andeq r0, r0, r0",1
"andeq sb, r0, fp, lsl 22",1
"andeq r8, lr, r0, lsl 16",1
"addeq r0, ip, r0, lsl 24",1
"eorseq r0, r2, r0",1
"stceq p1, c0, [lr, 0x70]",1
bvs 0x4eb70,1
"rsceq r0, pc, 0x40000000",1
"ldcgt p0, c0, [r0], 0",1
"andsle r0, r0, r0",1
"rsbspl r0, r6, 0",1
"strlo r0, [r1], -r0",1
"stcne p0, c0, [r0, -0x4c]",1
"andeq r2, r0, r6, ror 4",1
svc 0x16c01,1
"movwge r0, 2",1
"stcne p0, c0, [r0, -0x148]",1
"andeq r1, r0, sb, asr 6",1
svc 0x16d01,1
invalid,1
"mcrne p0, 0, r0, c0, c2, 2",1
"andeq r0, r0, r2, lsr 27",1
"ldrdeq ip, sp, [r0], -r0",1
"andeq ip, r0, r0, ror 30",1
"cdpge p6, 0, c1, c2, c1, 0",1
svcne 0x12,1
"ldrdeq ip, sp, [r0], -r0",1
"andeq ip, r0, r0, ror 30",1
"andeq fp, sp, r0, lsr 6",1
"subseq r2, r3, r0, lsl 10",1
"stclgt p15, c1, [r0], 0",1
svcgt 0x600000,1
"cdplt p0, 2, c0, c0, c0, 0",1
"cdppl p0, 0, c0, c0, c13, 0",1
"andhs r0, r0, r3, asr r0",1
"ldrdeq r0, r1, [r0], -r4",1
"andeq r5, r0, r7, lsl 7",1
"andeq ip, sp, r0, lsr 18",1
"subseq fp, r3, r0, lsl 22",1
"addseq r2, r8, 0, 2",1
svceq 0xf50000,1
"strt r0, [r0], -0",1
"movwle r0, 0xd",1
"andhs r0, r0, r3, asr r0",1
"strdeq r0, r1, [r0], -sl",1
"andeq r5, r0, r6, ror 7",1
"andeq lr, sp, r0, lsr 30",1
"subseq r0, r4, r0, lsl 30",1
"ldcleq p2, c2, [r4], 0",1
"ldclgt p0, c0, [r4, -0]",1
"stclgt p0, c0, [r4, -0]!",1
"strls r0, [r1, -0]",1
"andeq r0, r0, r0, lsl 31",1
"andeq r1, sp, r3, lsr 26",1
"subseq r2, r4, r0, lsl 6",1
"ldceq p3, c2, [r2, -0]",1
"ldrtpl r0, [r6], -0",1
"streq r0, [r3, -r0]!",1
"strpl r0, [r0], -0xd",1
"strhs r0, [r0], -0x54",1
"andeq ip, r0, r4, ror 26",1
"andeq r1, r0, r6, ror 6",1
"subseq r0, r2, 0x40000009",1
invalid,1
"rsbseq r0, r6, r1, asr r2",1
"subseq r0, r0, 0x40000009",1
"andeq r0, r0, r7, ror r0",1
"andeq pc, ip, r2, lsr 8",1
"sbceq r7, sp, r0",1
"sbceq r8, sp, r0",1
"addsle r0, r8, r0, lsl 2",1
"movwhs r0, 0xf",1
"andeq r0, r0, r2, lsl sp",1
"andeq r5, r0, r2, ror r4",1
"andeq r0, sp, r3, lsr 14",1
"subseq r8, r4, r0, lsl 20",1
"ldceq p3, c2, [sp, -0]",1
"strbpl r0, [sp], 0",1
"eorhi r0, r4, r0",1
"strvs r0, [r0], -sp, asr 1",1
"strhs r0, [r0, -0x13]",1
"cdplo p2, 0, c5, c1, c1, 0",1
"ldrbeq r0, [r1, -0x125]",1
"rsceq pc, fp, r3, lsl 16",1
"andpl r2, r1, r0, lsl 10",1
bvc 0x2c8c0,1
"andeq r2, r0, r0, lsl 4",1
"sbceq r0, sp, r6, lsr 8",1
"andseq r8, r3, r0, lsl 14",1
"andeq lr, pc, r0, lsl 8",1
"andpl r2, r1, r0, lsl 10",1
"andeq r7, r0, r2, lsl 12",1
"sbceq r4, sp, r4, lsr 24",1
"andseq sl, r3, r0",1
"andpl r2, r1, r0, lsl 10",1
"andeq r7, lr, r2, lsl 20",1
"stcgt p7, c2, [r0]",1
svcgt 0x540000,1
"addsne r0, r8, 0",1
"streq r0, [r8, -r0]!",1
invalid,1
"stceq p2, c2, [sb, -0x160]!",1
"stcgt p0, c0, [r0]",1
"stcgt p0, c0, [ip]",1
bge 0x4ecf8,1
"andeq r1, r0, r6, asr 32",1
"andeq r4, sp, r3, lsr 14",1
"subseq lr, r4, r0, lsl 2",1
"ldceq p3, c2, [ip, -0]!",1
"ldrbtpl r0, [r7], 0",1
"stchi p0, c0, [r4], -0",1
"stmdblt r0, {r0, r2, r3, r6, r7}",1
"strhs r0, [r0, -0x13]",1
beq 0xe3120,1
invalid,1
"rsbseq r0, r7, r0, asr r2",1
invalid,1
"strhi r0, [r0, -r2]",1
"andhs r0, r0, r2, lsl r0",1
"andeq r0, r0, r2, lsl lr",1
"andeq r5, r0, sl, lsl 10",1
"andeq sp, r2, r1, lsr 32",1
"andseq r5, r2, r0, lsl 18",1
"cdpeq p0, 1, c2, c13, c0, 0",1
"ldrpl r0, [r3, -0]!",1
invalid,1
bge 0xed88,1
"qaddhs r0, r5, r0",1
"andeq r0, r0, r8, ror 5",1
"andeq r1, r0, r4, lsr r2",1
"andeq r3, lr, sb, lsr 8",1
"cdpeq p8, 3, c2, c13, c0, 0",1
"mrsls r0, apsr",1
"stmdami r8!, {r4, r5, r6, r7, sb, sl, fp, ip, sp, lr}",1
"movweq r0, 0xe",1
invalid,1
"andeq r0, r0, r3, asr lr",1
"ldrdeq r5, r6, [r0], -pc",1
"andeq r5, lr, r0, lsr 26",1
"subseq pc, r5, r0, lsl 26",1
"cdpeq p0, 6, c2, c7, c0, 0",1
"ldrtpl r0, [r1], -r0",1
"strtpl r0, [r2], -0",1
invalid,1
"and r0, r0, sp, asr 1",1
"smlabteq r0, sp, r0, r0",1
"andseq sp, r0, r8, asr 23",1
"stcleq p3, c2, [r6, -0]!",1
"strbpl r0, [pc], -r0",1
"stcle p0, c0, [r4], -0",1
blle 0xf0e4,1
"strhs r0, [r0, -0x13]",1
"strvc r5, [r2], -r1",1
"andhs r0, r0, 0",1
"andeq r0, r0, r4, asr sp",1
"andeq ip, r0, r4, lsl 28",1
"andeq ip, r0, r8, lsr 28",1
invalid,1
"strtvs r0, [r3], -r0",1
"stcvs p0, c0, [r0, -0x34]",1
"strhs r0, [r0], -0x56",1
"andeq ip, r0, r4, lsr 28",1
"ldrdeq r1, r2, [r0], -fp",1
"subseq r0, r0, 0x40000009",1
"andeq r0, r0, r6, ror r0",1
"andeq r7, sp, r2, lsr 16",1
"sbceq lr, lr, r0, lsl 16",1
"sbceq pc, lr, r0, lsl 8",1
"stclmi p1, c0, [lr], 0",1
"movwhs r0, 0x11",1
"muleq r0, r6, sp",1
"andeq r5, r0, fp, lsl 13",1
"andeq r8, sp, r3, lsr 22",1
"subseq sb, r6, r0, lsl 28",1
"cdpgt p4, 0xf, c2, c4, c0, 0",1
invalid,1
invalid,1
"rsbseq r0, sp, r1, asr r2",1
beq 0x140f2b4,1
"rsbseq r0, sb, r8, ror r0",1
"andhs r7, r0, 28, 22",1
"andeq r1, r0, r2, lsr ip",1
"andeq r7, sp, r2, lsr 16",1
"sbceq pc, lr, r0, lsl 16",1
"sbceq r0, pc, r0, lsl 24",1
"cdphi p1, 0xe, c0, c15, c0, 0",1
"movwhs r0, 0x11",1
"muleq r0, r6, sp",1
"ldrdeq r5, r6, [r0], -r0",1
"andeq r8, sp, r3, lsr 22",1
"subseq pc, r6, r0, lsl 30",1
svcgt 0x42400,1
invalid,1
invalid,1
"ldcls p3, c0, [r1], {0x51}",1
"andpl r2, r1, pc, ror r5",1
blvc 0x2ce84,1
"ldcne p2, c2, [r1], -0",1
invalid,1
blne 0xf1ac,1
"andge r0, r0, 0x14",1
"strhs r0, [r0, -0x11]",1
"strvc r5, [r2], -r1, lsl 2",1
"stcpl p0, c0, [r6], -0",1
"stmdblo r0, {r1, r2, r3, r6, r7}",1
invalid,1
"strhs r0, [r0, -0x11]",1
invalid,1
invalid,1
"rsbseq r0, sp, r2, asr r2",1
"ldrbeq r0, [r1, -0x125]",1
"rsceq r0, ip, r3, lsl 24",1
"andpl r2, r1, r0, lsl 10",1
"andeq r7, r0, r2, lsl 12",1
"sbceq r6, lr, r6, lsr 24",1
"andseq r8, r3, r0, lsl 14",1
"andseq lr, r1, r0",1
"andpl r2, r1, r0, lsl 10",1
"andeq r7, r0, r2, lsl 26",1
"sbceq r7, lr, r6, lsr 16",1
"andseq r8, r3, r0, lsl 14",1
"andseq pc, r1, r0, lsl 10",1
"andpl r2, r1, r0, lsl 10",1
svcvc 0x9c9103,1
"cdpgt p6, 9, c2, c4, c0, 0",1
"movne r0, 0",1
"andne r0, sb, 0",1
invalid,1
"cmneq sl, r0, asr r2",1
"cdpgt p6, 0xb, c2, c4, c0, 0",1
"ldrbne r0, [r8], -0",1
"eorne r0, r3, 0",1
invalid,1
"cmneq sl, r1, asr r2",1
"subseq r0, r0, 0x40000009",1
"strhs r0, [r0], -0x74",1
"andeq ip, r0, r8, asr 29",1
"andeq r1, r0, r6, ror r4",1
"subseq r0, r0, 0x40000009",1
"andeq r0, r0, r4, ror r0",1
"sbceq sp, lr, r6, lsr 32",1
"andseq r8, r4, r0, lsl 22",1
"andseq r4, r2, r0, lsl 16",1
"andpl r2, r1, r0, lsl 10",1
"andeq r7, r0, r2, lsl 12",1
"sbceq r2, pc, r4, lsr 16",1
"andseq r8, r4, r0, lsl 22",1
"andpl r2, r1, r0, lsl 10",1
"andeq r7, r0, r2, lsl 12",1
"stcgt p6, c2, [r0, 0]!",1
"strtne r0, [r4], 0",1
"rsbsne r0, r6, 0",1
invalid,1
"stmdaeq r3, {r0, r4, r6, r8, sl}",1
"strhs r0, [r0, -0xec]",1
"stmdavc r2, {r0, ip, lr}",1
"strtlt r0, [r4], -0",1
"andgt r0, r0, 0xcd",1
"strhs r0, [r0, -0x14]",1
"stmdavc r2, {r0, ip, lr}",1
"strhs r0, [r0], -0",1
"andeq ip, r0, r0, asr pc",1
"andeq r1, r0, r6, ror r4",1
"subseq r0, r0, 0x40000009",1
"andeq r0, r0, r7, ror r0",1
"sbceq lr, ip, r4, lsr 16",1
"andseq sp, r4, r0, lsl 22",1
"andpl r2, r1, r0, lsl 10",1
bl 0xffa0fb9c,1
"andeq r0, r0, r0",1
"stcvs p0, c0, [r7], -0",1
"stmdavc r0, {r0, r1, r2, r3, r6, r7}",1
b 0xf2d4,1
bhs 0xefe4,1
"andeq r0, r0, fp, ror r4",1
"andge r1, r2, 0x4000",1
bhs 0xefa8,1
"andeq r0, r0, r2, ror 3",1
"andge r1, r2, 0x4000",1
"strhs r0, [r0], -0",1
"andeq ip, r0, r8, ror pc",1
"strdeq r1, r2, [r0], -r4",1
"subseq r0, r1, 0x40000009",1
invalid,1
"rsbseq r0, r5, r0, asr r2",1
"eorgt r0, r6, r0",1
"strne r0, [r0, -0xcc]",1
"stc2 p0, c0, [r0, -0x54]",1
"strhs r0, [r0, -0x12]",1
"cdplo p0, 0, c5, c1, c1, 0",1
svcgt 0x9c2600,1
"orrne r0, r7, 0",1
"tstne r1, 0",1
invalid,1
"rsbseq r0, r4, r0, asr r2",1
svcgt 0xb02600,1
"orrne r0, r7, 0",1
invalid,1
invalid,1
"rsbseq r0, r4, r0, asr r2",1
svcgt 0xc02400,1
"orrne r0, r7, 0",1
invalid,1
"rsbseq r0, r6, r0, asr r2",1
invalid,1
invalid,1
"andseq r4, r3, r7, ror r7",1
invalid,1
invalid,1
"andeq r0, r0, pc, ror 5",1
"andeq ip, r2, sp, lsr 20",1
"strlt r0, [r8, r0, lsl 14]!",1
invalid,1
"ldrbeq r2, [r8, r1, lsl 26]",1
invalid,1
"strheq r0, [r0], -r7",1
invalid,1
"andeq r0, r0, pc, lsr pc",1
"andeq sb, r0, r1, lsl 6",1
"strhi r0, [r1, -r0, lsl 2]",1
svchs 0x13,1
"muleq r0, r3, r0",1
"andeq pc, r2, pc, lsr 20",1
"addeq r2, ip, r0, lsl 30",1
"andlo r0, r0, r0",1
"andeq r3, r3, r1",1
"orreq r0, fp, r0, lsl 20",1
"andeq sl, r0, r1, lsl 4",1
"movne r0, 0, 2",1
svc 0x2f0000,1
"andeq r0, r0, r2",1
svceq 0x1a0130,1
"mrsle r0, apsr",1
"addseq r0, r3, r1, lsl 2",1
invalid,1
svchs 0x13,1
"andeq r0, r0, r2, lsr 1",1
"streq r3, [r1, -0x100]",1
"movweq r0, 0x1b",1
"eoreq r7, r6, r0, lsr 18",1
"subeq r0, pc, r0, lsl 2",1
blle 0x4f0ac,1
svchs 0x13,1
"andeq r0, r0, pc, ror 5",1
"andeq r4, r0, pc, lsr 30",1
"andlo r1, r0, r0, lsl 10",1
"andseq r8, r4, r1, lsl 14",1
"orreq r0, r8, r0, lsl 16",1
"andeq r4, r0, r1, lsl 30",1
invalid,1
"vld4.8 {d0, d1, d2, d3}, [pc], r0",1
"andeq r0, r0, r3, lsl r0",1
"rsceq r0, r3, 0x6000000",1
"teqeq r1, r0",1
"andeq r2, r0, lr, asr 8",1
"ldrbhs r0, [r8], -0xc",1
"strls r0, [r1, -0]",1
invalid,1
"andeq r1, r0, fp, lsl r4",1
"andeq sb, r0, pc, lsr 10",1
"rsceq r2, pc, 0, 30",1
"andlo r0, r0, r0",1
"eoreq r2, r5, r1, lsl 24",1
"adcseq r0, lr, 0, 14",1
"andeq r4, r0, r1, lsl 30",1
"ldrtne r0, [sb], -0x100",1
svcmi 0x2f0000,1
svchs 0,1
"andeq r0, r0, r2, ror sp",1
svchi 0x13000,1
"smladeq r0, r4, r0, r0",1
svcmi 0x101a9,1
invalid,1
"andeq r1, r0, r8, asr r4",1
"andeq r7, sp, pc, lsr 4",1
"rsceq r2, pc, 0, 30",1
"andseq r0, r5, r0",1
svceq 0xa0130,1
svcle 0xb0000,1
"addseq r0, r3, r1, lsl 2",1
"strvc r0, [r1], -r0",1
svchs 0x14,1
"muleq r0, r3, r0",1
"andeq sl, r0, pc, lsr 4",1
"teqeq r2, r0",1
"andeq r0, r0, r2, ror 20",1
invalid,1
"andseq r8, r4, r1, lsl 22",1
"addseq r2, r3, r0, lsl 30",1
"andlo r0, r0, r0",1
"andeq sb, pc, r1, lsl 14",1
invalid,1
"andeq r4, r0, r1, lsl 30",1
"strtne r0, [r4], 0x100",1
"eorvc r0, pc, 0",1
"andeq r0, r0, sp",1
invalid,1
"andlo r0, r7, 0",1
"ldcleq p1, c0, [r2, -4]!",1
"andgt r0, r1, 0",1
svchs 0x14,1
"andeq r0, r0, pc, asr 32",1
"andeq lr, r2, pc, lsr 30",1
"teqeq r0, r0",1
"muleq r0, ip, pc",1
"mrseq r6, apsr",1
"andeq r0, r0, pc, asr 32",1
"andseq sp, r4, r1, lsl 22",1
"subeq r2, pc, r0, lsl 30",1
"andlo r0, r0, r0",1
"andseq r3, sl, r1, lsl 6",1
"eorseq r0, r3, 0, 22",1
"andeq sb, r0, r1, lsl 10",1
"ldrbtne r0, [r4], 0x100",1
svc 0x2f0000,1
"andeq r0, r0, r2",1
"tsteq r7, 0x4000000c",1
"andeq r0, ip, r0",1
"andeq r0, r0, r1, lsr 6",1
"andeq r4, r0, r1, lsl 30",1
"ldrne r0, [r5, -0x100]",1
svc 0x2f0000,1
svchs 2,1
"andeq r0, r0, pc, ror 5",1
"strvc r3, [r1, -r0, lsl 6]",1
svceq 0x16,1
"strls r0, [r1, -0x247]",1
invalid,1
"andeq r0, r3, pc, lsr 2",1
invalid,1
"andeq r0, r0, 4",1
"andseq r2, r7, r0, lsl 20",1
"cdpeq p4, 0, c0, c1, c0, 0",1
invalid,1
"strheq r2, [r0], -r2",1
"andeq r0, r0, fp, ror 3",1
"andeq sp, r0, r0, lsl r0",1
"strheq sp, [r0], -r8",1
"muleq r0, sl, r6",1
"andeq fp, r5, r2, lsl 18",1
"sbcslo r0, r5, r0, lsl 4",1
"movweq r0, 0",1
"eoreq r0, r4, r4, lsl 14",1
"mrseq r0, apsr",1
"andeq r3, r0, r8, lsl 2",1
"streq r0, [r2, -r0, lsl 6]",1
"andeq r0, r0, pc, lsr r0",1
svcne 0x70403,1
"movweq r0, 0",1
"eorseq r0, r3, r1, lsl 12",1
"andeq r0, r3, 0",1
"andeq ip, r0, r5, lsl 22",1
"streq r0, [r4, -0x400]",1
"rsbseq r6, r4, sb, ror 28",1
"andeq r0, r5, r3, lsl 16",1
"movweq r0, 0",1
"andseq r0, sl, r8, lsl 14",1
svcne 0x20000,1
"movweq r0, 2",1
"andeq r6, r0, r7, lsr r1",1
"ldrbteq r0, [r3], -0x200",1
invalid,1
"andeq r0, r0, r5, lsl 1",1
"streq r0, [r5, -0x403]",1
"andeq r0, r0, 0",1
"andeq r0, r0, ip, lsr r6",1
"rsbeq r8, pc, r3, lsl 26",1
"streq r0, [r3], -0",1
"andeq sp, r0, r7, lsl 10",1
"streq r0, [r4], -r0, lsl 10",1
"andeq sl, r0, r4, lsl 12",1
"stmdaeq r1, {r8, sb}",1
"andeq r0, r0, sl, lsr r0",1
"andeq r5, r4, r2, lsl 20",1
"ldmdalt r0!, {sl}",1
"streq r0, [r0, -r0]",1
"andeq r0, r0, r6, asr r4",1
invalid,1
"stmdaeq r0, {r1}",1
"muleq r0, r3, sl",1
"subseq pc, sl, r5, lsl 14",1
"movwhs r0, 0x2000",1
"streq r0, [ip], -0x800",1
invalid,1
"andeq r0, r0, r0, lsr 1",1
"stmdaeq r4, {r1, r8, sb, sp}",1
"strheq r0, [r0], -r2",1
"adceq pc, r0, r5, lsl 26",1
"movwhs r0, 0x2000",1
"strbeq r0, [lr], -r8, lsl 16",1
"cdp2 p0, 0, c0, c5, c0, 0",1
"andeq r0, r0, r0, lsr 1",1
"stmdaeq ip, {r1, r8, sb, sp}",1
"andeq r0, r0, r4, lsr 14",1
"adceq pc, r0, r5, lsl 30",1
"movwhs r0, 0x2000",1
"rscseq r0, sb, 16, 18",1
"andeq r0, r5, r0",1
"andeq sl, r0, r1",1
"strtne r0, [r3], -0x200",1
"andeq sb, r6, sb, lsl 4",1
"mrseq r0, apsr",1
"andeq r0, r0, r0, lsr 1",1
"ldmdbeq r8, {r1, r8, sb, sp}",1
"andeq r0, r0, r4, asr 2",1
"andge r0, r1, r5, lsl 4",1
"andeq r0, r0, 0",1
"streq r1, [sb, -0xc23]",1
"streq r0, [r0, -5]",1
"adceq r0, r0, r3, lsl 2",1
"movwhs r0, 0x2000",1
"teqeq r7, 32, 18",1
"streq r0, [r5, -0]",1
"andeq sl, r0, r1",1
"strths r0, [r3], -0x200",1
"andeq sp, r6, sb, lsl 14",1
invalid,1
"andeq r0, r0, r0, lsr 1",1
"stmdbeq r8!, {r1, r8, sb, sp}",1
"andeq r0, r0, ip, asr r6",1
"andge r0, r1, r5, lsl 14",1
"andeq r0, r0, 0",1
blt 0x25a40c,1
"streq r0, [r0, -4]",1
"adcseq r0, r1, 0x40000002",1
"movwhs r0, 0x2000",1
"rsceq r0, r7, r0, lsr sb",1
bleq 0x14f394,1
"andeq fp, r2, r1, lsl 14",1
"strtlo r0, [r3], -0x200",1
"andeq sl, r1, sb, lsl 6",1
"mrseq r0, apsr",1
"andeq r0, r0, sl, asr r0",1
"ldmdbeq r8!, {r1, r8, sb, sp}",1
"andeq r0, r0, r4, ror r3",1
bpl 0x537c8,1
"andeq r0, r0, 0",1
"stmdapl sb, {r0, r1, r5, sl, fp, ip, sp}",1
"streq r0, [r0, -2]",1
"rsbseq r0, sl, r3, lsl r1",1
"movwhs r0, 0x2000",1
"andeq r0, sb, 64, 18",1
"strne r0, [r5, -r0]",1
"andeq r3, r0, r1, lsl 28",1
"strtmi r0, [r3], -0x200",1
"andeq r5, r5, sb",1
"tsteq r8, r0, lsl 10",1
"andeq r0, r0, ip, asr 32",1
"stmdbeq r6, {r1, r8, sb, sp} ^",1
"andeq r0, r0, r2, lsl r1",1
"stclt p9, c1, [r1, -0x14]",1
"andeq r0, r0, 2",1
"cdpvs p7, 0, c4, c9, c3, 1",1
"streq r0, [r0, -3]",1
"sbceq r0, sp, 0x40000007",1
"movwhs r0, 0x2000",1
"subseq r0, ip, 72, 18",1
"strhs r0, [r5], -r0",1
"andeq r8, r0, r1, lsl 24",1
"eorpl r0, r3, r0, lsl 4",1
"andeq r7, r6, sb, lsl 12",1
invalid,1
"muleq r0, lr, r0",1
"ldmdbeq r8, {r1, r8, sb, sp} ^",1
"andeq r0, r0, sp, ror r6",1
"cdpls p0, 0, c3, c1, c5, 0",1
"andeq r0, r0, 0",1
"strhi r5, [sb], -0xc23",1
"streq r0, [r0, -6]",1
"addseq r0, lr, r1, lsr r1",1
"movwhs r0, 0x2000",1
"streq r0, [fp], r0, ror 18",1
"andlo r0, r5, 0",1
"andeq sb, r0, r1, lsl 28",1
"strtvs r0, [r3], -0x200",1
"andeq r8, r2, sb, lsl 24",1
"teqeq r3, r0, lsl 10",1
"andeq r0, r0, r5, lsr 32",1
"stmdbeq r8!, {r1, r8, sb, sp} ^",1
"andeq r0, r0, fp, lsr 7",1
bpl 0x5c87c,1
"andeq r0, r0, 0",1
"andge r6, sb, r3, lsr 24",1
"streq r0, [r0, -6]",1
"sbcseq r0, r3, 0xc000000d",1
"movwhs r0, 0x2000",1
"andmi r0, sl, 0x70",1
"streq r0, [r0, -4]",1
"adcseq r0, pc, 0x26c0000",1
"streq r0, [ip, -0]",1
"andeq fp, r2, r1, lsr 3",1
"addseq r0, ip, 0, 16",1
"andge r0, r5, 0",1
"strheq r0, [r0], -r1",1
"stmdaeq r0, {r1, r8, sb, sp}",1
"andeq r0, r0, r1, lsl r3",1
"adcseq sl, r7, 0x14000000",1
"movwhs r0, 0x2000",1
"strteq r0, [lr], 0x804",1
"strge r0, [r5, -r0]",1
"andeq r0, r0, sl, asr r0",1
"andeq r2, r8, r2, lsl 6",1
"rsbseq r0, sl, 0x6000000",1
"streq r0, [r6], -0",1
"strheq r0, [r0], -r8",1
"andeq sl, r0, fp, lsl 12",1
"andeq ip, r2, r0, lsl 26",1
"addseq r0, r7, r0, lsl 24",1
"andeq r0, r0, r0",1
"rsbseq r0, r3, 0x6000000",1
"strge r0, [fp], -r0",1
"movw r0, 0",1
invalid,1
"muleq r0, r7, r0",1
invalid,1
"muleq r0, r7, pc",1
"mrseq lr, apsr",1
"andeq r0, r0, sl, asr r0",1
"andeq sp, r0, r0, lsl r0",1
"strheq sp, [r0], -r8",1
"andeq r5, r0, sb, lsl r7",1
"andeq lr, r3, r1, lsl 4",1
"rsbvc r0, r6, r0, lsl 28",1
"eors r0, r8, 0, 2",1
"strmi r0, [r0, -3]",1
svceq 0x57,1
"andeq r2, r0, r7, asr 15",1
"subseq r3, sl, r1, lsl 20",1
"strbpl r0, [r3, -r0]!",1
"ldrvs r0, [r0], -r0",1
bllo 0x4f6c0,1
"andeq r0, r0, sl, asr r0",1
"andeq r5, r0, lr, lsl 15",1
"andeq r6, r2, pc, lsl 12",1
bpl 0xf0f940,1
invalid,1
"qaddne r0, r7, r0",1
"andeq sp, r0, r0, lsr 32",1
"andeq r0, r0, r2, lsl 8",1
"andeq r0, r0, r0, asr r3",1
"subseq r0, r0, 0x80000004",1
invalid,1
"andeq sp, r0, r0, lsr r0",1
"andeq r0, r0, fp, lsl r4",1
"andeq r0, r0, r4, ror 6",1
"subseq r0, r0, 0x80000004",1
invalid,1
"andeq sp, r0, ip, lsr r0",1
"andeq r0, r0, r3, lsr r4",1
"andeq r0, r0, r8, ror r3",1
"subseq r0, r0, 0x80000004",1
invalid,1
"andeq sp, r0, ip, asr 32",1
"andeq r0, r0, r2, lsl 8",1
"andeq r0, r0, ip, lsl 7",1
"subseq r0, r0, 0x80000004",1
invalid,1
"andeq sp, r0, r0, rrx",1
"andeq r0, r0, fp, asr 8",1
"andeq r0, r0, r0, lsr 7",1
"rsbseq r0, sp, r2, lsl r2",1
invalid,1
"andeq sp, r0, ip, ror r0",1
"andeq r0, r0, r2, ror r4",1
"strheq r0, [r0], -r4",1
"subseq r0, r0, 0x80000004",1
"movwne r0, 0x74",1
"andeq sp, r0, r8, lsl 1",1
"andeq r0, r0, fp, lsl 9",1
"sbcseq sb, r0, r1, lsl r8",1
"andeq r1, r4, r0, lsl 22",1
"andeq sp, r3, r0, lsl 2",1
"andpl r1, r1, r0, lsl 4",1
"andeq r7, r0, r2, lsl 8",1
"sbcseq fp, r0, r4, lsl r0",1
"andeq r1, r4, r0, lsl 22",1
"andpl r1, r1, r0, lsl 4",1
"andeq r7, r0, r2, lsl 8",1
"stcge p6, c0, [r4, -0]",1
"strne r0, [r0, -0]",1
"andeq r0, r0, sl, asr 5",1
"adcseq sl, r7, 4, 16",1
"mrseq r0, apsr",1
"andeq sp, r7, r5, lsl r8",1
"strlt r0, [sb, r0, lsl 8]!",1
invalid,1
"strge r1, [r1], -0x601",1
"streq r0, [r0], -1",1
bpl 0x50380,1
invalid,1
"andeq r0, r0, fp, lsl r4",1
"andeq lr, r3, r7, lsl r2",1
"tsteq r8, r0",1
"muleq r0, fp, pc",1
bpl 0x8aa40,1
invalid,1
"andeq r0, r0, r3, lsr r4",1
"andeq lr, r3, r7, lsl r2",1
"tsteq r8, r0",1
"muleq r0, r6, r7",1
bpl 0x5c260,1
invalid,1
"andeq r0, r0, fp, asr 8",1
"andeq lr, r3, r7, lsl r2",1
"tsteq sb, r0",1
"andeq r2, r0, ip, lsr 15",1
svclt 0x15108,1
invalid,1
"andeq r0, r0, ip, lsl 1",1
"andeq r7, r4, r1, lsl 4",1
"subseq r1, sl, r0, lsl 14",1
invalid,1
"strne r0, [r0, -r0]",1
"andeq r0, r0, sl, asr r0",1
invalid,1
"streq r0, [r0, -r7, lsr 32]",1
bpl 0x4febc,1
invalid,1
"andeq r0, r0, fp, lsl 9",1
"andeq lr, r3, r7, lsl r2",1
"tsteq sl, r0",1
"strdeq r0, r1, [r0], -sl",1
"stmdbls r1, {r0, r3, sb, ip, sp}",1
invalid,1
"subseq r0, sl, r6, lsl 8",1
invalid,1
"andeq r0, r0, 4",1
"andseq sl, r8, r0",1
"cdpeq p4, 0, c0, c1, c0, 0",1
invalid,1
"ldrdeq r2, r3, [r0], -r3",1
"andeq r0, r0, fp, ror 3",1
"strheq sp, [r0], -r8",1
"andeq sp, r0, r8, lsl r1",1
"andeq r1, r0, r5, lsr 15",1
"andeq fp, r5, r2, lsl 18",1
"sbcslo r0, r5, r0, lsl 4",1
"movweq r0, 0",1
"eoreq r0, r4, r4, lsl 14",1
"mrseq r0, apsr",1
"andeq r3, r0, r8, lsl 2",1
"streq r0, [r2, -r0, lsl 6]",1
"andeq r0, r0, pc, lsr r0",1
svcne 0x70403,1
"movweq r0, 0",1
"eorseq r0, r3, r1, lsl 12",1
"andeq r0, r3, 0",1
"andeq ip, r0, r5, lsl 22",1
"streq r0, [r4, -0x400]",1
"rsbseq r6, r4, sb, ror 28",1
"andeq r0, r5, r3, lsl 16",1
"movweq r0, 0",1
"andseq r0, sl, r8, lsl 14",1
svcne 0x20000,1
"movweq r0, 2",1
"andeq r6, r0, r7, lsr r1",1
"ldrbteq r0, [r3], -0x200",1
invalid,1
"andeq r0, r0, r5, lsl 1",1
"streq r0, [r5, -0x403]",1
"andeq r0, r0, 0",1
"andeq r0, r0, ip, lsr r6",1
"rsbeq r8, pc, r3, lsl 26",1
"streq r0, [r3], -0",1
"andeq sp, r0, r7, lsl 10",1
"streq r0, [r4], -r0, lsl 10",1
"andeq sl, r0, r4, lsl 12",1
"stmdaeq r1, {r8, sb}",1
"andeq r0, r0, sl, lsr r0",1
"andeq r5, r4, r2, lsl 20",1
"ldmdalt r0!, {sl}",1
"streq r0, [r0, -r0]",1
"andeq r0, r0, r6, asr r4",1
invalid,1
"stmdaeq r0, {r1}",1
"muleq r0, r3, sl",1
"subseq pc, sl, r5, lsl 14",1
"movwhs r0, 0x2000",1
"streq r0, [ip], -0x800",1
invalid,1
"andeq r0, r0, r0, lsr 1",1
"stmdaeq r4, {r1, r8, sb, sp}",1
"strheq r0, [r0], -r2",1
"adceq pc, r0, r5, lsl 26",1
"movwhs r0, 0x2000",1
"strbeq r0, [lr], -r8, lsl 16",1
"cdp2 p0, 0, c0, c5, c0, 0",1
"andeq r0, r0, r0, lsr 1",1
"stmdaeq ip, {r1, r8, sb, sp}",1
"andeq r0, r0, r4, lsr 14",1
"adceq pc, r0, r5, lsl 30",1
"movwhs r0, 0x2000",1
"rscseq r0, sb, 16, 18",1
"andeq r0, r5, r0",1
"andeq sl, r0, r1",1
"strtne r0, [r3], -0x200",1
"andeq sb, r6, sb, lsl 4",1
"mrseq r0, apsr",1
"andeq r0, r0, r0, lsr 1",1
"ldmdbeq r8, {r1, r8, sb, sp}",1
"andeq r0, r0, r4, asr 2",1
"andge r0, r1, r5, lsl 4",1
"andeq r0, r0, 0",1
"streq r1, [sb, -0xc23]",1
"streq r0, [r0, -5]",1
"adceq r0, r0, r3, lsl 2",1
"movwhs r0, 0x2000",1
"teqeq r7, 32, 18",1
"streq r0, [r5, -0]",1
"andeq sl, r0, r1",1
"strths r0, [r3], -0x200",1
"andeq sp, r6, sb, lsl 14",1
invalid,1
"andeq r0, r0, r0, lsr 1",1
"stmdbeq r8!, {r1, r8, sb, sp}",1
"andeq r0, r0, ip, asr r6",1
"andge r0, r1, r5, lsl 14",1
"andeq r0, r0, 0",1
blt 0x25a8ac,1
"streq r0, [r0, -4]",1
"adcseq r0, r1, 0x40000002",1
"movwhs r0, 0x2000",1
"rsceq r0, r7, r0, lsr sb",1
bleq 0x14f834,1
"andeq fp, r2, r1, lsl 14",1
"strtlo r0, [r3], -0x200",1
"andeq sl, r1, sb, lsl 6",1
"mrseq r0, apsr",1
"andeq r0, r0, sl, asr r0",1
"ldmdbeq r8!, {r1, r8, sb, sp}",1
"andeq r0, r0, r4, ror r3",1
bpl 0x53c68,1
"andeq r0, r0, 0",1
"stmdapl sb, {r0, r1, r5, sl, fp, ip, sp}",1
"streq r0, [r0, -2]",1
"rsbseq r0, sl, r3, lsl r1",1
"movwhs r0, 0x2000",1
"andeq r0, sb, 64, 18",1
"strne r0, [r5, -r0]",1
"andeq r3, r0, r1, lsl 28",1
"strtmi r0, [r3], -0x200",1
"andeq r5, r5, sb",1
"tsteq r8, r0, lsl 10",1
"andeq r0, r0, ip, asr 32",1
"stmdbeq r6, {r1, r8, sb, sp} ^",1
"andeq r0, r0, r2, lsl r1",1
"stclt p9, c1, [r1, -0x14]",1
"andeq r0, r0, 2",1
"cdpvs p7, 0, c4, c9, c3, 1",1
"streq r0, [r0, -3]",1
"sbceq r0, sp, 0x40000007",1
"movwhs r0, 0x2000",1
"subseq r0, ip, 72, 18",1
"strhs r0, [r5], -r0",1
"andeq r8, r0, r1, lsl 24",1
"eorpl r0, r3, r0, lsl 4",1
"andeq r7, r6, sb, lsl 12",1
invalid,1
"muleq r0, lr, r0",1
"ldmdbeq r8, {r1, r8, sb, sp} ^",1
"andeq r0, r0, sp, ror r6",1
"cdpls p0, 0, c3, c1, c5, 0",1
"andeq r0, r0, 0",1
"strhi r5, [sb], -0xc23",1
"streq r0, [r0, -6]",1
"addseq r0, lr, r1, lsr r1",1
"movwhs r0, 0x2000",1
"streq r0, [fp], r0, ror 18",1
"andlo r0, r5, 0",1
"andeq sb, r0, r1, lsl 28",1
"strtvs r0, [r3], -0x200",1
"andeq r8, r2, sb, lsl 24",1
"teqeq r3, r0, lsl 10",1
"andeq r0, r0, r5, lsr 32",1
"stmdbeq r8!, {r1, r8, sb, sp} ^",1
"andeq r0, r0, fp, lsr 7",1
bpl 0x5cd1c,1
"andeq r0, r0, 0",1
"andge r6, sb, r3, lsr 24",1
"streq r0, [r0, -6]",1
"sbcseq r0, r3, 0xc000000d",1
"movwhs r0, 0x2000",1
"andmi r0, sl, 0x70",1
"streq r0, [r0, -4]",1
"adcseq r0, pc, 0x26c0000",1
"streq r0, [ip, -0]",1
"andeq fp, r2, r1, lsr 3",1
"addseq r0, ip, 0, 16",1
"andge r0, r5, 0",1
"strheq r0, [r0], -r1",1
"stmdaeq r0, {r1, r8, sb, sp}",1
"andeq r0, r0, r1, lsl r3",1
"adcseq sl, r7, 0x14000000",1
"movwhs r0, 0x2000",1
"strteq r0, [lr], 0x804",1
"strge r0, [r5, -r0]",1
"andeq r0, r0, sl, asr r0",1
"andeq r2, r8, r2, lsl 6",1
"rsbseq r0, sl, 0x6000000",1
"streq r0, [r6], -0",1
"strheq r0, [r0], -r8",1
"andeq sl, r0, fp, lsl 12",1
"andeq ip, r2, r0, lsl 26",1
"addseq r0, r7, r0, lsl 24",1
"andeq r0, r0, r0",1
"rsbseq r0, r3, 0x6000000",1
"strge r0, [fp], -r0",1
"movw r0, 0",1
invalid,1
"muleq r0, r7, r0",1
"strvc r0, [r2, -0x27]",1
"streq r0, [r0], -4",1
"andeq r8, r0, ip, asr ip",1
"strbhs r0, [r0, r0, lsl 26]!",1
invalid,1
"movweq r0, 0x6101",1
"strvs r0, [lr], -r0",1
"stmdahs r1, {r4, r5, r6}",1
"andeq r0, r0, r6, lsl 6",1
"stcge p6, c0, [r4, -0]",1
svceq 0,1
"eoreq sl, r7, r1, lsl 2",1
"andeq r0, sp, 0, 12",1
"andeq r5, r0, r1, lsl 20",1
"sbcseq fp, r0, r0, lsl 16",1
"sbcseq r1, r1, r0, lsl 16",1
"subseq lr, r7, r0, lsl 8",1
invalid,1
ble 0x40f9d8,1
invalid,1
"andeq r0, r3, ip, ror r6",1
"subseq r1, r8, r0",1
"rsceq r1, lr, 0, 2",1
"rscle r0, r4, r0",1
invalid,1
"strls r0, [r1], -r0",1
"andeq r0, r0, sp, ror 6",1
"andeq pc, r2, r2, lsl fp",1
"subseq r2, r8, r0, lsl 28",1
"mrslo r1, sp_fiq",1
"biceq r0, r0, 0",1
"tsteq r4, r0",1
"rsbseq r0, r4, r0, asr r2",1
"rsbseq r0, sp, r4, lsl r2",1
"andeq r3, r0, r1, lsl 2",1
"sbcseq sp, r0, r5, lsl r0",1
"andeq lr, r3, r0, lsl 6",1
"andeq r8, r3, r0, lsl 2",1
"andpl r1, r1, r0, lsl 8",1
"andeq r7, r0, r2, lsl 8",1
"sbcseq lr, r0, r5, lsl r0",1
"andeq pc, r3, r0, lsl 22",1
"andeq sb, r3, r0, lsl 10",1
"andpl r1, r1, r0, lsl 8",1
"andeq r7, r0, r2, lsl 8",1
"sbcseq r1, r1, r3, lsl r0",1
"andeq pc, r3, r0, lsl 22",1
"andpl r1, r1, r0, lsl 8",1
"andeq r7, r0, r2, lsl 8",1
"sbceq r1, sl, 0, 12",1
invalid,1
"strheq r0, [r0], -r7",1
"ldmdale r6, {r0, r8}",1
"streq r0, [r0], -7",1
"andeq fp, r2, sb, lsr 15",1
"strne r0, [r1, -r0, lsl 2]",1
"eoreq r0, r8, r1, lsl 16",1
"tsteq sl, 0, 12",1
"andeq r5, r0, r1, lsl 20",1
invalid,1
"ldreq r0, [r8], -r0",1
"stmdane r0, {r0, r1}",1
"andeq r0, r0, r3, ror 5",1
"andeq r5, r0, r8, lsl sl",1
"tsteq sb, r0",1
"muleq r0, r6, r7",1
bpl 0x5c6b4,1
invalid,1
"strdeq r0, r1, [r0], -fp",1
"andeq r0, r3, r8, lsl r6",1
"tsteq sl, r0",1
"andeq r2, r0, r5, lsr 15",1
bpl 0x8c2c0,1
invalid,1
"andeq r0, r3, r8, lsl r6",1
"cdpeq p0, 0, c0, c0, c0, 0",1
"andeq r0, r0, 4",1
"andseq r0, sl, r0, lsl 26",1
"cdpeq p4, 0, c0, c1, c0, 0",1
invalid,1
"andeq r2, r0, r3, lsl r8",1
"andeq r0, r0, fp, ror 3",1
"andeq sp, r0, r8, lsl r1",1
"andeq sp, r0, ip, asr 3",1
"muleq r0, r8, r8",1
bne 0x1d1aec,1
"movweq r0, 0",1
"strheq r0, [r0], -sb",1
"eorseq sp, r7, r2, lsl 10",1
"streq r0, [r2], -0",1
"andeq r2, r0, r7, lsl 8",1
"stmdaeq r1, {sb}",1
"andeq r0, r0, r1, lsr r0",1
svclo 0x70202,1
"andeq r0, r0, 0",1
"andseq r0, pc, r4, lsl 14",1
invalid,1
"andeq r3, r0, r6, lsl 6",1
"streq r0, [r2, -0x200]",1
"andeq r0, r0, fp, asr 1",1
"stmdbvs r5, {r2, sl}",1
"andeq r7, r0, 0x6e000000",1
"andeq r0, r0, r8, lsl 10",1
svcne 0x30000,1
"movweq r0, 2",1
"andeq r6, r0, r7, lsr r8",1
"ldrbteq r0, [r3], -0x300",1
invalid,1
"andeq r0, r0, r5, lsl 1",1
"streq r0, [r5, -0x402]",1
"movweq r0, 0",1
"andeq r0, r0, ip, lsr r6",1
"rsbeq r8, pc, r3, lsl 26",1
"streq r0, [r2], -0",1
"andeq sp, r0, r7, lsl 10",1
"streq r0, [r4], -r0, lsl 10",1
"andeq sl, r0, r4, lsl 12",1
"stmdaeq r1, {sb}",1
"andeq r0, r0, sl, lsr r0",1
"andeq r5, r4, r3, lsl 20",1
"ldmdalt r0!, {sl}",1
"streq r0, [r0, -r0]",1
"andeq r0, r0, r6, asr r4",1
invalid,1
"stmdaeq r0, {r1}",1
"muleq r0, r3, sl",1
"rsbeq pc, r1, r5, lsl 14",1
"movwhs r0, 0x2000",1
"streq r0, [ip], -0x800",1
invalid,1
"andeq r0, r0, r0, lsr 1",1
"stmdaeq r4, {r1, r8, sb, sp}",1
"strheq r0, [r0], -r2",1
"adceq pc, r0, r5, lsl 26",1
"movwhs r0, 0x2000",1
"strbeq r0, [lr], -r8, lsl 16",1
"cdp2 p0, 0, c0, c5, c0, 0",1
"andeq r0, r0, r0, lsr 1",1
"stmdaeq ip, {r1, r8, sb, sp}",1
"andeq r0, r0, r4, lsr 14",1
"adceq pc, r0, r5, lsl 30",1
"movwhs r0, 0x2000",1
"rscseq r0, sb, 16, 18",1
"andeq r0, r5, r0",1
"andeq sl, r0, r1",1
"strtne r0, [r3], -0x200",1
"andeq sb, r6, sb, lsl 4",1
"mrseq r0, apsr",1
"andeq r0, r0, r0, lsr 1",1
"ldmdbeq r8, {r1, r8, sb, sp}",1
"andeq r0, r0, r4, asr 2",1
"andge r0, r1, r5, lsl 4",1
"andeq r0, r0, 0",1
"streq r1, [sb, -0xc23]",1
"streq r0, [r0, -5]",1
"adceq r0, r0, r3, lsl 2",1
"movwhs r0, 0x2000",1
"teqeq r7, 32, 18",1
"streq r0, [r5, -0]",1
"andeq sl, r0, r1",1
"strths r0, [r3], -0x200",1
"andeq sp, r6, sb, lsl 14",1
invalid,1
"andeq r0, r0, r0, lsr 1",1
"stmdbeq r8!, {r1, r8, sb, sp}",1
"andeq r0, r0, ip, asr r6",1
"andge r0, r1, r5, lsl 14",1
"andeq r0, r0, 0",1
blt 0x25acbc,1
"streq r0, [r0, -4]",1
"adcseq r0, r1, 0x40000002",1
"movwhs r0, 0x2000",1
"rsceq r0, r7, r0, lsr sb",1
bleq 0x14fc44,1
"andeq fp, r2, r1, lsl 14",1
"strtlo r0, [r3], -0x200",1
"andeq sl, r1, sb, lsl 6",1
"mrseq r0, apsr",1
"andeq r0, r0, r1, rrx",1
"ldmdbeq r8!, {r1, r8, sb, sp}",1
"andeq r0, r0, r4, ror r3",1
"mrsvs r1, apsr",1
"andeq r0, r0, 0",1
"stmdapl sb, {r0, r1, r5, sl, fp, ip, sp}",1
"streq r0, [r0, -2]",1
"rsbseq r0, sl, r3, lsl r1",1
"movwhs r0, 0x2000",1
"andeq r0, sb, 64, 18",1
"strne r0, [r5, -r0]",1
"andeq r4, r0, r1, lsl 10",1
"strtmi r0, [r3], -0x200",1
"andeq r5, r5, sb",1
"tsteq r8, r0, lsl 10",1
"andeq r0, r0, r3, asr r0",1
"stmdbeq r6, {r1, r8, sb, sp} ^",1
"andeq r0, r0, r2, lsl r1",1
"stclt p9, c1, [r1, -0x14]",1
"andeq r0, r0, 2",1
"cdpvs p7, 0, c4, c9, c3, 1",1
"streq r0, [r0, -3]",1
"sbceq r0, sp, 0x40000007",1
"movwhs r0, 0x2000",1
"subseq r0, ip, 72, 18",1
"strhs r0, [r5], -r0",1
"andeq r8, r0, r1, lsl 24",1
"eorpl r0, r3, r0, lsl 4",1
"andeq r7, r6, sb, lsl 12",1
invalid,1
"muleq r0, lr, r0",1
"ldmdbeq r8, {r1, r8, sb, sp} ^",1
"andeq r0, r0, sp, ror r6",1
"cdpls p0, 0, c3, c1, c5, 0",1
"andeq r0, r0, 0",1
"strhi r5, [sb], -0xc23",1
"streq r0, [r0, -6]",1
"addseq r0, lr, r1, lsr r1",1
"movwhs r0, 0x2000",1
"streq r0, [fp], r0, ror 18",1
"andlo r0, r5, 0",1
"andeq sb, r0, r1, lsl 28",1
"strtvs r0, [r3], -0x200",1
"andeq r8, r2, sb, lsl 24",1
"teqeq r3, r0, lsl 10",1
"andeq r0, r0, ip, lsr 32",1
"stmdbeq r8!, {r1, r8, sb, sp} ^",1
"andeq r0, r0, fp, lsr 7",1
"mrsvs r3, apsr",1
"andeq r0, r0, 0",1
"andge r6, sb, r3, lsr 24",1
"streq r0, [r0, -6]",1
"sbcseq r0, r3, 0xc000000d",1
"movwhs r0, 0x2000",1
"andmi r0, sl, 0x70",1
"streq r0, [r0, -4]",1
"adcseq r0, pc, 0x26c0000",1
"streq r0, [ip, -0]",1
"andeq fp, r2, r1, lsr 3",1
"addseq r0, ip, 0, 16",1
"andge r0, r5, 0",1
"strheq r0, [r0], -r1",1
"stmdaeq r0, {r1, r8, sb, sp}",1
"andeq r0, r0, r1, lsl r3",1
"adcseq sl, r7, 0x14000000",1
"movwhs r0, 0x2000",1
"strteq r0, [lr], 0x804",1
"strge r0, [r5, -r0]",1
"andeq r0, r0, r1, rrx",1
"andeq r2, r8, r2, lsl 6",1
"rsbseq r0, sl, 0x6000000",1
"streq r0, [r6], -0",1
"strheq r0, [r0], -r8",1
"andeq sl, r0, fp, lsl 12",1
"andeq ip, r2, r0, lsl 26",1
"addseq r0, r7, r0, lsl 24",1
"andeq r0, r0, r0",1
"rsbseq r0, r3, 0x6000000",1
"strge r0, [fp], -r0",1
"movw r0, 0",1
invalid,1
"muleq r0, r7, r0",1
"strvc r0, [r3, -0x27]",1
"streq r0, [r0], -4",1
"andeq r8, r0, ip, asr ip",1
"stmdaeq r1, {r8, sl, fp}",1
"streq r0, [r0], -r8, lsr 32",1
invalid,1
invalid,1
invalid,1
"ldrdmi r0, r1, [r0, -r1]",1
"qaddeq r0, r8, r0",1
"andeq r0, r0, lr, lsl 7",1
"rsbseq r6, r0, lr, lsl 12",1
"orreq r1, lr, 0x100",1
invalid,1
"stcpl p0, c0, [0x0000fdd8]",1
invalid,1
"andeq lr, r2, ip, lsl r3",1
"subseq sl, r8, r0, lsl 2",1
"stmdahs r0!, {ip}",1
invalid,1
"andeq r0, r0, r1, rrx",1
invalid,1
"andeq r0, r0, r0, lsl 6",1
"andeq r0, r0, r6, ror r3",1
invalid,1
"cmn r3, 0, 2",1
"stmdbgt r0, {r1}",1
"movwne r0, 0x58",1
"andeq sp, r0, r0, ror 2",1
"andeq r0, r0, lr, lsr 7",1
"andeq r0, r0, r4, ror 6",1
"subseq r0, r0, 20, 2",1
"strne r0, [r0, -0x76]",1
"andeq sp, r0, r0, ror r1",1
"andeq r0, r0, r7, asr 7",1
"rsbseq r0, sp, r4, lsl r2",1
"andeq r7, r0, r2, lsl 14",1
invalid,1
invalid,1
"tsteq r4, r0",1
"rsbseq r0, r6, r0, asr r2",1
"rsbseq r0, sp, r4, lsl r2",1
"andeq r7, r0, r2, lsl 14",1
"stcge p6, c0, [r4, -0]",1
"strne r0, [r0], -r0",1
"andeq r0, r0, sl, asr 5",1
"adcseq sl, r7, 4, 16",1
"mrseq r0, apsr",1
"andeq sp, r7, r6, lsl r8",1
"strlt r0, [sb, r0, lsl 8]!",1
invalid,1
"strge r1, [r1], -0x701",1
"streq r0, [r0], -1",1
"qaddvs r0, sl, r1",1
invalid,1
"andeq r0, r0, r7, asr 7",1
"andeq r8, r3, r8, lsl lr",1
"tsteq sb, r0",1
"andeq r2, r0, ip, lsr 15",1
svclt 0x15107,1
invalid,1
"andeq r0, r0, ip, lsl 1",1
"andeq lr, r3, r1, lsl 28",1
"rsbeq r1, r1, r0, lsl 16",1
invalid,1
invalid,1
"andeq r0, r0, r1, rrx",1
invalid,1
"streq r0, [r0], -0x28",1
"stmdahs r7!, {r0, r2, r3, r8, sb}",1
"mrsvs r0, apsr",1
invalid,1
"andeq r8, r3, r8, lsl lr",1
"addeq r1, ip, r0, lsl 16",1
"tstvs r8, r0",1
"andeq r0, r0, r0",1
"andeq lr, r0, r0, lsl 16",1
"cdpvc p2, 0, c0, c0, c0, 0",1
"streq r0, [r0], -0x1b",1
"andseq r8, sb, r1, lsl 12",1
"sbcseq ip, r1, r0, lsl 24",1
"sbcseq sb, r2, r0, lsl 8",1
svcvs 0x682f00,1
bvs 0xbe94a0,1
blvs 0x1cad478,1
"stmdbvc pc!, {r0, r2, r5, r6, sl, ip, sp, lr}",1
svcvs 0x74636f,1
"ldmdbvs r5!, {r0, r1, r2, r3, r5, sb, sp, lr} ^",1
"strtvc r6, [pc], -0x46c",1
"strvc r7, [pc, -sp, rrx]!",1
"stclhs p2, c7, [fp, -0x1bc]!",1
"rsbvc r6, r1, 0x730000",1
"strvs r6, [pc, -r5, ror 8]!",1
"strtlo r6, [sp], -0x363",1
"eorlo r3, lr, 0xb80000",1
"eorslo r7, r2, sp, lsr 4",1
invalid,1
"strlo r3, [lr, -sp, lsr 8]!",1
"stcvs p2, c3, [pc], -0xb8",1
invalid,1
svcvs 0x632f63,1
"strbvs r6, [sb, -lr, ror 12]!",1
"ldclvs p1, c6, [r2, -0xbc]!",1
"rsbvs r6, sb, 0x2f00",1
"mrcvs p6, 3, r6, c5, c1, 1",1
invalid,1
svcvs 0x682f00,1
bvs 0xbe9500,1
blvs 0x1cad4d8,1
"stmdbvc pc!, {r0, r2, r5, r6, sl, ip, sp, lr}",1
svcvs 0x74636f,1
"ldmdbvs r5!, {r0, r1, r2, r3, r5, sb, sp, lr} ^",1
"strtvc r6, [pc], -0x46c",1
"strvc r7, [pc, -sp, rrx]!",1
svchs 0x6b726f,1
"strbtvc r7, [sp], -r1, ror 4",1
"qasxvc r6, sp, r7",1
"cdpvs p0, 2, c7, c13, c6, 3",1
"stclhs p15, c6, [lr, -0x194]!",1
"stmdbvc fp!, {r4, r5, r6, r8, sb, sl, fp, sp, lr} ^",1
"cdpvs p12, 6, c6, c9, c13, 1",1
invalid,1
invalid,1
"stcvs p9, c6, [pc], -0x188",1
invalid,1
"cdphs p15, 3, c2, c4, c3, 3",1
"ldchs p14, c2, [r2, -0xdc]!",1
svchs 0x303272,1
"stclvs p5, c7, [sb], -0x188",1
"stmdbvs ip!, {r2, r5, r6, r8, sb, sl, fp, sp} ^",1
invalid,1
"strbpl r4, [lr, -0x700]",1
"subshs r4, r3, r0, lsr 2",1
"teqlo r2, 0x320",1
invalid,1
"andeq lr, r0, r0, lsl 9",1
"andls r0, r0, 0, 4",1
"streq r0, [r0], -0x1b",1
"andseq r3, sl, r1, lsl 20",1
"sbcseq sb, r2, r0, lsl 8",1
"sbcseq sp, r2, r0",1
svcvs 0x682f00,1
bvs 0xbe958c,1
blvs 0x1cad564,1
"stmdbvc pc!, {r0, r2, r5, r6, sl, ip, sp, lr}",1
svcvs 0x74636f,1
"ldmdbvs r5!, {r0, r1, r2, r3, r5, sb, sp, lr} ^",1
"strtvc r6, [pc], -0x46c",1
"strvc r7, [pc, -sp, rrx]!",1
"stclhs p2, c7, [fp, -0x1bc]!",1
"rsbvc r6, r1, 0x730000",1
"strvs r6, [pc, -r5, ror 8]!",1
"strtlo r6, [sp], -0x363",1
"eorlo r3, lr, 0xb80000",1
"eorslo r7, r2, sp, lsr 4",1
invalid,1
"strlo r3, [lr, -sp, lsr 8]!",1
"stcvs p2, c3, [pc], -0xb8",1
invalid,1
svcvs 0x632f63,1
"strbvs r6, [sb, -lr, ror 12]!",1
"ldclvs p1, c6, [r2, -0xbc]!",1
"cmnvs r0, pc, lsr 4",1
invalid,1
svcvs 0x682f00,1
bvs 0xbe95e8,1
blvs 0x1cad5c0,1
"stmdbvc pc!, {r0, r2, r5, r6, sl, ip, sp, lr}",1
svcvs 0x74636f,1
"ldmdbvs r5!, {r0, r1, r2, r3, r5, sb, sp, lr} ^",1
"strtvc r6, [pc], -0x46c",1
"strvc r7, [pc, -sp, rrx]!",1
svchs 0x6b726f,1
"strbtvc r7, [sp], -r1, ror 4",1
"qasxvc r6, sp, r7",1
"cdpvs p0, 2, c7, c13, c6, 3",1
"stclhs p15, c6, [lr, -0x194]!",1
"stmdbvc fp!, {r4, r5, r6, r8, sb, sl, fp, sp, lr} ^",1
"cdpvs p12, 6, c6, c9, c13, 1",1
invalid,1
invalid,1
"stcvs p9, c6, [pc], -0x188",1
invalid,1
"cdphs p15, 3, c2, c4, c3, 3",1
"ldchs p14, c2, [r2, -0xdc]!",1
svchs 0x303272,1
"stclvs p5, c7, [sb], -0x188",1
"stmdbvs ip!, {r2, r5, r6, r8, sb, sl, fp, sp} ^",1
invalid,1
"strbpl r4, [lr, -0x700]",1
"subshs r4, r3, r0, lsr 2",1
"teqlo r2, 0x320",1
invalid,1
"andeq lr, r0, r0, lsl 17",1
"strge r0, [r0], -r0, lsl 4",1
"streq r0, [r0], -0x1b",1
"andseq ip, sl, r1, lsl 30",1
"sbcseq sp, r2, r0",1
"sbcseq lr, r2, r0",1
svcvs 0x682f00,1
bvs 0xbe9674,1
blvs 0x1cad64c,1
"stmdbvc pc!, {r0, r2, r5, r6, sl, ip, sp, lr}",1
svcvs 0x74636f,1
"ldmdbvs r5!, {r0, r1, r2, r3, r5, sb, sp, lr} ^",1
"strtvc r6, [pc], -0x46c",1
"strvc r7, [pc, -sp, rrx]!",1
"stclhs p2, c7, [fp, -0x1bc]!",1
"rsbvc r6, r1, 0x730000",1
"strvs r6, [pc, -r5, ror 8]!",1
"strtlo r6, [sp], -0x363",1
"eorlo r3, lr, 0xb80000",1
"eorslo r7, r2, sp, lsr 4",1
invalid,1
"strlo r3, [lr, -sp, lsr 8]!",1
"stcvs p2, c3, [pc], -0xb8",1
invalid,1
svcvs 0x632f63,1
"strbvs r6, [sb, -lr, ror 12]!",1
"ldclvs p1, c6, [r2, -0xbc]!",1
"rsbvs r6, sb, 0x2f00",1
"mrcvs p6, 3, r6, c5, c1, 1",1
invalid,1
svcvs 0x682f00,1
bvs 0xbe96d4,1
blvs 0x1cad6ac,1
"stmdbvc pc!, {r0, r2, r5, r6, sl, ip, sp, lr}",1
svcvs 0x74636f,1
"ldmdbvs r5!, {r0, r1, r2, r3, r5, sb, sp, lr} ^",1
"strtvc r6, [pc], -0x46c",1
"strvc r7, [pc, -sp, rrx]!",1
svchs 0x6b726f,1
"strbtvc r7, [sp], -r1, ror 4",1
"qasxvc r6, sp, r7",1
"cdpvs p0, 2, c7, c13, c6, 3",1
"stclhs p15, c6, [lr, -0x194]!",1
"stmdbvc fp!, {r4, r5, r6, r8, sb, sl, fp, sp, lr} ^",1
"cdpvs p12, 6, c6, c9, c13, 1",1
invalid,1
invalid,1
"stcvs p9, c6, [pc], -0x188",1
invalid,1
"cdphs p15, 3, c2, c4, c3, 3",1
"ldchs p14, c2, [r2, -0xdc]!",1
svchs 0x303272,1
"stclvs p5, c7, [sb], -0x188",1
"stmdbvs ip!, {r2, r5, r6, r8, sb, sl, fp, sp} ^",1
invalid,1
"strbpl r4, [lr, -0x700]",1
"subshs r4, r3, r0, lsr 2",1
"teqlo r2, 0x320",1
invalid,1
"andeq r6, r1, r0, lsl 25",1
blt 0x10994,1
"streq r0, [r0], -0x1b",1
"andeq r0, r0, r1, lsl 28",1
"ldmdahs sb, {r8} ^",1
"rscle r0, r0, 0",1
"cmple r8, 0",1
blne 0x19501ac,1
invalid,1
"andeq r1, r0, r7, lsl 20",1
"strlt r0, [r1, -0x300]",1
invalid,1
"adceq r0, r7, r3, lsr 2",1
"rscle r0, r0, 0",1
"tstle ip, 0",1
invalid,1
"strge r0, [r1, -r0]",1
"streq r0, [r0], -0",1
"movwhs r0, 0x1061",1
"andeq r0, r0, r7, lsr 1",1
"andeq r5, r0, r1, lsl sb",1
invalid,1
"andeq sl, r0, r4, lsr 14",1
"subseq r3, sb, r0, lsl 18",1
"stmdahs pc, {r8, sl} ^",1
"strhs r0, [r1, -0]",1
"andeq r0, r0, lr, lsr 1",1
"streq sb, [r0], -r2, lsl 2",1
"ldrdeq r2, r3, [r0], -r4",1
"adceq r2, r7, r1, lsl 14",1
"andpl r0, r6, r0",1
"cmpls r1, 0x93000000",1
"rscsle r0, r8, 4, 14",1
"teqeq sb, r0",1
"streq r0, [r8], -r0",1
"movwpl sb, 0x4352",1
"vqshl.u8 d0, d3, d21",1
invalid,1
"cmpls r0, 8, 12",1
"ldreq r5, [r3], 0x104",1
invalid,1
"andeq r2, r0, r0, lsl 2",1
"andeq r0, r5, r2, lsl 16",1
invalid,1
"andeq sl, r0, r4, lsl 14",1
"stmdblo r1, {r8, sb}",1
invalid,1
"eoreq r0, r1, pc, lsr 2",1
"tstle ip, 0",1
"cmple r8, 0",1
invalid,1
"movwlo r0, 0x1000",1
"streq r0, [r0], -1",1
svchs 0x10061,1
"andeq r0, r0, r1, lsr 32",1
"andeq r5, r0, r1, lsl 19",1
invalid,1
"andeq r2, r0, r0, lsr r1",1
"subseq sl, sb, r0, lsl 18",1
"stmdahs pc, {r8, sl} ^",1
"mrslo r0, apsr",1
"andeq r0, r0, r3, lsr r1",1
"streq sb, [r0], -r2, lsl 2",1
"ldrdeq r2, r3, [r0], -r4",1
"eoreq r3, r1, r1, lsl 6",1
"andpl r0, r6, r0",1
"cmpls r1, 0x93000000",1
"teqle r4, 4, 14",1
"cmpeq r6, r0",1
"streq r0, [r8], -r0",1
"movwpl sb, 0x4352",1
"vqshl.u8 d0, d3, d21",1
invalid,1
"cmpls r0, 8, 12",1
"ldreq r5, [r3], 0x104",1
invalid,1
"andeq r2, r0, r0, lsl 2",1
"eoreq r0, r1, sb, lsl 8",1
invalid,1
"andeq r2, r0, r0, lsr r8",1
"strge r1, [r1, -r1, lsl 18]",1
invalid,1
"andeq r0, r0, r6, asr r1",1
"andeq sl, r0, fp, lsl 14",1
"adceq r0, r7, r0, lsl 22",1
invalid,1
"eoreq ip, r8, r1, lsl 20",1
"tsteq sl, r0, lsl 2",1
"andeq r0, r0, r1, lsr 32",1
"eoreq r0, r1, r1, lsl 22",1
"mrshs r0, apsr",1
"andeq r0, r0, r0",1
"andeq pc, r5, r0",1
svcvs 0x200,1
"streq r0, [r0], -0x1c",1
"andeq r0, r0, r1, lsl 28",1
"ldmhs r3!, {r8} ^",1
invalid,1
"cmple r8, 0",1
"strble r0, [r0, r0]!",1
blne 0xffe50320,1
invalid,1
"andeq r1, r0, r7, lsl 20",1
"streq r0, [r4, -0x300]",1
"rsbseq r6, r4, sb, ror 28",1
"strhs r0, [r7], -0x402",1
"andeq r0, r0, 0",1
"eorseq r0, r1, r1, lsl 16",1
"andeq r0, r2, 0",1
"andeq r3, r0, r7, lsl 30",1
"streq r0, [r4, -r0, lsl 4]",1
"andeq r0, r0, pc, lsl r0",1
"movwlo r0, 0x6102",1
"andeq r0, r0, 0",1
"sbceq r0, fp, r2, lsl 10",1
invalid,1
"andeq r0, r0, r5",1
"streq r0, [r4, -0x200]",1
"andeq r0, r0, r5",1
"strle r0, [r7, -0x402]",1
"andeq r0, r0, 0",1
"eorseq r0, sl, r1, lsl 16",1
"andeq r0, r4, r0",1
"andeq r0, r0, 0x2a",1
"andeq r2, r0, r2, lsl 25",1
"ldmibhs pc!, {sl} ^",1
"movwhi r0, 0x2000",1
"andeq r0, r0, r3, lsr r0",1
"eoreq sp, sb, r4, lsl 4",1
"stcpl p2, c0, [r6]",1
"streq r0, [r0], -0",1
"ldrdeq r2, r3, [r0], -r1",1
"eoreq r8, r5, r2, lsl 14",1
"streq r0, [r2], -0",1
"eoreq lr, r8, r4, lsl 26",1
"movweq r0, 0x8200",1
"andeq r2, r0, r5, ror 17",1
bl 0x1123bc,1
"andeq r0, r0, 0x29",1
"stmibhs r3!, {r4, r8, sb} ^",1
invalid,1
"stmdaeq r0, {r0, r3, r5}",1
"stc p4, c14, [r1, -8]",1
"streq r0, [r0], -r0",1
"rsbseq r6, r7, ip, ror 30",1
"stmdbvc r1, {r1, sl, sp, lr, pc}",1
"andeq r0, r0, 0",1
"strlt r0, [r7], -0x23",1
"andeq r0, r0, 0x29",1
"rsbseq r0, sb, r4, ror 3",1
"movwhs r0, 0x2000",1
"stmdaeq r8, {r2}",1
invalid,1
"stmdbeq r0, {r0}",1
"stc p0, c0, [r2, -0x1cc]",1
"andeq ip, r0, r1, lsl 2",1
"stclvs p9, c0, [ip], -0",1
invalid,1
"andeq r0, r0, pc, lsl 1",1
"ldmhs sp, {sb, fp} ^",1
svc 0x20000,1
"andeq lr, r0, r1, lsl 26",1
"ldmibhs r2!, {r8, sb, fp} ^",1
invalid,1
"addseq r0, sl, r3, lsl 2",1
"cdpvc p0, 0, c0, c3, c0, 0",1
invalid,1
"stmdahi r1, {r1, r2, r3, r5, r6}",1
"andeq sb, r0, r3, lsl 20",1
"rsbeq r0, r4, r0, lsl 24",1
bls 0xf243c,1
invalid,1
invalid,1
"cmneq lr, 136, 6            ; 0x88",1
"cdpvs p0, 0, c0, c13, c0, 0",1
bhi 0x50604,1
"andeq r8, r3, r3, lsl 8",1
"strbtvs r0, [r4], -0xd00",1
"orreq r0, fp, 0, 2",1
"andeq r0, r0, r4, lsl 7",1
"rsbseq r7, r2, sp, lsl 4",1
invalid,1
"stceq p0, c0, [r0, -4]",1
invalid,1
"addeq r0, r4, sp, lsl 7",1
"strvs r0, [sp], -0",1
"stchi p0, c0, [r1, -0xc4]",1
"andeq r8, r0, r3, lsl 8",1
"rsblo r0, lr, r0, lsl 26",1
"orreq r0, sp, 0, 2",1
"andeq r0, r0, r4, lsl 1",1
"eorseq r6, r1, sp, lsl 28",1
"strhi r8, [r3], -0xd01",1
"stceq p0, c0, [r0, -0]",1
invalid,1
"addeq r0, r4, sp, lsl 7",1
"mrsvc r0, apsr",1
"mcrhi p0, 0, r0, c1, c0, 1",1
"andeq r8, r0, r3, lsl 8",1
"cmnlo r1, r0, lsl 26",1
"orreq r0, lr, 0, 2",1
"andeq r0, r0, r4, lsl 1",1
invalid,1
"addeq r0, r4, pc, lsl 7",1
"andvs r0, sp, 0",1
svchi 0x1006d,1
"andeq r8, r0, r3, lsl 8",1
"ldrbvc r0, [r7, -r0, lsl 26]!",1
"ldrbeq r0, [r8], -0x100",1
"andeq r0, r0, r4, lsl 7",1
"andeq r3, r2, lr, lsl 2",1
"stmdbhs fp, {r8, sb, sl, fp} ^",1
blgt 0x504e0,1
"andeq r8, r0, r3, lsl 8",1
"stmdbhs r6, {r8, sb, sl, fp} ^",1
blgt 0x504ec,1
"andeq r8, r0, r3, lsl 8",1
"ldmibhs lr, {r8, sb, sl, fp} ^",1
blgt 0x504f8,1
"andeq r8, r0, r3, lsl 8",1
"ldmibhs sb, {r8, sb, sl, fp} ^",1
blgt 0x50504,1
"andeq r8, r0, r3, lsl 8",1
bhs 0x31410c,1
blgt 0x50510,1
"andeq r8, r0, r3, lsl 8",1
bhs 0x1d4118,1
blgt 0x5051c,1
"andeq r8, r0, r3, lsl 8",1
svcpl 0x5f0d00,1
blgt 0x506dc,1
"andeq r8, r0, r3, lsl 8",1
blhi 0x390530,1
svceq 2,1
"andeq r2, r0, fp, asr 18",1
"strhi pc, [r3], -1",1
svceq 0,1
"andeq r2, r0, r6, asr 18",1
"strhi pc, [r3], -1",1
svceq 0,1
"ldrdeq r2, r3, [r0], -lr",1
"strhi pc, [r3], -1",1
svceq 0,1
"ldrdeq r2, r3, [r0], -sb",1
"strhi pc, [r3], -1",1
svceq 0,1
"andeq r2, r0, ip, lsl 20",1
"strhi pc, [r3], -1",1
svceq 0,1
"andeq r2, r0, r7, lsl 20",1
"strhi pc, [r3], -1",1
"stceq p0, c0, [r0, -0]",1
"rsbeq r5, sp, pc, asr pc",1
"strhi pc, [r3], -1",1
"andeq r0, r0, r0",1
"andeq lr, r2, lr, lsl 10",1
"stmdbhs fp, {r8, sb, sl, fp} ^",1
invalid,1
"andeq r8, r0, r3, lsl 8",1
"stmdbhs r6, {r8, sb, sl, fp} ^",1
invalid,1
"andeq r8, r0, r3, lsl 8",1
"ldmibhs lr, {r8, sb, sl, fp} ^",1
invalid,1
"andeq r8, r0, r3, lsl 8",1
"ldmibhs sb, {r8, sb, sl, fp} ^",1
invalid,1
"andeq r8, r0, r3, lsl 8",1
bhs 0x3141c0,1
invalid,1
"andeq r8, r0, r3, lsl 8",1
bhs 0x1d41cc,1
invalid,1
"andeq r8, r0, r3, lsl 8",1
svcpl 0x5f0d00,1
invalid,1
"andeq r8, r0, r3, lsl 8",1
"ldceq p0, c0, [r0, -0]",1
invalid,1
"addeq r0, r4, r6, lsr r4",1
"stcvs p0, c0, [sp, -0]",1
invalid,1
"andeq r8, r0, r4, lsl 8",1
"cmpeq r6, 0, 28",1
blmi 0x3d0600,1
invalid,1
"addeq r0, r4, r1, asr 8",1
"strmi r0, [pc], -r0",1
invalid,1
"addeq r0, r4, r1, asr 8",1
"cdple p0, 0, c0, c15, c0, 0",1
invalid,1
"addeq r0, r4, r1, asr 8",1
invalid,1
invalid,1
"addeq r0, r4, r1, asr 8",1
invalid,1
invalid,1
"addeq r0, r4, r1, asr 8",1
"streq r0, [0x0001063c]",1
invalid,1
"addeq r0, r4, r1, asr 8",1
svcpl 0xd0000,1
"qaddeq r6, pc, r0",1
"addeq r0, r4, r1, asr 8",1
"andne r0, r0, r0",1
"eoreq fp, sb, pc, lsl 18",1
"strbeq r0, [r2], -0x100",1
"andeq r0, r0, r4, lsl 1",1
"eoreq fp, sb, pc, lsl 28",1
"strbeq r0, [r2], -0x100",1
"andeq r0, r0, r4, lsl 1",1
"eoreq ip, sb, pc, lsl 6",1
"strbeq r0, [r2], -0x100",1
"andeq r0, r0, r4, lsl 1",1
invalid,1
"andeq sb, r0, r4, lsl 20",1
"mrseq r1, r12_fiq",1
"tsteq r3, r0",1
"andeq r2, r0, r0, lsr r8",1
invalid,1
"andeq r0, r0, pc, lsl 1",1
"andeq sp, r0, r8, asr r3",1
"andeq sp, r0, r0, ror 15",1
"ldrdeq r5, r6, [r0], -r1",1
"rsbseq r1, r5, r1, lsl 8",1
svchi 0x45f01,1
cps 0,1
"strne r0, [r0], -0x59",1
svcpl 0x10076,1
"andeq r8, r0, r4, lsl 30",1
"subseq r2, sl, r0, lsl 16",1
"rsbeq r1, r3, r0, lsl 10",1
"stmdbvc r4, {r0, r8, sp, lr}",1
svcpl 0,1
"strne r0, [r0, -0x5a]",1
invalid,1
invalid,1
bpl 0xfe2d06d8,1
"ldrvc r0, [r5], -r0",1
"movwvs r0, 0x1076",1
"andeq r0, r1, r4, lsl 24",1
"subseq lr, sl, r0, lsl 6",1
"rsbseq r1, r7, r0, lsl 12",1
svchi 0x46401,1
"streq r0, [r0], -r0",1
"movwpl sb, 0x4352",1
"ldmdane r7, {r0, r1, r4, r7, sl}",1
"stmdage r0, {r0}",1
"stmdane r0, {r0, r1, r4, r6, r7}",1
invalid,1
"cdplo p4, 1, c0, c8, c13, 3",1
"andeq r0, r0, r1",1
"andeq r3, r1, sb, lsl r4",1
"subseq r5, fp, r0, lsl 22",1
invalid,1
blpl 0xff0d0720,1
"andslo r0, sl, r0",1
blne 0x10734,1
"andeq r0, r0, sb, asr 2",1
"andeq r5, r1, fp, lsl r4",1
"cmpeq pc, r0, lsl 22",1
bvs 0x710738,1
blhs 0x10740,1
invalid,1
"andeq r0, r0, r5, ror r1",1
"andeq r5, r0, r5, ror ip",1
"andeq r8, r1, ip, lsl r0",1
"subseq fp, ip, r0, lsl 30",1
"orreq r1, fp, r0, lsl 24",1
"ldcpl p0, c0, [sb, -0]",1
"ldrls r0, [ip], -r0",1
bls 0x10764,1
invalid,1
"andeq r0, r0, r1, lsr 3",1
"andeq r5, r0, r3, asr 27",1
"andeq sl, r1, ip, lsl ip",1
"subseq pc, sp, r0, lsl 14",1
invalid,1
"cdppl p0, 2, c0, c13, c0, 0",1
"tstgt ip, r0",1
blhi 0x10788,1
blne 0x10900,1
"andeq r0, r0, ip, asr 3",1
"sbcseq lr, r3, sp, lsl r0",1
"sbcseq r8, r4, r0, lsl 16",1
"andeq sp, r4, r0, lsl 24",1
"bicseq r1, ip, r0, lsl 24",1
"cdppl p0, 0xe, c0, c0, c0, 0",1
invalid,1
"vhadd.u8 d0, d0, d1",1
invalid,1
"strdeq r0, r1, [r0], -r4",1
"andeq r5, r0, r7, lsl pc",1
"andeq r0, r2, ip, lsl r0",1
"subseq r3, pc, r0, lsl 10",1
"andeq r1, ip, 0, 24",1
svcpl 0x530000,1
invalid,1
"strge r0, [r0], -r2",1
invalid,1
"andeq r0, r0, r4, lsr 4",1
"andeq r5, r0, pc, asr 31",1
"movteq r1, 0x8e00",1
"streq r0, [r5, -0]!",1
"ldrlo r0, [ip], -r0",1
"stc p0, c0, [r0, -8]",1
invalid,1
"andeq r0, r0, r2, asr 4",1
"andeq r6, r0, r0",1
"andeq r4, r2, ip, lsl lr",1
"rsbeq r2, r0, r0, lsl 8",1
"subseq r1, sl, 0, 24",1
"subvs r0, r2, r0",1
"ldrvs r0, [ip], -r0",1
"andvs r0, r0, r2",1
invalid,1
"andeq r0, r0, r2, ror r2",1
"strheq r6, [r0], -r3",1
"andeq r7, r2, ip, lsl lr",1
"rsbeq r0, r1, r0, lsl 30",1
"andshi r0, sp, r0",1
"ldrdlo r0, r1, [r0], -r5",1
"andvc r0, r0, 0xd6",1
invalid,1
"muleq r0, r0, r2",1
"andeq r6, r0, sp, lsr 2",1
"andeq sb, r2, ip, lsl ip",1
"rsbeq r4, r1, r0",1
"adceq r1, r8, 0, 24",1
invalid,1
"ldrlt r0, [ip], -0",1
"andhi r0, r0, 2",1
invalid,1
"andeq r0, r0, r0, asr 5",1
"andeq r6, r0, r0, lsr 3",1
"andeq ip, r2, ip, lsl ip",1
"rsbeq sp, r1, r0, lsl 30",1
"sbcseq r1, r8, 0, 24",1
"andsvs r0, r3, 0",1
svcne 0,1
"andeq sp, r0, r4, ror 12",1
"strheq sp, [r0], -r0",1
"andeq lr, r2, ip, lsl r6",1
"rsbeq r3, r2, r0, lsl 2",1
"rscseq r1, r1, 0, 24",1
"subvs r0, r4, 0",1
invalid,1
"strle r0, [r0], -r3",1
invalid,1
"andeq r0, r0, r1, lsl 6",1
"andeq r6, r0, r7, asr r2",1
"andeq r0, r3, ip, lsl sp",1
"rsbeq r6, r2, r0, lsl 20",1
"tsteq sb, 0, 24",1
"addvs r0, lr, 0",1
"ldrhs r0, [ip, -0]",1
"strlt r0, [r0, -r3]",1
invalid,1
"andeq r0, r0, r1, lsr r3",1
"ldrdeq r6, r7, [r0], -r5",1
"andeq r3, r3, ip, lsl sp",1
"rsbeq r2, r3, r0, lsl 20",1
"movteq r1, 0x9c00",1
"orrvs r0, r6, 0",1
svcne 0,1
"andeq sp, r0, r0, asr r7",1
"andeq sp, r0, r0, lsl 15",1
"andeq r5, r3, fp, lsl r7",1
invalid,1
svcvs 0x1b0000,1
"andeq r0, r0, r3",1
"andeq r0, r0, r0",1
"andeq fp, r5, r0, lsl 14",1
invalid,1
"streq r0, [r0], -0x1d",1
"andeq r0, r0, r1, lsl 28",1
"ldmhs r3!, {r8} ^",1
invalid,1
"strble r0, [r0, r0]!",1
blle 0xffb10910,1
"ldclne p0, c0, [sb], 0",1
invalid,1
"andeq r1, r0, r7, lsl 20",1
"streq r0, [r4, -0x300]",1
"rsbseq r6, r4, sb, ror 28",1
"strhs r0, [r7], -0x402",1
"andeq r0, r0, 0",1
"eorseq r0, r1, r1, lsl 16",1
"andeq r0, r2, 0",1
"andeq r3, r0, r7, lsl 30",1
"streq r0, [r4, -r0, lsl 4]",1
"andeq r0, r0, pc, lsl r0",1
"movwlo r0, 0x6102",1
"andeq r0, r0, 0",1
"sbceq r0, fp, r2, lsl 10",1
invalid,1
"andeq r0, r0, r5",1
"streq r0, [r4, -0x200]",1
"andeq r0, r0, r5",1
"strle r0, [r7, -0x402]",1
"andeq r0, r0, 0",1
"eorseq r0, sl, r1, lsl 16",1
"andeq r0, r4, r0",1
"andeq r0, r0, 0x2a",1
"andeq r2, r0, r2, lsl 25",1
"ldmibhs pc!, {sl} ^",1
"movwhi r0, 0x2000",1
"andeq r0, r0, r3, lsr r0",1
"eoreq sp, sb, r4, lsl 4",1
"stcpl p2, c0, [r6]",1
"streq r0, [r0], -0",1
"ldrdeq r2, r3, [r0], -r1",1
"eoreq r8, r5, r2, lsl 14",1
"streq r0, [r2], -0",1
"eoreq lr, r8, r4, lsl 26",1
"movweq r0, 0x8200",1
"andeq r2, r0, r5, ror 17",1
bl 0x1129b0,1
"andeq r0, r0, 0x29",1
"stmibhs r3!, {r4, r8, sb} ^",1
invalid,1
"stmdaeq r0, {r0, r3, r5}",1
"stc p4, c14, [r1, -8]",1
"streq r0, [r0], -r0",1
"rsbseq r6, r7, ip, ror 30",1
"stmdbvc r1, {r1, sl, sp, lr, pc}",1
"andeq r0, r0, 0",1
"strlt r0, [r7], -0x23",1
"andeq r0, r0, 0x29",1
"rsbseq r0, sb, r4, ror 3",1
"movwhs r0, 0x2000",1
"stmdaeq r8, {r2}",1
invalid,1
"stmdbeq r0, {r0}",1
"stc p0, c0, [r2, -0x1cc]",1
"andeq ip, r0, r1, lsl 2",1
"stclvs p9, c0, [ip], -0",1
invalid,1
"andeq r0, r0, pc, lsl 1",1
"ldmhs sp, {sb, fp} ^",1
svc 0x20000,1
"andeq lr, r0, r1, lsl 26",1
"ldmibhs r2!, {r8, sb, fp} ^",1
invalid,1
"addseq r0, sl, r3, lsl 2",1
"cdpvc p0, 0, c0, c3, c0, 0",1
invalid,1
"stmdahi r1, {r1, r2, r3, r5, r6}",1
"andeq sb, r0, r3, lsl 20",1
"rsbeq r0, r4, r0, lsl 24",1
bls 0xf2a30,1
invalid,1
invalid,1
"cmneq lr, 136, 6            ; 0x88",1
"cdpvs p0, 0, c0, c13, c0, 0",1
bhi 0x50bf8,1
"andeq r8, r3, r3, lsl 8",1
"strbtvs r0, [r4], -0xd00",1
"orreq r0, fp, 0, 2",1
"andeq r0, r0, r4, lsl 7",1
"rsbseq r7, r2, sp, lsl 4",1
invalid,1
"stceq p0, c0, [r0, -4]",1
invalid,1
"addeq r0, r4, sp, lsl 7",1
"strvs r0, [sp], -0",1
"stchi p0, c0, [r1, -0xc4]",1
"andeq r8, r0, r3, lsl 8",1
"rsblo r0, lr, r0, lsl 26",1
"orreq r0, sp, 0, 2",1
"andeq r0, r0, r4, lsl 1",1
"eorseq r6, r1, sp, lsl 28",1
"strhi r8, [r3], -0xd01",1
"stceq p0, c0, [r0, -0]",1
invalid,1
"addeq r0, r4, sp, lsl 7",1
"mrsvc r0, apsr",1
"mcrhi p0, 0, r0, c1, c0, 1",1
"andeq r8, r0, r3, lsl 8",1
"cmnlo r1, r0, lsl 26",1
"orreq r0, lr, 0, 2",1
"andeq r0, r0, r4, lsl 1",1
invalid,1
"addeq r0, r4, pc, lsl 7",1
"andvs r0, sp, 0",1
svchi 0x1006d,1
"andeq r8, r0, r3, lsl 8",1
"ldrbvc r0, [r7, -r0, lsl 26]!",1
"ldrbeq r0, [r8], -0x100",1
"andeq r0, r0, r4, lsl 7",1
"andeq r3, r2, lr, lsl 2",1
"stmdbhs fp, {r8, sb, sl, fp} ^",1
blgt 0x50ad4,1
"andeq r8, r0, r3, lsl 8",1
"stmdbhs r6, {r8, sb, sl, fp} ^",1
blgt 0x50ae0,1
"andeq r8, r0, r3, lsl 8",1
"ldmibhs lr, {r8, sb, sl, fp} ^",1
blgt 0x50aec,1
"andeq r8, r0, r3, lsl 8",1
"ldmibhs sb, {r8, sb, sl, fp} ^",1
blgt 0x50af8,1
"andeq r8, r0, r3, lsl 8",1
bhs 0x314700,1
blgt 0x50b04,1
"andeq r8, r0, r3, lsl 8",1
bhs 0x1d470c,1
blgt 0x50b10,1
"andeq r8, r0, r3, lsl 8",1
svcpl 0x5f0d00,1
blgt 0x50cd0,1
"andeq r8, r0, r3, lsl 8",1
blhi 0x390b24,1
svceq 2,1
"andeq r2, r0, fp, asr 18",1
"strhi pc, [r3], -1",1
svceq 0,1
"andeq r2, r0, r6, asr 18",1
"strhi pc, [r3], -1",1
svceq 0,1
"ldrdeq r2, r3, [r0], -lr",1
"strhi pc, [r3], -1",1
svceq 0,1
"ldrdeq r2, r3, [r0], -sb",1
"strhi pc, [r3], -1",1
svceq 0,1
"andeq r2, r0, ip, lsl 20",1
"strhi pc, [r3], -1",1
svceq 0,1
"andeq r2, r0, r7, lsl 20",1
"strhi pc, [r3], -1",1
"stceq p0, c0, [r0, -0]",1
"rsbeq r5, sp, pc, asr pc",1
"strhi pc, [r3], -1",1
"andeq r0, r0, r0",1
"andeq lr, r2, lr, lsl 10",1
"stmdbhs fp, {r8, sb, sl, fp} ^",1
invalid,1
"andeq r8, r0, r3, lsl 8",1
"stmdbhs r6, {r8, sb, sl, fp} ^",1
invalid,1
"andeq r8, r0, r3, lsl 8",1
"ldmibhs lr, {r8, sb, sl, fp} ^",1
invalid,1
"andeq r8, r0, r3, lsl 8",1
"ldmibhs sb, {r8, sb, sl, fp} ^",1
invalid,1
"andeq r8, r0, r3, lsl 8",1
bhs 0x3147b4,1
invalid,1
"andeq r8, r0, r3, lsl 8",1
bhs 0x1d47c0,1
invalid,1
"andeq r8, r0, r3, lsl 8",1
svcpl 0x5f0d00,1
invalid,1
"andeq r8, r0, r3, lsl 8",1
"ldceq p0, c0, [r0, -0]",1
invalid,1
"addeq r0, r4, r6, lsr r4",1
"stcvs p0, c0, [sp, -0]",1
invalid,1
"andeq r8, r0, r4, lsl 8",1
"cmpeq r6, 0, 28",1
blmi 0x3d0bf4,1
invalid,1
"addeq r0, r4, r1, asr 8",1
"strmi r0, [pc], -r0",1
invalid,1
"addeq r0, r4, r1, asr 8",1
"cdple p0, 0, c0, c15, c0, 0",1
invalid,1
"addeq r0, r4, r1, asr 8",1
invalid,1
invalid,1
"addeq r0, r4, r1, asr 8",1
invalid,1
invalid,1
"addeq r0, r4, r1, asr 8",1
"streq r0, [0x00010c30]",1
invalid,1
"addeq r0, r4, r1, asr 8",1
svcpl 0xd0000,1
"qaddeq r6, pc, r0",1
"addeq r0, r4, r1, asr 8",1
"andne r0, r0, r0",1
"eoreq fp, sb, pc, lsl 18",1
"strbeq r0, [r2], -0x100",1
"andeq r0, r0, r4, lsl 1",1
"eoreq fp, sb, pc, lsl 28",1
"strbeq r0, [r2], -0x100",1
"andeq r0, r0, r4, lsl 1",1
"eoreq ip, sb, pc, lsl 6",1
"strbeq r0, [r2], -0x100",1
"andeq r0, r0, r4, lsl 1",1
invalid,1
"andeq sb, r0, r4, lsl 20",1
"mrseq r1, r12_fiq",1
"tsteq r3, r0",1
"andeq r2, r0, sl, asr 17",1
invalid,1
"muleq r0, sl, r0",1
"andeq sp, r0, r0, ror 15",1
"andeq sp, r0, ip, ror 23",1
"strheq r6, [r0], -r8",1
"rsbeq r1, lr, r1, lsl 8",1
bls 0x1374a0,1
invalid,1
"strne r0, [r0], -0x63",1
bls 0x50e38,1
"andeq sb, r0, r4, lsl 20",1
"rsbeq r8, r4, r0",1
"tsteq r8, r0, lsl 10",1
"strble r0, [r4, r0]!",1
"orreq r0, r0, 0",1
invalid,1
"teqeq lr, r4, lsl 12",1
"strne r0, [r0, -r0]",1
"andeq r0, r0, r4, lsr r1",1
"andeq r6, r0, r8, lsl 10",1
"andeq r2, r1, r7, lsl sl",1
"rsbeq r5, r5, r0",1
"orrseq r1, r8, 0, 16",1
invalid,1
"stmdbne r0, {r0}",1
"andeq r0, r0, r4, asr r1",1
"andeq r5, r1, sb, lsl pc",1
invalid,1
"strbvs r0, [r8], -r0",1
"ldrvc r0, [sl, -0]",1
"stcls p0, c0, [r0, -4]",1
bne 0x10e98,1
"andeq r0, r0, r0, lsl 3",1
"strheq r6, [r0], -r0",1
"andeq r8, r1, sl, lsl fp",1
"rsbeq r5, r7, r0, lsl 2",1
"orrseq r1, r6, r0, lsl 20",1
"ldrvs r0, [ip, r0]!",1
"tstge sl, r0",1
ble 0x10d24,1
bne 0x10ec0,1
"andeq r0, r0, ip, lsr 3",1
"andeq r6, r0, lr, lsl 16",1
"andeq fp, r1, sl, lsl r7",1
"rsbeq r4, r8, r0, lsl 8",1
"biceq r1, r1, r0, lsl 20",1
invalid,1
invalid,1
blne 0x10d48,1
"andeq sp, r0, r4, lsr 16",1
"andeq sp, r0, ip, asr 17",1
"muleq r0, pc, r4",1
"andeq sp, r1, sl, lsl ip",1
"rsbeq ip, r8, r0, lsl 22",1
invalid,1
invalid,1
invalid,1
"andeq r0, r0, 1",1
bne 0x10f10,1
"andeq r0, r0, r0, lsl 4",1
"andeq r6, r0, r0, lsr 18",1
"andeq r0, r2, sl, lsl ip",1
"rsbeq r3, sb, r0, lsl 28",1
"andseq r1, r8, 0, 20",1
invalid,1
"ldrhs r0, [sl], -0",1
"strge r0, [r0], -r2",1
"andeq r0, r0, sb, rrx",1
"andeq fp, r3, ip, lsl r0",1
"andeq lr, r4, r0, lsl 16",1
"eorseq r1, r6, 0, 20",1
invalid,1
"andsmi r0, sl, 0",1
"strle r0, [r0, -r2]",1
bne 0x10f50,1
"andeq r0, r0, lr, asr 4",1
"strdeq r6, r7, [r0], -fp",1
"andeq r5, r2, sl, lsl sl",1
"rsbeq r1, sl, r0, lsl 18",1
"rsbeq r1, r6, 0, 20",1
bvs 0xdd0dc4,1
"andsvc r0, sl, 0",1
bhi 0x10dd4,1
bne 0x10f78,1
"andeq r0, r0, lr, ror r2",1
"ldrdeq r6, r7, [r0], -fp",1
"ldmible ip!, {r8, sb, fp, ip}",1
ble 0x1910de0,1
"ldreq r0, [r5, -0]!",1
"andsls r0, sl, r0",1
invalid,1
bne 0x10f98,1
"muleq r0, ip, r2",1
"andeq r6, r0, ip, lsl 22",1
"andeq sl, r2, sl, lsl r8",1
"rsbeq r3, fp, r0",1
"adcseq r1, r4, 0, 20",1
blvs 0x1390e08,1
"andsgt r0, sl, r0",1
invalid,1
bne 0x10fc0,1
"andeq r0, r0, ip, asr 5",1
"strheq r6, [r0], -pc",1
"andeq sp, r2, sl, lsl r8",1
"rsbeq lr, fp, r0, lsl 16",1
invalid,1
"stmdale r0, {r1, r3, r4, r6, r7}",1
bne 0x1119c,1
"andeq r0, r0, r6, ror 5",1
"andeq r6, r0, r6, lsl 24",1
"andeq pc, r2, sl, lsl r1",1
"rsbeq r1, ip, r0, lsl 18",1
ble 0xfed17a44,1
blle 0x1e10e48,1
"ldreq r0, [sp]",1
"tsteq sl, r0",1
invalid,1
bne 0x11008,1
"andeq r0, r0, sp, lsl 6",1
"andeq r6, r0, pc, lsr ip",1
"andeq r1, r3, sl, lsl sb",1
"rsbeq r6, ip, r0, lsl 6",1
invalid,1
"stcvs p0, c0, [r1], {0}",1
"tstlo sl, r0",1
svcls 3,1
bne 0x1102c,1
"andeq r0, r0, sp, lsr r3",1
"strdeq r6, r7, [r0], -sp",1
"andeq r4, r3, sl, lsl sb",1
"rsbeq r5, sp, r0, lsl 18",1
invalid,1
"stmdage r0, {r0, r1, r3, r4, r6, r7}",1
"stmdbne r0, {r0, r1, r3, r4, r6, r7}",1
"andeq r0, r0, r7, asr r3",1
"andeq r6, r3, sb, lsl r3",1
invalid,1
"andeq r0, r0, r0",1
"andeq r0, r0, r0",1
"andeq r0, r0, lr, lsr r1",1
svcne 0x4b0002,1
invalid,1
"andeq r0, r0, lr",1
"eoreq r2, sl, r1, lsl 12",1
"andeq r6, r0, r0, lsl 2",1
"sbcseq lr, fp, r0, lsl 24",1
"sbcseq r5, ip, r0, lsl 8",1
"andseq lr, sp, r0, lsl 16",1
"streq r0, [r4, -0x200]",1
"rsbseq r6, r4, sb, ror 28",1
"andeq fp, r5, r3, lsl 18",1
"ldrblo r0, [r5, r0, lsl 4]",1
"streq r0, [r0], -0",1
"eoreq r0, r4, r4, lsl 14",1
"mrseq r0, apsr",1
"andeq r2, r0, r6, lsl sl",1
invalid,1
"ldrdpl r0, r1, [r0], -fp",1
blhi 0x1126c,1
invalid,1
"andeq r0, r0, sb, asr 1",1
"andeq r5, r3, r6",1
"strbhs r0, [r0, -0x100]",1
blge 0x10f10,1
"streq r0, [r0], -sp, rrx",1
"andeq r0, r0, r7, lsl 7",1
"sbceq r4, sb, r1",1
"stclvs p0, c0, [sb]",1
invalid,1
invalid,1
"andeq ip, r0, r0, asr 18",1
"rsbeq lr, sp, r0, lsl 14",1
bne 0x1e52b34,1
"mrspl r0, apsr",1
"ldrdeq r0, r1, [r0], -ip",1
"andeq ip, r3, r8, lsl 16",1
"andeq fp, r0, r0, lsl 30",1
"rsbeq r0, sb, r0, lsl 18",1
"eoreq r5, ip, r1, lsl 4",1
"cdpvs p0, 0, c0, c5, c0, 0",1
invalid,1
bleq 0x112c8,1
bvc 0xa5760,1
invalid,1
bleq 0x2ef6c,1
"strvc r5, [r2, -r1]",1
invalid,1
"andeq sp, r0, ip, lsl 24",1
"andeq r0, r0, r7, lsr r1",1
svcgt 0x40d00,1
"stceq p0, c0, [r0, -0]",1
"andeq sp, r0, r4, lsl 10",1
"stmdaeq r1, {sl}",1
"andeq r0, r0, sl, lsr r0",1
"andeq r2, r0, lr, lsl 24",1
"strpl r0, [r1, -0xf00]",1
invalid,1
"mrrcle p1, 5, r0, r0, c10",1
"mrrcle p0, 0, r0, r4, c0",1
"stcvc p0, c0, [r2, -0]",1
"ldrne r0, [r0, -r0, lsl 2]",1
invalid,1
invalid,1
"strne r1, [r1, -r0, lsl 4]",1
"movwne r0, 1",1
"andeq r0, r0, r5, lsr 32",1
"andeq ip, r0, r3, lsl sb",1
"sbceq r1, sb, r0, lsl 6",1
"stceq p0, c0, [r0, -0]",1
"andeq r0, r1, r4, lsl 2",1
bhs 0xc55fcc,1
invalid,1
"strdeq r0, r1, [r0], -r6",1
"ldrmi r0, [r4], -0x101",1
invalid,1
"andeq pc, r0, lr, lsr 12",1
"strne r0, [r1, -0x100]",1
"eoreq r2, sl, r1",1
"teqeq r6, r0, lsl 2",1
"mrseq r0, apsr",1
"andeq r0, r2, r0",1
"andeq r2, r0, r8, asr r0",1
"andeq r0, lr, r4, lsl 2",1
invalid,1
svcvc 0x2a,1
"strpl r0, [r0], -0x2a",1
"ldrdhi r0, r1, [r0], -ip",1
"vqadd.u8 q0, q8, q6",1
"andeq r0, r0, 0x1e",1
"cdpvs p5, 6, c0, c9, c4, 0",1
"streq r0, [r3], -0x74",1
"andeq r2, r0, r7, lsl 8",1
"stmdaeq r1, {r8, sb}",1
"andeq r0, r0, r1, lsr r0",1
svclo 0x70203,1
"movweq r0, 0",1
"andseq r0, pc, r4, lsl 14",1
"mrseq r0, apsr",1
"andeq r3, r0, r6, lsl 6",1
"streq r0, [r2, -0x300]",1
"andeq r0, r0, fp, asr 1",1
"andeq r0, r5, r3, lsl 16",1
"movweq r0, 0",1
"andseq r0, sl, r8, lsl 14",1
"streq r0, [r3], -0",1
"andeq r0, r0, r5, lsl 10",1
"streq r0, [r4, -r0, lsl 6]",1
"ldrdeq r0, r1, [r0], -r5",1
"mrseq r0, apsr",1
"andeq r3, r0, r8, lsl 20",1
"streq r0, [r1], -r0, lsl 10",1
"andeq r7, r0, r4, lsl 22",1
blvs 0x52c74,1
invalid,1
"eoreq r0, r5, r0, lsr r1",1
"mrrcle p0, 0, r0, r4, c0",1
"stcle p0, c0, [r0], {0}",1
"stcvc p0, c0, [r2, -0]",1
"sbceq r0, r7, r0, lsl 2",1
invalid,1
invalid,1
"andeq r7, r0, r0, lsr sp",1
"rsbeq r2, lr, r0, lsl 8",1
"ldclle p9, c0, [r8], -0",1
"strle r0, [r1], -0",1
beq 0x110a8,1
"andlo r5, r1, r1, lsl 2",1
"cmpeq r0, 0x80000002",1
"ldrsheq r0, [r0], -0x13",1
bhs 0x1c93cb8,1
invalid,1
"andeq r0, r0, r2, ror r0",1
invalid,1
"andeq r2, r0, r5, ror 20",1
"strhs r6, [r1, -0x202]",1
invalid,1
"strdeq r0, r1, [r0], -r6",1
"andeq pc, r0, sp, lsl 12",1
"rsbseq r0, r2, r0, lsl 26",1
"andvc r0, sp, 0",1
"andeq r0, r0, r0",1
"rscseq r0, ip, r6, lsl 8",1
invalid,1
"andeq r7, r0, sp, lsl 4",1
"strge r0, [r0], -r0",1
"andeq r0, r0, 0",1
"eoreq r1, r1, r0, lsl 4",1
"stmdami r1, {sl}",1
invalid,1
"cdphs p0, 0, c0, c0, c3, 0",1
svcvs 0x702f2e,1
svchs 0x737472,1
"ldrbtvs r7, [r3], -0x973",1
svchs 0x737065,1
svchs 0x6d7261,1
"cdpvs p2, 7, c7, c4, c3, 3",1
svchs 0x532e,1
"strbvs r6, [sp, -0xf68]!",1
"strbvc r6, [r2, -0xa2f]!",1
"strbtvc r6, [r5], -0xb72",1
invalid,1
"eorvs r6, pc, 116, 30",1
"strbtvs r6, [ip], -0x975",1
"rsbvc r7, sp, pc, lsr 8",1
"rsbvc r7, pc, 0xbc0000",1
"rsbvc r2, r1, 0x1ac",1
"teqvs r7, sp, ror 12",1
"rsbvc r7, r6, sp, lsr 12",1
svcvs 0x656e2d,1
svcvs 0x702d6e,1
"stcvs p9, c7, [sp], -0x1ac",1
"ldmdavc r5!, {r0, r3, r5, r6, sb, sl, fp, sp, lr} ^",1
"strbvc r6, [lr, -0x72d]!",1
"stmdbvs r2!, {r0, r2, r5, r6, r8, sp, lr} ^",1
"stclvs p5, c6, [r7], -0xbc",1
svchs 0x636269,1
invalid,1
svchs 0x33722d,1
"stmdbvs ip!, {r0, r2, r5, r6, r8, sb, sl, sp, lr} ^",1
"eorlo r6, sp, 0x88000001",1
svchs 0x37312e,1
invalid,1
"ldrbvc r6, [r3, -0x32f]!",1
"strbpl r4, [lr, -0x700]",1
"subshs r4, r3, r0, lsr 2",1
"teqlo r2, 0x320",1
invalid,1
"andseq r0, r1, r0, lsl 3",1
"tsteq r1, r0, lsl r6",1
"stmdaeq r3, {r1, r4, r8}",1
"stmdaeq r5!, {r0, r1, r3, r4, fp}",1
"andeq r0, r0, r3, lsl r5",1
"tsteq r1, r0, lsl 2",1
bleq 0x4d4a4c,1
"cdpeq p14, 1, c0, c11, c3, 0",1
"andeq r0, r0, r0, lsl r6",1
bleq 0x1a1cc,1
"movweq r3, 0xbe0b",1
"movweq r0, 0xe",1
bleq 0x2d1260,1
"stmdaeq r3, {r1, r2, r3, r4, r5, r8, sb, fp}",1
"strlo r0, [r4], -0",1
blo 0x391ddc,1
"stmdbmi fp, {r0, r1, r3, r8, sb, fp, ip, sp}",1
"andeq r3, ip, 19, 30",1
"streq r0, [r0, -0xa]",1
"movtne r0, 0x9026",1
invalid,1
"sadd16eq r0, r0, r1",1
"stmdaeq r3, {r0, r2, r4, r6, sb, sl}",1
"stmdaeq r5!, {r0, r1, r3, r4, fp}",1
"andeq r0, r0, r3, lsl r5",1
"tsteq r1, r0, lsl 2",1
bleq 0x4d4a9c,1
"cdpeq p14, 1, c0, c11, c3, 0",1
"tsteq r2, r1, lsl r1",1
"andeq r0, r0, r0, lsl r6",1
"movweq r1, 0x602",1
bllo 0x2dfa54,1
"andseq r4, r3, fp, lsl 18",1
"eoreq r0, r4, r0, lsl 6",1
bleq 0xf93e54,1
"andeq r0, r0, r3, lsl 28",1
bleq 0x1a240,1
"movweq r3, 0xbe0b",1
"streq r0, [r0, -8]",1
bleq 0x2d1278,1
svceq 0x60000,1
"stmdbmi fp, {r8, sb, fp}",1
"smladeq r0, r3, r0, r0",1
"mcreq p1, 0, r0, c3, c3, 0",1
bleq 0xe93e7c,1
"movwne r0, 0x1b3b",1
"stceq p0, c0, [r8, -0]",1
blo 0x391e5c,1
"stmdbmi fp, {r0, r1, r3, r8, sb, fp, ip, sp}",1
"andeq r3, sl, r3, lsl r8",1
"andeq r0, sp, r0, lsl 18",1
bleq 0xe94a78,1
"movtne r0, 0x953b",1
"andeq r0, r0, r8, lsr sl",1
"movweq r1, 0x60a",1
bllo 0x2dfab4,1
bleq 0x112ac,1
"movtne r0, 0x9101",1
"andeq r1, r0, r1, lsl 6",1
"stmdbmi r0, {r2, r3, r8, sp}",1
"andeq r2, fp, r3, lsl pc",1
"andseq r0, r6, r0, lsl 26",1
bleq 0xe94aa4,1
"movtne r0, 0x953b",1
"strhs r0, [lr], -r0",1
"andseq r4, r3, r0, lsl 18",1
"eorseq r0, r5, r0, lsl 30",1
"andeq r1, r0, sb, asr 6",1
"smladhs r0, r0, r5, r1",1
invalid,1
bleq 0x2d16c8,1
bleq 0xed3fa4,1
"andeq r1, r0, r1, lsl 6",1
"movweq r2, 0x812",1
"andeq r1, sp, lr, lsl 24",1
invalid,1
"mcreq p12, 0, r0, c3, c15, 1",1
"ldreq r0, [fp, -0xb3a]!",1
"movtne r0, 0x9c27",1
"movwne r0, 0x1b20",1
"ldreq r0, [r4, -0]",1
blo 0x391ee4,1
"stmdbmi r5, {r0, r1, r3, r8, sb, fp, ip, sp}",1
"strne r0, [r0, -0x13]",1
"ldceq p1, c0, [pc], -0xb8",1
bleq 0xe94b00,1
invalid,1
bleq 0x816020,1
"andeq r1, r0, r1, lsl 6",1
"movweq r0, 0x516",1
bllo 0x2dfb28,1
"andseq r4, r3, fp, lsl 18",1
invalid,1
"mcreq p12, 0, r0, c3, c15, 1",1
bleq 0xed4000,1
"movtne r0, 0x9c27",1
invalid,1
"andeq r1, r0, r1, lsl 6",1
"movweq r0, 0x518",1
bllo 0x2dfb64,1
"andseq r4, r3, fp, lsl 18",1
"andseq r1, r8, r0, lsl 18",1
"cdphs p0, 1, c0, c10, c0, 0",1
blo 0x391f40,1
"strhs r3, [fp, -fp, lsl 22]",1
"andshs r4, r3, ip, lsl 18",1
"andseq r0, r3, fp, lsl 2",1
invalid,1
bleq 0xe94b5c,1
invalid,1
"movwne r0, 0x1b20",1
"cdphs p0, 1, c0, c12, c0, 0",1
blo 0x391f64,1
"strhs r3, [fp, -fp, lsl 22]",1
"tstne r3, ip, lsl 18",1
"andmi r1, r1, r1, lsl 4",1
"mcrreq p7, 0, sb, r2, c10",1
"andeq r1, r0, r1, lsl 6",1
"movweq r0, 0x51d",1
bllo 0x2dfb9c,1
"andseq r4, r3, 0x2c000",1
"cdpne p0, 0, c0, c0, c6, 0",1
"tsteq r1, fp, lsl 2",1
"movwne r0, 0x1112",1
"ldrlo r0, [pc], -0          ; [0x11390:4]=0x490b3b0b",1
blo 0x391f94,1
"stmdbmi fp, {r0, r1, r3, r8, sb, fp, ip, sp}",1
"andhs r0, r0, r3, lsl r0",1
"mcreq p0, 0, r0, c3, c4, 1",1
bleq 0xed408c,1
bleq 0x7160cc,1
bleq 0x8513ac,1
"andne r1, r1, 0x40000000",1
"andhs r0, r0, 1",1
"mcreq p0, 0, r0, c3, c4, 1",1
bleq 0xed40a4,1
"streq r1, [r2], -sb, asr 6",1
bleq 0x8d13c4,1
invalid,1
"strhs r0, [r0], -0x13",1
"ldrbeq r0, [r5], -fp, lsl 2",1
"cdphs p0, 2, c0, c5, c0, 0",1
blo 0x391fdc,1
"strhs r3, [r5, -fp, lsl 22]",1
"tstne r3, ip, lsl 18",1
"andmi r1, r1, r1, lsl 4",1
"mcrreq p7, 0, sb, r2, c10",1
"andeq r1, r0, r1, lsl 6",1
"movweq r0, 0x526",1
bllo 0x2dfc14,1
"andseq r4, r3, 0x14000",1
"strhs r0, [r0, -r6]",1
"cdpeq p0, 0, c0, c3, c14, 1",1
"ldreq r0, [fp, -0xb3a]!",1
"movtne r0, 0x9c27",1
"tsteq r2, r1, lsl r1",1
"addsmi r0, r7, 64, 20",1
"stmdahs r0, {r2, r3}",1
"cdpeq p1, 0, c0, c3, c14, 1",1
bleq 0xed4104,1
"movtne r0, 0x9c27",1
"tsteq r2, r1, lsl r1",1
"addsmi r0, r7, 64, 12",1
"andseq r0, r3, ip, lsl 2",1
"andeq r2, r5, r0, lsl 18",1
bleq 0xe94c40,1
"movtne r0, 0x9b3b",1
"andeq r0, r0, r2, lsl 12",1
"movweq r3, 0x42a",1
bllo 0x2dfc7c,1
"andseq r4, r3, 0x2c000",1
blhs 0x11474,1
"stmdaeq r3, {r2, r4, r5}",1
bleq 0xed413c,1
beq 0x9617c,1
"stcne p0, c0, [ip, -0]!",1
"tstne r3, r1, lsl 2",1
"stmdapl r1, {r0, sb, ip}",1
"andeq r5, fp, fp, lsl 18",1
"andeq r2, r5, r0, lsl 26",1
beq 0x96134,1
"streq r0, [lr, -0]!",1
"andseq r3, r3, 0, 2",1
svchs 6,1
"smlabbeq r1, sb, r2, r8",1
"teqne r1, 0x40000004",1
bhi 0xc11488,1
"andeq r0, r0, 0x80000020",1
beq 0x10b58b8,1
"cdphs p0, 3, c0, c1, c0, 0",1
blo 0x39209c,1
"strhs r3, [fp, -fp, lsl 22]",1
"andne r1, r1, 12, 2",1
"strls r4, [r6, -r1]",1
"movwne r0, 0x1c42",1
"ldcne p0, c0, [r2, -0]!",1
"andspl r3, r3, 0x40000000",1
"stmdapl r6, {r0, r8, sl, ip, lr}",1
"mrseq r5, apsr",1
"movwlo r0, 0x13",1
"teqne r1, 0x40000007",1
"tsteq r2, r1, lsl r1",1
bleq 0x1654228,1
"andeq r1, r0, r1, lsl 6",1
invalid,1
"andeq r1, fp, r3, lsl ip",1
"addhi r3, sb, 0, 10",1
"tsteq r1, r1",1
"andeq r1, r0, r1, lsr r3",1
"movweq r3, 0x436",1
bllo 0x2dfd08,1
"andseq r4, r3, 0x2c000",1
"strlo r0, [r0, -r6]",1
"smlabbeq r1, sb, r2, r8",1
"teqne r1, 0x40000004",1
"andeq r1, r0, r1, lsl 6",1
"movweq r2, 0x1e38",1
bllo 0x2dfd3c,1
"stmdbmi ip, {r0, r2, r8, sb, sl, sp}",1
"andne r1, r1, 0xc0000004",1
"strls r4, [r6, -r1]",1
"movwne r0, 0x1c42",1
"ldrtlo r0, [sb], -0",1
blo 0x39211c,1
"stmdbmi r5, {r0, r1, r3, r8, sb, fp, ip, sp}",1
"andeq r0, sl, r3, lsl r2",1
"tsteq sp, r0, lsl 20",1
"tsteq r1, r1, lsr r3",1
bleq 0x1611978,1
"movwne r0, 0x1559",1
"ldrtlo r0, [fp], -0",1
blo 0x39213c,1
"stmdbmi r5, {r0, r1, r3, r8, sb, fp, ip, sp}",1
"andeq r0, r6, r3, lsl r2",1
"eorseq r3, r4, r0, lsl 24",1
bleq 0xe93558,1
"movtne r0, 0x953b",1
"andeq r0, r0, r2, lsl 12",1
"movweq r0, 0x53d",1
bllo 0x2dfd94,1
"andseq r4, r3, 0x14000",1
"cdplo p0, 0, c0, c0, c6, 0",1
"mcreq p0, 0, r0, c3, c4, 1",1
"ldreq r0, [fp, -0xb3a]!",1
"andeq r1, r0, sb, asr 6",1
"movweq r3, 0x43f",1
bllo 0x2dfd98,1
"andseq r4, r3, 0x14000",1
"andmi r0, r0, sl",1
"teqne r1, 5",1
"strblo r0, [r1], -0",1
blo 0x39218c,1
"stmdbmi r5, {r0, r1, r3, r8, sb, fp, ip, sp}",1
"andeq r1, fp, r3, lsl ip",1
invalid,1
bleq 0xe935a8,1
"stceq p5, c0, [r7], -0xec",1
bleq 0x8162c8,1
"andeq r1, r0, r1, lsl 6",1
"andeq r0, r1, r3, asr 22",1
"mrseq r4, apsr",1
"andeq r1, r0, r1, lsl 6",1
invalid,1
"strpl r5, [r1, -0x213]",1
"stmdbpl fp, {r1, r2, fp, ip, lr}",1
"andseq r0, r3, r5, lsl 2",1
"eorseq r4, r4, r0, lsl 12",1
beq 0x96290,1
"strblo r0, [r7], -0",1
"andseq r3, r3, 0, 2",1
"stmdami r0, {r1, r2}",1
"teqne r1, 0x34",1
"cdphs p0, 4, c0, c9, c0, 0",1
blo 0x3921e4,1
"strhs r3, [r5, -fp, lsl 22]",1
"andeq r2, fp, ip",1
invalid,1
bleq 0xe94e00,1
"stceq p5, c0, [r7], -0xec",1
"movwne r0, 0x1b20",1
"cdphs p0, 4, c0, c11, c0, 0",1
"movweq r3, 0xcf01",1
bllo 0x2dfe40,1
invalid,1
"andmi r1, r1, r1, lsl 4",1
"mcrreq p7, 0, sb, r2, c6",1
"andeq r1, r0, r1, lsl 6",1
svclo 0x12e4c,1
blo 0x392250,1
"strhs r3, [r5, -fp, lsl 22]",1
"tstne r3, ip, lsl 18",1
"andmi r1, r1, r1, lsl 4",1
"mcrreq p7, 0, sb, r2, c6",1
"andeq r1, r0, r1, lsl 6",1
"movweq r3, 0x44d",1
bllo 0x2dfe74,1
svclo 0x13490b,1
"andeq r3, ip, ip, lsl 24",1
invalid,1
"mcreq p12, 0, r0, c3, c15, 1",1
"ldreq r0, [fp, -0xb3a]!",1
"strhs r4, [lr, -r7, lsl 1]",1
invalid,1
"andseq r0, r3, ip, lsl 2",1
"andeq r4, r5, r0, lsl 30",1
"andeq r1, r0, sb, asr 6",1
svclo 0x12e50,1
blo 0x39229c,1
"strhs r3, [fp, -fp, lsl 22]",1
invalid,1
"andseq r0, r3, ip, lsl 2",1
invalid,1
"mcreq p12, 0, r0, c3, c15, 1",1
"ldreq r0, [fp, -0xb3a]!",1
"movtne r0, 0x9c27",1
"movwne r0, 0x1c3c",1
"cdphs p0, 5, c0, c2, c0, 0",1
"movweq r3, 0xcf01",1
bllo 0x2dfed0,1
invalid,1
"andseq r0, r3, ip, lsl 2",1
"eoreq r5, lr, r0, lsl 6",1
"mcreq p12, 0, r0, c3, c15, 1",1
bleq 0xed4394,1
"movtne r0, 0x9c27",1
"andeq r0, r0, ip, lsr ip",1
svclo 0x2e54,1
blo 0x3922ec,1
"strhs r3, [r5, -fp, lsl 22]",1
invalid,1
"strpl r0, [r0, -0xc]",1
"ldceq p1, c0, [pc], -0xb8",1
bleq 0xe94edc,1
"addmi r0, r7, fp, lsr fp",1
"stmdbmi ip, {r1, r2, r3, r8, sb, sl, sp}",1
invalid,1
invalid,1
"ldceq p0, c0, [pc], -0xb8",1
bleq 0xe94ef4,1
"stceq p5, c0, [r7], -0xec",1
"andeq r0, r0, ip, lsr ip",1
svclo 0x12e57,1
blo 0x392328,1
"strhs r3, [fp, -fp, lsl 22]",1
invalid,1
"stmdapl r0, {r0, r1, r4}",1
"ldceq p1, c0, [pc], -0xb8",1
bleq 0xe94f18,1
"stceq p5, c0, [r7], -0xec",1
"ldceq p3, c1, [ip], -0x124",1
invalid,1
"mcreq p1, 1, r0, c5, c1, 0",1
invalid,1
"tsteq r1, fp, lsl lr",1
"sadd16eq r0, r0, r2",1
"strhs r0, [r2], -0",1
"vmlalo.f64 d0, d11, d0",1
"andeq r0, r8, fp, lsl 6",1
"andseq r0, r6, r0, lsl 6",1
bleq 0xe94f48,1
"movtne r0, 0x9b3b",1
"strhs r0, [r4], -0",1
"vmlalo.f64 d0, d11, d0",1
"andeq r0, lr, fp, lsl 6",1
"andeq r0, pc, r0, lsl 10",1
"andeq r0, r0, fp, lsl 22",1
bleq 0x15370,1
"andseq r4, r3, fp, lsl 18",1
"tsteq r3, r0, lsl 14",1
bleq 0x2d4f70,1
bleq 0xed4450,1
"andeq r1, r0, r1, lsl 6",1
"movweq r0, 0xd08",1
bllo 0x2dffac,1
"ldmdalo r3, {r0, r1, r3, r8, fp, lr}",1
"stmdbeq r0, {r1, r3}",1
"cdpeq p0, 0, c0, c3, c13, 0",1
"ldreq r0, [fp, -0xb3a]!",1
beq 0xe164ac,1
"strne r0, [sl], -r0",1
blo 0x392390,1
"andeq r3, fp, fp, lsl 22",1
invalid,1
"movwne r1, 0x1349",1
invalid,1
svchs 0x134900,1
"stceq p0, c0, [r0, -0x2c]",1
"movtne r0, 0x9026",1
"strlo r0, [lr, -0]",1
"andseq r4, r3, r0, lsl 18",1
invalid,1
"mcreq p12, 0, r0, c3, c15, 1",1
bleq 0xed44a8,1
"tsteq r1, r7, lsr 24",1
beq 0x1011c10,1
"swpeq r4, r7, [ip]",1
"andne r0, r0, r3, lsl r0",1
"cdpeq p0, 0, c0, c3, c5, 0",1
bleq 0xed44c0,1
beq 0x96500,1
"cdphs p0, 1, c0, c1, c0, 0",1
"movweq r3, 0xcf01",1
bllo 0x2e0020,1
invalid,1
"andmi r1, r1, r1, lsl 4",1
"mcrreq p7, 0, sb, r2, c6",1
"andeq r1, r0, r1, lsl 6",1
invalid,1
invalid,1
"movwne r0, 0x13",1
"mcreq p0, 0, r0, c3, c4, 1",1
bleq 0xed44f4,1
"streq r1, [r2], -sb, asr 6",1
invalid,1
"smlabbne r1, r2, r1, r0",1
"tsteq r3, r1, lsl 2",1
"strne r0, [r0, -0x13]",1
"andeq r8, r1, sl, lsl 5",1
"addsmi r0, r1, 0x2000",1
"strne r0, [r0], -sl",1
"andeq r8, r1, sb, lsl 5",1
"teqne r1, 0x40000004",1
"ldrlo r0, [r7], -0",1
blo 0x39243c,1
"stmdbmi fp, {r0, r1, r3, r8, sb, fp, ip, sp}",1
"andeq r0, sl, r3, lsl r2",1
"eorseq r1, r4, r0, lsl 16",1
bleq 0xe95058,1
"movtne r0, 0x9b3b",1
"ldceq p12, c0, [ip], -0xfc",1
"cdphs p0, 1, c0, c9, c0, 0",1
"movweq r3, 0xcf01",1
bllo 0x2e0098,1
"stmdbmi ip, {r0, r1, r3, r8, sb, sl, sp}",1
invalid,1
bne 0x118b8,1
"movtne r0, 0x9005",1
"cdphs p0, 1, c0, c11, c0, 0",1
"movweq r3, 0xcf00",1
bllo 0x2e00b4,1
"stmdbmi ip, {r0, r1, r3, r8, sb, sl, sp}",1
"andeq r3, ip, r3, lsl ip",1
invalid,1
"mcreq p12, 0, r0, c3, c15, 1",1
"ldreq r0, [fp, -0xb3a]!",1
"movtne r0, 0x9c27",1
"movwne r0, 0x1c3c",1
"cdphs p0, 1, c0, c13, c0, 0",1
"movweq r3, 0xcf01",1
bllo 0x2e00dc,1
invalid,1
"andseq r0, r3, ip, lsl 2",1
"andseq r1, r8, r0, lsl 28",1
"cdphs p0, 1, c0, c15, c0, 0",1
"movweq r3, 0xcf01",1
bllo 0x2e00f4,1
invalid,1
"andseq r0, r3, ip, lsl 2",1
"mrsne r0, apsr",1
"movwne r2, 0xe501",1
blne 0x3924fc,1
"andne r1, r1, 0x80000003",1
"andeq r1, r6, r1",1
"eoreq r0, r4, r0, lsl 4",1
bleq 0xf9450c,1
"andeq r0, r0, r3, lsl 16",1
"movweq r1, 0x603",1
bllo 0x2e0124,1
"andseq r4, r3, fp, lsl 18",1
"eoreq r0, r4, r0, lsl 8",1
bleq 0xf94524,1
"andeq r0, r0, r3, lsl 28",1
bleq 0x15514,1
"andseq r4, r3, fp, lsl 18",1
"eoreq r0, r6, r0, lsl 12",1
"andeq r1, r0, sb, asr 6",1
svclo 0x12e07,1
blo 0x392544,1
"strhs r3, [fp, -fp, lsl 22]",1
"tstne r3, ip, lsl 18",1
"andmi r1, r1, r1, lsl 4",1
"mcrreq p7, 0, sb, r2, c6",1
"andeq r1, r0, r1, lsl 6",1
"movweq r0, 0x508",1
bllo 0x2e0168,1
"andseq r4, r3, 0x2c000",1
"stmdbeq r0, {r1, r2}",1
"mcreq p0, 0, r0, c3, c4, 1",1
bleq 0xed4628,1
"streq r1, [r2], -sb, asr 6",1
"strlo r0, [sl], -0",1
blo 0x21254c,1
"stmdbmi fp, {r0, r1, r3, r8, sb, fp, ip, sp}",1
"andeq r0, r6, r3, lsl r2",1
"eorseq r0, r4, r0, lsl 22",1
bleq 0xe93968,1
"movtne r0, 0x9b3b",1
"andeq r0, r0, r2, lsl 20",1
"movweq r3, 0x40c",1
bllo 0x2e01a4,1
invalid,1
"stceq p0, c0, [r0, -0x2c]",1
"smlabbeq r1, sb, r2, r8",1
"teqne r1, 0x40000004",1
bhi 0x391980,1
"andeq r0, r0, 0x80000020",1
beq 0x10b5db0,1
"cdphs p0, 0, c0, c15, c0, 0",1
"movweq r3, 0xcf01",1
bllo 0x2e01cc,1
"stmdbmi ip, {r0, r2, r8, sb, sl, sp}",1
"andeq r3, ip, r3, lsl ip",1
"andeq r1, r5, r0",1
"andeq r1, r0, sb, asr 6",1
"tsteq r1, r0, lsl 2",1
bleq 0x4d5240,1
"cdpeq p14, 1, c0, c11, c3, 0",1
"andeq r0, r0, r0, lsl r6",1
bleq 0x1a9c0,1
"movweq r3, 0xbe0b",1
"movweq r0, 0xe",1
bleq 0x2d1a54,1
"stmdaeq r3, {r1, r2, r3, r4, r5, r8, sb, fp}",1
"strlo r0, [r4, -0]",1
"andseq r4, r3, r0, lsl 18",1
"eorseq r0, r4, r0, lsl 10",1
bleq 0xe951e4,1
"movtne r0, 0x9b3b",1
beq 0x94adc,1
invalid,1
"mcreq p1, 1, r0, c5, c1, 0",1
invalid,1
"tsteq r1, fp, lsl lr",1
"sadd16eq r0, r0, r2",1
"strhs r0, [r2], -0",1
"vmlalo.f64 d0, d11, d0",1
"andeq r0, lr, fp, lsl 6",1
"eoreq r0, r4, r0, lsl 6",1
bleq 0xf94634,1
"andeq r0, r0, r3, lsl 16",1
"movweq r1, 0x604",1
bllo 0x2e024c,1
"andseq r4, r3, fp, lsl 18",1
"andeq r0, pc, r0, lsl 10",1
"movtne r0, 0x9b0b",1
"cdphs p0, 0, c0, c6, c0, 0",1
"movweq r3, 0xcf01",1
bllo 0x2e0264,1
"stmdbmi ip, {r0, r1, r3, r8, sb, sl, sp}",1
"andne r1, r1, 0xc0000004",1
"strls r4, [r6], -r1",1
"andeq r0, r0, r2, asr 24",1
"movweq r0, 0x507",1
bllo 0x2e0264,1
"andseq r4, r3, 0x2c000",1
"stmdaeq r0, {r1, r2}",1
"stmdaeq r3, {r2, r4, r5}",1
bleq 0xed473c,1
"streq r1, [r2], -sb, asr 6",1
invalid,1
"mcreq p1, 1, r0, c5, c1, 0",1
invalid,1
"tsteq r1, fp, lsl lr",1
"sadd16eq r0, r0, r2",1
"strhs r0, [r2], -0",1
"vmlalo.f64 d0, d11, d0",1
"andeq r0, r8, fp, lsl 6",1
"andseq r0, r6, r0, lsl 6",1
bleq 0xe9528c,1
"movtne r0, 0x9b3b",1
"strhs r0, [r4], -0",1
"vmlalo.f64 d0, d11, d0",1
"andeq r0, lr, fp, lsl 6",1
"andeq r0, pc, r0, lsl 10",1
"andeq r0, r0, fp, lsl 22",1
bleq 0x156b4,1
"andseq r4, r3, fp, lsl 18",1
"tsteq r3, r0, lsl 14",1
bleq 0x2d52b4,1
bleq 0xed4794,1
"andeq r1, r0, r1, lsl 6",1
"movweq r0, 0xd08",1
bllo 0x2e02f0,1
"ldmdalo r3, {r0, r1, r3, r8, fp, lr}",1
"stmdbeq r0, {r1, r3}",1
"cdpeq p0, 0, c0, c3, c13, 0",1
"ldreq r0, [fp, -0xb3a]!",1
beq 0xe167f0,1
"strne r0, [sl], -r0",1
blo 0x3926d4,1
"andeq r3, fp, fp, lsl 22",1
invalid,1
"movwne r1, 0x1349",1
invalid,1
svchs 0x134900,1
"stceq p0, c0, [r0, -0x2c]",1
"movtne r0, 0x9026",1
"strhs r0, [lr], -r0",1
svceq 0,1
"ldceq p1, c0, [pc], -0xb8",1
bleq 0xe9530c,1
invalid,1
"tsteq r2, r1, lsl r1",1
"addsmi r0, r7, 64, 12",1
"andseq r0, r3, ip, lsl 2",1
"andeq r1, r5, r0",1
bleq 0xe95324,1
"movtne r0, 0x9b3b",1
"andeq r0, r0, r2, lsl 12",1
"movweq r3, 0x411",1
bllo 0x2e0360,1
"andseq r4, r3, 0x2c000",1
"andne r0, r0, 6",1
"mcreq p0, 0, r0, c3, c4, 1",1
bleq 0xed4820,1
beq 0x96860,1
invalid,1
"smlabbne r1, r2, r1, r0",1
"tsteq r3, r1, lsl 2",1
"strne r0, [r0], -0x13",1
"andeq r8, r1, sl, lsl 5",1
"addsmi r0, r1, 0x2000",1
"strne r0, [r0, -0xa]",1
"andeq r8, r1, sb, lsl 5",1
"teqne r1, 0x40000004",1
invalid,1
"smlabbne r1, r2, r1, r0",1
"andseq r3, r3, r1, lsl 2",1
"eorseq r1, r4, r0, lsl 14",1
bleq 0xe95380,1
"movtne r0, 0x9b3b",1
beq 0x94c78,1
"ldrlo r0, [r8], -0",1
blo 0x392784,1
"stmdbmi fp, {r0, r1, r3, r8, sb, fp, ip, sp}",1
invalid,1
"stmdbne r0, {r2, r3}",1
"ldceq p1, c0, [pc], -0xb8",1
bleq 0xe953a4,1
"addmi r0, r7, fp, lsr fp",1
"stmdbmi ip, {r1, r2, r3, r8, sb, sl, sp}",1
invalid,1
bne 0x11bf4,1
"movtne r0, 0x9005",1
"cdphs p0, 1, c0, c11, c0, 0",1
"movweq r3, 0xcf00",1
bllo 0x2e03f0,1
invalid,1
invalid,1
"ldceq p1, c0, [pc], -0xb8",1
bleq 0xe953d4,1
"stceq p5, c0, [r7], -0xec",1
"ldceq p3, c1, [ip], -0x124",1
"andeq r1, r0, r1, lsl 6",1
svclo 0x12e1d,1
blo 0x39280c,1
"strhs r3, [fp, -fp, lsl 22]",1
invalid,1
"andeq r0, r0, ip",1
"strhs r1, [r1, -0x101]",1
"movweq r1, 0xb30e",1
invalid,1
"andne r1, r1, r1, lsl 4",1
"andeq r0, r0, 6",1
bleq 0x2d1c90,1
"stmdaeq r3, {r1, r2, r3, r4, r5, r8, sb, fp}",1
"strne r0, [r3], -r0",1
blo 0x39280c,1
"stmdbmi fp, {r0, r1, r3, r8, sb, fp, ip, sp}",1
"streq r0, [r0], -0x13",1
bleq 0x2d1ca8,1
invalid,1
"strne r0, [r5], -r0",1
blo 0x392824,1
"stmdbmi r5, {r0, r1, r3, r8, sb, fp, ip, sp}",1
invalid,1
"cdpeq p1, 0, c0, c3, c4, 0",1
bleq 0xe94860,1
"movwne r0, 0x1b3b",1
invalid,1
invalid,1
"stmdaeq r0, {r0, r2, r3}",1
bleq 0x2d1c84,1
svceq 0x90000,1
"stmdbmi fp, {r8, sb, fp}",1
beq 0x11ca0,1
bleq 0x2d2068,1
bleq 0xed4944,1
"andeq r1, r0, r1, lsl 6",1
"stmdbmi r0, {r0, r1, r3, sb, sl, sp}",1
invalid,1
"movtne r0, 0x9101",1
"andeq r1, r0, r1, lsl 6",1
"stmdbmi r0, {r0, r2, r3, r8, sp}",1
"andeq r2, fp, r3, lsl pc",1
"eoreq r0, r6, r0, lsl 28",1
"movwne r0, 0xf000",1
bleq 0x392888,1
bllo 0x2e04b4,1
"andseq r0, r3, fp, lsl 2",1
"andeq r1, sp, r0",1
bleq 0xe954a0,1
"movtne r0, 0x9b3b",1
"andeq r0, r0, r8, lsr sl",1
"movweq r0, 0xd11",1
bllo 0x2e04dc,1
"ldmdalo r3, {r0, r2, r8, fp, lr}",1
"andne r0, r0, 0xa",1
bleq 0x2d210c,1
bleq 0xed499c,1
"andeq r1, r0, r1, lsl 6",1
"movweq r0, 0xd13",1
bllo 0x2e04f8,1
"andseq r4, r3, fp, lsl 18",1
"tsteq r3, r0, lsl 8",1
bleq 0xe948f8,1
"movwne r0, 0x1b3b",1
"ldrne r0, [r5], -r0",1
blo 0x3928d8,1
"andeq r3, fp, fp, lsl 22",1
"tsteq r3, r0, lsl 12",1
bleq 0x2d54f0,1
"ldreq r0, [fp, -0xb3a]!",1
"andeq r1, r0, r1, lsl 6",1
"movweq r0, 0xd17",1
bllo 0x2e0514,1
"ldmdalo r3, {r0, r2, r8, fp, lr}",1
"stmdane r0, {r1, r3}",1
"ldceq p1, c0, [pc], -0xb8",1
bleq 0xe95510,1
invalid,1
bleq 0x816a30,1
"movwne r0, 0x1c34",1
"ldreq r0, [sb, -0]",1
blo 0x392918,1
"stmdbmi fp, {r0, r1, r3, r8, sb, fp, ip, sp}",1
bne 0x11d6c,1
"ldceq p1, c0, [pc], -0xb8",1
bleq 0xe95534,1
invalid,1
bleq 0x816a54,1
"andeq r1, r0, r1, lsl 6",1
"movweq r0, 0x51b",1
bllo 0x2e055c,1
"andseq r4, r3, fp, lsl 18",1
invalid,1
bleq 0xe95554,1
invalid,1
"tsteq r1, sb, asr 6",1
invalid,1
"swpeq r4, r7, [ip]",1
"stcne p0, c0, [r0, -0x4c]",1
"cdpeq p0, 0, c0, c3, c5, 0",1
bleq 0xed4a4c,1
"streq r1, [r2], -sb, asr 6",1
"ldrlo r0, [lr], -0",1
blo 0x212970,1
"stmdbmi fp, {r0, r1, r3, r8, sb, fp, ip, sp}",1
"andeq r0, r6, r3, lsl r2",1
"addhi r1, sb, 0, 30",1
"tsteq r1, r1",1
"andeq r1, r0, r1, lsr r3",1
"movweq r2, 0x1e20",1
bllo 0x2e05c4,1
"stmdbmi ip, {r0, r1, r3, r8, sb, sl, sp}",1
invalid,1
invalid,1
"andeq r0, r0, fp, lsl 2",1
"movweq r3, 0x422",1
bllo 0x2e05c4,1
"andseq r4, r3, fp, lsl 18",1
"andeq r2, r5, r0, lsl 6",1
bleq 0xe93dbc,1
"movtne r0, 0x9b3b",1
"andeq r0, r0, r2, lsl 12",1
"movweq r3, 0x424",1
bllo 0x2e05f8,1
"andseq r4, r3, 0x2c000",1
"strhs r0, [r0, -6]",1
"teqne r1, 0x40000007",1
"tsteq r2, r1, lsl r1",1
bleq 0x1654b34,1
"andeq r1, r0, r1, lsl 6",1
invalid,1
"andeq r0, r6, r3, lsl r2",1
"andeq r2, r5, r0, lsl 14",1
"andeq r1, r0, r1, lsr r3",1
invalid,1
"andne r1, r1, 0xc0000004",1
"stmdbpl fp, {r0, fp, ip, lr}",1
"stmdbhs r0, {r0, r1, r3}",1
"teqne r1, 0x40000007",1
"usaxeq r0, r5, r2",1
bleq 0x1654b64,1
"andeq r1, r0, r1, lsl 6",1
"orreq r8, r2, sl, lsr 18",1
"mrslo r1, apsr",1
"andseq r0, r3, r3, lsl r1",1
"addhi r2, sl, 0, 22",1
beq 0x91e20,1
"muleq sl, r1, r2",1
"andeq r2, r5, r0, lsl 24",1
bleq 0xe95634,1
"movtne r0, 0x9b3b",1
"andeq r0, r0, r2, lsl 20",1
"movweq r0, 0xa2d",1
bllo 0x2e0670,1
"andeq r1, r1, r5, lsl 2",1
invalid,1
"movwne r0, 0x1655",1
"strtlo r0, [pc], -0",1
blo 0x212a4c,1
"stmdbmi r5, {r0, r1, r3, r8, sb, fp, ip, sp}",1
"andeq r0, r6, r3, lsl r2",1
"eorseq r3, r4, r0",1
bleq 0xe95668,1
"movtne r0, 0x953b",1
"andeq r0, r0, r2, lsl 12",1
"movweq r3, 0x431",1
bllo 0x2e06a4,1
"andseq r4, r3, 0x14000",1
"andlo r0, r0, 0xa",1
"teqne r1, 0x40000007",1
"tsteq r2, r1, lsl r1",1
"ldrbeq r0, [sb, -0xb58]",1
"andeq r1, r0, r1, lsl 6",1
"orreq r8, r2, r3, lsr sb",1
"mrslo r1, apsr",1
"strlo r0, [r0], -0x13",1
"tsteq r1, fp, lsl 2",1
"movwne r0, 0x1112",1
"cdphs p0, 3, c0, c5, c0, 0",1
blo 0x392aa4,1
"strhs r3, [r5, -fp, lsl 22]",1
"tstne r3, ip, lsl 18",1
"andmi r1, r1, r1, lsl 4",1
"mcrreq p7, 0, sb, r2, c6",1
"andeq r1, r0, r1, lsl 6",1
"movweq r0, 0x536",1
bllo 0x2e06dc,1
"andseq r4, r3, 0x14000",1
"strlo r0, [r0, -r6]",1
"cdpeq p0, 0, c0, c3, c5, 0",1
"ldreq r0, [fp, -0xb3a]!",1
"streq r1, [r2], -sb, asr 6",1
"ldrtlo r0, [r8], -0",1
blo 0x212ad8,1
"stmdbmi r5, {r0, r1, r3, r8, sb, fp, ip, sp}",1
"andeq r0, sl, r3, lsl r2",1
invalid,1
"mcreq p12, 0, r0, c3, c15, 1",1
bleq 0xed4bd4,1
"movtne r0, 0x9c27",1
"tsteq r2, r1, lsl r1",1
"addsmi r0, r7, 64, 12",1
"andseq r0, r3, ip, lsl 2",1
"eorseq r3, r4, r0, lsl 20",1
bleq 0xe93f10,1
"movtne r0, 0x9b3b",1
"andeq r0, r0, r2, lsl 20",1
svclo 0x12e3b,1
blo 0x392b44,1
"strhs r3, [fp, -fp, lsl 22]",1
"tstne r3, ip, lsl 18",1
"andmi r1, r1, r1, lsl 4",1
"mcrreq p7, 0, sb, r2, c10",1
"andeq r1, r0, r1, lsl 6",1
svclo 0x12e3c,1
blo 0x392b60,1
"strhs r3, [fp, -fp, lsl 22]",1
"andne r1, r1, 12, 2",1
"strls r4, [sl, -r1]",1
"movwne r0, 0x1c42",1
"ldreq r0, [sp, -0]!",1
blo 0x212b48,1
"stmdbmi fp, {r0, r1, r3, r8, sb, fp, ip, sp}",1
"andeq r0, sl, r3, lsl r2",1
invalid,1
"mcreq p12, 0, r0, c3, c15, 1",1
bleq 0xed4c44,1
"tsteq r1, r7, lsr 24",1
invalid,1
"swpeq r4, r7, [ip]",1
svclo 0x13,1
"ldceq p1, c0, [pc], -0xb8",1
bleq 0xe95780,1
"stceq p5, c0, [r7], -0xec",1
"tsteq r1, sb, asr 6",1
invalid,1
"swpeq r4, r7, [ip]",1
"andmi r0, r0, r3, lsl r0",1
"stmdaeq r3, {r0, r2}",1
"ldreq r0, [fp, -0xb3a]!",1
beq 0x96cb8,1
"strbeq r0, [r1, -0]",1
"andseq r3, r3, 0, 2",1
"andmi r0, r0, 0xa",1
"ldceq p1, c0, [pc], -0xb8",1
bleq 0xe957b4,1
"stceq p5, c0, [r7], -0xec",1
"tsteq r2, r1, lsl r1",1
"addsmi r0, r7, 64, 12",1
"andseq r0, r3, ip, lsl 2",1
"andeq r4, r5, r0, lsl 6",1
bleq 0xe957cc,1
"movtne r0, 0x953b",1
"andeq r0, r0, r2, lsl 20",1
"movweq r3, 0x444",1
bllo 0x2e0808,1
"andseq r4, r3, 0x2c000",1
"strmi r0, [r0, -0xa]",1
"mcreq p0, 0, r0, c3, c4, 1",1
bleq 0xed4cc8,1
"ldceq p3, c1, [pc], -0x124",1
"andeq r0, r0, r2, lsl 20",1
"movweq r3, 0x446",1
bllo 0x2e0828,1
svclo 0x134905,1
"andeq r0, sl, ip, lsl 4",1
"eorseq r4, r4, r0, lsl 14",1
bleq 0xe9580c,1
"movtne r0, 0x9b3b",1
"ldceq p12, c0, [ip], -0xfc",1
"cdphs p0, 4, c0, c8, c0, 0",1
"movweq r3, 0xcf00",1
bllo 0x2e084c,1
invalid,1
"stmdbmi r0, {r2, r3}",1
"ldceq p1, c0, [pc], -0xb8",1
bleq 0xe95830,1
invalid,1
"ldceq p3, c1, [ip], -0x124",1
"andeq r1, r0, r1, lsl 6",1
"stmdbmi r0, {r1, r3, r6, r8, sl}",1
blmi 0x12084,1
"ldceq p0, c0, [pc], -0xb8",1
bleq 0xe9584c,1
invalid,1
"ldceq p3, c1, [ip], -0x124",1
"cdphs p0, 4, c0, c12, c0, 0",1
"movweq r3, 0xcf01",1
bllo 0x2e088c,1
"stmdbmi ip, {r0, r2, r8, sb, sl, sp}",1
invalid,1
"stcmi p0, c0, [r0, -0x4c]",1
"ldceq p1, c0, [pc], -0xb8",1
"stceq p14, c0, [r7], -0xc",1
"ldceq p3, c1, [r4], -0x124",1
"movwne r0, 0x1c3c",1
"cdphs p0, 4, c0, c14, c0, 0",1
"movweq r3, 0xcf00",1
bllo 0x2e08b4,1
invalid,1
svcmi 0xc,1
"ldceq p1, c0, [pc], -0xb8",1
bleq 0xe95898,1
"stceq p5, c0, [r7], -0xec",1
"movwne r0, 0x1c3c",1
"cdphs p0, 5, c0, c0, c0, 0",1
"movweq r3, 0xcf01",1
bllo 0x2e08d8,1
"stmdbmi ip, {r0, r1, r3, r8, sb, sl, sp}",1
"andeq r3, ip, r3, lsl ip",1
"mrsne r0, apsr",1
"movwne r2, 0xe501",1
blne 0x392ce0,1
"andne r1, r1, 0x80000003",1
"andeq r1, r6, r1",1
"eoreq r0, r4, r0, lsl 4",1
bleq 0xf94cf0,1
"andeq r0, r0, r3, lsl 16",1
"movweq r1, 0x603",1
bllo 0x2e0908,1
"andseq r4, r3, fp, lsl 18",1
"eoreq r0, r4, r0, lsl 8",1
bleq 0xf94d08,1
"andeq r0, r0, r3, lsl 28",1
"movweq r2, 0x1e05",1
bllo 0x2e0920,1
"stmdbmi ip, {r0, r1, r3, r8, sb, sl, sp}",1
invalid,1
invalid,1
"stmdaeq r3, {r0, r2}",1
bleq 0xed4de4,1
"andeq r1, r0, sb, asr 6",1
"movweq r0, 0x507",1
bllo 0x2e0940,1
"andseq r4, r3, fp, lsl 18",1
"eorseq r0, r4, r0, lsl 16",1
bleq 0xe95920,1
"movtne r0, 0x9b3b",1
"strlo r0, [sb], -0",1
blo 0x212d20,1
"stmdbmi fp, {r0, r1, r3, r8, sb, fp, ip, sp}",1
beq 0x12174,1
bleq 0x2d2168,1
"andeq r1, r0, sb, asr 6",1
"stmdbmi r0, {r0, r1, r3, sb, sl, sp}",1
invalid,1
"cdpeq p0, 0, c0, c3, c10, 0",1
bleq 0xed4e28,1
"cdphs p0, 0, c0, c13, c0, 0",1
"movweq r3, 0xcf01",1
bllo 0x2e0984,1
"stmdbmi ip, {r0, r1, r3, r8, sb, sl, sp}",1
"andne r1, r1, 0xc0000004",1
"strls r4, [r6, -r1]",1
"andeq r0, r0, r2, asr 24",1
"movweq r0, 0x50e",1
bllo 0x2e0984,1
"andseq r4, r3, 0x2c000",1
svceq 6,1
"teqne r1, 0x40000007",1
"usaxeq r0, r5, r2",1
bleq 0x1654ed8,1
"ldreq r0, [r0, -0]",1
invalid,1
invalid,1
"teqne r1, 5",1
"andeq r0, r0, r2, lsl 12",1
"strpl r0, [r1, -0xb12]",1
"movwne r0, 6",1
"teqne r1, 0x34",1
"andeq r0, r0, r2, lsl 12",1
"tsteq r1, r0, lsl 2",1
bleq 0x4d5a38,1
"cdpeq p14, 1, c0, c11, c3, 0",1
"tsteq r2, r1, lsl r1",1
"andeq r0, r0, r0, lsl r6",1
bleq 0x1b1bc,1
"movweq r3, 0xbe0b",1
"movweq r0, 8",1
"mcreq p0, 0, r0, c3, c6, 0",1
bleq 0xed4eac,1
"andeq r1, r0, sb, asr 6",1
bleq 0x1b1dc,1
"movweq r3, 0xbe0b",1
"streq r0, [r0, -0xe]",1
bleq 0x2d2214,1
svceq 0x60000,1
"stmdbmi fp, {r8, sb, fp}",1
"smladeq r0, r3, r0, r0",1
"movtne r0, 0x9026",1
"strhs r0, [r8], -r0",1
invalid,1
bleq 0x2d2604,1
bleq 0xed4ee0,1
"andeq r1, r0, r1, lsl 6",1
"movweq r2, 0x80a",1
"andeq r1, sp, lr, lsl 24",1
invalid,1
"mcreq p12, 0, r0, c3, c15, 1",1
bleq 0xed4ef8,1
"movtne r0, 0x9c27",1
invalid,1
"andeq r1, r0, r1, lsl 6",1
"movweq r0, 0x50c",1
bllo 0x2e0a5c,1
"andseq r4, r3, fp, lsl 18",1
invalid,1
"mcreq p12, 0, r0, c3, c15, 1",1
bleq 0xed4f1c,1
"movtne r0, 0x9c27",1
"tsteq r2, r1, lsl r1",1
"addsmi r0, r7, 64, 12",1
"andseq r0, r3, ip, lsl 2",1
"andeq r0, r5, r0, lsl 28",1
bleq 0xe94258,1
"movtne r0, 0x9b3b",1
"andeq r0, r0, r2, lsl 12",1
"movweq r3, 0x40f",1
bllo 0x2e0a7c,1
"andseq r4, r3, 0x2c000",1
"andne r0, r0, r6",1
"smlabbeq r1, sb, r2, r8",1
"teqne r1, 0x40000004",1
"andeq r1, r0, r1, lsl 6",1
"orreq r8, r2, r1, lsl sl",1
"mrsls r0, r10_fiq",1
"andeq r0, r0, r2, asr 20",1
"orreq r8, r2, r2, lsl sb",1
"mrslo r1, apsr",1
"movwne r0, 0x13",1
"smlabbeq r1, sb, r2, r8",1
"teqne r1, 0x40000004",1
"cdphs p0, 1, c0, c4, c0, 0",1
"movweq r3, 0xcf01",1
bllo 0x2e0ad4,1
"stmdbmi ip, {r0, r1, r3, r8, sb, sl, sp}",1
"andne r1, r1, 0xc0000004",1
"strls r4, [r6], -r1",1
"movwne r0, 0x1c42",1
"cdphs p0, 1, c0, c5, c0, 0",1
"movweq r3, 0xcf01",1
bllo 0x2e0af0,1
"stmdbmi ip, {r0, r1, r3, r8, sb, sl, sp}",1
invalid,1
invalid,1
"stmdaeq r3, {r0, r2}",1
bleq 0xed4fb4,1
"andeq r1, r0, sb, asr 6",1
"movweq r3, 0x417",1
bllo 0x2e0af8,1
"andseq r4, r3, fp, lsl 18",1
"mrseq r1, apsr",1
"ldreq r0, [sb], -0",1
blo 0x2d4eec,1
"andeq r3, fp, fp, lsl 22",1
invalid,1
"tsteq r1, r1, lsr r3",1
invalid,1
"swpeq r4, r6, [ip]",1
blne 0x1234c,1
"teqne r1, 5",1
"andeq r0, r0, r2, lsl 12",1
invalid,1
"andeq r0, r6, r3, lsl r2",1
"andeq r1, fp, r0, lsl 26",1
"tsteq r2, r1, lsl r1",1
"ldcne p0, c0, [lr, -0]",1
"tstne r3, r1, lsl 2",1
"stmdapl r1, {r0, sb, ip}",1
"andeq r5, fp, fp, lsl 18",1
"andeq r1, r5, r0, lsl 30",1
bleq 0x716ff4,1
bleq 0x812334,1
"andne r1, r1, 0x40000000",1
invalid,1
"teqne r1, 0x40000007",1
"tsteq r2, r1, lsl r1",1
bleq 0x16550a8,1
"andeq r1, r0, r1, lsl 6",1
invalid,1
"andeq r0, sl, r3, lsl r2",1
"andeq r2, r5, r0, lsl 6",1
bleq 0xe95b68,1
"movtne r0, 0x9b3b",1
"andeq r0, r0, r2, lsl 12",1
svclo 0x12e24,1
blo 0x392f9c,1
"strhs r3, [r5, -fp, lsl 22]",1
invalid,1
"andseq r0, r3, ip, lsl 2",1
"andeq r2, r5, r0, lsl 10",1
"andeq r1, r0, sb, asr 6",1
svclo 0x2e26,1
blo 0x392fb8,1
"strhs r3, [fp, -fp, lsl 22]",1
"andeq r3, ip, ip, lsl 24",1
invalid,1
"mcreq p12, 0, r0, c3, c15, 1",1
"ldreq r0, [fp, -0xb3a]!",1
"ldceq p12, c0, [ip], -0x9c",1
"andeq r1, r0, r1, lsl 6",1
svclo 0x12e28,1
"strhs r0, [lr, -ip, lsl 6]",1
"ldrlo r4, [r3], -0x90c",1
invalid,1
"stmdbhs r0, {r0, r1, r4}",1
"ldceq p1, c0, [pc], -0xb8",1
bleq 0xe95bcc,1
"stceq p5, c0, [r7], -0xec",1
"ldceq p3, c1, [ip], -0x124",1
invalid,1
"mcreq p1, 1, r0, c5, c1, 0",1
invalid,1
"tsteq r1, fp, lsl lr",1
"sadd16eq r0, r0, r2",1
"strhs r0, [r2], -0",1
"vmlalo.f64 d0, d11, d0",1
"andeq r0, r8, fp, lsl 6",1
"eoreq r0, r4, r0, lsl 6",1
bleq 0xf9501c,1
"andeq r0, r0, r3, lsl 28",1
bleq 0x16008,1
"andseq r4, r3, fp, lsl 18",1
"eoreq r0, r6, r0, lsl 10",1
"andeq r1, r0, sb, asr 6",1
"stmdbmi r0, {r1, r2, r8, sl, ip, sp}",1
"smladeq r0, r3, r0, r0",1
"ldceq p1, c0, [pc], -0xb8",1
bleq 0xe95c20,1
invalid,1
"tsteq r2, r1, lsl r1",1
"addsmi r0, r7, 64, 12",1
"andseq r0, r3, ip, lsl 2",1
"addhi r0, sb, 0, 16",1
"tsteq r1, r1, lsl 2",1
"movwne r1, 0x1331",1
bhi 0x252434,1
"andeq r0, r0, 0x80000020",1
beq 0x10b6864,1
invalid,1
"smlabbne r0, r2, r1, r0",1
"andseq r3, r3, r1, lsl 2",1
"eorseq r0, r4, r0, lsl 22",1
bleq 0xe95c5c,1
"movtne r0, 0x9b3b",1
"ldceq p12, c0, [ip], -0xfc",1
"cdphs p0, 0, c0, c12, c0, 0",1
"movweq r3, 0xcf01",1
bllo 0x2e0c9c,1
"stmdbmi ip, {r0, r1, r3, r8, sb, sl, sp}",1
invalid,1
"stceq p0, c0, [r0, -0x4c]",1
"movtne r0, 0x9005",1
"cdphs p0, 0, c0, c14, c0, 0",1
"movweq r3, 0xcf01",1
bllo 0x2e0cb8,1
invalid,1
"andseq r0, r3, ip, lsl 2",1
"andseq r0, r8, r0, lsl 30",1
"cdphs p0, 1, c0, c0, c0, 0",1
"movweq r3, 0xcf00",1
bllo 0x2e0cd0,1
invalid,1
"andeq r0, r0, ip",1
"strhs r1, [r1, -0x101]",1
"movweq r1, 0xb30e",1
invalid,1
"andne r1, r1, r1, lsl 4",1
"andeq r0, r0, 6",1
"mcreq p0, 0, r0, c3, c6, 0",1
bleq 0xed51a4,1
"andeq r1, r0, sb, asr 6",1
bleq 0x1b4d0,1
"movweq r3, 0xbe0b",1
"streq r0, [r0], -0xe",1
bleq 0x2d2560,1
"stmdaeq r3, {r1, r2, r3, r4, r5, r8, sb, fp}",1
svceq 0x50000,1
"andeq r0, fp, r0, lsl 22",1
"andeq r0, pc, r0, lsl 12",1
"movtne r0, 0x9b0b",1
"movwne r0, 0x7000",1
bleq 0x3930f0,1
bllo 0x2e0d1c,1
"andseq r0, r3, fp, lsl 2",1
"andeq r0, sp, r0, lsl 16",1
bleq 0xe95d08,1
"movtne r0, 0x9b3b",1
"andeq r0, r0, r8, lsr sl",1
"movweq r0, 0xd09",1
bllo 0x2e0d44,1
"ldmdalo r3, {r0, r2, r8, fp, lr}",1
beq 0x1253c,1
"mcreq p0, 0, r0, c3, c6, 0",1
bleq 0xed5204,1
"mrseq r0, apsr",1
"tsteq r3, r1, lsl 18",1
invalid,1
"movtne r0, 0x9021",1
"andeq r0, r0, pc, lsr 22",1
svclo 0x12e0d,1
blo 0x393168,1
"strhs r3, [fp, -fp, lsl 22]",1
"andshs r4, r3, ip, lsl 18",1
"andseq r0, r3, fp, lsl 2",1
"andeq r0, r5, r0, lsl 28",1
bleq 0xe95d58,1
"movtne r0, 0x9b3b",1
"cdphs p0, 0, c0, c15, c0, 0",1
"movweq r3, 0xcf01",1
bllo 0x2e0d94,1
"stmdbmi ip, {r0, r1, r3, r8, sb, sl, sp}",1
"andne r1, r1, 0xc0000004",1
"strls r4, [r6, -r1]",1
"movwne r0, 0x1c42",1
"ldreq r0, [r0, -0]",1
blo 0x393174,1
"stmdbmi fp, {r0, r1, r3, r8, sb, fp, ip, sp}",1
"andeq r0, r6, r3, lsl r2",1
"eorseq r1, r4, r0, lsl 2",1
bleq 0xe95d90,1
"movtne r0, 0x9b3b",1
"andeq r0, r0, r2, lsl 12",1
"movweq r3, 0x412",1
bllo 0x2e0dcc,1
"andseq r4, r3, 0x2c000",1
"movwne r0, 0xa",1
"teqne r1, 0x40000007",1
"tsteq r2, r1, lsl r1",1
bleq 0x1655308,1
"andeq r1, r0, r1, lsl 6",1
invalid,1
"andeq r0, sl, r3, lsl r2",1
"addhi r1, sb, 0, 10",1
"tsteq r1, r1, lsl 2",1
"movwne r1, 0x1331",1
bhi 0x5925c4,1
"andeq r0, r0, 0x80000020",1
beq 0x10b69f4,1
invalid,1
"smlabbne r0, r2, r1, r0",1
"andseq r3, r3, r1, lsl 2",1
"eoreq r1, r6, r0, lsl 16",1
"andeq r1, r0, sb, asr 6",1
"movweq r3, 0x419",1
bllo 0x2e0e20,1
svclo 0x13490b,1
"andeq r3, ip, ip, lsl 24",1
invalid,1
"mcreq p12, 0, r0, c3, c15, 1",1
bleq 0xed52e4,1
"movtne r0, 0x9c27",1
"movwne r0, 0x1c3c",1
"ldreq r0, [fp, -0]",1
"andseq r4, r3, r0, lsl 18",1
invalid,1
"mcreq p12, 0, r0, c3, c15, 1",1
"ldreq r0, [fp, -0xb3a]!",1
"movtne r0, 0x9c27",1
"movwne r0, 0x1c3c",1
"cdphs p0, 1, c0, c13, c0, 0",1
"movweq r3, 0xcf00",1
bllo 0x2e0e64,1
"stmdbmi ip, {r0, r1, r3, r8, sb, sl, sp}",1
"andeq r3, ip, r3, lsl ip",1
"mrsne r0, apsr",1
"movwne r2, 0xe501",1
blne 0x39326c,1
"andne r1, r1, 0x80000003",1
"andeq r1, r6, r1",1
"eoreq r0, r4, r0, lsl 4",1
bleq 0xf9527c,1
"andeq r0, r0, r3, lsl 28",1
bleq 0x1b664,1
"movweq r3, 0xbe0b",1
"streq r0, [r0], -8",1
"mcreq p0, 0, r0, c3, c6, 0",1
bleq 0xed5350,1
"andeq r1, r0, sb, asr 6",1
bleq 0x16284,1
"streq r0, [r0], -fp",1
bleq 0x2d26b4,1
"andeq r1, r0, sb, asr 6",1
"movweq r1, 0x1307",1
blo 0x2d52bc,1
invalid,1
"stmdaeq r0, {r0, r1, r4}",1
"cdpeq p0, 0, c0, c3, c13, 0",1
bleq 0xed537c,1
beq 0xe173bc,1
"stceq p0, c0, [sb, -0]",1
blo 0x3932a0,1
"stmdbmi r5, {r0, r1, r3, r8, sb, fp, ip, sp}",1
"andeq r3, sl, r3, lsl r8",1
"andseq r0, r6, r0, lsl 20",1
bleq 0xe95ebc,1
"andeq r0, r0, fp, lsr fp",1
"stmdbmi r1, {r0, r1, r3, r8}",1
"andseq r0, r3, r3, lsl r1",1
"eoreq r0, r1, r0, lsl 24",1
bleq 0xbd73e8,1
"strne r0, [sp], -r0",1
blo 0x3932cc,1
"stmdbmi r5, {r0, r1, r3, r8, sb, fp, ip, sp}",1
"mcreq p0, 0, r0, c0, c3, 0",1
"movtne r0, 0x9026",1
"strhs r0, [pc], -r0",1
"andne r0, r0, r0",1
bleq 0x2d2af4,1
bleq 0xed53d0,1
"andeq r1, r0, r1, lsl 6",1
"movweq r2, 0x811",1
"andeq r1, sp, lr, lsl 24",1
"eoreq r1, r8, r0, lsl 4",1
"ldceq p8, c0, [ip, -0xc]",1
"cdphs p0, 1, c0, c3, c0, 0",1
"movweq r3, 0xcf01",1
bllo 0x2e0f40,1
"stmdbmi ip, {r0, r1, r3, r8, sb, sl, sp}",1
"strlo r2, [fp], -0x13",1
"andseq r0, r3, ip, lsl 2",1
"andeq r1, r5, r0, lsl 8",1
bleq 0xe95f28,1
"movtne r0, 0x9b3b",1
invalid,1
"strne r0, [r0], -r0",1
"ldceq p1, c0, [pc], -0xb8",1
bleq 0xe95f3c,1
invalid,1
bleq 0x81745c,1
"andeq r1, r0, r1, lsl 6",1
"movweq r2, 0x1e17",1
bllo 0x2e0f7c,1
"stmdbmi ip, {r0, r1, r3, r8, sb, sl, sp}",1
invalid,1
"stmdane r0, {r0, r1, r4}",1
"stmdaeq r3, {r2, r4, r5}",1
bleq 0xed5440,1
"andeq r1, r0, sb, asr 6",1
"andeq r0, r1, sb, lsl fp",1
"eorseq r1, r4, r0, lsl 20",1
bleq 0xe95f74,1
"movtne r0, 0x9b3b",1
bleq 0x6d2770,1
"andseq r0, r3, r1, lsl 2",1
invalid,1
"mcreq p12, 0, r0, c3, c15, 1",1
"ldreq r0, [fp, -0xb3a]!",1
"movtne r0, 0x9c27",1
"tsteq r2, r1, lsl r1",1
"addsmi r0, r7, 64, 12",1
"andseq r0, r3, ip, lsl 2",1
"eorseq r1, r4, r0, lsl 26",1
bleq 0xe95fa4,1
"movtne r0, 0x953b",1
"andeq r0, r0, r2, lsl 12",1
invalid,1
"andne r1, r1, 0xc0000004",1
"stmdbpl fp, {r0, fp, ip, lr}",1
"andseq r0, r3, r5, lsl 2",1
invalid,1
"tsteq r2, r1, lsl r1",1
"strtlo r0, [r0], -0",1
"andseq r3, r3, 0, 2",1
invalid,1
"ldrbeq r0, [r5], -fp, lsl 2",1
"andeq r1, r0, r1, lsl 6",1
invalid,1
"andne r1, r1, 0xc0000004",1
"stmdbpl fp, {r0, fp, ip, lr}",1
"andseq r0, r3, fp, lsl 2",1
"andeq r2, r5, r0, lsl 6",1
invalid,1
invalid,1
"smlabbne r1, r2, r1, r0",1
"andseq r3, r3, r1, lsl 2",1
"addhi r2, sl, 0, 10",1
beq 0x927fc,1
"muleq sl, r1, r2",1
"addhi r2, sb, 0, 12",1
"tsteq r1, r1, lsl 2",1
"movwne r1, 0x1331",1
bleq 0x9d280c,1
"andne r1, r1, 0x40000000",1
"andseq r0, r3, r1, lsl 2",1
"eorseq r2, r4, r0, lsl 16",1
beq 0x974e0,1
"strtlo r0, [sb], -0",1
"andseq r3, r3, r0, lsl 2",1
"eorseq r2, r4, r0, lsl 20",1
bleq 0xe96038,1
"movtne r0, 0x953b",1
"strtlo r0, [fp], -0",1
blo 0x393438,1
"stmdbmi fp, {r0, r1, r3, r8, sb, fp, ip, sp}",1
"andeq r0, sl, r3, lsl r2",1
"eorseq r2, r5, r0, lsl 24",1
"andeq r1, r0, sb, asr 6",1
"movweq r3, 0x42d",1
bllo 0x2e1088,1
svclo 0x13490b,1
"andeq r3, ip, ip, lsl 24",1
invalid,1
"mcreq p12, 0, r0, c3, c15, 1",1
"movtne r0, 0x9c27",1
"ldceq p12, c0, [ip], -0xd0",1
"andeq r1, r0, r1, lsl 6",1
"stmdbmi r0, {r0, r1, r2, r3, r5, r8, sl}",1
"andlo r0, r0, r3, lsl r0",1
"ldceq p1, c0, [pc], -0xb8",1
bleq 0xe96088,1
"stceq p5, c0, [r7], -0xec",1
"ldceq p3, c1, [ip], -0x124",1
"andeq r1, r0, r1, lsl 6",1
svclo 0x12e31,1
blo 0x3934c0,1
"strhi r3, [fp, -fp, lsl 22]",1
"stceq p14, c0, [r7], -0x100",1
"ldceq p3, c1, [ip], -0x124",1
"andeq r1, r0, r1, lsl 6",1
svclo 0x12e32,1
blo 0x3934d8,1
"strhs r3, [r5, -fp, lsl 22]",1
invalid,1
"movwlo r0, 0x13",1
"ldceq p1, c0, [pc], -0xb8",1
bleq 0xe960c8,1
"stceq p5, c0, [r7], -0xec",1
"ldceq p3, c1, [ip], -0x124",1
invalid,1
"mcreq p1, 1, r0, c5, c1, 0",1
invalid,1
"tsteq r1, fp, lsl lr",1
"sadd16eq r0, r0, r2",1
"strne r0, [r2], -r0",1
blo 0x3934e0,1
"stmdbmi fp, {r0, r1, r3, r8, sb, fp, ip, sp}",1
"movweq r0, 0x13",1
bleq 0x2d297c,1
invalid,1
"strhs r0, [r4], -0",1
"vmlalo.f64 d0, d11, d0",1
"andeq r0, r8, fp, lsl 6",1
"andeq r0, pc, r0, lsl 10",1
"andeq r0, r0, fp, lsl 22",1
bleq 0x16520,1
"andseq r4, r3, fp, lsl 18",1
"tsteq r3, r0, lsl 14",1
bleq 0x2d6120,1
bleq 0xed5600,1
"andeq r1, r0, r1, lsl 6",1
"movweq r0, 0xd08",1
bllo 0x2e115c,1
"ldmdalo r3, {r0, r1, r3, r8, fp, lr}",1
"stmdbeq r0, {r1, r3}",1
"cdpeq p0, 0, c0, c3, c13, 0",1
"ldreq r0, [fp, -0xb3a]!",1
beq 0xe1765c,1
"strne r0, [sl], -r0",1
blo 0x393540,1
"andeq r3, fp, fp, lsl 22",1
invalid,1
"movwne r1, 0x1349",1
invalid,1
svchs 0x134900,1
"stceq p0, c0, [r0, -0x2c]",1
"ldceq p1, c0, [pc], -0xb8",1
bleq 0xe9616c,1
"stceq p5, c0, [r7], -0xec",1
"tsteq r1, sb, asr 6",1
invalid,1
"swpeq r4, r7, [ip]",1
"mcreq p0, 0, r0, c0, c3, 0",1
"stmdaeq r3, {r0, r2}",1
bleq 0xed5664,1
"streq r1, [r2], -sb, asr 6",1
"strlo r0, [pc], -0",1
blo 0x393588,1
"stmdbmi fp, {r0, r1, r3, r8, sb, fp, ip, sp}",1
"andeq r0, r6, r3, lsl r2",1
"eorseq r1, r4, r0",1
bleq 0xe949a4,1
"movtne r0, 0x9b3b",1
"andeq r0, r0, r2, lsl 12",1
"orreq r8, r2, r1, lsl sb",1
"mrslo r1, apsr",1
"andseq r0, r3, r3, lsl r1",1
"addhi r1, sl, 0, 4",1
beq 0x929b8,1
"muleq sl, r1, r2",1
"addhi r1, sb, 0, 6",1
"tsteq r1, r1",1
"andeq r1, r0, r1, lsr r3",1
"orreq r8, r2, r4, lsl sb",1
"mrslo r1, apsr",1
"strne r0, [r0, -0x13]",1
"mcreq p0, 0, r0, c3, c4, 1",1
bleq 0xed56c0,1
"ldceq p3, c1, [pc], -0x124",1
"andeq r0, r0, ip, lsr ip",1
svclo 0x12e16,1
blo 0x393618,1
"strhs r3, [r5, -fp, lsl 22]",1
invalid,1
"andseq r0, r3, ip, lsl 2",1
"andeq r1, r5, r0, lsl 14",1
"andeq r1, r0, sb, asr 6",1
svclo 0x12e18,1
blo 0x393634,1
"strhs r3, [fp, -fp, lsl 22]",1
invalid,1
"andseq r0, r3, ip, lsl 2",1
invalid,1
"mcreq p12, 0, r0, c3, c15, 1",1
"ldreq r0, [fp, -0xb3a]!",1
"strhs r4, [lr, -r7, lsl 1]",1
invalid,1
"andseq r0, r3, ip, lsl 2",1
"eoreq r1, lr, r0, lsl 20",1
"mcreq p12, 0, r0, c3, c15, 1",1
bleq 0xed571c,1
"movtne r0, 0x9c27",1
"andeq r0, r0, ip, lsr ip",1
"tsteq r1, r0, lsl 2",1
bleq 0x4d62d8,1
"cdpeq p14, 1, c0, c11, c3, 0",1
"tsteq r2, r1, lsl r1",1
"andeq r0, r0, r0, lsl r6",1
"movweq r1, 0x602",1
bllo 0x2e1290,1
"andseq r4, r3, fp, lsl 18",1
"eoreq r0, r4, r0, lsl 6",1
bleq 0xf95690,1
"andeq r0, r0, r3, lsl 28",1
bleq 0x1ba7c,1
"movweq r3, 0xbe0b",1
"streq r0, [r0, -8]",1
bleq 0x2d2ab4,1
svceq 0x60000,1
"stmdbmi fp, {r8, sb, fp}",1
"smladeq r0, r3, r0, r0",1
"mcreq p1, 0, r0, c3, c3, 0",1
bleq 0xe956b8,1
"movwne r0, 0x1b3b",1
"stceq p0, c0, [r8, -0]",1
blo 0x393698,1
"stmdbmi fp, {r0, r1, r3, r8, sb, fp, ip, sp}",1
"andeq r3, sl, r3, lsl r8",1
"andeq r0, sp, r0, lsl 18",1
bleq 0xe962b4,1
"movtne r0, 0x953b",1
"andeq r0, r0, r8, lsr sl",1
"movweq r1, 0x60a",1
bllo 0x2e12f0,1
bleq 0x12ae8,1
"movtne r0, 0x9101",1
"andeq r1, r0, r1, lsl 6",1
"stmdbmi r0, {r2, r3, r8, sp}",1
"andeq r2, fp, r3, lsl pc",1
invalid,1
bleq 0xe962e0,1
invalid,1
"movwne r0, 0x1b20",1
"streq r0, [lr, -0]",1
blo 0x2136e4,1
"stmdbmi fp, {r0, r1, r3, r8, sb, fp, ip, sp}",1
svceq 0x13,1
"ldceq p1, c0, [pc], -0xb8",1
bleq 0xe96300,1
"stceq p5, c0, [r7], -0xec",1
"tsteq r1, sb, asr 6",1
invalid,1
"swpeq r4, r7, [ip]",1
"andne r0, r0, r3, lsl r0",1
"cdpeq p0, 0, c0, c3, c5, 0",1
bleq 0xed57f8,1
"streq r1, [r2], -sb, asr 6",1
"ldcne p0, c0, [r1, -0]",1
"tstne r3, r1, lsl 2",1
"stmdapl r1, {r0, sb, ip}",1
"mrseq r5, apsr",1
"andne r0, r0, 0x13",1
"teqne r1, 5",1
"andeq r0, r0, r2, lsl 12",1
"orreq r8, r2, r3, lsl sb",1
"mrslo r1, apsr",1
"strne r0, [r0], -0x13",1
"andeq r8, r1, sl, lsl 5",1
"addsmi r0, r1, 0x2000",1
"strne r0, [r0, -0xa]",1
"smlabbeq r1, sb, r2, r8",1
"teqne r1, 0x40000004",1
"andeq r1, r0, r1, lsl 6",1
"movweq r3, 0x416",1
bllo 0x2e1394,1
svclo 0x13490b,1
"andeq r3, ip, ip, lsl 24",1
invalid,1
"mcreq p12, 0, r0, c3, c15, 1",1
"ldreq r0, [fp, -0xb3a]!",1
"movtne r0, 0x9c27",1
"movwne r0, 0x1c3c",1
"ldreq r0, [r8, -0]",1
"andseq r4, r3, r0, lsl 18",1
invalid,1
"mcreq p12, 0, r0, c3, c15, 1",1
bleq 0xed5874,1
"movtne r0, 0x9c27",1
"movwne r0, 0x1c3c",1
"cdphs p0, 1, c0, c10, c0, 0",1
"movweq r3, 0xcf01",1
bllo 0x2e13d8,1
"stmdbmi ip, {r0, r1, r3, r8, sb, sl, sp}",1
"andeq r3, ip, r3, lsl ip",1
"mrsne r0, apsr",1
"movwne r2, 0xe501",1
blne 0x3937e0,1
"andne r1, r1, 0x80000003",1
"andeq r1, r6, r1",1
"eoreq r0, r4, r0, lsl 4",1
bleq 0xf957f0,1
"andeq r0, r0, r3, lsl 28",1
"movweq r1, 0x603",1
bllo 0x2e1408,1
"andseq r4, r3, fp, lsl 18",1
"eoreq r0, r4, r0, lsl 8",1
bleq 0xf95808,1
"andeq r0, r0, r3, lsl 16",1
bleq 0x167f8,1
"streq r0, [r0], -fp",1
bleq 0x2d2c28,1
"andeq r1, r0, sb, asr 6",1
"movweq r1, 0x1307",1
blo 0x2d5830,1
invalid,1
"stmdaeq r0, {r0, r1, r4}",1
"cdpeq p0, 0, c0, c3, c13, 0",1
bleq 0xed58f0,1
beq 0xe17930,1
"stceq p0, c0, [sb, -0]",1
blo 0x393814,1
"stmdbmi r5, {r0, r1, r3, r8, sb, fp, ip, sp}",1
"andeq r3, sl, r3, lsl r8",1
"andseq r0, r6, r0, lsl 20",1
bleq 0xe96430,1
"andeq r0, r0, fp, lsr fp",1
"stmdbmi r1, {r0, r1, r3, r8}",1
"andseq r0, r3, r3, lsl r1",1
"eoreq r0, r1, r0, lsl 24",1
bleq 0xbd795c,1
"cdphs p0, 0, c0, c13, c0, 0",1
"movweq r3, 0xcf01",1
bllo 0x2e147c,1
"stmdbmi ip, {r0, r2, r8, sb, sl, sp}",1
"andne r1, r1, 0xc0000004",1
"strls r4, [r6, -r1]",1
"movwne r0, 0x1c42",1
"streq r0, [lr, -0]",1
blo 0x21385c,1
"stmdbmi fp, {r0, r1, r3, r8, sb, fp, ip, sp}",1
"andeq r0, r6, r3, lsl r2",1
"andeq r0, r5, r0, lsl 30",1
bleq 0xe96478,1
"movtne r0, 0x9b3b",1
"andeq r0, r0, r2, lsl 12",1
"movweq r0, 0x510",1
bllo 0x2e14b4,1
"andseq r4, r3, 0x2c000",1
invalid,1
"ldrbeq r0, [r5], -fp, lsl 2",1
"andeq r1, r0, r1, lsl 6",1
"movweq r3, 0x412",1
bllo 0x2e14b4,1
"andseq r4, r3, 0x2c000",1
"movwne r0, 6",1
"smlabbeq r1, sb, r2, r8",1
"teqne r1, 0x40000004",1
"andeq r1, r0, r1, lsl 6",1
"orreq r8, r2, r4, lsl sl",1
"mrsls r0, r10_fiq",1
"andeq r0, r0, r2, asr 20",1
"orreq r8, r2, r5, lsl sb",1
"mrslo r1, apsr",1
invalid,1
"mcreq p0, 0, r0, c3, c4, 1",1
bleq 0xed59b0,1
"ldceq p3, c1, [pc], -0x124",1
"andeq r0, r0, ip, lsr ip",1
svclo 0x12e17,1
blo 0x393908,1
"strhs r3, [r5, -fp, lsl 22]",1
invalid,1
"andseq r0, r3, ip, lsl 2",1
"andeq r1, r5, r0, lsl 16",1
"andeq r1, r0, sb, asr 6",1
svclo 0x12e19,1
blo 0x393924,1
"strhi r3, [r5, -fp, lsl 22]",1
"stceq p14, c0, [r7], -0x100",1
"ldceq p3, c1, [ip], -0x124",1
"andeq r1, r0, r1, lsl 6",1
svclo 0x12e1a,1
blo 0x39393c,1
"strhi r3, [r5, -fp, lsl 22]",1
"stceq p14, c0, [r7], -0x100",1
"ldceq p3, c1, [ip], -0x124",1
invalid,1
"sadd16eq r0, r0, r1",1
"tsteq r2, r1, lsl r1",1
"ldmdaeq fp, {r0, r1, fp}",1
"ldreq r0, [r3, -0x825]",1
invalid,1
"sadd16eq r0, r0, r1",1
"tsteq r2, r1, lsl r1",1
"ldmdaeq fp, {r0, r1, fp}",1
"ldreq r0, [r3, -0x825]",1
invalid,1
"sadd16eq r0, r0, r1",1
"tsteq r2, r1, lsl r1",1
"ldmdaeq fp, {r0, r1, fp}",1
"ldreq r0, [r3, -0x825]",1
invalid,1
"mcreq p1, 1, r0, c5, c1, 0",1
invalid,1
"tsteq r2, r1, lsl r1",1
"andeq r0, r0, r0, lsl r6",1
bleq 0x1bd74,1
"movweq r3, 0xbe0b",1
"movweq r0, 0xe",1
"ldceq p1, c0, [pc], -0xb8",1
bleq 0xe96588,1
invalid,1
"tsteq r1, sb, asr 6",1
invalid,1
"swpeq r4, r7, [ip]",1
"streq r0, [r0], -0x13",1
"stmdaeq r3, {r0, r2}",1
bleq 0xed5a80,1
"streq r1, [r2], -sb, asr 6",1
"streq r0, [r5, -0]",1
blo 0x3939a4,1
"stmdbmi fp, {r0, r1, r3, r8, sb, fp, ip, sp}",1
"andeq r0, sl, r3, lsl r2",1
"eorseq r0, r4, r0, lsl 12",1
bleq 0xe965c0,1
"movtne r0, 0x9b3b",1
"andeq r0, r0, r2, lsl 20",1
"orreq r8, r2, r7, lsl 18",1
"mrslo r1, apsr",1
"stmdaeq r0, {r0, r1, r4}",1
"andeq r8, r1, sl, lsl 5",1
"addsmi r0, r1, 0x2000",1
"stmdbeq r0, {r1, r3}",1
bleq 0x2d2e14,1
"andeq r1, r0, sb, asr 6",1
svclo 0x12e0a,1
blo 0x393a14,1
"strhs r3, [fp, -fp, lsl 22]",1
invalid,1
"andseq r0, r3, ip, lsl 2",1
"andeq r0, r5, r0, lsl 22",1
"andeq r1, r0, sb, asr 6",1
svclo 0x12e0c,1
blo 0x393a30,1
"strhs r3, [fp, -fp, lsl 22]",1
invalid,1
"andeq r0, r0, ip",1
"strhs r1, [r1, -0x101]",1
"movweq r1, 0xb30e",1
invalid,1
"andne r1, r1, r1, lsl 4",1
"andeq r0, r0, 6",1
bleq 0x2d2eb4,1
invalid,1
"strhs r0, [r3], -0",1
"vmlalo.f64 d0, d11, d0",1
"andeq r0, r8, fp, lsl 6",1
"andseq r0, r6, r0, lsl 8",1
bleq 0xe96648,1
"movtne r0, 0x9b3b",1
"movwne r0, 0x5000",1
bleq 0x393a4c,1
bllo 0x2e1678,1
"andseq r0, r3, r5, lsl 2",1
"andeq r0, sp, r0, lsl 12",1
bleq 0xe94e64,1
"movtne r0, 0x953b",1
"andeq r0, r0, r8, lsr sl",1
"movweq r0, 0xd07",1
bllo 0x2e16a0,1
"ldmdalo r3, {r0, r2, r8, fp, lr}",1
"stmdaeq r0, {r1, r3}",1
bleq 0x2d32d0,1
"ldreq r0, [fp, -0xb3a]!",1
"andeq r1, r0, r1, lsl 6",1
"movweq r0, 0xd09",1
bllo 0x2e16a4,1
"andseq r4, r3, r5, lsl 18",1
"andseq r0, r6, r0, lsl 20",1
bleq 0xe9669c,1
"movtne r0, 0x953b",1
"cdphs p0, 0, c0, c11, c0, 0",1
blo 0x393aa0,1
"strhs r3, [r5, -fp, lsl 22]",1
"andshs r4, r3, ip, lsl 18",1
"andseq r0, r3, fp, lsl 2",1
"andeq r0, r5, r0, lsl 24",1
bleq 0xe94ebc,1
"movtne r0, 0x953b",1
"strlo r0, [sp], -0",1
blo 0x213abc,1
"stmdbmi r5, {r0, r1, r3, r8, sb, fp, ip, sp}",1
"mcreq p0, 0, r0, c0, c3, 0",1
"movwne r0, 0x110b",1
"strlo r0, [pc], -0",1
blo 0x393ad0,1
"stmdbmi r5, {r0, r1, r3, r8, sb, fp, ip, sp}",1
"andne r0, r0, r3, lsl r0",1
"andeq r0, r0, fp, lsl 2",1
bleq 0x16b24,1
"andseq r4, r3, fp, lsl 18",1
"eoreq r1, r6, r0, lsl 4",1
"andeq r1, r0, sb, asr 6",1
svclo 0x12e13,1
blo 0x393b24,1
"strhs r3, [r5, -fp, lsl 22]",1
"tstne r3, ip, lsl 18",1
"andmi r1, r1, r1, lsl 4",1
"mcrreq p6, 0, sb, r2, c6",1
"ldreq r0, [r4, -0]",1
blo 0x213b0c,1
"stmdbmi r5, {r0, r1, r3, r8, sb, fp, ip, sp}",1
"andeq r0, r6, r3, lsl r2",1
"eorseq r1, r4, r0, lsl 10",1
bleq 0xe94f28,1
"movtne r0, 0x953b",1
"andeq r0, r0, r2, lsl 12",1
"movweq r3, 0x416",1
bllo 0x2e174c,1
"andseq r4, r3, 0x14000",1
"strne r0, [r0, -sl]",1
"teqne r1, 0x40000007",1
"usaxeq r0, r5, r2",1
"ldrbeq r0, [sb, -0xb58]",1
"ldreq r0, [r8, -0]",1
invalid,1
"stmdbne r0, {r0, r1, r3}",1
"teqne r1, 5",1
"andeq r0, r0, r2, lsl 12",1
"strpl r0, [r1, -0xb1a]",1
blne 0x12f74,1
"teqne r1, 0x34",1
"ldrlo r0, [ip], -0",1
"andseq r3, r3, 0, 2",1
"stcne p0, c0, [r0, -0x18]",1
"tsteq r1, fp, lsl 2",1
"movwne r0, 0x1112",1
bleq 0x792f78,1
invalid,1
svcne 0x13,1
"tsteq r1, fp, lsl 2",1
"andeq r0, r0, r2, lsl r1",1
"tsteq r1, r0, lsl 2",1
bleq 0x4d6824,1
"cdpeq p14, 1, c0, c11, c3, 0",1
"tsteq r2, r1, lsl r1",1
"andeq r0, r0, r0, lsl r6",1
bleq 0x1bfa8,1
"movweq r3, 0xbe0b",1
"movweq r0, 0xe",1
bleq 0x2d303c,1
"stmdaeq r3, {r1, r2, r3, r4, r5, r8, sb, fp}",1
"strne r0, [r4], -r0",1
blo 0x393bb8,1
"stmdbmi fp, {r0, r1, r3, r8, sb, fp, ip, sp}",1
"streq r0, [r0, -0x13]",1
"mcreq p1, 0, r0, c3, c3, 0",1
bleq 0xe95bf4,1
"movwne r0, 0x153b",1
"stceq p0, c0, [r6, -0]",1
blo 0x213bd4,1
"stmdbmi r5, {r0, r1, r3, r8, sb, fp, ip, sp}",1
"andeq r3, sl, r3, lsl r8",1
"andeq r0, sp, r0, lsl 14",1
bleq 0xe967f0,1
"movtne r0, 0x953b",1
"andeq r0, r0, r8, lsr sl",1
bleq 0x58c10,1
bllo 0x2e1820,1
"andseq r0, r3, r5, lsl 2",1
"andeq r0, sp, r0, lsl 18",1
bleq 0xe9500c,1
"movtne r0, 0x953b",1
"strne r0, [sl], -r0",1
blo 0x393c0c,1
"stmdbmi r5, {r0, r1, r3, r8, sb, fp, ip, sp}",1
bleq 0x13060,1
"cdpeq p1, 0, c0, c3, c14, 1",1
"ldreq r0, [fp, -0xb3a]!",1
"movtne r0, 0x9c27",1
"movwne r0, 0x1b20",1
"streq r0, [ip, -0]",1
blo 0x213c2c,1
"stmdbmi r5, {r0, r1, r3, r8, sb, fp, ip, sp}",1
"stceq p0, c0, [r0, -0x4c]",1
"stmdaeq r3, {r2, r4, r5}",1
"ldreq r0, [fp, -0xb3a]!",1
"andeq r1, r0, sb, asr 6",1
invalid,1
svceq 0x13,1
"mcreq p0, 0, r0, c3, c4, 1",1
"ldreq r0, [fp, -0xb3a]!",1
"andeq r1, r0, sb, asr 6",1
"andeq r0, r1, r0, lsl fp",1
"andeq r1, pc, r0, lsl 2",1
"movtne r0, 0x9b0b",1
"ldrhs r0, [r2], -r0",1
"andseq r4, r3, r0, lsl 18",1
invalid,1
"mcreq p12, 0, r0, c3, c15, 1",1
"ldreq r0, [fp, -0xb3a]!",1
"movtne r0, 0x9c27",1
"tsteq r2, r1, lsl r1",1
"addsmi r0, r6, 64, 12",1
"strne r0, [r0], -0xc",1
"stmdaeq r3, {r0, r2}",1
"ldreq r0, [fp, -0xb3a]!",1
"streq r1, [r2], -sb, asr 6",1
"ldcne p0, c0, [r5, -0]",1
"andspl r3, r3, 0x40000000",1
"stmdapl r6, {r0, r8, sl, ip, lr}",1
"andeq r5, r5, fp, lsl 18",1
"andeq r1, r5, r0, lsl 12",1
bleq 0x717d6c,1
"ldreq r0, [r7, -0]",1
"andseq r3, r3, 0, 2",1
"stmdane r0, {r1, r2}",1
"ldrbeq r0, [r5], -fp, lsl 2",1
"ldrlo r0, [sb], -0",1
"andseq r3, r3, r0, lsl 2",1
"eorseq r1, r4, r0, lsl 20",1
invalid,1
bleq 0x6d30cc,1
"andne r1, r1, 0x40000000",1
"andseq r0, r3, r1, lsl 2",1
"mrseq r1, apsr",1
"movwne r0, 0x1655",1
bleq 0x7530e0,1
"andne r1, r1, 0x40000000",1
"andeq r0, r0, r1",1
"strhs r1, [r1, -0x101]",1
"movweq r1, 0xb30e",1
invalid,1
"andne r1, r1, r1, lsl 4",1
"andeq r0, r0, 6",1
bleq 0x2d3190,1
"stmdaeq r3, {r1, r2, r3, r4, r5, r8, sb, fp}",1
"strne r0, [r3], -r0",1
blo 0x393d0c,1
"stmdbmi fp, {r0, r1, r3, r8, sb, fp, ip, sp}",1
"streq r0, [r0], -0x13",1
bleq 0x2d31a8,1
invalid,1
"cdphs p0, 0, c0, c5, c0, 0",1
"movweq r3, 0xcf01",1
bllo 0x2e1960,1
invalid,1
"andmi r1, r1, r1, lsl 4",1
"mcrreq p7, 0, sb, r2, c6",1
"andeq r1, r0, r1, lsl 6",1
"movweq r0, 0x506",1
bllo 0x2e1978,1
"andseq r4, r3, 0x2c000",1
"streq r0, [r0, -r6]",1
"mcreq p0, 0, r0, c3, c4, 1",1
bleq 0xed5e38,1
"andeq r1, r0, sb, asr 6",1
"strpl r0, [r1, -0xb08]",1
"andseq r0, r3, r6, lsl 2",1
"eorseq r0, r4, r0, lsl 18",1
bleq 0xe95170,1
"movtne r0, 0x9b3b",1
"andeq r0, r0, r2, lsl 12",1
"orreq r8, r2, sl, lsl 18",1
"andeq r1, r1, r1, lsl 2",1
"addhi r0, sl, 0, 22",1
beq 0x93180,1
"muleq sl, r1, r2",1
"addhi r0, sb, 0, 24",1
"tsteq r1, r1",1
"andeq r1, r0, r1, lsr r3",1
bleq 0x16dc4,1
"andseq r4, r3, fp, lsl 18",1
"eoreq r0, r6, r0, lsl 28",1
"andeq r1, r0, sb, asr 6",1
svclo 0x2e0f,1
blo 0x393dd4,1
"strhs r3, [fp, -fp, lsl 22]",1
"andne r1, r1, 12, 2",1
"strls r4, [sl, -r1]",1
"andeq r0, r0, r2, asr 24",1
"stmdbmi r1, {r4, r8}",1
"andseq r0, r3, r3, lsl r1",1
"eoreq r1, r1, r0, lsl 2",1
"ldrne r0, [r2, -0]",1
invalid,1
"movwne r0, 0x13",1
"movtne r0, 0x9005",1
"ldrlo r0, [r4], -0",1
blo 0x393dd8,1
"stmdbmi fp, {r0, r1, r3, r8, sb, fp, ip, sp}",1
invalid,1
"strne r0, [r0, -0xc]",1
"ldceq p0, c0, [pc], -0xb8",1
bleq 0xe969f8,1
invalid,1
"andeq r0, r0, ip, lsr ip",1
"tsteq r1, r0, lsl 2",1
bleq 0x4d6a90,1
"cdpeq p14, 1, c0, c11, c3, 0",1
"tsteq r2, r1, lsl r1",1
"andeq r0, r0, r0, lsl r6",1
bleq 0x1c214,1
"movweq r3, 0xbe0b",1
"movweq r0, 8",1
bleq 0x2d32a8,1
invalid,1
svceq 0x40000,1
"andeq r0, fp, r0, lsl 22",1
"andseq r0, r5, r0, lsl 10",1
"andeq r0, r0, r7, lsr 24",1
bleq 0x16e48,1
"andseq r4, r3, fp, lsl 18",1
invalid,1
"mcreq p12, 0, r0, c3, c15, 1",1
bleq 0xed5f28,1
"movtne r0, 0x9c27",1
"tsteq r2, r1, lsl r1",1
"addsmi r0, r7, 64, 20",1
"andseq r0, r3, ip, lsl 2",1
"andeq r0, r5, r0, lsl 16",1
bleq 0xe96a64,1
"movtne r0, 0x9b3b",1
"andeq r0, r0, r2, lsl 12",1
"orreq r8, r2, sb, lsl 18",1
"strls r1, [r1, -0x101]",1
"teqne r1, 0x4200",1
bhi 0x293270,1
"andeq r0, r0, 0x80000020",1
beq 0x10b76a0,1
"strlo r0, [fp], -0",1
blo 0x393e80,1
"stmdbmi fp, {r0, r1, r3, r8, sb, fp, ip, sp}",1
invalid,1
invalid,1
"ldceq p1, c0, [pc], -0xb8",1
bleq 0xe96aa0,1
invalid,1
"ldceq p3, c1, [ip], -0x124",1
"andeq r1, r0, r1, lsl 6",1
"stmdbmi r0, {r0, r2, r3, r8, sl}",1
"mcreq p0, 0, r0, c0, c3, 0",1
"stceq p1, c0, [r7], -0x54",1
invalid,1
"sadd16eq r0, r0, r1",1
"stmdaeq r3, {r0, r2, r4, r6, sb, sl}",1
"stmdaeq r5!, {r0, r1, r3, r4, fp}",1
"andeq r0, r0, r3, lsl r5",1
"andeq r5, r0, r0, lsl 22",1
"movwlo r0, 0x200",1
"andeq r0, r0, 0",1
"vstreq d15, [lr, -4]",1
"mrseq r0, apsr",1
"andeq r0, r0, r1",1
invalid,1
"eorvc r2, pc, lr, lsr 28",1
"cmnvc r4, 0xf0000006",1
"cmnvc sb, 0xbc000000",1
"cmnvc r0, 100, 10           ; 0x64",1
"ldclvs p1, c6, [r2, -0xbc]!",1
"ldrbtvc r0, [r3], -0",1
"cdphs p2, 7, c7, c4, c1, 3",1
"andeq r0, r1, r3, asr r0",1
"streq r0, [r0, -0]",1
"addseq r4, r0, r2, lsl 24",1
"sbceq r0, lr, r0, lsl 6",1
svchs 0x312f01,1
"smladxne r3, r1, r1, r3",1
svchs 0x31312e,1
invalid,1
"eoreq r3, pc, 0x2e000000",1
"mrseq r0, apsr",1
"andeq r0, r0, r3, lsr 32",1
"andseq r0, sp, r2",1
invalid,1
"strdeq r0, r1, [sp], -fp",1
"mrseq r0, apsr",1
invalid,1
"andeq r0, r1, r0",1
"strbtvc r6, [sb], -0xe69",1
"andeq r6, r0, lr, lsr 6",1
"cdpvs p0, 0, c0, c0, c0, 0",1
"andeq r0, r0, 0",1
"andeq r3, r0, r0, lsl 4",1
blx 0x53b56,1
invalid,1
"andeq r0, r1, r1, lsl 2",1
"andeq r0, r1, r0",1
"cdphs p1, 2, c0, c14, c0, 0",1
"rsbvc r7, pc, 0x2f",1
invalid,1
"strbvs r7, [r4, -0x379]!",1
invalid,1
"andeq r6, r0, r2, ror sp",1
"ldmdbvs r4!, {r0, r1, r5, r6, sb, ip, sp, lr} ^",1
invalid,1
"andeq r0, r0, r0",1
"addls r0, r8, r5, lsl 4",1
"stclo p0, c0, [r3, -0]",1
svchs 0x302f01,1
"eoreq r2, pc, 47, 30",1
"mrseq r0, apsr",1
"strvc r0, [r2], -0x500",1
"movweq r0, 0x8d",1
"ldrdlo r0, r1, [r1], -r0",1
invalid,1
"andeq r0, r5, 1",1
"andeq sp, r0, r0, lsl 25",1
invalid,1
invalid,1
"andeq r0, r7, r1, lsl 6",1
b 0x13bc0,1
"andeq r0, r0, 1",1
"vstreq d15, [lr, -4]",1
"mrseq r0, apsr",1
"andeq r0, r0, r1",1
invalid,1
"rsbeq r7, r3, r3, ror r2",1
"rsbsvc r7, r3, 0xbc00000",1
invalid,1
"strbvs r7, [r4, -0x56c]!",1
"cmnvc sb, 0xbc000000",1
"cmnvc r5, 0, 30",1
"mcrvs p15, 3, r2, c9, c2, 3",1
"ldrbtvs r6, [r5], -0xc63",1
"stmdbvs r2!, {r0, r2, r5, r6, r8, sb, sl, fp, sp} ^",1
"mcrhs p3, 0, r7, c0, c4, 3",1
"rsbvs r6, sb, 0x2f00",1
"cmnvc r5, 0, 30",1
"stmdbvs ip!, {r1, r4, r5, r6, r8, sb, sl, fp, sp} ^",1
invalid,1
"rsbvc r2, r1, 0x18c",1
svcvs 0x702d6d,1
"stcvs p9, c7, [sp], -0x1ac",1
"ldmdavc r5!, {r0, r3, r5, r6, sb, sl, fp, sp, lr} ^",1
"strbvc r6, [lr, -0x72d]!",1
"stmdbvs r2!, {r0, r2, r5, r6, r8, sp, lr} ^",1
"strlo r3, [lr, -pc, lsr 8]!",1
"stmdbvs pc!, {r1, r2, r3, r5, sb, ip, sp}",1
"strbvc r6, [ip, -0x36e]!",1
svchs 0x6564,1
svchs 0x727375,1
"stclvs p14, c6, [r3], -0x1a4",1
"rsbeq r6, r5, r5, ror r4",1
invalid,1
"rsbeq r2, r3, r4, ror lr",1
"movwvc r0, 1",1
"mrchs p1, 3, r6, c4, c4, 3",1
"andeq r0, r2, r8, rrx",1
"ldrbtvs r7, [r4], -0x300",1
"cdphs p15, 3, c6, c2, c9, 3",1
"andeq r0, r3, r8, rrx",1
"ldrbtvs r7, [r4], -0x300",1
"stmdavs lr!, {r0, r3, r5, r6, r8, sb, sl, fp, sp, lr}",1
"andeq r0, r0, r0, lsl 6",1
"strbvs r6, [sp, -0x974]!",1
invalid,1
"streq r6, [r0], -0x82e",1
invalid,1
"stclvs p4, c7, [r5, -0x1cc]!",1
invalid,1
"ldrbtvc r0, [r3], -0",1
"strbtvs r6, [r5], -r4, ror 8",1
"streq r6, [r0, -0x82e]",1
invalid,1
"mrchs p5, 3, r6, c3, c0, 3",1
"andeq r0, r3, r8, rrx",1
"ldrbtvs r7, [r4], -0x300",1
"stmdavs lr!, {r0, r3, r5, r6, r8, sb, sl, fp, sp, lr}",1
"andeq r0, r0, r0, lsl 12",1
"stmdbvs r2!, {r2, r3, r5, r6, r8, fp, sp, lr} ^",1
"rsbeq r2, r8, pc, ror 28",1
"strvc r0, [r0], -6",1
invalid,1
"andeq r6, r0, 0x2e0000",1
invalid,1
"stmdavs lr!, {r0, r2, r3, r5, r6, r8, sl, sp, lr}",1
"andeq r0, r0, r0, lsl 12",1
"strbtvc r7, [r1], -0x473",1
"movweq r6, 0x82e",1
"ldrbtvc r0, [r3], -0",1
"strbtvc r6, [lr], -0x964",1
"streq r6, [r0], -lr, lsr 16",1
"strbtvc r0, [r3], -0",1
"mcrhs p0, 3, r7, c5, c9, 3",1
"andeq r0, r6, r8, rrx",1
"cmnvs r4, r0, lsl 6",1
"ldmdbvs r4!, {r2, r4, r5, r6, r8, sl, fp, sp} ^",1
"stmdavs lr!, {r0, r2, r3, r5, r6, r8, sl, sp, lr}",1
"andeq r0, r0, r0, lsl 8",1
"cmnvc r2, 0x1d800000",1
"cdphs p15, 6, c6, c14, c9, 3",1
"andeq r0, r1, r8, rrx",1
"ldmdbvs r8!, {r8, sl, sp, lr} ^",1
"stmdbvs r1!, {r2, r4, r5, r6, sb, sl, sp, lr} ^",1
"rsbeq r2, r8, ip, ror 28",1
"andvc r0, r0, r4",1
"mcrvs p15, 3, r6, c7, c2, 3",1
"cdphs p13, 6, c6, c5, c1, 3",1
"andeq r0, r4, r8, rrx",1
"rsbvs r6, sb, 0, 24",1
"ldclvs p14, c6, [r4], -0x1a4",1
"streq r6, [r0], -lr, lsr 16",1
"ldrbvc r0, [r1, -0]!",1
"cdphs p4, 6, c7, c5, c15, 3",1
"andeq r0, r4, r8, rrx",1
"rsbsvc r6, r2, 0, 10",1
"stmdavs lr!, {r1, r2, r3, r5, r6, r8, sb, sl, fp, sp, lr}",1
"andeq r0, r0, r0, lsl 6",1
invalid,1
"stmdavs lr!, {r2, r4, r5, r6, sl, sp, lr}",1
"andeq r0, r0, r0, lsl 12",1
"stclvs p4, c7, [r4], -0x1cc",1
"stmdavs lr!, {r0, r3, r5, r6, sb, sp, lr}",1
"andeq r0, r0, r0, lsl 12",1
"ldmdbvs r2!, {r0, r1, r4, r5, r6, sl, ip, sp, lr} ^",1
"stmdavs lr!, {r1, r2, r3, r5, r6, r8, sb, sl, sp, lr}",1
"andeq r0, r0, r0, lsl 12",1
"ldrbtvc r6, [r4], -0xe69",1
"rsbsvc r7, r4, 0xbc000001",1
"streq r6, [r0], -0x82e",1
"ldrbtvc r0, [r3], -0",1
"ldclvs p14, c6, [r5, -0x1c8]!",1
"cdphs p13, 7, c6, c0, c3, 3",1
"andeq r0, r4, r8, rrx",1
"strbvc r3, [r2, -0xc00]!",1
"ldclhs p12, c6, [r4, -0x1a4]!",1
"eorseq r6, lr, sb, ror 28",1
invalid,1
"stclvs p3, c6, [r1], -0x1bc",1
"rsbeq r2, r8, r5, ror 28",1
"strvs r0, [r0], -6",1
invalid,1
"stmdavs lr!, {r0, r2, r3, r5, r6, r8, sl, sp, lr}",1
"andeq r0, r0, r0, lsl 8",1
"andeq r0, r5, 0",1
"andeq sb, r0, r0, lsl 3",1
"mrseq fp, apsr",1
"streq r0, [r2], -0x13",1
"andeq r6, r0, 0x3000",1
"rsbeq r0, r2, r4, lsl 2",1
"streq r0, [r3], -r2, lsl 8",1
"streq r0, [r2], -0x4a",1
"andeq r6, r0, 0x500000",1
"rsbeq r0, r6, r4, lsl 2",1
bmi 0xd45e0,1
"streq r0, [r4, -0x200]",1
"streq r0, [r2], -0x66",1
"rsbeq r0, r7, r1, lsl 12",1
"streq r0, [r3], -r2, lsl 8",1
"streq r0, [r2], -0x4a",1
"andeq r6, r0, 0x500000",1
"strvs r0, [r6, -0x604]",1
"movweq r0, 0x4200",1
"streq r0, [r2], -0x84",1
"subeq r0, sl, r5, lsl 12",1
"streq r0, [r6], -r2, lsl 8",1
"streq r0, [r2], -0x65",1
"andeq r8, r0, 0xc000000",1
bmi 0x194a20,1
"streq r0, [r4], -r0, lsl 4",1
"streq r0, [r2], -0x66",1
"rscseq r0, r3, r5, lsl 12",1
"strvs r0, [r6, -0x402]",1
"movweq r0, 0x4200",1
"streq r0, [r2], -0x83",1
"subeq r0, sl, r5, lsl 12",1
"strvs r0, [r6], -r2, lsl 8",1
"streq r0, [r4, -0x200]",1
"andeq pc, r0, 0x18000000",1
"rsbeq r0, r5, r4, lsl 12",1
"movwhi r0, 0x3402",1
"streq r0, [r4, -0x200]",1
"andeq r4, r0, 0x6000",1
"strbtvs r0, [r6], -r4, lsl 8",1
"eorne r0, ip, r6, lsl 4",1
"stmdahi r3, {r0, r1, r7, r8, sb, sl, ip, lr, pc}",1
"ldmdbvs r3, {r0, r1, sb, sl, sp, lr}",1
"tsteq sb, 0x20000000",1
bleq 0xe603c,1
"teqne r2, 0x4a",1
"stclvc p3, c0, [pc], {0xd7}",1
"movweq r0, 0x2482",1
"streq r0, [r2], 0x2a2",1
"stclvc p3, c0, [r0, 4]!",1
"strthi r4, [pc], -0xf82",1
bmi 0x1ffd688,1
"stmdbeq r3, {r2, r8, sb}",1
"movweq r0, 0x1466",1
"movweq r2, 0x4e78",1
"movweq r0, 0x1452",1
"ldrteq r0, [ip], -0x87a",1
invalid,1
invalid,1
"subeq sb, lr, r6, lsr 28",1
"streq r0, [r1], -r2, lsl 8",1
"adclo r0, r1, r2, lsl 13",1
"ldmdbvs r6!, {r0, r1, r2, r3, r5, r8, sb, fp, sp}",1
"mrseq r0, r12_usr",1
"rsbhi r0, fp, 160, 6",1
"stmdbmi lr!, {r0, r1, sb, sl, ip}",1
"mrseq r0, r12_usr",1
"ldreq r0, [lr], r4, lsl 13",1
blpl 0xe7140,1
invalid,1
svchs 0xe4086b,1
"streq r0, [r2], -0x84",1
"strbeq r0, [sl], -r1, lsl 12",1
blmi 0xbe7470,1
blt 0xb8ee4,1
"andeq r0, ip, 0x34000001",1
"strteq r0, [pc], -0x17a",1
"ldrtvs r0, [r1], -r2, lsl 6",1
svcmi 0x30104,1
"stmdaeq pc!, {r1, r7, r8, fp, sp, lr}",1
"movwhs r2, 0x8f23",1
svchs 0x24082f,1
"andhs r0, r3, r4, lsl 4",1
"movweq r0, 0x1466",1
"stchs p2, c8, [0x00013580]!",1
"eorseq r8, r0, r0, lsr r3",1
"streq r0, [r2], -r2, lsl 8",1
"streq r0, [r2], -0x4a",1
"andeq r8, r0, 0x10000000",1
"ldreq r0, [lr], r4, lsl 8",1
"andeq r2, r4, 0x13c",1
"strbteq r1, [r6], -0x503",1
"rsbhi r0, fp, 0x4000000",1
"teqhi r0, 0xbc0",1
"streq r0, [r2], -0x30",1
"subeq r0, sl, r2, lsl 12",1
"andhi r0, r1, 0x2000000",1
"streq r0, [r4], -0x200",1
"swpblo r0, lr, [lr]",1
"stmdbeq r3, {r2, sb}",1
"movweq r0, 0x1466",1
"andeq r8, r0, 120, 4",1
"strvs r0, [r6], -r4, lsl 2",1
svchs 0x4eb906,1
"strbteq r0, [sl], -0x204",1
"andeq r7, r0, 1, 30",1
"strvs r0, [r6], -r4, lsl 2",1
svchs 0x4eb906,1
"strbteq r0, [r5], -0x204",1
"andeq r8, r0, 0x1000000",1
"strvs r0, [r6], -r4, lsl 2",1
svchs 0x4ed506,1
bvc 0xd3f80,1
"stmdbhi r1, {r1, r2, r5, r6, sl}",1
"mrseq r0, r12_usr",1
"stmdblt r6, {r1, r2, sb, sl, sp, lr}",1
"andeq r2, r4, 0x138",1
"strbteq r7, [r6], -0x503",1
"andhi r0, ip, 0x4000000",1
"mrseq r0, r12_usr",1
"stmdblt r6, {r1, r2, sb, sl, sp, lr}",1
"andeq r2, r4, 0x138",1
"strbteq r7, [r6], -3",1
"andshi r0, r1, 0x4000000",1
"mrseq r0, r12_usr",1
"stmdblt r6, {r1, r2, sb, sl, sp, lr}",1
"andeq r2, r4, 0x138",1
"strbteq r6, [r6], -0xb03",1
"andshi r0, r6, 0x4000000",1
"mrseq r0, r12_usr",1
"stmdblt r6, {r1, r2, sb, sl, sp, lr}",1
"andeq r2, r4, 0x144",1
"strbteq r6, [r6], -0xa03",1
"andshi r0, r7, 0x4000000",1
"mrseq r0, r12_usr",1
"stmdblt r6, {r1, r2, sb, sl, sp, lr}",1
"andeq r2, r4, 0x138",1
"strbteq r5, [r6], -0xe03",1
"eorhi r0, r3, 0x4000000",1
"strteq r4, [pc], -0xe9d",1
"ldrbvs r0, [sb], -r2, lsl 6",1
"stmdahs r3, {r2, r8}",1
svchs 0x4e9d82,1
"strpl r0, [r3], -0x204",1
"movweq r0, 0x1466",1
"orrspl r8, sp, sp, lsr 4",1
"strvs fp, [r3, pc, lsr 22]",1
"mrseq r0, r12_usr",1
"andeq r8, r0, 0x60000000",1
"ldrbeq r0, [r6], r4, lsl 8",1
svchs 0xf52f4e,1
"vrshl.s64 d24, d3, d15",1
bmi 0x52c1c,1
"ldrbtvs r8, [lr], -r3, lsl 14",1
"stmdavs fp, {r4, r6, r8, sb, fp, lr} ^",1
"cdphs p3, 7, c0, c10, c12, 3",1
"mrseq r0, r12_usr",1
"andeq r2, r0, 6, 28",1
"andgt r0, r6, r4, lsl 2",1
"mrseq r0, r12_usr",1
"eoreq r7, lr, r3, lsl 20",1
"streq r0, [r3], -r2, lsl 8",1
"streq r0, [r2], -0x2e",1
"subseq r0, r0, r3, lsl 12",1
"movweq r0, 0x3402",1
"andeq r2, r0, 0x7a0",1
"cdphs p5, 0, c0, c6, c4, 0",1
"streq r0, [r4, -0x200]",1
"andeq r5, r0, 6",1
bvc 0xd4c64,1
svchs 0x49312e,1
"orrhi fp, r3, 0xcc0",1
"mrseq r0, r12_usr",1
"movwhi r4, 0x6a06",1
"mrseq r0, r12_usr",1
"strvs r4, [r6, -r6, lsl 20]",1
"rsbeq r4, r7, ip, ror 18",1
"streq r0, [r1], -r2, lsl 8",1
"stmibmi r5, {r1, r2, r3, r4, r7, sb, sl}",1
"streq r0, [r2], -0x9f",1
"ldreq r0, [lr], r1, lsl 12",1
invalid,1
"streq r0, [r2], -0x2f",1
"subeq r0, sl, r1, lsl 12",1
"andhi r0, r2, 0x2000000",1
"movweq r0, 0x4200",1
"streq r0, [r2], -0x4a",1
"cdplt p14, 0, c9, c6, c4, 0",1
"streq r0, [r2], -0xdc",1
"strbteq r0, [r6], -r1, lsl 12",1
bllt 0x12f4654,1
"andeq r8, r0, 0x7c000002",1
"strvs r0, [r6], -r4, lsl 2",1
"andeq r0, r0, 4, 10",1
"movweq r0, 0x6404",1
"ldrbvs r7, [r6, r5, lsl 29]",1
blx 0xd3cd0,1
"andeq r4, r0, 0x1000",1
"andhi r0, r6, 4, 10",1
"andeq r4, r0, 6, 30",1
"strvs r0, [r6], -r4, lsl 2",1
blmi 0xfe0edcec,1
"movweq r0, 0x24bb",1
"strteq r0, [lr], -0xf1",1
svcvc 0x920301,1
"andeq r6, r4, 0x82000000",1
"cdphs p0, 0, c15, c0, c3, 0",1
"andls r0, r3, r4, lsl 2",1
"ldchs p2, c8, [r0], -0x1fc",1
svchs 0x2dbb2f,1
"subseq r1, r2, r8, lsl 26",1
"streq r0, [r1], -r2, lsl 8",1
invalid,1
"orrshi fp, pc, 0x12c00",1
"mrseq r0, r12_usr",1
"streq r6, [r4, -0x606]",1
"streq r0, [r4], -0x200",1
"stclvc p3, c0, [r8, 0x18]!",1
"ldrdeq r6, r7, [r4, -r6]",1
bmi 0xb9528,1
"streq r0, [r4, -0x200]",1
"andpl r4, r6, r6, lsl 20",1
"andeq r4, r0, 0x2f400",1
"strvs r0, [r6], -r4, lsl 2",1
"rscseq sl, r3, r6",1
bvs 0x5493c,1
"movweq r0, 0x4200",1
"andeq r4, r0, 0x6000",1
"strbteq r0, [r6], -r4, lsl 10",1
bvs 0x13026e4,1
"bicseq r0, r8, pc, lsr 6",1
"andeq r3, r0, 0x80000035",1
"strle r0, [r6], -r4, lsl 6",1
"strbhi r6, [fp], -0x806",1
"strbvs r6, [r8, -fp, asr 14]!",1
"ldcvs p1, c3, [sp], 0xb4",1
invalid,1
"movweq r0, 0x4200",1
"stmdavs r6, {r1, r2, sb, pc}",1
"andeq r8, r0, 0x4b000000",1
bmi 0x194580,1
"mrseq r0, r12_usr",1
"streq r0, [r2], -0x66",1
"stmdavs r6, {r0, r1, sb, sl, fp, ip, pc}",1
"andeq r4, r0, 0x12c00",1
"rsbeq r0, r8, r4, lsl 2",1
"streq r0, [r3], -r2, lsl 8",1
"streq r0, [r2], -0x66",1
"andeq r6, r0, 0x500000",1
"addeq r0, r2, r4, lsl 6",1
bmi 0x1549a0,1
"stcllt p7, c6, [r8], -0x18",1
blmi 0xffd5ffbc,1
blmi 0xc66668,1
"streq r0, [r2], -0x31",1
"ldrbeq r0, [r6], r3, lsl 12",1
"rsblo r4, r7, r8, ror 22",1
"movweq r0, 0x4200",1
"andeq r4, r0, 0x6000",1
"rsbeq r0, r6, r4, lsl 2",1
"cdpls p4, 0, c0, c3, c2, 0",1
blmi 0x12ed9dc,1
svchs 0x4b334b,1
svcvc 0x83034e,1
"vldrhs d4, [0x00013b68]",1
"movteq r5, 0xab03",1
invalid,1
svcls 0x32e1f,1
"andgt r2, r3, 2, 28",1
invalid,1
invalid,1
"orrseq r0, r0, 0xa0000",1
"smladvs r3, sb, r6, r6",1
"stmdbmi sp, {r1, r2, r3, r5, sb, ip, sp} ^",1
"movteq r3, 0x7085",1
invalid,1
invalid,1
"vldmialt fp!, {d4, d5, d6, d7, d8, d9, d10, d11, d12, d13, d14, d15, d16, d17, d18, d19}",1
"rsbeq fp, sl, 0x2ec00",1
invalid,1
invalid,1
"vstrmi s27, [fp, -0x1a0]",1
"cdphs p12, 0, c8, c2, c3, 0",1
"biceq r0, sl, 0x2f0000",1
invalid,1
invalid,1
"stmdblo r8, {r0, r2, r3, sb, sl, fp, sp}",1
"cdphs p14, 0, c12, c2, c3, 0",1
"rsbshi sl, sp, 0x30000",1
invalid,1
"ldrble r0, [r2, fp, asr 5]!",1
"orreq r1, r2, 0xc0000000",1
svchs 0xd600fe,1
"movwls r0, 0x3604",1
"movweq r4, 0x4a7f",1
"ldrbtle sb, [ip], -r3, lsl 4",1
svcle 0x30104,1
"vfnmslt.f32 s23, s26, s8",1
"ldrhgt fp, [0x00013a58]!    ; [0x13a58:4]=0xc1c1c1c0",1
blt 0x254964,1
"bicgt ip, r1, r0, asr 3",1
"ldrteq ip, [pc], 0xc1       ; [0x13a64:4]=0x6043c08",1
bvc 0xff454674,1
"streq r3, [r4], -r8, lsl 24",1
"strvs sp, [r3], -r3, lsl 4",1
"cdpge p3, 0, c0, c3, c4, 0",1
invalid,1
"andhi sp, r3, 0xc00000",1
"movweq sp, 0x4c67",1
"ldmdaeq ip!, {r0, r1, sl, sp, pc} ^",1
"movweq r0, 0x6420",1
"strbteq r0, [r6], -0x3e0",1
"stcvc p3, c0, [r0], 0xc",1
invalid,1
"strvs fp, [r5], -r3, lsl 4",1
blo 0x98aa8,1
"strvs r0, [ip], -r1, lsl 6",1
"streq r6, [r3], 0x74b",1
bvc 0xfecd46c0,1
"movweq r0, 0x144a",1
"stclmi p5, c0, [r6, -0x340]!",1
svchs 0x4a1c03,1
invalid,1
"rsbseq r0, r6, 0x9f0000",1
invalid,1
"andeq r0, r0, pc, lsr 2",1
invalid,1
invalid,1
"strdeq r0, r1, [sp], -fp",1
"mrseq r0, apsr",1
invalid,1
invalid,1
svchs 0x6269,1
svchs 0x727375,1
svchs 0x62696c,1
svchs 0x636367,1
"stclhs p2, c7, [sp, -0x184]!",1
"stmdbvc fp!, {r4, r5, r6, r8, sb, sl, fp, sp, lr} ^",1
"cdpvs p12, 6, c6, c9, c13, 1",1
invalid,1
invalid,1
"strtlo r6, [pc], -0x962",1
"eorlo r3, lr, 0xb80000",1
invalid,1
"strbvs r7, [r4, -0x56c]!",1
"cmnvc r5, 0, 30",1
"mcrvs p15, 3, r2, c9, c2, 3",1
"ldrbtvs r6, [r5], -0xc63",1
"stmdbvs r2!, {r0, r2, r5, r6, r8, sb, sl, fp, sp} ^",1
svchs 0x7374,1
svchs 0x727375,1
"stclvs p14, c6, [r3], -0x1a4",1
"rsbeq r6, r5, r5, ror r4",1
svcvs 0x6c6300,1
"strbvc r6, [0x000135c5]!",1
"rsbeq r2, r3, r4, ror lr",1
"movwvc r0, 1",1
"strbvs r6, [r4, -0x474]!",1
"rsbeq r2, r8, r6, ror 28",1
"strvc r0, [r0], -2",1
invalid,1
"movweq r6, 0x82e",1
"ldrbtvc r0, [r3], -0",1
"cdphs p9, 6, c6, c15, c4, 3",1
"andeq r0, r4, r8, rrx",1
"rsbvs r6, sb, 0, 24",1
"stmdavs lr!, {r0, r3, r5, r6, r8, sb, sl, fp, sp, lr}",1
"andeq r0, r0, r0, lsl 8",1
"strbtvc r7, [sb], -0x865",1
"stclvs p1, c6, [sb], -0x198",1
invalid,1
invalid,1
"strbtvc r6, [lr], -0x962",1
"rsbeq r2, r8, ip, ror 28",1
invalid,1
"ldrbvs r6, [r4, -0xf75]!",1
"cdphs p2, 6, c7, c7, c1, 3",1
"andeq r0, r1, r8, rrx",1
"rsbsvc r6, r2, 0, 10",1
"stmdavs lr!, {r0, r1, r2, r3, r5, r6, sb, ip, sp, lr}",1
"andeq r0, r0, r0, lsl 2",1
invalid,1
"stmdavs lr!, {r2, r4, r5, r6, sl, sp, lr}",1
"andeq r0, r0, r0, lsl 8",1
invalid,1
"ldrbtvc r2, [r3], -0xd65",1
"stclvs p5, c6, [r1, -0x1c8]!",1
invalid,1
"rsbvc r0, r5, 0",1
"mcrhs p14, 3, r6, c15, c2, 3",1
"andeq r0, r3, r8, rrx",1
"streq r0, [r0, -0]",1
"adceq sp, ip, r2, lsl 24",1
invalid,1
"eorhi r0, r4, 0x4c000000",1
"andshi r0, ip, 0x4c000000",1
"andeq sb, r0, 0x12c",1
"andhi r0, r6, 4, 2",1
"orrshi r8, pc, 0x6000000",1
"ldmibvs r8, {r3, r8, sb, fp, ip, lr} ^",1
"andne r6, r2, 0x27c0000",1
svclt 0x10100,1
"andeq r0, r0, 0",1
"andeq r8, r0, r0, lsl 2",1
blx 0x54402,1
invalid,1
"andeq r0, r1, r1, lsl 2",1
"andeq r0, r1, r0",1
"stmdbvs ip!, {r8} ^",1
"strvc r0, [0x00013bb2]!",1
"stcvs p2, c7, [pc], -0x1cc",1
"strvs r6, [pc, -sb, ror 4]!",1
invalid,1
"eorvc r6, sp, r2, ror sp",1
invalid,1
"strbvc r6, [lr, -0x96c]!",1
"mcrvs p13, 3, r2, c7, c8, 3",1
"rsbvs r6, r1, 0x1d400000",1
"cdphs p15, 3, c2, c4, c9, 3",1
svchs 0x322e37,1
"stclvs p14, c6, [r3], -0x1a4",1
"rsbeq r6, r5, r5, ror r4",1
"rsbsvc r7, r3, 0xbc00000",1
invalid,1
"strbvs r7, [r4, -0x56c]!",1
invalid,1
invalid,1
"stcvs p5, c6, [sp], -0x1b4",1
"cdphs p0, 6, c7, c12, c7, 3",1
"andeq r0, r1, r3, rrx",1
"ldrbtvs r7, [r4], -0x300",1
"cdphs p5, 6, c6, c6, c4, 3",1
"andeq r0, r2, r8, rrx",1
"rsbsvc r7, r4, 0, 6",1
"cdphs p14, 6, c6, c7, c9, 3",1
"andeq r0, r3, r8, rrx",1
"streq r0, [r0, -0]",1
"adceq pc, sp, r2, lsl 8",1
"tsteq lr, r0, lsl 6",1
"uhasxvs r0, sl, r3",1
"andeq r4, r0, 0xd4000",1
"strbteq r0, [sb], -r4, lsl 2",1
"eorslo r0, r1, 0x8200000",1
"eorlo r2, sp, r5, asr 30",1
"cdphs p3, 7, c0, c9, c13, 2",1
"addpl r0, r2, 0x300",1
"eorseq sp, r3, lr, asr 2",1
"streq r0, [r2], -r2, lsl 8",1
invalid,1
"andeq r0, r2, r6, ror 4",1
"eoreq r0, fp, r1, lsl 2",1
"andeq r0, r2, r0",1
"andeq r0, r0, r5, lsr 32",1
"cdpeq p1, 0xf, c0, c11, c2, 0",1
"mrseq r0, apsr",1
"andeq r0, r0, r1, lsl 2",1
"andeq r0, r0, r0, lsl 2",1
"rsbvs r6, sb, 0x100",1
invalid,1
invalid,1
invalid,1
"andeq r0, r0, r0, lsl 2",1
"andeq r6, r0, r0, lsl 12",1
"cdplo p2, 0, c0, c0, c0, 0",1
"andeq r0, r0, 0",1
"vstreq d15, [lr, -4]",1
"mrseq r0, apsr",1
"andeq r0, r0, r1",1
invalid,1
"rsbeq r6, r2, ip, ror 18",1
"rsbsvc r7, r3, 0xbc00000",1
invalid,1
"strbvs r7, [r4, -0x56c]!",1
"cdpvs p0, 6, c0, c1, c0, 0",1
invalid,1
invalid,1
"andeq r0, r0, r0, lsl 2",1
"stmdbvs r4!, {r0, r1, r4, r5, r6, sl, ip, sp, lr} ^",1
"stmdavs lr!, {r1, r2, r3, r5, r6, sl, ip, sp, lr}",1
"andeq r0, r0, r0, lsl 4",1
"andeq r0, r5, 0",1
"strheq sl, [r0], -r4",1
"stmdavs r1, {r0, r1, sl, sp}",1
"cdphs p3, 1, c0, c0, c7, 2",1
"mrseq r0, r12_usr",1
"andeq r4, r0, 0x6000",1
"vrhadd.u8 d0, d6, d4",1
"streq r2, [r2], -0x408",1
"andeq r0, r1, 0, 2",1
"andeq r0, r0, 1",1
"andeq sp, r0, r0, lsl 8",1
blx 0x5455e,1
invalid,1
"andeq r0, r1, r1, lsl 2",1
"andeq r0, r1, r0",1
"stmdbvs ip!, {r8} ^",1
"strvc r0, [0x00013d0e]!",1
"stcvs p2, c7, [pc], -0x1cc",1
"strvs r6, [pc, -sb, ror 4]!",1
invalid,1
"eorvc r6, sp, r2, ror sp",1
invalid,1
"strbvc r6, [lr, -0x96c]!",1
"mcrvs p13, 3, r2, c7, c8, 3",1
"rsbvs r6, r1, 0x1d400000",1
"cdphs p15, 3, c2, c4, c9, 3",1
svchs 0x322e37,1
"stclvs p14, c6, [r3], -0x1a4",1
"rsbeq r6, r5, r5, ror r4",1
"rsbsvc r7, r3, 0xbc00000",1
invalid,1
"strbvs r7, [r4, -0x56c]!",1
"strbtvc r6, [sb], -0x22f",1
"strvc r0, [0x00013d41]!",1
"stmdbvs pc!, {r0, r1, r4, r5, r6, sb, ip, sp, lr}",1
"strbvc r6, [ip, -0x36e]!",1
"andeq r6, r0, r4, ror 10",1
invalid,1
"strbvs r6, [sp, -0x16e]!",1
invalid,1
"ldrbtvc r0, [r3], -0",1
"strbtvs r6, [r5], -r4, ror 8",1
"andeq r6, r0, 0x2e0000",1
invalid,1
"mrchs p5, 3, r6, c3, c0, 3",1
"andeq r0, r3, r8, rrx",1
"rsbvs r6, sb, 0, 24",1
"stmdavs lr!, {r0, r3, r5, r6, r8, sb, sl, fp, sp, lr}",1
"andeq r0, r0, r0, lsl 8",1
"cdpvs p2, 7, c7, c2, c5, 3",1
"rsbeq r2, r8, pc, ror 28",1
"movwvc r0, 4",1
svcvs 0x696474,1
"streq r6, [r0], -0x82e",1
"eorsvs r0, ip, 0",1
"strbtvc r6, [ip], -0x975",1
"cdplo p9, 6, c6, c14, c13, 1",1
"andeq r0, r0, r0",1
"stclvs p4, c7, [r4], -0x1cc",1
"stmdavs lr!, {r0, r3, r5, r6, sb, sp, lr}",1
"andeq r0, r0, r0, lsl 8",1
"ldmdbvs r2!, {r0, r1, r4, r5, r6, sl, ip, sp, lr} ^",1
"stmdavs lr!, {r1, r2, r3, r5, r6, r8, sb, sl, sp, lr}",1
"andeq r0, r0, r0, lsl 8",1
"andeq r0, r5, 0",1
"andeq sl, r0, r0, lsr 30",1
"movweq r2, 0x1703",1
"mcrrlt p14, 0, r2, sp, c11",1
"rsbeq r6, r7, r1, lsr r7",1
"streq r0, [r1], -r2, lsl 8",1
"adcsge r0, sp, r6, ror 12",1
bmi 0x1e54b14,1
"eorpl r1, lr, r3, lsl 10",1
invalid,1
"andeq ip, r4, r1, lsl 4",1
"stmdbmi r0, {sb}",1
"andeq r0, r0, 1",1
"vstreq d15, [lr, -4]",1
"mrseq r0, apsr",1
"andeq r0, r0, r1",1
invalid,1
"rsbeq r6, r2, ip, ror 18",1
"rsbsvc r7, r3, 0xbc00000",1
invalid,1
"strbvs r7, [r4, -0x56c]!",1
"strbtvc r6, [sb], -0x22f",1
"strvc r0, [0x00013e15]!",1
"stcvs p2, c7, [pc], -0x1cc",1
"strvs r6, [pc, -sb, ror 4]!",1
invalid,1
"eorvc r6, sp, r2, ror sp",1
invalid,1
"strbvc r6, [lr, -0x96c]!",1
"mcrvs p13, 3, r2, c7, c8, 3",1
"rsbvs r6, r1, 0x1d400000",1
"cdphs p15, 3, c2, c4, c9, 3",1
svchs 0x322e37,1
"stclvs p14, c6, [r3], -0x1a4",1
"rsbeq r6, r5, r5, ror r4",1
"rsbsvc r7, r3, 0xbc00000",1
invalid,1
"strbvs r7, [r4, -0x56c]!",1
"ldrbvc r0, [r1, -0]!",1
invalid,1
invalid,1
"andeq r0, r0, r0, lsl 2",1
"ldrbtvc r2, [r3], -0xd63",1
invalid,1
"cdphs p5, 7, c6, c1, c5, 3",1
"andeq r0, r1, r8, rrx",1
"rsbsvc r7, r4, 0, 6",1
invalid,1
"andeq r6, r0, 0x2e0000",1
"cmnvs r8, r0",1
invalid,1
invalid,1
"ldrbtvc r0, [r3], -0",1
"strbtvs r6, [r5], -r4, ror 8",1
"movweq r6, 0x82e",1
"ldrbvc r0, [r1, -0]!",1
invalid,1
"stmdavs lr!, {r1, r4, r5, r6, r8, sb, sl, sp, lr}",1
"andeq r0, r0, r0, lsl 2",1
"ldrbvs r7, [r0, -0x974]!",1
"rsbeq r2, r8, r3, ror lr",1
"strvc r0, [r0], -2",1
"cdphs p13, 6, c6, c5, c9, 3",1
"andeq r0, r4, r8, rrx",1
"rsbvs r6, sb, 0, 24",1
"stmdavs lr!, {r0, r3, r5, r6, r8, sb, sl, fp, sp, lr}",1
"andeq r0, r0, r0, lsl 8",1
invalid,1
"rsbeq r2, r8, r2, ror lr",1
"movwvc r0, 4",1
svcvs 0x696474,1
"streq r6, [r0], -0x82e",1
invalid,1
"strbtvc r6, [lr], -0x962",1
"rsbeq r2, r8, ip, ror 28",1
"strvc r0, [r0, -r4]",1
"rsbsvc r7, sb, r3, ror 8",1
"rsbeq r2, r8, r5, ror 28",1
"movwvc r0, 4",1
"mcrvs p2, 3, r7, c9, c4, 3",1
"rsbeq r2, r8, r7, ror 28",1
invalid,1
"stclvs p3, c6, [r1], -0x1bc",1
"rsbvc r6, r1, 0x630000",1
"mrchs p5, 3, r6, c4, c3, 3",1
"andeq r0, r1, r8, rrx",1
"ldmdbvc r4!, {r8, sb, sp, lr} ^",1
"stmdavs lr!, {r4, r5, r6, r8, sl, sp, lr}",1
"andeq r0, r0, r0, lsl 8",1
"stclvs p4, c7, [r4], -0x1cc",1
"stmdavs lr!, {r0, r3, r5, r6, sb, sp, lr}",1
"andeq r0, r0, r0, lsl 8",1
"cdpvs p2, 7, c7, c2, c5, 3",1
"rsbeq r2, r8, pc, ror 28",1
"andeq r0, r0, r2",1
"stmdale r2, {r8, sl}",1
"movweq r0, 0xaf",1
svchs 0x101b3,1
svchs 0x4bc908,1
invalid,1
"strbeq r1, [sl], -0x503",1
"cdphs p3, 4, c0, c10, c2, 0",1
"orreq r7, r2, 0x30000000",1
invalid,1
"andvc r2, r3, 120, 28",1
"stmdavc r3, {r1, r2, r3, r5, sb, ip, lr}",1
"cdphs p3, 7, c0, c2, c14, 1",1
"mrchs p3, 3, r0, c8, c2, 2",1
"strteq r7, [lr], -0x203",1
"rscseq r0, sp, r1, lsl 6",1
"andeq r4, r4, 0x20800",1
"ldrbtle fp, [pc], -r3, lsl 20 ; [0x13fec:4]=0x522e7203",1
"cdphs p3, 7, c0, c8, c14, 3",1
"eorpl r7, lr, 0x30000000",1
invalid,1
"cmpeq r2, 0x720",1
"andvc r2, r3, 120, 28",1
"stmdavc r3, {r1, r2, r3, r5, sb, ip, lr}",1
"cdphs p3, 7, c0, c2, c14, 1",1
"mrchs p3, 3, r0, c8, c2, 2",1
"eorpl r7, lr, 0x30000000",1
invalid,1
invalid,1
"andhi sb, r1, 0xc00",1
"andeq sp, r4, 0x4b0000",1
"ldreq r4, [lr], 0x403",1
"ldrtvs r0, [sp], -r1, lsl 6",1
"rscsgt r1, r2, r3, lsl 12",1
"andhi r0, fp, 0x2c000001",1
"rsbeq sb, r7, r8, lsl 14",1
"streq r0, [r1], -r2, lsl 8",1
"streq r0, [r2], -0x4a",1
"rsbeq r0, r7, r1, lsl 12",1
invalid,1
"mrseq r0, r12_usr",1
"streq r0, [r2], -0x2d",1
svceq 0x34801,1
"ldrvs r0, [r7], -sl, asr 6",1
svclt 0x38483,1
invalid,1
"andeq r2, r0, 0, 28",1
"strteq r0, [pc], -r4, lsl 2",1
"strbvs r0, [fp, -0x69e]",1
"cdpmi p5, 4, c6, c9, c2, 5",1
"andeq r6, r0, 0xd40000",1
bmi 0x194484,1
"mrseq r0, r12_usr",1
svcvc 0xb30306,1
"streq r0, [r2], -0x66",1
"sbceq r0, pc, r1, lsl 6",1
"streq r0, [r2], -0x4a",1
"andeq r2, r0, 1, 26",1
"movteq r0, 0x9104",1
"strmi r4, [r3], -sl, lsl 20",1
"movwvs r4, 0x392e",1
invalid,1
"movteq r0, 0xa0d6",1
"stclhs p15, c7, [sl, -0x2b4]",1
"stmdbne r3, {r0, r2, r3, r5, r8, sl, fp, sp}",1
invalid,1
"stmdbne r3, {r1, r2, r5, r6, sb, fp, lr}",1
"stmdami sp!, {r1, r3, r6, sl, fp, lr}",1
"movteq r6, 0xab03",1
"stclhs p0, c0, [sl, -0x33c]",1
bmi 0x1fffccc,1
"sbceq r0, pc, sp, asr 6",1
"movteq r2, 0x9d4a",1
invalid,1
"str r2, [r3], -0xe02",1
"strlo r0, [r0, -0x87d]!",1
"eorseq r6, r3, sb, asr 16",1
"streq r0, [r1], -r2, lsl 8",1
invalid,1
"andvc r6, r3, 188, 16",1
invalid,1
"sbceq r0, r5, r7, ror 6",1
invalid,1
bmi 0x1054e10,1
"adceq r6, r4, r8, ror 16",1
"streq r0, [r1], -r2, lsl 8",1
svcls 0xa00666,1
invalid,1
"streq r0, [r2], -0x67",1
"strbteq r0, [r6], -r1, lsl 12",1
bvs 0x17d631c,1
"ldmibls pc, {r0, r1, r2, r3, r4, r7, r8, sb, sl, fp, ip, pc}",1
"cdpeq p3, 0, c3, c3, c15, 1",1
"cdpmi p13, 4, c4, c11, c14, 1",1
"mrseq r0, r12_usr",1
"andeq r8, r0, 0x60000000",1
blhs 0x194538,1
"mrseq r0, r12_usr",1
bmi 0x1e94df4,1
"movwvc r3, 0x354d",1
"andne r2, r3, 8",1
"andeq r8, r0, 0x2e000",1
bmi 0x194550,1
"andeq r0, r4, 0, 4",1
"streq r0, [r2], -0x82",1
"vmlami.f32 s8, s12, s6",1
"stmdaeq sl, {r0, r1, ip} ^",1
svcls 0x686826,1
blt 0xa14fd4,1
"movweq sp, 0x4569",1
bmi 0x1f4416c,1
bgt 0xd4574,1
"movteq r6, 0xb603",1
invalid,1
invalid,1
"ldmle sl!, {r1, r4, r5, r7, sb}",1
"andeq r4, r0, 76, 30",1
"ldrteq r0, [sp], r4, lsl 2",1
"ldchs p6, c0, [0x00014318]",1
"andeq r0, r4, 0, 4",1
invalid,1
"rsbeq r0, r6, r3, lsl 22",1
ble 0x55198,1
bmi 0x1f811a0,1
"strvs ip, [r2], -r3, lsl 26",1
"tsteq r1, 2, 28",1
"movthi r4, 0xba0c",1
"ldmdaeq fp, {r0, r4, r5, r8, sb} ^",1
"movwhs r6, 0x3b90",1
"andeq sl, r0, 8, 24",1
bmi 0x1945c0,1
"movteq sl, 0xe206",1
"strvc r8, [r3, -0x20b]",1
invalid,1
invalid,1
"strbvs r3, [r8, -r7, rrx]!",1
"strbvs r3, [r7, -fp, asr 10]!",1
"mcrgt p13, 0, r4, c3, c12, 4",1
invalid,1
"stmdaeq r8!, {r0, sb, sl, fp, sp} ^",1
"ldclvc p3, c0, [r8, 0x8c]",1
"streq r0, [r2], -0x82",1
"eoreq r0, lr, r1, lsl 12",1
blt 0x951ec,1
"movweq r0, 0x4200",1
blge 0xd5b14,1
"stmibvs r3, {r1, sb, sl, sp, lr}",1
"mrseq r0, r12_usr",1
"stmdbvs r5!, {r0, r1, r4, r5, r6, r7, r8, sb, sl, fp, ip, pc} ^",1
"stmdane r6!, {r0, r1, r2, r3, r5, sb}",1
"rsbseq pc, ip, 3, 26",1
"sublo r0, pc, r4, lsr 2",1
bmi 0x1994ebc,1
invalid,1
"smladxlt r3, sb, r6, r6",1
svcgt 0x34a7f,1
invalid,1
"movteq r7, 0xafaf",1
invalid,1
invalid,1
invalid,1
bllt 0xff5945d8,1
"sublo r4, fp, r5, lsl 25",1
blhs 0x12e0858,1
"movweq r6, 0x4933",1
"ldrbtvs fp, [sl], -r3, lsl 22",1
"strgt r0, [r3], -r4, lsl 2",1
"ldrvs r8, [r2, -r5, lsl 4]!",1
"stmdaeq r8, {r4, r5, r8, fp, sp, lr} ^",1
"strbvs r4, [fp, -lr, asr 25]",1
"andlt r0, r3, r4, lsl 8",1
invalid,1
"strvs sp, [r4], -r3, lsl 2",1
"stmdaeq r8!, {r0, r1, r3, r6, r8, sb} ^",1
invalid,1
"movteq sp, 0xd61e",1
blmi 0xfeeb2d40,1
svcmi 0x30bc67,1
invalid,1
invalid,1
"strhi r2, [r3], 0xf83",1
blmi 0xbd9434,1
svchs 0x4f302f,1
invalid,1
invalid,1
invalid,1
"stchs p7, c6, [r3, 0x19c]",1
"teqeq r0, 8, 30",1
invalid,1
"strteq r6, [sp], -0x884",1
"ldcvc p3, c0, [r8], {4}",1
invalid,1
"strvs lr, [r3], -r3, lsl 26",1
svchs 0x4b7708,1
"rsbhi r0, r2, 76, 6",1
"vmlshs.f64 d4, d3, d11",1
"subeq r2, ip, lr, lsr 30",1
bllt 0x952c4,1
"andeq r0, r4, 0, 4",1
svchs 0x84a049,1
blmi 0x1a27464,1
"sbceq r0, sb, r8, ror 6",1
"mcrmi p15, 3, r2, c7, c6, 6",1
blmi 0x13a6f90,1
"strbvs r3, [r7, -fp, asr 4]!",1
svcls 0x4b8332,1
svcls 0x4b9f4f,1
"rsblo r6, r7, 0x1380000",1
"eorsge r8, r2, r3, lsl 7",1
bvs 0xfe7f52b8,1
svchs 0x324b4b,1
blmi 0xbe0c20,1
bllt 0xb97b04,1
"orrseq r8, pc, 0xcc000003",1
"stmdavs fp, {r0, r1, r4, r5, r6, sb, sl, sp, lr} ^",1
"movthi r0, 0xaf03",1
"ldclt p3, c3, [pc], {0x83}",1
svchs 0x4a0e03,1
"strbvs r4, [r7, -fp, asr 28]!",1
"sublo r2, fp, 50, 30",1
"andeq r4, r2, 0x12c00",1
blvs 0x5471c,1
"andeq r0, r0, 1",1
"andeq r7, r0, r0, lsl 12",1
blx 0x54b2a,1
invalid,1
"andeq r0, r1, r1, lsl 2",1
"andeq r0, r1, r0",1
"stmdbvs ip!, {r8} ^",1
"strvc r0, [0x000142da]!",1
"stcvs p2, c7, [pc], -0x1cc",1
"strvs r6, [pc, -sb, ror 4]!",1
invalid,1
"eorvc r6, sp, r2, ror sp",1
invalid,1
"strbvc r6, [lr, -0x96c]!",1
"mcrvs p13, 3, r2, c7, c8, 3",1
"rsbvs r6, r1, 0x1d400000",1
"cdphs p15, 3, c2, c4, c9, 3",1
svchs 0x322e37,1
"stclvs p14, c6, [r3], -0x1a4",1
"rsbeq r6, r5, r5, ror r4",1
"rsbsvc r7, r4, 0, 6",1
"cmnvs r4, 0x690",1
invalid,1
"andeq r0, r0, r0, lsl 2",1
"mrcvs p4, 3, r7, c2, c3, 3",1
"stclvs p13, c6, [r3, -0x1d4]!",1
"mcrvs p13, 3, r2, c9, c0, 3",1
invalid,1
"ldrbtvc r0, [r3], -0",1
"strbtvs r6, [r5], -r4, ror 8",1
"andeq r6, r0, 0x2e0000",1
"andeq r0, r0, r0",1
"ldrbtgt r0, [r8], -r5, lsl 4",1
"stcne p0, c0, [r3, -0]",1
"movweq r0, 0x2401",1
svchs 0x2e00d7,1
"movweq r0, 0x1433",1
"stclhs p15, c7, [r6, -0x28c]!",1
invalid,1
"stmdbmi pc!, {sb, fp, lr}",1
"stchs p0, c5, [r5, 0xc0]",1
"cdpls p3, 7, c0, c0, c8, 4",1
svcls 0x30104,1
"andeq r2, r4, 0x7f0",1
bmi 0x513dc,1
invalid,1
"ldrbtvs r8, [pc], -r3, lsl 18 ; [0x143d8:4]=0x1042e00",1
blx 0xd4bec,1
invalid,1
bmi 0x1ff5bf0,1
"stc2 p2, c0, [r3, -0x10]",1
bvc 0xdfbec,1
invalid,1
"strhi r0, [r3], -r4, lsl 2",1
"andeq r4, r4, 0x7f000",1
"cdphs p9, 0, c8, c1, c3, 0",1
"orrslo r8, sb, 72, 14",1
"vst4.8 {d0, d2, d4, d6}, [r3], r4",1
"andeq r2, r4, 0x7e0",1
"cdphs p14, 0, c8, c1, c3, 0",1
"stmdavs fp, {r3, r6, r8, sb, sl, pc} ^",1
svchs 0x854e4b,1
"fstmdbxmi sp!, {d4, d5, d6, d7, d8, d9, d10, d11, d12, d13, d14, d15, d16, d17, d18, d19}",1
"strvs r5, [r3, 0x2d]!",1
"streq r6, [r5], 0x585",1
"cdpvc p3, 0xc, c0, c13, c1, 0",1
"movweq r0, 0x2466",1
"strteq r0, [lr], -0x1b6",1
"cdpvc p3, 0xc, c0, c10, c1, 0",1
"movweq r0, 0x244a",1
invalid,1
blpl 0x226e24,1
bgt 0xd4850,1
"andeq r4, r4, 0x7e000",1
"cdphs p5, 0, c12, c1, c3, 0",1
"orrslo r8, sb, 72, 14",1
"stmdalt r3, {r2, r8}",1
"andeq r2, r4, 0x7e0",1
"vmlahs.f32 s24, s2, s6",1
"stmdavs fp, {r3, r6, r8, sb, sl, pc} ^",1
svcvc 0x99034b,1
bmi 0x9d518c,1
invalid,1
invalid,1
"strbmi r7, [sl, -0xfbf]",1
bmi 0xf15140,1
"stclt p3, c3, [r3, -0x114]",1
"teqeq r0, 0x7f000",1
"ldrteq sb, [r0], -0xe3a",1
"cdpvc p3, 0xc, c0, c0, c1, 0",1
"muleq r4, lr, r2",1
"teqeq ip, r1, lsl 2",1
"andeq r0, r2, r0",1
"strheq r0, [r0], -r2",1
"cdpeq p1, 0xf, c0, c11, c2, 0",1
"mrseq r0, apsr",1
"andeq r0, r0, r1, lsl 2",1
"andeq r0, r0, r0, lsl 2",1
"rsbvs r6, sb, 0x100",1
"cmnvc r5, 0, 30",1
"mcrvs p15, 3, r2, c9, c2, 3",1
"ldrbtvs r6, [r5], -0xc63",1
"stmdbvs r2!, {r0, r2, r5, r6, r8, sb, sl, fp, sp} ^",1
svchs 0x7374,1
svchs 0x727375,1
"stclvs p14, c6, [r3], -0x1a4",1
"rsbeq r6, r5, r5, ror r4",1
"rsbsvc r7, r3, 0xbc00000",1
"rsbvs r6, sb, 0x2f00",1
invalid,1
"ldclvs p1, c6, [r2, -0xbc]!",1
blvs 0x1bf0590,1
"stmdbvs ip!, {r0, r3, r4, r5, r6, r8, sl, fp, sp} ^",1
"ldclhs p5, c7, [r8, -0x1b8]!",1
"ldrbvs r6, [r5, -0xe67]!",1
svchs 0x696261,1
"mrchs p14, 1, r2, c7, c4, 1",1
"mcrvs p15, 3, r2, c9, c2, 1",1
"ldrbtvs r6, [r5], -0xc63",1
"stmdavc r0, {r0, r2, r5, r6}",1
"stclvs p1, c6, [ip], -0x1b4",1
invalid,1
"andeq r0, r0, r0, lsl 2",1
"stclvs p1, c6, [ip], -0x1e0",1
"stmdavs lr!, {r0, r1, r2, r3, r5, r6, r8, sb, sp, lr}",1
"andeq r0, r0, r0, lsl 2",1
"ldmdbvs r2!, {r0, r1, r4, r5, r6, sl, ip, sp, lr} ^",1
"cdphs p7, 3, c6, c3, c14, 3",1
"andeq r0, r2, r8, rrx",1
"ldrbtvs r7, [r4], -0x300",1
"cdphs p9, 6, c6, c2, c12, 3",1
"andeq r0, r3, r8, rrx",1
"rsbsvc r7, r4, 0, 6",1
"cdphs p14, 6, c6, c7, c9, 3",1
"andeq r0, r3, r8, rrx",1
"ldrbtvs r7, [r4], -0x300",1
"cdphs p5, 6, c6, c6, c4, 3",1
"andeq r0, r4, r8, rrx",1
"streq r0, [r0, -0]",1
"sbceq fp, sb, r2, lsl 16",1
invalid,1
"sbcslo r2, r7, fp, asr 30",1
"cdpge p2, 0, c0, c3, c4, 0",1
svchs 0x2f4a01,1
"vaddhs.f64 d24, d15, d3",1
blmi 0xbf5300,1
"stmdami r3, {r2, r8}",1
svchs 0xda2f2e,1
"sbcslo r4, r7, sp, asr 22",1
"vhsub.u8 d0, d3, d4",1
"rsblo r4, r7, r0, lsl 20",1
invalid,1
"stmmi r4, {r0, r3, sb, pc}",1
"strvs r3, [pc, -pc, lsr 4]!",1
bmi 0x1ffd194,1
"strvs sb, [pc, -r3, lsl 31]!",1
"andpl r0, r3, 4, 2",1
"movweq r0, 0x242e",1
"eorlo r0, lr, sl, ror 1",1
"movteq r0, 0xab03",1
"stmdami ip, {r0, r3, sb, sl, sp, lr} ^",1
"strteq r3, [pc], -0x22f",1
"cdpvc p3, 0xf, c0, c12, c1, 0",1
"strbeq r5, [fp], -0x24a",1
invalid,1
"ldmdavs r4!, {r0, r3, r5, r6, r8, sl, ip, sp}",1
"strvs r0, [lr, -r3, lsl 20]!",1
"andmi r0, r3, 4, 6",1
"movweq r0, 0x144a",1
blmi 0xd2dec0,1
"andeq r0, r2, r3, lsl 5",1
"rsbseq r0, lr, r1, lsl 2",1
"andeq r0, r2, r0",1
"andeq r0, r0, r6, rrx",1
"cdpeq p1, 0xf, c0, c11, c2, 0",1
"mrseq r0, apsr",1
"andeq r0, r0, r1, lsl 2",1
"andeq r0, r0, r0, lsl 2",1
"rsbvs r6, sb, 0x100",1
"cmnvc r5, 0, 30",1
"mcrvs p15, 3, r2, c9, c2, 3",1
"ldrbtvs r6, [r5], -0xc63",1
"stmdavc r0, {r0, r2, r5, r6}",1
svcvs 0x6c6c61,1
"stmdbvs r4!, {r0, r1, r5, r6, r8, sl, fp, sp} ^",1
"rsbeq r2, r3, r5, ror 28",1
"strvs r0, [r0, -1]",1
"uhsub16vs r6, r4, r8",1
"cdphs p9, 6, c6, c12, c1, 3",1
"andeq r0, r1, r8, rrx",1
"rsbvs r6, sb, 0, 24",1
"ldclvs p14, c6, [r4], -0x1a4",1
"andeq r6, r0, 0x2e0000",1
"rsbvc r0, r5, 0",1
"mrchs p15, 3, r6, c2, c2, 3",1
"andeq r0, r1, r8, rrx",1
"ldrbtvs r7, [r4], -0x300",1
"cdphs p9, 6, c6, c2, c12, 3",1
"andeq r0, r2, r8, rrx",1
"streq r0, [r0, -0]",1
"sbceq lr, fp, r2, lsl 8",1
invalid,1
"subseq r0, lr, 0x2f0000",1
"mrseq r0, apsr",1
"andeq r0, r0, r4, lsl r1",1
"sbcseq r0, sp, r2",1
invalid,1
"strdeq r0, r1, [sp], -fp",1
"mrseq r0, apsr",1
invalid,1
invalid,1
svchs 0x6269,1
svchs 0x727375,1
"stclvs p14, c6, [r3], -0x1a4",1
svchs 0x656475,1
"cmnvc r4, 0x188000",1
"cmnvc r5, 0, 30",1
"stmdbvs ip!, {r1, r4, r5, r6, r8, sb, sl, fp, sp} ^",1
invalid,1
"rsbvc r2, r1, 0x18c",1
svcvs 0x702d6d,1
"stcvs p9, c7, [sp], -0x1ac",1
"ldmdavc r5!, {r0, r3, r5, r6, sb, sl, fp, sp, lr} ^",1
"strbvc r6, [lr, -0x72d]!",1
"stmdbvs r2!, {r0, r2, r5, r6, r8, sp, lr} ^",1
"strlo r3, [lr, -pc, lsr 8]!",1
"stmdbvs pc!, {r1, r2, r3, r5, sb, ip, sp}",1
"strbvc r6, [ip, -0x36e]!",1
svchs 0x6564,1
svchs 0x727375,1
"stclvs p14, c6, [r3], -0x1a4",1
"rsbeq r6, r5, r5, ror r4",1
"stmdbvs ip!, {r1, r2, r3, r5, r8, sb, sl, fp, sp} ^",1
"movwvs r0, 0x62",1
"ldrbvs r6, [r3, -0xf6c]!",1
"rsbsvc r7, r4, 0xb4000000",1
"cdphs p1, 6, c6, c13, c5, 3",1
"andeq r0, r1, r3, rrx",1
"ldrbtvs r7, [r4], -0x300",1
"stmdavs lr!, {r0, r3, r5, r6, r8, sb, sl, fp, sp, lr}",1
"andeq r0, r0, r0, lsl 4",1
"strbtvs r7, [r4], -0x473",1
"stmdavs lr!, {r0, r2, r5, r6, sb, sl, sp, lr}",1
"andeq r0, r0, r0, lsl 6",1
"ldrbvs r7, [r0, -0x974]!",1
"rsbeq r2, r8, r3, ror lr",1
"movwvc r0, 2",1
svcvs 0x696474,1
"streq r6, [r0], -0x82e",1
invalid,1
"cdphs p9, 6, c6, c15, c2, 3",1
"andeq r0, r4, r8, rrx",1
"ldrbtvs r7, [r4], -0x300",1
"ldrbvs r6, [0x000137ab]     ; [0x137ab:4]=0x4020082",1
"stmdavs lr!, {r3, r4, r5, r6, sl, ip, sp, lr}",1
"andeq r0, r0, r0, lsl 8",1
"stmdbvs r4!, {r0, r1, r4, r5, r6, sl, ip, sp, lr} ^",1
"rsbeq r2, r8, pc, ror 28",1
"strvs r0, [r0, -5]",1
svcvs 0x6e7272,1
"andeq r6, r0, 0x2e0000",1
"andeq r0, r0, r0",1
"stcgt p2, c0, [r4], -0x14",1
invalid,1
"andeq r4, r4, 0x400",1
bmi 0x47750,1
"strlt r0, [r3], -r4, lsl 2",1
beq 0xe7148,1
"streq r0, [r2], -0x82",1
"subeq r0, sl, r1, lsl 12",1
"streq r0, [r1], -r2, lsl 8",1
"strbvs r7, [fp, -r1, asr 27]",1
"rsbeq r4, sl, 0x1340000",1
"mrseq r0, apsr",1
"strdeq r0, r1, [r0], -r3",1
invalid,1
invalid,1
"strdeq r0, r1, [sp], -fp",1
"mrseq r0, apsr",1
invalid,1
invalid,1
svchs 0x6269,1
svchs 0x727375,1
"stclvs p14, c6, [r3], -0x1a4",1
svchs 0x656475,1
"cmnvc r4, 0x188000",1
"cmnvc r5, 0, 30",1
"stmdbvs ip!, {r1, r4, r5, r6, r8, sb, sl, fp, sp} ^",1
invalid,1
"rsbvc r2, r1, 0x18c",1
svcvs 0x702d6d,1
"stcvs p9, c7, [sp], -0x1ac",1
"ldmdavc r5!, {r0, r3, r5, r6, sb, sl, fp, sp, lr} ^",1
"strbvc r6, [lr, -0x72d]!",1
"stmdbvs r2!, {r0, r2, r5, r6, r8, sp, lr} ^",1
"strlo r3, [lr, -pc, lsr 8]!",1
"stmdbvs pc!, {r1, r2, r3, r5, sb, ip, sp}",1
"strbvc r6, [ip, -0x36e]!",1
svchs 0x6564,1
svchs 0x727375,1
"stclvs p14, c6, [r3], -0x1a4",1
"rsbeq r6, r5, r5, ror r4",1
"stmdbvs ip!, {r1, r2, r3, r5, r8, sb, sl, fp, sp} ^",1
invalid,1
"stclvs p3, c6, [r1], -0x1bc",1
"rsbvc r6, r1, 0x630000",1
"mrchs p5, 3, r6, c4, c3, 3",1
"andeq r0, r1, r3, rrx",1
"rsbsvc r7, r4, 0, 6",1
invalid,1
"andeq r6, r0, 0x2e0000",1
invalid,1
"rsblo r7, ip, 0x6e000000",1
"andeq r6, r0, 0x2e0000",1
"ldrbtvc r0, [r3], -0",1
"cdphs p9, 6, c6, c15, c4, 3",1
"andeq r0, r2, r8, rrx",1
"rsbsvc r7, sb, r0, lsl 8",1
"stmdavs lr!, {r0, r2, r5, r6, r8, sb, ip, sp, lr}",1
"andeq r0, r0, r0, lsl 4",1
"strbtvs r7, [r4], -0x473",1
"stmdavs lr!, {r0, r2, r5, r6, sb, sl, sp, lr}",1
"andeq r0, r0, r0, lsl 6",1
"stmdbvs r4!, {r0, r1, r4, r5, r6, sl, ip, sp, lr} ^",1
"rsbeq r2, r8, pc, ror 28",1
invalid,1
svcvs 0x696269,1
"streq r6, [r0], -0x82e",1
"stclvs p0, c0, [lr], -0",1
"rsbsvc r7, sb, pc, asr r4",1
"stmdavs lr!, {r0, r2, r5, r6, r8, sb, ip, sp, lr}",1
"andeq r0, r0, r0, lsl 8",1
"ldmdbvs r2!, {r0, r1, r4, r5, r6, sl, ip, sp, lr} ^",1
"stmdavs lr!, {r1, r2, r3, r5, r6, r8, sb, sl, sp, lr}",1
"andeq r0, r0, r0, lsl 8",1
"stclvs p4, c7, [r4], -0x1cc",1
"stmdavs lr!, {r0, r3, r5, r6, sb, sp, lr}",1
"andeq r0, r0, r0, lsl 8",1
"ldmdbvs r5!, {r2, r3, r4, r5, sb, sp, lr} ^",1
"pushvs {r2, r3, r5, r6, sl, ip, sp, lr}",1
"andeq r3, r0, lr, ror 28",1
"ldrbtvc r0, [r3], -0",1
"cdphs p9, 6, c6, c15, c4, 3",1
"andeq r0, r5, r8, rrx",1
"stmdbvs lr!, {r8, sl, ip, sp, lr} ^",1
"mcrhs p4, 3, r7, c4, c3, 3",1
"andeq r0, r4, r8, rrx",1
"cdpvs p12, 6, c6, c1, c0, 0",1
"strbtvs r6, [lr], -r7, ror 18",1
"rsbeq r2, r8, pc, ror 28",1
"andeq r0, r0, r4",1
"andlt r0, r2, r0, lsl 10",1
"movweq r0, 0xcc",1
"movweq r0, 0x12ea",1
"vstrls s8, [r3, -0x24]",1
"teqeq r0, 0x1000",1
blmi 0x19b3c60,1
blmi 0x1296cc0,1
"stmdbhs r4!, {r0, r1, r5, r7, sl, fp, lr} ^",1
"ldrle r2, [r5, -pc, asr 18]!",1
"movweq r0, 0x2467",1
"strbeq r7, [sl], -0xfa0",1
"rsceq r0, r3, r1, lsl 6",1
"andeq r2, r4, 0x208",1
bmi 0x1ffb8dc,1
"streq r0, [r4], 0x304",1
"rscseq r0, r7, r1, lsl 6",1
"stmdbvs r7!, {r1, r2, r5, r6, r8, ip, lr} ^",1
"movweq r0, 0x444b",1
"strbeq r7, [sl], -0xf89",1
"orreq r0, r8, r1, lsl 6",1
"subge r2, ip, r8",1
"vst3.8 {d0, d1, d2}, [r3], r4",1
invalid,1
"stmdaeq r1, {r0, r1, r8, ip, pc}",1
blmi 0x1aae57c,1
"stclmi p7, c6, [r8], -0x360",1
"strbthi r8, [r7], -0x64b",1
"strbmi r5, [ip, -0x4e]",1
blx 0xd511c,1
invalid,1
"strvs r8, [r1], -r3, lsl 14",1
invalid,1
invalid,1
"cdpls p1, 0, c14, c0, c3, 0",1
svcmi 0x4a0a03,1
blmi 0xb9ad34,1
invalid,1
"strgt r4, [r3, -0xa7f]",1
"stmdbeq r3, {sb, fp, lr}",1
svcvc 0xa2032e,1
invalid,1
invalid,1
svcls 0x4d2d4a,1
"mrseq r0, r12_usr",1
"stmdavs r6, {r1, r2, sb, fp, lr}",1
"ldclhs p9, c2, [r1, 0x20c]!",1
"movteq r0, 0xad03",1
invalid,1
"streq r0, [r1, -r0, lsl 2]",1
"andeq r0, r0, 1",1
"andeq sp, r0, r0, lsl 16",1
blx 0x5516a,1
invalid,1
"andeq r0, r1, r1, lsl 2",1
"andeq r0, r1, r0",1
"stmdbvs ip!, {r8} ^",1
"strvc r0, [0x0001491a]!",1
"stcvs p2, c7, [pc], -0x1cc",1
"strvs r6, [pc, -sb, ror 4]!",1
invalid,1
"eorvc r6, sp, r2, ror sp",1
invalid,1
"strbvc r6, [lr, -0x96c]!",1
"mcrvs p13, 3, r2, c7, c8, 3",1
"rsbvs r6, r1, 0x1d400000",1
"cdphs p15, 3, c2, c4, c9, 3",1
svchs 0x322e37,1
"stclvs p14, c6, [r3], -0x1a4",1
"rsbeq r6, r5, r5, ror r4",1
"rsbsvc r7, r3, 0xbc00000",1
invalid,1
"strbvs r7, [r4, -0x56c]!",1
"strbtvc r6, [sb], -0x22f",1
"strvc r0, [0x0001494d]!",1
"stmdbvs pc!, {r0, r1, r4, r5, r6, sb, ip, sp, lr}",1
"strbvc r6, [ip, -0x36e]!",1
"cdphs p5, 0, c6, c0, c4, 3",1
"rsbvs r6, sb, 0x2f00",1
invalid,1
"ldrbvs r6, [r3, -0xf6c]!",1
invalid,1
"ldrbtvc r0, [r3], -0",1
"strbtvs r6, [r5], -r4, ror 8",1
"andeq r6, r0, 0x2e0000",1
invalid,1
"mrchs p5, 3, r6, c3, c0, 3",1
"andeq r0, r3, r8, rrx",1
"ldrbtvs r7, [r4], -0x300",1
"stmdavs lr!, {r0, r3, r5, r6, r8, sb, sl, fp, sp, lr}",1
"andeq r0, r0, r0, lsl 8",1
"stmdbvs r2!, {r2, r3, r5, r6, r8, fp, sp, lr} ^",1
"rsbeq r2, r8, pc, ror 28",1
"movwvc r0, 4",1
svcvs 0x696474,1
"ldrbtvc r6, [r8], -0x55f",1
"streq r6, [r0], -0x82e",1
"ldrbtvc r0, [r3], -0",1
"cdphs p9, 6, c6, c15, c4, 3",1
"andeq r0, r5, r8, rrx",1
"stmdbvs lr!, {r8, sl, ip, sp, lr} ^",1
"mcrhs p4, 3, r7, c4, c3, 3",1
"andeq r0, r4, r8, rrx",1
"rsbsvc r6, r2, 0, 10",1
"stmdavs lr!, {r1, r2, r3, r5, r6, r8, sb, sl, fp, sp, lr}",1
"andeq r0, r0, r0, lsl 6",1
"andeq r0, r5, 0",1
"andeq sp, r0, r0, lsl r0",1
invalid,1
"rsbeq r4, fp, pc, lsr 22",1
"streq r0, [r1], -r2, lsl 8",1
"strvc r0, [r8, -0x682]",1
"ldrvs r0, [sl], -r3, lsl 7",1
invalid,1
invalid,1
"andeq r0, r4, sl, asr 4",1
"rsceq r0, pc, r1, lsl 2",1
"andeq r0, r2, r0",1
"andeq r0, r0, r1, asr 1",1
"cdpeq p1, 0xf, c0, c11, c2, 0",1
"mrseq r0, apsr",1
"andeq r0, r0, r1, lsl 2",1
"andeq r0, r0, r0, lsl 2",1
"rsbvs r6, sb, 0x100",1
"cmnvc r5, 0, 30",1
"stmdbvs ip!, {r1, r4, r5, r6, r8, sb, sl, fp, sp} ^",1
invalid,1
"rsbvc r2, r1, 0x18c",1
svcvs 0x702d6d,1
"stcvs p9, c7, [sp], -0x1ac",1
"ldmdavc r5!, {r0, r3, r5, r6, sb, sl, fp, sp, lr} ^",1
"strbvc r6, [lr, -0x72d]!",1
"stmdbvs r2!, {r0, r2, r5, r6, r8, sp, lr} ^",1
"strlo r3, [lr, -pc, lsr 8]!",1
"stmdbvs pc!, {r1, r2, r3, r5, sb, ip, sp}",1
"strbvc r6, [ip, -0x36e]!",1
svchs 0x6564,1
svchs 0x727375,1
"stclvs p14, c6, [r3], -0x1a4",1
svchs 0x656475,1
"cmnvc r4, 0x188000",1
"cmnvc r5, 0, 30",1
"mcrvs p15, 3, r2, c9, c2, 3",1
"ldrbtvs r6, [r5], -0xc63",1
svchs 0x2e0065,1
"rsbeq r6, r2, ip, ror 18",1
"stclvs p6, c6, [r6], -0",1
"mcrhs p3, 3, r7, c8, c5, 3",1
"andeq r0, r1, r3, rrx",1
"ldrbtvs r7, [r4], -0x300",1
"cdphs p5, 6, c6, c6, c4, 3",1
"andeq r0, r2, r8, rrx",1
"rsbsvc r7, sb, r0, lsl 8",1
"stmdavs lr!, {r0, r2, r5, r6, r8, sb, ip, sp, lr}",1
"andeq r0, r0, r0, lsl 6",1
"stmdbvs r4!, {r0, r1, r4, r5, r6, sl, ip, sp, lr} ^",1
"rsbeq r2, r8, pc, ror 28",1
invalid,1
svcvs 0x696269,1
"streq r6, [r0], -0x82e",1
"ldrbtvc r0, [r3], -0",1
"cdphs p9, 6, c6, c15, c4, 3",1
"andeq r0, r5, r8, rrx",1
"ldrbtvs r7, [r4], -0x300",1
"ldrbvs r6, [0x00013bbf]     ; [0x13bbf:4]=0x300682e",1
"stmdavs lr!, {r3, r4, r5, r6, sl, ip, sp, lr}",1
"andeq r0, r0, r0, lsl 8",1
"andeq r0, r5, 0",1
"strheq sp, [r0], -r8",1
invalid,1
"subeq r1, sl, r3, lsl 8",1
"streq r0, [r1], -r2, lsl 8",1
"orreq r0, r3, 0x4a00000",1
"stmdavs r6!, {r3, r4, r7, r8, sb, sl, fp, ip, sp, lr} ^",1
blt 0x4fb5c,1
bmi 0x46f60,1
invalid,1
"andeq lr, r0, r1, lsl 20",1
"cdplt p2, 0, c0, c0, c0, 0",1
"andeq r0, r0, 0",1
"vstreq d15, [lr, -4]",1
"mrseq r0, apsr",1
"andeq r0, r0, r1",1
invalid,1
"rsbeq r6, r2, ip, ror 18",1
"rsbsvc r7, r3, 0xbc00000",1
"rsbvs r6, sb, 0x2f00",1
invalid,1
"ldclvs p1, c6, [r2, -0xbc]!",1
blvs 0x1bf0c40,1
"stmdbvs ip!, {r0, r3, r4, r5, r6, r8, sl, fp, sp} ^",1
"ldclhs p5, c7, [r8, -0x1b8]!",1
"ldrbvs r6, [r5, -0xe67]!",1
svchs 0x696261,1
"mrchs p14, 1, r2, c7, c4, 1",1
"mcrvs p15, 3, r2, c9, c2, 1",1
"ldrbtvs r6, [r5], -0xc63",1
"strvc r0, [0x00014b47]!",1
"stmdbvs pc!, {r0, r1, r4, r5, r6, sb, ip, sp, lr}",1
"strbvc r6, [ip, -0x36e]!",1
"eorvs r6, pc, 100, 10",1
"rsbseq r7, r3, sb, ror 8",1
"rsbsvc r7, r3, 0xbc00000",1
invalid,1
"strbvs r7, [r4, -0x56c]!",1
"stcvs p14, c2, [pc], -0",1
"andeq r6, r0, sb, ror 4",1
"strbvs r7, [r5, -0x366]!",1
invalid,1
"andeq r0, r0, r0, lsl 2",1
"strbtvs r7, [r4], -0x473",1
"stmdavs lr!, {r0, r2, r5, r6, sb, sl, sp, lr}",1
"andeq r0, r0, r0, lsl 4",1
"ldrbvs r7, [r0, -0x974]!",1
"rsbeq r2, r8, r3, ror lr",1
"movwvc r0, 3",1
svcvs 0x696474,1
"streq r6, [r0], -0x82e",1
invalid,1
"cdphs p9, 6, c6, c15, c2, 3",1
"andeq r0, r4, r8, rrx",1
"ldrbtvs r7, [r4], -0x300",1
"stmdavs lr!, {r0, r3, r5, r6, r8, sb, sl, fp, sp, lr}",1
"andeq r0, r0, r0, lsl 10",1
invalid,1
"stmdavs lr!, {r2, r4, r5, r6, sl, sp, lr}",1
"andeq r0, r0, r0, lsl 8",1
"andeq r0, r5, 0",1
"andeq sp, r0, r8, lsl r1",1
"movweq r2, 0x1903",1
"orrhi fp, r3, 0x9000",1
"strble r3, [r6, -r3, lsl 28]!",1
"ldrvs r0, [lr, r3, lsl 18]",1
"mcrrmi p14, 0, r1, sl, c3",1
invalid,1
"streq r2, [r2], -0xe26",1
"andlt r0, r1, r0, lsl 2",1
"andeq r0, r0, 0",1
"andeq r7, r0, r0, lsl 12",1
blx 0x55456,1
invalid,1
"andeq r0, r1, r1, lsl 2",1
"andeq r0, r1, r0",1
"stmdavs pc!, {r8}",1
svchs 0x656d6f,1
"rsbsvc r6, r5, 0xa0000006",1
svchs 0x74656b,1
"strbtvc r6, [r3], -0xf79",1
"strbvc r2, [r2, -0xf6f]!",1
svchs 0x646c69,1
svchs 0x706d74,1
blvs 0x1cb0a60,1
invalid,1
svchs 0x646572,1
"stclhs p3, c6, [r3, -0x19c]!",1
"mrchs p14, 1, r2, c7, c4, 1",1
"rsbslo r2, r2, 0xc80",1
invalid,1
"cdphs p13, 3, c2, c4, c3, 3",1
svchs 0x322e37,1
"strbvs r6, [r2, -ip, ror 18]!",1
invalid,1
"stmdbvs r6!, {r0, r1, r2, r3, r5, r6, sb, sl, fp, sp, lr} ^",1
"rsbvc r2, r1, 0x19c",1
invalid,1
"ldrtvs r6, [r1], -sb, ror 4",1
invalid,1
invalid,1
"andeq r0, r0, r0",1
"bicle r0, ip, r5, lsl 4",1
invalid,1
svchs 0x300107,1
svchs 0x2f2f2f,1
"cdphs p4, 7, c15, c12, c3, 0",1
"bicseq r2, r6, 0xc000",1
"str r0, [r8], -0x2e7",1
svchs 0x2f312f,1
"eorlo r4, pc, 48, 24",1
svchs 0x661603,1
svchs 0x2f2f2f,1
"andeq r2, r2, 47, 30",1
"mrsls r0, apsr",1
"andeq r0, r0, 0",1
"andeq r7, r0, r0, lsl 4",1
blx 0x5550a,1
invalid,1
"andeq r0, r1, r1, lsl 2",1
"andeq r0, r1, r0",1
"stmdavs pc!, {r8}",1
svchs 0x656d6f,1
"rsbsvc r6, r5, 0xa0000006",1
svchs 0x74656b,1
"strbtvc r6, [r3], -0xf79",1
"strbvc r2, [r2, -0xf6f]!",1
svchs 0x646c69,1
svchs 0x706d74,1
blvs 0x1cb0b14,1
invalid,1
svchs 0x646572,1
"stclhs p3, c6, [r3, -0x19c]!",1
"mrchs p14, 1, r2, c7, c4, 1",1
"rsbslo r2, r2, 0xc80",1
invalid,1
"cdphs p13, 3, c2, c4, c3, 3",1
svchs 0x322e37,1
"strbvs r6, [r2, -ip, ror 18]!",1
invalid,1
"stmdbvs r6!, {r0, r1, r2, r3, r5, r6, sb, sl, fp, sp, lr} ^",1
"rsbvc r2, r1, 0x19c",1
"andvs r0, r0, 0x6d",1
"stmdbvs r2!, {r4, r5, r6, r8, sp, lr} ^",1
invalid,1
"andeq r0, r0, r0",1
"addsle r0, r4, 0x50000000",1
"str r0, [r3, -r0]",1
"stchs p1, c0, [r3, -0]",1
svchs 0x3033f2,1
"eoreq r2, pc, 47, 30",1
"mrseq r0, apsr",1
"muleq r0, r2, r0",1
"rsbseq r0, r6, r2",1
invalid,1
"strdeq r0, r1, [sp], -fp",1
"mrseq r0, apsr",1
invalid,1
svchs 0x10000,1
"strbvs r6, [sp, -0xf68]!",1
"strbvc r6, [r2, -0xa2f]!",1
"strbtvc r6, [r5], -0xb72",1
invalid,1
"eorvs r6, pc, 116, 30",1
"strbtvs r6, [ip], -0x975",1
"rsbvc r7, sp, pc, lsr 8",1
"rsbvc r7, pc, 0xbc0000",1
"ldmdavs r3!, {r0, r1, r3, r5, r6, r8, sl, fp, sp} ^",1
"strbtvs r7, [r5], -0x261",1
invalid,1
"strlo r3, [lr, -sp, lsr 8]!",1
"eorvc r3, sp, 0xe0000002",1
invalid,1
"strtlo r6, [sp], -0x363",1
"eorlo r3, lr, 0xb80000",1
"rsbvs r6, sb, 0x2f00",1
svchs 0x636367,1
"strbtvs r6, [lr], -r3, ror 30",1
invalid,1
"andeq r6, r0, r2, ror sp",1
invalid,1
invalid,1
"subseq r2, r3, r3, ror lr",1
"andeq r0, r0, r1",1
"andle r0, r2, r0, lsl 10",1
"movweq r0, 0xd2",1
svchs 0x10aad,1
"ldrvc r0, [fp, pc, lsr 6]!",1
"andeq r0, r2, lr, lsr 4",1
"addseq r0, r0, r1, lsl 2",1
"andeq r0, r2, r0",1
"andeq r0, r0, r2, ror r0",1
"cdpeq p1, 0xf, c0, c11, c2, 0",1
"mrseq r0, apsr",1
"andeq r0, r0, r1, lsl 2",1
"andeq r0, r0, r0, lsl 2",1
svcvs 0x682f01,1
bvs 0xbee3fc,1
blvs 0x1cb23d4,1
"stmdbvc pc!, {r0, r2, r5, r6, sl, ip, sp, lr}",1
svcvs 0x74636f,1
"ldmdbvs r5!, {r0, r1, r2, r3, r5, sb, sp, lr} ^",1
"strtvc r6, [pc], -0x46c",1
"strvc r7, [pc, -sp, rrx]!",1
"stclhs p2, c7, [fp, -0x1bc]!",1
"rsbvc r6, r1, 0x730000",1
"strvs r6, [pc, -r5, ror 8]!",1
"strtlo r6, [sp], -0x363",1
"eorlo r3, lr, 0xb80000",1
"eorslo r7, r2, sp, lsr 4",1
invalid,1
"strlo r3, [lr, -sp, lsr 8]!",1
"stcvs p2, c3, [pc], -0xb8",1
invalid,1
svcvs 0x632f63,1
"strbvs r6, [sb, -lr, ror 12]!",1
"ldclvs p1, c6, [r2, -0xbc]!",1
"rsbvc r0, r2, r0",1
"cdphs p2, 6, c6, c9, c1, 3",1
"andeq r0, r1, r3, rrx",1
"streq r0, [r0, -0]",1
"sbcseq lr, r2, r2",1
invalid,1
invalid,1
svchs 0x852e34,1
"strdeq r0, r1, [r2], -r4",1
"rscseq r0, ip, r1, lsl 2",1
"andeq r0, r2, r0",1
"andeq r0, r0, r6, ror r0",1
"cdpeq p1, 0xf, c0, c11, c2, 0",1
"mrseq r0, apsr",1
"andeq r0, r0, r1, lsl 2",1
"andeq r0, r0, r0, lsl 2",1
svcvs 0x682f01,1
bvs 0xbee490,1
blvs 0x1cb2468,1
"stmdbvc pc!, {r0, r2, r5, r6, sl, ip, sp, lr}",1
svcvs 0x74636f,1
"ldmdbvs r5!, {r0, r1, r2, r3, r5, sb, sp, lr} ^",1
"strtvc r6, [pc], -0x46c",1
"strvc r7, [pc, -sp, rrx]!",1
"stclhs p2, c7, [fp, -0x1bc]!",1
"rsbvc r6, r1, 0x730000",1
"strvs r6, [pc, -r5, ror 8]!",1
"strtlo r6, [sp], -0x363",1
"eorlo r3, lr, 0xb80000",1
"eorslo r7, r2, sp, lsr 4",1
invalid,1
"strlo r3, [lr, -sp, lsr 8]!",1
"stcvs p2, c3, [pc], -0xb8",1
invalid,1
invalid,1
invalid,1
invalid,1
"andeq r0, r0, r0, lsl 2",1
"strbvs r6, [r2, -ip, ror 18]!",1
"cdphs p3, 3, c6, c2, c3, 3",1
"andeq r0, r1, r8, rrx",1
"streq r0, [r0, -0]",1
"sbcseq r5, r3, r2, lsl 16",1
"ldmeq pc, {r8, sb} ^",1
svchs 0x2a3401,1
"ldmdbmi r0!, {r3, r6, r8, sb, ip, sp}",1
"stmdbmi ip, {r0, r1, r2, r3, r5, r8, sb, sl, sp, lr} ^",1
"cdpvc p3, 0xc, c0, c14, c15, 1",1
"cdphs p3, 5, c0, c8, c10, 2",1
"strhs r2, [r3, -0xf30]",1
"sublo r3, lr, lr, lsr 32",1
"stclhs p15, c2, [fp, -0xcc]",1
"andeq r0, sb, 0xc8000000",1
"strbhi r0, [fp], -0x154",1
"mcrhs p3, 0, r0, c9, c0, 1",1
"cdphs p3, 7, c0, c6, c15, 1",1
"stchs p2, c1, [lr], -0xc",1
blhs 0xc60c40,1
"eorseq r2, r0, 0x3100",1
"andne r1, r3, r6, asr r7",1
"movweq r5, 0x1802",1
invalid,1
"strlo r4, [r4], 0xa0a",1
invalid,1
"eorslo r4, r0, r6, lsl sl",1
"stclvc p1, c3, [sp, -0xb0]",1
invalid,1
"andhs r7, r8, 8, 12",1
bmi 0x1015c70,1
"rsceq r0, r5, sp, lsr 6",1
"cdphs p3, 6, c0, c11, c14, 1",1
svchs 0x4a1503,1
"andeq r0, r8, sp, asr 4",1
"rsceq r0, fp, r1, lsl 2",1
"andeq r0, r2, r0",1
"andeq r0, r0, r6, ror r0",1
"cdpeq p1, 0xf, c0, c11, c2, 0",1
"mrseq r0, apsr",1
"andeq r0, r0, r1, lsl 2",1
"andeq r0, r0, r0, lsl 2",1
svcvs 0x682f01,1
bvs 0xbee590,1
blvs 0x1cb2568,1
"stmdbvc pc!, {r0, r2, r5, r6, sl, ip, sp, lr}",1
svcvs 0x74636f,1
"ldmdbvs r5!, {r0, r1, r2, r3, r5, sb, sp, lr} ^",1
"strtvc r6, [pc], -0x46c",1
"strvc r7, [pc, -sp, rrx]!",1
"stclhs p2, c7, [fp, -0x1bc]!",1
"rsbvc r6, r1, 0x730000",1
"strvs r6, [pc, -r5, ror 8]!",1
"strtlo r6, [sp], -0x363",1
"eorlo r3, lr, 0xb80000",1
"eorslo r7, r2, sp, lsr 4",1
invalid,1
"strlo r3, [lr, -sp, lsr 8]!",1
"stcvs p2, c3, [pc], -0xb8",1
invalid,1
invalid,1
invalid,1
invalid,1
"andeq r0, r0, r0, lsl 2",1
"strbvs r6, [r2, -ip, ror 18]!",1
"cdphs p3, 3, c6, c2, c3, 3",1
"andeq r0, r1, r8, rrx",1
"streq r0, [r0, -0]",1
"sbcseq lr, r7, r2",1
"ldmibeq sl, {r8, sb}",1
"cdpvc p3, 9, c0, c14, c1, 0",1
invalid,1
"ldclvc p3, c0, [r6, 0xb8]!",1
invalid,1
"cdpmi p14, 3, c2, c0, c5, 1",1
blmi 0xbe1d1c,1
"stmdbeq r3, {r0, r2, r3, r5, sb, ip, sp}",1
blmi 0x6a06c,1
"stmdbeq r3, {r2, r7, ip, sp}",1
"strvc r2, [r3], -lr, lsr 30",1
"cdphs p3, 1, c0, c2, c14, 1",1
"ldchs p1, c3, [r0, -0xb0]!",1
"eorseq r2, r1, 0xc400",1
"andne r1, r3, r4, asr r7",1
"movweq r5, 0x1402",1
invalid,1
"strlo r4, [r4], 0xa0a",1
invalid,1
"vldmdbhs r1!, {s8, s9, s10, s11, s12, s13, s14, s15, s16, s17, s18, s19, s20, s21, s22, s23, s24, s25, s26, s27, s28, s29}",1
"ldcmi p12, c2, [r1, -0xc0]!",1
"ldmdaeq r3, {r1, sb, sp, lr}",1
"eorlo r0, r2, 0x760000",1
"stclhs p0, c4, [sl, -0xc]",1
"cdphs p4, 0, c9, c1, c3, 0",1
invalid,1
"andeq r0, r1, r1, lsl 14",1
"strgt r0, [r0, -r0, lsl 4]",1
"andeq r0, r0, 0",1
"vstreq d15, [lr, -4]",1
"mrseq r0, apsr",1
"andeq r0, r0, r1",1
invalid,1
"stclvs p8, c6, [0x0001500c]!",1
"rsbvs r2, sl, 0x194",1
"strbvs r7, [fp, -0x275]!",1
svcvs 0x792f74,1
svchs 0x6f7463,1
"stclvs p5, c7, [sb], -0x188",1
"ldclvs p15, c2, [r4, -0x190]!",1
"ldmdbvc r3!, {r4, r5, r6, r8, sb, sl, fp, sp} ^",1
svcvs 0x6f7273,1
"stmdavc pc!, {r2, r4, r5, r6, r8, sb, ip, sp, lr}",1
"uasxlo r3, pc, r8",1
"stmdbvs ip!, {r2, r4, r5, r8, sl, fp, sp} ^",1
svchs 0x78756e,1
svchs 0x727375,1
svchs 0x62696c,1
"strbtvc r7, [sp], -r1, ror 4",1
"qasxvc r6, sp, r7",1
"cdpvs p0, 2, c7, c13, c6, 3",1
"stclhs p15, c6, [lr, -0x194]!",1
"stmdbvc fp!, {r4, r5, r6, r8, sb, sl, fp, sp, lr} ^",1
"cdpvs p12, 6, c6, c9, c13, 1",1
invalid,1
invalid,1
"strvs r6, [lr, -r2, ror 18]!",1
invalid,1
"cmnvc r3, 0x1c8",1
"stmdbvs lr!, {r0, r2, r3, r5, r8, fp, sp, lr} ^",1
"stclvs p9, c6, [r1], -0x1d0",1
invalid,1
"ldclvs p1, c6, [r2, -0xbc]!",1
blvs 0x1bf11f4,1
"stmdbvs ip!, {r0, r3, r4, r5, r6, r8, sl, fp, sp} ^",1
"ldclhs p5, c7, [r8, -0x1b8]!",1
"ldrbvs r6, [r5, -0xe67]!",1
svchs 0x696261,1
"mrchs p14, 1, r2, c7, c4, 1",1
"mcrvs p15, 3, r2, c9, c2, 1",1
"ldrbtvs r6, [r5], -0xc63",1
"strvs r0, [r0, -0x65]",1
"pushvs {r2, r3, r5, r6, sb, sl, sp, lr}",1
"cdphs p9, 7, c6, c4, c14, 3",1
"andeq r0, r0, r3, rrx",1
"ldrbtvs r7, [r4], -0x300",1
"cdphs p5, 6, c6, c6, c4, 3",1
"andeq r0, r1, r8, rrx",1
"streq r0, [r0, -0]",1
"sbcseq lr, fp, r2, lsl 24",1
"sbceq r0, r0, r0, lsl 6",1
"andne r2, r3, r1, lsl 28",1
"cdphs p3, 7, c0, c0, c14, 1",1
invalid,1
"andne r2, r3, r0, ror lr",1
blmi 0xc20250,1
"andeq r0, r4, 0, 4",1
"streq r0, [r2], -0x83",1
"andeq r8, r0, 0x80000000",1
"eoreq r0, pc, r4, lsl 4",1
"stchs p4, c0, [r2, -8]",1
"addseq r0, lr, 0xc000",1
"mrseq r0, apsr",1
"andeq r0, r0, r1, asr r0",1
"eorseq r0, r6, r2",1
invalid,1
"strdeq r0, r1, [sp], -fp",1
"mrseq r0, apsr",1
invalid,1
"cdphs p0, 0, c0, c1, c0, 0",1
"cdpvs p15, 6, c2, c9, c14, 1",1
"ldrbtvs r6, [r5], -0xc63",1
invalid,1
"ldmdbvs r8!, {r2, r4, r5, r6, r8, sl, sp, lr} ^",1
"rsbeq r2, r3, r4, ror lr",1
"movwvc r0, 0",1
"stmdbvs ip!, {r2, r4, r5, r6, sl, sp, lr} ^",1
"rsbeq r2, r8, r2, ror 28",1
"andeq r0, r0, r1",1
"strpl r0, [r2], -0x500",1
"movweq r0, 0xdc",1
svchs 0x10130,1
"addne r2, r4, sb, asr 30",1
invalid,1
"andeq r5, r0, r1, lsl 12",1
"andlo r0, r0, 0, 4",1
"andeq r0, r0, 0",1
"vstreq d15, [lr, -4]",1
"mrseq r0, apsr",1
"andeq r0, r0, r1",1
invalid,1
"eorvc r2, pc, lr, lsr 28",1
"cmnvc r4, 0xf0000006",1
"cmnvc sb, 0xbc000000",1
"cmnvc r0, 100, 10           ; 0x64",1
"ldclvs p1, c6, [r2, -0xbc]!",1
"rsbvc r0, r3, 0",1
invalid,1
"andeq r0, r0, r0, lsl 2",1
"andeq r0, r5, 0",1
"andeq r8, r0, ip, ror sp",1
"andeq r2, r1, 3, 26",1
"mrseq r0, apsr",1
"strhi r0, [r2], -0x500",1
"movweq r0, 0xdc",1
"andeq r0, r2, 0x4000000d",1
"andeq r0, r1, r0, lsl 2",1
"andeq r0, r0, ip",1
invalid,1
invalid,1
"andeq r0, sp, lr, lsl 24",1
"andeq r0, r0, ip",1
"andeq r0, r0, r0",1
"andeq sb, r0, r0, lsl 3",1
"strdeq r0, r1, [r0], -ip",1
"andeq r0, r0, ip",1
"andeq r0, r0, r0",1
"andeq sb, r0, ip, ror r3",1
"andeq r0, r0, r8, lsl 2",1
"andeq r0, r0, ip",1
"andeq r0, r0, r0",1
"andeq sb, r0, r4, lsl 9",1
"andeq r0, r0, ip, lsr 32",1
"andeq r0, r0, r8, lsl r0",1
"andeq r0, r0, r0",1
"strheq sb, [r0], -r0",1
"andeq r0, r0, r4, asr 32",1
"strhi r0, [r8], -0xe42",1
"andmi r8, r1, 2, 28",1
"andeq r7, r0, lr",1
"andeq r0, r0, r4, lsl r0",1
"andeq r0, r0, r0",1
"strdeq sb, sl, [r0], -r4",1
"andeq r0, r0, ip, lsl 1",1
"movwhi r0, 0x8e42",1
"andeq r8, r1, r2, lsl 28",1
"andeq r0, r0, r8, lsl r0",1
"andeq r0, r0, r0",1
"andeq sb, r0, r0, lsl 11",1
"andeq r0, r0, r4, ror 1",1
"tsthi r0, 0x420",1
"strhi r8, [r3, -0x404]",1
"andeq r8, r1, r2, lsl 28",1
"andeq r0, r0, r4, lsl r0",1
"andeq r0, r0, r0",1
"andeq sb, r0, r4, ror 12",1
"andeq r0, r0, r4, asr 32",1
"movwhi r0, 0x8e42",1
"andeq r8, r1, r2, lsl 28",1
"andeq r0, r0, r4, lsl r0",1
"andeq r0, r0, r0",1
"andeq sb, r0, r8, lsr 13",1
"andeq r0, r0, r0, lsr r0",1
"movwhi r0, 0x8e42",1
"andeq r8, r1, r2, lsl 28",1
"andeq r0, r0, r4, lsl r0",1
"andeq r0, r0, r0",1
"ldrdeq sb, sl, [r0], -r8",1
"andeq r0, r0, r4, lsr 32",1
"movwhi r0, 0x8e42",1
"andeq r8, r1, r2, lsl 28",1
"andeq r0, r0, r8, lsl r0",1
"andeq r0, r0, r0",1
"strdeq sb, sl, [r0], -ip",1
"andeq r0, r0, r8, ror 12",1
"strhi r0, [ip], -0xe42",1
"cdphi p5, 0, c8, c2, c3, 0",1
"stmdavc lr, {r0, sb, lr}",1
"andeq r0, r0, r0, lsr 32",1
"andeq r0, r0, r0",1
"andeq sb, r0, r4, ror 26",1
"andeq r0, r0, r8, lsr r5",1
"ldrhi r0, [r4], -0xe42",1
"strhi r8, [r4], -r5, lsl 10",1
"cdphi p7, 0, c8, c2, c3, 0",1
"stmdals lr, {r0, sb, lr}",1
"andeq r0, r0, r2",1
"andeq r0, r0, r8, lsl r0",1
"andeq r0, r0, r0",1
"muleq r0, ip, r2",1
"muleq r0, ip, r0",1
"tsthi r0, 0x420",1
"strhi r8, [r3, -0x404]",1
"andeq r8, r1, r2, lsl 28",1
"andeq r0, r0, ip, lsl r0",1
"andeq r0, r0, r0",1
"andeq sl, r0, r8, lsr r3",1
"andeq r0, r0, ip, lsr 2",1
"tsthi r8, 0x420",1
"strhi r8, [r5, -0x406]",1
"strhi r8, [r3, -r4, lsl 12]",1
"andeq r8, r1, r2, lsl 28",1
"andeq r0, r0, r4, lsl r0",1
"andeq r0, r0, r0",1
"andeq sl, r0, r4, ror 8",1
"strdeq r0, r1, [r0], -r8",1
"strhi r0, [r8], -0xe42",1
"andeq r8, r1, r2, lsl 28",1
"andeq r0, r0, r4, lsr 32",1
"andeq r0, r0, r0",1
"andeq sl, r0, ip, asr r5",1
"muleq r0, ip, r3",1
"strthi r0, [r4], -0xe42",1
"strhi r8, [r8], -sb, lsl 10",1
"stmdahi r6, {r0, r1, r2, r8, sb, sl, pc}",1
bhi 0x137804,1
"vmlahi.f64 d8, d2, d3",1
"stmdalo lr, {r0, sb, lr}",1
"andeq r0, r0, r4, lsl r0",1
"andeq r0, r0, r0",1
"strdeq sl, fp, [r0], -r8",1
"andeq r0, r0, r0, lsl 6",1
"movwhi r0, 0x8e42",1
"andeq r8, r1, r2, lsl 28",1
"andeq r0, r0, r8, lsl r0",1
"andeq r0, r0, r0",1
"strdeq sl, fp, [r0], -r8",1
"andeq r0, r0, r4, ror 1",1
"ldrhi r0, [r0], -0xe42",1
"strhi r8, [r3], -r4, lsl 10",1
"andeq r8, r1, r2, lsl 28",1
"andeq r0, r0, ip",1
invalid,1
invalid,1
"andeq r0, sp, lr, lsl 24",1
"andeq r0, r0, ip",1
"andeq r0, r0, r8, asr 3",1
"ldrdeq sl, fp, [r0], -ip",1
"andeq r0, r0, r0, lsl r0",1
"andeq r0, r0, ip",1
"andeq r0, r0, r8, asr 3",1
"andeq sl, r0, ip, ror 25",1
"andeq r0, r0, r0, lsl r0",1
"andeq r0, r0, ip, lsl r0",1
"andeq r0, r0, r8, asr 3",1
"strdeq sl, fp, [r0], -ip",1
"strdeq r0, r1, [r0], -r8",1
"ldrhi r0, [r0], -0xe42",1
"strhi r8, [r3], -r4, lsl 10",1
"andmi r8, r1, 2, 28",1
"andeq r1, r0, lr, lsl 16",1
"andeq r0, r0, ip",1
invalid,1
invalid,1
"andeq r0, sp, lr, lsl 24",1
"andeq r0, r0, r4, lsl r0",1
"andeq r0, r0, r8, lsl r2",1
"strdeq sl, fp, [r0], -r4",1
"andeq r0, r0, r8, ror r0",1
"strhi r0, [r8], -0xe42",1
"andeq r8, r1, r2, lsl 10",1
"andeq r0, r0, r4, lsl r0",1
"andeq r0, r0, r8, lsl r2",1
"andeq sl, r0, ip, ror 28",1
"andeq r0, r0, r8, asr 32",1
"strhi r0, [r8], -0xe42",1
"andeq r8, r1, r2, lsl 28",1
"andeq r0, r0, ip",1
invalid,1
invalid,1
"andeq r0, sp, lr, lsl 24",1
"andeq r0, r0, r0, lsr 32",1
"andeq r0, r0, r8, asr r2",1
"strheq sl, [r0], -r4",1
"andeq r0, r0, ip, rrx",1
invalid,1
"strhi r8, [r7, -0x408]",1
"strhi r8, [r5, -r6, lsl 12]",1
bhi 0xf74fc,1
"andeq r8, r1, r2, lsl 28",1
"andeq r0, r0, ip",1
invalid,1
invalid,1
"andeq r0, sp, lr, lsl 24",1
"andeq r0, r0, r8, lsl r0",1
"andeq r0, r0, ip, lsl 5",1
"andeq sl, r0, r0, lsr 30",1
"strheq r0, [r0], -r8",1
"tsthi r0, 0x420",1
"strhi r8, [r3, -0x404]",1
"andeq r8, r1, r2, lsl 28",1
"andeq r0, r0, ip",1
invalid,1
invalid,1
"andeq r0, sp, lr, lsl 24",1
"andeq r0, r0, r4, lsl r0",1
"strheq r0, [r0], -r8",1
"ldrdeq sl, fp, [r0], -r8",1
"andeq r0, r0, r4, asr r0",1
"movwhi r0, 0x8e42",1
"andeq r8, r1, r2, lsl 28",1
"andeq r0, r0, r8, lsl r0",1
"strheq r0, [r0], -r8",1
"andeq fp, r0, ip, lsr 32",1
"andeq r0, r0, ip, lsl 3",1
"ldrhi r0, [r0], -0xe42",1
"strhi r8, [r3], -r4, lsl 10",1
"andeq r8, r1, r2, lsl 28",1
"andeq r0, r0, r8, lsr 32",1
"strheq r0, [r0], -r8",1
"strheq fp, [r0], -r8",1
"andeq r0, r0, r0, lsr 26",1
"strthi r0, [r4], -0xe42",1
"strhi r8, [r8], -sb, lsl 10",1
"stmdahi r6, {r0, r1, r2, r8, sb, sl, pc}",1
bhi 0x137994,1
"vmlahi.f64 d8, d2, d3",1
"stmdahi lr, {r0, sb, lr}",1
"andeq r0, r0, r1",1
"andeq r0, r0, r4, lsr 32",1
"strheq r0, [r0], -r8",1
"ldrdeq fp, ip, [r0], -r8",1
"andeq r0, r0, r0, asr 3",1
"strthi r0, [r4], -0xe42",1
"strhi r8, [r8], -sb, lsl 10",1
"stmdahi r6, {r0, r1, r2, r8, sb, sl, pc}",1
bhi 0x1379c0,1
"vmlahi.f64 d8, d2, d3",1
"andpl r4, lr, r1, lsl 4",1
"andeq r0, r0, r8, lsl r0",1
"strheq r0, [r0], -r8",1
"muleq r0, r8, r0",1
"andeq r0, r0, r8, lsr r0",1
"ldrhi r0, [r0], -0xe42",1
"strhi r8, [r3], -r4, lsl 10",1
"andeq r8, r1, r2, lsl 28",1
"andeq r0, r0, ip",1
"strheq r0, [r0], -r8",1
"ldrdeq ip, sp, [r0], -r0",1
"andeq r0, r0, r8, lsl r0",1
"andeq r0, r0, ip",1
"strheq r0, [r0], -r8",1
"andeq ip, r0, r8, ror 1",1
"andeq r0, r0, r8, lsl r0",1
"andeq r0, r0, r4, lsl r0",1
"strheq r0, [r0], -r8",1
"andeq ip, r0, r0, lsl 2",1
"andeq r0, r0, r4, asr 32",1
"strhi r0, [r4], -0xe42",1
"andeq r0, r0, r1",1
"andeq r0, r0, ip",1
"strheq r0, [r0], -r8",1
"andeq ip, r0, r4, asr 2",1
"andeq r0, r0, ip, lsl r0",1
"andeq r0, r0, r4, lsl r0",1
"strheq r0, [r0], -r8",1
"andeq ip, r0, r0, ror 2",1
"andeq r0, r0, r4, lsr r0",1
"movwhi r0, 0x8e42",1
"andeq r8, r1, r2, lsl 28",1
"andeq r0, r0, r4, lsr 32",1
"strheq r0, [r0], -r8",1
"muleq r0, r4, r1",1
"andeq r0, r0, r0, lsl 1",1
"strthi r0, [r0], -0xe42",1
"strhi r8, [r7], -r8, lsl 10",1
"stmdahi r5, {r1, r2, r8, sb, sl, pc}",1
bhi 0xf7a60,1
"andmi r8, r1, 2, 28",1
"andeq r3, r0, lr, lsl 16",1
"andeq r0, r0, r4, lsr 32",1
"strheq r0, [r0], -r8",1
"andeq ip, r0, r4, lsl r2",1
"ldrdeq r0, r1, [r0], -ip",1
"strthi r0, [r4], -0xe42",1
"strhi r8, [r8], -sb, lsl 10",1
"stmdahi r6, {r0, r1, r2, r8, sb, sl, pc}",1
bhi 0x137a8c,1
"vmlahi.f64 d8, d2, d3",1
"andpl r4, lr, r1, lsl 4",1
"andeq r0, r0, r4, lsl r0",1
"strheq r0, [r0], -r8",1
"strdeq ip, sp, [r0], -r0",1
"andeq r0, r0, r4, lsl r0",1
"movwhi r0, 0x8e42",1
"andeq r8, r1, r2, lsl 28",1
"andeq r0, r0, ip, lsl r0",1
"strheq r0, [r0], -r8",1
"andeq ip, r0, r4, lsl 6",1
"andeq r0, r0, r4, lsr 1",1
"tsthi r8, 0x420",1
"strhi r8, [r5, -0x406]",1
"strhi r8, [r3, -r4, lsl 12]",1
"andeq r8, r1, r2, lsl 28",1
"andeq r0, r0, r4, lsl r0",1
"strheq r0, [r0], -r8",1
"andeq ip, r0, r8, lsr 7",1
"andeq r0, r0, r8, lsl r0",1
"movwhi r0, 0x8e42",1
"andeq r8, r1, r2, lsl 28",1
"andeq r0, r0, r4, lsl r0",1
"strheq r0, [r0], -r8",1
"andeq ip, r0, r0, asr 7",1
"andeq r0, r0, r4, lsl r0",1
"movwhi r0, 0x8e42",1
"andeq r8, r1, r2, lsl 28",1
"andeq r0, r0, r4, lsl r0",1
"strheq r0, [r0], -r8",1
"ldrdeq ip, sp, [r0], -r4",1
"andeq r0, r0, r4, lsl r0",1
"movwhi r0, 0x8e42",1
"andeq r8, r1, r2, lsl 28",1
"andeq r0, r0, r4, lsl r0",1
"strheq r0, [r0], -r8",1
"andeq ip, r0, r8, ror 7",1
"andeq r0, r0, ip, lsl r0",1
"movwhi r0, 0x8e42",1
"andeq r8, r1, r2, lsl 28",1
"andeq r0, r0, r8, lsl r0",1
"strheq r0, [r0], -r8",1
"andeq ip, r0, r4, lsl 8",1
"andeq r0, r0, r4, lsr r0",1
"strhi r0, [ip], -0xe42",1
"cdphi p5, 0, c8, c2, c3, 0",1
"andmi r4, lr, r1, lsl 4",1
"andeq r0, r0, ip, lsl r0",1
"strheq r0, [r0], -r8",1
"andeq ip, r0, r8, lsr r4",1
"andeq r0, r0, r8, lsr r0",1
"ldrhi r0, [r0], -0xe42",1
"strhi r8, [r3], -r4, lsl 10",1
"andmi r8, r1, 2, 28",1
"andeq r4, r0, lr",1
"andeq r0, r0, r4, lsl r0",1
"strheq r0, [r0], -r8",1
"andeq ip, r0, r0, ror r4",1
"andeq r0, r0, ip, lsl r0",1
"movwhi r0, 0x8e42",1
"andeq r8, r1, r2, lsl 28",1
"andeq r0, r0, r4, lsl r0",1
"strheq r0, [r0], -r8",1
"andeq ip, r0, ip, lsl 9",1
"andeq r0, r0, r4, lsr 32",1
"movwhi r0, 0x8e42",1
"andeq r8, r1, r2, lsl 28",1
"andeq r0, r0, ip, lsl r0",1
"strheq r0, [r0], -r8",1
"strheq ip, [r0], -r0",1
"andeq r0, r0, r4, rrx",1
"ldrhi r0, [r0], -0xe42",1
"strhi r8, [r3], -r4, lsl 10",1
"andmi r8, r1, 2, 28",1
"andeq r4, r0, lr",1
"andeq r0, r0, r4, lsl r0",1
"strheq r0, [r0], -r8",1
"andeq ip, r0, r4, lsl r5",1
"andeq r0, r0, r4, lsl r0",1
"movwhi r0, 0x8e42",1
"andeq r8, r1, r2, lsl 28",1
"andeq r0, r0, r4, lsl r0",1
"strheq r0, [r0], -r8",1
"andeq ip, r0, r8, lsr 10",1
"andeq r0, r0, r0, lsl r0",1
"movwhi r0, 0x8e42",1
"andeq r8, r1, r2, lsl 28",1
"andeq r0, r0, r4, lsl r0",1
"strheq r0, [r0], -r8",1
"andeq ip, r0, r8, lsr r5",1
"andeq r0, r0, r0, lsl r0",1
"movwhi r0, 0x8e42",1
"andeq r8, r1, r2, lsl 28",1
"andeq r0, r0, ip, lsl r0",1
"strheq r0, [r0], -r8",1
"andeq ip, r0, r8, asr 10",1
"andeq r0, r0, r8, rrx",1
"ldrhi r0, [r4], -0xe42",1
"strhi r8, [r4], -r5, lsl 10",1
"cdphi p7, 0, c8, c2, c3, 0",1
"stmdami lr, {r0, sb, lr}",1
"andeq r0, r0, r4, lsl r0",1
"strheq r0, [r0], -r8",1
"strheq ip, [r0], -r0",1
"andeq r0, r0, ip, lsl r0",1
"cdphi p14, 0, c0, c4, c2, 2",1
"andne r4, lr, r1, lsl 4",1
"andeq r0, r0, r4, lsl r0",1
"strheq r0, [r0], -r8",1
"andeq ip, r0, ip, asr 11",1
"andeq r0, r0, r4, lsr 32",1
"movwhi r0, 0x8e42",1
"andeq r8, r1, r2, lsl 28",1
"andeq r0, r0, r8, lsl r0",1
"strheq r0, [r0], -r8",1
"strdeq ip, sp, [r0], -r0",1
"andeq r0, r0, r4, lsr r0",1
"strhi r0, [r8], -0xe42",1
"andmi r8, r1, 2, 28",1
"andeq r1, r0, lr",1
"andeq r0, r0, r4, lsl r0",1
"strheq r0, [r0], -r8",1
"andeq ip, r0, r4, lsr 12",1
"andeq r0, r0, r4, lsl r0",1
"movwhi r0, 0x8e42",1
"andeq r8, r1, r2, lsl 28",1
"andeq r0, r0, r4, lsl r0",1
"strheq r0, [r0], -r8",1
"andeq ip, r0, r8, lsr r6",1
"andeq r0, r0, ip, lsl r0",1
"movwhi r0, 0x8e42",1
"andeq r8, r1, r2, lsl 28",1
"andeq r0, r0, r4, lsl r0",1
"strheq r0, [r0], -r8",1
"andeq ip, r0, r4, asr r6",1
"andeq r0, r0, r0, lsl r0",1
"movwhi r0, 0x8e42",1
"andeq r8, r1, r2, lsl 28",1
"andeq r0, r0, r4, lsl r0",1
"strheq r0, [r0], -r8",1
"andeq ip, r0, r4, ror 12",1
"andeq r0, r0, r4, lsl r0",1
"movwhi r0, 0x8e42",1
"andeq r8, r1, r2, lsl 28",1
"andeq r0, r0, ip",1
invalid,1
invalid,1
"andeq r0, sp, lr, lsl 24",1
"andeq r0, r0, r4, lsl r0",1
"andeq r0, r0, r4, asr r6",1
"andeq ip, r0, r8, ror r6",1
"andeq r0, r0, r0, asr 6",1
"strhi r0, [r8], -0xe42",1
"andeq r8, r1, r2, lsl 10",1
"andeq r0, r0, ip",1
invalid,1
invalid,1
"andeq r0, sp, lr, lsl 24",1
"andeq r0, r0, r4, lsl r0",1
"andeq r0, r0, ip, ror r6",1
"strheq ip, [r0], -r8",1
"andeq r0, r0, r4, lsr r0",1
"strhi r0, [r8], -0xe42",1
"andeq r8, r1, r2, lsl 28",1
"andeq r0, r0, r4, lsl r0",1
"andeq r0, r0, ip, ror r6",1
"andeq ip, r0, ip, ror 19",1
"andeq r0, r0, ip",1
"movwhi r0, 0x8e42",1
"andeq r8, r1, r2, lsl 28",1
"andeq r0, r0, r8, lsl r0",1
"andeq r0, r0, ip, ror r6",1
"strdeq ip, sp, [r0], -r8",1
"andeq r0, r0, ip, lsr 32",1
"tsthi r0, 0x420",1
"strhi r8, [r3, -0x404]",1
"andeq r8, r1, r2, lsl 28",1
"andeq r0, r0, r4, lsl r0",1
"andeq r0, r0, ip, ror r6",1
"andeq ip, r0, r4, lsr 20",1
"andeq r0, r0, ip, asr r0",1
"strhi r0, [r8], -0xe42",1
"andeq r8, r1, r2, lsl 28",1
"andeq r0, r0, ip, lsl r0",1
"andeq r0, r0, ip, ror r6",1
"andeq ip, r0, r0, lsl 21",1
"andeq r0, r0, r4, ror r0",1
"tsthi r8, 0x420",1
"strhi r8, [r5, -0x406]",1
"strhi r8, [r3, -r4, lsl 12]",1
"andeq r8, r1, r2, lsl 28",1
"andeq r0, r0, r8, lsl r0",1
"andeq r0, r0, ip, ror r6",1
"strdeq ip, sp, [r0], -r4",1
"andeq r0, r0, r8, lsr r0",1
"ldrhi r0, [r0], -0xe42",1
"strhi r8, [r3], -r4, lsl 10",1
"andeq r8, r1, r2, lsl 28",1
"andeq r0, r0, r4, lsl r0",1
"andeq r0, r0, ip, ror r6",1
"andeq ip, r0, ip, lsr 22",1
"andeq r0, r0, r8, asr 32",1
"movwhi r0, 0x8e42",1
"andeq r8, r1, r2, lsl 28",1
"andeq r0, r0, r4, lsl r0",1
"andeq r0, r0, ip, ror r6",1
"andeq ip, r0, r4, ror fp",1
"andeq r0, r0, ip, lsl r0",1
"strhi r0, [r8], -0xe42",1
"andeq r8, r1, r2, lsl 28",1
"andeq r0, r0, r4, lsl r0",1
"andeq r0, r0, ip, ror r6",1
"muleq r0, r0, fp",1
"andeq r0, r0, r4, lsl r0",1
"movwhi r0, 0x8e42",1
"andeq r8, r1, r2, lsl 28",1
"andeq r0, r0, r8, lsl r0",1
"andeq r0, r0, ip, ror r6",1
"andeq ip, r0, r4, lsr 23",1
"andeq r0, r0, r4, lsr 32",1
"tsthi r0, 0x420",1
"strhi r8, [r3, -0x404]",1
"andeq r8, r1, r2, lsl 28",1
"andeq r0, r0, r4, lsl r0",1
"andeq r0, r0, ip, ror r6",1
"andeq ip, r0, r8, asr 23",1
"andeq r0, r0, ip, lsl r0",1
"strhi r0, [r8], -0xe42",1
"andeq r8, r1, r2, lsl 28",1
"andeq r0, r0, ip",1
invalid,1
invalid,1
"andeq r0, sp, lr, lsl 24",1
"andeq r0, r0, r4, lsl r0",1
"andeq r0, r0, r8, lsr 15",1
"andeq ip, r0, r4, ror 23",1
"andeq r0, r0, r0, asr 32",1
"movwhi r0, 0x8e42",1
"andeq r8, r1, r2, lsl 28",1
"andeq r0, r0, ip",1
invalid,1
invalid,1
"andeq r0, sp, lr, lsl 24",1
"andeq r0, r0, r8, lsl r0",1
"ldrdeq r0, r1, [r0], -r0",1
"andeq ip, r0, r4, lsr 24",1
"andeq r0, r0, ip, lsl 1",1
"ldrhi r0, [r0], -0xe42",1
"strhi r8, [r3], -r4, lsl 10",1
"andeq r8, r1, r2, lsl 28",1
"andeq r0, r0, ip",1
invalid,1
invalid,1
"andeq r0, sp, lr, lsl 24",1
"andeq r0, r0, r8, lsr 32",1
"strdeq r0, r1, [r0], -ip",1
"strheq ip, [r0], -r0",1
"andeq r0, r0, r0, ror 6",1
"strthi r0, [r4], -0xe42",1
"strhi r8, [r8], -sb, lsl 10",1
"stmdahi r6, {r0, r1, r2, r8, sb, sl, pc}",1
bhi 0x137ea4,1
"vmlahi.f64 d8, d2, d3",1
"andls r4, lr, r1, lsl 4",1
"andeq r0, r0, r1",1
"andeq r0, r0, ip",1
invalid,1
invalid,1
"andeq r0, sp, lr, lsl 24",1
"andeq r0, r0, ip, lsl r0",1
"andeq r0, r0, r8, lsr r8",1
"andeq sp, r0, r0, lsl r0",1
"andeq r0, r0, r8, lsr 1",1
"ldrhi r0, [r0], -0xe42",1
"strhi r8, [r3], -r4, lsl 10",1
"andmi r8, r1, 2, 28",1
"andeq r1, r0, lr, lsl 16",1
"andeq r0, r0, ip",1
invalid,1
invalid,1
"andeq r0, sp, lr, lsl 24",1
"andeq r0, r0, r8, lsl r0",1
"andeq r0, r0, r8, ror 16",1
"strheq sp, [r0], -r8",1
"andeq r0, r0, r0, rrx",1
"strhi r0, [r8], -0xe42",1
"andmi r8, r1, 2, 28",1
"andeq r1, r0, lr",1
"andeq r0, r0, ip",1
invalid,1
invalid,1
"andeq r0, sp, lr, lsl 24",1
"andeq r0, r0, ip, lsl r0",1
"muleq r0, r4, r8",1
"andeq sp, r0, r8, lsl r1",1
"strheq r0, [r0], -r4",1
"ldrhi r0, [r4], -0xe42",1
"strhi r8, [r4], -r5, lsl 10",1
"cdphi p7, 0, c8, c2, c3, 0",1
"andhs r4, lr, r1, lsl 4",1
"andeq r0, r0, ip",1
invalid,1
invalid,1
"andeq r0, sp, lr, lsl 24",1
"andeq r0, r0, ip",1
"andeq r0, r0, r4, asr 17",1
"andeq sp, r0, ip, asr 3",1
"andeq r0, r0, r8, lsr 1",1
"andeq r0, r0, ip",1
invalid,1
invalid,1
"andeq r0, sp, lr, lsl 24",1
"andeq r0, r0, ip, lsl r0",1
"andeq r0, r0, r4, ror 17",1
"andeq sp, r0, r0, ror 5",1
"andeq r0, r0, ip, lsr r0",1
"tsthi r8, 0x420",1
"strhi r8, [r5, -0x406]",1
"strhi r8, [r3, -r4, lsl 12]",1
"andeq r8, r1, r2, lsl 28",1
"andeq r0, r0, ip, lsl r0",1
"andeq r0, r0, r4, ror 17",1
"andeq sp, r0, ip, lsl r3",1
"andeq r0, r0, ip, lsr r0",1
"tsthi r8, 0x420",1
"strhi r8, [r5, -0x406]",1
"strhi r8, [r3, -r4, lsl 12]",1
"andeq r8, r1, r2, lsl 28",1
"andeq r0, r0, ip",1
invalid,1
invalid,1
"andeq r0, sp, lr, lsl 24",1
"andeq r0, r0, r8, lsr 32",1
"andeq r0, r0, r4, lsr sb",1
"andeq sp, r0, r8, asr r3",1
"andeq r0, r0, r8, lsl 9",1
"eorshi r0, r0, r2, asr 28",1
"andhi r8, fp, 12, 2",1
"strhi r8, [sb, -0x40a]",1
"strhi r8, [r7, -r8, lsl 12]",1
"stmdbhi r5, {r1, r2, fp, pc}",1
blhi 0xf83e0,1
"andeq r8, r1, r2, lsl 28",1
"andeq r0, r0, ip",1
invalid,1
invalid,1
"andeq r0, sp, lr, lsl 24",1
"andeq r0, r0, r8, lsr 32",1
"andeq r0, r0, r0, ror sb",1
"andeq sp, r0, r0, ror 15",1
"andeq r0, r0, ip, lsl 8",1
"eorshi r0, r0, r2, asr 28",1
"andhi r8, fp, 12, 2",1
"strhi r8, [sb, -0x40a]",1
"strhi r8, [r7, -r8, lsl 12]",1
"stmdbhi r5, {r1, r2, fp, pc}",1
blhi 0xf841c,1
"andeq r8, r1, r2, lsl 28",1
"andeq r0, r0, ip",1
invalid,1
invalid,1
"andeq r0, sp, lr, lsl 24",1
"andeq r0, r0, r0, lsr 32",1
"andeq r0, r0, ip, lsr 19",1
"andeq sp, r0, ip, ror 23",1
"andeq r0, r0, r4, rrx",1
invalid,1
"strhi r8, [r7, -0x408]",1
"strhi r8, [r5, -r6, lsl 12]",1
bhi 0xf7c50,1
"andeq r8, r1, r2, lsl 28",1
"andeq r0, r0, ip",1
"andeq r0, r0, ip, lsr 19",1
"andeq sp, r0, r0, asr ip",1
"andeq r0, r0, r4",1
"andeq r0, r0, ip",1
invalid,1
invalid,1
"andeq r0, sp, lr, lsl 24",1
"andeq r0, r0, ip",1
"strdeq r0, r1, [r0], -r0",1
"andeq sp, r0, r4, asr ip",1
"andeq r0, r0, ip, lsr 32",1
"strbvs r6, [lr, -ip, ror 30]!",1
"cdpvs p12, 6, c6, c15, c0, 1",1
"cdpvs p0, 6, c2, c9, c7, 3",1
"mcrmi p0, 2, r0, c7, c4, 3",1
"subhs r2, r3, r5, asr r0",1
"mrchs p14, 1, r2, c7, c4, 1",1
svcvs 0x6c0032,1
"stcvs p7, c6, [r0], -0x1b8",1
"rsbhs r6, r7, pc, ror 28",1
"ldmdbvs r3!, {r0, r2, r4, r5, r6, sb, sl, fp, sp, lr} ^",1
"strbtvs r6, [r5], -0xe67",1
"strbtvc r6, [lr], -0x920",1
invalid,1
"strbvs r6, [lr, -0x769]!",1
"stmdavs r3!, {r2, r5, r6, sp} ^",1
"movwvc r7, 0x261",1
"ldrbtvc r6, [r2], -0xf68",1
invalid,1
"strbvs r6, [lr, -0x769]!",1
"cdpvs p0, 6, c2, c9, c4, 3",1
"ldmdbmi pc, {r2, r4, r5, r6} ^",1
"ldrbtvc r5, [r3], -0xf4f",1
svcpl 0x6e6964,1
"strbtvs r7, [r5], -0x375",1
svcvs 0x682f00,1
bvs 0xbef290,1
blvs 0x1cb3268,1
"stmdbvc pc!, {r0, r2, r5, r6, sl, ip, sp, lr}",1
svcvs 0x74636f,1
"ldmdbvs r5!, {r0, r1, r2, r3, r5, sb, sp, lr} ^",1
"strtvc r6, [pc], -0x46c",1
"strvc r7, [pc, -sp, rrx]!",1
svchs 0x6b726f,1
"strbtvc r7, [sp], -r1, ror 4",1
"qasxvc r6, sp, r7",1
"cdpvs p0, 2, c7, c13, c6, 3",1
"stclhs p15, c6, [lr, -0x194]!",1
"stmdbvc fp!, {r4, r5, r6, r8, sb, sl, fp, sp, lr} ^",1
"cdpvs p12, 6, c6, c9, c13, 1",1
invalid,1
invalid,1
"strvs r6, [0x000153ba]!",1
"rsbvs r6, sb, 0x6700",1
"cdphs p15, 3, c2, c2, c3, 3",1
"eorvc r3, sp, 0xc40000",1
invalid,1
invalid,1
invalid,1
"stmdbvs ip!, {r0, r1, r2, r4, r5, r8, sb, sl, fp, sp} ^",1
invalid,1
"movwvc r7, 0x573",1
"ldrbtvc r6, [r2], -0xf68",1
"strbtvc r6, [lr], -0x920",1
bvc 0x1a7294c,1
"rsbsvc r7, sb, r5, ror 8",1
"ldmdbmi pc, {r0, r2, r5, r6} ^",1
"cmnvs r2, r3, asr r7",1
svcpl 0x6870,1
"stmdbvs r1!, {r0, r1, r5, r6, fp, sp, lr} ^",1
"ldrbtvc r0, [r3], -0x6e",1
"ldmdbvs r4!, {r0, r1, r2, r3, r4, r6, r8, sb, sp, lr} ^",1
svcpl 0x5f006d,1
"ldrbvc r5, [r1, -0xf75]!",1
"ldrbvc r6, [pc], -0x461     ; [0x15d74:4]=0x6f72705f",1
"strbtvc r7, [r5], -0x300",1
svcvs 0x72705f,1
"stclvs p2, c7, [r1, -0x19c]!",1
"stclvs p14, c6, [r1, -0x17c]!",1
"cmpvc pc, 0x65",1
"ldrbtvc r6, [r2], -0xf68",1
"rsbeq r7, r6, r2, ror 10",1
"cmnvs r0, pc, asr pc",1
svcpl 0x6874,1
"rsbsvc r5, r3, sb, asr 6",1
"rsbeq r6, r5, r1, ror 6",1
invalid,1
svcvs 0x5f7972,1
"cmnvs r2, r0, ror r5",1
"rsbseq r6, r2, r4, ror pc",1
"mrcvs p6, 2, r7, c15, c4, 3",1
"rsbeq r6, r3, r3, ror r5",1
svcpl 0x4f495f,1
svcpl 0x667562,1
"ldrbvs r6, [r3, -0x162]!",1
svcpl 0x4f4e00,1
"subeq r4, r4, r5, asr sb",1
"uhsub16vs r6, r5, r2",1
invalid,1
"ldrbvs r7, [r4, -0x869]!",1
svcpl 0x7473,1
"stclvs p3, c5, [r1], -0x124",1
"rsbeq r6, r1, r0, ror r8",1
"stmdbvs r7!, {r0, r1, r2, r3, r4, r6, r8, sb, sl, fp, ip, lr} ^",1
"rsbseq r5, r4, r4, ror 30",1
"ldrbvs r4, [r3], -0x95f",1
"strbtvc r6, [sb], -0x769",1
"strbtvc r6, [r5], -0x700",1
"cmnvs r4, pc, asr r3",1
"strbtvc r5, [sp], -0xf74",1
"rsbeq r6, r5, sb, ror 26",1
"strbtvc r6, [lr], -0x975",1
svcpl 0x78616d,1
svcpl 0x5f0074,1
"strbvs r6, [r4, -0xf6d]!",1
svcpl 0x745f,1
"strbvs r6, [ip, -0x966]!",1
"andvs r6, r0, 0x1b8",1
"cdpvs p9, 6, c7, c15, c5, 3",1
"ldmdbmi pc, {r2, r5, r6} ^",1
"ldrbvs r5, [r2, -0xf4f]!",1
"ldrbvs r6, [0x000159cf]     ; [0x159cf:4]=0x18e0283",1
"strvc r6, [r0], -0x46e",1
invalid,1
svcpl 0x636570,1
"rsbseq r6, r0, r3, ror 26",1
"ldrbtvc r7, [r5], -0x66",1
"cdpvs p15, 7, c5, c5, c3, 3",1
blvs 0x18f1bfc,1
"movwvc r6, 0x465",1
svcvs 0x747274,1
svcpl 0x5f006c,1
"mrrcvs p2, 7, r3, pc, c3",1
svchs 0x6e65,1
"strbvs r6, [sp, -0xf68]!",1
"strbtvs r7, [sb], -pc, lsr 8",1
"stmdbvc lr!, {r1, r2, r5, r6, r8, sp, lr} ^",1
svcvs 0x632f62,1
"ldrbtvc r6, [r5], -0x572",1
"ldclhs p12, c6, [r3, -0x1a4]!",1
"eorslo r2, r2, 56, 28",1
"strbvc r5, [r3, -0xf00]!",1
svcvs 0x635f72,1
"cdpvs p5, 6, c7, c13, c12, 3",1
"strbvs r6, [r3, -r0, lsl 8]!",1
"ldrbvs r7, [r4, -0x465]!",1
svcpl 0x7478,1
"cmnvs r5, pc, asr r1",1
"rsbseq r5, r4, r4, ror 30",1
"cmpvs pc, r3, ror r4",1
"rsbeq r6, sp, r4, ror sb",1
"rsbsvc r5, r0, 0x17c",1
"ldrbtvs r6, [r4], -sb, ror 28",1
blvs 0x1a2ec2c,1
"ldrbvc r6, [r0, -0x600]!",1
"ldrbvc r7, [0x00015b44]     ; [0x15b44:4]=12",1
invalid,1
"rsbeq r6, r4, fp, ror 10",1
"ldclvs p3, c6, [0x00015d14]",1
"cmnvs r3, r5, ror 6",1
"rsbseq r6, r3, r7, ror 10",1
"strbtvs r6, [ip], -0xf5f",1
"uqsaxvs r6, r6, pc",1
"rsbseq r6, r4, r3, ror r5",1
"ldrbvs r5, [r2, -0xf5f]!",1
"strbtvc r7, [ip], -0x573",1
"ldmdavc pc, {r8, sb, sl, fp, ip, lr} ^",1
"strbtvc r7, [r1], -0x473",1
"smladxvs r0, r6, r4, r3",1
"strbvc r7, [r5, -0x465]!",1
"cdpvs p4, 0, c6, c0, c9, 3",1
"strbvs r6, [r2, -0xd75]!",1
"ldrbtvc r5, [r3], -0xf72",1
"rsbseq r7, r4, r1, ror 4",1
"cmnvs r0, pc, asr pc",1
svcpl 0x3564,1
"ldrbvc r5, [r0, -0x349]!",1
"rsbseq r6, r4, lr, ror 6",1
"stmdavc r5!, {r0, r1, r2, r3, r4, r6, sb, sl, fp, sp, lr} ^",1
"ldrbtvc r0, [r3], -0x74",1
svcvs 0x6c625f,1
"rsbseq r6, r3, r3, ror 22",1
"ldrbvc r7, [0x00015ab1]     ; [0x15ab1:4]=0xa80000d0",1
"stmdavc r0, {r0, r3, r5, r6, sl, sp, lr}",1
"rsbvc r5, pc, r5, ror 30",1
"strbtvc r7, [r1], -0x265",1
svcpl 0x726f,1
"ldclvs p15, c4, [0x00015e14]",1
"strbvs r7, [fp, -0x261]!",1
"ldrbtvc r0, [r3], -0x72",1
"rsbeq r6, lr, r4, ror 18",1
"ldmdbvs r2!, {r1, r2, r5, r6, ip, sp, lr} ^",1
"rsbeq r7, r6, lr, ror 8",1
"ldrbtvc r5, [r3], -0xf5f",1
"stclvs p5, c6, [r1, -0x1c8]!",1
"stclvs p4, c7, [sb, -0]!",1
"ldrbvs r7, [r0, -0x365]!",1
"stmdbvs r2!, {r0, r1, r5, r6} ^",1
"ldrbvs r6, [r4, -0x46e]!",1
svcvs 0x647478,1
"cdpvs p1, 6, c6, c9, c13, 3",1
svcmi 0x495f00,1
"ldmdbvs r2!, {r0, r1, r2, r3, r4, r6, r8, sb, sl, ip, sp, lr} ^",1
"subsvc r6, pc, r4, ror r5",1
svcpl 0x7274,1
"cmnvs r4, pc, asr r3",1
"uhsub16vs r6, r5, r4",1
"rsbsvs r5, r3, 0, 30",1
svcpl 0x6675,1
"ldmdbvs r5!, {r0, r1, r2, r3, r4, r6, sb, sp, lr} ^",1
"cdpvs p4, 6, c7, c9, c12, 3",1
"rsbsvc r7, r4, 0x7c000001",1
"rsbseq r6, r0, r3, ror 26",1
"cmnvc r2, 0x15800000",1
"rsbeq r6, lr, sb, ror 30",1
"ldclvs p4, c7, [r2], -0x1cc",1
svcpl 0x6e65,1
"cmpvc pc, 0x124",1
svcpl 0x657661,1
"ldrbvs r6, [r3, -0x162]!",1
"cdpvs p15, 5, c5, c15, c0, 0",1
blvs 0x1bb0570,1
"stcvs p4, c7, [r0, -0x17c]",1
invalid,1
"strbtvc r6, [r5], -0x700",1
"ldmdbvs r4!, {r0, r1, r2, r3, r4, r6, r8, sl, fp, sp, lr} ^",1
"andvs r6, r0, 0x1b400000",1
"rsbvc r6, pc, sb, ror 28",1
"cmpvc pc, 0, 30",1
"mcrvs p15, 3, r5, c9, c4, 3",1
"mrrcvs p0, 6, r0, pc, c15",1
"rsbeq r6, fp, pc, ror 6",1
"qdsubvs r6, pc, ip",1
"eorseq r7, r2, r7, ror 6",1
"ldclvs p5, c6, [r4], -0x1cc",1
"stclvs p3, c6, [r1], -0x1bc",1
invalid,1
"rsbseq r6, r6, r2, ror r7",1
"cmnlo r3, pc, asr pc",1
"strbvc r6, [r2, -0xc00]!",1
"ldrbtvc r0, [r3], -0x66",1
bvc 0x1a72d8c,1
"ldrbmi r0, [r4, -0x65]",1
"usaxmi r5, pc, r3",1
"ldrbmi r4, [r3, -0xc41]",1
svcpl 0x747300,1
"strbvs r6, [r4, -0xf6d]!",1
"cmnvs r3, r0, lsl 10",1
svcpl 0x6567,1
"cmnvc r8, 0x5f00            ; ""xit status.  It is one of:\n""",1
"uhsub16lo r6, r4, r4",1
invalid,1
"ldmdbvc r4!, {r0, r5, r6, sl, ip, sp, lr} ^",1
"stclvs p6, c6, [r6], -0",1
svcpl 0x687375,1
svcvs 0x6c6e75,1
"strbtvs r6, [r5], -0xb63",1
"movtpl r5, 0x9f00",1
"ldrbvs r6, [r7, -0xf6c]!",1
svcpl 0x5f0072,1
svcpl 0x766564,1
"stmdbvs r6!, {r2, r4, r5, r6} ^",1
invalid,1
"strvc r6, [r0], -0x56d",1
"ldrbvs r5, [r3, -0xf76]!",1
svcpl 0x5f0063,1
"cmnvs r3, 0x1cc000",1
svcpl 0x6c6c61,1
"mcrvs p12, 3, r6, c15, c3, 3",1
"rsbseq r5, r4, r7, ror 30",1
svcpl 0x4f495f,1
"strbtvs r6, [r1], -0x572",1
"rsbsvc r7, r4, 0x5f",1
"cmnvs r2, 0, 6",1
invalid,1
"rsbeq r2, r3, r4, ror lr",1
"uqsaxvc r5, pc, pc",1
"stclvs p2, c7, [r6], -0x194",1
"cdpvs p7, 0, c7, c0, c15, 3",1
invalid,1
"strbvs r6, [lr, -0xf00]!",1
invalid,1
"mcrvs p13, 3, r6, c5, c5, 3",1
"ldmdbmi pc, {r2, r4, r5, r6} ^",1
svcvs 0x6c5f4f,1
"ldrbvc r6, [pc], -0xb63     ; [0x160c0:4]=0x75625f74",1
"cmnvs r4, r0, lsl 6",1
"strbvc r5, [r2, -0xf74]!",1
"ldmdbmi pc, {r1, r2, r5, r6} ^",1
"stmdbmi r6, {r0, r1, r2, r3, r6, r8, sb, sl, fp, ip, lr} ^",1
"strvc r4, [r0, -0x54c]",1
"ldrbtvc r6, [r8], -0x16d",1
"rsbsvc r7, r4, 0xbc000001",1
"movtpl r5, 0x5400",1
"subspl r5, r4, 84, 30",1
svcpl 0x4555,1
"uqsaxvs r6, r6, pc",1
svcpl 0x745f,1
svcpl 0x31735f,1
"rsbeq r6, lr, ip, ror 10",1
"strbvs r7, [r4, -0x473]!",1
"strvc r7, [r0, -0x272]",1
"ldmdbvc r2!, {r1, r2, r3, r5, r6, r8, sp, lr} ^",1
"ldrbvs r6, [r0, -0xf5f]!",1
svcvs 0x746172,1
"ldrbtvc r0, [r3], -0x72",1
"cmpvc pc, 0x61000000",1
"ldrbvs r6, [r2, -0x170]!",1
"mrrcvs p15, 0, r5, pc, c0",1
"cmnvs r4, r8, ror r3",1
"subsvc r0, pc, r4, ror r0",1
invalid,1
svcpl 0x73695f,1
"ldclvs p0, c0, [0x00015f80]",1
"strbvs r7, [fp, -0x261]!",1
"strvs r7, [r0, -0x372]",1
"rsbseq r7, r2, r8, ror r0",1
"stclvs p15, c5, [r2], -0x17c",1
"strbtvc r6, [lr], -0x36b",1
"ldrbvc r3, [pc], -0x436     ; [0x16148:4]=0x61686375",1
svcpl 0x6f7400,1
invalid,1
"ldrbtvc r0, [r3], -0x72",1
"stmdbvs ip!, {r0, r1, r2, r3, r4, r6, sb, sl, fp, sp, lr} ^",1
svcpl 0x6b6e,1
"stclvs p15, c6, [pc], -0x108",1
"stmdbvs lr!, {r8, fp, sp, lr} ^",1
"stclvs p9, c6, [r1], -0x1d0",1
svcpl 0x657a69,1
"strbtvc r7, [sb], -0x865",1
"stmdbvs r1!, {r0, r1, r2, r3, r4, r6, sb, sl, sp, lr} ^",1
"ldrbvs r7, [r2, -0x56c]!",1
svcmi 0x495f00,1
"uhsaxvs r6, r5, pc",1
"strbtvs r6, [lr], -0x55f",1
"rsbsvc r7, r4, 0, 6",1
"rsbvc r6, sp, lr, ror 6",1
"movtpl r5, 0x5400",1
"qdaddmi r5, r4, r6",1
"subspl r4, r5, 0x4900",1
"ldrbvc r0, [r4, -r5, asr 32]!",1
"rsbvc r5, r1, 0x1bc",1
"strbvs r7, [sp, -0x567]!",1
"rsbseq r7, r3, lr, ror 8",1
"subsvs r7, pc, 0x73000000",1
"ldmdbvs r3!, {r2, r3, r5, r6, r8, sb, fp, sp, lr} ^",1
"strvs r6, [r0, -0x57a]",1
invalid,1
invalid,1
invalid,1
"rsbseq r6, r4, r4, ror r1",1
"cmnvs r4, pc, asr r6",1
svcpl 0x656c62,1
invalid,1
svcpl 0x7465,1
"stclvs p3, c5, [r2], -0x124",1
"rsbeq r6, fp, r1, ror 28",1
"ldclvs p15, c6, [r2, -0x198]!",1
svcpl 0x7461,1
"rsbsvc r6, r0, 0x5f00000",1
"ldrbtvs r6, [r4], -sb, ror 28",1
blvs 0x1a2ef6c,1
"ldmdavc pc, {r8, sb, sl, fp, ip, lr} ^",1
"strbtvc r7, [r1], -0x473",1
"ldmdbvs pc, {r8, sb, sl, fp, ip, lr} ^",1
"ldrbvc r6, [pc], -0xf6e     ; [0x16200:4]=0x6e755f74",1
invalid,1
"mrcvs p15, 3, r5, c5, c4, 3",1
"strvs r7, [r0], -pc, rrx",1
svcvs 0x666e69,1
"cmpvs pc, 0, 30",1
"ldrbvs r7, [r0, -0x974]!",1
"mrrcvs p2, 5, r6, pc, c15",1
svcpl 0x636f,1
"cdpvs p3, 6, c5, c3, c9, 2",1
"rsbeq r7, ip, r4, ror r2",1
"stclvs p15, c5, [r2], -0x17c",1
bvc 0x1a72fdc,1
"rsbseq r5, r4, r5, ror 30",1
"ldmdbvs r4!, {r0, r1, r2, r3, r4, r6, r8, sb, sl, fp, ip, lr} ^",1
"ldrbvc r6, [pc], -0x56d     ; [0x1623c:4]=0x67696478",1
"movtpl r5, 0x9f00",1
invalid,1
invalid,1
svcpl 0x747361,1
"rsbvc r6, sp, r3, ror 30",1
"cdpvs p14, 6, c6, c5, c15, 3",1
"rsbvs r0, r1, 0x74",1
"rsbseq r7, r4, pc, ror 4",1
"ldrbtvc r6, [r3], -0x574",1
"mrcvs p3, 3, r7, c9, c15, 2",1
svcpl 0x786174,1
svcvs 0x727265,1
svcpl 0x5f0072,1
"cdpvs p2, 7, c7, c2, c5, 3",1
svcvs 0x6c5f6f,1
"ldmdbvs r4!, {r0, r1, r5, r6, r8, sp, lr} ^",1
"strvs r6, [r0], -pc, ror 28",1
svcpl 0x646e69,1
"rsbseq r6, r4, sb, ror 28",1
"rsbvc r6, r1, 0x750",1
"strbtvs r5, [r1], -0xf79",1
invalid,1
svcpl 0x5f0065,1
svcpl 0x646975,1
"strbvs r0, [lr, -0x74]!",1
"ldrbvs r6, [r4, -0x167]!",1
"ldrbtvc r0, [r3], -0x64",1
"strbtvc r6, [lr], -0x972",1
"rsbseq r6, r0, r3, ror 26",1
"uqsaxvs r5, pc, pc",1
svcpl 0x343666,1
"strbvs r0, [r7, -0x74]!",1
"stmdbvs r7!, {r2, r4, r5, r6, r8, sl, sp, lr} ^",1
"ldmdbmi pc, {r2, r5, r6} ^",1
"ldrbvs r5, [r2, -0xf4f]!",1
"subsvs r6, pc, 0x61000000",1
"rsbeq r7, r5, r1, ror 6",1
svcpl 0x4f495f,1
"ldrbvs r6, [r6, -0x173]!",1
"strbtvs r6, [lr], -0x55f",1
"ldrbvs r5, [pc], -r0, lsl 30 ; [0x162e0:4]=0x69675f74",1
"movwvc r7, 0x46d",1
"stmdbvs r7!, {r2, r4, r5, r6, r8, sb, sl, fp, ip, lr} ^",1
svcpl 0x5f0064,1
invalid,1
"subsvc r5, pc, r0, lsl 30",1
"eorseq r6, r2, r1, ror 8",1
"cmnvs r0, pc, asr pc",1
svcpl 0x3364,1
"strbtvs r7, [r1], -0x5f",1
"ldmdbmi pc, {r2, r4, r5} ^",1
"rsbsvc r5, r7, 0x13c",1
svcpl 0x657469,1
"rsbeq r6, r4, r5, ror 28",1
"strbvc r7, [lr, -0x55f]!",1
"rsblo r6, r4, 0x1cc00000",1
"stmdbvs sp!, {r8, sl, sp, lr} ^",1
"rsbsvc r5, r4, 116, 30",1
"strbvs r5, [r8, -0xf79]!",1
svcpl 0x706c,1
"stclvs p3, c5, [r1], -0x124",1
"rsbeq r7, sp, lr, ror 10",1
"strbtvc r7, [r1], -0x473",1
"movwvc r7, 0x375",1
"strbvs r5, [r4, -0xf74]!",1
"ldmdbmi pc, {r1, r2, r4, r5, r6} ^",1
"rsbsvc r7, r0, r3, asr r5",1
svcpl 0x7265,1
"subsvs r4, pc, 0x124",1
"strbvc r6, [fp, -0x361]!",1
invalid,1
"movwvc r6, 0x573",1
"strbtvc r5, [sp], -0xf74",1
"andvc r6, r0, 0x1a40",1
svcpl 0x73695f,1
svcmi 0x4e006c,1
"strbmi r4, [sb], -0x75f",1
svcpl 0x747300,1
"uqsub16vc r6, r5, r2",1
"ldmdbvs pc, {r8, sb, sl, fp, ip, lr} ^",1
"ldrtlo r6, [r6], -0xf6e",1
"strvc r7, [r0], -0x45f",1
"rsbeq r7, sp, r5, ror 4",1
"ldrbvs r6, [r2, -0x874]!",1
"rsbvc r5, r1, 0x194",1
"strbvs r7, [sp, -0x567]!",1
"rsbseq r7, r3, lr, ror 8",1
svcpl 0x4f495f,1
"strbtvc r7, [sb], -0x277",1
invalid,1
"strvs r6, [r0, -0x573]",1
svcpl 0x74696d,1
"stmdbvs r3!, {r0, r5, r6, sb, sl, fp, sp, lr} ^",1
"rsbvc r6, r1, 108, 24",1
"mcrvs p15, 3, r5, c9, c9, 3",1
svcpl 0x6f66,1
"rsbsvc r5, r0, 0x24000001",1
"rsbseq r6, r4, sb, ror 28",1
invalid,1
"ldrbtvc r5, [r3], -0xf65",1
"ldrbtvc r6, [r5], -0xf64",1
"strbtvc r7, [r5], -0x35f",1
"stclvs p6, c6, [sb], -0x17c",1
invalid,1
"strvc r6, [r0, -sp, ror 10]",1
"ldrbvs r6, [r4, -0x972]!",1
"rsbsvc r6, r2, 0x17c00000",1
svcpl 0x726f,1
"strbtvc r7, [sb], -0x865",1
"stclvs p6, c6, [sb], -0",1
"stclvs p0, c0, [r3], -0x194",1
svcpl 0x65736f,1
svcvs 0x647473,1
"cmpvc pc, 0x75000000",1
"ldmdbvs pc, {r0, r2, r5, r6, sl, ip, sp, lr} ^",1
"rsbvc r6, pc, 0x670",1
"subpl r5, r5, r5, ror 30",1
"subeq r5, r5, sb, asr 32",1
invalid,1
"ldrbtvc r5, [r3], -0xf65",1
"stclvs p5, c6, [r1, -0x1c8]!",1
svcvs 0x757100,1
"rsbvc r6, r1, 116, 10",1
svcvs 0x635f67,1
"rsbeq r6, lr, ip, ror 30",1
svcvs 0x6e6769,1
invalid,1
invalid,1
"ldrbvs r6, [r3, -0xf6c]!",1
"cdphs p5, 7, c7, c4, c15, 3",1
"stclvs p0, c0, [r3], -0x18c",1
svcpl 0x65736f,1
svcvs 0x647473,1
"andvs r7, r0, 0x75000000",1
svcpl 0x657361,1
"rsbeq r6, lr, ip, ror 10",1
svcpl 0x776173,1
invalid,1
"rsbsvc r0, r0, 0x68",1
"stmdavc sb!, {r0, r2, r5, r6, sb, sl, sp, lr} ^",1
"mcrvs p12, 3, r6, c5, c15, 2",1
"rsbvs r6, sb, 0, 24",1
invalid,1
"stclvs p14, c6, [r1, -0x194]!",1
"strbvs r2, [ip, -r5, ror 26]!",1
invalid,1
"rsbvs r6, sb, 0, 24",1
"ldmdbvs r8!, {r0, r1, r2, r3, r5, r8, sl, sp, lr} ^",1
"stmdbvs r1!, {r2, r4, r5, r6, sb, sl, sp, lr} ^",1
"rsbeq r2, r3, ip, ror 28",1
svchs 0x62696c,1
"stmdavc r1!, {r0, r2, r4, r5, r6, r8, sl, fp, sp, lr} ^",1
"ldrbtvc r6, [r3], -0xf74",1
"rsbeq r2, r3, r2, ror lr",1
svchs 0x62696c,1
invalid,1
"strbvs r6, [sp, -0x16e]!",1
svcpl 0x632e,1
"ldmdbvs r5!, {r0, r1, r2, r3, r4, r6, sb, sp, lr} ^",1
"cdpvs p4, 6, c7, c9, c12, 3",1
"rsbsvc r6, r7, 0x5f00000",1
"rsbeq r7, r5, sb, ror 8",1
invalid,1
svcpl 0x6d6172,1
svcvs 0x766e69,1
"ldmdbvs r4!, {r0, r1, r5, r6, r8, sp, lr} ^",1
"cmpvc pc, 0x6f0",1
"ldrbtvc r6, [r2], -0xf68",1
"stclvs p14, c6, [r1, -0x17c]!",1
"rsbsvc r0, r0, 0x65",1
"cmnvs r2, pc, ror 14",1
"cdpvs p15, 6, c5, c9, c13, 3",1
invalid,1
"mcrvs p9, 3, r6, c15, c4, 3",1
"stclvs p14, c6, [r1, -0x17c]!",1
"ldrbtvc r0, [r3], -0x65",1
"stmdavs r3!, {r1, r4, r5, r6, sb, ip, sp, lr} ^",1
"rsbvc r0, r1, 0x72",1
"eorseq r7, r0, r7, ror 12",1
"strbtvc r7, [pc], -0x571",1
"ldrbtvc r5, [r3], -0xf65",1
invalid,1
"mcrvs p12, 3, r6, c5, c15, 2",1
"ldclvs p14, c6, [r3], -0",1
"rsbseq r7, r3, pc, ror 8",1
"strbtvc r7, [pc], -0x571",1
"ldrbvs r6, [r2, -r5, ror 2]!",1
"uhsaxvs r6, r5, pc",1
"rsbseq r6, r2, r6, ror 10",1
"strbtvc r7, [pc], -0x571",1
"ldrbvs r6, [r2, -r5, ror 2]!",1
"stclvs p13, c6, [r5, -0x17c]!",1
svcvs 0x757100,1
"rsbvc r6, r1, 116, 10",1
svcpl 0x6e5f67,1
"ldclvs p4, c7, [sb], -0x1cc",1
"stmdbvs ip!, {r0, r2, r5, r6} ^",1
"ldrbvc r2, [r1, -0xf62]!",1
invalid,1
invalid,1
invalid,1
invalid,1
svcpl 0x415100,1
"strbmi r4, [sb], -0xc45",1
"strbpl r5, [lr, -0xf45]",1
"subsmi r4, pc, 76, 24",1
"movtpl r5, 0x5459",1
"stmdavs r3!, {r8, sb, sl, ip, sp, lr} ^",1
"ldrbvc r7, [pc], -0x261     ; [0x16580:4]=0x65736163",1
"rsbsvc r7, r4, 0, 6",1
"ldrbvs r6, [r3, -0x163]!",1
"eorseq r7, r4, r5, ror 2",1
"cmnvs r2, 0x73000000",1
"strbvs r7, [r5, -0x361]!",1
invalid,1
"ldrbvs r6, [r4, -0xf75]!",1
svcpl 0x677261,1
"ldrbtvc r5, [r3], -0xf6e",1
svcpl 0x656c79,1
"rsbeq r6, sp, sp, ror 10",1
"subsvc r7, pc, 0xa4000001",1
"strbtvc r6, [r8], -0x769",1
svcvs 0x75715f,1
invalid,1
"ldrbvs r6, [r4, -0xf75]!",1
svcpl 0x677261,1
"ldclvs p4, c7, [sb], -0x1cc",1
"strbvs r5, [sp, -0xf65]!",1
"ldrbvs r0, [r3, -0x6d]!",1
"strbvc r5, [r3, -0xf74]!",1
"stclvs p4, c7, [0x0001640c]!",1
svcvs 0x75715f,1
invalid,1
"ldclvs p3, c6, [0x000165e4]",1
"strbvs r7, [r2, -0x961]!",1
svcvs 0x75715f,1
invalid,1
"ldmdbvc r4!, {r0, r1, r2, r3, r4, r6, r8, sb, ip, sp, lr} ^",1
invalid,1
"stclvs p3, c6, [r1], -0x1bc",1
svcvs 0x635f65,1
invalid,1
"ldrbvs r6, [r4, -0xf75]!",1
svcpl 0x677261,1
"ldclvs p4, c7, [sb], -0x1cc",1
"cmnvs r8, r5, rrx",1
invalid,1
"strbvs r6, [sb, -0x45f]!",1
"ldrbvs r6, [r3, -r0, lsl 26]!",1
"movwvc r6, 0x469",1
"ldrbvs r6, [r2, -0xf74]!",1
"cmnvs r3, 0x17c00000",1
"rsbeq r7, r5, r1, rrx",1
"stclvs p8, c6, [r5], -0x1cc",1
"stclvs p15, c5, [r1], -0x1b0",1
"cmnvc sb, 0xc000001d",1
svcvs 0x75715f,1
invalid,1
"ldmdbvc r4!, {r0, r1, r2, r3, r4, r6, r8, sb, ip, sp, lr} ^",1
svcpl 0x656c,1
"strbvc r6, [0x000162f1]!",1
"movwvc r7, 0x46e",1
"strbtvc r6, [r6], -0x968",1
svcvs 0x757100,1
"rsbvc r6, r1, 116, 10",1
svcpl 0x6e5f67,1
"ldrbtvc r7, [r3], -0x563",1
"ldclvs p13, c6, [0x000164b0]",1
invalid,1
"ldrbvs r6, [r4, -0xf75]!",1
"ldclvs p14, c6, [0x000164fc]",1
svcpl 0x6d65,1
"mcrvs p12, 3, r6, c5, c15, 2",1
"cmnvs r2, r0, lsl 8",1
invalid,1
"mcrvs p9, 3, r6, c15, c4, 3",1
svcvs 0x757100,1
"rsbvc r6, r1, 116, 10",1
"stclvs p15, c5, [r1], -0x19c",1
svcpl 0x636f6c,1
"rsbeq r6, sp, sp, ror 10",1
"rsbvc r7, pc, 0x73000000",1
"rsbeq r5, r3, r5, ror 30",1
svcpl 0x746567,1
"strbtvc r7, [pc], -0x571",1
svcpl 0x676e69,1
"ldclvs p4, c7, [sb], -0x1cc",1
"stclvs p0, c0, [r5], -0x194",1
svcpl 0x656469,1
"ldrbvs r7, [r4, -0x56f]!",1
"ldrbvc r5, [r1, -0xf72]!",1
invalid,1
svcvs 0x757100,1
"rsbvc r6, r1, 116, 10",1
"rsbvc r5, r6, 0x19c",1
"strvs r6, [r0], -r5, ror 10",1
"strbvs r7, [r3, -0x26f]!",1
"ldrbtvc r6, [r5], -0xf5f",1
"cmpvc pc, r5, ror 4",1
"ldmdbvs r4!, {r0, r2, r4, r5, r6, r8, sb, sl, fp, sp, lr} ^",1
"cmpvc pc, 0x1b80000",1
"strbvs r7, [ip, -0x974]!",1
"ldrbvs r5, [pc], -0xf00     ; [0x166f8:4]=0x5f746573",1
"rsbseq r7, r4, r5, ror 6",1
svcpl 0x746573,1
"strbtvc r7, [pc], -0x571",1
svcpl 0x676e69,1
"strbvs r6, [r1, -r6, ror 24]!",1
"rsbsvc r0, r8, 0x73",1
"stclvs p1, c6, [ip], -0x194",1
invalid,1
"rsbvc r7, r5, 0x69000000",1
"cmpvc pc, r1, ror 24",1
"ldmdbvs r4!, {r0, r2, r4, r5, r6, r8, sb, sl, fp, sp, lr} ^",1
"cmpvc pc, 0x1b80000",1
"strbvs r7, [ip, -0x974]!",1
"cmpvs pc, 0, 30",1
"ldrbvs r7, [r0, -0x974]!",1
"strbtvc r6, [r5], -0x75f",1
svcpl 0x626d5f,1
svcpl 0x727563,1
"rsbseq r6, r8, sp, ror 2",1
"strbtvc r7, [pc], -0x571",1
"ldrbvs r6, [r2, -r5, ror 2]!",1
"qdsubvs r6, pc, r8",1
"ldrbvc r0, [r1, -0x72]!",1
"cdpvs p4, 6, c7, c9, c15, 3",1
"ldrbtvc r5, [r3], -0xf67",1
svcpl 0x656c79,1
invalid,1
"ldrbtvc r6, [sb], -0x200",1
invalid,1
"ldrbvs r6, [r4, -0xf75]!",1
svcpl 0x677261,1
"ldrbtvc r7, [r3], -0x563",1
"movwvc r6, 0xd6f",1
"stclvs p5, c6, [ip], -0x1a0",1
svcvs 0x75715f,1
invalid,1
"ldmdbvc r4!, {r0, r1, r2, r3, r4, r6, r8, sb, ip, sp, lr} ^",1
svcpl 0x656c,1
"stclvs p6, c7, [r1], -0x17c",1
"andvc r6, r0, r5, ror r5",1
"stclvs p5, c6, [r1], -0x1c8",1
invalid,1
"rsbeq r6, r4, r4, ror r5",1
"strbtvc r7, [pc], -0x571",1
"ldrbvs r6, [r2, -r5, ror 2]!",1
"cmnvc r5, 0x7c000001",1
svcpl 0x6d6f74,1
"rsbeq r6, sp, sp, ror 10",1
invalid,1
"cmpvc pc, r0, ror r5",1
"ldmdbvs r4!, {r0, r2, r4, r5, r6, r8, sb, sl, fp, sp, lr} ^",1
"cmpvc pc, 0x1b80000",1
"strbvs r7, [ip, -0x974]!",1
"ldrbvc r6, [r3, -r0, lsl 18]!",1
"mcrvs p2, 3, r7, c9, c0, 3",1
"ldrbvs r0, [r3, -0x74]!",1
"stmdavs r3!, {r2, r4, r5, r6, r8, sb, sl, fp, ip, lr} ^",1
"cmpvc pc, r1, ror 4",1
"ldmdbvs r4!, {r0, r2, r4, r5, r6, r8, sb, sl, fp, sp, lr} ^",1
"movwvs r6, 0x76e",1
svcvs 0x747375,1
"ldrbvc r5, [r1, -0xf6d]!",1
"cdpvs p4, 6, c7, c9, c15, 3",1
"ldrbtvc r5, [r3], -0xf67",1
"rsbeq r6, r5, sb, ror ip",1
"cmnvs r7, 0x17c",1
"stclvs p0, c0, [r3], -0x1a0",1
"stclvs p3, c6, [r1], -0x1bc",1
"ldrbvc r5, [r1, -0xf65]!",1
"cdpvs p4, 6, c7, c9, c15, 3",1
"ldrbtvc r5, [r3], -0xf67",1
"rsbeq r6, r5, sb, ror ip",1
invalid,1
"ldrbvs r6, [r0, -0x163]!",1
svcpl 0x415100,1
"strbmi r4, [sb], -0xc45",1
"strbpl r5, [0x000158e7]",1
svcpl 0x524554,1
"strbpl r5, [pc], -0x551",1
"stmdavc r0, {r0, r2, r6, r8, sb, ip, lr}",1
"strbtvs r6, [sp], -0x56d",1
"andvs r7, r0, 0x75",1
"strbvs r6, [r6, -0x675]!",1
bvc 0x1a73610,1
"strbvc r0, [r2, -0x65]!",1
bvc 0x1a735e8,1
"ldclvs p0, c0, [r3], -0x194",1
"ldrbvs r7, [r6, -0x46f]!",1
"stcvs p0, c3, [r0, -0x18c]",1
"ldrbvs r6, [r3, -0xd65]!",1
"ldrbvs r0, [r3, -0x74]!",1
"ldrbvc r5, [r1, -0xf74]!",1
"cdpvs p4, 6, c7, c9, c15, 3",1
"ldrbtvc r5, [r3], -0xf67",1
"rsbeq r6, r5, sb, ror ip",1
"ldrbtvc r6, [r3], -0x26d",1
"rsbeq r7, r5, r1, ror 8",1
"rsbvs r6, sb, 0x750",1
svcpl 0x657479,1
invalid,1
"stcvs p5, c6, [r0, -0x1b0]",1
"cdpvs p3, 6, c7, c9, c2, 3",1
"movwvs r7, 0x469",1
svcvs 0x75715f,1
invalid,1
"ldmdbvc r4!, {r0, r1, r2, r3, r4, r6, r8, sb, ip, sp, lr} ^",1
invalid,1
"ldrbvs r6, [r4, -0xf75]!",1
"stclvs p13, c6, [r5, -0x17c]!",1
"cmpvs pc, r0, lsl 6",1
"cmpvc pc, 0x6e000000",1
"stclvs p5, c6, [ip], -0x1a0",1
"cmnvs r3, 0x17c00000",1
"rsbeq r7, r5, r1, rrx",1
"rsbvs r5, sp, 0x17c",1
"strbtvc r7, [r1], -0x473",1
"rsbseq r5, r4, r5, ror 30",1
"cdpvs p12, 6, c6, c15, c3, 3",1
"ldrbvc r5, [r1, -0xf65]!",1
"cdpvs p4, 6, c7, c9, c15, 3",1
"rsbvc r5, pc, r7, ror 30",1
"mcrvs p9, 3, r6, c15, c4, 3",1
"ldrbvc r0, [r1, -0x73]!",1
"cdpvs p4, 6, c7, c9, c15, 3",1
"ldrbtvc r5, [r3], -0xf67",1
svcpl 0x656c79,1
invalid,1
"cmpvs pc, 0, 30",1
"rsbvs r0, sp, 0x68",1
invalid,1
"ldrbvc r0, [r1, -0x63]!",1
svcpl 0x65746f,1
"strbtvc r7, [pc], -0x571",1
svcpl 0x676e69,1
"ldmdbvs r4!, {r0, r1, r2, r3, r5, r6, ip, sp, lr} ^",1
"rsbseq r6, r3, pc, ror 28",1
invalid,1
"stclvs p1, c6, [ip], -0x1c8",1
"stcvs p3, c6, [r0, -0x1bc]",1
"stclvs p13, c6, [r3, -0x194]!",1
svcpl 0x5f0070,1
"rsbvs r6, r8, 0xdc000001",1
svcvs 0x757100,1
"cmpvc pc, 116, 10           ; 0x74",1
"mcrvs p2, 3, r7, c9, c4, 3",1
"strbvs r0, [r7, -0x67]!",1
"stmdavc r5!, {r2, r4, r5, r6, sl, ip, sp, lr} ^",1
"ldrbvc r5, [r1, -0xf74]!",1
"rsbeq r7, r5, pc, ror 8",1
"cmppl pc, 0x40000014",1
"strbpl r4, [sb], -0xc50",1
"ldmdbmi r2, {r0, r1, r2, r3, r4, r6, sl, ip, lr} ^",1
"subpl r5, r1, r7, asr 4",1
"movwvc r5, 0x348",1
"ldrbtvc r6, [r4], -ip, ror 30",1
"movwvc r6, 0x365",1
"rsbslo r6, r4, ip, ror 30",1
svcvs 0x757100,1
"rsbvc r6, r1, 116, 10",1
svcpl 0x6e5f67,1
"ldmdbvs r4!, {r0, r1, r2, r3, r5, r6, ip, sp, lr} ^",1
"rsbseq r6, r3, pc, ror 28",1
invalid,1
"rsbeq r7, r5, sb, ror 20",1
"cmnvs r2, 0x73000000",1
"strbvs r7, [r5, -0x361]!",1
"movwvc r3, 0x71",1
invalid,1
invalid,1
"ldrbtvc r0, [r3], -0x31",1
invalid,1
"rsbslo r6, r1, 0x19400000",1
"rsbsvc r7, r4, 0, 6",1
"ldrbvs r6, [r3, -0x163]!",1
"eorseq r7, r3, r5, ror 2",1
"strbtvc r7, [pc], -0x571",1
svcpl 0x676e69,1
"ldmdbvs r4!, {r0, r1, r2, r3, r5, r6, ip, sp, lr} ^",1
svcpl 0x736e6f,1
"stclvs p2, c7, [0x00016830]!",1
"ldmdbvc r4!, {r0, r1, r2, r3, r4, r6, r8, sb, ip, sp, lr} ^",1
"movwvc r6, 0x56c",1
invalid,1
invalid,1
"ldrbtvc r0, [r3], -0x36",1
invalid,1
"ldrblo r6, [r1, -r5, ror 10]!",1
"rsbsvc r7, r4, 0, 6",1
"ldrbvs r6, [r3, -0x163]!",1
"eorseq r7, r8, r5, ror 2",1
"cmnvs r2, 0x73000000",1
"strbvs r7, [r5, -0x361]!",1
"smlsdxvc r0, r1, sb, r3",1
svcpl 0x746e69,1
svcvs 0x6c0074,1
"strbvs r6, [ip, -0x163]!",1
"qdsubvs r6, pc, r8",1
"strbtvc r7, [r5], -0x372",1
svcvs 0x757100,1
"rsbvc r6, r1, 116, 10",1
"ldrbvc r0, [r1, -0x67]!",1
invalid,1
"cmpvs pc, r2, ror r7",1
invalid,1
svcvs 0x757100,1
"rsbvc r6, r1, 116, 10",1
svcpl 0x6e5f67,1
"ldrbtvc r7, [r3], -0x563",1
invalid,1
"ldrbvs r6, [sl, -0x973]!",1
svcvs 0x757100,1
"rsbvc r6, r1, 116, 10",1
"rsbeq r5, lr, r7, ror 30",1
"strbtvc r7, [pc], -0x571",1
"ldrbvs r6, [r2, -r5, ror 2]!",1
"uhsaxvs r6, r5, pc",1
svcpl 0x726566,1
"ldrbtvc r6, [r3], -0x572",1
"strbtvs r6, [r5], -0xc79",1
svcvs 0x757100,1
"ldrbvc r6, [pc], -0x574     ; [0x16a6c:4]=0x6f6f745f",1
"ldrbvs r6, [r3, -0x568]!",1
svcvs 0x6f745f,1
svcvs 0x757100,1
"rsbvc r6, r1, 116, 10",1
svcvs 0x635f67,1
svcpl 0x6e6f6c,1
"rsbeq r6, sp, sp, ror 10",1
invalid,1
svcpl 0x746c75,1
"strbtvc r7, [pc], -0x571",1
svcpl 0x676e69,1
"ldmdbvs r4!, {r0, r1, r2, r3, r5, r6, ip, sp, lr} ^",1
"rsbseq r6, r3, pc, ror 28",1
blvs 0x18ef02c,1
invalid,1
invalid,1
"ldrbvs r6, [r0, -0x163]!",1
"ldrbvc r0, [r1, -0x73]!",1
invalid,1
"mrcvs p7, 2, r6, c15, c2, 3",1
"stclvs p13, c6, [r5, -0x17c]!",1
"ldmdbvs r2!, {ip, sp, lr} ^",1
"rsbvs r7, r1, 0x6e000000",1
invalid,1
svcpl 0x746665,1
"strbtvc r7, [pc], -0x571",1
"ldrbvc r0, [r1, -0x65]!",1
svcpl 0x65746f,1
"ldrbvc r0, [r1, -0x6e]!",1
invalid,1
"cmpvs pc, 0x1c80000",1
svcpl 0x726168,1
"rsbeq r6, sp, sp, ror 10",1
"stclvs p12, c6, [sb, -0x1a4]!",1
"ldrbvc r6, [pc], -0x200     ; [0x16af8:4]=0x5f676e69",1
"stclvs p1, c6, [sb], -0x1c8",1
svcpl 0x676e69,1
bvc 0x1bb28bc,1
"rsbeq r7, pc, r5, ror 4",1
"cmnvs r0, r4, ror sp",1
"rsbvc r7, sp, r0, lsl 8",1
svcpl 0x610062,1
"stmdbvs r1!, {r2, r4, r5, r6, sb, ip, sp, lr} ^",1
"strbvs r6, [lr, -ip, ror 18]!",1
"mcrvs p14, 3, r6, c15, c15, 2",1
svcvs 0x72657a,1
"cmnvs r2, r0, lsl 12",1
"stclvs p3, c6, [0x000169a0]!",1
"ldrbvs r6, [r2, -0x170]!",1
invalid,1
"stclvs p13, c6, [r1], -0x1a4",1
"stmdbvs pc!, {r0, r1, r2, r3, r4, r6, ip, sp, lr} ^",1
invalid,1
invalid,1
"mcrvs p2, 3, r7, c9, c4, 3",1
"rsbvc r6, sp, r4, ror r3",1
invalid,1
"cmpvs pc, pc, ror 14",1
"strbvs r6, [pc, -r0, lsl 24]!",1
"strvc r6, [r0], -0x25f",1
"cmnvc r5, 104, 30           ; 0x68",1
invalid,1
"rsbvc r7, r5, pc, asr r3",1
"ldclvs p14, c6, [r5, -0]!",1
"rsbvc r6, sp, r3, ror 30",1
"rsbeq r7, r5, r1, ror 4",1
invalid,1
"rsbeq r6, r3, ip, ror 30",1
"ldrbvs r3, [r2, -0x278]!",1
svcvs 0x6c6c61,1
svcpl 0x5f0063,1
"rsbeq r7, r3, r3, ror r2",1
invalid,1
invalid,1
"rsbvs r6, sb, 0, 24",1
invalid,1
invalid,1
"stmdami r0, {r1, r2, r3, r5, r8, sb, sp, lr}",1
svcpl 0x455641,1
svcpl 0x554e47,1
"mcrrmi p1, 4, r4, ip, c3",1
"stcvs p3, c4, [r0, -0x13c]",1
"rsbvc r6, r3, r5, ror 26",1
"rsbslo r0, r8, 0x79",1
invalid,1
invalid,1
"ldrbtvc r7, [r3], -0x800",1
"rsbsvc r6, r5, r2, ror r4",1
"rsbvc r7, lr, 0, 16",1
"stclvs p1, c6, [ip], -0x194",1
"stmdavc r0, {r0, r1, r2, r3, r5, r6, r8, sb, sp, lr}",1
"stclvs p1, c6, [ip], -0x18c",1
"strmi r6, [r0], -0x36f",1
"strbpl r4, [r1, -0x645]",1
"ldclmi p4, c5, [0x00016ab8]",1
"movtpl r4, 0x1658",1
"stmdbvs ip!, {r2, r4, r6} ^",1
"cmnvs r8, r2, ror 30",1
invalid,1
"strbvs r6, [sb, -0x42d]!",1
"strvs r6, [r0], -lr, lsr 6",1
invalid,1
invalid,1
"andvc r6, r0, 0x6900",1
"usub16vs r6, pc, r0",1
invalid,1
"stmdbvs ip!, {r0, r2, r5, r6} ^",1
"stclvs p15, c2, [r3], -0x188",1
"stclhs p3, c7, [r5, -0x1bc]!",1
"ldrbvs r7, [r2, -0x473]!",1
invalid,1
"rsbvc r6, r5, 0, 12",1
svcpl 0x726f72,1
svcvs 0x6c6e75,1
"strbtvs r6, [r5], -0xb63",1
"ldrbvs r7, [r2, -0]!",1
invalid,1
"movwvc r6, 0xc69",1
svcpl 0x656d6f,1
"strbtvs r6, [lr], -0x570",1
"rsbeq r6, r7, sb, ror 28",1
"rsbvc r5, r6, pc, asr pc",1
"stmdbvs r4!, {r0, r2, r5, r6, sb, sl, fp, sp, lr} ^",1
svcpl 0x676e,1
"ldrbpl r4, [pc], -0xc4e     ; [0x16c60:4]=0x454e4f48",1
"subpl r4, r5, r5, asr 24",1
"strbmi r4, [lr, -0xf48]",1
"mcrrmi p4, 5, r5, r5, c15",1
"strbpl r4, [lr], -0x95f",1
"strbpl r4, [sp], -0x65f",1
"mcrrmi p15, 0, r5, lr, c0",1
svcmi 0x4d575f,1
"eorslo r5, r1, lr, asr 30",1
"mcrrmi p15, 0, r5, lr, c0",1
svcmi 0x4d575f,1
"teqlo r1, lr, asr 30",1
"mcrrmi p15, 0, r5, lr, c0",1
svcmi 0x4d575f,1
"eorslo r5, r1, 0x138",1
"ldrbtvs r6, [r5], -r0, lsl 4",1
"mrcmi p0, 2, r0, c15, c2, 1",1
"ldmdbmi r4, {r2, r3, r6, r8, sb, sl, fp, ip, lr} ^",1
"ldrbmi r4, [pc], -sp, asr 10 ; [0x16ca8:4]=0x4545575f",1
"ldrbpl r5, [r3], -0x249",1
"strbmi r5, [r5, -0x75f]",1
"stmdbpl r1, {r0, r1, r3, r6, sl, lr} ^",1
"mcrrmi p15, 0, r5, lr, c0",1
"mcrmi p13, 2, r4, c15, c15, 2",1
"subpl r5, r1, 0x45000000",1
svcmi 0x435f59,1
"subpl r5, r5, 0x4e00000",1
"mcrmi p9, 2, r4, c15, c3, 2",1
"strbpl r5, [r1], -0x25f",1
"cdpmi p0, 5, c0, c15, c5, 2",1
"strbmi r5, [sb], -0xf4c",1
"ldmdbmi r4, {r0, r2, r6, sb, sl, fp, lr} ^",1
invalid,1
"mcrmi p9, 2, r4, c15, c4, 2",1
"subspl r4, r0, pc, asr r1",1
invalid,1
"mcrmi p9, 2, r4, c15, c4, 2",1
"mcrrmi p15, 0, r5, lr, c0",1
"strbmi r4, [r4, -0x95f]",1
"strbmi r5, [sb], -lr, asr 8",1
"strbpl r4, [r1], -0x349",1
svcpl 0x4e4f49,1
"subeq r4, ip, r4, asr r5",1
svcpl 0x4c4e5f,1
"strbmi r4, [sp, -0x954]",1
"strbmi r4, [pc], -0x35f",1
"strbpl r5, [r5], -0x345",1
"ldmdbmi pc, {r8, sb, sl, fp, ip, lr} ^",1
"subspl r5, pc, lr, asr 8",1
"subpl r5, r5, pc, asr r3",1
svcpl 0x59425f,1
"movtmi r5, 0x1053",1
"cdpmi p0, 5, c0, c15, c5, 2",1
"strbpl r5, [r3], -0xf4c",1
svcpl 0x455059,1
"strbmi r4, [r4, -0xf43]",1
svcpl 0x544553,1
"strbmi r4, [sp, -0x14e]",1
"mcrrmi p15, 0, r5, lr, c0",1
"ldmdbpl r4, {r0, r1, r2, r3, r4, r6, r8, sb, lr} ^",1
"ldmdbmi pc, {r4, r6, r8, sl, lr} ^",1
"strbmi r4, [sb, -lr, asr 8]",1
"subslo r5, r3, 0x49000000",1
"subeq r4, r2, pc, asr sp",1
svcpl 0x4c4e5f,1
"stmdbpl r1, {r0, r1, r2, r4, r6, sl, lr} ^",1
svcpl 0x325f,1
"ldrbpl r4, [pc], -0xc4e     ; [0x16d6c:4]=0x5f415245",1
svcpl 0x454d49,1
svcpl 0x415245,1
"subspl r4, r4, 0x450",1
"subseq r4, r3, sb, asr 10",1
svcpl 0x4c4e5f,1
"stclmi p1, c4, [r2, -0x15c]",1
"cmplo pc, pc, asr 28",1
"mcrrmi p15, 0, r5, lr, c0",1
"submi r5, r1, 0x17c0000",1
svcpl 0x4e4f4d,1
"mrcmi p0, 2, r0, c15, c2, 1",1
"cmpmi r7, ip, asr 30",1
"cdpmi p13, 4, c4, c15, c2, 2",1
svcpl 0x335f,1
"ldrbpl r4, [pc, -lr, asr 24] ; [0x16da8:4]=0x345f4e",1
svcmi 0x4d4241,1
"eorseq r5, r4, lr, asr 30",1
svcpl 0x4c4e5f,1
"stclmi p1, c4, [r2, -0x15c]",1
"ldrblo r4, [0x00015f6d]     ; [0x15f6d:4]=0x74697277",1
"mcrrmi p15, 0, r5, lr, c0",1
"submi r5, r1, 0x17c0000",1
svcpl 0x4e4f4d,1
"mrcmi p0, 2, r0, c15, c6, 1",1
"cmpmi r7, ip, asr 30",1
"cdpmi p13, 4, c4, c15, c2, 2",1
svcpl 0x375f,1
"ldrbpl r4, [pc, -lr, asr 24] ; [0x16ddc:4]=0x385f4e",1
svcmi 0x4d4241,1
"eorseq r5, r8, lr, asr 30",1
svcpl 0x4c4e5f,1
"stclmi p1, c4, [r2, -0x15c]",1
"ldmdblo pc, {r0, r1, r2, r3, r6, sb, sl, fp, lr} ^",1
svcmi 0x485400,1
"subpl r5, r5, r5, asr r3",1
"mcrrmi p15, 0, r5, lr, c0",1
"mcrmi p13, 2, r4, c15, c15, 2",1
"subpl r5, r1, 0x45000000",1
"strbpl r5, [r4, -0xf59]",1
"cdpmi p15, 4, c5, c9, c15, 2",1
svcpl 0x505f54,1
"subspl r5, pc, r3, asr 6",1
"strbmi r4, [r3, -0x552]",1
"subseq r4, r3, r4, asr 10",1
svcpl 0x4c4e5f,1
"cdpmi p4, 4, c4, c5, c9, 2",1
"stmdbmi r6, {r2, r4, r6, r8, fp, lr} ^",1
"ldmdbmi r4, {r0, r1, r6, r8, lr} ^",1
"ldrbmi r4, [0x00015fe1]     ; [0x15fe1:4]=0x5f006b63",1
"mcrrmi p1, 4, r4, sb, c13",1
svcpl 0x6c6e00,1
"stclvs p4, c7, [r5, -0x1a4]!",1
"mcrrmi p15, 0, r5, lr, c0",1
"ldclmi p14, c4, [r5, -0x17c]",1
svcpl 0x434c5f,1
"strbmi r4, [sp, -0x954]",1
"mcrrmi p15, 0, r5, lr, c0",1
"ldmdbpl r4, {r0, r1, r2, r3, r4, r6, r8, sb, lr} ^",1
"ldrbpl r4, [pc], -0x550     ; [0x16e58:4]=0x5f54494c",1
"movtpl r4, 0xe152",1
svcpl 0x54494c,1
"ldmdbmi pc, {r2, r4, r6, r8, sb, sl, fp, lr} ^",1
svcpl 0x5844,1
"ldclmi p12, c4, [0x00016d34]",1
"strbpl r4, [r5], -0xe4f",1
svcpl 0x595241,1
"strbmi r4, [r4, -0xf43]",1
"subseq r4, r4, r3, asr r5",1
svcpl 0x4c4e5f,1
"qdaddmi r5, r7, r4",1
"usaxmi r4, pc, r4",1
svcpl 0x544d,1
"cmpmi pc, 0x4e00",1
invalid,1
invalid,1
"stmdami r7, {r0, r2, r6, r8, fp, lr} ^",1
"subeq r4, r2, r4, asr sp",1
svcpl 0x4c4e5f,1
"mcrrmi p15, 4, r4, ip, c3",1
svcpl 0x455441,1
"stmdbmi r4, {r0, r3, r6, sb, sl, fp, lr} ^",1
"strbpl r4, [r3], -0x552",1
svcpl 0x4357,1
"ldclmi p12, c4, [0x00016d84]",1
"strbpl r4, [r5], -0xe4f",1
svcpl 0x595241,1
svcpl 0x4f5544,1
"movtpl r5, 0x3f4e",1
"ldrbmi r5, [r2, -0x5f]",1
"strbmi r4, [r4, -0x543]",1
"mrcmi p0, 2, r0, c15, c3, 2",1
"strbpl r5, [lr, -0xf4c]",1
"movtmi r5, 0xcf4d",1
"mcrrmi p3, 5, r4, pc, c15",1
"ldrbmi r4, [r4, -0x14c]",1
"mcrrmi p15, 0, r5, lr, c0",1
svcpl 0x44575f,1
"stclmi p15, c5, [r6, -0x150]",1
"mrcmi p0, 2, r0, c15, c4, 2",1
"ldrbmi r5, [r7], -0xf4c",1
"cmplo pc, r1, asr 18",1
"mcrrmi p15, 0, r5, lr, c0",1
"qdaddmi r5, pc, r4",1
"eorseq r5, r3, sb, asr pc",1
svcpl 0x4c4e5f,1
"stmdbpl r1, {r0, r1, r2, r4, r6, sl, lr} ^",1
svcpl 0x345f,1
"ldrbpl r4, [pc, -lr, asr 24] ; [0x16f1c:4]=0x4e5f0035",1
svcpl 0x594144,1
"mrcmi p0, 2, r0, c15, c5, 1",1
"ldrbmi r5, [r7], -0xf4c",1
"ldrblo r5, [pc], -r1, asr 18 ; [0x16f2c:4]=0x4144575f",1
"mcrrmi p15, 0, r5, lr, c0",1
"qdaddmi r5, pc, r4",1
"eorseq r5, r7, sb, asr pc",1
svcpl 0x4c4e5f,1
"subspl r5, sb, r3, asr 8",1
"subspl r5, r4, 0x114",1
"mrrcmi p14, 4, r4, r3, c1",1
"ldrbmi r5, [pc], -0x449     ; [0x16f4c:4]=0x4d5f544c",1
"strbpl r4, [r1, -0x645]",1
"ldclmi p4, c5, [0x00016e24]",1
"ldmdbmi r3, {r0, r3, r6, r8, sb, ip, lr} ^",1
svcpl 0x474e,1
"cmpmi pc, 0x4e00",1
"ldrbmi r5, [r0, -0x954]",1
"ldrbpl r4, [r5], -0xf5f",1
"stmdbmi r7, {r2, r6, r8, fp, lr} ^",1
invalid,1
"cdpmi p0, 5, c0, c15, c3, 2",1
"cmpmi r0, ip, asr 30",1
svcpl 0x524550,1
"strbpl r4, [r4], -0x957",1
"cdpmi p0, 5, c0, c15, c8, 2",1
"strbmi r5, [sp, -0xf4c]",1
"subspl r5, r5, 0x4000001",1
"cdpmi p13, 4, c4, c5, c5, 2",1
svcmi 0x435f54,1
"ldrbmi r4, [r3, -0x544]",1
"mrcmi p0, 2, r0, c15, c4, 2",1
"strbpl r5, [r3], -0xf4c",1
svcpl 0x455059,1
"ldrbmi r5, [r4], -0x54f",1
"strbpl r4, [sb], -0x749",1
"cmpmi r7, 51, 30            ; 0x33",1
"strbtvc r6, [r5], -0x700",1
"qdsubvs r6, pc, r8",1
"strbtvc r7, [r5], -0x372",1
"stmdbvs ip!, {r0, r1, r2, r3, r4, r6, r8, sp, lr} ^",1
invalid,1
"mcrrmi p15, 0, r5, lr, c0",1
"stclmi p4, c5, [sb, -0x17c]",1
"stmdbmi r6, {r0, r2, r6, r8, sb, sl, fp, ip, lr} ^",1
svcpl 0x545352,1
blmi 0x14aad34,1
"subseq r4, sb, r4, asr 2",1
svcpl 0x4c4e5f,1
"subspl r5, sb, r3, asr 8",1
"strbpl r5, [0x000160a3]",1
"smlsldmi r4, sb, r4, r4",1
svcpl 0x355449,1
svcpl 0x4357,1
"strbmi r4, [0x00016199]",1
"subseq r5, r2, r8, asr r0",1
svcpl 0x4c4e5f,1
"subspl r5, sb, r3, asr 8",1
"strbpl r5, [0x000160c3]",1
"smlsldmi r4, sb, r4, r4",1
svcpl 0x375449,1
svcpl 0x4357,1
"cmppl pc, 0x5f0",1
svcpl 0x4e4749,1
"mrcmi p15, 2, r4, c3, c0, 2",1
"mcrrmi p15, 0, r5, lr, c0",1
"ldmdbpl r4, {r0, r1, r2, r3, r4, r6, r8, sb, lr} ^",1
svcmi 0x5f4550,1
"stmdbmi r4, {r0, r2, r4, r6, sl, ip, lr} ^",1
"ldmdblo r4, {r0, r1, r2, r6, r8, fp, lr} ^",1
"subeq r5, r3, pc, asr r7",1
svcpl 0x4c4e5f,1
"cdpmi p4, 4, c4, c5, c9, 2",1
"stmdbmi r6, {r2, r4, r6, r8, fp, lr} ^",1
"ldmdbmi r4, {r0, r1, r6, r8, lr} ^",1
"ldrbmi r4, [pc], -pc, asr 28 ; [0x1704c:4]=0x545f4c4e",1
svcpl 0x5841,1
"ldrbpl r4, [pc], -0xc4e     ; [0x17054:4]=0x5f4c4143",1
svcpl 0x454d49,1
svcpl 0x4c4143,1
"ldrbmi r4, [r2, -0x944]",1
svcmi 0x495443,1
"cdpmi p0, 5, c0, c15, c14, 2",1
svcmi 0x4d5f4c,1
"cmpmi r4, lr, asr 10",1
"ldrbmi r5, [pc], -0x952     ; [0x17074:4]=0x44494c41",1
"usaxpl r4, pc, r5",1
"strbmi r4, [sb], -0xc41",1
svcmi 0x52465f,1
"cdpmi p0, 5, c0, c15, c13, 2",1
"strbmi r5, [r1], -0xf4c",1
"movtpl r5, 0x5244",1
"qdaddmi r5, r3, ip",1
"mrrcmi p7, 4, r4, pc, c14",1
svcpl 0x4249,1
"cmpmi pc, 0x4e00",1
invalid,1
"ldrbpl r4, [pc], -0x554     ; [0x170a4:4]=0x5f004357",1
"strbmi r4, [ip, -0x241]",1
svcpl 0x4357,1
"cdpmi p12, 5, c4, c15, c14, 2",1
svcpl 0x454d41,1
"strbmi r4, [sp, -0x14e]",1
"subseq r4, r2, pc, asr sp",1
svcpl 0x4c4e5f,1
"strbmi r4, [sp, -0x14e]",1
"stclmi p14, c4, [r1, -0x17c]",1
"movtpl r5, 0xdf45",1
"mcrrmi p15, 0, r5, lr, c0",1
"ldmdbpl r4, {r0, r1, r2, r3, r4, r6, r8, sb, lr} ^",1
"ldmdbmi pc, {r4, r6, r8, sl, lr} ^",1
"strbmi r4, [sb, -lr, asr 8]",1
"subslo r5, r3, sb, asr 8",1
"subeq r5, r3, pc, asr r7",1
svcpl 0x4c4e5f,1
"subspl r5, sb, r3, asr 8",1
"cdpmi p15, 4, c5, c9, c5, 2",1
"stmdbmi r7, {r2, r6, r8, fp, lr} ^",1
svcpl 0x325354,1
svcpl 0x4357,1
"stclvs p5, c7, [r6], -0x17c",1
"strvs r7, [r0], -pc, ror 14",1
"mcrvs p3, 3, r6, c1, c3, 3",1
"cdpmi p0, 5, c0, c15, c6, 3",1
"strbpl r5, [lr, -0xf4c]",1
"movtmi r5, 0xcf4d",1
"movtpl r4, 0x5d5f",1
"strbmi r4, [r7, -0x153]",1
"mrcmi p0, 2, r0, c15, c3, 2",1
"strbpl r5, [r3], -0xf4c",1
svcpl 0x455059,1
"stmdbmi r4, {r0, r3, r6, sb, sl, fp, lr} ^",1
"cmppl r4, 0x11c000",1
"cmpmi r7, 52, 30            ; 0x34",1
"mcrrmi p15, 0, r5, lr, c0",1
"ldmdbpl r4, {r0, r1, r2, r3, r4, r6, r8, sb, lr} ^",1
"ldrbmi r4, [0x00016bf0]     ; [0x16bf0:4]=0x636f6c6c",1
"cmpmi r2, r8, asr r4",1
"subpl r4, r1, pc, asr sp",1
"eorseq r3, r1, pc, asr r1",1
svcpl 0x4c4e5f,1
"subspl r5, sb, r3, asr 8",1
"subspl r5, r4, 0x114",1
"mrrcmi p14, 4, r4, r3, c1",1
"ldrbmi r5, [pc], -0x449     ; [0x17160:4]=0x4d5f544c",1
"strbpl r4, [r1, -0x645]",1
"ldclmi p4, c5, [0x00017038]",1
"ldmdbmi r3, {r0, r3, r6, r8, sb, ip, lr} ^",1
"mrrcmi p7, 4, r4, pc, c14",1
svcpl 0x4e45,1
"cmpmi pc, 0x4e00",1
"ldrbmi r5, [r0, -0x954]",1
"cmpmi r2, pc, asr r4",1
"stmdbmi ip, {r1, r2, r3, r6, r8, sb, ip, lr} ^",1
svcmi 0x545f54,1
"mcrrmi p4, 5, r5, r2, c15",1
"mcrrmi p15, 0, r5, lr, c0",1
"ldmdbpl r4, {r0, r1, r2, r3, r4, r6, r8, sb, lr} ^",1
"ldrbmi r4, [0x00016c48]     ; [0x16c48:4]=0x676e69",1
"cmpmi r2, r8, asr r4",1
"subpl r4, r1, pc, asr sp",1
"eorseq r3, r4, pc, asr r1",1
svcpl 0x4c4e5f,1
"subspl r5, sb, r3, asr 8",1
"cdpmi p15, 4, c5, c9, c5, 2",1
"stmdbmi r7, {r2, r6, r8, fp, lr} ^",1
svcpl 0x365354,1
svcpl 0x4357,1
"cmpmi pc, 0x4e00",1
"ldrbmi r5, [r0, -0x954]",1
"strbpl r5, [0x00016d69]",1
"subpl r5, r5, 0x50",1
svcpl 0x3233,1
"ldrbpl r4, [pc], -0xc4e     ; [0x171d4:4]=0x5f415245",1
svcpl 0x454d49,1
svcpl 0x415245,1
svcpl 0x4d554e,1
"subspl r4, r4, 0x450",1
"subseq r4, r3, sb, asr 10",1
svcpl 0x4c4e5f,1
"subspl r5, sb, r3, asr 8",1
"cdpmi p15, 4, c5, c9, c5, 2",1
"stmdbmi r7, {r2, r6, r8, fp, lr} ^",1
svcpl 0x385354,1
svcpl 0x4357,1
"mcrmi p13, 2, r4, c15, c15, 2",1
"movtmi r4, 0x545f",1
"mcrrmi p13, 4, r4, r1, c9",1
"stmdbmi pc, {r0, r1, r2, r3, r4, r6, ip, lr} ^",1
svcpl 0x544e,1
"ldclmi p12, c4, [0x000170e0]",1
"strbpl r4, [r5], -0xe4f",1
svcpl 0x595241,1
svcpl 0x4f5544,1
"movtpl r5, 0x3f50",1
"ldrbmi r5, [r2, -0x5f]",1
"strbmi r4, [r4, -0x543]",1
svcpl 0x5f0053,1
"ldrbmi r5, [r3, -0xf4e]",1
"stmdbpl r2, {r4, r6, r8, sb, sl, fp, ip, lr} ^",1
"cmpmi r0, pc, asr r3",1
svcpl 0x4543,1
"cdpmi p12, 5, c4, c15, c14, 2",1
"mrrcmi p13, 5, r4, pc, c5",1
"strbpl r5, [r3], -0xf43",1
"subeq r5, r5, sb, asr r0",1
svcpl 0x4c4e5f,1
svcpl 0x4d554e,1
"ldrbpl r4, [pc], -0x34c     ; [0x17260:4]=0x454e4f48",1
"subpl r4, r5, r5, asr 24",1
"strbmi r4, [lr, -0xf48]",1
"mcrrmi p15, 0, r5, lr, c0",1
"stclmi p14, c4, [r1, -0x17c]",1
svcmi 0x435f45,1
"ldrbmi r4, [r3, -0x544]",1
"mrcmi p0, 2, r0, c15, c4, 2",1
svcmi 0x4d5f4c,1
"cmpmi r4, lr, asr 10",1
"ldrbmi r5, [pc], -0x952     ; [0x17288:4]=0x4e5f544e",1
"ldmdbmi pc, {r0, r2, r4, r6, r8, sb, sl, fp, lr} ^",1
"cdpmi p4, 5, c5, c15, c14, 2",1
svcpl 0x53435f,1
"movtmi r5, 0x5250",1
"movtpl r4, 0x5445",1
"mcrrmi p15, 0, r5, lr, c0",1
"ldmdbpl r4, {r0, r1, r2, r3, r4, r6, r8, sb, lr} ^",1
svcmi 0x5f4550,1
"stmdbmi r4, {r0, r2, r4, r6, sl, ip, lr} ^",1
"subslo r4, r4, r7, asr 18",1
"subeq r4, r2, pc, asr sp",1
svcpl 0x4c4e5f,1
"mcrrmi p15, 4, r4, ip, c3",1
svcpl 0x455441,1
"strbmi r5, [ip, -0x552]",1
"cmppl r4, 0x14c00000",1
"mcrrmi p15, 0, r5, lr, c0",1
"ldmdbpl r4, {r0, r1, r2, r3, r4, r6, r8, sb, lr} ^",1
svcmi 0x5f4550,1
"stmdbmi r4, {r0, r2, r4, r6, sl, ip, lr} ^",1
"subslo r4, r4, 0x11c000",1
"subeq r4, r2, pc, asr sp",1
svcpl 0x4c4e5f,1
"mcrmi p13, 2, r4, c15, c7, 2",1
"mcrvs p5, 0, r3, c0, c15, 2",1
invalid,1
"cdpvs p7, 6, c6, c9, c14, 3",1
svcpl 0x6f66,1
"ldrbpl r4, [pc, -lr, asr 24] ; [0x172fc:4]=0x4e5f0036",1
svcpl 0x4e4f4d,1
"mrcmi p0, 2, r0, c15, c6, 1",1
"ldclmi p15, c5, [r7, -0x130]",1
"ldrblo r4, [pc, -pc, asr 28] ; [0x1730c:4]=0x4f4d575f",1
"mcrrmi p15, 0, r5, lr, c0",1
svcmi 0x4d575f,1
"eorseq r5, r8, lr, asr 30",1
svcpl 0x4c4e5f,1
"mcrmi p13, 2, r4, c15, c7, 2",1
svcpl 0x395f,1
"cmpmi pc, 0x4e00",1
invalid,1
"ldrbmi r4, [0x00016ddc]     ; [0x16ddc:4]=0x385f4e",1
"cmpmi r2, r8, asr r4",1
svcpl 0x4357,1
"cmpmi pc, 0x4e00",1
"ldrbmi r5, [r0, -0x954]",1
"ldrbpl r4, [r5], -0xf5f",1
"stmdbmi r7, {r2, r6, r8, fp, lr} ^",1
"ldclmi p4, c3, [0x000171fc]",1
"cdpmi p0, 5, c0, c15, c2, 2",1
svcmi 0x4d5f4c,1
"cmpmi r4, lr, asr 10",1
"ldrbmi r5, [pc], -0x952     ; [0x1735c:4]=0x4e5f544e",1
"ldmdbmi pc, {r0, r2, r4, r6, r8, sb, sl, fp, lr} ^",1
"cdpmi p4, 5, c5, c15, c14, 2",1
"smlsldmi r5, sb, pc, r3",1
svcmi 0x505f4e,1
svcpl 0x4e53,1
"cmpmi pc, 0x4e00",1
"ldrbmi r5, [r0, -0x954]",1
"cmpmi r2, pc, asr r4",1
"stmdbmi ip, {r1, r2, r3, r6, r8, sb, ip, lr} ^",1
"cmpmi r4, r4, asr pc",1
"ldmdbmi r3, {r1, r6, r8, sb, sl, fp, ip, lr} ^",1
svcpl 0x455a,1
"cmpmi pc, 0x4e00",1
"ldrbmi r5, [r0, -0x954]",1
"ldrbpl r4, [r5], -0xf5f",1
"stmdbmi r7, {r2, r6, r8, fp, lr} ^",1
"ldclmi p6, c3, [0x00017250]",1
"cdpmi p0, 5, c0, c15, c2, 2",1
"ldrbmi r5, [r7, -0xf4c]",1
"ldrbpl r4, [pc], -0x152     ; [0x173ac:4]=0x4c4e5f00",1
"strbpl r4, [sp], -0x65f",1
"mcrrmi p15, 0, r5, lr, c0",1
"mcrmi p13, 2, r4, c15, c15, 2",1
"subpl r5, r1, 0x45000000",1
"subpl r5, r3, 0x164",1
"cmppl sb, 0x38000001",1
svcpl 0x5254,1
"cmpmi pc, 0x4e00",1
"ldrbmi r5, [r0, -0x954]",1
"ldrbpl r4, [r5], -0xf5f",1
"stmdbmi r7, {r2, r6, r8, fp, lr} ^",1
"ldclmi p8, c3, [0x0001728c]",1
"cdpmi p0, 5, c0, c15, c2, 2",1
svcmi 0x435f4c,1
"strbpl r4, [r1], -0xc4c",1
"cdpmi p15, 4, c5, c9, c5, 2",1
"ldrbmi r4, [r2, -0x944]",1
"submi r5, sp, 0x43000000",1
"mcrrmi p15, 0, r5, lr, c0",1
"stclmi p14, c4, [r1, -0x17c]",1
invalid,1
"ldrbmi r4, [pc, -sp, asr 10] ; [0x17404:4]=0x435f4c4e",1
svcpl 0x4e45,1
"cmpmi pc, 0x4e00",1
"ldrbmi r5, [r0, -0x954]",1
"cmpmi r2, pc, asr r4",1
"stmdbmi ip, {r1, r2, r3, r6, r8, sb, ip, lr} ^",1
"smlsldmi r5, sb, r4, pc",1
"ldrbmi r4, [r2, -0xf4e]",1
"mcrmi p12, 2, r4, c5, c15, 2",1
"mcrrmi p15, 0, r5, lr, c0",1
"ldclmi p14, c4, [r5, -0x17c]",1
"movtmi r5, 0x9245",1
"movtmi r4, 0x545f",1
"mcrrmi p13, 4, r4, r1, c9",1
"stmdbmi pc, {r0, r1, r2, r3, r4, r6, ip, lr} ^",1
"ldrbpl r5, [pc, -lr, asr 8] ; [0x17440:4]=0x6e65706f",1
"strbtvs r0, [r6], -0x43",1
"cdpvs p0, 6, c7, c5, c15, 3",1
"mcrrmi p15, 0, r5, lr, c0",1
"ldmdbpl r4, {r0, r1, r2, r3, r4, r6, r8, sb, lr} ^",1
"ldclmi p5, c4, [0x00017314]",1
svcmi 0x5f5041,1
"ldrbmi r4, [r3, -0x646]",1
"mrcmi p0, 2, r0, c15, c4, 2",1
"strbmi r5, [sb], -0xf4c",1
"ldmdbmi r4, {r0, r2, r6, sb, sl, fp, lr} ^",1
invalid,1
"mcrmi p9, 2, r4, c15, c4, 2",1
"strbmi r4, [pc], -0x35f",1
"strbpl r5, [r5], -0x345",1
"mcrrmi p15, 0, r5, lr, c0",1
"ldmdbpl r4, {r0, r1, r2, r3, r4, r6, r8, sb, lr} ^",1
"cmpmi pc, 80, 10            ; 0x50",1
"cmppl r3, 76, 2             ; 0x4c",1
"mcrrmi p15, 0, r5, lr, c0",1
"subpl r5, r5, 0x17c0000",1
"ldrbmi r5, [sb, -0xf41]",1
svcpl 0x5241,1
"cdpmi p12, 5, c4, c15, c14, 2",1
"mrrcmi p13, 5, r4, pc, c5",1
"strbmi r5, [sb], -0xf43",1
"ldmdbmi r4, {r0, r2, r6, sb, sl, fp, lr} ^",1
invalid,1
"mcrmi p9, 2, r4, c15, c4, 2",1
"mcrrmi p15, 0, r5, lr, c0",1
"mcrmi p13, 2, r4, c15, c15, 2",1
"subpl r5, r1, 0x45000000",1
"strbmi r5, [r4, -0xf59]",1
invalid,1
svcmi 0x505f4c,1
svcpl 0x544e49,1
svcpl 0x4357,1
svcmi 0x48545f,1
"mcrmi p3, 2, r5, c1, c5, 2",1
"cmppl pc, 68, 6             ; 0x44",1
svcpl 0x5045,1
"cmpmi pc, 0x4e00",1
"ldrbmi r5, [r0, -0x954]",1
"qdaddmi r4, pc, ip",1
"mrcmi p3, 2, r5, c15, c3, 2",1
"movtpl r4, 0x5d41",1
"mcrrmi p15, 0, r5, lr, c0",1
"ldmdbpl r4, {r0, r1, r2, r3, r4, r6, r8, sb, lr} ^",1
"ldrbmi r4, [0x00016fb0]     ; [0x16fb0:4]=0x6168635f",1
"cmpmi r2, r8, asr r4",1
"subpl r4, r1, pc, asr sp",1
"eorseq r3, r0, pc, asr r1",1
svcpl 0x4c4e5f,1
"strbmi r4, [sp, -0x954]",1
"strbmi r5, [r5, -0x75f]",1
"teqpl r1, 0x12c",1
"stmdbpl r1, {r2, r4, r6, sl, lr} ^",1
"mcrrmi p15, 0, r5, lr, c0",1
"ldmdbpl r4, {r0, r1, r2, r3, r4, r6, r8, sb, lr} ^",1
"ldrbmi r4, [0x00016fdc]     ; [0x16fdc:4]=0x50595443",1
"cmpmi r2, r8, asr r4",1
"subpl r4, r1, pc, asr sp",1
"eorseq r3, r2, pc, asr r1",1
svcpl 0x4c4e5f,1
"subspl r5, sb, r3, asr 8",1
"stmdapl r5, {r0, r2, r6, r8, sb, sl, fp, ip, lr} ^",1
svcpl 0x415254,1
svcpl 0x50414d,1
svcpl 0x3331,1
"cmpmi pc, 0x4e00",1
"ldrbmi r5, [r0, -0x954]",1
"cmpmi r2, pc, asr r4",1
"stmdbmi ip, {r1, r2, r3, r6, r8, sb, ip, lr} ^",1
"subpl r5, r6, 84, 30",1
"ldmdbmi pc, {r0, r1, r2, r3, r6, r8, sl, fp, lr} ^",1
svcpl 0x5844,1
"cmpmi pc, 0x4e00",1
"ldrbmi r5, [r0, -0x954]",1
"strbmi r4, [lr], -0x95f",1
"strbpl r4, [sb], -0x749",1
"ldclmi p1, c3, [0x00017434]",1
"cdpmi p0, 5, c0, c15, c2, 2",1
"ldrbpl r5, [r7], -0xf4c",1
"strbpl r4, [sp], -0x65f",1
"mcrrmi p15, 0, r5, lr, c0",1
"strbmi r4, [r4, -0x95f]",1
"strbmi r5, [sb], -lr, asr 8",1
"strbpl r4, [r1], -0x349",1
svcpl 0x4e4f49,1
"subpl r4, r4, 0x41000000",1
"subseq r5, r3, r5, asr 6",1
svcpl 0x4c4e5f,1
"subspl r5, sb, r3, asr 8",1
invalid,1
svcpl 0x3150,1
"cmpmi pc, 0x4e00",1
"ldrbmi r5, [r0, -0x954]",1
"subpl r4, r1, pc, asr r7",1
"mrcmi p0, 2, r0, c15, c2, 1",1
"strbpl r5, [r3], -0xf4c",1
svcpl 0x455059,1
"cmplo r0, 0xc0000011",1
"mcrrmi p15, 0, r5, lr, c0",1
"ldmdbpl r4, {r0, r1, r2, r3, r4, r6, r8, sb, lr} ^",1
invalid,1
"eorseq r5, r4, r1, asr 32",1
svcpl 0x4c4e5f,1
"subspl r5, sb, r3, asr 8",1
invalid,1
svcpl 0x3550,1
"cmpmi pc, 0x4e00",1
"ldrbmi r5, [r0, -0x954]",1
"subpl r4, r1, pc, asr r7",1
"mrcmi p0, 2, r0, c15, c6, 1",1
"strbpl r5, [r3], -0xf4c",1
svcpl 0x455059,1
"stmdbmi r4, {r0, r3, r6, sb, sl, fp, lr} ^",1
"cmppl r4, 0x11c000",1
"submi r5, sp, 51, 30",1
"mcrrmi p15, 0, r5, lr, c0",1
"ldclmi p7, c5, [r0, -0x17c]",1
"subspl r5, r4, 0x7c000001",1
"mcrrmi p15, 0, r5, lr, c0",1
"strbmi r4, [r4, -0x95f]",1
"strbmi r5, [sb], -lr, asr 8",1
"strbpl r4, [r1], -0x349",1
svcpl 0x4e4f49,1
"ldrbmi r4, [r4, -0x143]",1
"ldmdbpl r2, {r0, r1, r2, r6, r8, sb, sl, fp, lr} ^",1
"mcrrmi p15, 0, r5, lr, c0",1
"ldmdbpl r4, {r0, r1, r2, r3, r4, r6, r8, sb, lr} ^",1
"mrcmi p5, 2, r4, c15, c0, 2",1
"movtpl r4, 0x1e4f",1
svcpl 0x494943,1
"ldrbmi r4, [r3, -0x143]",1
"mcrrmi p15, 0, r5, lr, c0",1
"stclmi p14, c4, [r1, -0x17c]",1
invalid,1
"ldrbmi r4, [pc], -sp, asr 10 ; [0x17668:4]=0x435f4c4e",1
svcpl 0x544d,1
"cmpmi pc, 0x4e00",1
"ldrbmi r5, [r0, -0x954]",1
"strbpl r5, [0x00017219]",1
"subpl r5, r5, 0x50",1
"mcrrmi p15, 0, r5, lr, c0",1
"ldmdbpl r4, {r0, r1, r2, r3, r4, r6, r8, sb, lr} ^",1
"ldmdbmi pc, {r4, r6, r8, sl, lr} ^",1
"strbmi r4, [sb, -lr, asr 8]",1
"ldrblo r5, [r3, -0x449]",1
"subeq r4, r2, pc, asr sp",1
svchs 0x62696c,1
invalid,1
invalid,1
"strbtvc r7, [r5], -0x372",1
"strvs r6, [r0, -lr, lsr 6]",1
"cdpvs p4, 6, c7, c5, c5, 3",1
"mrcmi p0, 2, r0, c15, c6, 3",1
"strbpl r5, [r3], -0xf4c",1
svcpl 0x455059,1
"stmdbmi r4, {r0, r3, r6, sb, sl, fp, lr} ^",1
"cmppl r4, 0x11c000",1
"submi r5, sp, 55, 30",1
"mcrrmi p15, 0, r5, lr, c0",1
"submi r5, r1, 0x17c0000",1
svcpl 0x594144,1
"mrcmi p0, 2, r0, c15, c2, 1",1
"strbpl r5, [r3], -0xf4c",1
svcpl 0x455059,1
"stmdbmi r4, {r0, r3, r6, sb, sl, fp, lr} ^",1
"cmppl r4, 0x11c000",1
"submi r5, sp, 57, 30",1
invalid,1
bvc 0x1a7446c,1
"cdpmi p0, 5, c0, c15, c5, 3",1
svcmi 0x4d5f4c,1
"cmpmi r4, lr, asr 10",1
"ldrbmi r5, [pc], -0x952     ; [0x17700:4]=0x435f544e",1
"ldmdbmi pc, {r0, r2, r4, r6, r8, sb, sl, fp, lr} ^",1
"cmpmi pc, 0x4e000000",1
svcpl 0x525255,1
"submi r5, sp, 0x14c000",1
svcpl 0x4c4f,1
"cmpmi pc, 0x4e00",1
invalid,1
invalid,1
"stmdami r7, {r0, r2, r6, r8, fp, lr} ^",1
"subeq r5, r3, r4, asr r7",1
svcpl 0x4c4e5f,1
"mcrrmi p15, 4, r4, ip, c3",1
svcpl 0x455441,1
"cmplo r0, r7, asr 2",1
"mcrrmi p15, 0, r5, lr, c0",1
"mcrrmi p3, 5, r4, pc, c15",1
"ldrbmi r4, [r4, -0x14c]",1
"subpl r4, r1, pc, asr r7",1
"mrcmi p0, 2, r0, c15, c2, 1",1
svcmi 0x435f4c,1
"strbpl r4, [r1], -0xc4c",1
invalid,1
svcpl 0x3350,1
"cmppl pc, 0x5f",1
svcpl 0x4e4749,1
"mrcmi p15, 2, r4, c3, c0, 2",1
"mcrrmi p15, 0, r5, lr, c0",1
"ldclmi p14, c4, [r5, -0x17c]",1
svcpl 0x434c5f,1
"strbmi r4, [sp, -0x14e]",1
svcvs 0x5f5f00,1
svcpl 0x6e6570,1
invalid,1
"mrcmi p0, 2, r0, c15, c3, 3",1
svcmi 0x435f4c,1
"strbpl r4, [r1], -0xc4c",1
svcmi 0x435f45,1
"ldrbmi r4, [r3, -0xc4c]",1
"subeq r4, r2, r1, asr sp",1
svcpl 0x4c4e5f,1
"strbmi r4, [lr, -0xf4d]",1
"ldmdbpl r2, {r2, r4, r6, r8, lr} ^",1
svcmi 0x4e555f,1
"mcrrmi p6, 5, r5, r1, c15",1
"ldrbmi r4, [pc], -sb, asr 8 ; [0x177b4:4]=0x5f4c4e5f",1
"subeq r4, sp, r2, asr pc",1
svcpl 0x4c4e5f,1
"strbmi r4, [lr, -0xf4d]",1
"ldmdbpl r2, {r2, r4, r6, r8, lr} ^",1
svcmi 0x55445f,1
"strbpl r4, [lr], -0x95f",1
"cmpmi r2, pc, asr r6",1
"stmdbmi r4, {r0, r1, r6, r8, sb, sl, fp, ip, lr} ^",1
"cmppl r4, 0x11c000",1
"mcrrmi p15, 0, r5, lr, c0",1
"mcrrmi p3, 5, r4, pc, c15",1
"ldrbmi r4, [r4, -0x14c]",1
"ldrbpl r4, [r2, -0xe5f]",1
"subseq r4, r3, ip, asr 10",1
svcpl 0x4c4e5f,1
"strbmi r4, [ip, -0x554]",1
"mcrmi p8, 2, r4, c15, c0, 2",1
"ldrbmi r5, [r4, -0xf45]",1
svcmi 0x445f4c,1
"stclmi p15, c5, [r6, -0x134]",1
svcpl 0x5f0054,1
svcpl 0x544e49,1
"movtpl r5, 0x3f50",1
"ldrbmi r5, [r2, -0x5f]",1
"strbmi r4, [r4, -0x543]",1
"mrcmi p0, 2, r0, c15, c3, 2",1
"strbmi r5, [sb], -0xf4c",1
"ldmdbmi r4, {r0, r2, r6, sb, sl, fp, lr} ^",1
invalid,1
"mcrmi p9, 2, r4, c15, c4, 2",1
invalid,1
svcmi 0x495349,1
svcpl 0x5f004e,1
invalid,1
"ldrbmi r4, [r6, -0x954]",1
"smlsldmi r5, sb, pc, r3",1
"cdpmi p0, 5, c0, c15, c14, 2",1
"strbmi r5, [r1], -0xf4c",1
"movtpl r5, 0x5244",1
svcmi 0x435f53,1
"subspl r4, r4, 0x550",1
"submi r5, r1, 0x164",1
"mrcmi p0, 2, r0, c15, c2, 1",1
"strbmi r5, [r1], -0xf4c",1
"movtpl r5, 0x5244",1
svcmi 0x435f53,1
"subspl r4, r4, 0x550",1
"submi r5, r1, 0x164",1
svcpl 0x5f0033,1
svcpl 0x544e49,1
"ldmdbmi r3, {r1, r2, r3, r6, r8, sb, sl, fp, ip, lr} ^",1
"subspl r4, pc, r7, asr 28",1
"subeq r5, lr, pc, asr 6",1
svcpl 0x4c4e5f,1
"mcrrmi p15, 4, r4, ip, c3",1
svcpl 0x455441,1
"submi r5, sp, 0x14c000",1
"submi r5, r1, 0x5f000000",1
"submi r4, sp, 76, 10",1
"ldclmi p15, c5, [0x000178a4]",1
"ldrbmi r4, [pc, -pc, asr 28] ; [0x178a8:4]=0x474e49",1
"subspl r4, r5, r2, asr pc",1
"subeq r4, r7, sb, asr 28",1
svcpl 0x4c4e5f,1
"subspl r5, sb, r3, asr 8",1
"submi r5, sp, 0x114",1
"subspl r4, r5, 0x7c000001",1
"stmdapl r1, {r0, r1, r2, r3, r4, r6, r8, sl, fp, lr} ^",1
"mcrrmi p15, 0, r5, lr, c0",1
"ldclmi p14, c4, [r5, -0x17c]",1
svcpl 0x434c5f,1
"ldrbmi r4, [r0, -0x150]",1
"mrcmi p0, 2, r0, c15, c2, 2",1
"ldmdbmi r4, {r2, r3, r6, r8, sb, sl, fp, ip, lr} ^",1
"ldrbpl r4, [pc, -sp, asr 10] ; [0x178e0:4]=0x57545331",1
svcpl 0x4b4545,1
"smmlarpl r4, r1, r3, r5",1
"subeq r4, fp, r5, asr 10",1
"mcrmi p15, 2, r5, c9, c15, 2",1
svcpl 0x4e5f54,1
svcpl 0x504553,1
"cmppl pc, 0x108000",1
"strbmi r4, [r3, -0x150]",1
"mcrrmi p15, 0, r5, lr, c0",1
"mcrmi p13, 2, r4, c15, c15, 2",1
"subpl r5, r1, 0x45000000",1
"strbpl r5, [r4, -0xf59]",1
"cdpmi p15, 4, c5, c9, c15, 2",1
svcpl 0x505f54,1
svcpl 0x504553,1
"cmppl pc, 0x108000",1
"strbmi r4, [r3, -0x150]",1
"strbtvs r6, [ip], -0xf00",1
invalid,1
"rsbsvc r7, r4, 0x5f",1
"ldrbmi r5, [pc], -r0, lsl 30 ; [0x17934:4]=0x49474944",1
svcpl 0x434152,1
"stmdbmi r7, {r2, r6, r8, fp, lr} ^",1
svcpl 0x5354,1
"cdpmi p12, 5, c4, c15, c14, 2",1
"subpl r4, r5, 0x1540",1
"cmpmi pc, 0x24000001",1
"movtpl r4, 0x544f",1
"andvs r5, r0, 0x45000000",1
"eorseq r6, r1, r5, ror r6",1
svcpl 0x4c4e5f,1
"mcrrmi p15, 4, r4, ip, c3",1
svcpl 0x455441,1
"submi r5, sp, 0x14c000",1
"movtpl r4, 0x185f",1
"ldmdbmi r3, {r3, r6, r8, sb, sl, fp, ip, lr} ^",1
"submi r4, sp, 0x16800000",1
"mcrrmi p15, 0, r5, lr, c0",1
"ldmdbpl r4, {r0, r1, r2, r3, r4, r6, r8, sb, lr} ^",1
"ldrbpl r4, [pc], -0x550     ; [0x17980:4]=0x5f54494c",1
"movtpl r4, 0xe152",1
svcpl 0x54494c,1
"stclmi p2, c5, [0x00017874]",1
"mcrrmi p4, 5, r5, r2, c15",1
"ldmdbmi pc, {r8, sb, sl, fp, ip, lr} ^",1
"cmpmi pc, 0x4e000000",1
svcpl 0x525255,1
"submi r5, sp, 0x14c000",1
svcpl 0x4c4f,1
"ldrbpl r4, [pc, -lr, asr 24] ; [0x179a8:4]=0x5f005254",1
"cmppl pc, 0x1040",1
svcpl 0x5254,1
"ldrbpl r4, [pc], -0xc4e     ; [0x179b4:4]=0x454d4954",1
svcpl 0x454d49,1
"strbmi r4, [sp, -0x954]",1
"strbmi r4, [lr, -0xf5a]",1
"mcrrmi p15, 0, r5, lr, c0",1
"movtpl r4, 0x5d5f",1
"strbmi r4, [r7, -0x153]",1
svcmi 0x435f53,1
"ldrbmi r4, [r3, -0x544]",1
"mrcmi p0, 2, r0, c15, c4, 2",1
"cmpmi r7, ip, asr 30",1
"ldrbmi r5, [pc], -0x44c     ; [0x179e0:4]=0x4e5f0053",1
"strbpl r4, [sb], -0x749",1
"mrcmi p0, 2, r0, c15, c3, 2",1
"strbmi r5, [r1], -0xf4c",1
"movtpl r5, 0x5244",1
svcmi 0x435f53,1
"subspl r4, r4, 0x550",1
"movtpl r5, 0x9f59",1
svcpl 0x4e42,1
"cdpmi p12, 5, c4, c15, c14, 2",1
svcpl 0x454d41,1
"strbmi r4, [sp, -0x14e]",1
"movtpl r4, 0x9d5f",1
svcpl 0x5f0053,1
svcpl 0x415245,1
"subpl r4, r1, 0x16400000",1
"mcrrmi p15, 0, r5, lr, c0",1
svcmi 0x4d575f,1
"eorseq r5, r1, lr, asr 30",1
svcpl 0x4c4e5f,1
"mcrmi p13, 2, r4, c15, c7, 2",1
svcpl 0x325f,1
"ldrbpl r4, [pc, -lr, asr 24] ; [0x17a38:4]=0x4e5f0033",1
svcpl 0x4e4f4d,1
"mrcmi p0, 2, r0, c15, c3, 1",1
"ldclmi p15, c5, [r7, -0x130]",1
"ldrblo r4, [pc], -0xe4f     ; [0x17a48:4]=0x5449534f",1
"subspl r5, pc, r0, lsl 30",1
"strbpl r5, [sb], -0x34f",1
svcpl 0x455649,1
"mcrmi p9, 2, r4, c7, c3, 2",1
"mcrrmi p15, 0, r5, lr, c0",1
"strbmi r4, [r4], -0x15f",1
"cmppl r3, 0x14800000",1
"strbmi r4, [pc], -0x35f",1
"strbpl r5, [r5], -0x345",1
"mcrrmi p15, 0, r5, lr, c0",1
"subpl r5, r1, pc, asr r0",1
"cmpmi pc, 0x50000004",1
"movtpl r4, 0x544f",1
"andpl r5, r0, 0x45000000",1
"stmdapl sb, {r0, r6, sl, lr} ^",1
"subpl r4, r1, 0x430000",1
"mcrrmi p15, 0, r5, lr, c0",1
"mcrmi p13, 2, r4, c15, c15, 2",1
"subpl r5, r1, 0x45000000",1
"strbpl r5, [r4, -0xf59]",1
"cdpmi p15, 4, c5, c9, c15, 2",1
svcpl 0x505f54,1
"mcrmi p9, 2, r4, c7, c3, 2",1
"movtpl r5, 0xf05f",1
"cdpmi p0, 5, c0, c15, c14, 2",1
svcmi 0x435f4c,1
"strbpl r4, [r1], -0xc4c",1
"ldmdbpl r3, {r0, r2, r6, r8, sb, sl, fp, ip, lr} ^",1
"ldrbmi r4, [0x0001786f]     ; [0x1786f:4]=0x5f003342",1
"cmpmi r2, r8, asr r4",1
svcpl 0x424d,1
"rsbseq r6, r0, pc, asr r6",1
svcpl 0x4c4e5f,1
svcpl 0x4d554e,1
"ldclmi p3, c4, [0x000179a4]",1
"ldrbpl r4, [r3, -0x145]",1
"strbmi r4, [sp, -0x552]",1
svcpl 0x544e,1
"ldclmi p12, c4, [0x000179ac]",1
"strbpl r4, [r5], -0xe4f",1
svcpl 0x595241,1
svcpl 0x4f5544,1
"subspl r5, r2, 0x10c00000",1
"stmdbpl r3, {r0, r2, r6, sb, sl, fp, lr} ^",1
"ldclmi p3, c5, [sb, -0x17c]",1
"subeq r4, ip, r2, asr 30",1
svcpl 0x4c4e5f,1
"strbmi r4, [r2], -0x157",1
"cmplo pc, r1, asr 18",1
"mcrrmi p15, 0, r5, lr, c0",1
"submi r5, r1, 0x17c0000",1
svcpl 0x594144,1
"mrcmi p0, 2, r0, c15, c3, 1",1
"cmpmi r7, ip, asr 30",1
"stmdbpl r1, {r1, r6, sl, lr} ^",1
svcpl 0x345f,1
"ldrbpl r4, [pc, -lr, asr 24] ; [0x17b2c:4]=0x355f59",1
invalid,1
"eorseq r5, r5, sb, asr pc",1
svcpl 0x4c4e5f,1
"strbmi r4, [r2], -0x157",1
"ldrblo r5, [pc], -r1, asr 18 ; [0x17b40:4]=0x4241575f",1
"mcrrmi p15, 0, r5, lr, c0",1
"submi r5, r1, 0x17c0000",1
svcpl 0x594144,1
"mrcmi p0, 2, r0, c15, c7, 1",1
"strbpl r5, [r3], -0xf4c",1
svcpl 0x455059,1
"ldrbmi r5, [r4], -0x54f",1
"strbpl r4, [sb], -0x749",1
"cmpmi r7, 48, 30            ; 0x30",1
"rsbvc r6, sb, 0, 8",1
"mcrvs p12, 3, r6, c5, c15, 2",1
"mcrrmi p15, 0, r5, lr, c0",1
"ldmdbpl r4, {r0, r1, r2, r3, r4, r6, r8, sb, lr} ^",1
svcmi 0x5f4550,1
"stmdbmi r4, {r0, r2, r4, r6, sl, ip, lr} ^",1
"subslo r4, r4, 0x11c000",1
"subeq r5, r3, pc, asr r7",1
svcpl 0x4c4e5f,1
"subspl r5, sb, r3, asr 8",1
invalid,1
"qdaddmi r5, r0, lr",1
"subseq r4, r3, sp, asr 10",1
svcpl 0x4c4e5f,1
"subspl r5, sb, r3, asr 8",1
"cdpmi p15, 4, c5, c9, c5, 2",1
"stmdbmi r7, {r2, r6, r8, fp, lr} ^",1
invalid,1
"strbmi r5, [ip, -0xf43]",1
"cdpmi p0, 5, c0, c15, c14, 2",1
"strbpl r5, [lr, -0xf4c]",1
"ldmdbmi r2, {r0, r2, r3, r6, r8, sl, lr} ^",1
"ldmdami r4, {r0, r1, r6, r8, sb, sl, fp, ip, lr} ^",1
"cmpmi r3, pc, asr 10",1
svcpl 0x53444e,1
svcpl 0x504553,1
svcpl 0x4357,1
"cmpmi pc, 0x4e00",1
"ldrbmi r5, [r0, -0x954]",1
"ldrbpl r4, [r5], -0xf5f",1
"stmdbmi r7, {r2, r6, r8, fp, lr} ^",1
invalid,1
"cdpmi p0, 5, c0, c15, c3, 2",1
"strbmi r5, [sb], -0xf4c",1
"ldmdbmi r4, {r0, r2, r6, sb, sl, fp, lr} ^",1
invalid,1
"mcrmi p9, 2, r4, c15, c4, 2",1
"ldrbmi r4, [r5], -0x15f",1
"movtmi r4, 0xe549",1
svcpl 0x5f0045,1
"cmppl r3, 0x16400000",1
svcpl 0x5254,1
"cmpmi pc, 0x4e00",1
"ldrbmi r5, [r0, -0x954]",1
"ldrbpl r4, [r5], -0xf5f",1
"stmdbmi r7, {r2, r6, r8, fp, lr} ^",1
invalid,1
"cdpmi p0, 5, c0, c15, c3, 2",1
svcmi 0x435f4c,1
"strbpl r4, [r1], -0xc4c",1
svcmi 0x435f45,1
"ldrbmi r4, [r3, -0x544]",1
"mrcmi p0, 2, r0, c15, c4, 2",1
"strbpl r5, [r3], -0xf4c",1
svcpl 0x455059,1
"mcrmi p2, 2, r5, c1, c4, 2",1
"strbpl r4, [sb], -0xc53",1
"mcrmi p9, 2, r4, c7, c15, 2",1
"subeq r5, r5, pc, asr 4",1
"strbmi r5, [r4, -0xf5f]",1
invalid,1
svcmi 0x505f4c,1
"subseq r4, r4, sb, asr 28",1
svcpl 0x4c4e5f,1
"cdpmi p4, 4, c4, c5, c9, 2",1
"stmdbmi r6, {r2, r4, r6, r8, fp, lr} ^",1
"ldmdbmi r4, {r0, r1, r6, r8, lr} ^",1
"ldrbpl r4, [pc], -0xe4f     ; [0x17c74:4]=0x4c4e5f00",1
"strbmi r5, [ip, -0x449]",1
"mcrrmi p15, 0, r5, lr, c0",1
"ldmdbpl r4, {r0, r1, r2, r3, r4, r6, r8, sb, lr} ^",1
svcmi 0x5f4550,1
"stmdbmi r4, {r0, r2, r4, r6, sl, ip, lr} ^",1
"ldmdalo r4, {r0, r1, r2, r6, r8, fp, lr} ^",1
"subeq r5, r3, pc, asr r7",1
svcpl 0x4c4e5f,1
"subspl r5, sb, r3, asr 8",1
"cdpmi p15, 4, c5, c9, c5, 2",1
"stmdbmi r7, {r2, r6, r8, fp, lr} ^",1
svcpl 0x365354,1
svcpl 0x424d,1
"cmpmi pc, 0x4e00",1
"ldrbmi r5, [r0, -0x954]",1
"strbmi r4, [lr], -0x95f",1
"strbpl r4, [sb], -0x749",1
"submi r5, sp, 0x14c",1
"mcrmi p12, 2, r4, c5, c15, 2",1
"mcrrmi p15, 0, r5, lr, c0",1
"mcrrmi p4, 5, r5, r5, c15",1
svcmi 0x485045,1
"ldmdbmi pc, {r1, r2, r3, r6, r8, sl, lr} ^",1
"subspl r5, pc, lr, asr 8",1
"stmdbmi r6, {r1, r4, r6, r8, sl, lr} ^",1
"mrcmi p0, 2, r0, c15, c8, 2",1
svcmi 0x4d5f4c,1
"cmpmi r4, lr, asr 10",1
"ldrbpl r5, [pc], -0x952     ; [0x17ce8:4]=0x53444e41",1
"cmppl r5, 72, 30            ; 0x48",1
"movtpl r4, 0x4e41",1
"subpl r5, r5, pc, asr r3",1
"subeq r5, r3, pc, asr r7",1
svcpl 0x4c4e5f,1
"stclmi p1, c4, [r2, -0x15c]",1
"cmplo pc, pc, asr 28",1
"mrcmi p0, 2, r0, c15, c0, 1",1
"cmpmi r7, ip, asr 30",1
"cdpmi p13, 4, c4, c15, c2, 2",1
"eorseq r3, r1, pc, asr r1",1
svcpl 0x4c4e5f,1
"stclmi p1, c4, [r2, -0x15c]",1
"cmplo pc, pc, asr 28",1
"mrcmi p0, 2, r0, c15, c2, 1",1
"strbpl r5, [r3], -0xf4c",1
svcpl 0x455059,1
"movtpl r4, 0x1c43",1
"eorseq r3, r2, r3, asr r3",1
svcpl 0x4c4e5f,1
"subpl r4, r4, 0x41000000",1
svcpl 0x535345,1
"ldrbpl r4, [r3], -0xf50",1
"ldrbmi r4, [pc], -r1, asr 24 ; [0x17d48:4]=0x495f4c4e",1
svcpl 0x544d,1
"ldmdbmi pc, {r1, r2, r3, r6, sl, fp, lr} ^",1
"strbpl r4, [lr], -0x544",1
"movtmi r4, 0x9649",1
svcmi 0x495441,1
svcmi 0x435f4e,1
"movtmi r5, 0x144e",1
"mrcmi p0, 2, r0, c15, c4, 2",1
svcmi 0x4d5f4c,1
"cmpmi r4, lr, asr 10",1
"ldrbmi r5, [pc], -0x952     ; [0x17d74:4]=0x5045535f",1
"mrcmi p15, 2, r4, c15, c5, 2",1
"subpl r5, r5, pc, asr r3",1
svcpl 0x59425f,1
"movtmi r5, 0x1053",1
"cdpmi p0, 5, c0, c15, c5, 2",1
svcmi 0x4d5f4c,1
"cmpmi r4, lr, asr 10",1
"ldrbmi r5, [pc], -0x952     ; [0x17d94:4]=0x4749535f",1
"mrcmi p15, 2, r4, c15, c5, 2",1
"smlsldmi r5, sb, pc, r3",1
svcmi 0x505f4e,1
svcpl 0x4e53,1
"cmpmi pc, 0x4e00",1
"ldrbmi r5, [r0, -0x954]",1
"strbmi r5, [sb], -0x75f",1
svcpl 0x4854,1
"strbpl r4, [lr], -0x95f",1
"cmppl pc, 0x5f",1
svcpl 0x4e4749,1
"mrcmi p15, 2, r4, c3, c0, 2",1
"mcrrmi p15, 0, r5, lr, c0",1
"ldclmi p14, c4, [r5, -0x17c]",1
svcpl 0x434c5f,1
"strbmi r5, [sp, -0x54e]",1
"subeq r4, r3, r2, asr sb",1
svcpl 0x4c4e5f,1
"subspl r5, sb, r3, asr 8",1
svcmi 0x545f45,1
"ldrbmi r4, [r7, -0xf4c]",1
svcpl 0x5f0052,1
"subspl r5, r2, 0x10c00000",1
"stmdbpl r3, {r0, r2, r6, sb, sl, fp, lr} ^",1
"ldclmi p3, c5, [sb, -0x17c]",1
"subeq r4, ip, r2, asr 30",1
svcpl 0x4c4e5f,1
"strbmi r4, [ip, -0x554]",1
"mcrmi p8, 2, r4, c15, c0, 2",1
svcmi 0x435f45,1
"ldrbmi r4, [r3, -0x544]",1
"mrcmi p0, 2, r0, c15, c4, 2",1
"strbpl r5, [r3], -0xf4c",1
svcpl 0x455059,1
"stmdbmi r4, {r0, r3, r6, sb, sl, fp, lr} ^",1
"cmppl r4, 0x11c000",1
"cmpmi r7, 49, 30            ; 0x31",1
"ldmdbmi pc, {r8, sb, sl, fp, ip, lr} ^",1
"cdpmi p4, 5, c5, c15, c14, 2",1
svcpl 0x53435f,1
"movtmi r5, 0x5250",1
"movtpl r4, 0x5445",1
"mcrrmi p15, 0, r5, lr, c0",1
"ldmdbpl r4, {r0, r1, r2, r3, r4, r6, r8, sb, lr} ^",1
"ldmdbmi pc, {r4, r6, r8, sl, lr} ^",1
"strbmi r4, [sb, -lr, asr 8]",1
"cmplo r3, 0x49000000",1
"subeq r5, r3, pc, asr r7",1
svcpl 0x4c4e5f,1
"subpl r4, r4, 0x41000000",1
svcpl 0x535345,1
"cdpmi p15, 5, c4, c5, c3, 2",1
svcpl 0x595254,1
"subeq r5, sp, lr, asr 10",1
svcpl 0x4c4e5f,1
"subspl r5, sb, r3, asr 8",1
"cdpmi p15, 4, c5, c9, c5, 2",1
"stmdbmi r7, {r2, r6, r8, fp, lr} ^",1
svcpl 0x355354,1
svcpl 0x4357,1
"movtpl r5, 0x595f",1
"subspl r5, r0, 0x450000",1
"strbtvc r6, [r5], -0x700",1
"cdpvs p15, 7, c5, c5, c3, 3",1
blvs 0x18f3c48,1
svcpl 0x6465,1
"cmpmi pc, 0x4e00",1
"ldrbmi r5, [r0, -0x954]",1
"strbmi r4, [lr], -0x95f",1
"strbpl r4, [sb], -0x749",1
invalid,1
"cdpmi p0, 5, c0, c15, c3, 2",1
"ldrbmi r5, [r7, -0xf4c]",1
"ldrbmi r4, [pc], -0x152     ; [0x17ebc:4]=0x5f00544d",1
"usaxmi r5, pc, pc",1
svcpl 0x544d,1
"cmpmi pc, 0x4e00",1
"ldrbmi r5, [r0, -0x954]",1
"strbmi r4, [lr], -0x95f",1
"strbpl r4, [sb], -0x749",1
invalid,1
svcvs 0x630043,1
"ldrbvs r6, [r3, -0x564]!",1
"mrcmi p0, 2, r0, c15, c4, 3",1
"strbpl r5, [r3], -0xf4c",1
svcpl 0x455059,1
svcmi 0x4c4f54,1
"cmplo r2, 0x15c00000",1
"mrcmi p0, 2, r0, c15, c2, 1",1
svcmi 0x435f4c,1
"strbpl r4, [r1], -0xc4c",1
svcmi 0x435f45,1
"ldrbmi r4, [r3, -0xc4c]",1
"subeq r5, r3, r1, asr r7",1
svcpl 0x4c4e5f,1
"subspl r5, sb, r3, asr 8",1
"stmdapl r5, {r0, r2, r6, r8, sb, sl, fp, ip, lr} ^",1
svcpl 0x415254,1
svcpl 0x50414d,1
"mrcmi p0, 2, r0, c15, c1, 1",1
"strbpl r5, [r3], -0xf4c",1
svcpl 0x455059,1
"subspl r5, r4, 0x450000",1
invalid,1
"eorseq r5, r2, r0, asr pc",1
svcpl 0x4c4e5f,1
"subspl r5, sb, r3, asr 8",1
"stmdapl r5, {r0, r2, r6, r8, sb, sl, fp, ip, lr} ^",1
svcpl 0x415254,1
svcpl 0x50414d,1
"mrcmi p0, 2, r0, c15, c3, 1",1
"strbpl r5, [r3], -0xf4c",1
svcpl 0x455059,1
"subspl r5, r4, 0x450000",1
invalid,1
"eorseq r5, r4, r0, asr pc",1
svcpl 0x4c4e5f,1
"subspl r5, sb, r3, asr 8",1
"stmdapl r5, {r0, r2, r6, r8, sb, sl, fp, ip, lr} ^",1
svcpl 0x415254,1
svcpl 0x50414d,1
"mrcmi p0, 2, r0, c15, c5, 1",1
"strbpl r5, [r3], -0xf4c",1
svcpl 0x455059,1
"subspl r5, r4, 0x450000",1
invalid,1
"eorseq r5, r6, r0, asr pc",1
svcpl 0x4c4e5f,1
"subspl r5, sb, r3, asr 8",1
"stmdapl r5, {r0, r2, r6, r8, sb, sl, fp, ip, lr} ^",1
svcpl 0x415254,1
svcpl 0x50414d,1
"mrcmi p0, 2, r0, c15, c7, 1",1
"strbpl r5, [r3], -0xf4c",1
svcpl 0x455059,1
"subspl r5, r4, 0x450000",1
invalid,1
"eorseq r5, r8, r0, asr pc",1
svcpl 0x4c4e5f,1
"subspl r5, sb, r3, asr 8",1
"stmdapl r5, {r0, r2, r6, r8, sb, sl, fp, ip, lr} ^",1
svcpl 0x415254,1
svcpl 0x50414d,1
"mrcmi p0, 2, r0, c15, c9, 1",1
"strbpl r5, [r3], -0xf4c",1
svcpl 0x455059,1
"ldrbmi r5, [r4], -0x54f",1
"strbpl r4, [sb], -0x749",1
"submi r5, sp, 49, 30",1
"mcrrmi p15, 0, r5, lr, c0",1
"subpl r5, r5, 0x17c0000",1
svcpl 0x445f41,1
"subseq r4, r4, r6, asr 26",1
svcpl 0x4c4e5f,1
"subspl r5, sb, r3, asr 8",1
"strbpl r5, [0x000170bf]",1
"smlsldmi r4, sb, r4, r4",1
svcpl 0x335449,1
svcpl 0x424d,1
"cmpmi pc, lr, asr 24",1
"ldrbmi r4, [r2, -0x444]",1
"cmpmi pc, 0x4c000001",1
"strbpl r5, [lr], -0x54f",1
"mrcmi p9, 2, r5, c15, c2, 2",1
"subeq r4, r5, r1, asr 26",1
svcpl 0x505f5f,1
svcpl 0x504553,1
"cmppl pc, 0x108000",1
"strbmi r4, [r3, -0x150]",1
"mcrrmi p15, 0, r5, lr, c0",1
"ldmdbpl r4, {r0, r1, r2, r3, r4, r6, r8, sb, lr} ^",1
svcmi 0x5f4550,1
"stmdbmi r4, {r0, r2, r4, r6, sl, ip, lr} ^",1
"ldrblo r4, [r4, -0x947]",1
"subeq r4, r2, pc, asr sp",1
svcpl 0x4c4e5f,1
"subspl r5, sb, r3, asr 8",1
"strbpl r5, [0x00017117]",1
"smlsldmi r4, sb, r4, r4",1
svcpl 0x375449,1
svcpl 0x424d,1
"cmpmi pc, 0x5f0",1
"subspl r5, r0, 0x14c",1
"strbmi r4, [r5], -0x345",1
svcpl 0x5345,1
"ldclmi p12, c4, [0x00017f44]",1
"strbpl r4, [r5], -0xe4f",1
svcpl 0x595241,1
svcpl 0x4f5544,1
"movtmi r5, 0x1246",1
"smlsldmi r4, sb, pc, r4",1
"subseq r5, r3, sb, asr 8",1
svcpl 0x4c4e5f,1
"subspl r5, sb, r3, asr 8",1
"strbpl r5, [0x0001715b]",1
"smlsldmi r4, sb, r4, r4",1
svcpl 0x395449,1
svcpl 0x424d,1
"cmpmi pc, 0x4e00",1
"ldrbmi r5, [r0, -0x954]",1
"qdaddmi r4, pc, ip",1
svcmi 0x5f5353,1
"ldrbmi r4, [r3, -0x646]",1
svcpl 0x5f0054,1
"stclvs p5, c7, [sb], -0x188",1
svcpl 0x6e6974,1
"cmnvs r2, 0x73000000",1
svcpl 0x7970,1
"cmpmi pc, lr, asr 24",1
"ldrbmi r4, [r2, -0x444]",1
"cmpmi pc, 0x4c000001",1
"strbpl r5, [lr], -0x54f",1
"subspl r5, pc, r2, asr sb",1
"subseq r5, r4, pc, asr 6",1
svcpl 0x4c4e5f,1
"subpl r4, r4, 0x41000000",1
svcpl 0x535345,1
"cdpmi p15, 5, c4, c5, c3, 2",1
svcpl 0x595254,1
"subseq r4, r2, r3, asr 2",1
svcpl 0x4c4e5f,1
"cdpmi p4, 4, c4, c5, c9, 2",1
"stmdbmi r6, {r2, r4, r6, r8, fp, lr} ^",1
"ldmdbmi r4, {r0, r1, r6, r8, lr} ^",1
"ldrbpl r4, [pc], -0xe4f     ; [0x18118:4]=0x59524f54",1
"ldmdbmi r2, {r0, r2, r6, sb, ip, lr} ^",1
"ldmdbpl r2, {r2, r4, r6, r8, sb, sl, fp, lr} ^",1
"mcrrmi p15, 0, r5, lr, c0",1
"strbmi r4, [r4, -0x95f]",1
"strbmi r5, [sb], -lr, asr 8",1
"strbpl r4, [r1], -0x349",1
svcpl 0x4e4f49,1
"subpl r4, r2, 0x10000004",1
invalid,1
"mcrmi p9, 2, r4, c15, c4, 2",1
"mcrrmi p15, 0, r5, lr, c0",1
"mcrmi p13, 2, r4, c15, c15, 2",1
"subpl r5, r1, 0x45000000",1
"mrcmi p15, 2, r5, c5, c9, 2",1
"cmpmi r6, pc, asr 30",1
svcpl 0x44494c,1
svcpl 0x4f54,1
"ldclmi p12, c4, [0x00018028]",1
"ldrbpl r4, [r3, -0x145]",1
"strbmi r4, [sp, -0x552]",1
"ldclmi p4, c5, [0x00018034]",1
"ldrbpl r4, [r3, -0x145]",1
"strbmi r4, [sp, -0x552]",1
svcpl 0x544e,1
"cmpmi pc, 0x4e00",1
invalid,1
"ldrbpl r4, [pc], -0x554     ; [0x18184:4]=0x5f00424d",1
"strbmi r4, [ip, -0x241]",1
svcpl 0x424d,1
"ldrbpl r4, [pc, -lr, asr 24] ; [0x18190:4]=0x64610054",1
"stclmi p15, c5, [r6, -0x110]",1
"strbtvs r0, [r1], -0x54",1
"ldclvs p15, c5, [r3], -0x190",1
"rsbeq r7, r8, r1, ror 6",1
"strbvs r6, [r7, -0xe75]!",1
svcpl 0x6374,1
"cmpmi pc, 0x4e00",1
"ldrbmi r5, [r0, -0x954]",1
"strbmi r4, [lr], -0x95f",1
"strbpl r4, [sb], -0x749",1
"ldclmi p0, c3, [0x00018070]",1
svcpl 0x5f0042,1
svcpl 0x544e49,1
"movtmi r5, 0x1246",1
"smlsldmi r4, sb, pc, r4",1
"subseq r5, r3, sb, asr 8",1
svcpl 0x4c4e5f,1
"strbmi r4, [lr, -0xf4d]",1
"ldmdbpl r2, {r2, r4, r6, r8, lr} ^",1
svcmi 0x55445f,1
"mcrrmi p6, 5, r5, r1, c15",1
"ldrbpl r4, [pc], -0x449     ; [0x181e8:4]=0x54435f4c",1
"cdpmi p0, 5, c0, c15, c15, 2",1
"strbpl r5, [r3], -0xf4c",1
svcpl 0x455059,1
"stmdbmi r4, {r0, r3, r6, sb, sl, fp, lr} ^",1
"cmppl r4, 0x11c000",1
"submi r5, sp, 52, 30",1
"mcrrmi p15, 0, r5, lr, c0",1
"ldmdbpl r4, {r0, r1, r2, r3, r4, r6, r8, sb, lr} ^",1
"ldmdbmi pc, {r4, r6, r8, sl, lr} ^",1
"strbmi r4, [sb, -lr, asr 8]",1
"ldmdalo r3, {r0, r3, r6, sl, ip, lr} ^",1
"subeq r4, r2, pc, asr sp",1
"uqsaxvs r5, pc, pc",1
"rsbeq r6, r7, ip, ror 2",1
svcpl 0x4c4e5f,1
"usaxmi r5, pc, r7",1
"cmpmi pc, sp, asr 8",1
"subeq r5, sp, sp, asr 32",1
svcpl 0x4c4e5f,1
"cdpmi p4, 4, c4, c5, c9, 2",1
"stmdbmi r6, {r2, r4, r6, r8, fp, lr} ^",1
"ldmdbmi r4, {r0, r1, r6, r8, lr} ^",1
"cmppl pc, 0x4f0",1
"cmpmi r2, 0x13c00000",1
"cdpmi p0, 5, c0, c15, c5, 2",1
"strbmi r5, [r1], -0xf4c",1
"movtpl r5, 0x5244",1
"qdaddmi r5, r3, ip",1
"cdpmi p7, 5, c4, c15, c14, 2",1
"subeq r4, r5, r1, asr 26",1
svcpl 0x4c4e5f,1
svcpl 0x4d554e,1
"cmpmi pc, ip, asr 6",1
"ldrbmi r4, [r2, -0x444]",1
svcpl 0x5353,1
"cmpmi pc, lr, asr 24",1
"ldrbmi r4, [r2, -0x444]",1
"mrrcmi p3, 5, r5, pc, c3",1
svcpl 0x474e41,1
"ldclmi p5, c4, [r2, -0x150]",1
"mcrrmi p15, 0, r5, lr, c0",1
"strbmi r4, [r4], -0x15f",1
"cmppl r3, 0x14800000",1
"mcrmi p12, 2, r4, c1, c15, 2",1
"submi r5, r1, 0x11c",1
"mcrrmi p15, 0, r5, lr, c0",1
"mcrmi p13, 2, r4, c15, c15, 2",1
"subpl r5, r1, 0x45000000",1
"strbpl r5, [r4, -0xf59]",1
"cdpmi p15, 4, c5, c9, c15, 2",1
svcpl 0x4e5f54,1
svcpl 0x504553,1
"cmppl pc, 0x108000",1
"strbmi r4, [r3, -0x150]",1
"mcrrmi p15, 0, r5, lr, c0",1
"strbmi r4, [r4, -0x95f]",1
"strbmi r5, [sb], -lr, asr 8",1
"strbpl r4, [r1], -0x349",1
svcpl 0x4e4f49,1
"ldrbmi r4, [r4, -0x144]",1
"mcrrmi p15, 0, r5, lr, c0",1
"stclmi p4, c5, [sb, -0x17c]",1
"ldrbmi r5, [r7, -0xf45]",1
"vnmlami.f64 d20, d15, d5",1
"cmppl sb, 68, 2             ; 0x44",1
"ldrbvs r6, [r0, -0xf00]!",1
"eorseq r3, r4, lr, ror 12",1
svcmi 0x4d5f5f,1
"ldmdami r4, {r1, r2, r3, r6, r8, sb, sl, fp, ip, lr} ^",1
"cmpmi r3, pc, asr 10",1
svcpl 0x53444e,1
"subseq r4, r0, r3, asr r5",1
svcpl 0x4c4e5f,1
"strbmi r4, [lr, -0xf4d]",1
"ldmdbpl r2, {r2, r4, r6, r8, lr} ^",1
svcmi 0x55445f,1
"cmppl pc, 0x5f",1
svcpl 0x4e4749,1
"mrcmi p15, 2, r4, c3, c0, 2",1
"mcrrmi p15, 0, r5, lr, c0",1
"mcrmi p13, 2, r4, c15, c15, 2",1
"subpl r5, r1, 0x45000000",1
"strbpl r5, [r4, -0xf59]",1
svcpl 0x505f4f,1
svcpl 0x504553,1
"cmppl pc, 0x108000",1
"strbmi r4, [r3, -0x150]",1
"mcrrmi p15, 0, r5, lr, c0",1
"stclmi p14, c4, [r1, -0x17c]",1
invalid,1
"ldclmi p5, c4, [0x00018220]",1
svcpl 0x5352,1
"cmpmi pc, 0x4e00",1
invalid,1
"ldrbmi r4, [0x00017e10]     ; [0x17e10:4]=0x54435f4c",1
"cmpmi r2, r8, asr r4",1
svcpl 0x424d,1
"cmpmi pc, 0x4e00",1
"ldrbmi r5, [r0, -0x954]",1
"subpl r4, r1, pc, asr sp",1
svcpl 0x4f545f,1
invalid,1
"stmdbmi sb, {r0, r1, r4, r6, r8, sb, lr} ^",1
"mcrrmi p15, 0, r5, lr, c0",1
"mcrrmi p4, 5, r5, r5, c15",1
svcmi 0x485045,1
"ldmdbmi pc, {r1, r2, r3, r6, r8, sl, lr} ^",1
"cmppl pc, 0x4e000000",1
"movtmi r4, 0x5c45",1
"mrcmi p0, 2, r0, c15, c4, 2",1
"strbpl r5, [lr, -0xf4c]",1
"movtmi r5, 0xcf4d",1
"mcrmi p13, 2, r4, c15, c15, 2",1
"subpl r5, r1, 0x45000000",1
svcpl 0x5f0059,1
"movtpl r5, 0x3f50",1
"ldrbmi r5, [r2, -0x5f]",1
"strbmi r4, [r4, -0x543]",1
svcpl 0x5f0053,1
"ldrbpl r4, [r3], -0xf4e",1
"mrcmi p0, 2, r0, c15, c2, 2",1
"cmpmi r0, ip, asr 30",1
svcpl 0x524550,1
"strbmi r4, [sb, -r8, asr 10]",1
svcpl 0x5448,1
"ldmdbmi pc, {r1, r2, r3, r6, sl, fp, lr} ^",1
"strbpl r4, [lr], -0x544",1
"movtmi r4, 0x9649",1
svcmi 0x495441,1
invalid,1
"cmpmi r5, lr, asr 14",1
svcpl 0x4547,1
svcmi 0x52475f,1
"mcrmi p0, 2, r5, c9, c5, 2",1
"cdpmi p0, 5, c0, c15, c7, 2",1
"strbpl r5, [lr, -0xf4c]",1
svcpl 0x5f004d,1
invalid,1
"strbvs r6, [lr, -r4, ror 18]!",1
"ldclvs p2, c7, [r0], -0",1
"stclvs p6, c6, [r6], -0x17c",1
"rsbeq r7, r8, r5, ror r3",1
"strbvs r7, [r5, -0x36c]!",1
"stmdbvs ip!, {r0, r1, r3, r5, r6} ^",1
invalid,1
"ldrbvs r6, [r3, -0xf6c]!",1
invalid,1
blvs 0x1971a04,1
"movwvc r3, 0x436",1
"strbtvs r7, [r5], -0x661",1
"rsbsvc r6, r2, 0x17c00000",1
invalid,1
"strtvs r6, [pc], -sb, ror 4",1
"cmnvc r5, 0x6600            ; ""ILE exists and has a size greater than zero\n""",1
"rsbeq r2, r3, r8, ror 28",1
invalid,1
"mrcvs p15, 3, r5, c5, c2, 3",1
"cmnvs r4, 0x19c00000",1
"uhsaxvs r6, r5, pc",1
svcpl 0x726566,1
invalid,1
"ldmdbvs r6!, {r0, r2, r5, r6, sb, ip, sp, lr} ^",1
"subsvc r6, pc, lr, ror 14",1
"strbtvc r7, [sb], -0x36f",1
"rsbeq r6, lr, sb, ror 30",1
svcpl 0x6c7072,1
"strbvs r7, [r5, -0x366]!",1
invalid,1
"strtvs r6, [pc], -sb, ror 4",1
blvs 0x1971a5c,1
"rsbeq r2, r3, pc, ror 28",1
"mcrvs p8, 3, r6, c5, c7, 3",1
"strvs r6, [r0], -r3, ror 10",1
blvs 0x1971a6c,1
"eorseq r3, r4, pc, ror 12",1
"stmdbvs r4!, {r0, r1, r2, r3, r4, r6, r8, sb, sl, fp, ip, lr} ^",1
invalid,1
"ldrbvs r5, [pc, -r0, lsl 30] ; [0x184b0:4]=0x7669646c",1
"ldrbvc r7, [0x00017f46]     ; [0x17f46:4]=0x335f50",1
"strbtvc r6, [sb], -ip, ror 8",1
svcpl 0x646f6d,1
"rsbvc r6, ip, r8, ror 10",1
"andvc r7, r0, 0x50000006",1
"stmdbvs r1!, {r0, r2, r5, r6, r8, sl, fp, sp, lr} ^",1
"rsbvc r6, r5, 0x6e000000",1
svcvs 0x682f00,1
bvs 0xbf1a88,1
blvs 0x1cb5a60,1
"stmdbvc pc!, {r0, r2, r5, r6, sl, ip, sp, lr}",1
svcvs 0x74636f,1
"ldmdbvs r5!, {r0, r1, r2, r3, r5, sb, sp, lr} ^",1
"strtvc r6, [pc], -0x46c",1
"strvc r7, [pc, -sp, rrx]!",1
"stclhs p2, c7, [fp, -0x1bc]!",1
"rsbvc r6, r1, 0x730000",1
"strvs r6, [pc, -r5, ror 8]!",1
"strtlo r6, [sp], -0x363",1
"eorlo r3, lr, 0xb80000",1
"eorslo r7, r2, sp, lsr 4",1
invalid,1
"strlo r3, [lr, -sp, lsr 8]!",1
"stcvs p2, c3, [pc], -0xb8",1
invalid,1
svcvs 0x632f63,1
"strbvs r6, [sb, -lr, ror 12]!",1
"ldclvs p1, c6, [r2, -0xbc]!",1
"cmnvs r0, pc, lsr 4",1
invalid,1
"ldrbvs r5, [pc, -r0, lsl 30] ; [0x1852c:4]=0x6d766964",1
"mrrcvs p5, 6, r7, pc, c14",1
"ldclvs p9, c6, [r6, -0x190]!",1
"ldmdavs pc, {r0, r1, r2, r3, r5, r6, sl, sp, lr} ^",1
"ldrbvs r6, [r0, -0xc65]!",1
svcpl 0x5f0072,1
"uqsub16vc r6, sb, r5",1
"eorseq r6, r3, r4, ror 18",1
"strbtvc r7, [pc], -0x571",1
"strbtvc r6, [lr], -0x569",1
"ldrbvc r4, [r7, -0x400]",1
"cdpvs p9, 6, c6, c15, c14, 3",1
"stclvs p3, c6, [0x0001855c]!",1
"stmdavc r5!, {r4, r5, r6, sl, fp, sp, lr} ^",1
svcvs 0x6c6620,1
svchs 0x7461,1
"strbvs r6, [sp, -0xf68]!",1
"strbvc r6, [r2, -0xa2f]!",1
"strbtvc r6, [r5], -0xb72",1
invalid,1
"eorvs r6, pc, 116, 30",1
"strbtvs r6, [ip], -0x975",1
"rsbvc r7, sp, pc, lsr 8",1
"rsbvc r7, pc, 0xbc0000",1
"ldmdavs r3!, {r0, r1, r3, r5, r6, r8, sl, fp, sp} ^",1
"strbtvs r7, [r5], -0x261",1
invalid,1
"strlo r3, [lr, -sp, lsr 8]!",1
"eorvc r3, sp, 0xe0000002",1
invalid,1
"strtlo r6, [sp], -0x363",1
"eorlo r3, lr, 0xb80000",1
"rsbvs r6, sb, 0x2f00",1
svchs 0x636367,1
"strbvs r6, [r2, -ip, ror 18]!",1
"cdphs p3, 3, c6, c2, c3, 3",1
svcpl 0x5f0063,1
svcpl 0x3064,1
"eorseq r6, r1, pc, asr r4",1
"stclvs p8, c6, [0x0001850c]!",1
"rsbvs r2, sl, 0x194",1
"strbvs r7, [fp, -0x275]!",1
svcvs 0x792f74,1
svchs 0x6f7463,1
"stclvs p5, c7, [sb], -0x188",1
"ldclvs p15, c2, [r4, -0x190]!",1
svcvs 0x772f70,1
invalid,1
invalid,1
"ldrbtvs r2, [r6], -r1, ror 26",1
"strbvs r2, [lr, -0xd70]!",1
"eorvc r6, sp, pc, ror 28",1
invalid,1
"strbvc r6, [lr, -0x96c]!",1
"mcrvs p13, 3, r2, c7, c8, 3",1
"rsbvs r6, r1, 0x1d400000",1
"stmdbvs ip!, {r0, r3, r5, r6, r8, sb, sl, fp, sp} ^",1
invalid,1
"strlo r3, [lr, -pc, lsr 8]!",1
"eorvc r3, sp, 0xe0000002",1
"eorvs r3, pc, 0x32",1
"strbtvs r6, [ip], -0x975",1
"rsbvs r6, sb, 0x2f00",1
"rsbeq r6, r3, r7, ror 6",1
"stmdavs r7!, {r3, r5, r6, r8, fp, sp, lr} ^",1
"ldrbvc r5, [pc], -0xf00     ; [0x18630:4]=0x5f003174",1
svcpl 0x5f0030,1
svcpl 0x3174,1
"eorseq r7, r2, pc, asr r4",1
"ldrbtvc r5, [r3], -0x744",1
"strbtvc r7, [r3], -0x572",1
"stmdbmi r4, {r8, sl, ip, lr} ^",1
"ldrbvs r7, [r0, -0x974]!",1
"cmpvc pc, r0, lsl 30",1
svcpl 0x5f0030,1
"movwvs r3, 0x171",1
"ldclvs p13, c6, [r0], -0x1bc",1
"strtvs r7, [r0], -0x865",1
"stclvs p5, c7, [r2], -0x1bc",1
svcpl 0x5f0065,1
"uqsub16vc r6, sb, r5",1
"strbtvs r6, [r4], -0xf6d",1
"strpl r3, [r0, -0x469]",1
"ldmdbvc r4!, {r0, r1, r4, r6, r8, fp, lr} ^",1
svcpl 0x6570,1
"eorseq r7, r0, pc, asr r2",1
"cmnlo r2, pc, asr pc",1
"strbtvc r6, [lr], -r0, lsl 10",1
svcpl 0x5f0070,1
invalid,1
"ldrbvc r6, [r3, -0x35f]!",1
"stmdbvs lr!, {r0, r1, r2, r3, r4, r6, r8, fp, sp, lr} ^",1
"stclvs p0, c0, [r5], -0x1d0",1
"cdpvs p13, 6, c2, c9, c6, 3",1
invalid,1
"ldmdbvs pc, {r8, sb, sl, fp, ip, lr} ^",1
svcpl 0x74696e,1
"cmnvs r2, r1, ror 4",1
"ldrbtvc r5, [r3], -0xf79",1
"rsbseq r7, r4, r1, ror 4",1
"mcrvs p15, 3, r5, c9, c15, 2",1
"cmpvs pc, sb, ror 8",1
"stmdbvc r1!, {r1, r4, r5, r6, sb, ip, sp, lr} ^",1
"strbtvs r6, [lr], -0x55f",1
"mrrcvs p15, 0, r5, pc, c0",1
svcpl 0x636269,1
svcpl 0x757363,1
"stmdbvs lr!, {r1, r2, r5, r6, r8, fp, sp, lr} ^",1
"cmpvs pc, 0, 30",1
"cmpvs pc, r8, ror r1",1
"ldmdbvs r8!, {r2, r4, r5, r6, r8, sl, sp, lr} ^",1
svcpl 0x5f0074,1
svcpl 0x6f7364,1
"strbtvs r6, [lr], -0x168",1
svchs 0x656c,1
"strbvs r6, [sp, -0xf68]!",1
"strbvc r6, [r2, -0xa2f]!",1
"strbtvc r6, [r5], -0xb72",1
invalid,1
"eorvs r6, pc, 116, 30",1
"strbtvs r6, [ip], -0x975",1
"rsbvc r7, sp, pc, lsr 8",1
"rsbvc r7, pc, 0xbc0000",1
"rsbvc r2, r1, 0x1ac",1
"teqvs r7, sp, ror 12",1
"rsbvc r7, r6, sp, lsr 12",1
svcvs 0x656e2d,1
svcvs 0x702d6e,1
"stcvs p9, c7, [sp], -0x1ac",1
"ldmdavc r5!, {r0, r3, r5, r6, sb, sl, fp, sp, lr} ^",1
"strbvc r6, [lr, -0x72d]!",1
"stmdbvs r2!, {r0, r2, r5, r6, r8, sp, lr} ^",1
"stclvs p5, c6, [r7], -0xbc",1
svchs 0x636269,1
invalid,1
svchs 0x33722d,1
"stmdbvs ip!, {r0, r2, r5, r6, r8, sb, sl, sp, lr} ^",1
"eorlo r6, sp, 0x88000001",1
svchs 0x37312e,1
invalid,1
"ldrbtvs r7, [r4], -0x32f",1
"rsbeq r6, r2, ip, ror 18",1
"stmdavc r5!, {r0, r5, r6, sl, ip, sp, lr} ^",1
invalid,1
"cdpvs p6, 7, c6, c5, c0, 0",1
"andeq r0, r0, r3, rrx",1
invalid,1
"andeq r0, r1, r0",1
"andeq r6, r1, r0, asr r4",1
"andeq r6, r1, r0, lsl 24",1
"vshl.u8 d0, d0, d0",1
"ldcvs p0, c5, [pc], {1}",1
"andvc r0, r0, r1",1
invalid,1
"cmneq r0, r0",1
"cmneq r4, r0",1
"andeq r0, r4, r0",1
svcls 0x5001f3,1
"andeq r0, r0, r4, ror r1",1
"andeq r0, r0, r8, ror r1",1
"ldmdavc r0, {r0} ^",1
invalid,1
"streq r0, [r0], -1",1
"andpl pc, r1, r0, lsl 6",1
"muleq r1, pc, ip",1
"andeq r8, r1, r0",1
"andpl r0, r0, r0, lsl 2",1
"andeq r0, r0, r0, lsl 3",1
"andeq r0, r0, r4, lsl 3",1
invalid,1
"orreq sb, r4, r0, asr pc",1
"orreq r0, r8, r0",1
"andeq r0, r1, r0",1
"andeq r8, r1, r0, asr r8",1
"andeq r8, r1, r0, lsl 24",1
"vshl.u8 d0, d0, d0",1
"ldchi p0, c5, [pc], {1}",1
"andls r0, r0, r1",1
invalid,1
"orrseq r5, r0, r0",1
"orrseq r0, r4, r0",1
"andeq r0, r4, r0",1
svcls 0x5001f3,1
"muleq r0, r4, r1",1
"muleq r0, r8, r1",1
"ldmdals r0, {r0} ^",1
invalid,1
"streq r0, [r0], -1",1
"andpl pc, r1, r0, lsl 6",1
"muleq r1, pc, ip",1
"andeq sl, r1, r0",1
"andpl r0, r0, r0, lsl 2",1
"andeq r0, r0, r0, lsr 3",1
"andeq r0, r0, r4, lsr 3",1
invalid,1
invalid,1
"moveq r0, r0",1
"andeq r0, r1, r0",1
"andeq sl, r1, r0, asr r8",1
"andeq sl, r1, r0, lsl 24",1
"vshl.u8 d0, d0, d0",1
"ldcge p0, c5, [pc], {1}",1
"andlt r0, r0, r1",1
invalid,1
"movseq r5, r0",1
"movseq r0, r0",1
"andeq r0, r4, r0",1
svcls 0x5001f3,1
"strheq r0, [r0], -r4",1
"strheq r0, [r0], -r8",1
"ldmdalt r0, {r0} ^",1
invalid,1
"streq r0, [r0], -1",1
"andpl pc, r1, r0, lsl 6",1
"muleq r1, pc, ip",1
"andeq ip, r1, r0",1
"andpl r0, r0, r0, lsl 2",1
"andeq r0, r0, r0, asr 3",1
"andeq r0, r0, r4, asr 3",1
invalid,1
"biceq sb, r4, r0, asr pc",1
invalid,1
"andeq r0, r1, r0",1
"andeq r0, r0, r0, asr r0",1
"andeq r0, r0, r0",1
"andeq r0, r0, r0, lsl 8",1
"andeq r0, r0, r0, lsl 16",1
"movwvc r0, 0x300",1
"andeq sb, r8, r3, asr 30",1
"andeq r0, ip, r0",1
"andeq r0, r1, r0",1
"andeq r0, r0, r2, asr ip",1
"andeq r1, r0, r0",1
"andvc r0, r0, r0, lsl 16",1
"stmdaeq r1, {r0, sl, ip, pc}",1
"ldrshne r1, [pc], pc        ; [0x188d8:4]=0x1000000",1
invalid,1
invalid,1
invalid,1
"cmneq r4, r0",1
"andeq r0, r1, r0",1
"andeq r0, r0, r1, asr r0",1
"andeq r0, r0, r0",1
"andeq r1, r0, r0, lsl 16",1
"andeq r6, r1, r0, lsl 24",1
"andlo r0, r0, 0, 4",1
"muleq r1, pc, r4",1
"andeq pc, r1, r0, lsl 24",1
"andlo r0, r0, 0, 4",1
"muleq r0, pc, r0",1
"andeq r0, r0, r0",1
"andeq r1, r0, r0, lsl 16",1
"andeq r6, r1, r0, lsl 8",1
"andpl r0, r0, r0, lsl 2",1
"andeq r0, r0, r4, ror 2",1
"andeq r0, r0, ip, ror 2",1
invalid,1
"cmneq r4, r0, asr pc",1
"cmneq r8, r0",1
"andeq r0, r1, r0",1
"andeq r7, r1, r0, asr r8",1
"andeq r7, r1, r0, lsl 24",1
"vshl.u8 d0, d0, d0",1
"ldcvc p0, c5, [pc], {1}",1
"andhi r0, r0, r1",1
invalid,1
"orreq r5, r0, r0",1
"orreq r0, r4, r0",1
"andeq r0, r4, r0",1
svcls 0x5001f3,1
"andeq r0, r0, r4, lsl 3",1
"andeq r0, r0, r8, lsl 3",1
"ldmdahi r0, {r0} ^",1
invalid,1
"streq r0, [r0], -1",1
"andpl pc, r1, r0, lsl 6",1
"muleq r1, pc, ip",1
"andeq sb, r1, r0",1
"andpl r0, r0, r0, lsl 2",1
"muleq r0, r0, r1",1
"muleq r0, r4, r1",1
invalid,1
"orrseq sb, r4, r0, asr pc",1
"orrseq r0, r8, r0",1
"andeq r0, r1, r0",1
"andeq sb, r1, r0, asr r8",1
"andeq sb, r1, r0, lsl 24",1
"vshl.u8 d0, d0, d0",1
"ldcls p0, c5, [pc], {1}",1
"andge r0, r0, r1",1
invalid,1
"moveq r5, r0",1
"moveq r0, r0",1
"andeq r0, r4, r0",1
svcls 0x5001f3,1
"andeq r0, r0, r4, lsr 3",1
"andeq r0, r0, r8, lsr 3",1
"ldmdage r0, {r0} ^",1
invalid,1
"streq r0, [r0], -1",1
"andpl pc, r1, r0, lsl 6",1
"muleq r1, pc, ip",1
"andeq fp, r1, r0",1
"andpl r0, r0, r0, lsl 2",1
"strheq r0, [r0], -r0",1
"strheq r0, [r0], -r4",1
invalid,1
invalid,1
"movseq r0, r0",1
"andeq r0, r1, r0",1
"andeq fp, r1, r0, asr r8",1
"andeq fp, r1, r0, lsl 24",1
"vshl.u8 d0, d0, d0",1
"ldclt p0, c5, [pc], {1}",1
"andgt r0, r0, r1",1
invalid,1
"biceq r5, r0, r0",1
"biceq r0, r4, r0",1
"andeq r0, r4, r0",1
svcls 0x5001f3,1
"andeq r0, r0, r4, asr 3",1
"strdeq r0, r1, [r0], -ip",1
"subseq r0, r0, r1",1
"andeq r0, r0, r0",1
invalid,1
"andhs r0, r0, r0",1
"movweq r0, 0",1
svcls 0x5f7300,1
"andeq r0, r0, r0, lsr 32",1
"andeq r0, r0, r4, lsr 32",1
"cmneq r0, fp",1
invalid,1
"ldcne p8, c0, [sp], -0x68",1
"muleq r0, pc, r4",1
"andeq r2, r0, r0, lsl 24",1
"mrsvc r0, lr_irq",1
"eoreq sb, ip, r3, asr 30",1
"eorseq r0, r0, r0",1
"andeq r0, r8, r0",1
"orrseq r0, r4, r0, ror r2",1
svcls 0x1aff08,1
"andeq r0, r0, r0, lsr r0",1
"andeq r0, r0, r8, lsr r0",1
"ldrbvc r0, [r1], -1",1
invalid,1
invalid,1
"andeq r5, r0, r0, lsl 2",1
"andeq r0, r0, r0",1
"eorseq r0, r8, r0",1
invalid,1
"andeq r0, r2, r0",1
"cmneq ip, r2, lsr pc",1
invalid,1
"andeq r0, r2, r0",1
"andeq sb, r0, r2, lsr pc",1
"andeq r0, r0, r0",1
"eorseq r0, r8, r0",1
invalid,1
"andeq r0, r1, r0",1
"andeq r6, r1, r0, asr r4",1
"andeq r6, r1, r0, lsl 24",1
"vshl.u8 d0, d0, d0",1
"ldcvc p0, c5, [pc], {1}",1
"andhi r0, r0, r1",1
invalid,1
"orreq r5, r0, r0",1
"orreq r0, r4, r0",1
"andeq r0, r4, r0",1
svcls 0x5001f3,1
"andeq r0, r0, r4, lsl 3",1
"andeq r0, r0, r8, lsl 3",1
"ldmdahi r0, {r0} ^",1
invalid,1
"streq r0, [r0], -1",1
"andpl pc, r1, r0, lsl 6",1
"muleq r1, pc, ip",1
"andeq sb, r1, r0",1
"andpl r0, r0, r0, lsl 2",1
"muleq r0, r0, r1",1
"muleq r0, r4, r1",1
invalid,1
"orrseq sb, r4, r0, asr pc",1
"orrseq r0, r8, r0",1
"andeq r0, r1, r0",1
"andeq sb, r1, r0, asr r8",1
"andeq sb, r1, r0, lsl 24",1
"vshl.u8 d0, d0, d0",1
"ldcls p0, c5, [pc], {1}",1
"andge r0, r0, r1",1
invalid,1
"moveq r5, r0",1
"moveq r0, r0",1
"andeq r0, r4, r0",1
svcls 0x5001f3,1
"andeq r0, r0, r4, lsr 3",1
"andeq r0, r0, r8, lsr 3",1
"ldmdage r0, {r0} ^",1
invalid,1
"streq r0, [r0], -1",1
"andpl pc, r1, r0, lsl 6",1
"muleq r1, pc, ip",1
"andeq fp, r1, r0",1
"andpl r0, r0, r0, lsl 2",1
"strheq r0, [r0], -r0",1
"strheq r0, [r0], -r4",1
invalid,1
invalid,1
"movseq r0, r0",1
"andeq r0, r1, r0",1
"andeq fp, r1, r0, asr r8",1
"andeq fp, r1, r0, lsl 24",1
"vshl.u8 d0, d0, d0",1
"ldclt p0, c5, [pc], {1}",1
"andgt r0, r0, r1",1
invalid,1
"biceq r5, r0, r0",1
"biceq r0, r4, r0",1
"andeq r0, r4, r0",1
svcls 0x5001f3,1
"andeq r0, r0, r4, asr 3",1
"strdeq r0, r1, [r0], -ip",1
"subseq r0, r0, r1",1
"andeq r0, r0, r0",1
invalid,1
"andmi r0, r0, r0",1
invalid,1
"subeq r5, r0, r0, lsl 4",1
"subeq r0, r4, r0",1
"andeq r0, fp, r0",1
"orrseq r0, r4, r0, ror r1",1
"ldmdaeq sl, {r3, r8, sb, sl, fp, ip, sp, lr, pc}",1
"ldrmi r1, [pc], 0xc3d       ; [0x18be8:4]=0x3000000",1
invalid,1
"movweq r0, 0",1
svcls 0x437200,1
"andeq r0, r0, ip, asr 32",1
"andeq r0, r0, r0, asr r0",1
"rsbseq r0, r0, 8",1
invalid,1
"subseq sb, r0, sl, lsl pc",1
"subseq r0, r8, r0",1
"andeq r0, r1, r0",1
"andeq r7, r1, r2, asr ip",1
"andeq r8, r1, r0, lsl 8",1
"andpl r0, r0, 0, 2",1
"andeq r0, r0, r0",1
"andeq r0, r0, r0",1
"andeq r0, r0, r8, asr r0",1
"andeq r0, r0, ip, ror 2",1
svcls 0x330002,1
"andeq r0, r0, r4, lsl 3",1
"strdeq r0, r1, [r0], -ip",1
svcls 0x330002,1
"andeq r0, r0, r0",1
"andeq r0, r0, r0",1
"andeq r0, r0, r8, asr r0",1
"andeq r0, r0, r4, ror 2",1
"ldrbvs r0, [r0], -1",1
invalid,1
"streq r0, [r0], -1",1
"andpl pc, r1, r0, lsl 6",1
"muleq r1, pc, r4",1
"andeq r8, r1, r0, lsl 16",1
"andpl r0, r0, r0, lsl 2",1
"andeq r0, r0, r8, lsl 3",1
"andeq r0, r0, ip, lsl 3",1
invalid,1
"orreq sb, ip, r0, asr pc",1
"orrseq r0, r0, r0",1
"andeq r0, r1, r0",1
"andeq sb, r1, r0, asr r0",1
"andeq sb, r1, r0, lsl 8",1
"vshl.u8 d0, d0, d0",1
"ldrls r5, [pc], 1           ; [0x18c90:4]=0x1000001",1
"stmdals r0, {r0}",1
invalid,1
"orrseq r5, r8, r0",1
"orrseq r0, ip, r0",1
"andeq r0, r4, r0",1
svcls 0x5001f3,1
"muleq r0, ip, r1",1
"andeq r0, r0, r0, lsr 3",1
"subsge r0, r0, r1",1
"strge r0, [r0], -1",1
"streq r0, [r0], -1",1
"andpl pc, r1, r0, lsl 6",1
"muleq r1, pc, r4",1
"andeq sl, r1, r0, lsl 16",1
"andpl r0, r0, r0, lsl 2",1
"andeq r0, r0, r8, lsr 3",1
"andeq r0, r0, ip, lsr 3",1
invalid,1
invalid,1
"movseq r0, r0",1
"andeq r0, r1, r0",1
"andeq fp, r1, r0, asr r0",1
"andeq fp, r1, r0, lsl 8",1
"vshl.u8 d0, d0, d0",1
"ldrlt r5, [pc], 1           ; [0x18cf4:4]=0x1000001",1
"stmdalt r0, {r0}",1
invalid,1
invalid,1
"movseq r0, r0",1
"andeq r0, r4, r0",1
svcls 0x5001f3,1
"strheq r0, [r0], -ip",1
"andeq r0, r0, r0, asr 3",1
"subsgt r0, r0, r1",1
"strgt r0, [r0], -1",1
"streq r0, [r0], -1",1
"andpl pc, r1, r0, lsl 6",1
"muleq r1, pc, r4",1
"andeq pc, r1, r0, lsl 24",1
"andpl r0, r0, r0, lsl 2",1
"andeq r0, r0, r0",1
"andeq r0, r0, r0",1
"andeq r0, r0, r8, asr r0",1
"andeq r0, r0, ip, asr r0",1
"cmnpl r3, 3",1
"muleq r0, pc, ip",1
"andeq r6, r0, r0, lsl 8",1
"movwpl r0, 0x100",1
"andeq r0, r0, r4, rrx",1
"andeq r0, r0, ip, rrx",1
"rsbseq r0, r3, sb",1
"ldmdaeq sl, {r3, r8, sb, sl, fp, ip, sp, lr, pc}",1
"ldcvs p12, c1, [pc], {0x6e}",1
"andvc r0, r0, r0",1
bleq 0x18d6c,1
"strls r7, [r2], -0",1
bne 0xfffdad78,1
svcls 0x1c7408,1
"andeq r0, r0, r0, ror r0",1
"andeq r0, r0, r8, ror r0",1
"ldclhi p0, c0, [r2], -0x10",1
"rsbseq sb, r8, pc, ror pc",1
"rsbseq r0, ip, r0",1
"andeq r0, r8, r0",1
"orrseq r0, r4, r0, ror r3",1
svcls 0x1aff08,1
"andeq r0, r0, ip, ror r0",1
"andeq r0, r0, r8, lsl 1",1
"ldmdahi r2, {r0} ^",1
invalid,1
invalid,1
"stmdaeq r0, {r8, sb, ip, sp, lr}",1
invalid,1
"orreq sb, r4, ip, lsl pc",1
"orreq r0, ip, r0",1
"andeq r0, r1, r0",1
"andeq r8, r1, r2, asr ip",1
"andeq sb, r1, r0, lsl 8",1
"movwvc r0, 0x900",1
bne 0xfffdadd0,1
svcls 0x1c6e08,1
"andeq r0, r0, r0",1
"andeq r0, r0, r0",1
"andeq r0, r0, r8, lsl 1",1
"muleq r0, r0, r0",1
"rsbseq r0, r3, sb",1
"ldmdaeq sl, {r3, r8, sb, sl, fp, ip, sp, lr, pc}",1
"addsls r1, pc, pc, ror 24",1
"strls r0, [r0], -0",1
bleq 0x18df8,1
"strls r7, [r2], -0",1
bne 0xfffdae04,1
svcls 0x1c7408,1
"muleq r0, r4, r0",1
"muleq r0, ip, r0",1
"ldclhi p0, c0, [r2], -0x10",1
"addseq sb, ip, pc, ror pc",1
"adceq r0, r0, r0",1
"andeq r0, r8, r0",1
"orrseq r0, r4, r0, ror r3",1
svcls 0x1aff08,1
"andeq r0, r0, r0, lsr 1",1
"andeq r0, r0, ip, lsr 1",1
"mrrchi p0, 0, r0, r2, c1",1
"strls r0, [r0], -1",1
invalid,1
"andeq r5, r0, r0, lsl 4",1
"andeq r0, r0, r0",1
"adceq r0, ip, r0",1
"adcseq r0, r4, r0",1
"andeq r0, sb, r0",1
invalid,1
"stclne p8, c0, [r5], -0x68",1
"muleq r0, pc, r4",1
"andeq fp, r0, r0, lsl 16",1
"andvc r0, r0, r0, lsl 22",1
"stmdaeq r1, {r1, sl, ip, pc}",1
invalid,1
"adcseq sb, r8, ip, lsl pc",1
"sbceq r0, r0, r0",1
"andeq r0, r4, r0",1
svcls 0x7f9a72,1
"andeq r0, r0, r0, asr 1",1
"andeq r0, r0, r4, asr 1",1
"cmneq r0, 8",1
invalid,1
"sbceq sb, r4, sl, lsl pc",1
"sbcseq r0, r0, r0",1
"andeq r0, r1, r0",1
"andeq sb, r1, r2, asr r4",1
"andeq sb, r1, r0, lsl 24",1
"andpl r0, r0, 0, 2",1
"andeq r0, r0, r0",1
"andeq r0, r0, r0",1
"andeq r0, r0, r0, ror 1",1
"andeq r0, r0, r4, ror 1",1
"rsbseq r0, r0, 0xb",1
invalid,1
"stclne p8, c0, [r5], -0x68",1
"muleq r0, pc, r4",1
"andeq lr, r0, r0, lsl 24",1
"andvc r0, r0, 0, 8",1
"ldc p15, c7, [pc], {0x9b}",1
invalid,1
invalid,1
"strls r7, [r3], -0",1
bne 0xfffdaee0,1
"muleq r0, pc, r0",1
"andeq pc, r0, r0, lsl 24",1
"andpl r0, r0, 0, 2",1
"andeq r0, r0, r4, lsr 3",1
"andeq r0, r0, ip, lsr 3",1
"ldrble r0, [r2], -1",1
"and r0, r0, r1",1
"stmdbeq r0, {r0}",1
"stmdaeq r0, {r8, sb, ip, sp, lr}",1
invalid,1
"andeq sb, r0, ip, lsl pc",1
"andeq r0, r0, r0",1
"rscseq r0, ip, r0",1
invalid,1
"andeq r0, sb, r0",1
invalid,1
"stclne p8, c0, [ip], -0x68",1
"muleq r1, pc, r4",1
"andeq r0, r1, r0, lsl 16",1
"andvc r0, r0, r0, lsl 22",1
"stmdaeq r1, {r1, sl, ip, pc}",1
"strvc r1, [r8], -0xaff",1
invalid,1
"tsteq r0, r0",1
"andeq r0, r4, r0",1
svcls 0x7f8c72,1
"andeq r0, r0, r0, lsl r1",1
"andeq r0, r0, r4, lsl r1",1
"cmneq r0, 8",1
invalid,1
"tsteq r4, sl, lsl pc",1
invalid,1
"andeq r0, r1, r0",1
"andeq sl, r1, r2, asr ip",1
"andeq fp, r1, r0, lsl 8",1
"andpl r0, r0, 0, 2",1
"andeq r0, r0, r0",1
"andeq r0, r0, r0",1
"andeq r0, r0, r0, lsr r1",1
"andeq r0, r0, r4, lsr r1",1
"rsbseq r0, r0, 0xb",1
invalid,1
"ldclne p8, c0, [r4], -0x68",1
"muleq r1, pc, r4",1
"andeq r3, r1, r0, lsl 24",1
"movwvc r0, 0x400",1
"ldclo p15, c7, [pc], {0x8c}",1
"andmi r0, r0, r1",1
"stmdaeq r0, {r0}",1
"strls r7, [r3], -0",1
bne 0xfffdafac,1
"muleq r1, pc, r0",1
"andeq r4, r1, r0, lsl 24",1
"movwpl r0, 0x100",1
"strheq r0, [r0], -ip",1
"andeq r0, r0, r4, asr 3",1
invalid,1
invalid,1
"stmdbeq r0, {r0}",1
"stmdaeq r0, {r8, sb, ip, sp, lr}",1
invalid,1
"andeq sb, r0, ip, lsl pc",1
"andeq r0, r0, r0",1
"mrseq r0, spsr",1
"cmpeq r0, r0",1
"andeq r0, r4, r0",1
svcls 0x7f9973,1
"andeq r0, r0, r0, asr r1",1
"andeq r0, r0, r4, asr r1",1
"ldmdapl r3, {r0} ^",1
invalid,1
"streq r0, [r0], -1",1
svcvc 0x9b7300,1
"muleq r1, pc, ip",1
"andeq r6, r1, r0, lsl 24",1
"movwpl r0, 0x100",1
"andeq r0, r0, r0",1
"andeq r0, r0, r0",1
"ldrdeq r0, r1, [r0], -r0",1
"ldrdeq r0, r1, [r0], -r4",1
"cmneq r0, 8",1
invalid,1
"sbcseq sb, r4, sl, lsl pc",1
"rsceq r0, r0, r0",1
"andeq r0, r1, r0",1
"andeq lr, r0, r2, asr r0",1
"andeq pc, r0, r0, lsl 24",1
"movwvc r0, 0x900",1
bne 0xfffdb040,1
svcls 0x1c6508,1
"muleq r0, ip, r1",1
"andeq r0, r0, r4, lsr 3",1
"ldrbge r0, [r2], -1",1
invalid,1
"stmdbeq r0, {r0}",1
"stmdaeq r0, {r8, sb, ip, sp, lr}",1
"strvs r1, [r8, -0xaff]",1
"biceq sb, r4, ip, lsl pc",1
"biceq r0, r8, r0",1
"andeq r0, fp, r0",1
"orrseq r0, r4, r0, ror r2",1
"ldmdaeq sl, {r3, r8, sb, sl, fp, ip, sp, lr, pc}",1
"ldmgt pc, {r0, r4, r5, r6, sl, fp, ip}",1
"strle r0, [r0], -1",1
"streq r0, [r0], -1",1
svcvc 0x8f7200,1
"muleq r1, pc, r4",1
"andeq lr, r1, r0",1
"movwvc r0, 0x900",1
bne 0xfffdb094,1
svcls 0x1c6508,1
"andeq r0, r0, r0",1
"andeq r0, r0, r0",1
"andeq r0, r0, r0, lsr 2",1
"andeq r0, r0, r4, lsr 2",1
"cmneq r0, 8",1
invalid,1
invalid,1
"teqeq r0, r0",1
"andeq r0, r1, r0",1
"andeq r3, r1, r2, asr r0",1
"andeq r3, r1, r0, lsl 8",1
"movwvc r0, 0x900",1
bne 0xfffdb0cc,1
svcls 0x1c6c08,1
"andeq r0, r0, r4, lsr r1",1
"andeq r0, r0, ip, asr 2",1
"cmneq r0, fp",1
invalid,1
"stclne p8, c0, [ip], -0x68",1
"muleq r1, pc, r4",1
"andeq fp, r1, r0, lsl 24",1
"andpl r0, r0, 0, 2",1
"strheq r0, [r0], -ip",1
"andeq r0, r0, r0, asr 3",1
"cmneq r0, fp",1
invalid,1
"stclne p8, c0, [ip], -0x68",1
"muleq r1, pc, r0",1
"andeq ip, r1, r0, lsl 8",1
"vcge.f32 d0, d0, d0",1
invalid,1
invalid,1
"stclne p8, c0, [ip], -0x68",1
"muleq r1, pc, r0",1
"andeq lr, r1, r0, lsl 8",1
"andvc r0, r0, r0, lsl 22",1
"stmdaeq r1, {r1, sl, ip, pc}",1
"strvs r1, [r8, -0xaff]",1
invalid,1
"mvnseq r0, r0",1
"andeq r0, r4, r0",1
svcls 0x7f9b72,1
"strdeq r0, r1, [r0], -r0",1
"strdeq r0, r1, [r0], -ip",1
"rsbseq r0, r3, sb",1
"ldmdaeq sl, {r3, r8, sb, sl, fp, ip, sp, lr, pc}",1
"addseq r1, pc, ip, ror 24",1
"andeq r0, r0, r0",1
invalid,1
invalid,1
invalid,1
"rscseq r5, r0, 0",1
"rscseq r0, r4, 0",1
"andeq r0, r4, r0",1
svcls 0x5001f3,1
"strdeq r0, r1, [r0], -r4",1
"strdeq r0, r1, [r0], -r8",1
invalid,1
invalid,1
"streq r0, [r0], -2",1
"andpl pc, r1, r0, lsl 6",1
"muleq r2, pc, ip",1
"andeq r0, r3, r0",1
"andpl r0, r0, r0, lsl 2",1
"andeq r0, r0, r0, lsl 6",1
"andeq r0, r0, r4, lsl 6",1
invalid,1
"andeq sb, r0, r0, asr pc",1
"andeq r0, r0, r0",1
"teqeq r0, 0",1
"teqeq r4, 0",1
"andeq r0, r2, r0",1
"teqeq r4, 0x7d",1
"teqeq r8, 0",1
"andeq r0, r2, r0",1
"teqeq r8, 0x7d0000",1
"cmneq r4, 0",1
"andeq r0, r3, r0",1
"andeq pc, r0, sp, ror r0",1
"andeq r0, r0, r0",1
"andlo r0, r0, r0",1
"strmi r0, [r0], -3",1
invalid,1
"movteq r5, 0x4000",1
"movteq r0, 0xf000",1
"andeq r0, r1, r0",1
"andeq r4, r3, r3, asr pc",1
"andeq r7, r3, r0, lsl 8",1
"vshl.u8 d0, d0, d0",1
"addseq r5, pc, r1",1
"andeq r0, r0, r0",1
"andlo r0, r0, r0",1
"stmdami r0, {r0, r1}",1
invalid,1
"movteq r5, 0x8100",1
"cmneq r4, 0",1
"andeq r0, r1, r0",1
"andeq r0, r0, r4, asr r0",1
"andeq r0, r0, r0",1
"andeq r4, r3, r0",1
"andeq r4, r3, r0, lsl 8",1
"andpl r0, r0, r0, lsl 2",1
"andeq r0, r0, r4, asr 6",1
"andeq r0, r0, pc, asr 6",1
svcmi 0x530001,1
"strvc r0, [r0], -3",1
"streq r0, [r0], -3",1
"andpl pc, r1, r0, lsl 6",1
"muleq r0, pc, r0",1
"andeq r0, r0, r0",1
"andeq r7, r3, r0, lsl 8",1
"andeq r7, r3, r0, lsl 16",1
"stcvc p2, c0, [r0, -0]",1
"andeq r7, r3, r0, lsl 16",1
"andeq r0, r4, r0",1
"stcvc p2, c0, [r0, -0]",1
"andeq r0, r0, r8",1
"andeq r0, r0, r0",1
"andeq r7, r3, r0, lsl 8",1
"andeq sb, r3, r0",1
"andpl r0, r0, r0, lsl 2",1
"muleq r0, r0, r3",1
"andeq r0, r0, r0, lsl 8",1
"subseq r0, r6, r1",1
"andeq r0, r0, r0",1
"strvc r0, [r0], -0",1
"strls r0, [r0], -3",1
invalid,1
"orrseq r5, r4, 0, 2",1
"streq r0, [r0], -0",1
"andeq r0, r1, r0",1
"andeq r0, r0, r5, asr r0",1
"andeq r0, r0, r0",1
"andeq r8, r3, r0, lsl 8",1
"andeq sb, r3, r0, lsl 30",1
"strvc r0, [r0], -0x200",1
"andeq r0, r0, r0",1
"andeq r0, r0, r0",1
"andeq sl, r3, r0",1
"andeq fp, r3, r0, lsl 6",1
"strvc r0, [r0], -0x200",1
"andeq r0, r0, r0",1
"andeq r0, r0, r0",1
"andeq fp, r3, r0, lsl 16",1
"andeq sp, r3, r0, lsl 22",1
"andpl r0, r0, r0, lsl 2",1
"andeq r0, r0, r0",1
"andeq r0, r0, r0",1
"andeq r0, r0, r0, lsl 8",1
"andeq r0, r0, r4, lsl 8",1
"rsbseq r0, sp, r2",1
"andeq r0, r0, r4, lsl 8",1
"andeq r0, r0, r4, ror 9",1
"rsbsne r0, sp, r2",1
"andeq r0, r0, r0",1
"andeq r0, r0, r0",1
"andeq r0, r0, r0, lsl 8",1
"andeq r0, r0, fp, lsl 8",1
bleq 0x1419318,1
"str r0, [r0], -4",1
invalid,1
"andeq r5, r0, r0, lsl 8",1
"andeq r0, r0, r0",1
"streq r0, [r8], -0",1
"streq r0, [fp], -0",1
"andeq r0, r1, r0",1
"andeq r0, r4, r0, asr fp",1
"andeq r1, r4, r0, lsl 8",1
"strpl r0, [r0], -0x100",1
"andeq r0, r0, r8, lsl r4",1
"andeq r0, r0, r4, lsr r4",1
"ldrblo r0, [r0], -1",1
invalid,1
invalid,1
"strbeq r5, [ip], -0x300",1
"ldreq r0, [ip], 0",1
"andeq r0, r1, r0",1
"andeq r0, r0, r2, asr r0",1
"andeq r0, r0, r0",1
"andeq r3, r4, r0, lsl 8",1
"andeq r3, r4, r0, lsl 24",1
"movwpl r0, 0x100",1
"andeq r0, r0, ip, lsr r4",1
"strheq r0, [r0], -ip",1
"subseq r0, r0, r1",1
"andeq r0, r0, r0",1
"str r0, [r0], -0",1
"stmda r0, {r2}",1
"andeq r0, r0, 4",1
"stmda r0, {r8, sl, fp, ip, sp, lr}",1
"stmdahs r0, {r2}",1
"andeq r0, r0, 5",1
"andeq r7, r8, r0, lsl 26",1
"andeq r0, r0, r0",1
invalid,1
invalid,1
"andeq r0, r0, 5",1
invalid,1
"stmdapl r0, {r0, r2}",1
"andeq r0, r0, 5",1
"andeq r7, r8, r0, lsl 26",1
"andeq r0, r0, r0",1
invalid,1
"movwpl r0, 5",1
invalid,1
"ldrbeq r5, [r3, -0]",1
"ldrbeq r0, [r8, -0]",1
"andeq r0, r4, r0",1
svcls 0x5001f3,1
"andeq r0, r0, r0",1
"andeq r0, r0, r0",1
"andeq r0, r0, r8, asr r5",1
"andeq r0, r0, ip, asr r5",1
"rsbseq r0, sp, r2",1
"andeq r0, r0, ip, asr r5",1
"andeq r0, r0, ip, ror r5",1
"ldmdaeq sp!, {r1} ^",1
"andeq r0, r0, r0",1
"andeq r0, r0, r0",1
"andeq r0, r0, ip, ror r5",1
"andeq r0, r0, r0, lsl 11",1
"rsbseq r0, sp, r2",1
"andeq r0, r0, r0, lsl 11",1
"andeq r0, r0, r4, lsl 11",1
"ldcleq p0, c0, [sp], -8",1
"andeq r0, r0, r4, lsl 11",1
"andeq r0, r0, r4, ror 23",1
invalid,1
"andeq r0, r0, r0",1
"andeq r0, r0, r0",1
"andeq r7, r6, r0, lsl 24",1
"andeq sl, r6, r0, lsl 8",1
"stcpl p1, c0, [r0, -0]",1
"andeq r0, r0, r0",1
"andeq r0, r0, r0",1
"andeq r0, r0, ip, ror r6",1
"muleq r0, r7, r6",1
"strls r0, [r3], -0xd",1
"streq r0, [r0], -lr, ror 2",1
"ldrths r1, [r2], -0xc31",1
"eoreq r0, r2, r4, ror r0",1
"andeq r0, r0, r0",1
invalid,1
invalid,1
invalid,1
"andeq r5, r0, r0",1
"andeq r0, r0, r0",1
"ldrbeq r0, [ip, -r0]",1
"ldreq r0, [r0, r0]",1
"andeq r0, r3, r0",1
"addseq pc, pc, sb, lsl 30   ; [0x19484:4]=0x20000000",1
"andeq r0, r0, r0",1
"andhs r0, r0, r0",1
"andls r0, r0, r7",1
invalid,1
"andeq r5, r0, r0, lsl 26",1
"andeq r0, r0, r0",1
"streq r0, [r0, -r0]!",1
"ldreq r0, [fp, -r0]!",1
"andeq r0, sp, r0",1
invalid,1
"ldcne p6, c0, [r1], -0",1
"rsbseq r2, r4, r2, lsr r4",1
"andeq r0, r0, r2, lsr 32",1
"andeq r0, r0, r0",1
"andeq sp, r7, r0",1
"andeq r0, r8, r0",1
"andpl r0, r0, r0, lsl 2",1
"andeq r0, r0, r0",1
"andeq r0, r0, r0",1
"ldrdeq r0, r1, [r0], -r0",1
"andeq r0, r0, r4, lsl 16",1
invalid,1
"muleq r0, pc, r0",1
"andeq r0, r0, r0",1
"andeq sb, r7, r0, lsl 8",1
"andeq r0, r8, r0, lsl 8",1
"stcpl p1, c0, [r0, -0]",1
"andeq r0, r0, r0",1
"andeq r0, r0, r0",1
"muleq r0, r4, r7",1
"andeq r0, r0, pc, lsr 15",1
"strls r0, [r3], -0xd",1
"streq r0, [r0], -lr, ror 2",1
"ldrths r1, [r2], -0xc31",1
"eoreq r0, r2, r4, ror r0",1
"andeq r0, r0, r0",1
invalid,1
"andpl r0, r0, r8",1
invalid,1
"andeq r5, r0, r0, lsl 26",1
"andeq r0, r0, r0",1
invalid,1
invalid,1
"andeq r0, sp, r0",1
invalid,1
"ldcne p6, c0, [r1], -0",1
"rsbseq r2, r4, r2, lsr r4",1
"andeq r0, r0, r2, lsr 32",1
"andeq r0, r0, r0",1
"andeq r5, r8, r0, lsl 8",1
"andeq sb, r8, r0, lsl 24",1
"stcpl p1, c0, [r0, -0]",1
"andeq r0, r0, r0",1
"andeq r0, r0, r0",1
"andeq r0, r0, r4, asr r8",1
"andeq r0, r0, pc, ror 16",1
"strls r0, [r3], -0xd",1
"streq r0, [r0], -lr, ror 2",1
"ldrths r1, [r2], -0xc31",1
"eoreq r0, r2, r4, ror r0",1
"andeq r0, r0, r0",1
"andge r0, r0, r0",1
invalid,1
invalid,1
"andeq r5, r0, r0, lsl 26",1
"andeq r0, r0, r0",1
invalid,1
invalid,1
"andeq r0, sp, r0",1
invalid,1
"ldcne p6, c0, [r1], -0",1
"rsbseq r2, r4, r2, lsr r4",1
"andeq r0, r0, r2, lsr 32",1
"andeq r0, r0, r0",1
"andeq pc, r8, r0",1
"andeq r3, sb, r0, lsl 16",1
"stcpl p1, c0, [r0, -0]",1
"andeq r0, r0, r0",1
"andeq r0, r0, r0",1
"strdeq r0, r1, [r0], -r0",1
"andeq r0, r0, fp, lsl 18",1
"strls r0, [r3], -0xd",1
"streq r0, [r0], -lr, ror 2",1
"ldrths r1, [r2], -0xc31",1
"eoreq r0, r2, r4, ror r0",1
"andeq r0, r0, r0",1
invalid,1
"strhi r0, [r0], -9",1
invalid,1
"andeq r5, r0, r0, lsl 26",1
"andeq r0, r0, r0",1
invalid,1
invalid,1
"andeq r0, sp, r0",1
invalid,1
"ldcne p6, c0, [r1], -0",1
"rsbseq r2, r4, r2, lsr r4",1
"andeq r0, r0, r2, lsr 32",1
"andeq r0, r0, r0",1
"andeq r8, sb, r0, lsl 16",1
"andeq sp, sb, r0",1
"stcpl p1, c0, [r0, -0]",1
"andeq r0, r0, r0",1
"andeq r0, r0, r0",1
"andeq r0, r0, r8, lsl 19",1
"andeq r0, r0, r3, lsr 19",1
"strls r0, [r3], -0xd",1
"streq r0, [r0], -lr, ror 2",1
"ldrths r1, [r2], -0xc31",1
"eoreq r0, r2, r4, ror r0",1
"andeq r0, r0, r0",1
"strle r0, [r0], -0",1
invalid,1
invalid,1
"andeq r5, r0, r0, lsl 26",1
"andeq r0, r0, r0",1
invalid,1
invalid,1
"andeq r0, sp, r0",1
invalid,1
"ldcne p6, c0, [r1], -0",1
"rsbseq r2, r4, r2, lsr r4",1
"andeq r0, r0, r2, lsr 32",1
"andeq r0, r0, r0",1
"andeq r2, sl, r0",1
"andeq r6, sl, r0, lsl 16",1
"stcpl p1, c0, [r0, -0]",1
"andeq r0, r0, r0",1
"andeq r0, r0, r0",1
"andeq r0, r0, r0, lsr 20",1
"andeq r0, r0, fp, lsr sl",1
"strls r0, [r3], -0xd",1
"streq r0, [r0], -lr, ror 2",1
"ldrths r1, [r2], -0xc31",1
"eoreq r0, r2, r4, ror r0",1
"andeq r0, r0, r0",1
invalid,1
"strge r0, [r0], -0xa",1
invalid,1
"andeq r5, r0, r0, lsl 26",1
"andeq r0, r0, r0",1
beq 0x1b196bc,1
beq 0xfe1d96c0,1
"andeq r0, sp, r0",1
invalid,1
"ldcne p6, c0, [r1], -0",1
"rsbseq r2, r4, r2, lsr r4",1
"andeq r0, r0, r2, lsr 32",1
"andeq r0, r0, r0",1
"andeq sl, sl, r0, lsl 16",1
"andeq lr, sl, r0",1
"stcpl p1, c0, [r0, -0]",1
"andeq r0, r0, r0",1
"andeq r0, r0, r0",1
"andeq r0, r0, r8, lsr 21",1
"andeq r0, r0, r3, asr 21",1
"strls r0, [r3], -0xd",1
"streq r0, [r0], -lr, ror 2",1
"ldrths r1, [r2], -0xc31",1
"eoreq r0, r2, r4, ror r0",1
"andeq r0, r0, r0",1
"str r0, [r0], -0",1
invalid,1
invalid,1
"andeq r5, r0, r0, lsl 26",1
"andeq r0, r0, r0",1
beq 0xff919720,1
beq 0xfffd9724,1
"andeq r0, sp, r0",1
invalid,1
"ldcne p6, c0, [r1], -0",1
"rsbseq r2, r4, r2, lsr r4",1
"andeq r0, r0, r2, lsr 32",1
"andeq r0, r0, r0",1
"andeq r5, fp, r0, lsl 8",1
"andeq r6, fp, r0",1
"andpl r0, r0, r0, lsl 2",1
"andeq r0, r0, r0",1
"andeq r0, r0, r0",1
"andeq r0, r0, r8, lsr fp",1
"andeq r0, r0, fp, lsr fp",1
bllo 0x1419760,1
"stmdahi r0, {r0, r1, r3}",1
invalid,1
"andeq r5, r0, r0, lsl 10",1
"andeq r0, r0, r0",1
bleq 0xff919770,1
bleq 0xffa19774,1
"andeq r0, r2, r0",1
bleq 0xffa19970,1
bleq 0xffb19780,1
"andeq r0, r2, r0",1
bleq 0xffb1e97c,1
"tstne ip, r0",1
"andeq r0, r3, r0",1
"andeq sb, r2, sp, ror r8",1
"andeq r0, r0, r0",1
"str r0, [r0], -0",1
invalid,1
invalid,1
bleq 0xffe2d7a8,1
"tstne ip, r0",1
"andeq r0, r4, r0",1
svcls 0x5001f3,1
"andeq r0, r0, r0",1
"andeq r0, r0, r0",1
"andeq r0, r0, r8, lsl 24",1
"andeq r0, r0, r8, asr lr",1
"ldmdapl r4, {r0} ^",1
"stmdalt r0, {r1, r2, r3}",1
"movweq r0, 0xe",1
svcls 0x7f7400,1
"strheq r0, [r0], -r8",1
"andeq r0, r0, r4, lsr 30",1
"ldrbhs r0, [r4], -1",1
"strhi r0, [r0], -0xf",1
"movweq r0, 0xf",1
svcls 0x7f7400,1
"andeq r0, r0, ip, lsl 31",1
"andeq r0, r0, ip, ror 31",1
"mrrc p0, 0, r0, r4, c1",1
"strmi r0, [r0], -0xf",1
"movweq r0, 0x10",1
svcls 0x7f7400,1
"andeq r1, r0, r4, asr 32",1
"andeq r1, r0, ip, lsl 1",1
"subslt r0, r4, r1",1
"stmdale r0, {r4}",1
invalid,1
"rscsne r5, ip, r0, lsl 8",1
invalid,1
"andeq r0, r1, r0",1
"andeq r0, r0, r4, asr r0",1
"andeq r0, r0, r0",1
"andeq r5, ip, r0, lsl 24",1
"andeq r6, ip, r0, lsl 24",1
"mrslo r0, r8_usr",1
"muleq ip, pc, ip",1
"andseq r1, r1, r0, lsl 24",1
"strpl r0, [r0, -r0, lsl 2]",1
"andeq r0, r0, r0",1
"andeq r0, r0, r0",1
"andeq r0, r0, ip, lsl ip",1
"andeq r0, r0, ip, ror 24",1
svcls 0x320002,1
"andeq r0, r0, r0",1
"andeq r0, r0, r0",1
"andeq r0, r0, ip, lsr 24",1
"andeq r0, r0, r0, asr ip",1
"subspl r0, r3, r1",1
"movwvs r0, 0xc",1
bleq 0x198a4,1
"andlo r7, r1, 0, 8",1
"cdpvs p3, 9, c0, c8, c4, 1",1
"andhs r0, r6, 1",1
"andeq r0, r0, r0",1
"andeq r0, r0, r0",1
"andeq r0, r0, ip, lsr 24",1
"andeq r0, r0, r0, lsr ip",1
"rsbseq r0, r3, fp",1
invalid,1
"stcne p8, c0, [sp], -0x68",1
"muleq ip, pc, r0",1
"andeq r3, ip, r0, lsl 24",1
"andvc r0, r0, 0, 6",1
"ldceq p15, c9, [ip], -0x14c",1
"mcrreq p0, 0, r0, r0, c0",1
"andeq r0, fp, r0",1
"orrseq r0, r4, r3, ror r1",1
"ldmdaeq sl, {r3, r8, sb, sl, fp, ip, sp, lr, pc}",1
"addsmi r1, pc, ip, ror 24",1
invalid,1
"streq r0, [r0], -0xc",1
svcvc 0x947200,1
"muleq ip, pc, ip",1
"andeq r5, ip, r0",1
"movwvc r0, 0x800",1
"stmdaeq r1, {r1, sl, ip, pc}",1
"ldrshpl r1, [pc], pc        ; [0x198e0:4]=0x100000c",1
"movwvs r0, 0xc",1
invalid,1
"andeq r5, r0, r0, lsl 6",1
"andeq r0, r0, r0",1
"ldceq p0, c0, [r4, -0]",1
"ldcleq p0, c0, [ip]",1
"andeq r0, r1, r0",1
"andeq r0, r0, r5, asr r0",1
"andeq r0, r0, r0",1
"andeq r5, sp, r0, lsl 24",1
"andeq r6, sp, r0, lsl 6",1
invalid,1
"andeq r0, r0, r0",1
"andeq r0, r0, r0",1
"andeq r0, r0, r4, ror 26",1
"andeq r0, r0, r0, lsr 27",1
"ldmdage r0, {r0} ^",1
invalid,1
invalid,1
"stcleq p0, c5, [r4]",1
"stcleq p0, c0, [ip]",1
"andeq r0, r1, r0",1
"andeq r0, r0, r0, asr r0",1
"andeq r0, r0, r0",1
"andeq r8, sp, r0",1
"andeq fp, sp, r0, lsl 8",1
invalid,1
"strheq r0, [r0], -r4",1
"andeq r0, r0, r4, asr 27",1
"rsbseq r0, r1, r4",1
"stcleq p15, c9, [r4, 0x7c]",1
"ldcleq p0, c0, [ip]",1
"andeq r0, r1, r0",1
"andeq r0, r0, r1, asr r0",1
"andeq r0, r0, r0",1
"andeq r5, lr, r0, lsl 8",1
"andeq r5, lr, r0, lsl 24",1
"andpl r0, r0, r0, lsl 2",1
"andeq r0, r0, ip, asr lr",1
"strheq r0, [r0], -r8",1
"subseq r0, r6, r1",1
"andeq r0, r0, r0",1
"strvs r0, [r0], -0",1
invalid,1
invalid,1
"andeq r5, r0, r0",1
"andeq r0, r0, r0",1
"cdpeq p0, 8, c0, c8, c0, 0",1
"cdpeq p0, 8, c0, c12, c0, 0",1
"andeq r0, r5, r0",1
"movwls sb, 0x4352",1
"andeq r8, lr, r4, lsl 24",1
"andeq fp, lr, r0",1
"andpl r0, r0, 0, 12",1
"cmpls r1, 0x93000000",1
"andeq r0, r0, r4",1
"andeq r0, r0, r0",1
"andeq r8, lr, r0",1
"andeq r8, lr, r0, lsl 8",1
"movwpl r0, 0x500",1
"ldreq r0, [r3], 0x493",1
"andeq r0, r0, r4, lsl 29",1
"muleq r0, r4, lr",1
"cmpls r3, 6",1
"ldreq r5, [r3], 4",1
"muleq r0, r4, lr",1
"strheq r0, [r0], -r0",1
"cmpls r3, 8",1
"stclvc p1, c9, [r4, 0x10]!",1
"muleq r0, r3, r4",1
"andeq r0, r0, r0",1
svceq 0,1
svceq 0x100000,1
"andeq r0, r4, r0",1
svcls 0x7ef891,1
"andeq r0, r0, r0, lsl pc",1
"andeq r0, r0, r3, lsl pc",1
"cmpne r2, 1",1
invalid,1
"streq r0, [r0], -0xf",1
"cdpvc p1, 0xf, c9, c8, c0, 0",1
"muleq r0, pc, r0",1
"andeq r0, r0, r0",1
"andeq r2, pc, r0",1
"andeq r3, pc, r0",1
invalid,1
"umullslo r7, pc, r0, lr",1
"movwlo r0, 0xf",1
invalid,1
svceq 0x335200,1
svceq 0x840000,1
"andeq r0, r4, r0",1
svcls 0x7e9091,1
"andeq r0, r0, r0",1
"andeq r0, r0, r0",1
"andeq r0, r0, r0, lsr 30",1
"andeq r0, r0, r4, lsr 30",1
"cmneq r4, r7",1
"rsbseq r2, r5, r2, lsr r4",1
"andeq r2, pc, r2, lsr 8",1
"andeq r3, pc, r0, lsl 6",1
"strvc r0, [r0], -0x700",1
"strvc r3, [r4, -0x200]!",1
"andeq r2, r0, r0, lsl 4",1
"andeq r0, r0, r0",1
svceq 0xe80000,1
svceq 0xf00000,1
"andeq r0, r1, r0",1
"andeq pc, pc, r0, asr r0",1
"andseq r4, r0, r0, lsl 8",1
"strpl r0, [r0], -r0, lsl 2",1
"andeq r0, r0, r0",1
"andeq r0, r0, r0",1
"strdeq r0, r1, [r0], -r8",1
"andeq r1, r0, r0",1
"subseq r0, r0, r1",1
"andeq r0, r0, r0",1
invalid,1
"andhs r0, r0, r0, lsl r0",1
"streq r0, [r0, -0x10]",1
"ldreq r5, [r3], 0x200",1
"mlane r0, r3, r4, r0",1
"eorsne r0, ip, r0",1
"andeq r0, r6, r0",1
"qaddpl sb, r2, r4",1
"muleq r0, r3, r4",1
"andeq r0, r0, r0",1
"andsne r0, r4, r0",1
"andsne r0, r8, r0",1
"andeq r0, r5, r0",1
"movwls sb, 0x4353",1
"andseq r1, r0, r4, lsl 16",1
"andseq r2, r0, r0, lsl 16",1
"movwpl r0, 0x600",1
"cmpls r0, 0x93000000",1
"andseq r2, r0, r4, lsl 16",1
"andseq r3, r0, r0, lsl 24",1
"movwpl r0, 0x800",1
"ldr r0, [r1], 0x493",1
"andeq sb, r4, sp, ror r3",1
"andeq r0, r0, r0",1
"strge r0, [r0], -0",1
"andlt r0, r0, r0, lsl r0",1
invalid,1
"andeq r5, r0, r0",1
"andeq r0, r0, r0",1
"adcsne r0, r0, r0",1
"rscsne r0, ip, r0",1
"andeq r0, r2, r0",1
"andeq sb, r0, r2, lsr pc",1
"andeq r0, r0, r0",1
"adcsne r0, r0, r0",1
"sbcne r0, r8, r0",1
"andeq r0, r1, r0",1
"andseq ip, r0, r3, asr r8",1
"andseq sp, r0, r0, lsl 16",1
"strvc r0, [r0], -0x700",1
"strvc r3, [r4, -0x200]!",1
"andeq r2, r0, r0, lsl 4",1
"andeq r0, r0, r0",1
"adcsne r0, r0, r0",1
"adcsne r0, r8, r0",1
"andeq r0, sb, r0",1
invalid,1
"stcne p8, c0, [r1], -0x68",1
"mulseq r0, pc, r8",1
"andseq fp, r0, r0, lsl 24",1
"movwvc r0, 0xb00",1
"stmdaeq r1, {r0, sl, ip, pc}",1
"vstrlo s2, [r8, -0x3fc]",1
"adcsne sb, ip, ip, lsl pc",1
"sbcne r0, r4, r0",1
"andeq r0, r3, r0",1
"ldrgt r4, [pc], 0x372       ; [0x19b98:4]=0x8000010",1
"stmdagt r0, {r4}",1
"stmdaeq r0, {r4}",1
"strls r7, [r2], -0x300",1
bne 0xfffdbbac,1
"mulseq r0, pc, r8",1
"andseq sp, r0, r0, lsl 24",1
"movwpl r0, 0x100",1
"andeq r0, r0, r0",1
"andeq r0, r0, r0",1
"andeq r1, r0, r8, ror 1",1
"strdeq r1, r2, [r0], -r8",1
"rsbseq r0, r0, r5",1
"addseq r2, pc, r0, lsr lr",1
"andeq r0, r0, r0",1
invalid,1
"andhs r0, r0, r1, lsl r0",1
"andeq r0, r0, 0x11",1
"andhs r7, r0, r0, lsl 26",1
"stmdalt r0, {r0, r4}",1
"andeq r0, r0, 0x11",1
"andseq r7, r0, r0, lsl 26",1
"andeq r0, r0, r0",1
invalid,1
"andvs r0, r0, r1, lsl r0",1
invalid,1
"orrsne r5, r0, r0",1
"orrsne r0, r4, r0",1
"andeq r0, r1, r0",1
"andeq r0, r0, r0, asr r0",1
"andeq r0, r0, r0",1
"andseq r3, r1, r0",1
"andseq r4, r1, r0, lsl 24",1
"andpl r0, r0, r0, lsl 2",1
"andeq r1, r0, ip, asr 2",1
"andeq r1, r0, pc, asr 2",1
"rsbseq r0, r5, r7",1
"rsbseq r2, r4, r2, lsr r4",1
"andseq r6, r1, r2, lsr 32",1
"andseq r8, r1, r0, lsl 6",1
"andpl r0, r0, r0, lsl 2",1
"andeq r1, r0, ip, lsr 3",1
"andeq r1, r0, pc, lsr 3",1
"subseq r0, r0, r1",1
"andeq r0, r0, r0",1
"strlo r0, [r0], -0",1
invalid,1
"stmdbeq r0, {r0, r4}",1
"stmdaeq r0, {r8, sb, ip, sp, lr}",1
"strdhs r1, r2, [r8, -pc]",1
"teqne ip, ip, lsl pc",1
"mrsne r0, spsr",1
"andeq r0, r8, r0",1
"orrseq r0, r4, r0, ror r1",1
svcls 0x1aff08,1
"andeq r1, r0, r0, asr 2",1
"andeq r1, r0, pc, asr 2",1
"subsvs r0, r3, r1",1
invalid,1
"stmdbeq r0, {r0, r4}",1
"stmdaeq r0, {r8, sb, ip, sp, lr}",1
"strdhs r1, r2, [r8, -pc]",1
invalid,1
"orrne r0, r3, r0",1
"andeq r0, fp, r0",1
"orrseq r0, r4, r0, ror r0",1
"ldmdaeq sl, {r3, r8, sb, sl, fp, ip, sp, lr, pc}",1
"addseq r1, pc, r1, lsr 24",1
"andeq r0, r0, r0",1
invalid,1
invalid,1
"andeq r0, r0, 0x11",1
invalid,1
"str r0, [r0], -0x11",1
"andeq r0, r0, 0x12",1
"andseq r7, r8, r0, lsl 26",1
"andeq r0, r0, r0",1
invalid,1
invalid,1
invalid,1
"eorne r5, r0, 0",1
"eorne r0, r4, 0",1
"andeq r0, r1, r0",1
"andseq r6, r2, r4, asr r8",1
"andseq r6, r2, r0, lsl 24",1
"andpl r0, r0, r0, lsl 2",1
"andeq r1, r0, ip, ror 4",1
"andeq r1, r0, r4, ror r2",1
"ldmdalt r4, {r0} ^",1
invalid,1
invalid,1
"sbcsne r5, r4, 0",1
"rscne r0, r4, 0",1
"andeq r0, r1, r0",1
"andeq r0, r0, r4, asr r0",1
"andeq r0, r0, r0",1
"andseq pc, r1, r0",1
"andseq sp, r2, r0, lsl 8",1
"mrslo r0, r8_usr",1
"muleq r0, pc, r0",1
"andeq r0, r0, r0",1
"andseq pc, r1, r0, lsl 8",1
"andseq r0, r2, r0, lsl 8",1
"movwpl r0, 0x100",1
"andeq r1, r0, r4, lsl 4",1
"andeq r1, r0, r3, lsl r2",1
"rsbseq r0, r5, r7",1
"rsbseq r2, r4, r2, lsr r4",1
"andseq r2, r2, r2, lsr 8",1
"andseq r3, r2, r0",1
"movwpl r0, 0x100",1
"andeq r1, r0, r0, lsr r2",1
"andeq r1, r0, ip, lsr r2",1
"rsbseq r0, r5, r7",1
"rsbseq r2, r4, r2, lsr r4",1
"andseq r3, r2, r2, lsr 24",1
"andseq r5, r2, r0, lsl 30",1
"strvc r0, [r0, -0x700]",1
"strtvc r3, [r4], -0x27e",1
"rsbsne r2, r4, 0, 4",1
"adcsne r0, r3, 0",1
"andeq r0, r7, r0",1
"ldrths r7, [r2], -0xf77",1
"stclt p0, c0, [r2], -0x1d0",1
blgt 0x19dd0,1
"smladeq r0, r2, r0, r0",1
"rsbslo r7, pc, 0, 14",1
"andhs r7, r0, 36, 8",1
"andeq r0, r0, r0",1
"andeq r0, r0, r0",1
"strdeq r1, r2, [r0], -r8",1
"andeq r1, r0, r0, lsl 4",1
svcpl 0x720003,1
"mulseq r2, pc, r0",1
"andseq r0, r2, r0, lsl 8",1
"movwvc r0, 0x800",1
"stmdaeq r1, {r0, sl, ip, pc}",1
"ldreq r1, [pc], 0xaff       ; [0x19dbc:4]=0x1000012",1
"movwne r0, 0x12",1
invalid,1
"eorne r5, r4, 0, 6",1
"subne r0, r4, 0",1
"andeq r0, r3, r0",1
"ldrmi r5, [pc], 0xf72       ; [0x19dd4:4]=0x11000012",1
svcpl 0x12,1
invalid,1
"rsbslo r7, lr, 0, 10",1
"andhs r7, r0, 36, 8",1
"stmdaeq r1, {r1, r2, sl, ip, pc}",1
"strdhs r1, r2, [r8, -pc]",1
"andeq sb, r0, ip, lsl pc",1
"andeq r0, r0, r0",1
"eorne r0, r4, 0",1
"rsbsne r0, r4, 0",1
"andeq r0, r2, r0",1
"andeq sb, r0, r1, lsr pc",1
"andeq r0, r0, r0",1
"eorne r0, r4, 0",1
"eorsne r0, r0, 0",1
"andeq r0, r1, r0",1
"andseq r3, r2, r3, asr r0",1
"andseq r3, r2, r0, lsl 24",1
"strvc r0, [r0, -0x700]",1
"strtvc r3, [r4], -0x200",1
"eorsne r2, ip, 0, 4",1
"subsne r0, pc, 0",1
"andeq r0, r7, r0",1
"ldrths r7, [r2], -0xe75",1
"eoreq r0, r2, r4, ror r0",1
"andeq r0, r0, r0",1
"strhs r0, [r0], -0",1
invalid,1
"movweq r0, 0x12",1
svcls 0x587200,1
"andeq r1, r0, ip, lsr 4",1
"andeq r1, r0, r0, lsr r2",1
"cmneq r3, r8",1
invalid,1
"eorsne sb, r0, 26, 30",1
"subne r0, r0, 0",1
"andeq r0, r1, r0",1
"andseq r4, r2, r3, asr r0",1
"andseq r5, r2, r0, lsl 30",1
"strvc r1, [r0, -0]",1
"strtvc r3, [r4], -0x27e",1
"movwhs r2, 0x6200",1
"stmdaeq r1, {r0, sl, ip, pc}",1
"ldrsheq r1, [pc], pc        ; [0x19e84:4]=0x38000000",1
"andeq r0, r0, r0",1
invalid,1
"strvc r0, [r0], -0x12",1
"andeq r0, r0, 0x12",1
"addseq r3, pc, r0, lsl 2",1
"andeq r0, r0, r0",1
"andmi r0, r0, r0",1
"andpl r0, r0, r2, lsl r0",1
invalid,1
"subsne r5, r0, 0, 6",1
"subsne r0, pc, 0",1
"andeq r0, r7, r0",1
"ldrths r0, [r2], -0x75",1
"eoreq r0, r2, r4, ror r0",1
"andeq r0, r0, r0",1
"andmi r0, r0, r0",1
"strmi r0, [r0], -0x12",1
bleq 0x19f14,1
"strls r7, [r0], -0x300",1
bne 0xfffdbed8,1
svcls 0x1c2908,1
"andeq r1, r0, r4, asr 4",1
"andeq r1, r0, ip, asr 4",1
"ldrbpl r0, [r2, -r3]!",1
"mulseq r2, pc, ip",1
"andseq r5, r2, r0",1
"movwvc r0, 0x800",1
"stmdaeq r1, {r0, sl, ip, pc}",1
"ldrshpl r1, [pc], pc        ; [0x19ef8:4]=0x1000012",1
svcpl 0x12,1
invalid,1
"andeq r5, r0, r0, lsl 6",1
"andeq r0, r0, r0",1
"rsbsne r0, r4, 0",1
"sbcsne r0, r4, 0",1
"andeq r0, r2, r0",1
"andeq sb, r0, r2, lsr pc",1
"andeq r0, r0, r0",1
"rsbsne r0, r4, 0",1
"sbcsne r0, r4, 0",1
"andeq r0, r1, r0",1
"andeq r0, r0, r6, asr r0",1
"andeq r0, r0, r0",1
"andseq r7, r2, r0, lsl 8",1
"andseq r7, r2, r0, lsl 16",1
"strvc r0, [r0], -r0, lsl 22",1
"stmdaeq r1, {sl, ip, pc}",1
"vstrhs s2, [r8, -0x3fc]",1
"rsbsne sb, r8, 28, 30",1
"addne r0, r4, 0",1
"andeq r0, r3, r0",1
"ldrhi r5, [pc], 0x373       ; [0x19f54:4]=0x9000012",1
invalid,1
"stmdbeq r0, {r1, r4}",1
"stmdaeq r0, {r8, sb, ip, sp, lr}",1
"strdvs r1, r2, [r8, -pc]",1
"addne sb, ip, 28, 30",1
"addsne r0, r0, 0",1
"andeq r0, r8, r0",1
"orrseq r0, r4, r6, ror r2",1
svcls 0x1aff08,1
"muleq r0, r0, r2",1
"muleq r0, ip, r2",1
"mrrcls p0, 0, r0, r3, c1",1
"stmdage r0, {r1, r4}",1
"stmdbeq r0, {r1, r4}",1
"stmdaeq r0, {r8, sb, ip, sp, lr}",1
"strdvs r1, r2, [r8, -pc]",1
"adcne sb, r8, 28, 30",1
"adcsne r0, r0, 0",1
"andeq r0, fp, r0",1
"orrseq r0, r4, r6, ror r1",1
"ldmdaeq sl, {r3, r8, sb, sl, fp, ip, sp, lr, pc}",1
"addseq r1, pc, r1, ror 24",1
"andeq r0, r0, r0",1
invalid,1
"strge r0, [r0], -0x12",1
"stmdbeq r0, {r1, r4}",1
"stmdaeq r0, {r8, sb, ip, sp, lr}",1
svcvs 0x81aff,1
"adcne sb, r4, 28, 30",1
"adcne r0, r8, 0",1
"andeq r0, r8, r0",1
"orrseq r0, r4, r6, ror r2",1
svcls 0x1aff08,1
"andeq r1, r0, r8, lsr 5",1
"strheq r1, [r0], -r0",1
"subseq r0, r3, r1",1
"andeq r0, r0, r0",1
"str r0, [r0], -0",1
"stmda r0, {r1, r4}",1
"andeq r0, r0, 0x12",1
"stmda r0, {r8, sl, fp, ip, sp, lr}",1
invalid,1
"andeq r0, r0, 0x13",1
"andeq r7, r8, r0, lsl 26",1
"andeq r0, r0, r0",1
"str r0, [r0], -0",1
bleq 0x1a058,1
invalid,1
"movwne r5, 0xb000",1
"tstne r4, 0",1
"andeq r0, r4, r0",1
svcls 0x5001f3,1
"andeq r1, r0, r4, lsl r3",1
"andeq r1, r0, r7, lsl r3",1
"ldrbne r0, [r0, -r1]",1
"andhs r0, r0, r3, lsl r0",1
"streq r0, [r0], -0x13",1
"andpl pc, r1, r0, lsl 6",1
"mulseq r3, pc, r0",1
"andseq r2, r3, r0, lsl 6",1
"andpl r0, r0, r0, lsl 2",1
"andeq r1, r0, r3, lsr 6",1
"andeq r1, r0, ip, lsr 6",1
invalid,1
invalid,1
"teqne r8, 0",1
"andeq r0, r1, r0",1
"andseq r3, r3, r0, asr r8",1
"andseq fp, r3, r0, lsl 24",1
"vshl.u8 d0, d0, d0",1
"ldclt p0, c5, [pc], {1}",1
"smladgt r0, r3, r0, r0",1
invalid,1
"bicne r5, r7, 0",1
"bicsne r0, ip, 0",1
"andeq r0, r4, r0",1
svcls 0x5001f3,1
"andeq r0, r0, r0",1
"andeq r0, r0, r0",1
"andeq r1, r0, r0, lsl r3",1
"andeq r1, r0, r4, lsl r3",1
"mrrcne p0, 0, r0, r0, c1",1
"andhs r0, r0, r3, lsl r0",1
invalid,1
invalid,1
invalid,1
"andeq r0, r1, r0",1
"andseq r6, r3, r0, asr r8",1
"andseq r6, r3, r0, lsl 24",1
"strpl r0, [r0], -0x100",1
"strheq r1, [r0], -r0",1
"strheq r1, [r0], -r4",1
"ldrblt r0, [r0], -1",1
invalid,1
invalid,1
"bicsne r5, r0, 0, 8",1
"bicsne r0, ip, 0",1
"andeq r0, r1, r0",1
"andeq r0, r0, r4, asr r0",1
"andeq r0, r0, r0",1
"andseq r2, r3, r0, lsl 24",1
"andseq fp, r3, r0, lsl 24",1
"mrslo r0, r8_usr",1
"muleq r0, pc, r0",1
"andeq r0, r0, r0",1
"andseq r3, r3, r0, lsl 24",1
"andseq r4, r3, r0, lsl 24",1
"movwpl r0, 0x100",1
"andeq r1, r0, ip, asr 6",1
"andeq r1, r0, r8, asr r3",1
"rsbseq r0, r0, r7",1
"rsbseq r2, r1, r2, lsr r4",1
"andseq r5, r3, r2, lsr 16",1
"andseq r5, r3, r0, lsl 22",1
"movweq r0, 0xb00",1
"muleq r1, r4, lr",1
invalid,1
invalid,1
"cmnne r8, 0",1
"andeq r0, r1, r0",1
"andseq r7, r3, r3, asr r8",1
"andseq r8, r3, r0, lsl 8",1
"andvc r0, r0, r0, lsl 14",1
invalid,1
"orrne r2, r4, 0, 4",1
invalid,1
"andeq r0, fp, r0",1
invalid,1
"ldrths r0, [r2], -0x600",1
"eoreq r0, r2, r1, ror r0",1
"andeq r0, r0, r0",1
"andmi r0, r0, r0",1
"stmdami r0, {r0, r1, r4}",1
"movweq r0, 0x13",1
svcls 0x5f7200,1
"andeq r1, r0, r8, asr 6",1
"andeq r1, r0, ip, asr 6",1
"cmneq r3, r8",1
invalid,1
"movtne sb, 0xcf1a",1
"cmpne fp, 0",1
"andeq r0, r1, r0",1
"andseq r6, r3, r3, asr ip",1
"andseq r8, r3, r0, lsl 24",1
"andvc r0, r0, 0, 6",1
"orrne sb, ip, 0x17c",1
invalid,1
"andseq r0, r5, r0",1
invalid,1
"ldrths r0, [r2], -0x600",1
"qsub16eq r0, r2, r1",1
invalid,1
"stcne p8, c0, [r1], -0x68",1
"muleq r0, pc, r0",1
"andeq r0, r0, r0",1
"andseq r6, r3, r0, lsl 24",1
"andseq fp, r3, r0, lsl 24",1
"mrslo r0, r8_usr",1
"muleq r0, pc, r0",1
"andeq r0, r0, r0",1
"andseq r6, r3, r0, lsl 24",1
"andseq r7, r3, r0, lsl 16",1
"movwpl r0, 0x100",1
"andeq r1, r0, r8, ror r3",1
"andeq r1, r0, r4, lsl 7",1
"rsbseq r0, r0, r7",1
"rsbseq r2, r1, r2, lsr r4",1
"andseq r8, r3, r2, lsr 8",1
"andseq sl, r3, r0, lsl 14",1
"movweq r0, 0xb00",1
"muleq r1, r4, lr",1
invalid,1
"andeq r2, r0, r0, lsl 4",1
"andeq r0, r0, r0",1
invalid,1
"cmnne r4, 0",1
"andeq r0, r3, r0",1
"ldrvc r5, [pc], 0x872       ; [0x1a21c:4]=0x8000013",1
"stmdavc r0, {r0, r1, r4}",1
"stmdaeq r0, {r0, r1, r4}",1
"strls r7, [r1], -0x300",1
bne 0xfffdc230,1
"mulseq r3, pc, r8",1
"andseq r8, r3, r0, lsl 16",1
"movwpl r0, 0x100",1
"andeq r1, r0, r8, lsl 7",1
"andeq r1, r0, r7, lsr 7",1
"strls r0, [r3], -0x14",1
"streq r0, [r0], -lr, ror 2",1
"rsbseq r2, r1, r2, lsr r4",1
invalid,1
invalid,1
"andeq sb, r0, sl, lsl pc",1
"andeq r0, r0, r0",1
"orrne r0, r0, 0",1
invalid,1
"andeq r0, r2, r0",1
"andeq sb, r0, r1, lsr pc",1
"andeq r0, r0, r0",1
"orrne r0, r8, 0",1
"orrsne r0, r8, 0",1
"andeq r0, r1, r0",1
"andseq sb, r3, r3, asr r8",1
"andseq sl, r3, r0, lsl 8",1
"andvc r0, r0, r0, lsl 14",1
invalid,1
invalid,1
invalid,1
"andeq r0, sp, r0",1
invalid,1
invalid,1
"rsbseq r2, r1, r2, lsr r4",1
"andeq r0, r0, r2, lsr 32",1
"andeq r0, r0, r0",1
"andseq r8, r3, r0, lsl 16",1
"andseq r8, r3, r0, lsl 24",1
"movwvc r0, 0xb00",1
"stmdaeq r1, {sl, ip, pc}",1
"stmdbhs r8, {r0, r1, r2, r3, r4, r5, r6, r7, sb, fp, ip}",1
"orrne sb, ip, 28, 30",1
"orrsne r0, r4, 0",1
"andeq r0, r3, r0",1
"ldrls r5, [pc], 0x772       ; [0x1a2d0:4]=0x8000013",1
"stmdals r0, {r0, r1, r4}",1
"stmdaeq r0, {r0, r1, r4}",1
"strls r7, [r1], -0x300",1
bne 0xfffdc2e4,1
"mulseq r3, pc, r8",1
"andseq sl, r3, r0, lsl 14",1
"movwpl r0, 0x100",1
"andeq r0, r0, r0",1
"andeq r0, r0, r0",1
"ldrdeq r1, r2, [r0], -ip",1
"andeq r1, r0, r0, ror 7",1
"rsbseq r0, sp, r2",1
"andeq r1, r0, r0, ror 7",1
"andeq r1, r0, r4, ror 7",1
"ldrbths r0, [sp], -2",1
"andeq r1, r0, r4, ror 7",1
"andeq r1, r0, r8, ror r7",1
"ldmdalo sp!, {r1} ^",1
"andeq r0, r0, r0",1
"andeq r0, r0, r0",1
"andeq r1, r0, r0, lsl r4",1
"andeq r1, r0, r4, lsl r4",1
svcls 0x310002,1
"andeq r1, r0, r4, lsl r4",1
"andeq r1, r0, r8, ror r7",1
"subseq r0, sb, r1",1
"andeq r0, r0, r0",1
"streq r0, [r0], -0",1
"andhs r0, r0, r5, lsl r0",1
invalid,1
"strne r5, [r0, -0]!",1
"ldrne r0, [r4, -0]!",1
"andeq r0, r1, r0",1
"andseq r3, r5, r8, asr r4",1
"andseq r5, r5, r0",1
"andpl r0, r0, r0, lsl 2",1
"andeq r1, r0, r0, asr r5",1
"andeq r1, r0, r4, ror 10",1
"ldrbvs r0, [r8], -1",1
"stmdavs r0, {r0, r2, r4}",1
invalid,1
"strbne r5, [r8, -0]!",1
"ldrbne r0, [r0, -0]!",1
"andeq r0, r1, r0",1
"andseq ip, r5, r8, asr r4",1
"andseq ip, r5, r0, lsl 16",1
"andpl r0, r0, r0, lsl 2",1
"strdeq r1, r2, [r0], -r4",1
"strdeq r1, r2, [r0], -r8",1
"ldrblo r0, [r0], -1",1
"stmdalo r0, {r1, r2, r4}",1
invalid,1
"ldrbne r5, [ip], -r0",1
"strbne r0, [ip], r0",1
"andeq r0, r1, r0",1
"andseq pc, r6, r8, asr ip",1
"andseq r0, r7, r0, lsl 24",1
"stmdapl r0, {r8}",1
"andeq r1, r0, r0, lsr r7",1
"andeq r1, r0, r8, ror r7",1
"subseq r0, r8, r1",1
"andeq r0, r0, r0",1
"strne r0, [r0], -0",1
"stmdami r0, {r2, r4}",1
"andeq r0, r0, 0x14",1
"ldrpl r3, [pc], 0           ; [0x1a3d8:4]=0x1000014",1
"stmdahi r0, {r2, r4}",1
invalid,1
"strbne r5, [ip], r0, lsl 12",1
"ldrbne r0, [r0], r0",1
"andeq r0, r2, r0",1
"smladxne ip, r0, pc, sb",1
"ldrne r0, [r0, -r0]",1
"andeq r0, r2, r0",1
"andeq sb, r0, r0, lsr pc",1
"andeq r0, r0, r0",1
"strtne r0, [r4], 0",1
"ldrtne r0, [ip], 0",1
"andeq r0, r2, r0",1
"strbne sb, [r4], 0xf31",1
"strbne r0, [r8], 0",1
"andeq r0, r1, r0",1
"andseq ip, r4, r0, asr ip",1
"andseq sp, r4, r0, lsl 24",1
"andpl r0, r0, r0, lsl 2",1
"ldrdeq r1, r2, [r0], -ip",1
"andeq r1, r0, r0, ror 9",1
svcls 0x310002,1
"strdeq r1, r2, [r0], -ip",1
"strdeq r1, r2, [r0], -pc",1
"subseq r0, r0, r1",1
"andeq r0, r0, r0",1
invalid,1
invalid,1
"andeq r0, r0, 0x14",1
"adds r3, pc, r0, lsl 2",1
invalid,1
"andeq r0, r0, 0x14",1
"addseq r3, pc, r0, lsl 2",1
"andeq r0, r0, r0",1
"str r0, [r0], -0",1
"vst4.8 {d0, d1, d2, d3}, [r0:0x40], r4",1
invalid,1
"andeq r5, r0, r0, lsl 6",1
"andeq r0, r0, r0",1
"strbtne r0, [r4], 0",1
"strbtne r0, [r8], 0",1
"andeq r0, fp, r0",1
"orrseq r0, r4, r3, ror r0",1
"ldmdaeq sl, {r3, r8, sb, sl, fp, ip, sp, lr, pc}",1
"ldm pc, {r0, r3, r5, sl, fp, ip}",1
invalid,1
"movweq r0, 0x14",1
svcls 0x577200,1
"strdeq r1, r2, [r0], -r0",1
"strdeq r1, r2, [r0], -r4",1
"cmneq r3, r8",1
invalid,1
"ldrbtne sb, [r4], 0xf1a",1
"ldrbtne r0, [ip], 0",1
"andeq r0, r1, r0",1
"andeq r0, r0, r3, asr r0",1
"andeq r0, r0, r0",1
"andseq r7, r5, r0, lsl 24",1
"andseq ip, r5, r0, lsl 16",1
"andlo r0, r0, 0, 4",1
"muleq r0, pc, r0",1
"andeq r0, r0, r0",1
"andseq r7, r5, r0, lsl 24",1
"andseq r8, r5, r0, lsl 8",1
"stmdavc r0, {r8, fp}",1
bne 0xfffdc4e0,1
svcls 0x1c2d08,1
"andeq r1, r0, r4, lsl 11",1
"andeq r1, r0, ip, lsl 11",1
"rsbseq r0, sp, lr",1
"strls r2, [r1], -0x306",1
bne 0xfffdc4fc,1
svcls 0x1c6c08,1
"andeq r1, r0, ip, lsl 11",1
"muleq r0, r4, r5",1
"ldrbtls r0, [r3], -4",1
"ldrne sb, [r4, 0xf7f]",1
"ldrne r0, [r8]",1
"andeq r0, fp, r0",1
"movwhs r0, 0x607d",1
"stmdaeq r1, {r1, sl, ip, pc}",1
"ldmls pc, {r0, r1, r2, r3, r4, r5, r6, r7, sb, fp, ip}",1
"stmdage r0, {r0, r2, r4}",1
invalid,1
"strne r5, [r8, 0x300]!",1
"strne r0, [0x0001a530]!",1
"andeq r0, fp, r0",1
"movwhs r0, 0x607d",1
"stmdaeq r1, {r1, sl, ip, pc}",1
"ldrsheq r1, [pc], pc        ; [0x1a540:4]=0x7c000000",1
"andeq r0, r0, r0",1
invalid,1
"stmdagt r0, {r0, r2, r4}",1
"andeq r0, r0, 0x15",1
"andeq r7, r0, r0, lsl 26",1
"andeq r0, r0, r0",1
invalid,1
invalid,1
"andeq r0, r0, 0x16",1
"addslo r3, pc, r0, lsl 4",1
invalid,1
"andeq r0, r0, 0x17",1
"addseq r3, pc, r0, lsl 4",1
"andeq r0, r0, r0",1
"strhi r0, [r0], -0",1
"andge r0, r0, r6, lsl r0",1
invalid,1
"strtne r5, [r0], r0, lsl 4",1
"strtne r0, [pc], r0",1
"andeq r0, r7, r0",1
"ldrths r0, [r2], -0x73",1
"strtlt r0, [r2], -0x71",1
"smladgt r0, r6, r0, r0",1
bleq 0x1a5f8,1
"cdpvs p3, 9, c0, c4, c0, 0",1
"andlo r0, r6, 1",1
"andhs r7, r0, 36, 2",1
"andeq r1, r0, r0, lsr r7",1
"andeq r1, r0, r0, asr 14",1
"subsmi r0, r2, r1",1
"andpl r0, r0, r7, lsl r0",1
"smladeq r0, r7, r0, r0",1
"andlo r7, r0, 0, 6",1
"andhs r7, r0, 36, 2",1
"andeq r1, r0, r0, asr r7",1
"andeq r1, r0, ip, asr r7",1
"strls r0, [r3], -0xb",1
"streq r0, [r0], -lr, ror 2",1
"rsbseq r2, r1, r2, lsr r4",1
"andeq r0, r0, r2, lsr 32",1
"andeq r0, r0, r0",1
"andseq r8, r6, r0, lsl 8",1
"andseq r8, r6, r0, lsl 16",1
"andvc r0, r0, 0, 22",1
"stmdaeq r1, {sl, ip, pc}",1
"vstrhs s2, [r8, -0x3fc]",1
"pkhbtne sb, r8, ip, lsl 0x1e",1
"ldrne r0, [r0], r0",1
"andeq r0, r3, r0",1
"addsls r5, pc, r0, ror r3",1
"strls r0, [r0], -0x16",1
bleq 0x1a668,1
"strls r7, [r1], -0x200",1
bne 0xfffdc61c,1
svcls 0x1c6108,1
"muleq r0, r4, r6",1
"muleq r0, ip, r6",1
svcls 0x700004,1
invalid,1
"strtne r0, [r0], r0",1
"andeq r0, r8, r0",1
"orrseq r0, r4, r2, ror r2",1
svcls 0x1aff08,1
"andeq r1, r0, r0, lsr 13",1
"andeq r1, r0, pc, lsr 13",1
"subslo r0, r2, r1",1
"andmi r0, r0, r7, lsl r0",1
"movweq r0, 0x17",1
svcls 0x537000,1
"andeq r0, r0, r0",1
"andeq r0, r0, r0",1
"strheq r1, [r0], -r4",1
"andeq r1, r0, ip, asr 13",1
svcls 0x320002,1
"andeq r1, r0, ip, lsr r7",1
"andeq r1, r0, r0, asr 14",1
svcls 0x320002,1
"andeq r1, r0, ip, asr 14",1
"andeq r1, r0, ip, asr r7",1
svcls 0x320002,1
"andeq r0, r0, r0",1
"andeq r0, r0, r0",1
"strheq r1, [r0], -r4",1
"strheq r1, [r0], -r8",1
"ldmdalt r3, {r0} ^",1
"smladgt r0, r6, r0, r0",1
bleq 0x1a6f4,1
"cdpvs p3, 9, c0, c4, c0, 0",1
"andlo r0, r6, 1",1
"andhs r7, r0, 36, 2",1
"andeq r1, r0, r0, asr r7",1
"andeq r1, r0, ip, asr r7",1
"subseq r0, r3, r1",1
"andeq r0, r0, r0",1
"strlt r0, [r0], -0",1
"stmdalt r0, {r1, r2, r4}",1
"stmdaeq r0, {r1, r2, r4}",1
"strls r7, [r2], -0x300",1
bne 0xfffdc6d0,1
"mulseq r6, pc, r8",1
"andseq ip, r6, r0, lsl 14",1
"movwpl r0, 0x100",1
"andeq r1, r0, r0, asr r7",1
"andeq r1, r0, r4, asr r7",1
"cmneq r3, fp",1
invalid,1
"stclne p8, c0, [pc], -0x68",1
"mulseq r7, pc, r4",1
"andseq r5, r7, r0, lsl 24",1
"andvc r0, r0, 0, 8",1
"umullseq r7, pc, r1, pc",1
"andeq r0, r0, r0",1
invalid,1
invalid,1
"andeq r0, r0, 0x17",1
invalid,1
"stmdavc r0, {r0, r1, r2, r4}",1
"andeq r0, r0, 0x1a",1
"andeq r7, r8, r0, lsl 26",1
"andeq r0, r0, r0",1
invalid,1
"andls r0, r0, r7, lsl r0",1
invalid,1
"ldrne r5, [r0, r0]",1
"ldrne r0, [r8, r0]!",1
"andeq r0, r1, r0",1
"andseq fp, r7, r5, asr r8",1
"andseq fp, r7, r0, lsl 24",1
"andpl r0, r0, r0, lsl 2",1
"strheq r1, [r0], -ip",1
"andeq r1, r0, r8, ror sl",1
"subseq r0, r5, r1",1
"andeq r0, r0, r0",1
"andge r0, r0, r0",1
"strge r0, [r0], -0x17",1
invalid,1
"strne r5, [r4, r0]!",1
"ldrne r0, [r3, r0]!",1
"andeq r0, r1, r0",1
"andeq r0, r0, r2, asr r0",1
"andeq r0, r0, r0",1
"andseq sl, r7, r0",1
"andseq fp, r7, r0, lsl 16",1
"strpl r0, [r0], -0x100",1
"andeq r0, r0, r0",1
"andeq r0, r0, r0",1
"andeq r1, r0, ip, asr 18",1
"strheq r1, [r0], -r8",1
"subseq r0, r4, r1",1
"andeq r0, r0, r0",1
invalid,1
blls 0x1a804,1
invalid,1
"andeq r5, r0, r0",1
"andeq r0, r0, r0",1
invalid,1
invalid,1
"andeq r0, r1, r0",1
"andseq r7, sb, r0, asr r0",1
"andseq r7, sb, r0, lsl 22",1
invalid,1
"andeq r0, r0, r0",1
"andeq r0, r0, r0",1
"andeq r1, r0, r8, asr 19",1
"ldrdeq r1, r2, [r0], -r4",1
"subseq r0, r4, r1",1
"andeq r0, r0, r0",1
invalid,1
"streq r0, [r0], -0x19",1
invalid,1
"andeq r5, r0, r0, lsl 8",1
"andeq r0, r0, r0",1
bne 0x1e1a7f4,1
bne 0x1f1a7f8,1
"andeq r0, r2, r0",1
bne 0x1f1a9f4,1
blne 0x171a804,1
"andeq r0, r2, r0",1
"andeq r1, r0, sp, ror r0",1
"andeq r0, r0, r0",1
bne 0x1e1a814,1
bne 0xfe21a818,1
"andeq r0, r1, r0",1
"andseq r8, sl, r0, asr r8",1
"andseq pc, sl, r0, lsl 16",1
"strpl r0, [r0], -0x100",1
"strdeq r1, r2, [r0], -r8",1
"andeq r1, r0, ip, asr fp",1
invalid,1
"andeq sb, r0, r0, asr pc",1
"andeq r0, r0, r0",1
bne 0x1e1a840,1
bne 0xfe2da844,1
"andeq r0, r1, r0",1
"andseq r8, sl, r1, asr fp",1
"andseq r1, fp, r0, lsl 16",1
"strpl r0, [r0, -0x100]",1
"andeq r1, r0, r8, lsl fp",1
"andeq r1, r0, r4, lsr fp",1
invalid,1
blne 0xd425a8,1
blne 0x171a868,1
"andeq r0, r1, r0",1
"andeq r0, r0, r5, asr r0",1
"andeq r0, r0, r0",1
"andseq pc, sl, r0",1
"andseq r0, fp, r0, lsl 16",1
"andpl r0, r0, r0, lsl 2",1
"andeq r1, r0, r4, lsr fp",1
"andeq r1, r0, r8, lsr fp",1
"subseq r0, r0, r1",1
"andeq r0, r0, r0",1
"andhs r0, r0, r0",1
"strhs r0, [r0], -0",1
"andeq r0, r0, 0",1
"strhs r7, [r0], -0xd00",1
invalid,1
"andeq r0, r0, 0",1
"ldmdahs r0, {r8, sl, fp, ip, sp, lr}",1
invalid,1
"andeq r0, r0, 1",1
"andseq r7, r8, r0, lsl 26",1
"andeq r0, r0, r0",1
"andvc r0, r0, r0",1
"movwhi r0, 0",1
invalid,1
"addeq r5, r3, r0",1
"adceq r0, ip, r0",1
"andeq r0, r1, r0",1
"andeq sl, r0, r4, asr ip",1
"andeq sl, r0, r0, lsl 30",1
"andpl r0, r0, r0, lsl 2",1
"andeq r0, r0, pc, lsr 1",1
"ldrdeq r0, r1, [r0], -r4",1
"subseq r0, r4, r1",1
"andeq r0, r0, r0",1
"andeq r0, r0, r0",1
"streq r0, [r0], -0",1
"andeq r0, r0, 0",1
"streq r7, [r0], -0xd00",1
invalid,1
"andeq r0, r0, 0",1
"andeq r7, r8, r0, lsl 26",1
"andeq r0, r0, r0",1
"andeq r0, r0, r0",1
"strne r0, [r0], -0",1
invalid,1
"andseq r5, r4, r0",1
"rsbseq r0, r8, r0",1
"andeq r0, r4, r0",1
svcls 0x5001f3,1
"andeq r0, r0, r0",1
"andeq r0, r0, r0",1
"andeq r0, r0, r4",1
"andeq r0, r0, r4, asr 32",1
"subseq r0, r0, r1",1
"andeq r0, r0, r0",1
invalid,1
"strmi r0, [r0], -0",1
invalid,1
"rsbeq r5, r0, r0",1
"rsbseq r0, r0, r0",1
"andeq r0, r3, r0",1
"addseq r0, pc, r1, ror r1",1
"andeq r0, r0, r0",1
"streq r0, [r0], -0",1
"strmi r0, [r0], -0",1
"andeq r0, r0, 0",1
"addsvs r3, pc, r0",1
"andvc r0, r0, r0",1
invalid,1
"andeq r5, r0, r0, lsl 24",1
"andeq r0, r0, r0",1
"rsbseq r0, r8, r0",1
"rsbseq r0, ip, r0",1
"andeq r0, r2, r0",1
"rsbseq r0, ip, sp, ror r0",1
"sbceq r0, r0, r0",1
"andeq r0, r2, r0",1
"andeq r0, r0, sp, ror r8",1
"andeq r0, r0, r0",1
"rsbseq r0, r8, r0",1
"addeq r0, r3, r0",1
"andeq r0, r1, r0",1
"andeq r8, r0, r0, asr r3",1
"andeq sl, r0, r0",1
"strpl r0, [r0], -0x100",1
"andeq r0, r0, r0, lsr 1",1
"andeq r0, r0, r0, asr 1",1
invalid,1
"andeq sb, r0, r0, asr pc",1
"andeq r0, r0, r0",1
"andeq r0, r0, r0",1
"andeq r0, r4, r0",1
"andeq r0, r2, r0",1
"andeq r0, r4, sp, ror r0",1
"rsbeq r0, ip, r0",1
"andeq r0, r2, r0",1
"andeq r2, r0, sp, ror r0",1
"andeq r0, r0, r0",1
"andeq r0, r0, r0",1
"eoreq r0, r0, r0",1
"andeq r0, r6, r0",1
"qaddpl sb, r0, r4",1
"mlaeq r0, r3, r4, r0",1
"subseq r0, r8, r0",1
"andeq r0, r6, r0",1
"strpl sb, [r4, -0x354]",1
invalid,1
"rsbeq r0, ip, r0",1
"andeq r0, r6, r0",1
"strpl sb, [r4, -0x354]",1
"muleq r0, r3, r4",1
"andeq r0, r0, r0",1
"andeq r0, r0, r0",1
"eoreq r0, r0, r0",1
"andeq r0, r1, r0",1
"andeq r2, r0, r2, asr r0",1
"andeq r6, r0, r0, lsl 24",1
"vshl.u8 d0, d0, d0",1
"addseq r5, pc, r1, lsl 4",1
"andeq r0, r0, r0",1
invalid,1
"andhs r0, r0, r0",1
"movweq r0, 0",1
svcls 0x147200,1
"andeq r0, r0, r4, lsr 32",1
"andeq r0, r0, r0, asr 32",1
"subsmi r0, r8, r1",1
invalid,1
invalid,1
"andeq r5, r0, r0, lsl 20",1
"andeq r0, r0, r0",1
"andeq r0, r0, r0",1
"andeq r0, r4, r0",1
"andeq r0, r2, r0",1
"andeq r0, r4, sp, ror r0",1
"adcseq r0, r8, r0",1
"andeq r0, r2, r0",1
"andeq r1, r0, sp, ror r0",1
"andeq r0, r0, r0",1
"andeq r0, r0, r0",1
"andseq r0, r0, r0",1
"andeq r0, r1, r0",1
"andeq r1, r0, r0, asr r0",1
"andeq r2, r0, r0, lsl 16",1
"strpl r0, [r0], -0x100",1
"andeq r0, r0, r8, lsr 32",1
"andeq r0, r0, ip, lsr 32",1
"mrrchs p0, 0, r0, r0, c1",1
"strvs r0, [r0], -0",1
invalid,1
"rsbeq r5, r4, r0, lsl 8",1
"rsbseq r0, ip, r0",1
"andeq r0, r1, r0",1
"andeq r7, r0, r5, asr ip",1
"andeq fp, r0, r0, lsl 16",1
"strpl r0, [r0], -0x100",1
"andeq r0, r0, r0",1
"andeq r0, r0, r0",1
"andeq r0, r0, r4, lsr r0",1
"andeq r0, r0, r0, asr r0",1
"subseq r0, r0, r1",1
"andeq r0, r0, r0",1
"andeq r0, r0, r0",1
"streq r0, [r0], -0",1
"andeq r0, r0, 0",1
"streq r7, [r0], -0xd00",1
"strpl r0, [r0], -0",1
"andeq r0, r0, 0",1
"andeq r7, r8, r0, lsl 26",1
"andeq r0, r0, r0",1
"andeq r0, r0, r0",1
blmi 0x1ab18,1
invalid,1
"subeq r5, fp, r0, lsl 2",1
"subeq r0, ip, r0",1
"andeq r0, r4, r0",1
svcls 0x5101f3,1
"andeq r0, r0, ip, asr 32",1
"andeq r0, r0, r4, asr r0",1
"subseq r0, r1, r1",1
"andeq r0, r0, r0",1
"andeq r0, r0, r0",1
blmi 0x1ab44,1
"andeq r0, r0, 0",1
blmi 0x36b4c,1
invalid,1
"movweq r0, 0",1
"andpl pc, r1, r0, lsl 6",1
"andeq r0, r0, ip, asr 32",1
"andeq r0, r0, r4, asr r0",1
"rsbseq r0, r0, r2",1
"andeq r0, r0, r0",1
"andeq r0, r0, r0",1
"andeq r0, r0, r4, asr r0",1
"andeq r0, r0, r8, asr r0",1
"rsbseq r0, sp, r2",1
"andeq r0, r0, r8, asr r0",1
"andeq r0, r0, r0, ror 3",1
"rsbsne r0, sp, r2",1
"andeq r0, r0, r0",1
"andeq r0, r0, r0",1
"andeq r0, r0, r4, asr r0",1
"andeq r0, r0, r4, rrx",1
"ldrbvs r0, [r0], -1",1
"and r0, r0, r0",1
invalid,1
"andeq r5, r0, r0, lsl 10",1
"andeq r0, r0, r0",1
"subseq r0, r4, r0",1
"rsbeq r0, r8, r0",1
"andeq r0, r1, r0",1
"andeq r6, r0, r1, asr r8",1
"andeq lr, r1, r0",1
"strpl r0, [r0], -r0, lsl 2",1
"andeq r0, r0, r0",1
"andeq r0, r0, r0",1
"andeq r0, r0, r4, ror r0",1
"andeq r0, r0, pc, ror r0",1
svcvc 0x500001,1
invalid,1
invalid,1
invalid,1
"orreq r0, r8, r0",1
"andeq r0, r1, r0",1
"andeq sl, r1, r4, asr r0",1
"andeq sl, r1, r0, lsl 16",1
"strpl r0, [r0], -0x100",1
"strheq r0, [r0], -r4",1
"andeq r0, r0, r0, asr 3",1
"subseq r0, r4, r1",1
"andeq r0, r0, r0",1
"andhi r0, r0, r0",1
"andgt r0, r0, r0",1
invalid,1
"andeq r5, r0, r0",1
"andeq r0, r0, r0",1
"addeq r0, r0, r0",1
"biceq r0, r0, r0",1
"andeq r0, r2, r0",1
"andeq sb, r0, r0, lsr pc",1
"andeq r0, r0, r0",1
"addeq r0, r0, r0",1
"biceq r0, r0, r0",1
"andeq r0, r3, r0",1
"addseq r3, pc, r8, lsl 16",1
"andeq r0, r0, r0",1
"andhi r0, r0, r0",1
"andgt r0, r0, r0",1
"movweq r0, 1",1
svcls 0x2d0800,1
"andeq r0, r0, r0",1
"andeq r0, r0, r0",1
"andeq r0, r0, r0, lsl 1",1
"andeq r0, r0, r0, asr 3",1
"strmi r0, [r8], -r3",1
"muleq r0, pc, r0",1
"andeq r0, r0, r0",1
"andeq r8, r0, r0",1
"andeq ip, r1, r0",1
"stmdaeq r0, {r8, sb}",1
"andeq sb, r0, r4, asr pc",1
"andeq r0, r0, r0",1
"addeq r0, r0, r0",1
"biceq r0, r0, r0",1
"andeq r0, r3, r0",1
"addseq r5, pc, r8, lsl 10",1
"andeq r0, r0, r0",1
"andls r0, r0, r0",1
invalid,1
"andeq r0, r0, 1",1
"addseq r3, pc, r0",1
"andeq r0, r0, r0",1
"andls r0, r0, r0",1
invalid,1
"movweq r0, 1",1
svcls 0x380800,1
"andeq r0, r0, r0",1
"andeq r0, r0, r0",1
"muleq r0, r0, r0",1
"andeq r0, r0, r8, lsl 2",1
"stchs p0, c0, [r8, -0xc]",1
"muleq r0, pc, r0",1
"andeq r0, r0, r0",1
"andeq sb, r0, r0",1
"andeq r0, r1, r0, lsl 16",1
"stmdaeq r0, {r8, sb}",1
"andeq sb, r0, r6, asr 30",1
"andeq r0, r0, r0",1
"addseq r0, r0, r0",1
invalid,1
"andeq r0, r3, r0",1
"addseq r5, pc, r8, lsl 8",1
"andeq r0, r0, r0",1
"andls r0, r0, r0",1
invalid,1
invalid,1
"andeq r5, r0, r0",1
"andeq r0, r0, r0",1
"adceq r0, r0, r0",1
invalid,1
"andeq r0, r2, r0",1
"andeq sb, r0, r0, lsr pc",1
"andeq r0, r0, r0",1
"adceq r0, r0, r0",1
invalid,1
"andeq r0, r3, r0",1
"addseq r3, pc, r8, lsl 16",1
"andeq r0, r0, r0",1
"andge r0, r0, r0",1
invalid,1
"movweq r0, 1",1
svcls 0x2d0800,1
"andeq r0, r0, r0",1
"andeq r0, r0, r0",1
"andeq r0, r0, r0, lsr 1",1
"andeq r0, r0, r8, lsl 2",1
"strmi r0, [r8], -r3",1
"muleq r0, pc, r0",1
"andeq r0, r0, r0",1
"andeq sl, r0, r0",1
"andeq r0, r1, r0, lsl 16",1
"andpl r0, r0, r0, lsl 2",1
"andeq r0, r0, r0",1
"andeq r0, r0, r0",1
"strheq r0, [r0], -r4",1
"andeq r0, r0, r4, ror 1",1
svcls 0x300002,1
"andeq r0, r0, r0",1
"andeq r0, r0, r0",1
"strheq r0, [r0], -r4",1
"andeq r0, r0, r4, ror 1",1
"stmdalo r8, {r0, r1}",1
"muleq r0, pc, r0",1
"andeq r0, r0, r0",1
"andeq fp, r0, r0, lsl 8",1
"andeq lr, r0, r0, lsl 8",1
"stmdaeq r0, {r8, sb}",1
"andeq sb, r0, sp, lsr 30",1
"andeq r0, r0, r0",1
"adcseq r0, r4, r0",1
"rsceq r0, r4, r0",1
"andeq r0, r1, r0",1
"andeq r0, r0, r0, asr r0",1
"andeq r0, r0, r0",1
"andeq ip, r0, r0, lsl 8",1
"andeq lr, r0, r0, lsl 8",1
"andlo r0, r0, r0, lsl 4",1
"muleq r0, pc, r0",1
"andeq r0, r0, r0",1
"andeq ip, r0, r0, lsl 8",1
"andeq lr, r0, r0, lsl 8",1
"stmdaeq r0, {r8, sb}",1
"andeq sb, r0, r8, lsr pc",1
"andeq r0, r0, r0",1
"sbceq r0, r4, r0",1
"rsceq r0, r4, r0",1
"andeq r0, r1, r0",1
"andeq r0, r0, r0, asr r0",1
"andeq r0, r0, r0",1
"andeq r0, r1, r0, lsl 16",1
"andeq sl, r1, r0",1
"andlo r0, r0, r0, lsl 4",1
"muleq r1, pc, r4",1
"andeq ip, r1, r0",1
"andlo r0, r0, r0, lsl 4",1
"muleq r0, pc, r0",1
"andeq r0, r0, r0",1
"andeq r0, r1, r0, lsl 16",1
"andeq sl, r1, r0",1
"stmdaeq r0, {r8, sb}",1
invalid,1
"biceq r0, r0, r0",1
"andeq r0, r3, r0",1
"addseq r3, pc, r8",1
"andeq r0, r0, r0",1
invalid,1
"andge r0, r0, r1",1
"movweq r0, 1",1
svcls 0x330800,1
"strheq r0, [r0], -r4",1
"andeq r0, r0, r0, asr 3",1
"movwlo r0, 0x8003",1
"muleq r0, pc, r0",1
"andeq r0, r0, r0",1
"andeq r0, r1, r0, lsl 16",1
"andeq sl, r1, r0",1
"stmdaeq r0, {r8, sb}",1
invalid,1
"biceq r0, r0, r0",1
"andeq r0, r3, r0",1
"addseq r3, pc, r8, lsl 16",1
"andeq r0, r0, r0",1
invalid,1
"andge r0, r0, r1",1
"movweq r0, 1",1
svcls 0x310800,1
"strheq r0, [r0], -r4",1
"andeq r0, r0, r0, asr 3",1
invalid,1
"muleq r0, pc, r0",1
"andeq r0, r0, r0",1
"andeq r0, r1, r0, lsl 16",1
"andeq sl, r1, r0",1
"stmdaeq r0, {r8, sb}",1
invalid,1
"biceq r0, r0, r0",1
"andeq r0, r3, r0",1
"addseq r4, pc, r8, lsl 4",1
"andeq r0, r0, r0",1
invalid,1
"andge r0, r0, r1",1
"movweq r0, 1",1
svcls 0x470800,1
"strheq r0, [r0], -r4",1
"andeq r0, r0, r0, asr 3",1
"strmi r0, [r8, -r3]",1
"muleq r0, pc, r0",1
"andeq r0, r0, r0",1
"andeq r0, r1, r0, lsl 16",1
"andeq sl, r1, r0",1
"andpl r0, r0, r0, lsl 2",1
"strheq r0, [r0], -r4",1
"andeq r0, r0, r0, asr 3",1
"subseq r0, r0, r1",1
"andeq r0, r0, r0",1
invalid,1
"andge r0, r0, r1",1
"andeq r0, r0, 1",1
"addseq r3, pc, r0",1
"andeq r0, r0, r0",1
invalid,1
"andge r0, r0, r1",1
"movweq r0, 1",1
svcls 0x300800,1
"andeq r0, r0, r0",1
"andeq r0, r0, r0",1
"andeq r0, r0, r8, lsl 2",1
"andeq r0, r0, r0, lsr 3",1
"movwlo r0, 0x8003",1
"muleq r0, pc, r0",1
"andeq r0, r0, r0",1
"andeq r0, r1, r0, lsl 16",1
"andeq sl, r1, r0",1
"stmdaeq r0, {r8, sb}",1
"andeq sb, r0, r8, lsr pc",1
"andeq r0, r0, r0",1
invalid,1
"moveq r0, r0",1
"andeq r0, r3, r0",1
"addseq r3, pc, r8, lsl 2",1
"andeq r0, r0, r0",1
invalid,1
"andge r0, r0, r1",1
"movweq r0, 1",1
svcls 0x420800,1
"andeq r0, r0, r0",1
"andeq r0, r0, r0",1
"andeq r0, r0, r8, lsl 2",1
"andeq r0, r0, r0, lsr 3",1
"subseq r0, r0, r1",1
"andeq r0, r0, r0",1
invalid,1
invalid,1
"andeq r0, r0, 1",1
"addseq r3, pc, r0",1
"andeq r0, r0, r0",1
invalid,1
invalid,1
"movweq r0, 1",1
svcls 0x300800,1
"andeq r0, r0, r0",1
"andeq r0, r0, r0",1
"andeq r0, r0, ip, lsl r1",1
"andeq r0, r0, ip, ror r1",1
"movwlo r0, 0x8003",1
"muleq r0, pc, r0",1
"andeq r0, r0, r0",1
"andeq r1, r1, r0, lsl 24",1
"andeq r7, r1, r0, lsl 24",1
"stmdaeq r0, {r8, sb}",1
"andeq sb, r0, r8, lsr pc",1
"andeq r0, r0, r0",1
"tsteq ip, r0",1
"cmneq ip, r0",1
"andeq r0, r3, r0",1
"addseq r3, pc, r8, lsl 2",1
"andeq r0, r0, r0",1
invalid,1
invalid,1
invalid,1
"andeq r5, r0, r0",1
"andeq r0, r0, r0",1
invalid,1
"cmneq ip, r0",1
"andeq r0, r2, r0",1
"andeq sb, r0, r0, lsr pc",1
"andeq r0, r0, r0",1
invalid,1
"cmneq ip, r0",1
"andeq r0, r3, r0",1
"addseq r3, pc, r8",1
"andeq r0, r0, r0",1
invalid,1
invalid,1
"movweq r0, 1",1
svcls 0x330800,1
"andeq r0, r0, r0",1
"andeq r0, r0, r0",1
"andeq r0, r0, ip, lsr 2",1
"andeq r0, r0, ip, ror r1",1
"stmdalo r8, {r0, r1}",1
"muleq r0, pc, r0",1
"andeq r0, r0, r0",1
"andeq r2, r1, r0, lsl 24",1
"andeq r7, r1, r0, lsl 24",1
"andpl r0, r0, r0, lsl 2",1
"andeq r0, r0, r0",1
"andeq r0, r0, r0",1
"andeq r0, r0, ip, lsr r1",1
"andeq r0, r0, ip, ror r1",1
svcls 0x300002,1
"andeq r0, r0, r0",1
"andeq r0, r0, r0",1
"andeq r0, r0, ip, lsr r1",1
"andeq r0, r0, ip, ror r1",1
"andlo r0, r8, r3",1
"muleq r0, pc, r0",1
"andeq r0, r0, r0",1
"andeq r3, r1, r0, lsl 24",1
"andeq r7, r1, r0, lsl 24",1
"stmdaeq r0, {r8, sb}",1
"andeq sb, r0, r3, lsr pc",1
"andeq r0, r0, r0",1
"teqeq ip, r0",1
"cmneq ip, r0",1
"andeq r0, r1, r0",1
"andeq r0, r0, r0, asr r0",1
"andeq r0, r0, r0",1
"andeq r4, r1, r0, lsl 24",1
"andeq r7, r1, r0, lsl 24",1
"andlo r0, r0, r0, lsl 4",1
"muleq r0, pc, r0",1
"andeq r0, r0, r0",1
"andeq r4, r1, r0, lsl 24",1
"andeq r7, r1, r0, lsl 24",1
"stmdaeq r0, {r8, sb}",1
"andeq sb, r0, r0, lsr pc",1
"andeq r0, r0, r0",1
"mrseq r0, spsr",1
"cmneq ip, r0",1
"andeq r0, r3, r0",1
"addseq r3, pc, r8, lsl 6",1
"andeq r0, r0, r0",1
invalid,1
invalid,1
invalid,1
"andeq r5, r0, r0",1
"andeq r0, r0, r0",1
"cmpeq ip, r0",1
"cmneq ip, r0",1
"andeq r0, r2, r0",1
"andeq sb, r0, r0, lsr pc",1
"andeq r0, r0, r0",1
"cmpeq ip, r0",1
"cmneq ip, r0",1
"andeq r0, r3, r0",1
"addseq r3, pc, r8",1
"andeq r0, r0, r0",1
invalid,1
invalid,1
invalid,1
"andeq r5, r0, r0",1
"andeq r0, r0, r0",1
"mvneq r0, r0",1
invalid,1
"andeq r0, r2, r0",1
invalid,1
invalid,1
"andeq r0, r2, r0",1
invalid,1
svceq 0,1
"andeq r0, r3, r0",1
"andeq r8, r1, sp, ror r8",1
"andeq r0, r0, r0",1
"and r0, r0, r0",1
blx 0x1b196,1
invalid,1
invalid,1
svceq 0,1
"andeq r0, r3, r0",1
invalid,1
"andeq r0, r0, r0",1
"and r0, r0, r0",1
blx 0x1b1b6,1
invalid,1
invalid,1
"strteq r0, [r4], -0",1
"andeq r0, r1, r0",1
"andeq r2, r4, sl, asr r4",1
"andeq r2, r4, r0, lsl 24",1
"movwpl r0, 0x100",1
"andeq r0, r0, ip, lsr 8",1
"andeq r0, r0, r4, lsl 29",1
"ldrbhi r0, [sb], -1",1
"stmdale r0, {r1, r2, r3}",1
invalid,1
"vfnmseq.f32 s11, s16, s0",1
svceq 0,1
"andeq r0, r1, r0",1
"andeq r0, r0, sb, asr r0",1
"andeq r0, r0, r0",1
"andeq lr, r1, r0",1
"andeq pc, r1, r0, lsl 22",1
"andpl r0, r0, 0, 2",1
"strdeq r0, r1, [r0], -fp",1
"andeq r0, r0, ip, lsr 8",1
"mrrchs p0, 0, r0, r5, c1",1
"strhi r0, [r0], -4",1
"streq r0, [r0], -0xe",1
"andpl pc, r1, 0, 6",1
"muleq lr, pc, r4",1
"andeq sp, lr, r0, lsl 16",1
"strpl r0, [r0, -0x100]",1
"ldrdeq r0, r1, [r0], -r8",1
"andeq r0, r0, r0, lsl 30",1
invalid,1
"andeq sb, r0, r2, asr pc",1
"andeq r0, r0, r0",1
"mvneq r0, r0",1
invalid,1
"andeq r0, r1, r0",1
"andeq pc, r1, r3, asr fp",1
"andeq r3, ip, r0, lsl 24",1
blpl 0x1b650,1
"andeq r0, r0, ip, lsr ip",1
"andeq r0, r0, ip, asr 25",1
"ldrls r0, [r1], 3",1
"andeq ip, ip, pc, ror ip",1
"andeq r3, sp, r0, lsl 16",1
blpl 0x1b668,1
"andeq r0, r0, r8, lsr sp",1
"andeq r0, r0, r4, asr 26",1
"ldrls r0, [r1], 3",1
"andeq r4, sp, pc, ror r4",1
"andeq r2, lr, r0, lsl 16",1
blpl 0x1b680,1
"andeq r0, r0, r8, lsr 28",1
"andeq r0, r0, r8, lsr lr",1
"ldrls r0, [r1], 3",1
"andeq r3, lr, pc, ror r8",1
"andeq r0, pc, r0",1
blpl 0x1b698,1
"andeq r0, r0, r0",1
"andeq r0, r0, r0",1
"andeq r0, r0, r0, ror 3",1
"andeq r0, r0, r4, asr 4",1
"addseq r0, r1, r2",1
"andeq r0, r0, r4, asr 4",1
"andeq r0, r0, r0, lsl 5",1
svcls 0x330002,1
"andeq r0, r0, r0, lsl 5",1
"andeq r0, r0, r8, lsl r3",1
"addseq r0, r1, r2",1
"andeq r0, r0, r8, lsl r3",1
"andeq r0, r0, r4, asr r3",1
svcls 0x320002,1
"andeq r0, r0, r4, asr r3",1
"muleq r0, r4, r3",1
"addseq r0, r1, r2",1
"muleq r0, r4, r3",1
"andeq r0, r0, ip, asr 7",1
svcls 0x330002,1
"andeq r0, r0, ip, asr 7",1
"andeq r0, r0, r0, lsl 8",1
svcls 0x320002,1
"andeq r0, r0, r0, lsl 8",1
"andeq r0, r0, r4, lsl 29",1
"ldmvc r1, {r1}",1
"andeq r0, r0, r4, lsl 29",1
"andeq r0, r0, ip, lsr 29",1
svcls 0x330002,1
"andeq r0, r0, ip, lsr 29",1
"ldrdeq r0, r1, [r0], -r8",1
svcls 0x320002,1
"ldrdeq r0, r1, [r0], -r8",1
"andeq r0, r0, r0, lsl 30",1
"ldmvc r1, {r1}",1
"andeq r0, r0, r0",1
"andeq r0, r0, r0",1
"andeq r0, r0, r0, ror 3",1
"muleq r0, ip, r2",1
"ldceq p0, c0, [r1], {2}",1
"muleq r0, ip, r2",1
"andeq r0, r0, r0, lsr 5",1
"subsge r0, r0, r1",1
"stmdale r0, {r1}",1
"andeq r0, r0, 2",1
"stmdale r4, {r8, ip, pc}",1
invalid,1
invalid,1
"rscseq r5, r8, 0, 24",1
"tsteq r8, 0",1
"andeq r0, r2, r0",1
"tsteq r8, 0x91000000",1
"streq r0, [r0], -0",1
"andeq r0, r2, r0",1
"streq r0, [r0], -0xc91",1
"cdpeq p0, 8, c0, c4, c0, 0",1
"andeq r0, r2, r0",1
"mcreq p4, 4, r0, c4, c1, 4",1
"cdpeq p0, 0xd, c0, c8, c0, 0",1
"andeq r0, r2, r0",1
"mrceq p12, 6, r0, c8, c1, 4",1
svceq 0,1
"andeq r0, r2, r0",1
"muleq r0, r1, r4",1
"andeq r0, r0, r0",1
"mvneq r0, r0",1
"adceq r0, ip, 0",1
"andeq r0, r2, r0",1
"adceq r1, ip, 0x91",1
"tsteq r8, 0",1
"andeq r0, r2, r0",1
"tsteq r8, 0x910000",1
"streq r0, [r0], -0",1
"andeq r0, r2, r0",1
"streq r1, [r0], -0x91",1
"cdpeq p0, 8, c0, c4, c0, 0",1
"andeq r0, r2, r0",1
"mcreq p8, 4, r0, c4, c1, 4",1
"cdpeq p0, 0xd, c0, c8, c0, 0",1
"andeq r0, r2, r0",1
"mrceq p0, 6, r1, c8, c1, 4",1
svceq 0,1
"andeq r0, r2, r0",1
"muleq r0, r1, r8",1
"andeq r0, r0, r0",1
"streq r0, [r0], -0",1
"strteq r0, [ip], -0",1
"andeq r0, r2, r0",1
"strteq sb, [ip], -0xf30",1
"ldrbeq r0, [ip, r0]!",1
"andeq r0, r1, r0",1
"andeq pc, r7, r6, asr ip",1
"andeq r5, r8, r0, lsl 16",1
"movwpl r0, 0x100",1
"andeq r0, r0, r8, asr r8",1
"andeq r0, r0, r0, asr 25",1
"subsgt r0, r6, r1",1
invalid,1
invalid,1
"stcleq p0, c5, [ip], {0}",1
"cdpeq p0, 8, c0, c4, c0, 0",1
"andeq r0, r1, r0",1
"andeq sp, lr, r6, asr r8",1
"andeq r0, pc, r0",1
"strpl r0, [r0], -r0, lsl 2",1
"andeq r0, r0, r0",1
"andeq r0, r0, r0",1
"strdeq r0, r1, [r0], -r8",1
"ldrdeq r0, r1, [r0], -r8",1
svcls 0x300002,1
"andeq r0, r0, r4, ror 5",1
"strdeq r0, r1, [r0], -r4",1
invalid,1
invalid,1
"andeq r0, r0, 2",1
invalid,1
"stmdane r0, {r1}",1
invalid,1
"tsteq r8, 0, 16",1
"streq r0, [r0], -0",1
"andeq r0, r2, r0",1
"streq sb, [r0], -0xf30",1
"ldreq r0, [r4, -r0]",1
"andeq r0, r1, r0",1
"andeq r1, r7, r8, asr r4",1
"andeq r4, r7, r0, lsl 16",1
"andpl r0, r0, 0, 2",1
"andeq r0, r0, r8, asr 14",1
"andeq r0, r0, ip, asr r7",1
"mrrcpl p0, 0, r0, r3, c1",1
"andvs r0, r0, r7",1
invalid,1
"strbeq r5, [r0, -r0, lsl 4]!",1
invalid,1
"andeq r0, r1, r0",1
"andeq r1, r8, r8, asr r0",1
"andeq r4, r8, r0, lsl 24",1
invalid,1
"andeq r0, r0, ip, asr 16",1
"andeq r0, r0, r4, asr sb",1
"ldrbpl r0, [r8], -1",1
invalid,1
invalid,1
"ldmdbeq ip!, {r8, sb, ip, lr} ^",1
invalid,1
"andeq r0, r1, r0",1
"andeq pc, sb, r8, asr r4",1
"andeq pc, fp, r0, lsl 8",1
"mrsls r0, lr_irq",1
"ldceq p15, c7, [ip], -0x2d0",1
"mrrceq p0, 0, r0, r8, c0",1
"andeq r0, r1, r0",1
"andeq r5, ip, r8, asr r8",1
"andeq r8, ip, r0, lsl 8",1
"andpl r0, r0, r0, lsl 2",1
"andeq r0, r0, r4, lsl 25",1
"andeq r0, r0, r0, asr 27",1
"subs r0, r8, r1",1
"andhs r0, r0, sp",1
invalid,1
"cdpeq p8, 2, c5, c0, c0, 0",1
"cdpeq p0, 2, c0, c8, c0, 0",1
"andeq r0, r3, r0",1
"ldmdahs pc!, {r0, r4, r7, sl, ip, sp, pc} ^",1
invalid,1
invalid,1
"cdpeq p8, 8, c5, c4, c0, 0",1
"cdpeq p0, 0xd, c0, c8, c0, 0",1
"andeq r0, r2, r0",1
"mrceq p15, 6, sb, c8, c0, 1",1
"cdpeq p0, 0xe, c0, c4, c0, 0",1
"andeq r0, r1, r0",1
"andeq r0, r0, r2, asr r0",1
"andeq r0, r0, r0",1
"andeq pc, r1, r0, lsl 16",1
"andeq fp, r2, r0, lsl 24",1
"andlo r0, r0, r0, lsl 4",1
"muleq r2, pc, ip",1
"andeq sp, r2, r0, lsl 16",1
"mrsls r0, r8_usr",1
"andeq pc, r2, r4, lsl 8",1
"andeq pc, r2, r0, lsl 16",1
invalid,1
"strdeq r0, r1, [r0], -r8",1
"andeq r0, r0, r8, lsl r3",1
"ldmeq r1, {r1}",1
"andeq r0, r0, r8, lsl r3",1
"andeq r0, r0, r0, lsl 8",1
svcls 0x300002,1
"andeq r0, r0, r0, lsl 8",1
"andeq r0, r0, r0, asr 27",1
"ldrge r0, [r1], 3",1
"andeq ip, sp, pc, ror r0",1
"andeq sp, sp, r0, lsl 8",1
"andpl r0, r0, r0, lsl 2",1
"andeq r0, r0, r0, lsl 28",1
"andeq r0, r0, r4, lsl 29",1
"ldrge r0, [r1], 3",1
"andeq r8, lr, pc, ror r4",1
"andeq sp, lr, r0, lsl 16",1
"andlo r0, r0, r0, lsl 4",1
"muleq lr, pc, r8",1
"andeq lr, lr, r0, lsl 8",1
"mrsls r0, lr_irq",1
"andeq r7, r0, r4, lsr 31",1
"andeq r0, r0, r0",1
invalid,1
"movweq r0, 0x4000",1
"andeq r0, r2, r0",1
"movweq sb, 0x4f30",1
"movweq r0, 0x8000",1
"andeq r0, r1, r0",1
"andeq r0, r3, r0, asr r8",1
"andeq r1, r3, r0, lsl 16",1
"stmdbpl r0, {r8}",1
"andeq r0, r0, r8, lsl r3",1
"andeq r0, r0, r0, lsl 8",1
svcls 0x300002,1
"andeq r0, r0, r0, lsl 8",1
"andeq r0, r0, r8, lsr 8",1
"ldmdahs sb, {r0} ^",1
invalid,1
invalid,1
"vdiveq.f32 s10, s8, s0",1
"cdpeq p0, 0xd, c0, c8, c0, 0",1
"andeq r0, r2, r0",1
"andeq sb, r0, r0, lsr pc",1
"andeq r0, r0, r0",1
invalid,1
"rscseq r0, r8, 0",1
"andeq r0, r2, r0",1
"rscseq sb, r8, 48, 30",1
"tsteq r8, 0",1
"andeq r0, r2, r0",1
"tsteq r8, 49, 30            ; 0x31",1
"streq r0, [r0], -0",1
"andeq r0, r2, r0",1
"streq sb, [r0], -0xf30",1
"cdpeq p0, 8, c0, c4, c0, 0",1
"andeq r0, r3, r0",1
"ldrbthi r8, [pc], -0xc91    ; [0x1b65c:4]=0x200000e",1
"stmdale r0, {r1, r2, r3}",1
"andeq r0, r0, 0xe",1
"ldmle pc, {ip, sp}",1
"andeq r0, r0, lr",1
"movweq r0, 0xf",1
svcvc 0x8c9100,1
"andeq r0, r0, r0",1
"andeq r0, r0, r0",1
"andeq r0, r0, r0, lsl 4",1
"andeq r0, r0, r4, lsl 4",1
"rsbseq r0, r0, r5",1
"ldreq r2, [pc], 0x931       ; [0x1b68c:4]=0x700000f",1
"andeq r0, r0, r2",1
"streq r0, [r0, -pc]",1
svcvc 0xac9100,1
svcls 0x293106,1
"andeq r0, r0, r0",1
"andeq r0, r0, r0",1
"andeq r0, r0, r0, lsl r2",1
"andeq r0, r0, r4, lsl 29",1
"addsls r0, r1, r3",1
"andeq r8, lr, pc, ror r4",1
"andeq sp, lr, r0, lsl 16",1
"mrslo r0, r8_usr",1
"muleq lr, pc, r8",1
"andeq r0, pc, r0",1
"mrsls r0, lr_irq",1
"muleq r0, r0, pc",1
"andeq r0, r0, r0",1
"ldrbeq r0, [r0], 0",1
"ldrbeq r0, [r4, -r0]",1
"andeq r0, r2, r0",1
invalid,1
"strbeq r0, [r0, -r0]!",1
"andeq r0, r4, r0",1
"uhadd8eq sb, pc, r1",1
"andeq r0, r0, r0, ror 14",1
"andeq r0, r0, ip, asr 15",1
"rsbseq r0, r1, r2",1
"andeq r0, r0, ip, asr 15",1
"strdeq r0, r1, [r0], -ip",1
"ldmls r1, {r2}",1
invalid,1
invalid,1
"andeq r0, r5, r0",1
"rsbseq r0, r3, r5, ror r0",1
"andeq r5, r8, r2, lsr 16",1
"andeq r7, r8, r0, lsl 16",1
"mrsvc r0, r8_usr",1
"andeq r7, r8, r0, lsl 16",1
"andeq sb, r8, r0",1
invalid,1
"mulls r6, r8, pc",1
"stmdals r0, {r3}",1
"andeq r0, r0, 8",1
"stmdals r0, {r8, ip, sp, lr}",1
"andgt r0, r0, r8",1
"streq r0, [r0], -8",1
svcvc 0x989100,1
"andeq ip, r8, r6",1
"andeq ip, r8, r0, lsl 8",1
"mrsvc r0, r8_usr",1
"andeq ip, r8, r0, lsl 8",1
"andeq sp, r8, r0, lsl 8",1
invalid,1
"strle r7, [r6], -0xf98",1
invalid,1
"andeq r0, r0, 9",1
invalid,1
"stmdahs r0, {r0, r3}",1
"streq r0, [r0], -9",1
svcvc 0x989100,1
"andeq r2, sb, r6, lsl 16",1
"andeq r7, sb, r0, lsl 8",1
"mrsvc r0, r8_usr",1
"andeq r7, sb, r0, lsl 8",1
"andeq r8, sb, r0",1
invalid,1
"mulhi r6, r8, pc",1
svchi 9,1
"andeq r0, r0, 9",1
svchi 0x7100,1
"andlt r0, r0, sb",1
invalid,1
"ldmibeq r0!, {sl, ip, lr}",1
invalid,1
"andeq r0, r2, r0",1
"stmibeq fp, {r0, r4, r5, r6} ^",1
invalid,1
"andeq r0, r1, r0",1
"andeq pc, sb, r4, asr r4",1
"andeq pc, fp, r0, lsl 8",1
"mrsls r0, lr_irq",1
"ldceq p15, c7, [ip], -0x2f0",1
"stceq p0, c0, [r8], {0}",1
"andeq r0, r1, r0",1
"andeq r8, ip, r4, asr ip",1
"andeq ip, ip, r0, lsl 8",1
"strpl r0, [r0], -0x100",1
"andeq r0, r0, r4, asr 25",1
"andeq r0, r0, ip, asr 25",1
"rsbseq r0, r7, r2",1
"andeq r0, r0, ip, asr 25",1
"ldrdeq r0, r1, [r0], -r8",1
"subsne r0, r4, r1",1
"strne r0, [r0], -0xd",1
"streq r0, [r0], -0xd",1
svcvc 0x989100,1
"andeq r1, sp, r6, lsl 8",1
"andeq r5, sp, r0, lsl 8",1
"strpl r0, [r0], -0x100",1
"andeq r0, r0, r8, lsl 28",1
"andeq r0, r0, r0, lsl lr",1
"rsbseq r0, r1, r2",1
"andeq r0, r0, r0, lsl lr",1
"andeq r0, r0, r8, lsl lr",1
"ldmls r1, {r2}",1
"mrceq p6, 0, r0, c8, c15, 3",1
"cdpeq p0, 2, c0, c0, c0, 0",1
"andeq r0, r2, r0",1
"mcreq p0, 1, r0, c0, c1, 3",1
"cdpeq p0, 2, c0, c8, c0, 0",1
"andeq r0, r3, r0",1
"ldmdahs pc!, {r0, r4, r7, sl, fp, ip, sp, pc} ^",1
invalid,1
invalid,1
"cdpeq p4, 0xd, c5, c8, c0, 0",1
"cdpeq p0, 0xe, c0, c4, c0, 0",1
"andeq r0, r3, r0",1
"addseq r3, pc, r8",1
"andeq r0, r0, r0",1
invalid,1
"andvs r0, r0, r8",1
"movweq r0, 8",1
svcls 0x660800,1
"andeq r0, r0, r0, ror 16",1
"andeq r0, r0, r8, ror 16",1
"strvc r0, [r8], -3",1
"muleq r8, pc, r8",1
"andeq r7, r8, r0",1
"stmdaeq r0, {r8, sb}",1
"ldmdaeq r0!, {r1, r2, r4, r5, r6, r8, sb, sl, fp, ip, pc} ^",1
invalid,1
"andeq r0, r3, r0",1
"ldmls pc, {r3, sl, fp, ip, lr}",1
invalid,1
"movweq r0, 8",1
svcls 0x5c0800,1
"muleq r0, ip, r8",1
"andeq r0, r0, r0, asr 17",1
"ldrbgt r0, [r3], -1",1
"strle r0, [r0], -8",1
invalid,1
"ldceq p3, c5, [r0, -0]",1
"ldceq p0, c0, [r4, -0]",1
"andeq r0, r1, r0",1
"andeq r0, r0, r3, asr r0",1
"andeq r0, r0, r0",1
"andeq r2, r4, r0, lsl 24",1
"andeq ip, r4, r0, lsl 8",1
"andlo r0, r0, r0, lsl 4",1
"muleq r4, pc, r4",1
"andeq r3, ip, r0, lsl 24",1
"mrsls r0, lr_irq",1
"ldceq p15, c7, [ip], -0x250",1
"stceq p0, c0, [r4], 0",1
"andeq r0, r1, r0",1
"andeq sl, ip, r5, asr r4",1
"andeq sl, ip, r0, lsl 16",1
"andlo r0, r0, r0, lsl 4",1
"muleq ip, pc, r8",1
"andeq ip, ip, r0, lsl 24",1
"strpl r0, [r0, -0x100]",1
"andeq r0, r0, ip, asr 25",1
"andeq r0, r0, r8, lsr sp",1
"ldrls r0, [r1], 3",1
"andeq r3, sp, pc, ror r8",1
"andeq r4, sp, r0",1
"strpl r0, [r0, -0x100]",1
"andeq r0, r0, r0, lsl 28",1
"andeq r0, r0, r8, lsl 28",1
svcls 0x300002,1
"andeq r0, r0, r8, lsl 28",1
"andeq r0, r0, r8, lsr 28",1
"ldrls r0, [r1], 3",1
"andeq r2, lr, pc, ror r8",1
"andeq r3, lr, r0",1
"strpl r0, [r0, -0x100]",1
"andeq r0, r0, r8, lsr lr",1
"andeq r0, r0, ip, lsr lr",1
"ldrls r0, [r1], 3",1
"andeq sp, lr, pc, ror r8",1
"andeq lr, lr, r0, lsl 8",1
"mrsls r0, lr_irq",1
"muleq r0, r4, pc",1
"andeq r0, r0, r0",1
invalid,1
invalid,1
"andeq r0, r2, r0",1
"ldmibeq ip!, {r0, r4, r5, r8, sb, sl, fp, ip, pc}",1
invalid,1
"andeq r0, r2, r0",1
"ldmibeq r4!, {r4, r5, r8, sb, sl, fp, ip, pc} ^",1
beq 0xe1b98c,1
"andeq r0, r1, r0",1
"andeq r3, sl, sl, asr r8",1
"andeq r5, sl, r0, lsl 16",1
"strpl r0, [r0, -r0, lsl 2]",1
"andeq r0, r0, r8, asr sl",1
"andeq r0, r0, r4, lsl 21",1
"ldrbhi r0, [r3], -1",1
"strls r0, [r0], -0xa",1
invalid,1
bleq 0xfe5321b4,1
bleq 0xfe61b9b8,1
"andeq r0, r1, r0",1
"andeq sb, fp, r7, asr r8",1
"andeq sl, fp, r0, lsl 16",1
bpl 0x1bdc8,1
"andeq r0, r0, r8, lsr 23",1
"andeq r0, r0, ip, asr 23",1
"mrrcgt p0, 0, r0, r7, c1",1
"stmdale r0, {r0, r1, r3}",1
invalid,1
bleq 0xff6305e0,1
bleq 0xff71b9e4,1
"andeq r0, r1, r0",1
"andeq sp, fp, r7, asr ip",1
"andeq lr, fp, r0, lsl 24",1
bpl 0x1bdf4,1
"andeq r0, r0, ip, ror 23",1
"strdeq r0, r1, [r0], -r4",1
"subshs r0, r7, r1",1
"strhs r0, [r0], -0xe",1
invalid,1
"andeq r5, r0, r0, lsl 20",1
"andeq r0, r0, r0",1
invalid,1
invalid,1
"andeq r0, r3, r0",1
"ldcllt p8, c10, [pc], -0x244",1
"vst4.8 {d0, d1, d2, d3}, [r0], sb",1
"andeq r0, r0, 9",1
invalid,1
"stmdale r0, {r0, r3}",1
"movweq r0, 0xb",1
svcvc 0xa89100,1
"ldrdeq r0, r1, [r0], -r8",1
"ldrdeq r0, r1, [r0], -ip",1
svcls 0x300002,1
"ldrdeq r0, r1, [r0], -ip",1
"andeq r0, r0, ip, asr 25",1
"ldmge r1, {r0, r1}",1
"andeq r3, sp, pc, ror r8",1
"andeq r4, sp, r0, lsl 8",1
"mrsls r0, lr_irq",1
"cdpeq p15, 2, c7, c0, c8, 5",1
"cdpeq p0, 3, c0, c8, c0, 0",1
"andeq r0, r3, r0",1
invalid,1
"andeq r0, r0, r0",1
"andlt r0, r0, r0",1
"vst4.8 {d0, d1, d2, d3}, [r0], sb",1
"andeq r0, r0, 0xb",1
"addshs r3, pc, r0, lsl 16",1
"stmdahs r0, {r1, r2, r3}",1
"andeq r0, r0, 0xe",1
"addseq r3, pc, r0, lsl 16",1
"andeq r0, r0, r0",1
"andlt r0, r0, r0",1
"vst4.8 {d0, d1, d2, d3}, [r0], sb",1
"andeq r0, r0, 0xb",1
"addshs r3, pc, r0",1
"stmdahs r0, {r1, r2, r3}",1
"andeq r0, r0, 0xe",1
"addseq r3, pc, r0",1
"andeq r0, r0, r0",1
"andlt r0, r0, r0",1
invalid,1
"movweq r0, 0xa",1
svcls 0x489100,1
"andeq r0, r0, ip, lsl 20",1
"andeq r0, r0, pc, lsl 20",1
svceq 0x530001,1
"stmdavc r0, {r1, r3}",1
"movweq r0, 0xb",1
svcls 0x489100,1
"andeq r0, r0, r8, ror fp",1
"andeq r0, r0, fp, ror fp",1
blvc 0x141bae8,1
"vst4.8 {d0, d1, d2, d3}, [r0], fp",1
"movweq r0, 0xb",1
svcls 0x489100,1
"andeq r0, r0, r0, lsr 28",1
"andeq r0, r0, r8, lsr 28",1
"ldmmi r1, {r0, r1}",1
"muleq r0, pc, r0",1
"andeq r0, r0, r0",1
"andeq r2, r4, r0, lsl 24",1
"andeq r8, lr, r0, lsl 8",1
"mrsls r0, r8_usr",1
"andeq sp, lr, r4, asr 16",1
"andeq r0, pc, r0",1
"mrsls r0, r8_usr",1
"andeq r0, r0, r4, asr 32",1
"andeq r0, r0, r0",1
"andeq r1, sl, r0",1
"andeq r5, fp, r0, lsl 24",1
"andpl r0, r0, r0, lsl 2",1
"andeq r0, r0, ip, asr fp",1
"andeq r0, r0, ip, lsl 23",1
"ldmdals r4, {r0} ^",1
"strle r0, [r0], -0xb",1
invalid,1
bleq 0xff72fb48,1
bleq 0xffb1bb4c,1
"andeq r0, r1, r0",1
"andeq r2, lr, r0, asr r0",1
"andeq r2, lr, r0, lsl 16",1
"andpl r0, r0, r0, lsl 2",1
"andeq r0, r0, r0",1
"andeq r0, r0, r0",1
"andeq r0, r0, r0, lsr 21",1
"strheq r0, [r0], -r4",1
svcls 0x310002,1
"andeq r0, r0, r0",1
"andeq r0, r0, r0",1
"andeq r0, r0, ip, lsl 24",1
"andeq r0, r0, ip, asr 25",1
"ldmdalo r1, {r0} ^",1
"strmi r0, [r0], -0xd",1
invalid,1
"cdpeq p1, 2, c5, c8, c0, 0",1
"cdpeq p0, 3, c0, c8, c0, 0",1
"andeq r0, r1, r0",1
"andeq r0, r0, r1, asr r0",1
"andeq r0, r0, r0",1
"andeq r0, pc, r0",1
"andeq r0, pc, r0, lsl 8",1
"stcvc p2, c0, [r0, -0]",1
"andeq r0, pc, r0, lsl 8",1
"andeq r0, pc, r0, lsl 16",1
"stcvc p2, c0, [r0, -0]",1
"andeq r0, pc, r4, lsr 16",1
"andseq ip, r0, r0",1
"stcvc p3, c0, [r0, -0]",1
"ldrdeq r0, r1, [r0], -r0",1
"andeq r0, r0, r0",1
svceq 0,1
svceq 0x1b0000,1
"andeq r0, r1, r0",1
"andeq r1, pc, r0, asr fp",1
"andseq ip, r0, r0",1
"strpl r0, [r0], -r0, lsl 2",1
"andeq r0, r0, r0",1
"andeq r0, r0, r0",1
"andeq r0, r0, r0, lsl 30",1
"andeq r0, r0, fp, lsl pc",1
blne 0x145bbfc,1
"andgt r0, r0, pc",1
invalid,1
"andeq r5, r0, r0, lsl 18",1
"andeq r0, r0, r0",1
svceq 0,1
svceq 0x1b0000,1
"andeq r0, r1, r0",1
"andeq r1, pc, r2, asr fp",1
"andseq ip, r0, r0",1
blpl 0x1c020,1
"andeq r0, r0, r0",1
"andeq r0, r0, r0",1
"andeq r0, r0, r0, lsl 30",1
"andeq r0, r0, fp, lsl pc",1
blne 0x14dbc38,1
"andgt r0, r0, pc",1
invalid,1
"andeq r5, r0, r0, lsl 8",1
"andeq r0, r0, r0",1
svceq 0x280000,1
svceq 0x2c0000,1
"andeq r0, r1, r0",1
"andeq r2, pc, r3, asr ip",1
"andeq r3, pc, r0, lsl 22",1
"andvc r0, r0, r0, lsl 4",1
"andeq r3, pc, r0, lsl 22",1
"andeq r3, pc, r0, lsl 24",1
"mrsls r0, r8_usr",1
"andeq r3, pc, ip, asr 24",1
"andeq r5, pc, r0, lsl 22",1
"andvc r0, r0, r0, lsl 4",1
"andeq r5, pc, r0, lsl 22",1
"andeq r5, pc, r0, lsl 24",1
"mrsls r0, r8_usr",1
"andeq r5, pc, ip, asr 24",1
"andeq r6, pc, r0, lsl 24",1
"andvc r0, r0, r0, lsl 4",1
"andeq r6, pc, r0, lsl 24",1
"andseq r6, r0, r0",1
"mrsls r0, r8_usr",1
"andseq r6, r0, ip, asr 32",1
"andseq r6, r0, r0, lsl 8",1
"andvc r0, r0, r0, lsl 4",1
"andseq r6, r0, r0, lsl 8",1
"andseq r6, r0, r0, lsl 22",1
"stmdavc r0, {sb}",1
"andseq r6, r0, r0, lsl 22",1
"andseq r8, r0, r0, lsl 8",1
"mrsls r0, r8_usr",1
"andseq r8, r0, ip, asr 8",1
"andseq r8, r0, r0, lsl 16",1
"andvc r0, r0, r0, lsl 4",1
"andseq r8, r0, r0, lsl 16",1
"andseq r8, r0, r0, lsl 30",1
"stmdavc r0, {sb}",1
"andseq r8, r0, r0, lsl 30",1
"andseq ip, r0, r0",1
"mrsls r0, r8_usr",1
"andeq r0, r0, ip, asr 32",1
"andeq r0, r0, r0",1
"andeq r3, pc, r0",1
"andseq r7, r0, r0",1
"strpl r0, [r0, -0x100]",1
"andeq r1, r0, r0, ror r0",1
"andeq r1, r0, ip, ror r0",1
"mrrcvc p0, 0, r0, r0, c1",1
"strls r0, [r0], -0x10",1
invalid,1
"addsne r5, r4, r0, lsl 10",1
"adcne r0, r0, r0",1
"andeq r0, r1, r0",1
"andseq sl, r0, r0, asr r0",1
"andseq ip, r0, r0",1
"strpl r0, [r0, -0x100]",1
"andeq r0, r0, r0",1
"andeq r0, r0, r0",1
"andeq r0, r0, r0, asr pc",1
"andeq r0, r0, ip, lsl 31",1
"subsvs r0, r7, r1",1
"andge r0, r0, r0, lsl r0",1
invalid,1
"andeq r5, r0, r0, lsl 14",1
"andeq r0, r0, r0",1
svceq 0x500000,1
svceq 0x6c0000,1
"andeq r0, sb, r0",1
"andmi r0, r3, r5, ror r0",1
"stmdbhs r0, {r1, r2, r3, r5, r6, r8}",1
"mulseq r0, pc, r0",1
"andseq r7, r0, r0",1
"strvc r0, [r0, -0x900]",1
"cdpvs p3, 4, c0, c0, c0, 0",1
svcls 0x290001,1
"andeq r1, r0, r4, lsl 1",1
"muleq r0, r4, r0",1
"rsbseq r0, r5, sb",1
invalid,1
"addseq r2, pc, r0, lsl 18",1
"andeq r0, r0, r0",1
"strvc r0, [r0], -0",1
invalid,1
"stmdaeq r0, {r0, r1, r2, r3}",1
"andvc r7, r0, r0, lsl 14",1
"ldrths r1, [r3], -0xc00",1
"muleq pc, pc, ip",1
"andeq r8, pc, r0, lsl 8",1
"strvc r0, [r0, -r0, lsl 24]",1
"cdpvs p3, 3, c0, c12, c0, 0",1
invalid,1
"ldrhi r2, [pc], 0x433       ; [0x1bdb0:4]=0x100000f",1
"strhi r0, [r0, -pc]",1
invalid,1
"andeq r5, r0, r0, lsl 4",1
"andeq r0, r0, r0",1
svceq 0x740000,1
svceq 0x8c0000,1
"andeq r0, r2, r0",1
"andeq sb, r0, r0, lsr pc",1
"andeq r0, r0, r0",1
svceq 0x740000,1
svceq 0x7c0000,1
"andeq r0, r8, r0",1
"ldrths r0, [r3], -0x70",1
svcls 0x220075,1
"andeq r0, r0, ip, ror pc",1
"andeq r0, r0, r7, lsl 31",1
invalid,1
"streq r0, [r0], -lr, ror 2",1
"rsbseq r2, r5, r3, lsr r4",1
"andeq sb, r0, r2, lsr 30",1
"andeq r0, r0, r0",1
svceq 0x980000,1
"rsbne r0, r0, r0",1
"andeq r0, r1, r0",1
"andseq sl, r0, sl, asr r0",1
"andseq ip, r0, r0",1
bpl 0x1c21c,1
"andeq r0, r0, r0",1
"andeq r0, r0, r0",1
"muleq r0, ip, pc",1
"andeq r1, r0, ip, lsl r0",1
"subsge r0, r7, r1",1
"andgt r0, r0, r0, lsl r0",1
invalid,1
"andeq r5, r0, r0, lsl 14",1
"andeq r0, r0, r0",1
svceq 0xa80000,1
svceq 0xac0000,1
"andeq r0, r1, r0",1
"andeq sl, pc, r3, asr ip",1
"andseq r6, r0, r0",1
"mrsls r0, r8_usr",1
"andseq sl, r0, r4, asr 32",1
"andseq ip, r0, r0",1
"mrsls r0, r8_usr",1
"andeq r0, r0, r4, asr 32",1
"andeq r0, r0, r0",1
"andeq lr, pc, r0, lsl 24",1
"andseq r0, r0, r0, lsl 24",1
"andpl r0, r0, r0, lsl 2",1
"andeq r1, r0, ip",1
"andeq r1, r0, r0, rrx",1
svcvc 0x7a0003,1
"muleq r0, pc, r0",1
"andeq r0, r0, r0",1
"andseq r1, r0, r0",1
"andseq r6, r0, r0",1
bpl 0x1c298,1
"andeq r0, r0, r0",1
"andeq r0, r0, r0",1
"andeq r1, r0, r0, asr 1",1
"andeq r1, r0, r4, asr 1",1
"rsbseq r0, sp, r2",1
"andeq r1, r0, r4, asr 1",1
"strdeq r1, r2, [r0], -r8",1
"rsbsne r0, sp, r2",1
"andeq r0, r0, r0",1
"andeq r0, r0, r0",1
"andeq r1, r0, r0, asr 1",1
"andeq r1, r0, fp, asr 1",1
blgt 0x141bed0,1
"and r0, r0, r0, lsl r0",1
invalid,1
"rscne r5, r0, r0, lsl 8",1
"rscsne r0, r8, r0",1
"andeq r0, r4, r0",1
svcls 0x5001f3,1
"andeq r0, r0, r0",1
"andeq r0, r0, r0",1
"strdeq r1, r2, [r0], -r8",1
"andeq r1, r0, r8, lsl 2",1
"ldmdaeq r0, {r0} ^",1
"andne r0, r0, r1, lsl r0",1
"streq r0, [r0], -0x11",1
"andpl pc, r1, r0, lsl 6",1
"muleq r0, pc, r0",1
"andeq r0, r0, r0",1
"andseq r2, r1, r0, lsl 16",1
"andseq r2, r1, r0, lsl 24",1
"stcvc p2, c0, [r0, -0]",1
"andseq r2, r1, r0, lsl 24",1
"andseq r6, r1, r0, lsl 24",1
"stcvc p2, c0, [r0, -0]",1
"andeq r0, r0, r4",1
"andeq r0, r0, r0",1
"andseq r2, r1, r0, lsl 16",1
"andseq r3, r1, r0, lsl 8",1
"andpl r0, r0, r0, lsl 2",1
"andeq r1, r0, r4, lsr r1",1
"andeq r1, r0, r8, lsr r1",1
"ldmdalo r3, {r0} ^",1
invalid,1
"streq r0, [r0], -0x11",1
"andpl pc, r1, r0, lsl 6",1
"muleq r0, pc, r0",1
"andeq r0, r0, r0",1
"andseq r2, r1, r0, lsl 16",1
"andseq r4, r1, r0",1
invalid,1
"andeq r1, r0, r0, asr 2",1
"andeq r1, r0, ip, ror 2",1
invalid,1
"andeq sb, r0, r1, asr pc",1
"andeq r0, r0, r0",1
invalid,1
"cmpne r4, r0",1
"andeq r0, r1, r0",1
"andseq r5, r1, r2, asr r4",1
"andseq r6, r1, r0, lsl 24",1
"vshl.u8 d0, d0, d0",1
"addseq r5, pc, r1, lsl 4",1
"andeq r0, r0, r0",1
invalid,1
"andmi r0, r0, r1, lsl r0",1
invalid,1
"andeq r5, r0, r0, lsl 2",1
"andeq r0, r0, r0",1
"teqne ip, r0",1
"mrsne r0, spsr",1
"andeq r0, r8, r0",1
"ldrths r0, [r2], -0x27c",1
svcls 0x220073,1
"andeq r1, r0, r4, asr 2",1
"andeq r1, r0, ip, ror 2",1
"rsbseq r0, ip, r8",1
"rsbseq r2, r3, r2, lsr r4",1
"andeq sb, r0, r2, lsr 30",1
"andeq r0, r0, r0",1
"mrsne r0, spsr",1
"cmpne ip, r0",1
"andeq r0, r1, r0",1
"andeq r0, r0, r1, asr r0",1
"andeq r0, r0, r0",1
"andseq r6, r1, r0, lsl 24",1
"andseq r7, r1, r0, lsl 16",1
"andpl r0, r0, r0, lsl 2",1
"andeq r1, r0, r8, ror r1",1
"andeq r1, r0, r8, lsl 3",1
"subseq r0, r3, r1",1
"andeq r0, r0, r0",1
invalid,1
invalid,1
"andeq r0, r0, 0x11",1
invalid,1
invalid,1
"andeq r0, r0, 0x11",1
"andeq r7, r8, r0, lsl 26",1
"andeq r0, r0, r0",1
invalid,1
"strls r0, [r0], -0x11",1
invalid,1
"orrsne r5, r4, r0",1
"movsne r0, r0",1
"andeq r0, r1, r0",1
"andseq fp, r1, r3, asr r7",1
"andseq fp, r1, r0, lsl 24",1
"vcgt.u8 d1, d0, d0",1
invalid,1
invalid,1
"cdphs p0, 3, c5, c0, c1, 0",1
"strne r0, [r0], -r8, lsr 2",1
"andeq sb, r0, r3, lsl pc",1
"andeq r0, r0, r0",1
"orrne r0, r8, r0",1
"movsne r0, r0",1
"andeq r0, r1, r0",1
"andseq fp, r1, r1, asr r7",1
"andseq fp, r1, r0, lsl 24",1
"vshl.u8 d0, d0, d0",1
"addseq r5, pc, r1, lsl 2",1
"andeq r0, r0, r0",1
invalid,1
"smladlt r0, r1, r0, r0",1
invalid,1
invalid,1
"movsne r0, r0",1
"andeq r0, r4, r0",1
svcls 0x5201f3,1
"andeq r0, r0, r0",1
"andeq r0, r0, r0",1
"strheq r1, [r0], -ip",1
"andeq r1, r0, r0, asr 3",1
"rsbseq r0, sp, r2",1
"andeq r1, r0, r0, asr 3",1
"andeq r1, r0, r4, asr 3",1
"rsbshs r0, sp, r2",1
"andeq r1, r0, r4, asr 3",1
"andeq r1, r0, ip, lsr r2",1
"ldmdalo sp!, {r1} ^",1
"andeq r0, r0, r0",1
"andeq r0, r0, r0",1
"strheq r1, [r0], -ip",1
"andeq r1, r0, r7, ror 3",1
"ldrb r0, [r0, -r1]",1
invalid,1
invalid,1
"andeq r5, r0, r0, lsl 18",1
"andeq r0, r0, r0",1
"movsne r0, r0",1
invalid,1
"andeq r0, r1, r0",1
"andseq lr, r1, r1, asr r7",1
"andseq r3, r2, r0, lsl 24",1
bpl 0x1c508,1
"andeq r0, r0, r0",1
"andeq r0, r0, r0",1
"strheq r1, [r0], -ip",1
"andeq r1, r0, r7, ror 3",1
"ldrb r0, [r2, -r1]",1
invalid,1
invalid,1
"andeq r5, r0, r0, lsl 16",1
"andeq r0, r0, r0",1
"movsne r0, r0",1
invalid,1
"andeq r0, r1, r0",1
"andseq lr, r1, r3, asr r7",1
"andseq r3, r2, r0, lsl 24",1
"strpl r0, [r0, -r0, lsl 2]",1
"andeq r0, r0, r0",1
"andeq r0, r0, r0",1
"andeq r1, r0, ip, lsr r2",1
"andeq r1, r0, r0, asr 4",1
"rsbseq r0, sp, r2",1
"andeq r1, r0, r0, asr 4",1
"andeq r1, r0, r4, asr 4",1
"ldrbths r0, [sp], -2",1
"andeq r1, r0, r4, asr 4",1
"andeq r1, r0, r8, lsl r3",1
"rsbsle r0, sp, r3",1
"andeq r0, r0, r0",1
"andeq r0, r0, r0",1
"andseq r3, r2, r0, lsl 24",1
"andseq r5, r2, r0, lsl 30",1
"andpl r0, r0, r0, lsl 2",1
"andeq r1, r0, pc, asr r2",1
"andeq r1, r0, r8, lsl r3",1
"subseq r0, r8, r1",1
"andeq r0, r0, r0",1
invalid,1
svcpl 0x12,1
invalid,1
"subsne r5, pc, 0, 2",1
"tstne r8, 0",1
"andeq r0, r1, r0",1
"andeq r0, r0, r7, asr r0",1
"andeq r0, r0, r0",1
"andseq r3, r2, r0, lsl 24",1
"andseq r5, r2, r0, lsl 8",1
"andpl r0, r0, 0, 2",1
"andeq r1, r0, r4, asr r2",1
"andeq r1, r0, r8, lsl r3",1
"subseq r0, r5, r1",1
"andeq r0, r0, r0",1
invalid,1
svcpl 0x12,1
invalid,1
"subsne r5, pc, 0, 6",1
"tstne r8, 0",1
"andeq r0, r4, r0",1
svcls 0x5301f3,1
"andeq r0, r0, r0",1
"andeq r0, r0, r0",1
"andeq r1, r0, ip, ror 4",1
"andeq r1, r0, r0, lsl 5",1
"subshi r0, r3, r1",1
"andge r0, r0, r2, lsl r0",1
"andeq r0, r0, 0x12",1
"andge r7, r0, r0",1
svcge 0x12,1
"andeq r0, r0, 0x12",1
svcge 0x7600,1
"stmdane r0, {r1, r4}",1
"andeq r0, r0, 0x13",1
"subeq sb, r8, r0, lsl 2",1
"andeq r0, r0, r0",1
invalid,1
invalid,1
"andeq r0, r0, 0x13",1
invalid,1
invalid,1
"andeq r0, r0, 0x13",1
"andeq r7, r8, r0, lsl 26",1
"andeq r0, r0, r0",1
invalid,1
"smladhs r0, r3, r0, r0",1
invalid,1
invalid,1
invalid,1
"andeq r0, r4, r0",1
svcls 0x5001f3,1
"andeq r0, r0, r0",1
"andeq r0, r0, r0",1
"andeq r1, r0, r8, lsl r3",1
"andeq r1, r0, r7, lsr 6",1
"ldrbhs r0, [r1, -r1]",1
invalid,1
"streq r0, [r0], -0x13",1
"mrspl pc, sp_irq",1
"muleq r0, pc, r0",1
"andeq r0, r0, r0",1
"andseq r1, r3, r0, lsl 16",1
"andseq r2, r3, r0, lsl 8",1
"andpl r0, r0, 0, 2",1
"andeq r1, r0, r4, lsr 6",1
"andeq r1, r0, r7, lsr 6",1
"ldrbhs r0, [r3, -r1]",1
invalid,1
"streq r0, [r0], -0x13",1
"andpl pc, r1, 0, 6",1
"muleq r0, pc, r0",1
"andeq r0, r0, r0",1
"andseq r2, r3, r0, lsl 24",1
"andseq r3, r3, r0",1
"stcvc p2, c0, [r0, -0]",1
"andseq r3, r3, r0",1
"andseq sp, r3, r0",1
"stcvc p2, c0, [r0, -0]",1
"andeq r0, r0, r8, lsl r0",1
"andeq r0, r0, r0",1
"andseq r3, r3, r0, lsl 16",1
"andseq r5, r3, r0",1
"mrslo r0, r8_usr",1
"mulseq r3, pc, ip",1
"andseq r6, r3, r0, lsl 24",1
"strpl r0, [r0], -0x100",1
"andeq r0, r0, r0",1
"andeq r0, r0, r0",1
"ldrdeq r1, r2, [r0], -r0",1
"ldrdeq r1, r2, [r0], -r4",1
"rsbseq r0, sp, r2",1
"ldrdeq r1, r2, [r0], -r4",1
"andeq r1, r0, r8, ror 7",1
"ldmdaeq sp!, {r1} ^",1
"andeq r0, r0, r0",1
"andeq r0, r0, r0",1
"ldrdeq r1, r2, [r0], -r0",1
"ldrdeq r1, r2, [r0], -pc",1
svcle 0x500001,1
"stmda r0, {r0, r1, r4}",1
"streq r0, [r0], -0x13",1
"andpl pc, r1, r0, lsl 6",1
"muleq r0, pc, r0",1
"andeq r0, r0, r0",1
"andseq sp, r3, r0",1
"andseq sp, r3, r0, lsl 30",1
invalid,1
"ldrdeq r1, r2, [r0], -pc",1
"andeq r1, r0, r8, ror 7",1
invalid,1
"andeq sb, r0, r1, asr pc",1
"andeq r0, r0, r0",1
invalid,1
invalid,1
"andeq r0, r2, r0",1
invalid,1
invalid,1
"andeq r0, r2, r0",1
"andeq r0, r0, sp, ror r8",1
"andeq r0, r0, r0",1
invalid,1
invalid,1
"andeq r0, r1, r0",1
"andseq pc, r3, r0, asr r3",1
"andseq pc, r3, r0, lsl 24",1
"vshl.u8 d0, d0, d0",1
"addseq r5, pc, r1",1
"andeq r0, r0, r0",1
invalid,1
"vqadd.u8 d0, d0, d3",1
invalid,1
invalid,1
invalid,1
"andeq r0, r4, r0",1
svcls 0x5101f3,1
"andeq r0, r0, r0",1
"andeq r0, r0, r0",1
"andeq r1, r0, r8, ror 7",1
"strdeq r1, r2, [r0], -r3",1
"vhadd.u16 d16, d2, d1",1
invalid,1
"streq r0, [r0], -0x13",1
"andpl pc, r1, 0, 6",1
"muleq r0, pc, r0",1
"andeq r0, r0, r0",1
"andseq pc, r3, r0, lsl 24",1
"andseq r0, r4, r0",1
"stcvc p2, c0, [r0, -0]",1
"andseq r0, r4, r0",1
"andseq r1, r4, r0",1
"stcvc p2, c0, [r0, -0]",1
"andeq r0, r0, r8",1
"andeq r0, r0, r0",1
"andseq pc, r3, r0, lsl 24",1
"andseq r0, r4, r0, lsl 16",1
"andpl r0, r0, r0, lsl 2",1
"andeq r1, r0, r8, lsl 8",1
"andeq r1, r0, fp, lsl 8",1
bleq 0x145c418,1
"andne r0, r0, r4, lsl r0",1
"streq r0, [r0], -0x14",1
"andpl pc, r1, r0, lsl 6",1
"muleq r0, pc, r0",1
"andeq r0, r0, r0",1
"andseq r1, r4, r0",1
"andseq r1, r4, r0, lsl 8",1
"stcvc p2, c0, [r0, -0]",1
"andseq r1, r4, r0, lsl 8",1
"andseq r2, r4, r0, lsl 24",1
"stcvc p2, c0, [r0, -0]",1
"andeq r0, r0, r8",1
"andeq r0, r0, r0",1
"andseq r1, r4, r0",1
"andseq r2, r4, r0",1
"andpl r0, r0, r0, lsl 2",1
"andeq r1, r0, r0, lsr 8",1
"andeq r1, r0, r7, lsr 8",1
"ldrbhs r0, [r3, -r1]",1
invalid,1
"streq r0, [r0], -0x14",1
"andpl pc, r1, r0, lsl 6",1
"muleq r0, pc, r0",1
"andeq r0, r0, r0",1
"andseq r1, r4, r0",1
"andseq r2, r4, r0, lsl 8",1
invalid,1
"andeq r1, r0, r4, lsr 8",1
"andeq r1, r0, r7, lsr 8",1
"ldrbhs r0, [r2, -r1]",1
invalid,1
"streq r0, [r0], -0x14",1
"mrspl pc, sp_irq",1
"muleq r0, pc, r0",1
"andeq r0, r0, r0",1
"andseq r2, r4, r0, lsl 24",1
"andseq r3, r4, r0",1
"stcvc p2, c0, [r0, -0]",1
"andseq r3, r4, r0",1
"andseq r3, r4, r0, lsl 8",1
"stcvc p2, c0, [r0, -0]",1
"andseq r3, r4, ip, lsl 8",1
"andseq r6, r4, r0",1
"stcvc p3, c0, [r0, -0]",1
"andeq r0, r0, r0, asr 1",1
"andeq r0, r0, r0",1
"strtne r0, [ip], -0",1
"strbne r0, [r0], -0",1
"andeq r0, r1, r0",1
"andseq r4, r4, r0, asr r0",1
"andseq r6, r4, r0",1
"strpl r0, [r0, -0x100]",1
"andeq r0, r0, r0",1
"andeq r0, r0, r0",1
"andeq r1, r0, ip, lsr 8",1
"andeq r1, r0, r3, asr 8",1
"cmpmi r1, 1",1
"andvs r0, r0, r4, lsl r0",1
"streq r0, [r0], -0x14",1
"mrspl pc, sp_irq",1
"muleq r0, pc, r0",1
"andeq r0, r0, r0",1
"andseq r2, r4, r0, lsl 24",1
"andseq r4, r4, r0, lsl 6",1
"andpl r0, r0, 0, 2",1
"andeq r1, r0, r3, asr 8",1
"andeq r1, r0, r0, ror 8",1
"subseq r0, r4, r1",1
"andeq r0, r0, r0",1
"andvs r0, r0, r0",1
"strvs r0, [r0], -0x14",1
"andeq r0, r0, 0x14",1
"strvs r7, [r0], -0xd00",1
"stmdavs r0, {r2, r4}",1
"andeq r0, r0, 0x14",1
"ldmdavs r0, {r8, sl, fp, ip, sp, lr}",1
"stmdals r0, {r2, r4}",1
"movweq r0, 0x14",1
"sbceq r7, r0, r0, lsl 26",1
"andeq r0, r0, r0",1
"andeq r0, r0, r0",1
"andeq r1, r0, r0, ror 8",1
"andeq r1, r0, r8, ror r4",1
"ldmdavc r0, {r0} ^",1
"stmdals r0, {r2, r4}",1
invalid,1
"andeq r5, r0, r0, lsl 12",1
"andeq r0, r0, r0",1
"strbtne r0, [r0], -0",1
"ldrbtne r0, [fp], -0",1
"andeq r0, r1, r0",1
"andseq r7, r4, r1, asr fp",1
"andseq sb, r4, r0, lsl 16",1
"vshl.u8 d0, d0, d0",1
"addseq r5, pc, r1, lsl 2",1
"andeq r0, r0, r0",1
"andvs r0, r0, r0",1
blvc 0x1c5ec,1
invalid,1
"ldrbtne r5, [fp], -0x200",1
"ldrne r0, [r8], 0",1
"andeq r0, r1, r0",1
"andeq r0, r0, r5, asr r0",1
"andeq r0, r0, r0",1
"andseq r6, r4, r0",1
"andseq r7, r4, r0, lsl 22",1
"movwpl r0, 0x100",1
"andeq r1, r0, fp, ror r4",1
"muleq r0, r8, r4",1
"subseq r0, r4, r1",1
"andeq r0, r0, r0",1
invalid,1
invalid,1
"andeq r0, r0, 0x14",1
invalid,1
"strlt r0, [r0], -0x14",1
"andeq r0, r0, 0x14",1
"andeq r7, r8, r0, lsl 26",1
"andeq r0, r0, r0",1
invalid,1
"stmdage r0, {r2, r4}",1
invalid,1
"strtne r5, [r8], 0",1
"strtne r0, [pc], 0",1
"andeq r0, r1, r0",1
"andseq sl, r4, r3, asr pc",1
"andseq fp, r4, r0, lsl 8",1
"vshl.u8 d0, d0, d0",1
"addseq r5, pc, r1",1
"andeq r0, r0, r0",1
invalid,1
invalid,1
invalid,1
"strtne r5, [ip], 0x100",1
"strtne r0, [pc], 0",1
"andeq r0, r1, r0",1
"andseq sl, r4, r2, asr pc",1
"andseq fp, r4, r0, lsl 8",1
"vshl.u8 d0, d0, d0",1
"addseq r5, pc, r1, lsl 2",1
"andeq r0, r0, r0",1
"strlt r0, [r0], -0",1
"stmdalt r0, {r2, r4}",1
"andeq r0, r0, 0x14",1
"stmdalt r0, {r8, sl, fp, ip, sp, lr}",1
"stmdale r0, {r2, r4}",1
"andeq r0, r0, 0x14",1
"andeq r7, r8, r0, lsl 26",1
"andeq r0, r0, r0",1
"strlt r0, [r0], -0",1
"stmdagt r0, {r2, r4}",1
invalid,1
"strbne r5, [r8], 0",1
"ldrbne r0, [r3], 0",1
"andeq r0, r1, r0",1
"andseq sp, r4, lr, asr r3",1
"andseq sp, r4, r0, lsl 16",1
"vshl.u8 d0, d0, d0",1
"addseq r5, pc, r1",1
"andeq r0, r0, r0",1
"strlt r0, [r0], -0",1
invalid,1
invalid,1
"strbne r5, [ip], 0x100",1
"ldrbne r0, [r3], 0",1
"andeq r0, r1, r0",1
"andseq sp, r4, ip, asr r3",1
"andseq sp, r4, r0, lsl 16",1
"vshl.u8 d0, d0, d0",1
"addseq r5, pc, r1, lsl 2",1
"andeq r0, r0, r0",1
"strlt r0, [r0], -0",1
"andle r0, r0, r4, lsl r0",1
invalid,1
"ldrbne r5, [r0], 0x200",1
"ldrbne r0, [r3], 0",1
"andeq r0, r1, r0",1
"andseq sp, r4, r3, asr r3",1
"andseq sp, r4, r0, lsl 16",1
"vshl.u8 d0, d0, d0",1
"addseq r5, pc, r1, lsl 4",1
"andeq r0, r0, r0",1
invalid,1
invalid,1
"andeq r0, r0, 0x14",1
invalid,1
"and r0, r0, r4, lsl r0",1
"andeq r0, r0, 0x14",1
"ands r7, r0, r0, lsl 26",1
invalid,1
"movweq r0, 0x15",1
"sbceq r7, r0, r0, lsl 26",1
"andeq r0, r0, r0",1
"andeq r0, r0, r0",1
"ldrdeq r1, r2, [r0], -r8",1
"strdeq r1, r2, [r0], -r8",1
invalid,1
invalid,1
invalid,1
"andeq r5, r0, r0, lsl 10",1
"andeq r0, r0, r0",1
"ldrbne r0, [r8], 0",1
"ldrbtne r0, [r8], 0",1
"andeq r0, r1, r0",1
"andseq pc, r4, r1, asr r8",1
"andseq r3, r5, r0, lsl 24",1
"strpl r0, [r0], -0x100",1
"andeq r0, r0, r0",1
"andeq r0, r0, r0",1
"ldrdeq r1, r2, [r0], -r8",1
"strdeq r1, r2, [r0], -r8",1
invalid,1
invalid,1
"streq r0, [r0], -0x15",1
"andpl pc, r1, 0, 6",1
"muleq r0, pc, r0",1
"andeq r0, r0, r0",1
"andseq r3, r5, r0, lsl 24",1
"andseq r4, r5, r0",1
"stcvc p2, c0, [r0, -0]",1
"andseq r4, r5, r0",1
"andseq r5, r5, r0",1
"stcvc p2, c0, [r0, -0]",1
"andeq r0, r0, r8",1
"andeq r0, r0, r0",1
"andseq r3, r5, r0, lsl 24",1
"andseq r4, r5, r0, lsl 22",1
"andpl r0, r0, r0, lsl 2",1
"andeq r1, r0, fp, asr 10",1
"andeq r1, r0, r0, asr r5",1
invalid,1
"andeq sb, r0, r0, asr pc",1
"andeq r0, r0, r0",1
"ldrne r0, [ip, -0]!",1
"strbne r0, [r8, -0]",1
"andeq r0, r1, r0",1
"andseq r4, r5, r1, asr r8",1
"andseq r5, r5, r0",1
"vshl.u8 d0, d0, d0",1
"addseq r5, pc, r1, lsl 2",1
"andeq r0, r0, r0",1
"andpl r0, r0, r0",1
"strpl r0, [r0], -0x15",1
"andeq r0, r0, 0x15",1
"strpl r7, [r0], -0xd00",1
"andvs r0, r0, r5, lsl r0",1
"andeq r0, r0, 0x15",1
"andeq r7, r8, r0, lsl 26",1
"andeq r0, r0, r0",1
"andpl r0, r0, r0",1
blpl 0x1c854,1
invalid,1
"ldrbne r5, [fp, -0]",1
"strbne r0, [r0, -0]!",1
"andeq r0, r4, r0",1
svcls 0x5001f3,1
"andeq r0, r0, r0",1
"andeq r0, r0, r0",1
"andeq r1, r0, r0, ror 10",1
"andeq r1, r0, r4, ror 10",1
"rsbseq r0, sp, r2",1
"andeq r1, r0, r4, ror 10",1
"andeq r1, r0, r0, ror r5",1
"ldmdaeq sp!, {r1} ^",1
"andeq r0, r0, r0",1
"andeq r0, r0, r0",1
"andeq r1, r0, r0, ror 10",1
"andeq r1, r0, fp, ror 10",1
blvs 0x141c84c,1
"andvc r0, r0, r5, lsl r0",1
"streq r0, [r0], -0x15",1
"andpl pc, r1, r0, lsl 6",1
"muleq r0, pc, r0",1
"andeq r0, r0, r0",1
"andseq r6, r5, r0",1
"andseq r6, r5, r0, lsl 22",1
invalid,1
"andeq r1, r0, fp, ror 10",1
"andeq r1, r0, r0, ror r5",1
invalid,1
"andeq sb, r0, r1, asr pc",1
"andeq r0, r0, r0",1
"ldrbne r0, [r0, -0]!",1
"ldrbne r0, [r4, -0]!",1
"andeq r0, r2, r0",1
"ldrbne r0, [r4, -0x7d]!",1
"ldrbne r0, [r8, -0]!",1
"andeq r0, r2, r0",1
"ldrbne r1, [r8, -0x47d]!",1
"ldrbne r0, [r8]",1
"andeq r0, r3, r0",1
"andeq ip, r0, sp, ror r8",1
"andeq r0, r0, r0",1
"andvc r0, r0, r0",1
"strls r0, [r0], -0x15",1
invalid,1
"ldrne r5, [r4]",1
"ldrbne r0, [r8]",1
"andeq r0, r1, r0",1
"andeq r0, r0, r5, asr r0",1
"andeq r0, r0, r0",1
"andseq r7, r5, r0",1
"andseq sb, r5, r0, lsl 8",1
invalid,1
"muleq r0, r4, r5",1
"ldrdeq r1, r2, [r0], -r8",1
"subseq r0, r7, r1",1
"andeq r0, r0, r0",1
"andvc r0, r0, r0",1
"strls r0, [r0], -0x15",1
invalid,1
"ldrne r5, [r4, 0x200]",1
"ldrbne r0, [r8]",1
"andeq r0, r1, r0",1
"andeq r0, r0, r6, asr r0",1
"andeq r0, r0, r0",1
"andseq r7, r5, r0",1
"andseq sb, r5, r0, lsl 8",1
"movwpl r0, 0x100",1
"muleq r0, r4, r5",1
"ldrdeq r1, r2, [r0], -r8",1
"subseq r0, r4, r1",1
"andeq r0, r0, r0",1
invalid,1
invalid,1
"andeq r0, r0, 0x15",1
invalid,1
"and r0, r0, r5, lsl r0",1
"andeq r0, r0, 0x15",1
"and r7, r4, r0, lsl 26",1
"vst4.8 {d0, d1, d2, d3}, [r0:0x40], r5",1
"andeq r0, r0, 0x15",1
"andseq r7, r0, r0, lsl 26",1
"andeq r0, r0, r0",1
invalid,1
bl 0x1c9a8,1
invalid,1
"strbne r5, [fp, 0]!",1
"ldrbne r0, [r4, 0]!",1
"andeq r0, r4, r0",1
svcls 0x5001f3,1
"andeq r0, r0, r0",1
"andeq r0, r0, r0",1
"ldrdeq r1, r2, [r0], -r8",1
"andeq r1, r0, fp, ror 11",1
bl 0x145c980,1
"vst4.8 {d0, d1, d2, d3}, [r0:0x40], r5",1
"streq r0, [r0], -0x15",1
"mrspl pc, sp_irq",1
"muleq r0, pc, r0",1
"andeq r0, r0, r0",1
"andseq sp, r5, r0, lsl 16",1
"andseq lr, r5, r0, lsl 22",1
"andpl r0, r0, 0, 2",1
"andeq r1, r0, fp, ror 11",1
"strdeq r1, r2, [r0], -r4",1
invalid,1
"andeq sb, r0, r2, asr pc",1
"andeq r0, r0, r0",1
"ldrbne r0, [r8]",1
"strbne r0, [fp, 0]!",1
"andeq r0, r1, r0",1
"andseq lr, r5, r3, asr fp",1
"andseq pc, r5, r0, lsl 8",1
"vshl.u8 d0, d0, d0",1
"addseq r5, pc, r1, lsl 6",1
"andeq r0, r0, r0",1
"vst4.8 {d0, d1, d2, d3}, [r0], r0",1
invalid,1
"andeq r0, r0, 0x15",1
invalid,1
"stmdane r0, {r0, r2, r4}",1
"andeq r0, r0, 0x16",1
"andeq r7, r8, r0, lsl 26",1
"andeq r0, r0, r0",1
"vst4.8 {d0, d1, d2, d3}, [r0], r0",1
"stmdaeq r0, {r0, r2, r4}",1
invalid,1
"strne r5, [r8], -r0",1
"ldrne r0, [r3], -r0",1
"andeq r0, r1, r0",1
"andseq r1, r6, lr, asr r3",1
"andseq r1, r6, r0, lsl 16",1
"vshl.u8 d0, d0, d0",1
"addseq r5, pc, r1",1
"andeq r0, r0, r0",1
"vst4.8 {d0, d1, d2, d3}, [r0], r0",1
invalid,1
invalid,1
"strne r5, [ip], -r0, lsl 2",1
"ldrne r0, [r3], -r0",1
"andeq r0, r1, r0",1
"andseq r1, r6, ip, asr r3",1
"andseq r1, r6, r0, lsl 16",1
"vshl.u8 d0, d0, d0",1
"addseq r5, pc, r1, lsl 2",1
"andeq r0, r0, r0",1
"vst4.8 {d0, d1, d2, d3}, [r0], r0",1
"andne r0, r0, r5, lsl r0",1
invalid,1
"ldrne r5, [r0], -r0, lsl 4",1
"ldrne r0, [r3], -r0",1
"andeq r0, r1, r0",1
"andseq r1, r6, r3, asr r3",1
"andseq r1, r6, r0, lsl 16",1
"vshl.u8 d0, d0, d0",1
"addseq r5, pc, r1, lsl 4",1
"andeq r0, r0, r0",1
invalid,1
invalid,1
"andeq r0, r0, 0x16",1
invalid,1
"andhs r0, r0, r6, lsl r0",1
"andeq r0, r0, 0x16",1
"andhs r7, r8, r0, lsl 26",1
invalid,1
"andeq r0, r0, 0x16",1
"andseq r7, r0, r0, lsl 26",1
"andeq r0, r0, r0",1
invalid,1
"strlo r0, [r0], -0x16",1
invalid,1
"ldrtne r5, [r4], -r0",1
"strbne r0, [ip], -r0",1
"andeq r0, r1, r0",1
"andeq r0, r0, r4, asr r0",1
"andeq r0, r0, r0",1
"andseq r1, r6, r0, lsl 16",1
"andseq r3, r6, r0, lsl 16",1
invalid,1
"andeq r1, r0, r8, lsr r6",1
"andeq r1, r0, r3, asr 12",1
"cmpmi lr, 1",1
invalid,1
"streq r0, [r0], -0x16",1
"mrspl pc, sp_irq",1
"muleq r0, pc, r0",1
"andeq r0, r0, r0",1
"andseq r1, r6, r0, lsl 16",1
"andseq r3, r6, r0, lsl 24",1
"andpl r0, r0, 0, 2",1
"andeq r1, r0, ip, lsr r6",1
"andeq r1, r0, r3, asr 12",1
"cmpmi ip, 1",1
invalid,1
"streq r0, [r0], -0x16",1
"andpl pc, r1, 0, 6",1
"muleq r0, pc, r0",1
"andeq r0, r0, r0",1
"andseq r1, r6, r0, lsl 16",1
"andseq r4, r6, r0",1
"movwpl r0, 0x100",1
"andeq r1, r0, r0, asr 12",1
"andeq r1, r0, r3, asr 12",1
"rsbseq r0, sp, r2",1
"andeq r1, r0, r3, asr 12",1
"andeq r1, r0, ip, asr 12",1
invalid,1
"andeq sb, r0, r3, asr pc",1
"andeq r0, r0, r0",1
"strbne r0, [ip], -r0",1
"ldrbne r0, [r0], -r0",1
"andeq r0, r2, r0",1
"usub16ne r0, r0, sp",1
"strbtne r0, [r0], -r0",1
"andeq r0, r2, r0",1
"andeq r0, r0, sp, ror r8",1
"andeq r0, r0, r0",1
"strbne r0, [ip], -r0",1
"ldrbne r0, [r7], -r0",1
"andeq r0, r1, r0",1
"andseq r5, r6, r0, asr r7",1
"andseq r6, r6, r0",1
"vshl.u8 d0, d0, d0",1
"addseq r5, pc, r1",1
"andeq r0, r0, r0",1
invalid,1
"smladpl r0, r6, r0, r0",1
invalid,1
"ldrbne r5, [r7], -r0, lsl 2",1
"strbtne r0, [r0], -r0",1
"andeq r0, r4, r0",1
svcls 0x5101f3,1
"andeq r0, r0, r0",1
"andeq r0, r0, r0",1
"andeq r1, r0, ip, asr 12",1
"andeq r1, r0, r7, asr r6",1
"ldrbpl r0, [r2, -r1]",1
"andvs r0, r0, r6, lsl r0",1
"streq r0, [r0], -0x16",1
"andpl pc, r1, 0, 6",1
"muleq r0, pc, r0",1
"andeq r0, r0, r0",1
"andseq r6, r6, r0",1
"andseq r6, r6, r0, lsl 8",1
"stcvc p2, c0, [r0, -0]",1
"andseq r6, r6, r0, lsl 8",1
"andseq r7, r6, r0, lsl 24",1
"stcvc p2, c0, [r0, -0]",1
"andeq r0, r0, r8",1
"andeq r0, r0, r0",1
"andseq r6, r6, r0",1
"andseq r7, r6, r0",1
"andpl r0, r0, r0, lsl 2",1
"andeq r1, r0, r0, ror r6",1
"andeq r1, r0, r7, ror r6",1
"ldrbvc r0, [r3, -r1]",1
invalid,1
"streq r0, [r0], -0x16",1
"andpl pc, r1, r0, lsl 6",1
"muleq r0, pc, r0",1
"andeq r0, r0, r0",1
"andseq r6, r6, r0",1
"andseq r7, r6, r0, lsl 8",1
invalid,1
"andeq r1, r0, r4, ror r6",1
"andeq r1, r0, r7, ror r6",1
"ldrbvc r0, [r2, -r1]",1
invalid,1
"streq r0, [r0], -0x16",1
"mrspl pc, sp_irq",1
"muleq r0, pc, r0",1
"andeq r0, r0, r0",1
"andseq r7, r6, r0, lsl 24",1
"andseq r8, r6, r0",1
"stcvc p2, c0, [r0, -0]",1
"andseq r8, r6, r0",1
"andseq r8, r6, r0, lsl 24",1
"stcvc p2, c0, [r0, -0]",1
"andeq r0, r0, r8",1
"andeq r0, r0, r0",1
"andseq r7, r6, r0, lsl 24",1
"andseq r8, r6, r0, lsl 14",1
"andpl r0, r0, r0, lsl 2",1
"andeq r1, r0, r7, lsl 13",1
"andeq r1, r0, ip, lsl 13",1
invalid,1
"andeq sb, r0, r0, asr pc",1
"andeq r0, r0, r0",1
"ldrbtne r0, [ip], -r0",1
"strne r0, [r7], r0",1
"andeq r0, r1, r0",1
"andseq r8, r6, r1, asr r7",1
"andseq r8, r6, r0, lsl 24",1
"vshl.u8 d0, d0, d0",1
"addseq r5, pc, r1, lsl 2",1
"andeq r0, r0, r0",1
invalid,1
"andls r0, r0, r6, lsl r0",1
"andeq r0, r0, 0x16",1
"andls r7, r0, r0, lsl 26",1
"andge r0, r0, r6, lsl r0",1
"andeq r0, r0, 0x16",1
"andeq r7, r8, r0, lsl 26",1
"andeq r0, r0, r0",1
invalid,1
"stmdals r0, {r1, r2, r4}",1
invalid,1
"ldrne r5, [r8], r0",1
"ldrne r0, [fp], r0",1
"andeq r0, r1, r0",1
"andseq sb, r6, r1, asr fp",1
"andseq sl, r6, r0",1
"vshl.u8 d0, d0, d0",1
"addseq r5, pc, r1",1
"andeq r0, r0, r0",1
"andeq r0, r0, r0",1
"streq r0, [r0], -0",1
"andeq r0, r0, 0",1
"streq r7, [r0], -0xd00",1
"andmi r0, r0, r0",1
"andeq r0, r0, 3",1
"andeq r7, r8, r0, lsl 26",1
"andeq r0, r0, r0",1
"andeq r0, r0, r0",1
invalid,1
invalid,1
"andseq r5, r8, r0",1
invalid,1
"andeq r0, r4, r0",1
svcls 0x5001f3,1
"andeq r0, r0, r0, ror 2",1
"andeq r0, r0, r8, lsl 3",1
"ldmdahi r0, {r0} ^",1
"andmi r0, r0, r1",1
"streq r0, [r0], -3",1
"andpl pc, r1, r0, lsl 6",1
"muleq r0, pc, r0",1
"andeq r0, r0, r0",1
"andeq r0, r0, r0",1
"andeq r4, r0, r0, lsl 24",1
invalid,1
"andeq r0, r0, ip, asr 32",1
"andeq r0, r0, r0, ror 2",1
invalid,1
"qdsubeq sb, r1, r0",1
invalid,1
"andeq r0, r1, r0",1
"andeq r6, r1, r1, asr ip",1
"andeq fp, r1, r0",1
"vshl.u8 d0, d0, d0",1
"addslt r5, pc, r1, lsl 2",1
invalid,1
invalid,1
"biceq r5, ip, r0, lsl 2",1
"adcseq r0, r8, 0",1
"andeq r0, r4, r0",1
svcls 0x5101f3,1
"strheq r0, [r0], -r8",1
"andeq r0, r0, r0, asr 5",1
"subsgt r0, r1, r1",1
"andmi r0, r0, r2",1
"streq r0, [r0], -3",1
"mrspl pc, sp_irq",1
"muleq r0, pc, r0",1
"andeq r0, r0, r0",1
"andeq r0, r0, r0, lsl 8",1
"andeq r4, r0, r0, lsl 24",1
invalid,1
"andeq r0, r0, r4, ror r0",1
"andeq r0, r0, r8, ror r0",1
"subshi r0, r0, r1",1
invalid,1
invalid,1
"addseq r5, r8, r0",1
"adceq r0, r8, r0",1
"andeq r0, r1, r0",1
"andeq sl, r0, r2, asr ip",1
"andeq fp, r0, r0",1
invalid,1
"strheq r0, [r0], -r0",1
"strheq r0, [r0], -ip",1
"mrrclt p0, 0, r0, r2, c1",1
"strle r0, [r0], -0",1
invalid,1
"sbcseq r5, r4, r0",1
invalid,1
"andeq r0, r1, r0",1
"andeq r2, r1, r2, asr r8",1
"andeq r6, r1, r0",1
"andpl r0, r0, 0, 2",1
"andeq r0, r0, r0, ror 2",1
"andeq r0, r0, ip, ror 2",1
"subslt r0, r1, r1",1
invalid,1
invalid,1
"biceq r5, ip, r0, lsl 2",1
"bicseq r0, r4, r0",1
"andeq r0, r3, r0",1
"ldmle pc, {r0, r4, r5, r6, r8}",1
"vst4.8 {d0, d1, d2, d3}, [r0], r1",1
invalid,1
invalid,1
"andeq r0, r4, 0",1
"andeq r0, r1, r0",1
"andeq r0, r2, r2, asr r8",1
"andeq r0, r2, r0, lsl 24",1
invalid,1
"andeq r0, r0, ip, lsl 4",1
"andeq r0, r0, r8, lsl r2",1
"ldmdane r2, {r0} ^",1
invalid,1
invalid,1
"eoreq r5, ip, 0, 2",1
"rsbseq r0, ip, 0",1
"andeq r0, r1, r0",1
"andeq r8, r2, r2, asr r0",1
"andeq fp, r2, r0, lsl 16",1
"andpl r0, r0, 0, 2",1
"strheq r0, [r0], -r8",1
"andeq r0, r0, r0, asr 5",1
"subsgt r0, r1, r1",1
"stmdalo r0, {r1}",1
invalid,1
"andeq r5, r0, r0, lsl 4",1
"andeq r0, r0, r0",1
"andeq r0, r4, r0",1
"andseq r0, r8, r0",1
"andeq r0, r1, r0",1
"andeq r1, r0, r0, asr r8",1
"andeq r1, r0, r0, lsl 24",1
"andpl r0, r0, 0, 2",1
"andeq r0, r0, r4, lsr 32",1
"andeq r0, r0, r4, ror r0",1
"ldrbvc r0, [r2], -1",1
invalid,1
invalid,1
"adceq r5, r0, r0, lsl 8",1
"adceq r0, r4, r0",1
"andeq r0, r1, r0",1
"andeq sl, r0, r3, asr r4",1
"andeq lr, r0, r0, lsl 24",1
"strpl r0, [r0], -0x100",1
"strdeq r0, r1, [r0], -r0",1
"strdeq r0, r1, [r0], -r4",1
invalid,1
"andhs r0, r0, r0",1
invalid,1
invalid,1
"orreq r0, r8, r0",1
"andeq r0, r1, r0",1
"andeq r8, r1, r0, asr r8",1
"andeq sb, r1, r0",1
"vshl.u8 d0, d0, d0",1
"addslt r5, pc, r1",1
"stmdalt r0, {r0}",1
"movweq r0, 1",1
svcls 0x17000,1
"strheq r0, [r0], -ip",1
"andeq r0, r0, r8, asr 3",1
"ldmdagt r0, {r0} ^",1
invalid,1
invalid,1
invalid,1
"andeq r0, r0, 0",1
"andeq r0, r1, r0",1
"andeq r0, r2, r3, asr r0",1
"andeq r4, r2, r0, lsl 8",1
invalid,1
"andeq r0, r0, r8, asr 4",1
"andeq r0, r0, ip, asr 4",1
"mrrcmi p0, 0, r0, r1, c1",1
"stmdavc r0, {r1}",1
invalid,1
"adcseq r5, r8, 0, 24",1
"sbceq r0, r0, 0",1
"andeq r0, r1, r0",1
"andeq ip, r2, r2, asr r0",1
"andeq sp, r2, r0",1
"strpl r0, [r0], -0x100",1
"ldrdeq r0, r1, [r0], -r0",1
"andeq r0, r0, r0, ror 5",1
"subs r0, ip, r1",1
"vst4.8 {d0, d1, d2, d3}, [r0], r2",1
invalid,1
"rscseq r5, r4, 0, 8",1
"movweq r0, 0x8000",1
"andeq r0, r1, r0",1
"andeq r0, r3, ip, asr r8",1
"andeq r2, r3, r0",1
"strpl r0, [r0], -0x100",1
"andeq r0, r0, r0, lsr 6",1
"andeq r0, r0, r8, lsr r3",1
"subseq r0, ip, r1",1
"andeq r0, r0, r0",1
invalid,1
invalid,1
"andeq r0, r0, 0",1
"stmdane r0, {ip, sp, lr}",1
invalid,1
"andeq r0, r0, 0",1
"stmdahs r0, {sb, ip, sp, lr}",1
"strvc r0, [r0], -0",1
"andeq r0, r0, 0",1
"strvc r7, [r0], -0x200",1
invalid,1
"andeq r0, r0, 0",1
invalid,1
invalid,1
invalid,1
"adceq r5, r4, r0, lsl 10",1
"adcseq r0, ip, r0",1
"andeq r0, r2, r0",1
"adcseq r0, ip, r4, ror r0",1
"sbcseq r0, r4, r0",1
"andeq r0, r1, r0",1
"andeq sp, r0, r5, asr r4",1
"andeq lr, r0, r0, lsl 16",1
"strvc r0, [r0], -0x200",1
"andeq pc, r0, r0, lsl 8",1
"andeq r1, r1, r0, lsl 16",1
"strvc r0, [r0], -0x200",1
"andeq r6, r1, r0",1
"andeq r8, r1, r0, lsl 16",1
"andvc r0, r0, r0, lsl 4",1
"andeq r8, r1, r0, lsl 16",1
"andeq sb, r1, r0",1
"vcgt.u8 d0, d0, d0",1
"orrseq r5, r0, r1",1
"movseq r0, r0",1
"andeq r0, r1, r0",1
"andeq fp, r1, r4, asr ip",1
"andeq pc, r1, r0, lsl 8",1
"strpl r0, [r0], -0x100",1
"andeq r0, r0, r0, lsl 4",1
"andeq r0, r0, r8, lsl r2",1
"rsbseq r0, ip, r2",1
"andeq r0, r0, r8, lsl r2",1
"andeq r0, r0, ip, lsl r2",1
"mrrcne p0, 0, r0, r0, c1",1
invalid,1
invalid,1
"eoreq r5, ip, 0, 8",1
"subeq r0, r0, 0",1
"andeq r0, r2, r0",1
"subeq r0, ip, 0x7c",1
"rsbseq r0, r0, 0",1
"andeq r0, r2, r0",1
"adcseq r0, r8, 0x7c",1
"sbceq r0, r0, 0",1
"andeq r0, r2, r0",1
"sbceq r0, r0, 0x72",1
"sbcseq r0, r0, 0",1
"andeq r0, r2, r0",1
"sbcseq r0, r0, 0x74",1
"rsceq r0, r0, 0",1
"andeq r0, r2, r0",1
"movweq r0, 0xc07c",1
"tsteq r0, 0",1
"andeq r0, r1, r0",1
"andeq r1, r3, ip, asr r0",1
"andeq r1, r3, r0, lsl 16",1
invalid,1
invalid,1
invalid,1
"andeq r0, r1, r0",1
"andeq r2, r3, r4, asr r8",1
"andeq r3, r3, r0",1
"strvc r0, [r0], -0x300",1
"andeq sb, r0, r0, lsr pc",1
"andeq r0, r0, r0",1
"andeq r0, ip, r0",1
"subeq r0, ip, r0",1
"andeq r0, r2, r0",1
"subeq r0, ip, r1, ror r0",1
"rsbeq r0, r4, r0",1
"andeq r0, r1, r0",1
"andeq r6, r0, r3, asr r4",1
"andeq r7, r0, r0, lsl 8",1
"movwvc r0, 0x300",1
"rsbseq sb, r4, r0, lsr pc",1
"rsbseq r0, r8, r0",1
"andeq r0, r2, r0",1
"addeq r0, r4, r0, ror r0",1
"addseq r0, r8, r0",1
"andeq r0, r2, r0",1
"adcseq r0, r0, r0, ror r0",1
"adcseq r0, ip, r0",1
"andeq r0, r2, r0",1
"adcseq r0, ip, r2, ror r0",1
"sbcseq r0, r4, r0",1
"andeq r0, r2, r0",1
"sbcseq r0, r4, r0, ror r0",1
"rsceq r0, r8, r0",1
"andeq r0, r2, r0",1
invalid,1
invalid,1
"andeq r0, r1, r0",1
"andeq r0, r1, r3, asr r8",1
"andeq r2, r1, r0",1
"movwvc r0, 0x300",1
invalid,1
"cmpeq r0, r0",1
"andeq r0, r2, r0",1
smceq 2,1
invalid,1
"andeq r0, r2, r0",1
invalid,1
"cmneq r0, r0",1
"andeq r0, r2, r0",1
"cmneq r4, r1, ror r1",1
"movseq r0, r0",1
"andeq r0, r2, r0",1
"rorseq r0, r1, r1",1
"biceq r0, ip, r0",1
"andeq r0, r2, r0",1
"biceq r0, ip, r1, ror r0",1
"bicseq r0, r0, r0",1
"andeq r0, r1, r0",1
"andeq sp, r1, r3, asr r8",1
"andeq pc, r1, r0, lsl 8",1
"movwpl r0, 0x100",1
"andeq r0, r0, ip, lsl 4",1
"andeq r0, r0, r8, lsl r2",1
"rsbseq r0, r2, r2",1
"andeq r0, r0, r8, lsl r2",1
"andeq r0, r0, r4, lsr 4",1
"mrrchs p0, 0, r0, r3, c1",1
"andmi r0, r0, r2",1
"andeq r0, r0, 2",1
invalid,1
"andvs r0, r0, r2",1
invalid,1
"rsbeq r5, r0, 0, 6",1
"rsbseq r0, r8, 0",1
"andeq r0, r3, r0",1
"ldrhi r3, [pc], 0x73        ; [0x1d1f0:4]=0x2000002",1
"stmdage r0, {r1}",1
"andeq r0, r0, 2",1
"stmdalt r0, {sb, ip, sp, lr}",1
"andgt r0, r0, r2",1
"andeq r0, r0, 2",1
"andgt r7, r0, r0, lsl 2",1
"and r0, r0, r2",1
"movweq r0, 2",1
svcls 0x307300,1
"andeq r0, r0, r0, ror 5",1
"andeq r0, r0, r4, ror 5",1
"ldrb r0, [r3], -1",1
"vst4.8 {d0, d1, d2, d3}, [r0], r2",1
"movweq r0, 2",1
svcls 0x307300,1
"strdeq r0, r1, [r0], -r4",1
"strdeq r0, r1, [r0], -r8",1
invalid,1
"stmdaeq r0, {r1}",1
"movweq r0, 3",1
svcls 0x307300,1
"andeq r0, r0, r0",1
"andeq r0, r0, r0",1
"andeq r0, r0, r8, ror 1",1
"andeq r0, r0, ip, asr 2",1
"subspl r0, r0, r1",1
"stmdapl r0, {r0}",1
invalid,1
"subeq r5, r0, 0",1
"adceq r0, r4, 0",1
"andeq r0, r1, r0",1
"andeq sl, r2, r0, asr r8",1
"andeq fp, r2, r0",1
"andpl r0, r0, r0, lsl 2",1
"andeq r0, r0, r0, asr 5",1
"andeq r0, r0, r8, asr 5",1
"subsle r0, r0, r1",1
"stmdale r0, {r1}",1
invalid,1
"rsceq r5, r0, 0",1
"movweq r0, 0x8000",1
"andeq r0, r1, r0",1
"andeq r0, r3, r0, asr ip",1
"andeq r2, r3, r0",1
"andpl r0, r0, r0, lsl 2",1
"andeq r0, r0, r4, lsr 6",1
"andeq r0, r0, r8, lsr r3",1
"subseq r0, r0, r1",1
"andeq r0, r0, r0",1
invalid,1
invalid,1
invalid,1
"tsteq r8, r0, lsl 24",1
invalid,1
"andeq r0, r2, r0",1
"subseq sb, r0, 48, 30",1
"rsbseq r0, r0, 0",1
"andeq r0, r1, r0",1
"andeq r7, r2, r4, asr r0",1
"andeq r7, r2, r0, lsl 16",1
"andlo r0, r0, r0, lsl 4",1
"muleq r2, pc, r0",1
"andeq sp, r2, r0",1
invalid,1
"ldrdeq r0, r1, [r0], -r0",1
"andeq r0, r0, r0, ror 5",1
"subs r0, r4, r1",1
"stmdaeq r0, {r1}",1
"andeq r0, r0, 3",1
"ldceq p0, c3, [pc], {0}",1
"andhs r0, r0, r3",1
"andeq r0, r0, 3",1
"ldrhs r3, [pc], 0           ; [0x1d314:4]=0x2000003",1
"stmdalo r0, {r0, r1}",1
"andeq r0, r0, 3",1
"addseq r3, pc, r0",1
"andeq r0, r0, r0",1
"streq r0, [r0], -0",1
"andhs r0, r0, r1",1
"andeq r0, r0, 1",1
"addslo r3, pc, r0",1
"andpl r0, r0, r1",1
invalid,1
"subseq r5, ip, 0, 2",1
"rsbseq r0, r8, 0",1
"andeq r0, r2, r0",1
"addeq sb, r8, 48, 30",1
"adceq r0, r8, 0",1
"andeq r0, r1, r0",1
"andeq ip, r2, r1, asr r0",1
"andeq r0, r3, r0, lsl 16",1
"andlo r0, r0, r0, lsl 4",1
"muleq r0, pc, r0",1
"andeq r0, r0, r0",1
"andeq r0, r0, r0",1
"andeq r0, r0, r0, lsl 8",1
"stcvc p2, c0, [r0, -0]",1
"andeq r0, r0, r0, lsl 8",1
"andeq r3, r0, r0, lsl 8",1
"stcvc p2, c0, [r0, -0]",1
"andeq r0, r0, r8",1
"andeq r0, r0, r0",1
"andeq r0, r0, r0",1
"andeq r0, r0, r0, lsl 22",1
"andpl r0, r0, r0, lsl 2",1
"andeq r0, r0, fp",1
"andeq r0, r0, r4, lsr r0",1
"subseq r0, r4, r1",1
"andeq r0, r0, r0",1
invalid,1
"strne r0, [r0], -0",1
invalid,1
"andseq r5, r4, r0",1
"eoreq r0, fp, r0",1
"andeq r0, r1, r0",1
"andeq r2, r0, r2, asr ip",1
"andeq r3, r0, r0, lsl 8",1
"andpl r0, r0, 0, 2",1
"andeq r0, r0, r0",1
"andeq r0, r0, r0",1
"andeq r0, r0, r4, lsr r0",1
"andeq r0, r0, r8, lsr r0",1
"rsbseq r0, sp, r2",1
"andeq r0, r0, r8, lsr r0",1
"andeq r0, r0, r0, asr 32",1
"ldmdaeq sp!, {r1} ^",1
"andeq r0, r0, r0",1
"andeq r0, r0, r0",1
"andeq r0, r0, r4, lsr r0",1
"andeq r0, r0, fp, lsr r0",1
bllo 0x141d400,1
"andmi r0, r0, r0",1
"streq r0, [r0], -0",1
"andpl pc, r1, r0, lsl 6",1
"muleq r0, pc, r0",1
"andeq r0, r0, r0",1
"andeq r4, r0, r0",1
"andeq r4, r0, r0, lsl 8",1
"stcvc p2, c0, [r0, -0]",1
"andeq r4, r0, r0, lsl 8",1
"andeq r6, r0, r0, lsl 24",1
"stcvc p2, c0, [r0, -0]",1
"andeq r0, r0, r0, lsl r0",1
"andeq r0, r0, r0",1
"andeq r4, r0, r0",1
"andeq r5, r0, r0",1
"andpl r0, r0, r0, lsl 2",1
"andeq r0, r0, r0, asr r0",1
"andeq r0, r0, ip, rrx",1
"subseq r0, r4, r1",1
"andeq r0, r0, r0",1
"andmi r0, r0, r0",1
"movwpl r0, 0",1
invalid,1
"subseq r5, r3, r0, lsl 2",1
"rsbeq r0, ip, r0",1
"andeq r0, r1, r0",1
"andeq r0, r0, r5, asr r0",1
"andeq r0, r0, r0",1
"andeq r6, r0, r0, lsl 24",1
"andeq r7, r0, r0",1
"stcvc p2, c0, [r0, -0]",1
"andeq r7, r0, r0",1
"andeq ip, r0, r0, lsl 16",1
"stcvc p2, c0, [r0, -0]",1
"andeq r0, r0, r8",1
"andeq r0, r0, r0",1
"andeq r6, r0, r0, lsl 24",1
"andeq r8, r0, r0, lsl 30",1
"andpl r0, r0, r0, lsl 2",1
"andeq r0, r0, pc, lsl 1",1
"muleq r0, r8, r0",1
invalid,1
"addseq sb, r8, r0, asr pc",1
"addseq r0, pc, r0",1
"andeq r0, r1, r0",1
"andeq sb, r0, r0, asr pc",1
"andeq sl, r0, r0",1
"vshl.u8 d0, d0, d0",1
"addsge r5, pc, r1",1
invalid,1
invalid,1
"adceq r5, r8, r0",1
"adcseq r0, pc, r0",1
"andeq r0, r1, r0",1
"andeq r0, r0, r3, asr r0",1
"andeq r0, r0, r0",1
"andeq r6, r0, r0, lsl 24",1
"andeq r7, r0, r0, lsl 16",1
invalid,1
"andeq r0, r0, r8, ror r0",1
"andeq r0, r0, r8, asr 1",1
"subseq r0, r4, r1",1
"andeq r0, r0, r0",1
invalid,1
invalid,1
"andeq r0, r0, 0",1
invalid,1
invalid,1
"andeq r0, r0, 1",1
"andseq r7, r8, r0, lsl 26",1
"andeq r0, r0, r0",1
invalid,1
invalid,1
invalid,1
"rsceq r5, ip, r0",1
invalid,1
"andeq r0, r1, r0",1
"andeq r0, r1, r7, asr r4",1
"andeq r0, r1, r0, lsl 16",1
"andpl r0, r0, r0, lsl 2",1
"andeq r0, r0, r8, lsl 2",1
"andeq r0, r0, ip, lsr r1",1
"subseq r0, r7, r1",1
"andeq r0, r0, r0",1
invalid,1
invalid,1
invalid,1
"rscseq r5, r0, r0, lsl 2",1
invalid,1
"andeq r0, r1, r0",1
"andeq r0, r1, r5, asr r4",1
"andeq r0, r1, r0, lsl 24",1
invalid,1
"andeq r0, r0, ip, lsl 2",1
"andeq r0, r0, ip, lsr r1",1
"subseq r0, r5, r1",1
"andeq r0, r0, r0",1
invalid,1
"vhadd.u8 d0, d0, d0",1
invalid,1
"rscseq r5, r3, r0, lsl 4",1
invalid,1
"andeq r0, r1, r0",1
"andeq r0, r1, r6, asr r4",1
"andeq r0, r1, r0, lsl 30",1
"andpl r0, r0, 0, 2",1
"andeq r0, r0, pc, lsl 2",1
"andeq r0, r0, ip, lsr r1",1
"subseq r0, r6, r1",1
"andeq r0, r0, r0",1
invalid,1
"vst4.8 {d0, d1, d2, d3}, [r0], r0",1
invalid,1
"rscseq r5, r4, r0, lsl 8",1
invalid,1
"andeq r0, r1, r0",1
"andeq r0, r1, r0, asr r0",1
"andeq r1, r1, r0, lsl 24",1
"strpl r0, [r0], -0x100",1
"andeq r0, r0, r4, lsr 2",1
"andeq r0, r0, ip, lsr r1",1
"subseq r0, r4, r1",1
"andeq r0, r0, r0",1
invalid,1
"andmi r0, r0, r1",1
"andeq r0, r0, 1",1
"andmi r7, r0, r0, lsl 26",1
"strvc r0, [r0], -1",1
"andeq r0, r0, 1",1
"andseq r7, r0, r0, lsl 26",1
"andeq r0, r0, r0",1
invalid,1
"andpl r0, r0, r1",1
invalid,1
"cmpeq r0, r0",1
"cmneq r4, r0",1
"andeq r0, r1, r0",1
"andeq r0, r0, r6, asr r0",1
"andeq r0, r0, r0",1
"andeq r3, r1, r0, lsl 24",1
"andeq r5, r1, r0, lsl 8",1
invalid,1
"andeq r0, r0, r4, asr r1",1
"andeq r0, r0, r4, ror r1",1
"subseq r0, r5, r1",1
"andeq r0, r0, r0",1
invalid,1
"strpl r0, [r0, -r1]",1
invalid,1
"cmpeq r7, r0, lsl 4",1
"cmneq r4, r0",1
"andeq r0, r1, r0",1
"andeq r0, r0, r4, asr r0",1
"andeq r0, r0, r0",1
"andeq r7, r1, r0, lsl 8",1
"andeq r7, r1, r0, lsl 16",1
"stcvc p2, c0, [r0, -0]",1
"andeq r7, r1, r0, lsl 16",1
"andeq fp, r1, r0, lsl 24",1
"stcvc p2, c0, [r0, -0]",1
"andeq r0, r0, r8",1
"andeq r0, r0, r0",1
"andeq r7, r1, r0, lsl 8",1
"andeq sl, r1, r0, lsl 14",1
"andpl r0, r0, r0, lsl 2",1
"andeq r0, r0, r7, lsr 3",1
"andeq r0, r0, r8, lsr 3",1
invalid,1
invalid,1
"movseq r0, r0",1
"andeq r0, r1, r0",1
"andeq fp, r1, r0, asr r3",1
"andeq fp, r1, r0, lsl 24",1
"vshl.u8 d0, d0, d0",1
"addseq r5, pc, r1",1
"andeq r0, r0, r0",1
"strvc r0, [r0], -0",1
"strge r0, [r0, -r1]",1
invalid,1
invalid,1
"moveq r0, r0",1
"andeq r0, r4, r0",1
svcls 0x5101f3,1
"andeq r0, r0, r8, lsr 3",1
"strheq r0, [r0], -r0",1
"subslt r0, r1, r1",1
invalid,1
"streq r0, [r0], -1",1
"mrspl pc, sp_irq",1
"muleq r0, pc, r0",1
"andeq r0, r0, r0",1
"andeq r7, r1, r0, lsl 16",1
"andeq sl, r1, r0, lsl 14",1
invalid,1
"andeq r0, r0, r7, lsr 3",1
"andeq r0, r0, r8, lsr 3",1
invalid,1
invalid,1
"movseq r0, r0",1
"andeq r0, r1, r0",1
"andeq fp, r1, r1, asr r0",1
"andeq fp, r1, r0, lsl 24",1
"vshl.u8 d0, d0, d0",1
"addseq r5, pc, r1, lsl 2",1
"andeq r0, r0, r0",1
invalid,1
"strge r0, [r0, -r1]",1
invalid,1
invalid,1
"moveq r0, r0",1
"andeq r0, r4, r0",1
svcls 0x5001f3,1
"andeq r0, r0, r8, lsr 3",1
"strheq r0, [r0], -r3",1
"cmplt r0, 1",1
invalid,1
"streq r0, [r0], -1",1
"andpl pc, r1, r0, lsl 6",1
"muleq r0, pc, r0",1
"andeq r0, r0, r0",1
"andeq r7, r1, r0, lsl 24",1
"andeq r8, r1, r0, lsl 24",1
"movwpl r0, 0x100",1
"andeq r0, r0, ip, lsl 3",1
"muleq r0, r0, r1",1
"rsbseq r0, r1, r2",1
"muleq r0, r0, r1",1
"andeq r0, r0, r0, lsr 3",1
"subsge r0, r3, r1",1
"strge r0, [r0, -r1]",1
"andeq r0, r0, 1",1
"stmdage r0, {r8, ip, sp, lr}",1
"movwlt r0, 1",1
invalid,1
"andeq r5, r0, r0, lsl 6",1
"andeq r0, r0, r0",1
"movseq r0, r0",1
"biceq r0, r0, r0",1
"andeq r0, r2, r0",1
"biceq r0, r0, sp, ror r0",1
"bicseq r0, r8, r0",1
"andeq r0, r2, r0",1
"andeq r0, r0, sp, ror r8",1
"andeq r0, r0, r0",1
"movseq r0, r0",1
"biceq r0, r7, r0",1
"andeq r0, r1, r0",1
"andeq ip, r1, r0, asr r7",1
"andeq sp, r1, r0, lsl 16",1
"strpl r0, [r0], -0x100",1
"andeq r0, r0, r0",1
"andeq r0, r0, r0",1
"andeq r0, r0, r8, asr 3",1
"ldrdeq r0, r1, [r0], -r3",1
"subseq r0, r0, r1",1
"andeq r0, r0, r0",1
invalid,1
invalid,1
"andeq r0, r0, 1",1
invalid,1
invalid,1
"andeq r0, r0, 1",1
"andeq r7, r8, r0, lsl 26",1
"andeq r0, r0, r0",1
invalid,1
svcle 1,1
invalid,1
"bicseq r5, pc, r0",1
invalid,1
"andeq r0, r4, r0",1
svcls 0x5001f3,1
"andeq r0, r0, r0",1
"andeq r0, r0, r0",1
"ldrdeq r0, r1, [r0], -r8",1
"ldrdeq r0, r1, [r0], -pc",1
svcle 0x510001,1
invalid,1
"streq r0, [r0], -1",1
"mrspl pc, sp_irq",1
"muleq r0, pc, r0",1
"andeq r0, r0, r0",1
"andeq lr, r1, r0",1
"andeq lr, r1, r0, lsl 22",1
"andpl r0, r0, r0, lsl 2",1
"andeq r0, r0, r0",1
"andeq r0, r0, r0",1
"andeq r0, r0, ip, ror 3",1
"strdeq r0, r1, [r0], -r0",1
"rsbseq r0, sp, r2",1
"strdeq r0, r1, [r0], -r0",1
"andeq r0, r0, r0, lsl r2",1
"rsbsne r0, sp, r2",1
"andeq r0, r0, r0",1
"andeq r0, r0, r0",1
"andeq r0, r0, ip, ror 3",1
"strdeq r0, r1, [r0], -ip",1
"mrrc2 p0, 0, r0, r0, c1",1
"andne r0, r0, r1",1
invalid,1
"andeq r5, r0, r0, lsl 10",1
"andeq r0, r0, r0",1
invalid,1
invalid,1
"andeq r0, r1, r0",1
"andeq pc, r1, r1, asr pc",1
"andeq r1, r2, r0",1
"strpl r0, [r0], -0x100",1
"andeq r0, r0, r0",1
"andeq r0, r0, r0",1
"andeq r0, r0, r0, lsl 4",1
"andeq r0, r0, fp, lsl 4",1
"subseq r0, r0, r1",1
"andeq r0, r0, r0",1
"andne r0, r0, r0",1
"strne r0, [r0], -2",1
"andeq r0, r0, 2",1
"strne r7, [r0], -0xd00",1
invalid,1
"andeq r0, r0, 2",1
"andeq r7, r8, r0, lsl 26",1
"andeq r0, r0, r0",1
"andne r0, r0, r0",1
blne 0x1d910,1
invalid,1
"andseq r5, fp, 0",1
"eoreq r0, ip, 0",1
"andeq r0, r1, r0",1
"andeq r0, r0, r4, asr r0",1
"andeq r0, r0, r0",1
"andeq r0, r0, r0",1
"andeq r0, r0, r0, lsl 8",1
"stcvc p2, c0, [r0, -0]",1
"andeq r0, r0, r0, lsl 8",1
"andeq r4, r0, r0",1
"stcvc p2, c0, [r0, -0]",1
"andeq r0, r0, r8",1
"andeq r0, r0, r0",1
"andeq r0, r0, r0",1
"andeq r0, r0, r0, lsl 8",1
"stcvc p2, c0, [r0, -0]",1
"andeq r0, r0, r0, lsl 8",1
"andeq r8, r0, r0, lsl 24",1
"stcvc p2, c0, [r0, -0]",1
"andeq r0, r0, r0, lsl r0",1
"andeq r0, r0, r0",1
"andeq r0, r0, r0",1
"andeq r0, r0, r0, lsl 22",1
"andpl r0, r0, r0, lsl 2",1
"andeq r0, r0, fp",1
"andeq r0, r0, ip, lsl 1",1
"subseq r0, r4, r1",1
"andeq r0, r0, r0",1
"andne r0, r0, r0",1
invalid,1
"streq r0, [r0, -0]",1
"andlo r7, r0, r0",1
"andseq sb, ip, lr, lsr 30",1
"addeq r0, ip, r0",1
"andeq r0, r5, r0",1
"mrchs p0, 1, r0, c0, c6, 3",1
"muleq r0, pc, r0",1
"andeq r0, r0, r0",1
"andeq r2, r0, r0, lsl 16",1
"andeq r4, r0, r0, lsl 6",1
"andpl r0, r0, r0, lsl 2",1
"andeq r0, r0, r8, asr r0",1
"andeq r0, r0, r3, rrx",1
"ldrbvc r0, [r0], -1",1
invalid,1
invalid,1
"rsbseq r5, ip, r0",1
"addeq r0, r0, r0",1
"andeq r0, r1, r0",1
"andeq r8, r0, r0, asr r4",1
"andeq r8, r0, r0, lsl 16",1
"andpl r0, r0, r0, lsl 2",1
"andeq r0, r0, r0",1
"andeq r0, r0, r0",1
"andeq r0, r0, r0",1
"andeq r0, r0, r4",1
"rsbseq r0, sp, r2",1
"andeq r0, r0, r4",1
"andeq r0, r0, r8",1
"ldrbths r0, [sp], -2",1
"andeq r0, r0, r8",1
"andeq r0, r0, r0, ror 6",1
"rsbsls r0, sp, r3",1
"andeq r0, r0, r1",1
"andeq r0, r0, r0",1
"andeq r1, r0, r0",1
"andeq r2, r0, r0",1
"andpl r0, r0, r0, lsl 2",1
"andeq r0, r0, r0, lsr 32",1
"andeq r0, r0, r8, lsr 6",1
"ldmdahs r5, {r0} ^",1
"strlo r0, [r0], -3",1
invalid,1
"movweq r7, 0x500",1
"andeq lr, r0, r0, ror 23",1
"mrchs p0, 1, r0, c0, c0, 3",1
"strne r0, [r0], -r8, lsr 2",1
"teqeq r4, 19, 30",1
invalid,1
"andseq r0, r6, r0",1
"and r0, r3, r5, ror r0",1
"strvc r0, [r0, -0xeb]",1
"stmdaeq r1, {sl, ip, pc}",1
invalid,1
"strne r0, [r0], -r8, lsr 2",1
"andeq sb, r0, r3, lsl pc",1
"andeq r0, r0, r0",1
"adcseq r0, r0, 0",1
"movweq r0, 0x8000",1
"andeq r0, r1, r0",1
"andeq r0, r3, r4, asr r8",1
"andeq r1, r3, r0, lsl 16",1
"strpl r0, [r0], -r0, lsl 2",1
"andeq r0, r0, r8, lsl r3",1
"andeq r0, r0, r0, ror 6",1
"subseq r0, r4, r1",1
"andeq r0, r0, r0",1
invalid,1
"streq r0, [r0], -0",1
invalid,1
invalid,1
invalid,1
"andeq r0, r6, r0",1
"sbcseq r3, lr, r3, lsl 16",1
"addeq sb, ip, 0, 30",1
"addseq r0, r0, 0",1
"andeq r0, r1, r0",1
"andeq sb, r2, r4, asr r8",1
"andeq fp, r2, r0, lsl 24",1
"strpl r0, [r0], -0x100",1
"andeq r0, r0, r0",1
"andeq r0, r0, r0",1
"andeq r0, r0, r8, lsr r0",1
"andeq r0, r0, r3, asr r0",1
"cmppl r0, 1",1
"andvs r0, r0, r0",1
invalid,1
"rsbeq r5, r0, r0, lsl 12",1
"rsbseq r0, r4, r0",1
"andeq r0, r1, r0",1
"andeq r0, r0, r0, asr r0",1
"andeq r0, r0, r0",1
"andeq sb, r0, r0, lsl 24",1
"andeq fp, r0, r0, lsl 6",1
"andpl r0, r0, r0, lsl 2",1
"strheq r0, [r0], -r3",1
"andeq r0, r0, r4, lsr 5",1
"ldrbge r0, [r7], -1",1
"stmdage r0, {r1}",1
invalid,1
"adceq r5, r8, 0",1
"adcseq r0, r0, 0",1
"andeq r0, r1, r0",1
"andeq r0, r0, r7, asr r0",1
"andeq r0, r0, r0",1
"andeq r3, r0, r0",1
"andeq fp, r2, r0",1
"movweq r0, 0x600",1
"strdeq lr, pc, [r0], -r8",1
"muleq r0, pc, r0",1
"andeq r0, r0, r0",1
"andeq r5, r0, r0, lsl 8",1
"andeq r6, r0, r0",1
"andpl r0, r0, r0, lsl 2",1
"andeq r0, r0, r0",1
"andeq r0, r0, r0",1
"muleq r0, r0, r0",1
"andeq r0, r0, ip, lsl 2",1
"mrrchi p0, 0, r0, sb, c1",1
"strls r0, [r0], -2",1
invalid,1
"adceq r5, r4, 0, 18",1
"adceq r0, r8, 0",1
"andeq r0, r1, r0",1
"andeq r0, r0, sb, asr r0",1
"andeq r0, r0, r0",1
"andeq r5, r0, r0, lsl 8",1
"andeq r6, r0, r0",1
"stclo p2, c0, [r0, -0]",1
"muleq r0, pc, r0",1
"andeq r0, r0, r0",1
"andeq sl, r0, r0, lsl 8",1
"andeq lr, r0, r0",1
"stmdapl r0, {r8}",1
"andeq r0, r0, r0",1
"andeq r0, r0, r0",1
"andeq r0, r0, r4, lsr 1",1
"strdeq r0, r1, [r0], -r4",1
"mrrchi p0, 0, r0, r6, c1",1
"strls r0, [r0], -2",1
invalid,1
"andeq r5, r0, r0, lsl 12",1
"andeq r0, r0, r0",1
"adceq r0, r4, r0",1
"adcseq r0, r3, r0",1
"andeq r0, r1, r0",1
"andeq fp, r0, r0, asr r3",1
"andeq sl, r2, r0, lsl 8",1
"strpl r0, [r0, -r0, lsl 2]",1
"andeq r0, r0, r0",1
"andeq r0, r0, r0",1
"andeq r0, r0, r0, asr 1",1
"andeq r0, r0, r4, lsr 5",1
invalid,1
svcls 0xeb,1
"andeq r0, r0, r0",1
"andeq r0, r0, r0",1
"andeq r0, r0, r0, asr 1",1
"andeq r0, r0, r4, asr 1",1
"rsbseq r0, r7, r6",1
svcls 0x22007a,1
"andeq r0, r0, r4, asr 1",1
"andeq r0, r0, pc, asr 1",1
svcgt 0x500001,1
invalid,1
"streq r0, [r0], -r0",1
bvc 0x3b820,1
"ldchi p2, c2, [pc], {0}",1
"strls r0, [r0], -2",1
"streq r0, [r0], -r2",1
bvc 0x3b830,1
"addseq r2, pc, r0, lsl 4",1
"andeq r0, r0, r0",1
"andgt r0, r0, r0",1
"strge r0, [r0], -0",1
"andeq r0, r0, 2",1
"addseq r3, pc, r0, lsl 28",1
"andeq r0, r0, r0",1
"andle r0, r0, r0",1
"strge r0, [r0], -0",1
"streq r0, [r0], -2",1
"andhi r0, r0, r0, lsl 20",1
"muleq r0, pc, r0",1
"andeq r0, r0, r0",1
"andeq sp, r0, r0",1
"andeq sl, r2, r0, lsl 8",1
"strpl r0, [r0, -r0, lsl 2]",1
"andeq r0, r0, r0",1
"andeq r0, r0, r0",1
"strdeq r0, r1, [r0], -r0",1
"andeq r0, r0, r0, lsl 2",1
"subseq r0, r0, r1",1
invalid,1
invalid,1
"addseq r5, r4, 0, 12",1
"addseq r0, r8, 0",1
"andeq r0, r1, r0",1
"andeq r0, r0, r6, asr r0",1
"andeq r0, r0, r0",1
"andeq r0, r1, r0, lsl 24",1
"andeq lr, r1, r0, lsl 16",1
"strpl r0, [r0], -0x100",1
"andeq r0, r0, r8, ror 3",1
"andeq r0, r0, ip, ror 3",1
"mrrc p0, 0, r0, r0, c1",1
"stmdaeq r0, {r0}",1
invalid,1
"andeq r5, r8, 0, 8",1
"andseq r0, r4, 0",1
"andeq r0, r1, r0",1
"andeq r1, r2, r0, asr r4",1
"andeq r1, r2, r0, lsl 16",1
"stmdapl r0, {r8}",1
"andeq r0, r0, r8, lsl r2",1
"andeq r0, r0, r8, lsr 4",1
svcls 0x300002,1
"andeq r0, r0, r8, lsr 4",1
"andeq r0, r0, r0, lsr r2",1
"subslo r0, r0, r1",1
invalid,1
invalid,1
"subseq r5, ip, 0, 16",1
"addeq r0, ip, 0",1
"andeq r0, r1, r0",1
"andeq sb, r2, r4, asr r4",1
"andeq sb, r2, r0, lsl 16",1
"strpl r0, [r0], -0x100",1
"andeq r0, r0, r0",1
"andeq r0, r0, r0",1
"andeq r0, r0, ip, lsl 2",1
"andeq r0, r0, r0, lsl r2",1
"subsne r0, sl, r1",1
"stmdahs r0, {r1}",1
"andeq r0, r0, 2",1
"ldmhs pc, {ip, sp}",1
invalid,1
invalid,1
"addseq r5, r4, 0, 20",1
"addseq r0, r8, 0",1
"andeq r0, r1, r0",1
"andeq r0, r0, sl, asr r0",1
"andeq r0, r0, r0",1
"andeq ip, r1, r0",1
"andeq ip, r1, r0, lsl 8",1
"andpl r0, r0, r0, lsl 2",1
"andeq r0, r0, r4, asr 3",1
"andeq r0, r0, ip, asr r2",1
"subseq r0, sb, r1",1
"andeq r0, r0, r0",1
invalid,1
"stmdale r0, {r0}",1
invalid,1
"bicseq r5, r8, r0",1
invalid,1
"andeq r0, r1, r0",1
"andeq lr, r1, fp, asr ip",1
"andeq pc, r1, r0, lsl 24",1
"andpl r0, r0, r0, lsl 2",1
"strdeq r0, r1, [r0], -ip",1
"andeq r0, r0, ip, lsr 4",1
"subseq r0, fp, r1",1
"andeq r0, r0, r0",1
invalid,1
"strhs r0, [r0], -1",1
invalid,1
"eoreq r5, r8, 0, 8",1
"subseq r0, r8, 0",1
"andeq r0, r1, r0",1
"andeq r0, r0, r4, asr r0",1
"andeq r0, r0, r0",1
"andeq r0, r1, r0, lsl 24",1
"andeq r8, r2, r0, lsl 24",1
"strpl r0, [r0], -r0, lsl 2",1
"muleq r0, r4, r2",1
"muleq r0, r8, r2",1
"subseq r0, r6, r1",1
"andeq r0, r0, r0",1
"strpl r0, [r0], -0",1
"andls r0, r0, r1",1
invalid,1
"rsbeq r5, r4, 0, 12",1
"rsbeq r0, ip, 0",1
"andeq r0, r1, r0",1
"andeq r0, r0, r6, asr r0",1
"andeq r0, r0, r0",1
"andeq r2, r2, r0, lsl 24",1
"andeq r5, r2, r0, lsl 24",1
"stcpl p1, c0, [r0, -0]",1
"andeq r0, r0, r0",1
"andeq r0, r0, r0",1
"andeq r0, r0, ip, lsr 4",1
"andeq r0, r0, r0, lsr r2",1
"rsbseq r0, r0, fp",1
blvc 0x71e000,1
"ldcne p2, c2, [r2], -0",1
"muleq r2, pc, r0",1
"andeq r5, r2, r0, lsl 24",1
"stmdavc r0, {r8, sb, fp}",1
invalid,1
"eorlo r0, r2, 0x7b",1
"andeq sb, r0, ip, lsl pc",1
"andeq r0, r0, r0",1
"subeq r0, r4, 0",1
"subseq r0, r0, 0",1
"andeq r0, r4, r0",1
svcls 0x7f9c91,1
"andeq r0, r0, r0, asr r2",1
"andeq r0, r0, r3, asr r2",1
"cmppl r1, 1",1
invalid,1
"streq r0, [r0], -2",1
svcvc 0x9c9100,1
"muleq r0, pc, r0",1
"andeq r0, r0, r0",1
"andeq r4, r2, r0, lsl 8",1
"andeq r5, r2, r0, lsl 24",1
"stmdavc r0, {fp}",1
"andhs r7, r0, 0, 22",1
"addseq r1, pc, r1, lsr ip",1
"andeq r0, r0, r0",1
"andeq r0, r0, r0",1
"streq r0, [r0], -0",1
"andeq r0, r0, 0",1
"streq r7, [r0], -0xd00",1
invalid,1
"andeq r0, r0, 0",1
"ldmdaeq r0, {r8, sl, fp, ip, sp, lr}",1
invalid,1
"andeq r0, r0, 0",1
"andseq r7, r8, r0, lsl 26",1
"andeq r0, r0, r0",1
"andeq r0, r0, r0",1
svceq 0,1
invalid,1
"andeq r5, pc, r0",1
"adceq r0, r8, r0",1
"andeq r0, r1, r0",1
"andeq r0, r0, r4, asr r0",1
"andeq r0, r0, r0",1
"andeq r0, r0, r0, lsl 24",1
"andeq r8, r0, r0",1
"andlo r0, r0, r0, lsl 4",1
"muleq r0, pc, r0",1
"andeq sb, r0, r0, lsl 16",1
"strpl r0, [r0], -r0, lsl 2",1
"muleq r0, r8, r0",1
"andeq r0, r0, r0, lsr 1",1
svcls 0x300002,1
"andeq r0, r0, r0",1
"andeq r0, r0, r0",1
"andeq r0, r0, r0, lsl r0",1
"andeq r0, r0, ip, lsl r0",1
"ldrbhs r0, [r0], -1",1
invalid,1
invalid,1
"andeq r5, r0, r0",1
"andeq r0, r0, r0",1
"andeq r0, ip, r0",1
"addeq r0, r8, r0",1
"andeq r0, r2, r0",1
"addeq sb, r8, r0, lsr pc",1
"addseq r0, r0, r0",1
"andeq r0, r1, r0",1
"andeq sb, r0, r0, asr r0",1
"andeq sb, r0, r0, lsl 16",1
"stmdbeq r0, {r8, sb}",1
"ldrsheq sb, [r8], pc",1
"adceq r0, r0, r0",1
"andeq r0, r2, r0",1
"andeq sb, r0, r0, lsr pc",1
"andeq r0, r0, r0",1
"andeq r0, r0, r0",1
"andeq r0, r4, r0",1
"andeq r0, r2, r0",1
"andeq r0, r4, sp, ror r0",1
"andeq r0, r8, r0",1
"andeq r0, r2, r0",1
"andeq r0, r8, sp, ror r8",1
"rsbeq r0, r0, r0",1
"andeq r0, r2, r0",1
"andeq r1, r0, sp, ror r0",1
"andeq r0, r0, r0",1
"andeq r0, r0, r0",1
"andseq r0, r7, r0",1
"andeq r0, r1, r0",1
"andeq r1, r0, r0, asr r7",1
"andeq r6, r0, r0",1
"strpl r0, [r0], -0x100",1
"andeq r0, r0, r0",1
"andeq r0, r0, r0",1
"andeq r0, r0, ip, lsr 32",1
"andeq r0, r0, r8, asr r0",1
"subseq r0, r4, r1",1
"andeq r0, r0, r0",1
"andeq r0, r0, r0",1
"streq r0, [r0], -0",1
"andeq r0, r0, 0",1
"streq r7, [r0], -0xd00",1
invalid,1
"andeq r0, r0, 0",1
"ldmdaeq r4, {r8, sl, fp, ip, sp, lr}",1
"strlt r0, [r0], -0",1
"andeq r0, r0, 0",1
"eoreq r7, r0, r0, lsl 26",1
"andeq r0, r0, r0",1
"andeq r0, r0, r0",1
"strmi r0, [r0, -r0]",1
invalid,1
"subeq r5, r7, r0",1
"addseq r0, r0, r0",1
"andeq r0, r1, r0",1
"andeq sb, r0, r6, asr r0",1
"andeq sb, r0, r0, lsl 16",1
"andpl r0, r0, r0, lsl 2",1
"muleq r0, r8, r0",1
"strheq r0, [r0], -r4",1
"subseq r0, r6, r1",1
"andeq r0, r0, r0",1
"andeq r0, r0, r0",1
invalid,1
"streq r0, [r0], -r0",1
"ldreq r5, [r3], 0x200",1
invalid,1
"strlt r0, [r0], -0",1
"streq r0, [r0], -r0",1
invalid,1
"addseq r2, pc, r2, lsl 10",1
"andeq r0, r0, r0",1
"andvs r0, r0, r0",1
"andls r0, r0, r0",1
"streq r0, [r0], -r0",1
"ldreq r5, [r3], 0x200",1
"stmdage r4, {r0, r1, r4, r6, r8, sb, ip, pc}",1
invalid,1
"streq r0, [r0], -r0",1
"ldreq r5, [r3], 0x200",1
"andeq sb, r4, r3, asr r3",1
"andeq r0, r0, r0",1
"andeq r0, r0, r0",1
"streq r0, [r0], -0",1
"andeq r0, r0, 0",1
"streq r7, [r0], -0xd00",1
invalid,1
"andeq r0, r0, 0",1
"andseq r7, r8, r0, lsl 26",1
"andeq r0, r0, r0",1
"andeq r0, r0, r0",1
"strne r0, [r0, -r0]",1
"streq r0, [r0], -r0",1
"ldreq r5, [r3], 0",1
"smlsdne r4, r1, r3, sb",1
invalid,1
"streq r0, [r0], -r0",1
invalid,1
"addseq r2, pc, r0, lsl 2",1
"andeq r0, r0, r0",1
"andeq r0, r0, r0",1
"strne r0, [r0, -r0]",1
"streq r0, [r0], -r0",1
"ldreq r5, [r3], 0x200",1
"smlsdne r4, r3, r3, sb",1
invalid,1
"streq r0, [r0], -r0",1
invalid,1
"addseq r2, pc, r2, lsl 2",1
"andeq r0, r0, r0",1
invalid,1
"andmi r0, r0, r0",1
"andeq r0, r0, 0",1
"andmi r7, r0, r0, lsl 26",1
invalid,1
"andeq r0, r0, 0",1
"andseq r7, r8, r0, lsl 26",1
"andeq r0, r0, r0",1
invalid,1
"movwpl r0, 0",1
"streq r0, [r0], -r0",1
"ldreq r5, [r3], 0",1
"movwpl sb, 0x4351",1
invalid,1
"streq r0, [r0], -r0",1
invalid,1
"addseq r2, pc, r0, lsl 2",1
"andeq r0, r0, r0",1
invalid,1
"movwpl r0, 0",1
"streq r0, [r0], -r0",1
"ldreq r5, [r3], 0x200",1
"movwpl sb, 0x4353",1
invalid,1
"streq r0, [r0], -r0",1
invalid,1
"addseq r2, pc, r2, lsl 2",1
"andeq r0, r0, r0",1
"andeq r0, r0, r0",1
"streq r0, [r0], -0",1
"andeq r0, r0, 0",1
"streq r7, [r0], -0xd00",1
invalid,1
"andeq r0, r0, 4",1
"eorseq r7, r0, r0, lsl 26",1
"andeq r0, r0, r0",1
"andeq r0, r0, r0",1
"strhs r0, [r0], -0",1
"streq r0, [r0], -r0",1
"ldreq r5, [r3], 0",1
"strhs sb, [r4], -0x351",1
"strlo r0, [r0], -0",1
"streq r0, [r0, -0]",1
"strhs pc, [r0, -0x500]",1
"eorseq sb, r4, pc, lsl pc",1
"streq r0, [r8], 0",1
"andeq r0, r6, r0",1
"ldrshteq r0, [r5], 0x33",1
"andeq sb, r0, r5, lsr 30",1
"andeq r0, r0, r0",1
"andeq r0, r0, r0",1
"subeq r0, r4, r0",1
"andeq r0, r6, r0",1
"movwpl sb, 0x4352",1
"umaaleq r0, r4, r3, r4",1
"subseq r0, r0, r0",1
"andeq r0, r5, r0",1
svcne 0x2502f5,1
"muleq r0, pc, r0",1
"andeq r8, r4, r0, lsl 16",1
"vmax.u8 d0, d0, d0",1
"strhs pc, [r2, -0x503]",1
"muleq r0, pc, r0",1
"andeq r0, r0, r0",1
"andeq r0, r0, r0, lsl 8",1
"andeq r1, r0, r0, lsl 24",1
"andlo r0, r0, r0, lsl 4",1
"muleq r0, pc, ip",1
"andeq r3, r0, r0, lsl 8",1
"stmdbeq r0, {r8, sb}",1
"ldrshteq sb, [r4], -pc",1
"streq r0, [r8], 0",1
"andeq r0, r1, r0",1
"andeq r0, r0, r5, asr r0",1
"andeq r0, r0, r0",1
"andeq r5, r0, r0",1
"andeq r8, r0, r0, lsl 24",1
"strpl r0, [r0, -r0, lsl 12]",1
"cmpls r8, 0x93000000",1
"andeq r3, r1, r4",1
"andeq r5, r1, r0, lsl 8",1
"strpl r0, [r0, -r0, lsl 12]",1
"cmpls r8, 0x93000000",1
"andeq r6, r1, r4, lsl 16",1
"andeq r7, r1, r0, lsl 8",1
"strpl r0, [r0, -r0, lsl 12]",1
"cmpls r8, 0x93000000",1
"andeq sp, r2, r4, lsl 16",1
"andeq r2, r3, r0, lsl 8",1
"strpl r0, [r0, -r0, lsl 12]",1
"cmpls r8, 0x93000000",1
"andeq r5, r4, r4, lsl 16",1
"andeq r8, r4, r0, lsl 16",1
"strpl r0, [r0, -r0, lsl 12]",1
"cmpls r8, 0x93000000",1
"andeq r0, r0, r4",1
"andeq r0, r0, r0",1
"andeq r5, r0, r0",1
"andeq sb, r0, r0, lsl 22",1
bpl 0x1fa5c,1
"cmpls ip, 0x93000000",1
"andeq r3, r1, r4",1
"andeq r4, r1, r0, lsl 6",1
bpl 0x1fa6c,1
"cmpls ip, 0x93000000",1
"andeq r4, r1, r4, lsl 16",1
"andeq r7, r1, r0",1
bpl 0x1fa7c,1
"cmpls ip, 0x93000000",1
"andeq r2, r2, r4, lsl 16",1
"andeq r2, r2, r0, lsl 24",1
bpl 0x1fa8c,1
"cmpls ip, 0x93000000",1
"andeq sp, r2, r4, lsl 16",1
"andeq r0, r3, r0",1
bpl 0x1fa9c,1
"cmpls ip, 0x93000000",1
"andeq r0, r3, r4, lsl 24",1
"andeq r3, r3, r0, lsl 16",1
bpl 0x1faac,1
"cmpls ip, 0x93000000",1
"andeq r5, r4, r4, lsl 16",1
"andeq r6, r4, r0",1
bpl 0x1fabc,1
"cmpls ip, 0x93000000",1
"andeq r0, r0, r4",1
"andeq r0, r0, r0",1
"andeq r5, r0, r0",1
"andeq r7, r0, r0",1
bpl 0x1fad4,1
"cmpls r3, 0x93000000",1
"andeq r7, r0, r4",1
"andeq sb, r0, r0, lsl 22",1
bpl 0x1fae4,1
"cmpls ip, 0x93000000",1
"andeq r3, r1, r4",1
"andeq r4, r1, r0, lsl 6",1
"strpl r0, [r0], -0x600",1
"cmpls r3, 0x93000000",1
"andeq sp, r2, r4, lsl 16",1
"andeq r1, r3, r0, lsl 8",1
"strpl r0, [r0], -0x600",1
"cmpls r3, 0x93000000",1
"andeq r1, r3, r4, lsl 8",1
"andeq r3, r3, r0, lsl 16",1
bpl 0x1fb14,1
"cmpls r3, 0x93000000",1
"andeq r5, r4, r4, lsl 16",1
"andeq r6, r4, r0",1
"strpl r0, [r0], -0x600",1
"cmpls r3, 0x93000000",1
"andeq r0, r0, r4",1
"andeq r0, r0, r0",1
"andeq r5, r0, r0",1
"andeq r8, r0, r0, lsl 24",1
"strpl r0, [r0, -r0, lsl 12]",1
"cmpls r1, 0x93000000",1
"andeq r3, r1, r4",1
"andeq r4, r1, r0",1
"strpl r0, [r0, -r0, lsl 12]",1
"cmpls r1, 0x93000000",1
"andeq r4, r1, r4",1
"andeq r5, r1, r0, lsl 16",1
"strpl r0, [r0, -r0, lsl 12]",1
"cmpls r6, 0x93000000",1
"andeq sp, r2, r4, lsl 16",1
"andeq r1, r3, r0",1
"strpl r0, [r0, -r0, lsl 12]",1
"cmpls r1, 0x93000000",1
"andeq r1, r3, r4",1
"andeq r3, r3, r0, lsl 8",1
"strpl r0, [r0, -r0, lsl 12]",1
"cmpls r6, 0x93000000",1
"andeq r5, r4, r4, lsl 16",1
"andeq r6, r4, r0",1
"strpl r0, [r0, -r0, lsl 12]",1
"cmpls r1, 0x93000000",1
"andeq r0, r0, r4",1
"andeq r0, r0, r0",1
"andeq r5, r0, r0, lsl 16",1
"andeq r7, r0, r0, lsl 16",1
bpl 0x1e7a4,1
"andeq r0, r0, r8, ror r0",1
"andeq r0, r0, r8, lsl r1",1
"subslo r0, r4, r1",1
"andgt r0, r0, r1",1
invalid,1
"sbcseq r5, r8, 0, 8",1
"tsteq r4, 0",1
"andeq r0, r1, r0",1
"andeq r1, r3, r4, asr r4",1
"andeq r2, r4, r0, lsl 16",1
bpl 0x1e7d0,1
"andeq r0, r0, r8, asr r4",1
"andeq r0, r0, r0, ror 8",1
"subseq r0, r4, r1",1
"andeq r0, r0, r0",1
invalid,1
"andvc r0, r0, r0",1
invalid,1
"rsbseq r5, r0, r0, lsl 6",1
"addseq r0, fp, r0",1
"andeq r0, r1, r0",1
"andeq r3, r1, ip, asr r0",1
"andeq r4, r1, r0, lsl 6",1
"movwpl r0, 0x100",1
"ldrdeq r0, r1, [r0], -r8",1
"andeq r0, r0, ip, lsl r3",1
"mrrcne p0, 0, r0, r3, c1",1
"andpl r0, r0, r3",1
invalid,1
"ldrbeq r5, [r8], -0x400",1
"strbteq r0, [r0], -0",1
"andeq r0, r1, r0",1
"andeq r0, r0, r3, asr r0",1
"andeq r0, r0, r0",1
"andeq r5, r0, r0, lsl 24",1
"andeq r8, r0, r0, lsl 16",1
"strpl r0, [r0, -r0, lsl 2]",1
"andeq r0, r0, r8, lsl 1",1
"andeq r0, r0, r8, ror 1",1
"subslo r0, sb, r1",1
invalid,1
invalid,1
"cmneq ip, r0, lsl 14",1
"addeq r0, r8, 0",1
"andeq r0, r1, r0",1
"andeq sp, r2, sb, asr r8",1
"andeq r3, r3, r0, lsl 16",1
"strpl r0, [r0, -r0, lsl 2]",1
"andeq r0, r0, r8, lsr r3",1
"andeq r0, r0, r0, asr r4",1
"rsbseq r0, r7, r6",1
svcls 0x240079,1
"andeq r0, r0, r8, asr r4",1
"andeq r0, r0, r0, ror 8",1
"subseq r0, r7, r1",1
"andeq r0, r0, r0",1
"andvs r0, r0, r0",1
invalid,1
invalid,1
"addeq r5, r8, r0, lsl 2",1
"sbceq r0, r0, r0",1
"andeq r0, r1, r0",1
"andeq r3, r1, r6, asr r0",1
"andeq r4, r1, r0",1
invalid,1
"andeq r0, r0, r0, asr 2",1
"andeq r0, r0, r4, asr r1",1
"ldrbpl r0, [r6], -1",1
"strle r0, [r0], -1",1
invalid,1
"eoreq r5, r8, 0, 16",1
"addeq r0, r0, 0",1
"andeq r0, r1, r0",1
"andeq sp, r2, r8, asr r8",1
"andeq r1, r3, r0",1
invalid,1
"andeq r0, r0, r0, lsl r3",1
"andeq r0, r0, r4, lsr r3",1
"ldmdalo r6, {r0} ^",1
invalid,1
invalid,1
invalid,1
"ldrteq r0, [r8], -0",1
"andeq r0, r1, r0",1
"andeq r5, r4, r6, asr r8",1
"andeq r6, r4, r0",1
invalid,1
"andeq r0, r0, r0",1
"andeq r0, r0, r0",1
"andeq r0, r0, r8, ror 2",1
"andeq r0, r0, ip, lsr 3",1
"ldmdalo fp, {r0} ^",1
svclo 3,1
invalid,1
"movteq r5, 0x4000",1
"cmpeq r7, 0",1
"andeq r0, r1, r0",1
"andeq r0, r0, r2, asr r0",1
"andeq r0, r0, r0",1
"andeq r2, r1, r0, lsl 24",1
"andeq r3, r1, r0",1
invalid,1
"ldrdeq r0, r1, [r0], -r4",1
"ldrdeq r0, r1, [r0], -r8",1
invalid,1
"stmdapl r0, {r0, r1}",1
invalid,1
"strbteq r5, [r0], -0xc00",1
"streq r0, [r8], 0",1
"andeq r0, r1, r0",1
"andeq r0, r0, ip, asr r0",1
"andeq r0, r0, r0",1
"andeq r2, r1, r0, lsl 24",1
"andeq r3, r1, r0",1
"andlo r0, r0, r0, lsl 4",1
"muleq r1, pc, r4",1
"andeq r2, r2, r0, lsl 16",1
"mrslo r0, r8_usr",1
"muleq r2, pc, r8",1
"andeq sp, r2, r0, lsl 16",1
"strpl r0, [r0], -r0, lsl 2",1
"andeq r0, r0, r0, ror 8",1
"andeq r0, r0, r8, lsl 9",1
"subseq r0, r6, r1",1
"andeq r0, r0, r0",1
invalid,1
"strvs r0, [r0], -1",1
"streq r0, [r0], -r1",1
invalid,1
"ldrvs r1, [pc], 0xc00       ; [0x1e5ac:4]=0x1000001",1
invalid,1
invalid,1
invalid,1
"orreq r0, r7, r0",1
"andeq r0, r6, r0",1
"rsbseq r2, r3, r8",1
"movweq sb, 0xcf1c",1
"tsteq r0, 0",1
"andeq r0, r6, r0",1
"rsbseq r2, sb, r8",1
"tsteq r0, 28, 30            ; 0x1c",1
invalid,1
"andeq r0, r1, r0",1
"andeq r2, r3, r1, asr r0",1
"andeq r5, r4, r0",1
"stmdaeq r0, {sb, sl}",1
invalid,1
"muleq r0, pc, r0",1
"andeq r0, r0, r0",1
"andeq r7, r0, r0",1
"andeq sb, r0, r0, lsl 22",1
"movwpl r0, 0x100",1
"muleq r0, fp, r0",1
"andeq r0, r0, r4, lsr 1",1
"rsbseq r0, sl, r2, lsr 32",1
"andeq r2, r6, r2, lsl r8",1
svchs 0x200813,1
"shadd16ne r0, r0, r4",1
"strbhs r4, [fp], -0x12",1
"andeq r2, sb, sl, lsl r8",1
"tsths r6, 0x31000000",1
svc 0x2f1601,1
svcls 0x9613ff,1
"andeq r0, r0, ip, asr 2",1
"andeq r0, r0, r7, lsl 3",1
"ldrb r0, [r3], -1",1
"andpl r0, r0, r2",1
invalid,1
"andeq r5, r0, r0, lsl 18",1
"andeq r0, r0, r0",1
"addeq r0, ip, r0",1
"teqeq r0, r0",1
"andeq r0, r1, r0",1
"andeq r0, r0, r7, asr r0",1
"andeq r0, r0, r0",1
"andeq sb, r0, r0",1
"andeq r0, r1, r0, lsl 16",1
"stmdapl r0, {r8}",1
"andeq r0, r0, r8, lsl 2",1
"andeq r0, r0, r8, lsl r1",1
"rsbseq r0, r4, r7",1
bne 0x1e2a4,1
"muleq r0, pc, r0",1
"andeq r0, r0, r0",1
"andeq sl, r0, r0, lsl 24",1
"andeq ip, r0, r0, lsl 24",1
"andpl r0, r0, r0, lsl 2",1
"andeq r0, r0, ip, asr 1",1
"andeq r0, r0, r0, lsr r1",1
"subseq r0, r6, r1",1
"andeq r0, r0, r0",1
"andeq r0, r0, r0",1
invalid,1
invalid,1
"tsteq ip, r0",1
invalid,1
"andeq r0, r1, r0",1
"andeq r0, r0, ip, asr r0",1
"andeq r0, r0, r0",1
"andeq sl, r0, r0, lsl 8",1
"andeq sl, r0, r0, lsl 16",1
invalid,1
"andeq r0, r0, r8, lsr 1",1
"strheq r0, [r0], -r8",1
"ldmdalt sl, {r0} ^",1
invalid,1
invalid,1
"sbceq r5, r8, r0, lsl 6",1
"sbceq r0, ip, r0",1
"andeq r0, sl, r0",1
"strbhs r0, [r0], -0x7a",1
"strbhs r0, [r0, -0x79]",1
"sbcseq sb, ip, r1, lsr 30",1
"rsceq r0, r0, r0",1
"andeq r0, r1, r0",1
"andeq lr, r0, r3, asr r0",1
"andeq r3, r1, r0",1
bpl 0x1eb0c,1
"andeq r0, r0, r0",1
"andeq r0, r0, r0",1
"strdeq r0, r1, [r0], -r8",1
"strdeq r0, r1, [r0], -ip",1
"mrrc2 p0, 0, r0, r1, c1",1
invalid,1
invalid,1
invalid,1
"tsteq ip, r0",1
"andeq r0, r1, r0",1
"andeq r0, r0, sb, asr r0",1
"andeq r0, r0, r0",1
"andeq fp, r0, r0, lsl 16",1
"andeq lr, r0, r0, lsl 30",1
"andpl r0, r0, 0, 2",1
"andeq r0, r0, r8, lsl 2",1
"andeq r0, r0, r0, lsr r1",1
"subseq r0, r8, r1",1
"andeq r0, r0, r0",1
invalid,1
"stmdahs r0, {r0}",1
invalid,1
"andeq r5, r0, r0, lsl 20",1
"andeq r0, r0, r0",1
"orreq r0, r4, r0",1
invalid,1
"andeq r0, r1, r0",1
"andeq pc, r1, r7, asr ip",1
"andeq r2, r2, r0, lsl 16",1
"strvc r0, [r0], -0x700",1
invalid,1
"andeq sb, r0, sl, lsl pc",1
"andeq r0, r0, r0",1
"orrseq r0, r8, r0",1
"movseq r0, r0",1
"andeq r0, r1, r0",1
"andeq fp, r1, r0, asr r8",1
"andeq r2, r2, r0, lsl 16",1
blpl 0x1eba8,1
"andeq r0, r0, r0",1
"andeq r0, r0, r0",1
"strdeq r0, r1, [r0], -r0",1
"andeq r0, r0, r0, lsl r2",1
"subsne r0, r0, r1",1
"stmdahs r0, {r1}",1
invalid,1
"andeq r5, r0, r0, lsl 12",1
"andeq r0, r0, r0",1
"orrseq r0, r0, r0",1
"orrseq r0, r4, r0",1
"andeq r0, r1, r0",1
"andeq sb, r1, r1, asr r4",1
"andeq sl, r1, r0, lsl 8",1
"strpl r0, [r0], -r0, lsl 2",1
"andeq r0, r0, r4, lsr 3",1
"strheq r0, [r0], -r4",1
"ldrblt r0, [r3], -1",1
"stmdalt r0, {r0}",1
beq 0x1e7fc,1
"andmi r7, r0, r0, lsl 12",1
"andmi r7, r0, r4, lsr 16",1
"ldmgt pc, {r0, r2, r5, r8, sp}",1
invalid,1
invalid,1
"biceq r5, ip, r0, lsl 6",1
"andeq r0, r4, 0",1
"andeq r0, r1, r0",1
"andeq r0, r0, r6, asr r0",1
"andeq r0, r0, r0",1
"andeq lr, r1, r0, lsl 8",1
"andeq lr, r1, r0, lsl 16",1
invalid,1
"andeq r0, r0, r8, ror 3",1
"andeq r0, r0, pc, ror 3",1
invalid,1
invalid,1
invalid,1
invalid,1
"andeq r0, ip, 0",1
"andeq r0, r1, r0",1
"andeq r0, r2, r1, asr ip",1
"andeq r1, r2, r0",1
"movwvc r0, 0x800",1
"stmdavc r4!, {lr}",1
"addshs r2, pc, r0, lsl 2",1
"strhs r0, [r0], -2",1
invalid,1
"eoreq r5, r4, 0, 2",1
"eoreq r0, r8, 0",1
"andeq r0, r1, r0",1
"andeq r0, r0, r8, asr r0",1
"andeq r0, r0, r0",1
"andeq sl, r1, r0, lsl 8",1
"andeq sp, r1, r0, lsl 22",1
"andpl r0, r0, 0, 2",1
"strdeq r0, r1, [r0], -ip",1
"andeq r0, r0, r8, lsr 4",1
"subseq r0, r7, r1",1
"andeq r0, r0, r0",1
invalid,1
"stmdale r0, {r1}",1
invalid,1
"andeq r5, r0, r0, lsl 20",1
"andeq r0, r0, r0",1
"eorseq r0, r4, 0",1
"adcseq r0, r0, 0",1
"andeq r0, r1, r0",1
"andeq fp, r2, fp, asr r0",1
"andeq ip, r2, r0",1
"strvc r0, [r0], -0x700",1
invalid,1
"andeq sb, r0, sl, lsl pc",1
"andeq r0, r0, r0",1
"subeq r0, ip, 0",1
"rsbeq r0, ip, 0",1
"andeq r0, r1, r0",1
"andeq r6, r2, r0, asr ip",1
"andeq sp, r2, r0, lsl 16",1
"strpl r0, [r0, -r0, lsl 2]",1
"andeq r0, r0, r0",1
"andeq r0, r0, r0",1
"andeq r0, r0, r4, lsr 5",1
"andeq r0, r0, r4, asr 5",1
"ldrbgt r0, [r0], -1",1
"strle r0, [r0], -2",1
invalid,1
"andeq r5, r0, r0, lsl 24",1
"andeq r0, r0, r0",1
"subeq r0, r4, 0",1
"subeq r0, r8, 0",1
"andeq r0, r1, r0",1
"andeq r4, r2, r1, asr r8",1
"andeq r5, r2, r0, lsl 16",1
"strpl r0, [r0, -r0, lsl 2]",1
"andeq r0, r0, r8, asr r2",1
"andeq r0, r0, r8, ror 4",1
"mrrcvc p0, 0, r0, r3, c1",1
"andhi r0, r0, r2",1
invalid,1
"addeq r5, r0, 0, 6",1
"sbcseq r0, r8, 0",1
"andeq r0, r1, r0",1
"andeq r0, r0, r8, asr r0",1
"andeq r0, r0, r0",1
"andeq sb, r2, r0, lsl 16",1
"andeq sb, r2, r0, lsl 24",1
invalid,1
"muleq r0, ip, r2",1
"andeq r0, r0, r3, lsr 5",1
"ldmdage r3, {r0} ^",1
"andlt r0, r0, r2",1
invalid,1
"adcseq r5, r0, 0, 6",1
"sbceq r0, r4, 0",1
"andeq r0, r1, r0",1
"andeq r0, r0, sb, asr r0",1
"andeq r0, r0, r0",1
"andeq r5, r2, r0, lsl 16",1
"andeq r8, r2, r0, lsl 30",1
"andpl r0, r0, 0, 2",1
"strheq r0, [r0], -r0",1
"ldrdeq r0, r1, [r0], -r8",1
"subseq r0, fp, r1",1
"andeq r0, r0, r0",1
invalid,1
"andpl r0, r0, r4",1
invalid,1
"andeq r5, r0, r0, lsl 4",1
"andeq r0, r0, r0",1
"strteq r0, [r8], -0",1
"ldrbeq r0, [r0], -0",1
"andeq r0, r1, r0",1
"andeq r0, r0, r3, asr r0",1
"andeq r0, r0, r0",1
"andeq r3, r3, r0, lsl 16",1
"andeq r5, r4, r0",1
blpl 0x1edd0,1
"andeq r0, r0, r0",1
"andeq r0, r0, r0",1
"andeq r0, r0, r8, lsr r3",1
"andeq r0, r0, ip, asr 7",1
"mrrcgt p0, 0, r0, r6, c1",1
"andpl r0, r0, r3",1
"streq r0, [r0, -r4]",1
beq 0x3b9f0,1
svcls 0x1affff,1
"andeq r0, r0, r0",1
"andeq r0, r0, r0",1
"andeq r0, r0, r8, asr r3",1
"andeq r0, r0, ip, ror r3",1
"mrrcvc p0, 0, r0, r0, c1",1
"movwge r0, 3",1
invalid,1
"biceq r5, r4, 0, 6",1
"strteq r0, [r8], -0",1
"andeq r0, r1, r0",1
"andeq r0, r0, r3, asr r0",1
"andeq r0, r0, r0",1
"andeq fp, r3, r0, lsl 24",1
"andeq lr, r3, r0",1
"andpl r0, r0, r0, lsl 2",1
"andeq r0, r0, r0, ror 7",1
"strdeq r0, r1, [r0], -r8",1
"subseq r0, ip, r1",1
"andeq r0, r0, r0",1
invalid,1
"andpl r0, r0, r3",1
invalid,1
"cmpeq r0, 0, 2",1
"cmpeq r7, 0",1
"andeq r0, r1, r0",1
"andeq r5, r3, r3, asr ip",1
"andeq r6, r3, r0, lsl 16",1
"movwpl r0, 0x100",1
"andeq r0, r0, r8, ror 6",1
"andeq r0, r0, r8, ror r3",1
"mrrchi p0, 0, r0, r1, c1",1
"andls r0, r0, r3",1
invalid,1
"orrseq r5, r0, 0, 2",1
invalid,1
"andeq r0, r1, r0",1
"andeq sl, r3, ip, asr r8",1
"andeq fp, r3, r0, lsl 22",1
invalid,1
"andeq r0, r0, r0",1
"andeq r0, r0, r0",1
"strheq r0, [r0], -r0",1
"strheq r0, [r0], -r4",1
"ldrblt r0, [r1], -1",1
bllt 0x1eab4,1
invalid,1
"biceq r5, r0, 0, 4",1
"biceq r0, ip, 0",1
"andeq r0, r1, r0",1
"andeq ip, r3, r2, asr ip",1
"andeq sp, r3, r0, lsl 24",1
invalid,1
"ldrdeq r0, r1, [r0], -ip",1
"andeq r0, r0, r0, ror 7",1
"rsbseq r0, r2, r8",1
"rsbseq r2, r8, r0, asr 8",1
"mvnseq sb, 33, 30",1
invalid,1
"andeq r0, r1, r0",1
"andeq pc, r3, r1, asr r4",1
"andeq r3, r4, r0, lsl 16",1
"strpl r0, [r0], -r0, lsl 2",1
"andeq r0, r0, r0",1
"andeq r0, r0, r0",1
"andeq r0, r0, r8, ror 6",1
"andeq r0, r0, r3, lsr 7",1
"mrrcgt p0, 0, r0, r2, c1",1
"vst4.8 {d0, d1, d2, d3}, [r0], r3",1
invalid,1
invalid,1
"strteq r0, [r8], -0",1
"andeq r0, sl, r0",1
invalid,1
"ldrshteq r1, [r0], -0xaf",1
"andeq sb, r0, lr, lsl pc",1
"andeq r0, r0, r0",1
"andeq r0, r0, r0",1
"andeq r0, r4, r0",1
"andeq r0, r2, r0",1
"andeq r0, r4, sp, ror r0",1
"streq r0, [ip], -0",1
"andeq r0, r2, r0",1
"andeq r3, r0, sp, ror r0",1
"andeq r0, r0, r0",1
"andeq r0, r0, r0",1
"subseq r0, r0, r0",1
"andeq r0, r6, r0",1
"qaddpl sb, r0, r4",1
invalid,1
"rsceq r0, ip, r0",1
"andeq r0, r6, r0",1
"ldrshteq r0, [r5], 0x33",1
"rsceq sb, ip, r5, lsr 30",1
"rscseq r0, r8, r0",1
"andeq r0, r6, r0",1
"qaddpl sb, r0, r4",1
"smlalseq r0, r8, r3, r4",1
"addeq r0, r4, 0",1
"andeq r0, r6, r0",1
"ldrshteq r0, [r5], 0x33",1
"addeq sb, r4, 37, 30",1
"adceq r0, ip, 0",1
"andeq r0, r6, r0",1
"qaddpl sb, r0, r4",1
"adceq r0, ip, 0x93000000",1
"adcseq r0, r8, 0",1
"andeq r0, r6, r0",1
"ldrshteq r0, [r5], 0x33",1
"adcseq sb, r8, 37, 30",1
"sbcseq r0, r8, 0",1
"andeq r0, r6, r0",1
"qaddpl sb, r0, r4",1
"sbcseq r0, r8, 0x93000000",1
invalid,1
"andeq r0, r6, r0",1
"ldrshteq r0, [r5], 0x33",1
invalid,1
invalid,1
"andeq r0, r6, r0",1
"qaddpl sb, r0, r4",1
invalid,1
"streq r0, [ip], -0",1
"andeq r0, r6, r0",1
"ldrshteq r0, [r5], 0x33",1
"andeq sb, r0, r5, lsr 30",1
"andeq r0, r0, r0",1
"andeq r0, r0, r0",1
"eorseq r0, r8, r0",1
"andeq r0, r6, r0",1
"movwpl sb, 0x4352",1
"mlaseq r8, r3, r4, r0",1
"rsceq r0, ip, r0",1
"andeq r0, r6, r0",1
"rscseq r0, r5, 0xcc000003",1
"rsceq sb, ip, r5, lsr 30",1
"rscseq r0, pc, r0",1
"andeq r0, r6, r0",1
"movwpl sb, 0x4352",1
"smlalseq r0, pc, r3, r4",1
"addeq r0, r4, 0",1
"andeq r0, r6, r0",1
"rscseq r0, r5, 0xcc000003",1
"addeq sb, r4, 37, 30",1
"rsceq r0, r7, 0",1
"andeq r0, r6, r0",1
"movwpl sb, 0x4352",1
"rsceq r0, r7, 0x93000000",1
invalid,1
"andeq r0, r6, r0",1
"rscseq r0, r5, 0xcc000003",1
invalid,1
"streq r0, [r0], -0",1
"andeq r0, r6, r0",1
"movwpl sb, 0x4352",1
"streq r0, [r0], -0x493",1
"streq r0, [ip], -0",1
"andeq r0, r6, r0",1
"rscseq r0, r5, 0xcc000003",1
"andeq sb, r0, r5, lsr 30",1
"andeq r0, r0, r0",1
"andeq r0, r4, r0",1
"eoreq r0, ip, r0",1
"andeq r0, r6, r0",1
"movwpl sb, 0x4352",1
"smlaleq r0, ip, r3, r4",1
"rscseq r0, pc, r0",1
"andeq r0, r6, r0",1
"movwpl sb, 0x4352",1
"addeq r0, r4, 0x93000000",1
"rsceq r0, r7, 0",1
"andeq r0, r6, r0",1
"movwpl sb, 0x4352",1
invalid,1
"streq r0, [r0], -0",1
"andeq r0, r6, r0",1
"movwpl sb, 0x4352",1
"muleq r0, r3, r4",1
"andeq r0, r0, r0",1
"andeq r0, r4, r0",1
"subseq r0, r0, r0",1
"andeq r0, r6, r0",1
"qaddpl sb, r0, r4",1
invalid,1
"subseq r0, r4, r0",1
"andeq r0, r6, r0",1
"qaddpl sb, r8, r4",1
"smlaleq r0, ip, r3, r4",1
"rscseq r0, r8, r0",1
"andeq r0, r6, r0",1
"qaddpl sb, r0, r4",1
"smlalseq r0, r8, r3, r4",1
"rscseq r0, ip, r0",1
"andeq r0, r6, r0",1
"qaddpl sb, r7, r4",1
"smlalseq r0, ip, r3, r4",1
"tsteq r0, r0",1
"andeq r0, r6, r0",1
invalid,1
invalid,1
invalid,1
"andeq r0, r6, r0",1
bpl 0x143a78,1
invalid,1
"teqeq r0, r0",1
"andeq r0, r6, r0",1
bpl 0x143a8c,1
"addeq r0, r4, 0x93000000",1
"adceq r0, ip, 0",1
"andeq r0, r6, r0",1
"qaddpl sb, r0, r4",1
"adceq r0, ip, 0x93000000",1
"adcseq r0, r8, 0",1
"andeq r0, r6, r0",1
"qaddpl sb, r8, r4",1
"adcseq r0, r8, 0x93000000",1
"adcseq r0, ip, 0",1
"andeq r0, r6, r0",1
"qaddpl sb, r0, r4",1
"adcseq r0, ip, 0x93000000",1
"sbcseq r0, r4, 0",1
"andeq r0, r6, r0",1
invalid,1
"sbcseq r0, r4, 0x93000000",1
"sbcseq r0, r8, 0",1
"andeq r0, r6, r0",1
bpl 0x143abc,1
"sbcseq r0, r8, 0x93000000",1
"sbcseq r0, ip, 0",1
"andeq r0, r6, r0",1
bpl 0x143aec,1
invalid,1
invalid,1
"andeq r0, r6, r0",1
"qaddpl sb, r0, r4",1
invalid,1
"streq r0, [r0], -0",1
"andeq r0, r6, r0",1
"qaddpl sb, r8, r4",1
"muleq r0, r3, r4",1
"andeq r0, r0, r0",1
"andseq r0, r4, r0",1
"eorseq r0, r4, r0",1
"andeq r0, r1, r0",1
"andeq r3, r0, r2, asr r4",1
"andeq sp, r0, r0, lsl 8",1
"strpl r0, [r0], -0x100",1
"andeq r0, r0, ip, ror 1",1
"strdeq r0, r1, [r0], -pc",1
invalid,1
invalid,1
invalid,1
"addeq r5, r4, 0, 8",1
"sbceq r0, ip, 0",1
"andeq r0, r1, r0",1
"andeq ip, r2, r2, asr ip",1
"andeq ip, r3, r0, lsl 16",1
"strpl r0, [r0, -0x100]",1
"strdeq r0, r1, [r0], -r8",1
"andeq r0, r0, r0, lsl 8",1
"subseq r0, r2, r1",1
"andeq r0, r0, r0",1
invalid,1
invalid,1
invalid,1
"andeq r5, r0, r0, lsl 8",1
"andeq r0, r0, r0",1
"andseq r0, r8, r0",1
"subeq r0, r4, r0",1
"andeq r0, r1, r0",1
"andeq r4, r0, r0, asr r4",1
"andeq sl, r0, r0, lsl 8",1
"strpl r0, [r0, -r0, lsl 2]",1
"andeq r0, r0, ip, ror 1",1
"strdeq r0, r1, [r0], -r8",1
invalid,1
invalid,1
invalid,1
invalid,1
"teqeq r0, r0",1
"andeq r0, r1, r0",1
"andeq r3, r1, r8, asr r4",1
"andeq r3, r2, r0, lsl 24",1
"strpl r0, [r0, -r0, lsl 2]",1
"andeq r0, r0, r4, lsl 5",1
"andeq r0, r0, ip, lsr 5",1
"mrrcge p0, 0, r0, r0, c1",1
"stmdalt r0, {r1}",1
invalid,1
"adcseq r5, r8, 0, 16",1
"sbcseq r0, r4, 0",1
"andeq r0, r1, r0",1
"andeq sp, r2, r0, asr r4",1
"andeq sp, r2, r0, lsl 16",1
"andvc r0, r0, r0, lsl 12",1
"strhs r7, [r0], -0x700",1
"muleq r2, pc, r8",1
"andeq pc, r3, r0",1
"stmdavc r0, {sb, sl}",1
"strhs r7, [r0], -0x700",1
"muleq r3, pc, r8",1
"andeq pc, r3, r0, lsl 24",1
"andpl r0, r0, r0, lsl 2",1
"strdeq r0, r1, [r0], -ip",1
"andeq r0, r0, r0, lsl 8",1
"subseq r0, r8, r1",1
"andeq r0, r0, r0",1
invalid,1
"strmi r0, [r0], -0",1
invalid,1
"subeq r5, r4, r0, lsl 2",1
"addseq r0, ip, r0",1
"andeq r0, r1, r0",1
"andeq lr, r0, sl, asr ip",1
"andeq pc, r0, r0, lsl 24",1
invalid,1
"strdeq r0, r1, [r0], -ip",1
"muleq r0, r0, r1",1
"mrrcle p0, 0, r0, r6, c1",1
"strne r0, [r0], -1",1
invalid,1
"addeq r5, r4, 0, 12",1
"adcseq r0, ip, 0",1
"andeq r0, r1, r0",1
"andeq fp, r2, r1, asr ip",1
"andeq r4, r3, r0",1
"strpl r0, [r0], -r0, lsl 2",1
"muleq r0, r8, r3",1
"strdeq r0, r1, [r0], -r0",1
invalid,1
"andeq r0, r0, r3",1
invalid,1
"andeq r5, r0, r0, lsl 2",1
"andeq r0, r0, r0",1
invalid,1
invalid,1
"andeq r0, r1, r0",1
"andeq ip, r2, sb, asr ip",1
"andeq r1, r3, r0, lsl 8",1
blpl 0x1f340,1
"andeq r0, r0, r0",1
"andeq r0, r0, r0",1
"andeq r0, r0, r8, ror 1",1
"andeq r0, r0, ip, ror 1",1
"subshi r0, r0, r1",1
"strhi r0, [r0], -2",1
invalid,1
"orrseq r5, r8, 0",1
invalid,1
"andeq r0, r1, r0",1
"andeq r0, r4, r0, asr r0",1
"andeq r0, r4, r0, lsl 24",1
"andpl r0, r0, r0, lsl 2",1
"andeq r0, r0, r0",1
"andeq r0, r0, r0",1
"andeq r0, r0, r8, ror 1",1
"andeq r0, r0, ip, ror 1",1
svcls 0x300002,1
"andeq r0, r0, r0, lsl r1",1
"ldrdeq r0, r1, [r0], -ip",1
svcls 0x310002,1
"ldrdeq r0, r1, [r0], -ip",1
"andeq r0, r0, r4, lsl 5",1
"subseq r0, r5, r1",1
invalid,1
invalid,1
"andeq r5, r0, r0, lsl 10",1
"andeq r0, r0, r0",1
"tsteq r8, r0",1
invalid,1
"andeq r0, r6, r0",1
"rsbseq r2, r3, r8",1
invalid,1
invalid,1
"andeq r0, r1, r0",1
"andeq r2, r1, r1, asr ip",1
"andeq r4, r1, r0, lsl 6",1
"stmdaeq r0, {sb, sl}",1
invalid,1
"muleq r2, pc, r8",1
"andeq fp, r2, r0, lsl 24",1
"stmdaeq r0, {sb, sl}",1
invalid,1
"muleq r2, pc, ip",1
"andeq sp, r2, r0",1
invalid,1
"ldrdeq r0, r1, [r0], -r0",1
"strdeq r0, r1, [r0], -r0",1
"andhs r0, r8, r6",1
svcls 0x1c0077,1
"andeq r0, r0, r0",1
"andeq r0, r0, r0",1
"andeq r0, r0, ip, lsr 32",1
"andeq r0, r0, r7, asr r0",1
"ldmdaeq r3, {r0} ^",1
"movwmi r0, 1",1
invalid,1
"addseq r5, r0, 0, 6",1
"mvnseq r0, 0",1
"andeq r0, r1, r0",1
"andeq r0, r0, r7, asr r0",1
"andeq r0, r0, r0",1
"andeq r4, r0, r0, lsl 16",1
"andeq lr, r0, r0, lsl 24",1
"strpl r0, [r0, -0x100]",1
"andeq r0, r0, r0",1
"andeq r0, r0, r0",1
"andeq r0, r0, ip, asr 32",1
"andeq r0, r0, r4, asr 1",1
"ldrbgt r0, [r6], -1",1
"strle r0, [r0], -0",1
"streq r0, [r0, -r0]",1
beq 0x3c064,1
svcls 0x1affff,1
"andeq r0, r0, r0",1
"andeq r0, r0, r0",1
"andeq r0, r0, r8, rrx",1
"andeq r0, r0, r8, lsl 1",1
"ldmdahi r0, {r0} ^",1
invalid,1
invalid,1
"andeq r5, r0, r0, lsl 16",1
"andeq r0, r0, r0",1
"adcseq r0, ip, r0",1
"sbcseq r0, r8, r0",1
"andeq r0, r1, r0",1
"andeq sp, r0, r0, asr r8",1
"andeq lr, r0, r0, lsl 24",1
"movwpl r0, 0x100",1
"andeq r0, r0, r0",1
"andeq r0, r0, r0",1
"andeq r0, r0, r0, rrx",1
"andeq r0, r0, r4, rrx",1
"ldrbvs r0, [r1], -1",1
"strvc r0, [r0], -0",1
invalid,1
"rsbseq r5, r4, r0, lsl 16",1
"addeq r0, r4, r0",1
"andeq r0, r1, r0",1
"andeq sb, r0, r3, asr r8",1
"andeq sb, r0, r0, lsl 24",1
"movwpl r0, 0x100",1
"muleq r0, ip, r0",1
"andeq r0, r0, ip, ror 1",1
"subseq r0, sl, r1",1
"andeq r0, r0, r0",1
"strlt r0, [r0], -0",1
invalid,1
invalid,1
"adcseq r5, r8, r0, lsl 2",1
"sbceq r0, r4, r0",1
"andeq r0, r1, r0",1
"andeq ip, r0, sb, asr r4",1
"andeq sp, r0, r0, lsl 16",1
"strpl r0, [r0, -r0, lsl 2]",1
"andeq r0, r0, r0",1
"andeq r0, r0, r0",1
"andeq r0, r0, r4, ror r0",1
"andeq r0, r0, fp, lsr 1",1
"ldrbgt r0, [r2], -1",1
invalid,1
invalid,1
"andeq r5, r0, r0, lsl 12",1
"andeq r0, r0, r0",1
"teqeq r4, r0",1
"bicseq r0, ip, r0",1
"andeq r0, r1, r0",1
"andeq r0, r0, r8, asr r0",1
"andeq r0, r0, r0",1
"andeq r4, r1, r0",1
"andeq fp, r1, r0",1
bpl 0x1f550,1
"strheq r0, [r0], -r0",1
"ldrdeq r0, r1, [r0], -ip",1
"rsbseq r0, r4, r7",1
bne 0x1ed88,1
"muleq r0, pc, r0",1
"andeq r0, r0, r0",1
"andeq r5, r1, r0, lsl 8",1
"andeq r7, r1, r0, lsl 8",1
"andpl r0, r0, r0, lsl 2",1
"andeq r0, r0, r4, ror r1",1
"ldrdeq r0, r1, [r0], -ip",1
"subseq r0, sb, r1",1
"andeq r0, r0, r0",1
invalid,1
"strgt r0, [r0], -1",1
invalid,1
"biceq r5, r4, r0",1
"bicseq r0, ip, r0",1
"andeq r0, r1, r0",1
"andeq r0, r0, r5, asr r0",1
"andeq r0, r0, r0",1
"andeq r4, r1, r0, lsl 24",1
"andeq r5, r1, r0",1
invalid,1
"andeq r0, r0, r0, asr r1",1
"andeq r0, r0, r0, ror 2",1
"subsvs r0, r5, r1",1
"andvc r0, r0, r1",1
invalid,1
"cmneq r0, r0, lsl 6",1
"cmneq r4, r0",1
"andeq r0, sl, r0",1
"strbhs r0, [r0], -0x75",1
"strbhs r0, [r0, -0x76]",1
"orreq sb, r4, r1, lsr 30",1
"orreq r0, r8, r0",1
"andeq r0, r1, r0",1
"andeq r8, r1, r3, asr r8",1
"andeq fp, r1, r0, lsl 16",1
"strpl r0, [r0, -0x100]",1
"andeq r0, r0, r0",1
"andeq r0, r0, r0",1
"andeq r0, r0, r0, lsr 3",1
"andeq r0, r0, r4, lsr 3",1
"ldrbge r0, [r1], -1",1
"andlt r0, r0, r1",1
invalid,1
"lslseq r5, r0, 0x16",1
"biceq r0, r0, r0",1
"andeq r0, r1, r0",1
"andeq ip, r1, r1, asr r0",1
"andeq ip, r1, r0, lsl 8",1
blvc 0x21224,1
"strtvc r4, [r4], -r0",1
"ldrle r2, [pc], 0x100       ; [0x1f22c:4]=0x1000001",1
"stmdale r0, {r0}",1
invalid,1
"bicseq r5, r8, r0, lsl 2",1
"bicseq r0, ip, r0",1
"andeq r0, r1, r0",1
"andeq r0, r0, r6, asr r0",1
"andeq r0, r0, r0",1
"andeq r6, r1, r0",1
"andeq sb, r1, r0, lsl 14",1
"andpl r0, r0, 0, 2",1
"strheq r0, [r0], -r0",1
"ldrdeq r0, r1, [r0], -ip",1
"subseq r0, sl, r1",1
"andeq r0, r0, r0",1
"and r0, r0, r0",1
"strhi r0, [r0], -1",1
invalid,1
"andeq r5, r0, r0, lsl 16",1
"andeq r0, r0, r0",1
invalid,1
"subseq r0, ip, 0",1
"andeq r0, r1, r0",1
"andeq r5, r2, sl, asr ip",1
"andeq r6, r2, r0, lsl 24",1
"strvc r0, [r0], -0x700",1
invalid,1
"andeq sb, r0, sl, lsl pc",1
"andeq r0, r0, r0",1
"andeq r0, r0, 0",1
"eoreq r0, r0, 0",1
"andeq r0, r1, r0",1
"andeq r2, r2, r0, asr r0",1
"andeq r8, r2, r0, lsl 8",1
"strpl r0, [r0], -r0, lsl 2",1
"andeq r0, r0, r0",1
"andeq r0, r0, r0",1
"andeq r0, r0, r4, asr r2",1
"andeq r0, r0, r0, ror r2",1
"subsvc r0, r0, r1",1
"strhi r0, [r0], -2",1
invalid,1
"andeq r5, r0, r0, lsl 6",1
"andeq r0, r0, r0",1
invalid,1
invalid,1
"andeq r0, r1, r0",1
"andeq pc, r1, r1, asr ip",1
"andeq r0, r2, r0, lsl 24",1
"stmdbpl r0, {r8}",1
"andeq r0, r0, ip, lsl 4",1
"andeq r0, r0, ip, lsl r2",1
"mrrcne p0, 0, r0, r3, c1",1
"andhs r0, r0, r2",1
beq 0x1f30c,1
"andmi r7, r0, r0, lsl 18",1
"andmi r7, r0, r4, lsr 14",1
"addslo r2, pc, r5, lsr 2",1
"strlo r0, [r0], -2",1
invalid,1
"eorseq r5, r4, 0, 6",1
"addeq r0, r4, 0",1
"andeq r0, r1, r0",1
"andeq r0, r0, sb, asr r0",1
"andeq r0, r0, r0",1
"andeq r4, r2, r0, lsl 24",1
"andeq r5, r2, r0",1
invalid,1
"andeq r0, r0, r0, asr r2",1
"andeq r0, r0, ip, asr r2",1
"mrrcpl p0, 0, r0, fp, c1",1
"andvc r0, r0, r2",1
invalid,1
"andeq r5, r0, r0, lsl 14",1
"andeq r0, r0, r0",1
"andeq r0, ip, 0",1
"subeq r0, r3, 0",1
"andeq r0, r1, r0",1
"andeq r5, r2, r2, asr ip",1
"andeq r8, r2, r0, lsl 8",1
bpl 0x1f76c,1
"andeq r0, r0, r0",1
"andeq r0, r0, r0",1
"andeq r0, r0, r8, asr 7",1
"strdeq r0, r1, [r0], -r0",1
"subseq r0, r2, r1",1
"andeq r0, r0, r0",1
invalid,1
invalid,1
invalid,1
"andeq r5, r0, r0, lsl 6",1
"andeq r0, r0, r0",1
"sbcseq r0, ip, 0",1
"mvnseq r0, 0",1
"andeq r0, r1, r0",1
"andeq r0, r0, sl, asr r0",1
"andeq r0, r0, r0",1
"andeq lr, r2, r0",1
"andeq r6, r3, r0, lsl 24",1
"stmdbpl r0, {r8}",1
"andeq r0, r0, ip, ror 6",1
"strdeq r0, r1, [r0], -r0",1
"rsbseq r0, r4, r7",1
bne 0x1eff0,1
"muleq r0, pc, r0",1
"andeq r0, r0, r0",1
"andeq pc, r2, r0, lsl 24",1
"andeq r2, r3, r0",1
"andpl r0, r0, r0, lsl 2",1
"andeq r0, r0, r0, lsr 6",1
"strdeq r0, r1, [r0], -r0",1
"subseq r0, fp, r1",1
"andeq r0, r0, r0",1
"andvs r0, r0, r0",1
"andhi r0, r0, r3",1
invalid,1
"orreq r5, r0, 0",1
"biceq r0, r8, 0",1
"andeq r0, r1, r0",1
"andeq r0, r0, r3, asr r0",1
"andeq r0, r0, r0",1
"andeq pc, r2, r0",1
"andeq pc, r2, r0, lsl 8",1
invalid,1
"strdeq r0, r1, [r0], -r4",1
"strdeq r0, r1, [r0], -fp",1
"subseq r0, r2, r1",1
invalid,1
invalid,1
"movweq r5, 0xc200",1
"tsteq ip, 0",1
"andeq r0, r1, r0",1
"andeq r1, r3, ip, asr ip",1
"andeq r2, r3, r0",1
"andvc r0, r0, 0, 20",1
"strtvc r4, [r4], -r0",1
invalid,1
"muleq r3, pc, r0",1
"andeq r4, r3, r0, lsl 14",1
invalid,1
"andeq r0, r0, ip, asr 6",1
"andeq r0, r0, pc, asr r3",1
"subseq r0, ip, r1",1
"andeq r0, r0, r0",1
"strpl r0, [r0], -0",1
"stmdapl r0, {r0, r1}",1
invalid,1
"cmpeq r8, 0, 2",1
"cmpeq pc, 0",1
"andeq r0, r1, r0",1
"andeq r6, r3, r2, asr r4",1
"andeq r6, r3, r0, lsl 24",1
"andpl r0, r0, 0, 2",1
"andeq r0, r0, ip, ror 6",1
"andeq r0, r0, ip, ror r3",1
"mrrcvc p0, 0, r0, r1, c1",1
"andhi r0, r0, r3",1
"stmdaeq r0, {r0, r1}",1
"andmi r7, r0, r0, lsl 4",1
invalid,1
"muleq r3, pc, r0",1
"andeq sb, r3, r0, lsl 8",1
invalid,1
"muleq r0, r4, r3",1
"strdeq r0, r1, [r0], -r0",1
"subseq r0, sb, r1",1
"andeq r0, r0, r0",1
invalid,1
"strmi r0, [r0, -r3]",1
invalid,1
invalid,1
"orrseq r0, r4, 0",1
"andeq r0, r1, r0",1
"andeq sb, r3, sb, asr r4",1
"andeq sb, r3, r0, lsl 16",1
"strvc r0, [r0], -0xa00",1
invalid,1
"mcrne p0, 0, r7, c0, c10, 0",1
"muleq r0, pc, r0",1
"andeq r0, r0, r0",1
"andeq r0, r0, r0",1
"andeq r0, r0, r0, lsl 8",1
"stcvc p2, c0, [r0, -0]",1
"andeq r0, r0, r0, lsl 8",1
"andeq r6, r0, r0, lsl 8",1
"stcvc p2, c0, [r0, -0]",1
"andeq r0, r0, r0, lsr 32",1
"andeq r0, r0, r0",1
"andeq r0, r0, r0",1
"andeq r1, r0, r0, lsl 30",1
"andpl r0, r0, r0, lsl 2",1
"andeq r0, r0, pc, lsl r0",1
"andeq r0, r0, r4, rrx",1
"subseq r0, r7, r1",1
"andeq r0, r0, r0",1
"andeq r0, r0, r0",1
svcne 0,1
invalid,1
"andseq r5, pc, r0, lsl 2",1
"rsbeq r0, r4, r0",1
"andeq r0, r1, r0",1
"andeq r0, r0, r8, asr r0",1
"andeq r0, r0, r0",1
"andeq r0, r0, r0",1
"andeq r1, r0, r0, lsl 30",1
"andpl r0, r0, 0, 2",1
"andeq r0, r0, pc, lsl r0",1
"andeq r0, r0, r4, rrx",1
"subseq r0, sl, r1",1
"andeq r0, r0, r0",1
"andhs r0, r0, r0",1
invalid,1
"andeq r0, r0, 0",1
"addspl r3, pc, r0",1
"strvs r0, [r0], -0",1
invalid,1
"andeq r5, r0, r0, lsl 8",1
"andeq r0, r0, r0",1
"andeq r0, r0, r0",1
"eoreq r0, r3, r0",1
"andeq r0, r1, r0",1
"andeq r2, r0, r0, asr r3",1
"andeq r2, r0, r0, lsl 24",1
"vshl.u8 d0, d0, d0",1
"addseq r5, pc, r1",1
"andeq r0, r0, r0",1
"andeq r0, r0, r0",1
invalid,1
"andeq r0, r0, r0",1
"andeq sb, r0, r8, lsl 1",1
"andeq sb, r0, ip, lsr 1",1
"andeq r8, r0, r4, ror sp",1
"andeq r8, r0, ip, ror sp",1
"andeq sp, r0, r0, lsl 25",1
"andeq sp, r0, r4, lsl 25",1
"andeq r0, r0, r0",1
"andeq r0, r0, r0",1
"andeq r0, r0, r0, ror 1",1
"andeq r0, r0, ip, ror 1",1
"ldrdeq r0, r1, [r0], -r4",1
"andeq r0, r0, r0, ror 3",1
"andeq r0, r0, r0",1
"andeq r0, r0, r0",1
"andeq r0, r0, r0, ror 1",1
"andeq r0, r0, ip, ror 1",1
"ldrdeq r0, r1, [r0], -r4",1
"andeq r0, r0, r0, ror 3",1
"andeq r0, r0, r0",1
"andeq r0, r0, r0",1
"andeq r0, r0, r0, lsr r1",1
"andeq r0, r0, ip, lsr r1",1
"strdeq r0, r1, [r0], -r0",1
"strdeq r0, r1, [r0], -ip",1
"andeq r0, r0, r0",1
"andeq r0, r0, r0",1
"andeq r0, r0, r0, lsr r1",1
"andeq r0, r0, ip, lsr r1",1
"strdeq r0, r1, [r0], -r0",1
"strdeq r0, r1, [r0], -ip",1
"andeq r0, r0, r0",1
"andeq r0, r0, r0",1
"andeq r0, r0, r0, lsl 7",1
"andeq r0, r0, r4, lsl 7",1
"andeq r0, r0, ip, lsl 7",1
"andeq r0, r0, r0, lsr 7",1
"andeq r0, r0, r0",1
"andeq r0, r0, r0",1
"andeq r1, r0, r8, lsl 8",1
"andeq r1, r0, r0, lsl r4",1
"andeq r1, r0, r4, lsl r4",1
"andeq r1, r0, ip, asr r7",1
"andeq r0, r0, r0",1
"andeq r0, r0, r0",1
"andeq r1, r0, r8, lsl 8",1
"andeq r1, r0, r0, lsl r4",1
"andeq r1, r0, r4, lsl r4",1
"strdeq r1, r2, [r0], -ip",1
"andeq r1, r0, ip, lsl 14",1
"andeq r1, r0, r0, lsr r7",1
"andeq r1, r0, ip, asr 14",1
"andeq r1, r0, ip, asr r7",1
"andeq r0, r0, r0",1
"andeq r0, r0, r0",1
"andeq r1, r0, r8, lsl 8",1
"andeq r1, r0, r0, lsl r4",1
"andeq r1, r0, r4, lsl r4",1
"strheq r1, [r0], -r4",1
"andeq r1, r0, ip, asr 13",1
"strdeq r1, r2, [r0], -ip",1
"andeq r1, r0, ip, lsl 14",1
"andeq r1, r0, r0, lsr r7",1
"andeq r0, r0, r0",1
"andeq r0, r0, r0",1
"andeq r1, r0, r8, lsl 8",1
"andeq r1, r0, r0, lsl r4",1
"andeq r1, r0, r4, lsl r4",1
"andeq r1, r0, r8, ror 12",1
"andeq r1, r0, ip, ror 12",1
"strheq r1, [r0], -r4",1
"andeq r1, r0, ip, asr 13",1
"strdeq r1, r2, [r0], -ip",1
"andeq r1, r0, ip, lsl 14",1
"andeq r1, r0, r0, lsr r7",1
"andeq r0, r0, r0",1
"andeq r0, r0, r0",1
"andeq r1, r0, r8, lsl 8",1
"andeq r1, r0, r0, lsl r4",1
"andeq r1, r0, r4, lsl r4",1
"andeq r1, r0, r8, ror 12",1
"andeq r1, r0, ip, asr 13",1
"strdeq r1, r2, [r0], -ip",1
"andeq r1, r0, ip, lsl 14",1
"andeq r1, r0, r0, lsr r7",1
"andeq r0, r0, r0",1
"andeq r0, r0, r0",1
"andeq r1, r0, r8, lsl 8",1
"andeq r1, r0, r0, lsl r4",1
"andeq r1, r0, r4, lsl r4",1
"andeq r1, r0, r4, ror 12",1
"andeq r1, r0, ip, asr 13",1
"strdeq r1, r2, [r0], -ip",1
"andeq r1, r0, ip, lsl 14",1
"andeq r1, r0, r0, lsr r7",1
"andeq r0, r0, r0",1
"andeq r0, r0, r0",1
"andeq r1, r0, ip, lsl 8",1
"andeq r1, r0, r0, lsl r4",1
"muleq r0, ip, r4",1
"andeq r1, r0, r0, ror r5",1
"andeq r0, r0, r0",1
"andeq r0, r0, r0",1
"andeq r0, r0, r8, lsl 2",1
"andeq r0, r0, ip, ror r1",1
"strheq r0, [r0], -r4",1
"andeq r0, r0, r0, asr 3",1
"andeq r0, r0, r0",1
"andeq r0, r0, r0",1
"andeq r0, r0, r4, lsl 8",1
"andeq r0, r0, r8, lsr 8",1
"andeq r0, r0, ip, lsr 8",1
"andeq r0, r0, r4, asr sp",1
"ldrdeq r0, r1, [r0], -r8",1
"andeq r0, r0, r4, ror 29",1
"andeq r0, r0, r0",1
"andeq r0, r0, r0",1
"andeq r0, r0, r0, lsl 19",1
"ldrdeq r0, r1, [r0], -r0",1
"ldrdeq r0, r1, [r0], -ip",1
"andeq r0, r0, ip, asr 25",1
"andeq r0, r0, r0",1
"andeq r0, r0, r0",1
"strheq r0, [r0], -r0",1
"ldrdeq r0, r1, [r0], -r0",1
"ldrdeq r0, r1, [r0], -ip",1
"andeq r0, r0, ip, ror 23",1
"andeq r0, r0, r0",1
"andeq r0, r0, r0",1
"ldrdeq r0, r1, [r0], -ip",1
"andeq r0, r0, r4, ror fp",1
"andeq r0, r0, r8, lsr 23",1
"andeq r0, r0, ip, ror 23",1
"andeq r0, r0, r0",1
"andeq r0, r0, r0",1
"ldrdeq r0, r1, [r0], -ip",1
"strdeq r0, r1, [r0], -r4",1
"andeq r0, r0, r0, lsr 21",1
"andeq r0, r0, r8, asr fp",1
"andeq r0, r0, r0",1
"andeq r0, r0, r0",1
"andeq r0, r0, ip, asr 30",1
"andeq r0, r0, ip, lsl 31",1
"andeq r1, r0, r0, rrx",1
"andeq r1, r0, r0, lsr 1",1
"andeq r0, r0, r0",1
"andeq r0, r0, r0",1
"andeq r0, r0, ip, lsl 31",1
"andeq r1, r0, r0, rrx",1
"andeq r1, r0, r0, lsr 1",1
"andeq r1, r0, r8, lsr 1",1
"andeq r0, r0, r0",1
"andeq r0, r0, r0",1
"andeq r0, r0, r4",1
"andeq r0, r0, r8, lsl r0",1
"andeq r0, r0, ip, lsl r0",1
"andeq r0, r0, r8, lsr r3",1
"andeq r0, r0, r0",1
"andeq r0, r0, r0",1
"andeq r0, r0, r4",1
"andeq r0, r0, r8, lsl r0",1
"andeq r0, r0, ip, lsl r0",1
"andeq r0, r0, r8, lsr r3",1
"andeq r0, r0, r0",1
"andeq r0, r0, r0",1
"andeq r0, r0, ip, asr 32",1
"andeq r0, r0, r0, rrx",1
"andeq r0, r0, r4, ror r0",1
"ldrdeq r0, r1, [r0], -r0",1
"andeq r0, r0, r4, lsr 5",1
"andeq r0, r0, r8, lsr 5",1
"andeq r0, r0, r0",1
"andeq r0, r0, r0",1
"andeq r0, r0, r4, ror 1",1
"andeq r0, r0, ip, lsl 5",1
"muleq r0, r4, r2",1
"muleq r0, r8, r2",1
"andeq r0, r0, r0",1
"andeq r0, r0, r0",1
"andeq r0, r0, ip, lsl 2",1
"andeq r0, r0, ip, lsl 5",1
"muleq r0, r4, r2",1
"muleq r0, r8, r2",1
"andeq r0, r0, r0",1
"andeq r0, r0, r0",1
"andeq r0, r0, ip, lsl 2",1
"andeq r0, r0, r8, lsl r2",1
"andeq r0, r0, r8, lsr 4",1
"andeq r0, r0, r0, ror r2",1
"andeq r0, r0, r0",1
"andeq r0, r0, r0",1
"andeq r0, r0, r4, asr 32",1
"muleq r0, r0, r0",1
"andeq r0, r0, r8, lsr 1",1
"andeq r0, r0, ip, lsr 1",1
"andeq r0, r0, r0",1
"andeq r0, r0, r0",1
"andeq r0, r0, r0, asr r0",1
"andeq r0, r0, r0, ror 8",1
"andeq r0, r0, r4, ror 8",1
"andeq r0, r0, ip, ror 8",1
"andeq r0, r0, r0",1
"andeq r0, r0, r0",1
"andeq r0, r0, r0, asr r0",1
"andeq r0, r0, r0, ror 8",1
"andeq r0, r0, r4, ror 8",1
"andeq r0, r0, ip, ror 8",1
"andeq r0, r0, r0",1
"andeq r0, r0, r0",1
"andeq r0, r0, ip, ror 2",1
"andeq r0, r0, r0, ror r1",1
"andeq r0, r0, r4, ror r1",1
"andeq r0, r0, r8, ror r1",1
"andeq r0, r0, ip, ror r1",1
"andeq r0, r0, r8, lsr 4",1
"andeq r0, r0, r0",1
"andeq r0, r0, r0",1
"andeq r0, r0, r4, lsr 6",1
"andeq r0, r0, r4, lsr r3",1
"andeq r0, r0, r8, lsr r3",1
"strdeq r0, r1, [r0], -r8",1
"andeq r0, r0, r0",1
"andeq r0, r0, r0",1
"andeq r0, r0, r4",1
"andeq r0, r0, r8",1
"andeq r0, r0, r0, lsl r0",1
"andeq r0, r0, r0, lsl 8",1
"andeq r0, r0, r0",1
"andeq r0, r0, r0",1
"andeq r0, r0, r4",1
"andeq r0, r0, r8",1
"andeq r0, r0, r0, lsl r0",1
"andeq r0, r0, r0, lsl 8",1
"andeq r0, r0, r0",1
"andeq r0, r0, r0",1
"andeq r0, r0, ip, lsr 2",1
"andeq r0, r0, r0, lsr r1",1
"andeq r0, r0, r4, lsr r1",1
"ldrdeq r0, r1, [r0], -ip",1
"andeq r0, r0, r0",1
"andeq r0, r0, r0",1
"andeq r0, r0, r8",1
"andeq r0, r0, ip",1
"andeq r0, r0, r0, lsl r0",1
"andeq r0, r0, r4, lsl r0",1
"andeq r0, r0, r8, lsl r0",1
"andeq r0, r0, ip, lsl r0",1
"andeq r0, r0, r0, lsr 32",1
"andeq r0, r0, r4, rrx",1
"andeq r0, r0, r0",1
"andeq r0, r0, r0",1
invalid,1
"andeq r0, r0, r0",1
"andeq r8, r0, ip, ror sp",1
"andeq r8, r0, r0, lsl 27",1
"andeq sp, r0, r4, lsl 25",1
"andeq sp, r0, r8, lsl 25",1
"andeq r0, r0, r0",1
"andeq r0, r0, r0",1
"ldmdbvc r3!, {sb, sl, fp, sp} ^",1
"rsbvs r7, r1, 0x6d000000",1
"ldrbtvc r2, [r3], -0xe00",1
"rsbvs r7, r1, 0x72000000",1
"ldmdavs r3!, {sb, sl, fp, sp} ^",1
"ldrbtvc r7, [r2], -0x473",1
"cdphs p2, 0, c6, c0, c1, 3",1
"ldrbvs r6, [r4, -0xe69]!",1
"mcrhs p0, 0, r7, c0, c2, 3",1
"ldrbvs r6, [r4, -0xf6e]!",1
"stmdbmi r2, {r1, r2, r3, r5, r8, lr} ^",1
"strbvs r7, [r1, -sp, lsr 8]!",1
svcvs 0x6e2e00,1
invalid,1
"eorvs r7, lr, 0x1b800000",1
"strbtvs r6, [ip], -0x975",1
"rsbeq r6, r4, sp, lsr 18",1
"strbvc r6, [lr, -0x72e]!",1
invalid,1
"strtvs r0, [lr], -0x68",1
"ldmdbvc r3!, {r0, r3, r4, r5, r6, sb, sl, fp, sp, lr} ^",1
"strtvs r0, [lr], -0x6d",1
"ldrbtvc r6, [r3], -0xe79",1
invalid,1
"strtvc r7, [lr], -lr, ror 10",1
"ldmdbvs r3!, {r0, r2, r5, r6, sb, ip, sp, lr} ^",1
"cdphs p14, 0, c6, c0, c15, 3",1
"cdphs p14, 7, c6, c5, c7, 3",1
"cmnvc r2, 0x1d800000",1
svcpl 0x6e6f69,1
"eorvc r0, lr, 0x72",1
"strtvs r6, [lr], -0xc65",1
"mcrhs p14, 0, r6, c0, c9, 3",1
"mcrhs p5, 3, r6, c12, c2, 3",1
"rsbseq r6, r4, r0, ror ip",1
"stmdbvs lr!, {r1, r2, r3, r5, r8, fp, sp, lr} ^",1
"strtvc r0, [lr], -0x74",1
"rsbseq r7, r4, r5, ror 16",1
"cdpvs p6, 6, c6, c9, c14, 1",1
"eorvc r0, lr, 0x69",1
"strbtvc r6, [r1], -0x46f",1
invalid,1
"strvs r4, [lr, -0xd52]!",1
"stmdavc r4!, {r3, r4, r5, r6, r8, fp, sp, lr} ^",1
"stmdavs r5!, {sb, sl, fp, sp} ^",1
"cmnvs r2, pc, asr r6",1
"cdphs p5, 0, c6, c0, c13, 3",1
"strbtvc r6, [sb], -0xe69",1
"rsbsvc r6, r2, 0xc0000017",1
"cdphs p9, 0, c7, c0, c1, 3",1
"stmdbvs lr!, {r1, r2, r5, r6, r8, fp, sp, lr} ^",1
"rsbsvc r6, r2, 0xc0000017",1
"cdphs p9, 0, c7, c0, c1, 3",1
"rsbseq r6, r2, sl, ror 6",1
"cdpvs p4, 7, c6, c9, c14, 1",1
invalid,1
svcvs 0x672e00,1
"strtvs r0, [lr], -0x74",1
"rsbeq r7, r1, r1, ror 8",1
"cmnvc r3, 0xe0000002",1
svcvs 0x632e00,1
"cdpvs p13, 6, c6, c5, c13, 3",1
invalid,1
"qsubvs r4, r2, lr",1
"ldmdbvs r2!, {r2, r4, r5, r6, sl, ip, sp, lr} ^",1
"ldrbvs r7, [r4, -0x562]!",1
"strtvs r0, [lr], -0x73",1
"ldrbvs r6, [r5, -r5, ror 4]!",1
"cmnvs r2, pc, asr r1",1
invalid,1
"strbvs r2, [r4, -0xe00]!",1
svcpl 0x677562,1
svcvs 0x666e69,1
"strbvs r2, [r4, -0xe00]!",1
svcpl 0x677562,1
"rsbvc r6, r2, 0x10000006",1
"cdphs p6, 0, c7, c0, c5, 3",1
"strbvc r6, [r2, -0x564]!",1
"stmdbvs ip!, {r0, r1, r2, r5, r6, r8, sb, sl, fp, ip, lr} ^",1
"cdphs p5, 0, c6, c0, c14, 3",1
"strbvc r6, [r2, -0x564]!",1
"rsbvc r5, r6, 0x19c",1
"rsbeq r6, r5, r1, ror 26",1
"rsbvs r6, r5, 0x2e000000",1
"cmpvc pc, 0x1d40000",1
"mcrhs p2, 0, r7, c0, c4, 3",1
"strbvc r6, [r2, -0x564]!",1
svcvs 0x6c5f67,1
"strtvs r0, [lr], -0x63",1
"ldrbvs r6, [r5, -r5, ror 4]!",1
"mcrvs p2, 3, r7, c1, c15, 2",1
"rsbseq r6, r3, r7, ror 10",1
"andeq r0, r0, r0",1
"andeq r0, r0, r0",1
"andeq r0, r0, r0",1
"andeq r0, r0, r0",1
"andeq r0, r0, r0",1
"andeq r0, r0, r0",1
"andeq r0, r0, r0",1
"andeq r0, r0, r0",1
"andeq r0, r0, r0",1
"andeq r0, r0, r0",1
"andeq r0, r0, fp, lsl r0",1
"andeq r0, r0, r1",1
"andeq r0, r0, r2",1
"andeq r8, r0, r4, lsr r1",1
"andeq r0, r0, r4, lsr r1",1
"andeq r0, r0, r3, lsl r0",1
"andeq r0, r0, r0",1
"andeq r0, r0, r0",1
"andeq r0, r0, r1",1
"andeq r0, r0, r0",1
"andeq r0, r0, r3, lsr 32",1
"andeq r0, r0, r7",1
"andeq r0, r0, r2",1
"andeq r8, r0, r8, asr 2",1
"andeq r0, r0, r8, asr 2",1
"andeq r0, r0, r0, lsr 32",1
"andeq r0, r0, r0",1
"andeq r0, r0, r0",1
"andeq r0, r0, r4",1
"andeq r0, r0, r0",1
"andeq r0, r0, r1, lsr r0",1
"andeq r0, r0, r7",1
"andeq r0, r0, r2",1
"andeq r8, r0, r8, ror 2",1
"andeq r0, r0, r8, ror 2",1
"andeq r0, r0, r4, lsr 32",1
"andeq r0, r0, r0",1
"andeq r0, r0, r0",1
"andeq r0, r0, r4",1
"andeq r0, r0, r0",1
"andeq r0, r0, r4, asr 32",1
svcvs 0xfffff6,1
"andeq r0, r0, r2",1
"andeq r8, r0, ip, lsl 3",1
"andeq r0, r0, ip, lsl 3",1
"andeq r0, r0, r0, ror 3",1
"andeq r0, r0, r5",1
"andeq r0, r0, r0",1
"andeq r0, r0, r4",1
"andeq r0, r0, r4",1
"andeq r0, r0, lr, asr 32",1
"andeq r0, r0, fp",1
"andeq r0, r0, r2",1
"andeq r8, r0, ip, ror 6",1
"andeq r0, r0, ip, ror 6",1
"andeq r0, r0, r0, asr r4",1
"andeq r0, r0, r6",1
"andeq r0, r0, r1",1
"andeq r0, r0, r4",1
"andeq r0, r0, r0, lsl r0",1
"andeq r0, r0, r6, asr r0",1
"andeq r0, r0, r3",1
"andeq r0, r0, r2",1
"strheq r8, [r0], -ip",1
"strheq r0, [r0], -ip",1
"strdeq r0, r1, [r0], -r5",1
"andeq r0, r0, r0",1
"andeq r0, r0, r0",1
"andeq r0, r0, r1",1
"andeq r0, r0, r0",1
"andeq r0, r0, lr, asr r0",1
svcvs 0xffffff,1
"andeq r0, r0, r2",1
"strheq r8, [r0], -r2",1
"strheq r0, [r0], -r2",1
"andeq r0, r0, sl, lsl 1",1
"andeq r0, r0, r5",1
"andeq r0, r0, r0",1
"andeq r0, r0, r2",1
"andeq r0, r0, r2",1
"andeq r0, r0, fp, rrx",1
svcvs 0xfffffe,1
"andeq r0, r0, r2",1
"andeq r8, r0, ip, lsr fp",1
"andeq r0, r0, ip, lsr fp",1
"andeq r0, r0, r0, asr 32",1
"andeq r0, r0, r6",1
"andeq r0, r0, r2",1
"andeq r0, r0, r4",1
"andeq r0, r0, r0",1
"andeq r0, r0, sl, ror r0",1
"andeq r0, r0, sb",1
"andeq r0, r0, r2",1
"andeq r8, r0, ip, ror fp",1
"andeq r0, r0, ip, ror fp",1
"andeq r0, r0, r8, lsr 32",1
"andeq r0, r0, r5",1
"andeq r0, r0, r0",1
"andeq r0, r0, r4",1
"andeq r0, r0, r8",1
"andeq r0, r0, r3, lsl 1",1
"andeq r0, r0, sb",1
"andeq r0, r0, r2",1
"andeq r8, r0, r4, lsr 23",1
"andeq r0, r0, r4, lsr 23",1
"ldrdeq r0, r1, [r0], -r0",1
"andeq r0, r0, r5",1
"andeq r0, r0, ip",1
"andeq r0, r0, r4",1
"andeq r0, r0, r8",1
"andeq r0, r0, ip, lsl 1",1
"andeq r0, r0, r1",1
"andeq r0, r0, r6",1
"andeq r8, r0, r4, ror sp",1
"andeq r0, r0, r4, ror sp",1
"andeq r0, r0, ip",1
"andeq r0, r0, r0",1
"andeq r0, r0, r0",1
"andeq r0, r0, r4",1
"andeq r0, r0, r0",1
"andeq r0, r0, r7, lsl 1",1
"andeq r0, r0, r1",1
"andeq r0, r0, r6",1
"andeq r8, r0, r0, lsl 27",1
"andeq r0, r0, r0, lsl 27",1
"andeq r0, r0, ip, asr 5",1
"andeq r0, r0, r0",1
"andeq r0, r0, r0",1
"andeq r0, r0, r4",1
"andeq r0, r0, r4",1
"muleq r0, r2, r0",1
"andeq r0, r0, r1",1
"andeq r0, r0, r6",1
"andeq sb, r0, ip, asr 32",1
"andeq r1, r0, ip, asr 32",1
"andeq r4, r0, r4, lsr ip",1
"andeq r0, r0, r0",1
"andeq r0, r0, r0",1
"andeq r0, r0, r4",1
"andeq r0, r0, r0",1
"muleq r0, r8, r0",1
"andeq r0, r0, r1",1
"andeq r0, r0, r6",1
"andeq sp, r0, r0, lsl 25",1
"andeq r5, r0, r0, lsl 25",1
"andeq r0, r0, r8",1
"andeq r0, r0, r0",1
"andeq r0, r0, r0",1
"andeq r0, r0, r4",1
"andeq r0, r0, r0",1
"muleq r0, lr, r0",1
"andeq r0, r0, r1",1
"andeq r0, r0, r2",1
"andeq sp, r0, r8, lsl 25",1
"andeq r5, r0, r8, lsl 25",1
"muleq r0, r0, pc",1
"andeq r0, r0, r0",1
"andeq r0, r0, r0",1
"andeq r0, r0, r4",1
"andeq r0, r0, r0",1
"andeq r0, r0, r6, lsr 1",1
"andvc r0, r0, r1",1
"andeq r0, r0, r2, lsl 1",1
"andeq lr, r0, r8, lsl ip",1
"andeq r6, r0, r8, lsl ip",1
"andeq r0, r0, r8, lsl r0",1
"andeq r0, r0, sp",1
"andeq r0, r0, r0",1
"andeq r0, r0, r4",1
"andeq r0, r0, r0",1
"strheq r0, [r0], -r1",1
"andeq r0, r0, r1",1
"andeq r0, r0, r2",1
"andeq lr, r0, r0, lsr ip",1
"andeq r6, r0, r0, lsr ip",1
"andeq r0, r0, r4",1
"andeq r0, r0, r0",1
"andeq r0, r0, r0",1
"andeq r0, r0, r4",1
"andeq r0, r0, r0",1
"strheq r0, [r0], -fp",1
"andeq r0, r0, lr",1
"andeq r0, r0, r3",1
"andeq r6, r1, r4, lsr ip",1
"andeq r6, r0, r4, lsr ip",1
"andeq r0, r0, r4",1
"andeq r0, r0, r0",1
"andeq r0, r0, r0",1
"andeq r0, r0, r4",1
"andeq r0, r0, r0",1
"andeq r0, r0, r7, asr 1",1
"andeq r0, r0, pc",1
"andeq r0, r0, r3",1
"andeq r6, r1, r8, lsr ip",1
"andeq r6, r0, r8, lsr ip",1
"andeq r0, r0, r4",1
"andeq r0, r0, r0",1
"andeq r0, r0, r0",1
"andeq r0, r0, r4",1
"andeq r0, r0, r0",1
"ldrdeq r0, r1, [r0], -r3",1
"andeq r0, r0, r1",1
"andeq r0, r0, r3",1
"andeq r6, r1, ip, lsr ip",1
"andeq r6, r0, ip, lsr ip",1
"andeq r0, r0, r4",1
"andeq r0, r0, r0",1
"andeq r0, r0, r0",1
"andeq r0, r0, r4",1
"andeq r0, r0, r0",1
"ldrdeq r0, r1, [r0], -r8",1
"andeq r0, r0, r6",1
"andeq r0, r0, r3",1
"andeq r6, r1, r0, asr 24",1
"andeq r6, r0, r0, asr 24",1
"strdeq r0, r1, [r0], -r0",1
"andeq r0, r0, r6",1
"andeq r0, r0, r0",1
"andeq r0, r0, r4",1
"andeq r0, r0, r8",1
"andeq r0, r0, r1, ror 1",1
"andeq r0, r0, r1",1
"andeq r0, r0, r3",1
"andeq r6, r1, r0, lsr sp",1
"andeq r6, r0, r0, lsr sp",1
"strdeq r0, r1, [r0], -ip",1
"andeq r0, r0, r0",1
"andeq r0, r0, r0",1
"andeq r0, r0, r4",1
"andeq r0, r0, r4",1
"andeq r0, r0, r6, ror 1",1
"andeq r0, r0, r1",1
"andeq r0, r0, r3",1
"andeq r6, r1, ip, lsr 28",1
"andeq r6, r0, ip, lsr 28",1
"andeq r0, r0, ip, asr 32",1
"andeq r0, r0, r0",1
"andeq r0, r0, r0",1
"andeq r0, r0, r4",1
"andeq r0, r0, r0",1
"andeq r0, r0, ip, ror 1",1
"andeq r0, r0, r8",1
"andeq r0, r0, r3",1
"andeq r6, r1, r8, ror lr",1
"andeq r6, r0, r8, ror lr",1
"andeq r0, r0, r8, ror 2",1
"andeq r0, r0, r0",1
"andeq r0, r0, r0",1
"andeq r0, r0, r8",1
"andeq r0, r0, r0",1
"strdeq r0, r1, [r0], -r1",1
"andeq r0, r0, r1",1
"andeq r0, r0, r0, lsr r0",1
"andeq r0, r0, r0",1
"andeq r6, r0, r8, ror lr",1
"andeq r0, r0, r1, lsl r0",1
"andeq r0, r0, r0",1
"andeq r0, r0, r0",1
"andeq r0, r0, r1",1
"andeq r0, r0, r1",1
"strdeq r0, r1, [r0], -sl",1
"andvc r0, r0, r3",1
"andeq r0, r0, r0",1
"andeq r0, r0, r0",1
"andeq r6, r0, sb, lsl 29",1
"andeq r0, r0, r5, lsr r0",1
"andeq r0, r0, r0",1
"andeq r0, r0, r0",1
"andeq r0, r0, r1",1
"andeq r0, r0, r0",1
"andeq r0, r0, sl, lsl 2",1
"andeq r0, r0, r1",1
"andeq r0, r0, r0",1
"andeq r0, r0, r0",1
"andeq r6, r0, r0, asr 29",1
"andeq r0, r0, r8, ror 6",1
"andeq r0, r0, r0",1
"andeq r0, r0, r0",1
"andeq r0, r0, r8",1
"andeq r0, r0, r0",1
"andeq r0, r0, sb, lsl r1",1
"andeq r0, r0, r1",1
"andeq r0, r0, r0",1
"andeq r0, r0, r0",1
"andeq r7, r0, r8, lsr 4",1
"andeq sb, r0, r1, ror pc",1
"andeq r0, r0, r0",1
"andeq r0, r0, r0",1
"andeq r0, r0, r1",1
"andeq r0, r0, r0",1
"andeq r0, r0, r5, lsr 2",1
"andeq r0, r0, r1",1
"andeq r0, r0, r0",1
"andeq r0, r0, r0",1
"muleq r1, sb, r1",1
"andeq r2, r0, r4, lsr 2",1
"andeq r0, r0, r0",1
"andeq r0, r0, r0",1
"andeq r0, r0, r1",1
"andeq r0, r0, r0",1
"andeq r0, r0, r3, lsr r1",1
"andeq r0, r0, r1",1
"andeq r0, r0, r0",1
"andeq r0, r0, r0",1
"strheq r3, [r1], -sp",1
"andeq r1, r0, r2, lsr 31",1
"andeq r0, r0, r0",1
"andeq r0, r0, r0",1
"andeq r0, r0, r1",1
"andeq r0, r0, r0",1
"andeq r0, r0, pc, lsr r1",1
"andeq r0, r0, r1",1
"andeq r0, r0, r0",1
"andeq r0, r0, r0",1
"andeq r5, r1, r0, ror 4",1
"andeq r0, r0, r0, lsl sl",1
"andeq r0, r0, r0",1
"andeq r0, r0, r0",1
"andeq r0, r0, r4",1
"andeq r0, r0, r0",1
"andeq r0, r0, ip, asr 2",1
"andeq r0, r0, r1",1
"andeq r0, r0, r0, lsr r0",1
"andeq r0, r0, r0",1
"andeq r5, r1, r0, ror ip",1
"strdeq r2, r3, [r0], -sl",1
"andeq r0, r0, r0",1
"andeq r0, r0, r0",1
"andeq r0, r0, r1",1
"andeq r0, r0, r1",1
"andeq r0, r0, r7, asr r1",1
"andeq r0, r0, r1",1
"andeq r0, r0, r0",1
"andeq r0, r0, r0",1
"andeq r8, r1, sl, ror 14",1
"andeq r6, r0, r5, asr 28",1
"andeq r0, r0, r0",1
"andeq r0, r0, r0",1
"andeq r0, r0, r1",1
"andeq r0, r0, r0",1
"andeq r0, r0, r2, ror 2",1
"andeq r0, r0, r1",1
"andeq r0, r0, r0",1
"andeq r0, r0, r0",1
"strheq pc, [r1], -r0",1
"andeq r0, r0, r0, lsl r4",1
"andeq r0, r0, r0",1
"andeq r0, r0, r0",1
"andeq r0, r0, r8",1
"andeq r0, r0, r0",1
"andeq r0, r0, r1, lsl r0",1
"andeq r0, r0, r3",1
"andeq r0, r0, r0",1
"andeq r0, r0, r0",1
"andeq pc, r1, r0, asr 19",1
"andeq r0, r0, r0, ror r1",1
"andeq r0, r0, r0",1
"andeq r0, r0, r0",1
"andeq r0, r0, r1",1
"andeq r0, r0, r0",1
"andeq r0, r0, r1",1
"andeq r0, r0, r2",1
"andeq r0, r0, r0",1
"andeq r0, r0, r0",1
"andeq r0, r2, r0, lsr 2",1
"andeq r1, r0, r0, asr 24",1
"andeq r0, r0, r5, lsr 32",1
"andeq r0, r0, r7, lsr 2",1
"andeq r0, r0, r4",1
"andeq r0, r0, r0, lsl r0",1
"andeq r0, r0, sb",1
"andeq r0, r0, r3",1
"andeq r0, r0, r0",1
"andeq r0, r0, r0",1
"andeq r1, r2, r0, ror 26",1
"andeq r0, r0, sl, ror pc",1
"andeq r0, r0, r0",1
"andeq r0, r0, r0",1
"andeq r0, r0, r1",1
"andeq r0, r0, r0",1
"andeq r0, r0, r0",1
"andeq r0, r0, r0",1
"andeq r0, r0, r0",1
"andeq r0, r0, r0",1
"andeq r0, r0, r0",1
"andeq r8, r0, r4, lsr r1",1
"andeq r0, r0, r0",1
"andeq r0, r1, r3",1
"andeq r0, r0, r0",1
"andeq r8, r0, r8, asr 2",1
"andeq r0, r0, r0",1
"andeq r0, r2, r3",1
"andeq r0, r0, r0",1
"andeq r8, r0, r8, ror 2",1
"andeq r0, r0, r0",1
"andeq r0, r3, r3",1
"andeq r0, r0, r0",1
"andeq r8, r0, ip, lsl 3",1
"andeq r0, r0, r0",1
"andeq r0, r4, r3",1
"andeq r0, r0, r0",1
"andeq r8, r0, ip, ror 6",1
"andeq r0, r0, r0",1
"andeq r0, r5, r3",1
"andeq r0, r0, r0",1
"strheq r8, [r0], -ip",1
"andeq r0, r0, r0",1
"andeq r0, r6, r3",1
"andeq r0, r0, r0",1
"strheq r8, [r0], -r2",1
"andeq r0, r0, r0",1
"andeq r0, r7, r3",1
"andeq r0, r0, r0",1
"andeq r8, r0, ip, lsr fp",1
"andeq r0, r0, r0",1
"andeq r0, r8, r3",1
"andeq r0, r0, r0",1
"andeq r8, r0, ip, ror fp",1
"andeq r0, r0, r0",1
"andeq r0, sb, r3",1
"andeq r0, r0, r0",1
"andeq r8, r0, r4, lsr 23",1
"andeq r0, r0, r0",1
"andeq r0, sl, r3",1
"andeq r0, r0, r0",1
"andeq r8, r0, r4, ror sp",1
"andeq r0, r0, r0",1
"andeq r0, fp, r3",1
"andeq r0, r0, r0",1
"andeq r8, r0, r0, lsl 27",1
"andeq r0, r0, r0",1
"andeq r0, ip, r3",1
"andeq r0, r0, r0",1
"andeq sb, r0, ip, asr 32",1
"andeq r0, r0, r0",1
"andeq r0, sp, r3",1
"andeq r0, r0, r0",1
"andeq sp, r0, r0, lsl 25",1
"andeq r0, r0, r0",1
"andeq r0, lr, r3",1
"andeq r0, r0, r0",1
"andeq sp, r0, r8, lsl 25",1
"andeq r0, r0, r0",1
"andeq r0, pc, r3",1
"andeq r0, r0, r0",1
"andeq lr, r0, r8, lsl ip",1
"andeq r0, r0, r0",1
"andseq r0, r0, r3",1
"andeq r0, r0, r0",1
"andeq lr, r0, r0, lsr ip",1
"andeq r0, r0, r0",1
"andseq r0, r1, r3",1
"andeq r0, r0, r0",1
"andeq r6, r1, r4, lsr ip",1
"andeq r0, r0, r0",1
"andseq r0, r2, r3",1
"andeq r0, r0, r0",1
"andeq r6, r1, r8, lsr ip",1
"andeq r0, r0, r0",1
"andseq r0, r3, r3",1
"andeq r0, r0, r0",1
"andeq r6, r1, ip, lsr ip",1
"andeq r0, r0, r0",1
"andseq r0, r4, r3",1
"andeq r0, r0, r0",1
"andeq r6, r1, r0, asr 24",1
"andeq r0, r0, r0",1
"andseq r0, r5, r3",1
"andeq r0, r0, r0",1
"andeq r6, r1, r0, lsr sp",1
"andeq r0, r0, r0",1
"andseq r0, r6, r3",1
"andeq r0, r0, r0",1
"andeq r6, r1, ip, lsr 28",1
"andeq r0, r0, r0",1
"andseq r0, r7, r3",1
"andeq r0, r0, r0",1
"andeq r6, r1, r8, ror lr",1
"andeq r0, r0, r0",1
"andseq r0, r8, r3",1
"andeq r0, r0, r0",1
"andeq r0, r0, r0",1
"andeq r0, r0, r0",1
"andseq r0, sb, r3",1
"andeq r0, r0, r0",1
"andeq r0, r0, r0",1
"andeq r0, r0, r0",1
"andseq r0, sl, r3",1
"andeq r0, r0, r0",1
"andeq r0, r0, r0",1
"andeq r0, r0, r0",1
"andseq r0, fp, r3",1
"andeq r0, r0, r0",1
"andeq r0, r0, r0",1
"andeq r0, r0, r0",1
"andseq r0, ip, r3",1
"andeq r0, r0, r0",1
"andeq r0, r0, r0",1
"andeq r0, r0, r0",1
"andseq r0, sp, r3",1
"andeq r0, r0, r0",1
"andeq r0, r0, r0",1
"andeq r0, r0, r0",1
"andseq r0, lr, r3",1
"andeq r0, r0, r0",1
"andeq r0, r0, r0",1
"andeq r0, r0, r0",1
"andseq r0, pc, r3",1
"andeq r0, r0, r0",1
"andeq r0, r0, r0",1
"andeq r0, r0, r0",1
"eoreq r0, r0, r3",1
"andeq r0, r0, r0",1
"andeq r0, r0, r0",1
"andeq r0, r0, r0",1
"eoreq r0, r1, r3",1
"andeq r0, r0, r0",1
"andeq r0, r0, r0",1
"andeq r0, r0, r0",1
"eoreq r0, r2, r3",1
"andeq r0, r0, r1",1
"andeq r0, r0, r0",1
"andeq r0, r0, r0",1
invalid,1
"andeq r0, r0, r2, lsl 1",1
"andeq r8, r0, r8, asr 2",1
"andeq r0, r0, r0",1
"andeq r0, r2, r0",1
"andeq r0, r0, r5, lsl 1",1
"andeq r0, r0, r0",1
"andeq r0, r0, r0",1
invalid,1
"andeq r0, r0, r3, lsl 2",1
"andeq sb, r0, ip, asr 32",1
"andeq r0, r0, r0",1
"andeq r0, sp, r0",1
"andeq r0, r0, r2, lsl 1",1
"andeq lr, r0, r8, lsl ip",1
"andeq r0, r0, r0",1
"andseq r0, r0, r0",1
"andeq r0, r0, r2, lsl 1",1
"andeq sb, r0, ip, ror r0",1
"andeq r0, r0, r0",1
"andeq r0, sp, r0",1
"andeq r0, r0, r2, lsl 1",1
"andeq r0, r0, ip",1
"andeq r0, r0, r0",1
"andseq r0, fp, r0",1
"andeq r0, r0, r6, lsl 2",1
"andeq r0, r0, r0",1
"andeq r0, r0, r0",1
invalid,1
"andeq r0, r0, r2, lsl 1",1
"andeq sp, r0, r8, lsl 25",1
"andeq r0, r0, r0",1
"andeq r0, pc, r0",1
"andeq r0, r0, r0",1
"andeq r0, r0, r0",1
"andeq r0, r0, r0",1
invalid,1
"andeq r0, r0, r2, lsl 1",1
"andeq r6, r1, ip, lsr 28",1
"andeq r0, r0, r0",1
"andseq r0, r7, r0",1
"andeq r0, r0, sp, lsl 2",1
"andeq r0, r0, r0",1
"andeq r0, r0, r0",1
invalid,1
"andeq r0, r0, r3, lsl 2",1
"andeq sb, r0, r8, lsl 1",1
"andeq r0, r0, r0",1
"andeq r0, sp, r0",1
"andeq r0, r0, r7, asr 2",1
"andeq sb, r0, r8, lsl 1",1
"andeq r0, r0, r0",1
"andeq r0, sp, r2",1
"andeq r0, r0, r2, lsl 1",1
"andeq sb, r0, r4, lsr 1",1
"andeq r0, r0, r0",1
"andeq r0, sp, r0",1
"andeq r0, r0, r3, lsl 2",1
"andeq r8, r0, r4, ror sp",1
"andeq r0, r0, r0",1
"andeq r0, fp, r0",1
"andeq r0, r0, r3, lsl 2",1
"andeq sp, r0, r0, lsl 25",1
"andeq r0, r0, r0",1
"andeq r0, lr, r0",1
"andeq r0, r0, r2, lsl 1",1
"andeq r0, r0, r4, asr 32",1
"andeq r0, r0, r0",1
"andseq r0, fp, r0",1
"andeq r0, r0, r4, asr r1",1
"andeq r0, r0, r0",1
"andeq r0, r0, r0",1
invalid,1
"andeq r0, r0, r3, lsl 2",1
"andeq r8, r0, ip, ror sp",1
"andeq r0, r0, r0",1
"andeq r0, fp, r0",1
"andeq r0, r0, r3, lsl 2",1
"andeq sp, r0, r4, lsl 25",1
"andeq r0, r0, r0",1
"andeq r0, lr, r0",1
"andeq r0, r0, r2, lsl 1",1
"andeq r0, r0, ip, asr 6",1
"andeq r0, r0, r0",1
"andseq r0, fp, r0",1
"andeq r0, r0, lr, lsl 3",1
"andeq r0, r0, r0",1
"andeq r0, r0, r0",1
invalid,1
"muleq r0, sb, r1",1
"andeq r6, r1, ip, lsr ip",1
"andeq r0, r0, r0",1
"andseq r0, r4, r1",1
"andeq r0, r0, r3, lsl 2",1
"andeq sb, r0, ip, lsr 1",1
"andeq r0, r0, r0",1
"andeq r0, sp, r0",1
"andeq r0, r0, r6, lsr 3",1
"andeq sb, r0, ip, lsr 1",1
"andeq r0, r0, r0",1
"andeq r0, sp, r2",1
"andeq r0, r0, r2, lsl 1",1
"ldrdeq sb, sl, [r0], -r8",1
"andeq r0, r0, r0",1
"andeq r0, sp, r0",1
"andeq r0, r0, r3, lsl 2",1
"andeq sb, r0, r4, ror 1",1
"andeq r0, r0, r0",1
"andeq r0, sp, r0",1
"strheq r0, [r0], -fp",1
"andeq sb, r0, r4, ror 1",1
"andeq r0, r0, r0",1
"andeq r0, sp, r2",1
"andeq r0, r0, r2, lsl 1",1
"andeq sb, r0, r8, lsl r1",1
"andeq r0, r0, r0",1
"andeq r0, sp, r0",1
"andeq r0, r0, r2, lsl 1",1
"andeq r6, r1, r0, lsr lr",1
"andeq r0, r0, r0",1
"andseq r0, r7, r0",1
"andeq r0, r0, r3, lsl 2",1
"andeq sb, r0, r4, lsr 2",1
"andeq r0, r0, r0",1
"andeq r0, sp, r0",1
"andeq r0, r0, lr, asr 3",1
"andeq sb, r0, r4, lsr 2",1
"andeq r0, r0, r0",1
"andeq r0, sp, r2",1
"andeq r0, r0, r2, lsl 1",1
"andeq sb, r0, r8, asr 2",1
"andeq r0, r0, r0",1
"andeq r0, sp, r0",1
"andeq r0, r0, r4, ror 3",1
"muleq r1, r0, lr",1
"andeq r0, r0, r1",1
"andseq r0, r8, r1",1
"andeq r0, r0, r2, lsl 1",1
"andeq r6, r1, r8, lsr ip",1
"andeq r0, r0, r0",1
"andseq r0, r3, r0",1
"strdeq r0, r1, [r0], -r3",1
"andeq r6, r1, r8, lsr ip",1
"andeq r0, r0, r0",1
"andseq r0, r3, r1",1
"andeq r0, r0, r3, lsl 2",1
"andeq sb, r0, ip, asr 2",1
"andeq r0, r0, r0",1
"andeq r0, sp, r0",1
"andeq r0, r0, sl, lsl r2",1
"andeq sb, r0, ip, asr 2",1
"andeq r0, r0, r0",1
"andeq r0, sp, r2",1
"andeq r0, r0, r2, lsl 1",1
"andeq sb, r0, r8, ror r1",1
"andeq r0, r0, r0",1
"andeq r0, sp, r0",1
"andeq r0, r0, r2, lsl 1",1
"andeq r6, r1, r4, lsr ip",1
"andeq r0, r0, r0",1
"andseq r0, r2, r0",1
"andeq r0, r0, r6, lsr 4",1
"andeq r6, r1, r4, lsr ip",1
"andeq r0, r0, r0",1
"andseq r0, r2, r1",1
"andeq r0, r0, r2, lsl 1",1
"muleq r1, r0, lr",1
"andeq r0, r0, r0",1
"andseq r0, r8, r0",1
"andeq r0, r0, r5, asr 4",1
"andeq r0, r0, r0",1
"andeq r0, r0, r0",1
invalid,1
"andeq r0, r0, r3, lsl 2",1
"andeq sb, r0, r0, lsl 3",1
"andeq r0, r0, r0",1
"andeq r0, sp, r0",1
"andeq r0, r0, ip, asr 4",1
"andeq sb, r0, r0, lsl 3",1
"strdeq r0, r1, [r0], -ip",1
"andeq r0, sp, r2",1
"andeq r0, r0, r2, asr r2",1
"andeq sb, r0, ip, ror r3",1
"andeq r0, r0, r8, lsl 2",1
"andeq r0, sp, r2",1
"andeq r0, r0, r2, lsl 1",1
"muleq r0, ip, r3",1
"andeq r0, r0, r0",1
"andeq r0, sp, r0",1
"andeq r0, r0, r3, lsl 2",1
"andeq sb, r0, ip, ror 8",1
"andeq r0, r0, r0",1
"andeq r0, sp, r0",1
"andeq r0, r0, ip, asr r2",1
"andeq sb, r0, r4, lsl 9",1
"andeq r0, r0, ip, lsr 32",1
"andeq r0, sp, r2",1
"andeq r0, r0, r2, lsl 1",1
"andeq sb, r0, ip, lsr 9",1
"andeq r0, r0, r0",1
"andeq r0, sp, r0",1
"andeq r0, r0, r3, lsl 2",1
"strheq sb, [r0], -r0",1
"andeq r0, r0, r0",1
"andeq r0, sp, r0",1
"andeq r0, r0, sb, ror 4",1
"strheq sb, [r0], -r0",1
"andeq r0, r0, r4, asr 32",1
"andeq r0, sp, r2",1
"andeq r0, r0, r3, ror r2",1
"strdeq sb, sl, [r0], -r4",1
"andeq r0, r0, ip, lsl 1",1
"andeq r0, sp, r2",1
"andeq r0, r0, r2, lsl 1",1
"andeq sb, r0, r4, ror r5",1
"andeq r0, r0, r0",1
"andeq r0, sp, r0",1
"andeq r0, r0, r3, lsl 2",1
"andeq sb, r0, r0, lsl 11",1
"andeq r0, r0, r0",1
"andeq r0, sp, r0",1
"andeq r0, r0, r5, lsl 5",1
"andeq sb, r0, r0, lsl 11",1
"andeq r0, r0, r4, ror 1",1
"andeq r0, sp, r2",1
"andeq r0, r0, r2, lsl 1",1
"andeq sb, r0, r0, ror 12",1
"andeq r0, r0, r0",1
"andeq r0, sp, r0",1
"andeq r0, r0, r3, lsl 2",1
"andeq sb, r0, r4, ror 12",1
"andeq r0, r0, r0",1
"andeq r0, sp, r0",1
"andeq r0, r0, lr, lsl 5",1
"andeq sb, r0, r4, ror 12",1
"andeq r0, r0, r4, asr 32",1
"andeq r0, sp, r2",1
"andeq r0, r0, r2, lsl 1",1
"andeq sb, r0, r0, lsr 13",1
"andeq r0, r0, r0",1
"andeq r0, sp, r0",1
"andeq r0, r0, r3, lsl 2",1
"andeq sb, r0, r8, lsr 13",1
"andeq r0, r0, r0",1
"andeq r0, sp, r0",1
"muleq r0, r5, r2",1
"andeq sb, r0, r8, lsr 13",1
"andeq r0, r0, r0, lsr r0",1
"andeq r0, sp, r2",1
"andeq r0, r0, r2, lsl 1",1
"ldrdeq sb, sl, [r0], -r4",1
"andeq r0, r0, r0",1
"andeq r0, sp, r0",1
"andeq r0, r0, r3, lsl 2",1
"ldrdeq sb, sl, [r0], -r8",1
"andeq r0, r0, r0",1
"andeq r0, sp, r0",1
"muleq r0, sp, r2",1
"ldrdeq sb, sl, [r0], -r8",1
"andeq r0, r0, r4, lsr 32",1
"andeq r0, sp, r2",1
"andeq r0, r0, r2, lsl 1",1
"strdeq sb, sl, [r0], -r8",1
"andeq r0, r0, r0",1
"andeq r0, sp, r0",1
"andeq r0, r0, r3, lsl 2",1
"strdeq sb, sl, [r0], -ip",1
"andeq r0, r0, r0",1
"andeq r0, sp, r0",1
"andeq r0, r0, fp, lsr 5",1
"strdeq sb, sl, [r0], -ip",1
"andeq r0, r0, r8, ror 12",1
"andeq r0, sp, r2",1
"andeq r0, r0, r2, lsl 1",1
"andeq sb, r0, r8, lsr 14",1
"andeq r0, r0, r0",1
"andeq r0, sp, r0",1
"andeq r0, r0, r3, lsl 2",1
"strdeq sb, sl, [r0], -r8",1
"andeq r0, r0, r0",1
"andeq r0, sp, r0",1
"andeq r0, r0, r2, lsl 1",1
"andeq sb, r0, r0, ror 26",1
"andeq r0, r0, r0",1
"andeq r0, sp, r0",1
"andeq r0, r0, r3, lsl 2",1
"andeq sb, r0, r4, ror 26",1
"andeq r0, r0, r0",1
"andeq r0, sp, r0",1
"strheq r0, [r0], -sl",1
"andeq sb, r0, r4, ror 26",1
"andeq r0, r0, r8, lsr r5",1
"andeq r0, sp, r2",1
"andeq r0, r0, r2, lsl 1",1
"andeq sl, r0, r8, lsl 5",1
"andeq r0, r0, r0",1
"andeq r0, sp, r0",1
"andeq r0, r0, r3, lsl 2",1
"muleq r0, ip, r2",1
"andeq r0, r0, r0",1
"andeq r0, sp, r0",1
"andeq r0, r0, sl, asr 5",1
"muleq r0, ip, r2",1
"muleq r0, ip, r0",1
"andeq r0, sp, r2",1
"andeq r0, r0, r2, lsl 1",1
"andeq sl, r0, r0, lsr r3",1
"andeq r0, r0, r0",1
"andeq r0, sp, r0",1
"andeq r0, r0, r3, lsl 2",1
"andeq sl, r0, r8, lsr r3",1
"andeq r0, r0, r0",1
"andeq r0, sp, r0",1
"ldrdeq r0, r1, [r0], -r8",1
"andeq sl, r0, r8, lsr r3",1
"andeq r0, r0, ip, lsr 2",1
"andeq r0, sp, r2",1
"andeq r0, r0, r8, ror 5",1
"andeq sl, r0, ip, asr r5",1
"muleq r0, ip, r3",1
"andeq r0, sp, r2",1
"andeq r0, r0, r2, lsl 1",1
"andeq sl, r0, ip, asr r4",1
"andeq r0, r0, r0",1
"andeq r0, sp, r0",1
"andeq r0, r0, r3, lsl 2",1
"andeq sl, r0, r4, ror 8",1
"andeq r0, r0, r0",1
"andeq r0, sp, r0",1
"andeq r0, r0, sp, ror 5",1
"andeq sl, r0, r4, ror 8",1
"strdeq r0, r1, [r0], -r8",1
"andeq r0, sp, r2",1
"andeq r0, r0, r2, lsl 1",1
"andeq sl, r0, r8, ror r4",1
"andeq r0, r0, r0",1
"andeq r0, sp, r0",1
"andeq r0, r0, r3, lsl 2",1
"andeq sl, r0, r8, lsl 9",1
"andeq r0, r0, r0",1
"andeq r0, sp, r0",1
"andeq r0, r0, r2, lsl 1",1
"andeq sl, r0, r8, asr r5",1
"andeq r0, r0, r0",1
"andeq r0, sp, r0",1
"andeq r0, r0, r3, lsl 2",1
"andeq sl, r0, ip, asr r5",1
"andeq r0, r0, r0",1
"andeq r0, sp, r0",1
"andeq r0, r0, r2, lsl 1",1
"andeq sl, r0, r8, ror 17",1
"andeq r0, r0, r0",1
"andeq r0, sp, r0",1
"andeq r0, r0, r3, lsl 2",1
"strdeq sl, fp, [r0], -r8",1
"andeq r0, r0, r0",1
"andeq r0, sp, r0",1
"andeq r0, r0, r2, lsl 1",1
"andeq sl, r0, ip, lsl 23",1
"andeq r0, r0, r0",1
"andeq r0, sp, r0",1
"andeq r0, r0, r3, lsl 2",1
"strdeq sl, fp, [r0], -r8",1
"andeq r0, r0, r0",1
"andeq r0, sp, r0",1
"andeq r0, r0, r2, lsl 1",1
"andeq sl, r0, r0, asr 25",1
"andeq r0, r0, r0",1
"andeq r0, sp, r0",1
"andeq r0, r0, r2, lsl 1",1
"andeq sp, r0, ip, lsl 25",1
"andeq r0, r0, r0",1
"andeq r0, pc, r0",1
"andeq r0, r0, r2, lsl 1",1
"muleq r1, r4, lr",1
"andeq r0, r0, r0",1
"andseq r0, r8, r0",1
"strdeq r0, r1, [r0], -r7",1
"muleq r1, r4, lr",1
"andeq r0, r0, r4",1
"andseq r0, r8, r1",1
"strdeq r0, r1, [r0], -fp",1
"muleq r1, r8, lr",1
"andeq r0, r0, r4",1
"andseq r0, r8, r1",1
"andeq r0, r0, r0, lsl 6",1
"muleq r1, ip, lr",1
"andeq r0, r0, r4",1
"andseq r0, r8, r1",1
"andeq r0, r0, r2, lsl 1",1
"andeq r0, r0, r0, lsl r0",1
"andeq r0, r0, r0",1
"andseq r0, pc, r0",1
"andeq r0, r0, r5, lsl 6",1
"andeq r0, r0, r0",1
"andeq r0, r0, r0",1
invalid,1
"andeq r0, r0, r3, lsl 2",1
"ldrdeq sl, fp, [r0], -ip",1
"andeq r0, r0, r0",1
"andeq r0, sp, r0",1
"andeq r0, r0, r2, lsl 1",1
"andeq sl, r0, r8, ror 25",1
"andeq r0, r0, r0",1
"andeq r0, sp, r0",1
"andeq r0, r0, r3, lsl 2",1
"andeq sl, r0, ip, ror 25",1
"andeq r0, r0, r0",1
"andeq r0, sp, r0",1
"andeq r0, r0, r2, lsl 1",1
"strdeq sl, fp, [r0], -r8",1
"andeq r0, r0, r0",1
"andeq r0, sp, r0",1
"andeq r0, r0, r3, lsl 2",1
"strdeq sl, fp, [r0], -ip",1
"andeq r0, r0, r0",1
"andeq r0, sp, r0",1
"andeq r0, r0, r2, lsl 1",1
"ldrdeq sl, fp, [r0], -r8",1
"andeq r0, r0, r0",1
"andeq r0, sp, r0",1
"andeq r0, r0, r2, lsl 1",1
"strheq lr, [r0], -r0",1
"andeq r0, r0, r0",1
"andeq r0, pc, r0",1
"andeq r0, r0, r2, lsl 1",1
"andeq r6, r1, r0, lsr 29",1
"andeq r0, r0, r0",1
"andseq r0, r8, r0",1
"andeq r0, r0, r0, lsl r3",1
"andeq r6, r1, r0, lsr 29",1
"andeq r0, r0, r4",1
"andseq r0, r8, r1",1
"andeq r0, r0, sl, lsl r3",1
"andeq r6, r1, r4, lsr 29",1
"andeq r0, r0, r1",1
"andseq r0, r8, r1",1
"andeq r0, r0, r2, lsl 1",1
"ldrdeq r0, r1, [r0], -r8",1
"andeq r0, r0, r0",1
"andseq r0, pc, r0",1
"andeq r0, r0, r7, lsr 6",1
"andeq r0, r0, r0",1
"andeq r0, r0, r0",1
invalid,1
"andeq r0, r0, r3, lsl 2",1
"strdeq sl, fp, [r0], -r4",1
"andeq r0, r0, r0",1
"andeq r0, sp, r0",1
"andeq r0, r0, r2, lsl 1",1
"andeq r0, r0, r8, lsr 4",1
"andeq r0, r0, r0",1
"andseq r0, pc, r0",1
"andeq r0, r0, r7, lsr r3",1
"andeq r0, r0, r0",1
"andeq r0, r0, r0",1
invalid,1
"andeq r0, r0, r2, lsl 1",1
"andeq r6, r1, r4, lsr lr",1
"andeq r0, r0, r0",1
"andseq r0, r7, r0",1
"andeq r0, r0, r2, asr 6",1
"andeq r0, r0, r0",1
"andeq r0, r0, r0",1
invalid,1
"andeq r0, r0, r3, lsl 2",1
"strheq sl, [r0], -r4",1
"andeq r0, r0, r0",1
"andeq r0, sp, r0",1
"andeq r0, r0, r2, lsl 1",1
"andeq r0, r0, r8, ror 4",1
"andeq r0, r0, r0",1
"andseq r0, pc, r0",1
"andeq r0, r0, lr, asr 6",1
"andeq r0, r0, r0",1
"andeq r0, r0, r0",1
invalid,1
"andeq r0, r0, r3, lsl 2",1
"andeq sl, r0, r0, lsr 30",1
"andeq r0, r0, r0",1
"andeq r0, sp, r0",1
"andeq r0, r0, r2, lsl 1",1
"strheq sl, [r0], -ip",1
"andeq r0, r0, r0",1
"andeq r0, sp, r0",1
"andeq r0, r0, r2, lsl 1",1
"andeq lr, r0, r4, asr 21",1
"andeq r0, r0, r0",1
"andeq r0, pc, r0",1
"andeq r0, r0, r2, lsl 1",1
"andeq r6, r1, r8, lsr 29",1
"andeq r0, r0, r0",1
"andseq r0, r8, r0",1
"andeq r0, r0, r2, lsl 1",1
"muleq r0, ip, r2",1
"andeq r0, r0, r0",1
"andseq r0, pc, r0",1
"andeq r0, r0, sb, asr r3",1
"andeq r0, r0, r0",1
"andeq r0, r0, r0",1
invalid,1
"andeq r0, r0, r3, lsl 2",1
"ldrdeq sl, fp, [r0], -r8",1
"andeq r0, r0, r0",1
"andeq r0, sp, r0",1
"andeq r0, r0, r4, ror 6",1
"ldrdeq sl, fp, [r0], -r8",1
"andeq r0, r0, r4, asr r0",1
"andeq r0, sp, r2",1
"andeq r0, r0, pc, ror r3",1
"andeq fp, r0, ip, lsr 32",1
"andeq r0, r0, ip, lsl 3",1
"andeq r0, sp, r2",1
"andeq r0, r0, r2, lsl 1",1
"andeq fp, r0, r0, lsr 3",1
"andeq r0, r0, r0",1
"andeq r0, sp, r0",1
"andeq r0, r0, r3, lsl 2",1
"strheq fp, [r0], -r8",1
"andeq r0, r0, r0",1
"andeq r0, sp, r0",1
"andeq r0, r0, sp, lsl 7",1
"strheq fp, [r0], -r8",1
"andeq r0, r0, r0, lsr 26",1
"andeq r0, sp, r2",1
"andeq r0, r0, r2, lsl 1",1
"strdeq fp, ip, [r0], -r8",1
"andeq r0, r0, r0",1
"andeq r0, sp, r0",1
"andeq r0, r0, r3, lsl 2",1
"andeq fp, r0, ip, lsl r2",1
"andeq r0, r0, r0",1
"andeq r0, sp, r0",1
"andeq r0, r0, r2, lsl 1",1
"strheq fp, [r0], -r4",1
"andeq r0, r0, r0",1
"andeq r0, sp, r0",1
"andeq r0, r0, r3, lsl 2",1
"strheq fp, [r0], -r0",1
"andeq r0, r0, r0",1
"andeq r0, sp, r0",1
"andeq r0, r0, r2, lsl 1",1
"andeq fp, r0, r0, lsr 21",1
"andeq r0, r0, r0",1
"andeq r0, sp, r0",1
"andeq r0, r0, r3, lsl 2",1
"andeq fp, r0, r8, lsr 22",1
"andeq r0, r0, r0",1
"andeq r0, sp, r0",1
"andeq r0, r0, r2, lsl 1",1
"andeq fp, r0, r8, asr 29",1
"andeq r0, r0, r0",1
"andeq r0, sp, r0",1
"andeq r0, r0, r3, lsl 2",1
"ldrdeq fp, ip, [r0], -r8",1
"andeq r0, r0, r0",1
"andeq r0, sp, r0",1
"andeq r0, r0, r6, lsr 7",1
"ldrdeq fp, ip, [r0], -r8",1
"andeq r0, r0, r0, asr 3",1
"andeq r0, sp, r2",1
"andeq r0, r0, r2, lsl 1",1
"andeq ip, r0, ip, lsl 1",1
"andeq r0, r0, r0",1
"andeq r0, sp, r0",1
"andeq r0, r0, r3, lsl 2",1
"muleq r0, r8, r0",1
"andeq r0, r0, r0",1
"andeq r0, sp, r0",1
"andeq r0, r0, r2, lsl 1",1
"andeq ip, r0, ip, asr 1",1
"andeq r0, r0, r0",1
"andeq r0, sp, r0",1
"andeq r0, r0, r3, lsl 2",1
"ldrdeq ip, sp, [r0], -r0",1
"andeq r0, r0, r0",1
"andeq r0, sp, r0",1
"andeq r0, r0, r2, lsl 1",1
"andeq ip, r0, r4, ror 1",1
"andeq r0, r0, r0",1
"andeq r0, sp, r0",1
"andeq r0, r0, r3, lsl 2",1
"andeq ip, r0, r8, ror 1",1
"andeq r0, r0, r0",1
"andeq r0, sp, r0",1
"andeq r0, r0, r2, lsl 1",1
"strdeq ip, sp, [r0], -ip",1
"andeq r0, r0, r0",1
"andeq r0, sp, r0",1
"andeq r0, r0, r3, lsl 2",1
"andeq ip, r0, r0, lsl 2",1
"andeq r0, r0, r0",1
"andeq r0, sp, r0",1
"andeq r0, r0, r2, lsl 1",1
"andeq ip, r0, r0, asr 2",1
"andeq r0, r0, r0",1
"andeq r0, sp, r0",1
"andeq r0, r0, r3, lsl 2",1
"andeq ip, r0, r4, asr 2",1
"andeq r0, r0, r0",1
"andeq r0, sp, r0",1
"andeq r0, r0, r2, lsl 1",1
"andeq ip, r0, ip, asr r1",1
"andeq r0, r0, r0",1
"andeq r0, sp, r0",1
"andeq r0, r0, r3, lsl 2",1
"andeq ip, r0, r0, ror 2",1
"andeq r0, r0, r0",1
"andeq r0, sp, r0",1
"andeq r0, r0, r2, lsl 1",1
"muleq r0, r0, r1",1
"andeq r0, r0, r0",1
"andeq r0, sp, r0",1
"andeq r0, r0, r3, lsl 2",1
"muleq r0, r4, r1",1
"andeq r0, r0, r0",1
"andeq r0, sp, r0",1
"andeq r0, r0, r2, lsl 1",1
"andeq ip, r0, r0, lsl r2",1
"andeq r0, r0, r0",1
"andeq r0, sp, r0",1
"andeq r0, r0, r3, lsl 2",1
"andeq ip, r0, r4, lsl r2",1
"andeq r0, r0, r0",1
"andeq r0, sp, r0",1
"andeq r0, r0, r2, lsl 1",1
"andeq ip, r0, ip, ror 5",1
"andeq r0, r0, r0",1
"andeq r0, sp, r0",1
"andeq r0, r0, r3, lsl 2",1
"strdeq ip, sp, [r0], -r0",1
"andeq r0, r0, r0",1
"andeq r0, sp, r0",1
"andeq r0, r0, r2, lsl 1",1
"muleq r0, ip, r3",1
"andeq r0, r0, r0",1
"andeq r0, sp, r0",1
"andeq r0, r0, r3, lsl 2",1
"andeq ip, r0, r8, lsr 7",1
"andeq r0, r0, r0",1
"andeq r0, sp, r0",1
"andeq r0, r0, r2, lsl 1",1
"strheq ip, [r0], -ip",1
"andeq r0, r0, r0",1
"andeq r0, sp, r0",1
"andeq r0, r0, r3, lsl 2",1
"andeq ip, r0, r0, asr 7",1
"andeq r0, r0, r0",1
"andeq r0, sp, r0",1
"andeq r0, r0, r2, lsl 1",1
"ldrdeq ip, sp, [r0], -r0",1
"andeq r0, r0, r0",1
"andeq r0, sp, r0",1
"andeq r0, r0, r3, lsl 2",1
"ldrdeq ip, sp, [r0], -r4",1
"andeq r0, r0, r0",1
"andeq r0, sp, r0",1
"andeq r0, r0, r2, lsl 1",1
"andeq ip, r0, r0, lsl r5",1
"andeq r0, r0, r0",1
"andeq r0, sp, r0",1
"andeq r0, r0, r3, lsl 2",1
"andeq ip, r0, r4, lsl r5",1
"andeq r0, r0, r0",1
"andeq r0, sp, r0",1
"andeq r0, r0, r2, lsl 1",1
"andeq ip, r0, ip, lsr 11",1
"andeq r0, r0, r0",1
"andeq r0, sp, r0",1
"andeq r0, r0, r3, lsl 2",1
"strheq ip, [r0], -r0",1
"andeq r0, r0, r0",1
"andeq r0, sp, r0",1
"andeq r0, r0, r2, lsl 1",1
"andeq ip, r0, r4, lsr r6",1
"andeq r0, r0, r0",1
"andeq r0, sp, r0",1
"andeq r0, r0, r3, lsl 2",1
"andeq ip, r0, r8, lsr r6",1
"andeq r0, r0, r0",1
"andeq r0, sp, r0",1
"andeq r0, r0, r2, lsl 1",1
"andeq lr, r0, r8, lsl 22",1
"andeq r0, r0, r0",1
"andeq r0, pc, r0",1
"andeq r0, r0, r2, lsl 1",1
"andeq r6, r1, r8, lsr lr",1
"andeq r0, r0, r0",1
"andseq r0, r7, r0",1
"strheq r0, [r0], -sb",1
"andeq r6, r1, r8, lsr lr",1
"andeq r0, r0, r4",1
"andseq r0, r7, r1",1
"andeq r0, r0, r1, asr 7",1
"andeq r6, r1, r0, asr 28",1
"andeq r0, r0, r8",1
"andseq r0, r7, r1",1
"andeq r0, r0, sl, asr 7",1
"andeq r6, r1, ip, lsr lr",1
"andeq r0, r0, r4",1
"andseq r0, r7, r1",1
"ldrdeq r0, r1, [r0], -r1",1
"andeq r6, r1, ip, lsr 29",1
"andeq r0, r0, r0, lsl 2",1
"andseq r0, r8, r1",1
"andeq r0, r0, r2, lsl 1",1
"andeq lr, r0, ip, asr 22",1
"andeq r0, r0, r0",1
"andeq r0, pc, r0",1
"andeq r0, r0, r2, lsl 1",1
"andeq r6, r1, ip, lsr 29",1
"andeq r0, r0, r0",1
"andseq r0, r8, r0",1
"ldrdeq r0, r1, [r0], -r7",1
"andeq r6, r1, ip, lsr 31",1
"andeq r0, r0, r0, lsr r0",1
"andseq r0, r8, r1",1
"andeq r0, r0, r2, lsl 1",1
"andeq r0, r0, r8, asr 5",1
"andeq r0, r0, r0",1
"andseq r0, pc, r0",1
"andeq r0, r0, pc, ror 7",1
"andeq r0, r0, r0",1
"andeq r0, r0, r0",1
invalid,1
"andeq r0, r0, r3, lsl 2",1
"andeq ip, r0, r8, ror r6",1
"andeq r0, r0, r0",1
"andeq r0, sp, r0",1
"andeq r0, r0, r2, lsl 1",1
"andeq r0, r0, r4, ror 12",1
"andeq r0, r0, r0",1
"andseq r0, pc, r0",1
"strdeq r0, r1, [r0], -fp",1
"andeq r0, r0, r0",1
"andeq r0, r0, r0",1
invalid,1
"andeq r0, r0, r3, lsl 2",1
"strheq ip, [r0], -r8",1
"andeq r0, r0, r0",1
"andeq r0, sp, r0",1
"andeq r0, r0, r2, lsl 1",1
"strdeq ip, sp, [r0], -r0",1
"andeq r0, r0, r0",1
"andeq r0, sp, r0",1
"andeq r0, r0, r3, lsl 2",1
"strdeq ip, sp, [r0], -r4",1
"andeq r0, r0, r0",1
"andeq r0, sp, r0",1
"andeq r0, r0, r2, lsl 1",1
"andeq ip, r0, r0, ror fp",1
"andeq r0, r0, r0",1
"andeq r0, sp, r0",1
"andeq r0, r0, r3, lsl 2",1
"andeq ip, r0, r4, ror fp",1
"andeq r0, r0, r0",1
"andeq r0, sp, r0",1
"andeq r0, r0, r2, lsl 1",1
"andeq r0, r0, ip, lsl 13",1
"andeq r0, r0, r0",1
"andseq r0, pc, r0",1
"andeq r0, r0, r5, lsl 8",1
"andeq r0, r0, r0",1
"andeq r0, r0, r0",1
invalid,1
"andeq r0, r0, r3, lsl 2",1
"andeq ip, r0, r4, ror 23",1
"andeq r0, r0, r0",1
"andeq r0, sp, r0",1
"andeq r0, r0, r2, lsl 1",1
"andeq ip, r0, r8, lsl ip",1
"andeq r0, r0, r0",1
"andeq r0, sp, r0",1
"andeq r0, r0, r2, lsl 1",1
"andeq lr, r0, r4, lsr 23",1
"andeq r0, r0, r0",1
"andeq r0, pc, r0",1
"andeq r0, r0, r2, lsl 1",1
"strheq r0, [r0], -r8",1
"andeq r0, r0, r0",1
"andseq r0, pc, r0",1
"andeq r0, r0, r2, lsl r4",1
"andeq r0, r0, r0",1
"andeq r0, r0, r0",1
invalid,1
"andeq r0, r0, r3, lsl 2",1
"andeq ip, r0, r4, lsr 24",1
"andeq r0, r0, r0",1
"andeq r0, sp, r0",1
"andeq r0, r0, r2, lsl 1",1
"andeq r0, r0, r0, ror 15",1
"andeq r0, r0, r0",1
"andseq r0, pc, r0",1
"andeq r0, r0, r1, lsr 8",1
"andeq r0, r0, r0",1
"andeq r0, r0, r0",1
invalid,1
"andeq r0, r0, r3, lsl 2",1
"strheq ip, [r0], -r0",1
"andeq r0, r0, r0",1
"andeq r0, sp, r0",1
"andeq r0, r0, r2, lsl 1",1
"strdeq ip, sp, [r0], -r0",1
"andeq r0, r0, r0",1
"andeq r0, sp, r0",1
"andeq r0, r0, r2, lsl 1",1
"andeq sp, r0, r8, lsr lr",1
"andeq r0, r0, r0",1
"andeq r0, pc, r0",1
"andeq r0, r0, r2, lsl 1",1
"ldrdeq r6, r7, [r1], -ip",1
"andeq r0, r0, r0",1
"andseq r0, r8, r0",1
"andeq r0, r0, r0, lsr r4",1
"ldrdeq r6, r7, [r1], -ip",1
"andeq r0, r0, r4",1
"andseq r0, r8, r1",1
"andeq r0, r0, r2, lsl 1",1
"andeq r0, r0, ip, lsl 16",1
"andeq r0, r0, r0",1
"andseq r0, pc, r0",1
"andeq r0, r0, r0, asr 8",1
"andeq r0, r0, r0",1
"andeq r0, r0, r0",1
invalid,1
"andeq r0, r0, r3, lsl 2",1
"andeq sp, r0, r0, lsl r0",1
"andeq r0, r0, r0",1
"andeq r0, sp, r0",1
"andeq r0, r0, r2, lsl 1",1
"andeq r0, r0, r8, asr 16",1
"andeq r0, r0, r0",1
"andseq r0, pc, r0",1
"andeq r0, r0, sb, asr 8",1
"andeq r0, r0, r0",1
"andeq r0, r0, r0",1
invalid,1
"andeq r0, r0, r3, lsl 2",1
"strheq sp, [r0], -r8",1
"andeq r0, r0, r0",1
"andeq r0, sp, r0",1
"andeq r0, r0, r2, lsl 1",1
"andeq r0, r0, r8, ror r8",1
"andeq r0, r0, r0",1
"andseq r0, pc, r0",1
"andeq r0, r0, r2, asr r4",1
"andeq r0, r0, r0",1
"andeq r0, r0, r0",1
invalid,1
"andeq r0, r0, r3, lsl 2",1
"andeq sp, r0, r8, lsl r1",1
"andeq r0, r0, r0",1
"andeq r0, sp, r0",1
"andeq r0, r0, r2, lsl 1",1
"andeq r0, r0, r4, lsr 17",1
"andeq r0, r0, r0",1
"andseq r0, pc, r0",1
"andeq r0, r0, fp, asr r4",1
"andeq r0, r0, r0",1
"andeq r0, r0, r0",1
invalid,1
"andeq r0, r0, r3, lsl 2",1
"andeq sp, r0, ip, asr 3",1
"andeq r0, r0, r0",1
"andeq r0, sp, r0",1
"andeq r0, r0, r6, ror 8",1
"andeq sp, r0, ip, asr 3",1
"andeq r0, r0, r0",1
"andeq r0, sp, r0",1
"andeq r0, r0, r2, lsl 1",1
"ldrdeq r0, r1, [r0], -r4",1
"andeq r0, r0, r0",1
"andseq r0, pc, r0",1
"andeq r0, r0, r2, lsl 1",1
"andeq r0, r0, ip, asr 4",1
"andeq r0, r0, r0",1
"andseq r0, fp, r0",1
"andeq r0, r0, lr, ror r4",1
"andeq r0, r0, r0",1
"andeq r0, r0, r0",1
invalid,1
"andeq r0, r0, r3, lsl 2",1
"muleq r0, r4, r2",1
"andeq r0, r0, r0",1
"andeq r0, sp, r0",1
"andeq r0, r0, r2, lsl 1",1
"andeq r0, r0, ip, ror 4",1
"andeq r0, r0, r0",1
"andseq r0, fp, r0",1
"muleq r0, r0, r4",1
"andeq r0, r0, r0",1
"andeq r0, r0, r0",1
invalid,1
"andeq r0, r0, r3, lsl 2",1
"ldrdeq sp, lr, [r0], -r0",1
"andeq r0, r0, r0",1
"andeq r0, sp, r0",1
"andeq r0, r0, r2, lsl 1",1
"andeq r0, r0, ip, lsl 5",1
"andeq r0, r0, r0",1
"andseq r0, fp, r0",1
"muleq r0, ip, r4",1
"andeq r0, r0, r0",1
"andeq r0, r0, r0",1
invalid,1
"andeq r0, r0, r3, lsl 2",1
"andeq sp, r0, r0, ror 5",1
"andeq r0, r0, r0",1
"andeq r0, sp, r0",1
"andeq r0, r0, r2, lsl 1",1
"strdeq r0, r1, [r0], -r4",1
"andeq r0, r0, r0",1
"andseq r0, pc, r0",1
"andeq r0, r0, r4, lsr 9",1
"andeq r0, r0, r0",1
"andeq r0, r0, r0",1
invalid,1
"andeq r0, r0, r3, lsl 2",1
"andeq sp, r0, r8, asr r3",1
"andeq r0, r0, r0",1
"andeq r0, sp, r0",1
"andeq r0, r0, r2, lsl 1",1
"andeq lr, r0, r0, lsr 24",1
"andeq r0, r0, r0",1
"andseq r0, r0, r0",1
"andeq r0, r0, r2, lsl 1",1
"andeq r0, r0, r4, asr 18",1
"andeq r0, r0, r0",1
"andseq r0, pc, r0",1
"andeq r0, r0, r4, lsr 9",1
"andeq r0, r0, r0",1
"andeq r0, r0, r0",1
invalid,1
"andeq r0, r0, r3, lsl 2",1
"andeq sp, r0, r0, ror 15",1
"andeq r0, r0, r0",1
"andeq r0, sp, r0",1
"andeq r0, r0, r2, lsl 1",1
"andeq lr, r0, r8, lsr 24",1
"andeq r0, r0, r0",1
"andseq r0, r0, r0",1
"andeq r0, r0, r2, lsl 1",1
"andeq r0, r0, r0, lsl 19",1
"andeq r0, r0, r0",1
"andseq r0, pc, r0",1
"andeq r0, r0, lr, lsr 9",1
"andeq r0, r0, r0",1
"andeq r0, r0, r0",1
invalid,1
"andeq r0, r0, r3, lsl 2",1
"andeq sp, r0, ip, ror 23",1
"andeq r0, r0, r0",1
"andeq r0, sp, r0",1
"andeq r0, r0, r2, lsl 1",1
"andeq sp, r0, r8, asr 24",1
"andeq r0, r0, r0",1
"andeq r0, sp, r0",1
"andeq r0, r0, r3, lsl 2",1
"andeq sp, r0, r0, asr ip",1
"andeq r0, r0, r0",1
"andeq r0, sp, r0",1
"andeq r0, r0, r2, lsl 1",1
"strheq r0, [r0], -ip",1
"andeq r0, r0, r0",1
"andseq r0, pc, r0",1
"strheq r0, [r0], -sb",1
"andeq r0, r0, r0",1
"andeq r0, r0, r0",1
invalid,1
"andeq r0, r0, r3, lsl 2",1
"andeq sp, r0, r4, asr ip",1
"andeq r0, r0, r0",1
"andeq r0, sp, r0",1
"andeq r0, r0, r2, lsl 1",1
"andeq sp, r0, r8, ror ip",1
"andeq r0, r0, r0",1
"andeq r0, sp, r0",1
"andeq r0, r0, r2, lsl 1",1
"andeq r0, r0, r0, lsl 20",1
"andeq r0, r0, r0",1
"andseq r0, pc, r0",1
"andeq r0, r0, lr, lsl 3",1
"andeq r0, r0, r0",1
"andeq r0, r0, r0",1
invalid,1
"andeq r0, r0, r2, lsl 1",1
"andeq lr, r0, r0, lsr ip",1
"andeq r0, r0, r0",1
"andseq r0, r1, r0",1
"andeq r0, r0, r2, asr 9",1
"andeq lr, r0, r0, lsr ip",1
"andeq r0, r0, r0",1
"andseq r0, r1, r1",1
"andeq r0, r0, r2, lsl 1",1
"andeq r6, r1, ip, lsr ip",1
"andeq r0, r0, r0",1
"andseq r0, r4, r0",1
"ldrdeq r0, r1, [r0], -r0",1
"andeq r6, r1, ip, lsr ip",1
"andeq r0, r0, r0",1
"andseq r0, r4, r1",1
"andeq r0, r0, r0",1
"andeq r0, r0, r0",1
"andeq r0, r0, r0",1
invalid,1
"ldrdeq r0, r1, [r0], -ip",1
"andeq r6, r1, r8, lsr ip",1
"andeq r0, r0, r0",1
"andseq r0, r2, r0",1
"andeq r0, r0, sp, ror 9",1
"andeq r6, r1, r0, lsr lr",1
"andeq r0, r0, r0",1
"andseq r0, r7, r1",1
"strdeq r0, r1, [r0], -sl",1
"andeq r6, r1, r0, asr 24",1
"andeq r0, r0, r0",1
"andseq r0, r5, r1",1
"andeq r0, r0, r3, lsl 10",1
"andeq r6, r1, r4, lsr ip",1
"andeq r0, r0, r0",1
"andseq r0, r2, r0",1
"andeq r0, r0, r6, lsl r5",1
"andeq r6, r1, r0, lsr sp",1
"andeq r0, r0, r0",1
"andseq r0, r6, r1",1
"andeq r0, r0, r3, lsl 2",1
"andeq r8, r0, r0, lsl 27",1
"andeq r0, r0, r0",1
"andeq r0, ip, r0",1
"andeq r0, r0, r2, lsl 1",1
"muleq r0, r0, sp",1
"andeq r0, r0, r0",1
"andeq r0, ip, r0",1
"andeq r0, r0, r3, lsl 2",1
"muleq r0, r4, sp",1
"andeq r0, r0, r0",1
"andeq r0, ip, r0",1
"andeq r0, r0, ip, lsr 10",1
"andeq ip, r0, r0, asr 7",1
"andeq r0, r0, r4, lsl r0",1
"andeq r0, sp, r2, lsl r0",1
"andeq r0, r0, fp, lsr r5",1
"andeq r0, r0, r0",1
"andeq r0, r0, r0",1
"andeq r0, r0, r2, lsl r0",1
"andeq r0, r0, fp, asr r5",1
"andeq sl, r0, ip, ror 28",1
"andeq r0, r0, r8, asr 32",1
"andeq r0, sp, r2, lsl r0",1
"andeq r0, r0, r4, ror 10",1
"andeq sp, r0, r0, asr ip",1
"andeq r0, r0, r4",1
"andeq r0, sp, r2, lsl r0",1
"andeq r0, r0, r4, ror r5",1
"muleq r0, r4, sp",1
"andeq r0, r0, r0",1
"andeq r0, r0, r2, lsl r0",1
"andeq r0, r0, r6, lsl 11",1
"andeq ip, r0, r4, lsl r5",1
"andeq r0, r0, r4, lsl r0",1
"andeq r0, sp, r2, lsl r0",1
"muleq r0, r4, r5",1
"andeq r8, r0, r0, lsr 27",1
"andeq r0, r0, r0",1
"andeq r0, r0, r2, lsl r0",1
"andeq r0, r0, r6, lsr 11",1
"andeq r8, r0, ip, lsr 27",1
"andeq r0, r0, r0",1
"andeq r0, r0, r2, lsl r0",1
"andeq r0, r0, r0, asr 11",1
"muleq r0, r4, r2",1
"andeq r0, r0, r0",1
"andeq r0, sp, r2, lsl r2",1
"ldrdeq r0, r1, [r0], -r1",1
"strheq r8, [r0], -r8",1
"andeq r0, r0, r0",1
"andeq r0, r0, r2, lsl r0",1
"andeq r0, r0, r2, ror 11",1
"andeq r6, r1, r8, ror lr",1
"andeq r0, r0, r4",1
"andseq r0, r8, r1, lsl r0",1
"strdeq r0, r1, [r0], -r8",1
"andeq sp, r0, ip, asr 3",1
"andeq r0, r0, r0",1
"andeq r0, sp, r2, lsl r2",1
"andeq r0, r0, r6, lsl 12",1
"andeq r6, r1, r8, asr 28",1
"andeq r0, r0, r0, lsr r0",1
"andseq r0, r7, r1, lsl r0",1
"andeq r0, r0, ip, lsl r6",1
"andeq sp, r0, ip, lsl r3",1
"andeq r0, r0, ip, lsr r0",1
"andeq r0, sp, r2, lsl r2",1
"andeq r0, r0, r2, lsr r6",1
"andeq r8, r0, r4, asr 27",1
"andeq r0, r0, r0",1
"andeq r0, r0, r2, lsl r0",1
"andeq r0, r0, r4, asr 12",1
"ldrdeq r8, sb, [r0], -r0",1
"andeq r0, r0, r0",1
"andeq r0, r0, r2, lsl r0",1
"andeq r0, r0, r6, asr r6",1
"andeq ip, r0, r4, lsl r2",1
"ldrdeq r0, r1, [r0], -ip",1
"andeq r0, sp, r2, lsl r0",1
"andeq r0, r0, sb, ror 12",1
"andeq r0, r0, r0",1
"andeq r0, r0, r0",1
"andeq r0, r0, r0, lsr 32",1
"andeq r0, r0, r5, lsl 13",1
"andeq r6, r1, ip, lsr 28",1
"andeq r0, r0, r0",1
"andseq r0, r7, r0, lsr 32",1
"muleq r0, r0, r6",1
"andeq ip, r0, r4, asr 2",1
"andeq r0, r0, ip, lsl r0",1
"andeq r0, sp, r2, lsl r0",1
"andeq r0, r0, r2, lsr 13",1
"andeq r6, r1, r8, ror lr",1
"andeq r0, r0, r0",1
"andseq r0, r8, r0, lsl r0",1
"strheq r0, [r0], -r0",1
"andeq ip, r0, r4, lsl 8",1
"andeq r0, r0, r4, lsr r0",1
"andeq r0, sp, r2, lsl r0",1
"andeq r0, r0, r1, asr 13",1
"muleq r0, r4, r1",1
"andeq r0, r0, r0, lsl 1",1
"andeq r0, sp, r2, lsl r0",1
"ldrdeq r0, r1, [r0], -r1",1
"ldrdeq r8, sb, [r0], -ip",1
"andeq r0, r0, r0",1
"andeq r0, r0, r2, lsl r0",1
"andeq r0, r0, r3, ror 13",1
"andeq sl, r0, r0, lsr 30",1
"strheq r0, [r0], -r8",1
"andeq r0, sp, r2, lsl r0",1
"strdeq r0, r1, [r0], -r4",1
"strheq ip, [r0], -r0",1
"andeq r0, r0, ip, lsl r0",1
"andeq r0, sp, r2, lsl r0",1
"andeq r0, r0, r6, lsl 14",1
"andeq sp, r0, r4, asr ip",1
"andeq r0, r0, ip, lsr 32",1
"andeq r0, sp, r2, lsl r2",1
"andeq r0, r0, sp, lsl 14",1
"andeq r8, r0, r8, ror 27",1
"andeq r0, r0, r0",1
"andeq r0, r0, r2, lsl r0",1
"andeq r0, r0, sp, lsl r7",1
"andeq ip, r0, r8, asr 10",1
"andeq r0, r0, r8, rrx",1
"andeq r0, sp, r2, lsl r0",1
"andeq r0, r0, r3, lsr r7",1
"andeq ip, r0, r0, ror r4",1
"andeq r0, r0, ip, lsl r0",1
"andeq r0, sp, r2, lsl r0",1
"andeq r0, r0, r2, asr 14",1
"strdeq r8, sb, [r0], -r4",1
"andeq r0, r0, r0",1
"andeq r0, r0, r2, lsl r0",1
"andeq r0, r0, r3, asr r7",1
"andeq r8, r0, r0, lsl 28",1
"andeq r0, r0, r0",1
"andeq r0, r0, r2, lsl r0",1
"andeq r0, r0, r5, ror 14",1
"andeq r6, r1, r0, ror 31",1
"andeq r0, r0, r0",1
"andseq r0, r8, r0, lsl r0",1
"andeq r0, r0, r0, ror r7",1
"andeq r6, r1, r8, ror lr",1
"andeq r0, r0, r0",1
"andseq r0, r7, r0, lsl r0",1
"andeq r0, r0, r7, ror r7",1
"andeq r8, r0, ip, lsl 28",1
"andeq r0, r0, r0",1
"andeq r0, r0, r2, lsl r0",1
"andeq r0, r0, sl, lsl 15",1
"andeq r8, r0, r8, lsl lr",1
"andeq r0, r0, r0",1
"andeq r0, r0, r2, lsl r0",1
"muleq r0, ip, r7",1
"andeq sp, r0, r8, asr r3",1
"andeq r0, r0, r8, lsl 9",1
"andeq r0, sp, r2, lsl r2",1
"andeq r0, r0, r5, lsr 15",1
"andeq sp, r0, r0, lsl 25",1
"andeq r0, r0, r0",1
"andeq r0, lr, r2, lsl r0",1
"andeq r0, r0, fp, lsr 15",1
"andeq r6, r1, r0, lsl 29",1
"andeq r0, r0, r4",1
"andseq r0, r8, r1, lsl r0",1
"andeq r0, r0, r6, asr 15",1
"andeq r8, r0, r4, lsr 28",1
"andeq r0, r0, r0",1
"andeq r0, r0, r2, lsl r0",1
"ldrdeq r0, r1, [r0], -fp",1
"andeq r6, r1, r0, ror 31",1
"andeq r0, r0, r0",1
"andseq r0, r8, r0, lsl r0",1
"andeq r0, r0, r7, ror 15",1
"andeq ip, r0, ip, lsr 22",1
"andeq r0, r0, r8, asr 32",1
"andeq r0, sp, r2, lsl r0",1
"strdeq r0, r1, [r0], -r1",1
"andeq sp, r0, r0, ror 5",1
"andeq r0, r0, ip, lsr r0",1
"andeq r0, sp, r2, lsl r2",1
"andeq r0, r0, r6, lsl 16",1
"andeq r8, r0, r0, lsr lr",1
"andeq r0, r0, r0",1
"andeq r0, r0, r2, lsl r0",1
"andeq r0, r0, sb, lsl r8",1
"andeq ip, r0, r4, lsr 20",1
"andeq r0, r0, ip, asr r0",1
"andeq r0, sp, r2, lsl r0",1
"andeq r0, r0, r2, lsr 16",1
"andeq r8, r0, ip, lsr lr",1
"andeq r0, r0, r0",1
"andeq r0, r0, r2, lsl r0",1
"andeq r0, r0, r8, lsr r8",1
"strheq sp, [r0], -r8",1
"andeq r0, r0, r0, rrx",1
"andeq r0, sp, r2, lsl r0",1
"andeq r0, r0, r3, asr 16",1
"andeq r8, r0, r8, asr 28",1
"andeq r0, r0, r0",1
"andeq r0, r0, r2, lsl r0",1
"andeq r0, r0, r6, asr r8",1
"andeq r8, r0, r4, asr lr",1
"andeq r0, r0, r0",1
"andeq r0, r0, r2, lsl r0",1
"andeq r0, r0, r1, ror r8",1
"andeq r8, r0, r0, ror 28",1
"andeq r0, r0, r0",1
"andeq r0, r0, r2, lsl r0",1
"andeq r0, r0, r5, lsl 17",1
"andeq sp, r0, r0, ror 15",1
"andeq r0, r0, ip, lsl 8",1
"andeq r0, sp, r2, lsl r2",1
"andeq r0, r0, pc, lsl 17",1
"andeq r8, r0, ip, ror 28",1
"andeq r0, r0, r0",1
"andeq r0, r0, r2, lsl r0",1
"andeq r0, r0, r2, lsr 17",1
"andeq r6, r1, r8, lsl 29",1
"andeq r0, r0, r4",1
"andseq r0, r8, r1, lsl r0",1
"strheq r0, [r0], -r4",1
"andeq r8, r0, r8, ror lr",1
"andeq r0, r0, r0",1
"andeq r0, r0, r2, lsl r0",1
"andeq r0, r0, r6, asr 17",1
"strheq ip, [r0], -r8",1
"andeq r0, r0, r4, lsr r0",1
"andeq r0, sp, r2, lsl r0",1
"andeq r0, r0, lr, asr 17",1
"andeq ip, r0, r8, ror 7",1
"andeq r0, r0, ip, lsl r0",1
"andeq r0, sp, r2, lsl r0",1
"ldrdeq r0, r1, [r0], -fp",1
"andeq r8, r0, r4, lsl 29",1
"andeq r0, r0, r0",1
"andeq r0, r0, r2, lsl r0",1
"andeq r0, r0, lr, ror 17",1
"andeq ip, r0, r8, asr 23",1
"andeq r0, r0, ip, lsl r0",1
"andeq r0, sp, r2, lsl r0",1
"strdeq r0, r1, [r0], -r6",1
"muleq r0, r0, lr",1
"andeq r0, r0, r0",1
"andeq r0, r0, r2, lsl r0",1
"andeq r0, r0, r8, lsl sb",1
"muleq r0, ip, lr",1
"andeq r0, r0, r0",1
"andeq r0, r0, r2, lsl r0",1
"andeq r0, r0, sl, lsr 18",1
"andeq r8, r0, r8, lsr 29",1
"andeq r0, r0, r0",1
"andeq r0, r0, r2, lsl r0",1
"andeq r0, r0, r0, asr 18",1
"strheq r8, [r0], -r4",1
"andeq r0, r0, r0",1
"andeq r0, r0, r2, lsl r0",1
"andeq r0, r0, r3, asr sb",1
"strdeq sl, fp, [r0], -ip",1
"strdeq r0, r1, [r0], -r8",1
"andeq r0, sp, r2, lsl r0",1
"andeq r0, r0, r0, ror 18",1
"strheq sl, [r0], -r4",1
"andeq r0, r0, ip, rrx",1
"andeq r0, sp, r2, lsl r0",1
"andeq r0, r0, sl, ror 18",1
"strdeq sl, fp, [r0], -r4",1
"andeq r0, r0, r8, ror r0",1
"andeq r0, sp, r2, lsl r0",1
"andeq r0, r0, sb, ror sb",1
"andeq r8, r0, r0, asr 29",1
"andeq r0, r0, r0",1
"andeq r0, r0, r2, lsl r0",1
"andeq r0, r0, sl, lsl 19",1
"ldrdeq sp, lr, [r0], -r0",1
"andeq r0, r0, r0, lsl r0",1
"andeq r0, sp, r2, lsr 4",1
"muleq r0, r8, sb",1
"strdeq ip, sp, [r0], -r4",1
"andeq r0, r0, r8, lsr r0",1
"andeq r0, sp, r2, lsl r0",1
"andeq r0, r0, r2, lsr 19",1
"andeq ip, r0, ip, ror 19",1
"andeq r0, r0, ip",1
"andeq r0, sp, r2, lsl r0",1
"andeq r0, r0, sp, lsr 19",1
"andeq ip, r0, ip, asr 11",1
"andeq r0, r0, r4, lsr 32",1
"andeq r0, sp, r2, lsl r0",1
"strheq r0, [r0], -sp",1
"andeq r8, r0, ip, asr 29",1
"andeq r0, r0, r0",1
"andeq r0, r0, r2, lsl r0",1
"andeq r0, r0, pc, asr 19",1
"ldrdeq r8, sb, [r0], -r8",1
"andeq r0, r0, r0",1
"andeq r0, r0, r2, lsl r0",1
"andeq r0, r0, r1, ror 19",1
"andeq ip, r0, r8, lsr r5",1
"andeq r0, r0, r0, lsl r0",1
"andeq r0, sp, r2, lsl r0",1
"strdeq r0, r1, [r0], -r4",1
"andeq r6, r1, ip, lsr 28",1
"andeq r0, r0, r0",1
"andseq r0, r7, r0, lsl r0",1
"andeq r0, r0, r1, lsl 20",1
"andeq ip, r0, r8, ror 1",1
"andeq r0, r0, r8, lsl r0",1
"andeq r0, sp, r2, lsl r0",1
"andeq r0, r0, r3, lsl sl",1
"andeq r8, r0, r4, ror 29",1
"andeq r0, r0, r0",1
"andeq r0, r0, r2, lsl r0",1
"andeq r0, r0, r5, lsr 20",1
"andeq ip, r0, r4, lsr 12",1
"andeq r0, r0, r4, lsl r0",1
"andeq r0, sp, r2, lsl r0",1
"andeq r0, r0, r1, lsr sl",1
"strdeq r8, sb, [r0], -r0",1
"andeq r0, r0, r0",1
"andeq r0, r0, r2, lsl r0",1
"andeq r0, r0, lr, asr 20",1
"muleq r0, r8, r0",1
"andeq r0, r0, r8, lsr r0",1
"andeq r0, sp, r2, lsl r0",1
"andeq r0, r0, r4, ror 20",1
"andeq ip, r0, r4, lsl 6",1
"andeq r0, r0, r4, lsr 1",1
"andeq r0, sp, r2, lsl r0",1
"andeq r0, r0, r2, ror sl",1
"strdeq r8, sb, [r0], -ip",1
"andeq r0, r0, r0",1
"andeq r0, r0, r2, lsl r0",1
"andeq r0, r0, r8, lsl 21",1
"andeq ip, r0, r4, ror 23",1
"andeq r0, r0, r0, asr 32",1
"andeq r0, sp, r2, lsl r0",1
"muleq r0, r3, sl",1
"andeq r0, r0, r0",1
"andeq r0, r0, r0",1
"andeq r0, r0, r0, lsr 32",1
"andeq r0, r0, r2, lsr 21",1
"andeq sp, r0, ip, asr 3",1
"andeq r0, r0, r8, lsr 1",1
"andeq r0, sp, r2, lsl r2",1
"andeq r0, r0, ip, lsr 21",1
"andeq r8, r0, r4, lsl pc",1
"andeq r0, r0, r0",1
"andeq r0, r0, r2, lsl r0",1
"andeq r0, r0, r5, asr 21",1
"andeq r8, r0, r0, lsr 30",1
"andeq r0, r0, r0",1
"andeq r0, r0, r2, lsl r0",1
"ldrdeq r0, r1, [r0], -r5",1
"andeq sl, r0, ip, ror 25",1
"andeq r0, r0, r0, lsl r0",1
"andeq r0, sp, r2, lsl r0",1
"strdeq r0, r1, [r0], -r3",1
"andeq sp, r0, r8, lsl 25",1
"andeq r0, r0, r4",1
"andeq r0, pc, r1, lsl r0",1
"andeq r0, r0, r2, lsl 22",1
"andeq ip, r0, r0, lsl 21",1
"andeq r0, r0, r4, ror r0",1
"andeq r0, sp, r2, lsl r0",1
"andeq r0, r0, sp, lsl 22",1
"andeq r8, r0, ip, lsr 30",1
"andeq r0, r0, r0",1
"andeq r0, r0, r2, lsl r0",1
"andeq r0, r0, pc, lsl fp",1
"andeq sp, r0, r0, lsl r0",1
"andeq r0, r0, r8, lsr 1",1
"andeq r0, sp, r2, lsl r0",1
"andeq r0, r0, sl, lsr 22",1
"andeq lr, r0, r8, lsl 22",1
"andeq r0, r0, r0, lsr 32",1
"andeq r0, pc, r1, lsl r0",1
"andeq r0, r0, sp, lsr fp",1
"andeq r8, r0, r8, lsr pc",1
"andeq r0, r0, r0",1
"andeq r0, r0, r2, lsl r0",1
"andeq r0, r0, pc, asr 22",1
"andeq sp, r0, ip, ror 23",1
"andeq r0, r0, r4, rrx",1
"andeq r0, sp, r2, lsl r0",1
"andeq r0, r0, pc, asr fp",1
"andeq ip, r0, r8, lsr r6",1
"andeq r0, r0, ip, lsl r0",1
"andeq r0, sp, r2, lsl r0",1
"andeq r0, r0, sb, ror 22",1
"strdeq ip, sp, [r0], -r0",1
"andeq r0, r0, r4, lsr r0",1
"andeq r0, sp, r2, lsl r0",1
"andeq r0, r0, sp, ror fp",1
"andeq r8, r0, r4, asr 30",1
"andeq r0, r0, r0",1
"andeq r0, r0, r2, lsl r0",1
"muleq r0, sb, fp",1
"andeq r8, r0, r0, asr pc",1
"andeq r0, r0, r0",1
"andeq r0, r0, r2, lsl r0",1
"strheq r0, [r0], -r1",1
"andeq lr, r0, r8, lsr 22",1
"andeq r0, r0, r4, lsr 32",1
"andeq r0, pc, r1, lsl r0",1
"andeq r0, r0, r4, asr 23",1
"andeq r8, r0, ip, asr pc",1
"andeq r0, r0, r0",1
"andeq r0, r0, r2, lsl r0",1
"ldrdeq r0, r1, [r0], -r6",1
"andeq r6, r1, r0, ror 31",1
"andeq r0, r0, r0",1
"andseq r0, r8, r0, lsl r0",1
"ldrdeq r0, r1, [r0], -fp",1
"andeq r8, r0, r8, ror 30",1
"andeq r0, r0, r0",1
"andeq r0, r0, r2, lsl r0",1
"andeq r0, r0, sp, ror 23",1
"andeq sb, r0, ip, asr 32",1
"andeq r0, r0, r0",1
"andeq r0, sp, r2, lsl r0",1
"strdeq r0, r1, [r0], -r4",1
"strdeq ip, sp, [r0], -r0",1
"andeq r0, r0, r4, lsl r0",1
"andeq r0, sp, r2, lsl r0",1
"andeq r0, r0, r3, lsl 24",1
"andeq r8, r0, r4, ror pc",1
"andeq r0, r0, r0",1
"andeq r0, r0, r2, lsl r0",1
"andeq r0, r0, fp, lsl ip",1
"andeq r8, r0, r0, lsl 31",1
"andeq r0, r0, r0",1
"andeq r0, r0, r2, lsl r0",1
"andeq r0, r0, sp, lsr 24",1
"andeq r6, r1, r0, ror 31",1
"andeq r0, r0, r0",1
"andseq r0, r8, r0, lsl r0",1
"andeq r0, r0, r5, lsr ip",1
"ldrdeq sp, lr, [r0], -r0",1
"andeq r0, r0, r0, lsl r0",1
"andeq r0, sp, r2, lsr 4",1
"andeq r0, r0, r3, asr 24",1
"andeq r8, r0, ip, lsl 31",1
"andeq r0, r0, r0",1
"andeq r0, r0, r2, lsl r0",1
"andeq r0, r0, ip, asr ip",1
"ldrdeq ip, sp, [r0], -r4",1
"andeq r0, r0, r4, lsl r0",1
"andeq r0, sp, r2, lsl r0",1
"andeq r0, r0, r5, ror 24",1
"andeq r6, r1, ip, lsl 29",1
"andeq r0, r0, r4",1
"andseq r0, r8, r1, lsl r0",1
"andeq r0, r0, r7, ror ip",1
"andeq r6, r1, r8, ror lr",1
"andeq r0, r0, r0",1
"andseq r0, r8, r0, lsl r0",1
"andeq r0, r0, r3, lsl 25",1
"muleq r0, r8, pc",1
"andeq r0, r0, r0",1
"andeq r0, r0, r2, lsl r0",1
"muleq r0, r5, ip",1
"strdeq sl, fp, [r0], -r8",1
"andeq r0, r0, r4, ror 1",1
"andeq r0, sp, r2, lsl r0",1
"muleq r0, sl, ip",1
"andeq r8, r0, r4, lsr 31",1
"andeq r0, r0, r0",1
"andeq r0, r0, r2, lsl r0",1
"andeq r0, r0, lr, lsr 25",1
"strdeq sl, fp, [r0], -r8",1
"andeq r0, r0, r0, lsl 6",1
"andeq r0, sp, r2, lsl r0",1
"strheq r0, [r0], -r4",1
"ldrdeq ip, sp, [r0], -r0",1
"andeq r0, r0, r8, lsl r0",1
"andeq r0, sp, r2, lsl r0",1
"andeq r0, r0, r6, asr 25",1
"andeq r6, r1, r4, lsr lr",1
"andeq r0, r0, r4",1
"andseq r0, r7, r1, lsl r0",1
"ldrdeq r0, r1, [r0], -r3",1
"andeq ip, r0, r8, lsr 10",1
"andeq r0, r0, r0, lsl r0",1
"andeq r0, sp, r2, lsl r0",1
"andeq r0, r0, r2, ror 25",1
"andeq ip, r0, r8, ror r6",1
"andeq r0, r0, r0, asr 6",1
"andeq r0, sp, r2, lsl r0",1
"andeq r0, r0, ip, ror 25",1
"strheq r8, [r0], -r0",1
"andeq r0, r0, r0",1
"andeq r0, r0, r2, lsl r0",1
"strdeq r0, r1, [r0], -pc",1
"andeq ip, r0, ip, lsl 9",1
"andeq r0, r0, r4, lsr 32",1
"andeq r0, sp, r2, lsl r0",1
"andeq r0, r0, r2, lsl sp",1
"strheq r8, [r0], -ip",1
"andeq r0, r0, r0",1
"andeq r0, r0, r2, lsl r0",1
"andeq r0, r0, r8, lsr 26",1
"andeq r8, r0, r8, asr 31",1
"andeq r0, r0, r0",1
"andeq r0, r0, r2, lsl r0",1
"andeq r0, r0, sp, lsr sp",1
"andeq ip, r0, r8, lsr r4",1
"andeq r0, r0, r8, lsr r0",1
"andeq r0, sp, r2, lsl r0",1
"andeq r0, r0, r2, asr sp",1
"andeq r6, r1, r0, lsl 29",1
"andeq r0, r0, r4",1
"andseq r0, r8, r1, lsr 32",1
"andeq r0, r0, r5, ror sp",1
"ldrdeq r8, sb, [r0], -r4",1
"andeq r0, r0, r0",1
"andeq r0, r0, r2, lsl r0",1
"andeq r0, r0, r8, lsl 27",1
"andeq ip, r0, r4, ror 12",1
"andeq r0, r0, r4, lsl r0",1
"andeq r0, sp, r2, lsl r0",1
"andeq r0, r0, lr, lsl 27",1
"andeq r8, r0, r0, ror 31",1
"andeq r0, r0, r0",1
"andeq r0, r0, r2, lsl r0",1
"andeq r0, r0, r5, lsr 27",1
"andeq ip, r0, r0, ror 2",1
"andeq r0, r0, r4, lsr r0",1
"andeq r0, sp, r2, lsl r0",1
"strheq r0, [r0], -r8",1
"andeq r6, r1, r8, lsr 29",1
"andeq r0, r0, r4",1
"andseq r0, r8, r1, lsl r0",1
"andeq r0, r0, r5, asr 27",1
"strheq ip, [r0], -r0",1
"andeq r0, r0, r4, rrx",1
"andeq r0, sp, r2, lsl r0",1
"ldrdeq r0, r1, [r0], -r7",1
"andeq sp, r0, r4, ror r2",1
"andeq r0, r0, r0, lsr 32",1
"andeq r0, sp, r2, lsl r2",1
"andeq r0, r0, r8, ror 27",1
"andeq ip, r0, r4, ror fp",1
"andeq r0, r0, ip, lsl r0",1
"andeq r0, sp, r2, lsl r0",1
"strdeq r0, r1, [r0], -r0",1
"andeq r0, r0, r0",1
"andeq r0, r0, r0",1
"andeq r0, r0, r0, lsr 32",1
"andeq r0, r0, r4, lsl 28",1
"andeq ip, r0, r8, lsr 7",1
"andeq r0, r0, r8, lsl r0",1
"andeq r0, sp, r2, lsl r0",1
"andeq r0, r0, pc, lsl 28",1
"andeq ip, r0, r4, asr r6",1
"andeq r0, r0, r0, lsl r0",1
"andeq r0, sp, r2, lsl r0",1
"andeq r0, r0, r7, lsl lr",1
"andeq sp, r0, r8, lsl r1",1
"strheq r0, [r0], -r4",1
"andeq r0, sp, r2, lsl r0",1
"andeq r0, r0, r2, lsr 28",1
"andeq r8, r0, ip, ror 31",1
"andeq r0, r0, r0",1
"andeq r0, r0, r2, lsl r0",1
"andeq r0, r0, r8, lsr lr",1
"andeq r6, r1, r8, ror lr",1
"andeq r0, r0, r0",1
"andseq r0, r7, r1, lsl r2",1
"andeq r0, r0, r4, asr 28",1
"andeq r6, r1, r8, ror lr",1
"andeq r0, r0, r4",1
"andseq r0, r8, r1, lsr 32",1
"andeq r0, r0, sp, ror 28",1
"strdeq r8, sb, [r0], -r8",1
"andeq r0, r0, r0",1
"andeq r0, r0, r2, lsl r0",1
"andeq r0, r0, r7, lsl 29",1
"andeq ip, r0, r0, lsl 2",1
"andeq r0, r0, r4, asr 32",1
"andeq r0, sp, r2, lsl r0",1
"muleq r0, r8, lr",1
"andeq r0, r0, r0",1
"andeq r0, r0, r0",1
"andeq r0, r0, r0, lsr 32",1
"strheq r0, [r0], -r2",1
"ldrdeq sl, fp, [r0], -ip",1
"andeq r0, r0, r0, lsl r0",1
"andeq r0, sp, r2, lsl r0",1
"andeq r0, r0, sp, asr 29",1
"andeq ip, r0, r4, lsr 23",1
"andeq r0, r0, r4, lsr 32",1
"andeq r0, sp, r2, lsl r0",1
"ldrdeq r0, r1, [r0], -r5",1
"strheq ip, [r0], -r0",1
"andeq r0, r0, r0, ror 6",1
"andeq r0, sp, r2, lsl r0",1
"andeq r0, r0, r4, ror 29",1
"andeq sb, r0, r4",1
"andeq r0, r0, r0",1
"andeq r0, r0, r2, lsl r0",1
"strdeq r0, r1, [r0], -sb",1
"andeq ip, r0, r4, lsr 24",1
"andeq r0, r0, ip, lsl 1",1
"andeq r0, sp, r2, lsl r0",1
"andeq r0, r0, r6, lsl 30",1
"andeq sb, r0, r0, lsl r0",1
"andeq r0, r0, r0",1
"andeq r0, r0, r2, lsl r0",1
"andeq r0, r0, r8, lsl pc",1
"andeq sb, r0, ip, lsl r0",1
"andeq r0, r0, r0",1
"andeq r0, r0, r2, lsl r0",1
"andeq r0, r0, fp, lsr 30",1
"andeq sb, r0, r8, lsr 32",1
"andeq r0, r0, r0",1
"andeq r0, r0, r2, lsl r0",1
"andeq r0, r0, ip, lsr pc",1
"andeq r8, r0, r4, ror sp",1
"andeq r0, r0, r0",1
"andeq r0, fp, r2, lsl r0",1
"andeq r0, r0, r2, asr 30",1
"andeq sb, r0, r4, lsr r0",1
"andeq r0, r0, r0",1
"andeq r0, r0, r2, lsl r0",1
"andeq r0, r0, r3, asr pc",1
"muleq r0, r0, fp",1
"andeq r0, r0, r4, lsl r0",1
"andeq r0, sp, r2, lsl r0",1
"andeq r0, r0, fp, asr pc",1
"andeq sb, r0, r0, asr 32",1
"andeq r0, r0, r0",1
"andeq r0, r0, r2, lsl r0",1
"andeq r0, r0, r1, ror pc",1
"strdeq ip, sp, [r0], -r8",1
"andeq r0, r0, ip, lsr 32",1
"andeq r0, sp, r2, lsl r0",1
svcvs 0x682f00,1
bvs 0xbfb320,1
blvs 0x1cbf2f8,1
"stmdbvc pc!, {r0, r2, r5, r6, sl, ip, sp, lr}",1
svcvs 0x74636f,1
"ldmdbvs r5!, {r0, r1, r2, r3, r5, sb, sp, lr} ^",1
"strtvc r6, [pc], -0x46c",1
"strvc r7, [pc, -sp, rrx]!",1
svchs 0x6b726f,1
"strbtvc r7, [sp], -r1, ror 4",1
"qasxvc r6, sp, r7",1
"cdpvs p0, 2, c7, c13, c6, 3",1
"stclhs p15, c6, [lr, -0x194]!",1
"stmdbvc fp!, {r4, r5, r6, r8, sb, sl, fp, sp, lr} ^",1
"cdpvs p12, 6, c6, c9, c13, 1",1
invalid,1
invalid,1
"strvs r6, [0x0002144a]!",1
"rsbvs r6, sb, 0x6700",1
"cdphs p15, 3, c2, c2, c3, 3",1
"eorvc r3, sp, 0xc40000",1
"strbvc r2, [r2, -0xf33]!",1
"stclhs p12, c6, [r4, -0x1a4]!",1
"stclhs p2, c7, [sp, -0x184]!",1
"stmdbvc fp!, {r4, r5, r6, r8, sb, sl, fp, sp, lr} ^",1
"cdpvs p12, 6, c6, c9, c13, 1",1
invalid,1
invalid,1
invalid,1
invalid,1
"cdpvs p9, 2, c6, c13, c2, 3",1
"cdphs p4, 6, c7, c5, c15, 3",1
"strtvs r0, [r4], -0x6f",1
svcvs 0x682f00,1
bvs 0xbfb3a4,1
blvs 0x1cbf37c,1
"stmdbvc pc!, {r0, r2, r5, r6, sl, ip, sp, lr}",1
svcvs 0x74636f,1
"ldmdbvs r5!, {r0, r1, r2, r3, r5, sb, sp, lr} ^",1
"strtvc r6, [pc], -0x46c",1
"strvc r7, [pc, -sp, rrx]!",1
svchs 0x6b726f,1
"strbtvc r7, [sp], -r1, ror 4",1
"qasxvc r6, sp, r7",1
"cdpvs p0, 2, c7, c13, c6, 3",1
"stclhs p15, c6, [lr, -0x194]!",1
"stmdbvc fp!, {r4, r5, r6, r8, sb, sl, fp, sp, lr} ^",1
"cdpvs p12, 6, c6, c9, c13, 1",1
invalid,1
invalid,1
"strvs r6, [0x000214ce]!",1
"rsbvs r6, sb, 0x6700",1
"cdphs p15, 3, c2, c2, c3, 3",1
"eorvc r3, sp, 0xc40000",1
"strbvc r2, [r2, -0xf33]!",1
"stclhs p12, c6, [r4, -0x1a4]!",1
"stclhs p2, c7, [sp, -0x184]!",1
"stmdbvc fp!, {r4, r5, r6, r8, sb, sl, fp, sp, lr} ^",1
"cdpvs p12, 6, c6, c9, c13, 1",1
invalid,1
invalid,1
invalid,1
invalid,1
"ldrbtvc r6, [r2], -0x174",1
"strhs r6, [r0], -0xf2e",1
"cdpvs p0, 6, c0, c9, c1, 3",1
invalid,1
"cmnvc r5, 0, 30",1
"stmdbvs ip!, {r1, r4, r5, r6, r8, sb, sl, fp, sp} ^",1
invalid,1
"rsbvc r2, r1, 0x18c",1
svcvs 0x702d6d,1
"stcvs p9, c7, [sp], -0x1ac",1
"ldmdavc r5!, {r0, r3, r5, r6, sb, sl, fp, sp, lr} ^",1
"strbvc r6, [lr, -0x72d]!",1
"stmdbvs r2!, {r0, r2, r5, r6, r8, sp, lr} ^",1
"strlo r3, [lr, -pc, lsr 8]!",1
"cdphs p2, 2, c3, c15, c14, 1",1
"cdphs p15, 2, c2, c14, c14, 1",1
svchs 0x2e2e2f,1
"ldmdbvs r4!, {r0, r1, r5, r6, sb, ip, sp, lr} ^",1
"movwvs r6, 0xf2e",1
svcpl 0x6c6c61,1
blvs 0x187b490,1
"rsbeq r6, lr, pc, asr r6",1
"rsbsvc r7, r3, 0xbc00000",1
"rsbvs r6, sb, 0x2f00",1
invalid,1
"ldclvs p1, c6, [r2, -0xbc]!",1
blvs 0x1bfdf80,1
"stmdbvs ip!, {r0, r3, r4, r5, r6, r8, sl, fp, sp} ^",1
"ldclhs p5, c7, [r8, -0x1b8]!",1
"ldrbvs r6, [r5, -0xe67]!",1
svchs 0x696261,1
"mrchs p14, 1, r2, c7, c4, 1",1
"mcrhs p15, 1, r2, c14, c2, 1",1
svchs 0x2e2e2f,1
invalid,1
"mcrhs p4, 3, r7, c14, c2, 3",1
"rsbvc r0, r3, 0x6f",1
"ldrbvc r7, [r4, -0x374]!",1
invalid,1
bmi 0x17f9b00,1
"mrrcmi p2, 4, r5, pc, c3",1
svcpl 0x545349,1
"strbvs r0, [r4, -0x5f]!",1
"stmdbvs r7!, {r1, r4, r5, r6, r8, sl, sp, lr} ^",1
"rsbvc r7, r5, 0x73000000",1
svcpl 0x6d745f,1
"cdpvs p12, 6, c6, c15, c3, 3",1
"andvc r7, r0, 0x94000001",1
invalid,1
svcpl 0x726574,1
"cmpvs pc, 116, 26           ; 0x74",1
"strbvs r6, [lr, -0xf6c]!",1
svcpl 0x5f0073,1
"ldrbvs r6, [pc, -r4, ror 30] ; [0x21f38:4]=0x74645f6c",1
invalid,1
"strbtvc r5, [r4], -0xf6c",1
svcpl 0x73726f,1
"rsbseq r7, r8, r1, ror 10",1
"rsbvc r6, sp, r3, ror 30",1
"ldrbvs r6, [r4, -0x56c]!",1
"ldrtlo r2, [sb], -0xe64",1
svcpl 0x3235,1
svcpl 0x6f645f,1
"rsbvs r6, pc, 0x6700",1
"ldrbvs r6, [pc], -0xc61     ; [0x21f64:4]=0x7875615f",1
"cmnvc r2, 116, 30           ; 0x74",1
"ldmdavc r5!, {r0, r1, r2, r3, r4, r6, r8, sp, lr} ^",1
"mcrvs p6, 3, r6, c9, c15, 2",1
"rsbvc r5, r1, 0x1a4",1
svcpl 0x796172,1
"rsbsvc r6, r4, 0x650",1
"rsbvc r0, r6, 0x79",1
svcpl 0x656d61,1
"stclvs p5, c7, [sp, -0x190]!",1
svcpl 0x5f0079,1
"stclvs p2, c7, [r1, -0x198]!",1
"strbvc r5, [r4, -0xf65]!",1
svcpl 0x796d6d,1
"strbtvc r6, [sb], -0xe69",1
"rsbsvc r6, r2, 0xc0000017",1
"ldrbvs r7, [0x00021643]     ; [0x21643:4]=0x8e3000",1
"ldmdbvc r2!, {r1, r2, r3, r5, r6, sl, ip, sp, lr} ^",1
invalid,1
"rsbeq r2, r3, r4, ror lr",1
svcvs 0x6e6962,1
"ldrbvs r0, [r4, -0x70]!",1
"ldrbvc r7, [0x00021b49]     ; [0x21b49:4]=0x12000000",1
"rsbseq r6, r0, lr, ror 30",1
svcpl 0x656e6f,1
"strbvc r7, [r7, -0x261]!",1
"strbtvc r6, [lr], -0x56d",1
"strbtvc r6, [r5], -0x700",1
"ldmdbvs r4!, {r0, r1, r2, r3, r4, r6, r8, sl, fp, sp, lr} ^",1
"strvc r6, [r0], -0x56d",1
svcpl 0x747365,1
"strbtvc r7, [lr], -0x973",1
"ldrbvs r7, [0x00021783]     ; [0x21783:4]=0xaeb400",1
"rsbvc r7, pc, 0x20000007",1
"cdpvs p6, 6, c6, c9, c0, 0",1
"cdpvs p15, 6, c5, c9, c4, 3",1
"strbvs r0, [r2, -0x74]!",1
"strbtvs r6, [lr], -0xf79",1
"strbtvc r6, [r4], -r0, lsl 2",1
"strbvs r6, [r3, -0xe61]!",1
invalid,1
"cmpvs pc, r2, ror sb",1
"cdpvs p6, 6, c7, c1, c4, 3",1
"strvc r6, [r0, -0x563]",1
"ldmdbvc r2!, {r1, r2, r3, r5, r6, r8, sp, lr} ^",1
"ldrbvs r6, [r0, -0xf5f]!",1
svcvs 0x746172,1
"stmdbvs r2!, {r1, r4, r5, r6} ^",1
"ldmdbvc r2!, {r1, r2, r3, r5, r6, r8, sp, lr} ^",1
"ldrbvs r6, [r0, -0xf5f]!",1
svcvs 0x746172,1
invalid,1
"rsbvc r5, r1, 0x1bc",1
"strbvs r7, [sp, -0x567]!",1
"rsbseq r7, r3, lr, ror 8",1
"ldrbvs r6, [r2, -0x874]!",1
"rsbvc r5, r1, 0x194",1
"strbvs r7, [sp, -0x567]!",1
"rsbseq r7, r3, lr, ror 8",1
"rsbsvc r7, r0, 0x650000",1
invalid,1
"ldrbvs r7, [r4, -0x869]!",1
"andvc r7, r0, r3, ror r4",1
invalid,1
"rsbseq r6, r6, r2, ror r7",1
invalid,1
svcvs 0x6c6300,1
"strbvc r6, [0x00021afd]!",1
"rsbeq r2, r3, r4, ror lr",1
"strbvs r6, [ip, -0x966]!",1
"stclvs p14, c6, [r1, -0x17c]!",1
"strbvs r0, [sb, -r5, rrx]!",1
"ldrbvs r6, [r2, -0xf6e]!",1
"ldmdbmi r0, {r0, r1, r2, r3, r4, r6, r8, sl, lr} ^",1
"andvs r4, r0, 80, 10",1
"cdpvs p3, 6, c7, c5, c1, 3",1
"stclhs p13, c6, [r5, -0x184]!",1
"ldclvs p7, c6, [r0], -0x1b0",1
"strvs r6, [r0, -0x32e]",1
"uhsub16vs r6, r4, r8",1
"cdphs p9, 6, c6, c12, c1, 3",1
"ldclvs p0, c0, [r5, -0x18c]!",1
svcvs 0x747861,1
"mrchs p4, 3, r7, c2, c3, 3",1
"rsbsvc r0, r0, 0x63",1
invalid,1
invalid,1
svcvs 0x757100,1
"rsbvc r6, r1, 116, 10",1
"rsbeq r2, r3, r7, ror 28",1
"strbtvc r7, [pc], -0x571",1
svcpl 0x676e69,1
"ldmdbvs r4!, {r0, r1, r2, r3, r5, r6, ip, sp, lr} ^",1
svcpl 0x736e6f,1
"stclvs p2, c7, [0x00021f44]!",1
"ldmdbvc r4!, {r0, r1, r2, r3, r4, r6, r8, sb, ip, sp, lr} ^",1
"strvs r6, [r0, -ip, ror 10]",1
"ldrbvs r7, [r4, -0x465]!",1
"cmpvc pc, r8, ror r4",1
"ldrbvs r6, [r4, -0xf75]!",1
svcvs 0x757100,1
"rsbvc r6, r1, 116, 10",1
"strbvc r5, [r2, -0xf67]!",1
"rsbvc r6, r5, 0x6600000",1
invalid,1
"strbvs r7, [ip, -0x974]!",1
"ldrbvc r0, [r1, -0x64]!",1
invalid,1
"mrcvs p7, 2, r6, c15, c2, 3",1
"ldrbtvc r6, [r0], -0xf5f",1
invalid,1
svcvs 0x6c7300,1
invalid,1
svcvs 0x6c7300,1
invalid,1
invalid,1
"cmnvc r4, 108, 30           ; 0x6c",1
svcvs 0x6c7300,1
"strvs r3, [r0], -0x74",1
"strbvc r6, [r1, -0x665]!",1
"cmpvc pc, ip, ror 8",1
"ldmdbvs r4!, {r0, r2, r4, r5, r6, r8, sb, sl, fp, sp, lr} ^",1
svcvs 0x5f676e,1
svcvs 0x697470,1
"movwvc r7, 0x36e",1
"mcrvs p2, 3, r7, c9, c4, 3",1
"rsbvc r6, sp, r4, ror r3",1
"stmdavc r0, {r1, r2, r3, r5, r8, sb, sp, lr}",1
"stclvs p1, c6, [ip], -0x1b4",1
invalid,1
"stclvs p8, c7, [r1], -0",1
"stclhs p15, c6, [r3, -0x1b0]!",1
"cdphs p9, 6, c6, c5, c4, 3",1
"stclvs p0, c0, [r3], -0x18c",1
"stclhs p3, c7, [r5, -0x1bc]!",1
"ldrbvs r7, [r2, -0x473]!",1
invalid,1
invalid,1
"stmdavs r3!, {r0, r5, r6, sl, fp, sp, lr} ^",1
"ldrbvs r7, [r3, -0x261]!",1
"rsbeq r2, r3, r4, ror lr",1
"rsbvc r6, r1, 0x630000",1
svcpl 0x746573,1
invalid,1
"rsbseq r6, r3, r3, ror r5",1
svcvs 0x6c6366,1
invalid,1
"stclvs p6, c6, [r6], -0",1
"mcrhs p3, 3, r7, c8, c5, 3",1
invalid,1
svcvs 0x6b6565,1
svcpl 0x632e,1
"uqsub16vc r6, sb, r5",1
"mrchs p9, 1, r6, c3, c3, 3",1
"strvc r0, [lr, -0x6f]!",1
"cmnvc r6, 100, 18           ; 0x64",1
"cmpvc pc, 0xa4000001",1
svcpl 0x70696b,1
"rsbslo r6, r6, r4, ror 18",1
invalid,1
"cmpvs pc, r4, ror r0",1
"stmdbvs r2!, {r0, r2, r5, r6, r8, sp, lr} ^",1
"strbtvs r7, [ip], -0x55f",1
svcvs 0x6d7669,1
"rsbeq r2, pc, r4, ror 28",1
"ldclvs p4, c6, [r6, -0x17c]!",1
"cdpvs p15, 6, c5, c12, c4, 3",1
"rsbeq r2, pc, r8, ror lr",1
"rsbvs r7, r1, 0x62",1
"rsbeq r2, r3, sb, ror 28",1
"strbvs r6, [r2, -ip, ror 18]!",1
"cdphs p3, 3, c6, c2, c3, 3",1
"stclvs p0, c0, [r5], -0x18c",1
"cdpvs p13, 6, c2, c9, c6, 3",1
invalid,1
"ldrbvs r6, [r4, -0x100]!",1
"mrchs p9, 3, r6, c4, c8, 3",1
svcpl 0x5f0063,1
"stclmi p2, c5, [r1, -0x118]",1
"cdpmi p15, 4, c5, c5, c5, 2",1
"subseq r5, pc, r4, asr 30",1
"movtmi r5, 0xaf5f",1
"mcrmi p15, 2, r5, c5, c2, 2",1
"subseq r5, pc, r4, asr 30",1
"mcrvs p15, 3, r5, c9, c15, 2",1
"cmpvs pc, sb, ror 8",1
"stmdbvc r1!, {r1, r4, r5, r6, sb, ip, sp, lr} ^",1
"strbtvs r6, [lr], -0x55f",1
"ldrbvs r5, [pc], -0xf00     ; [0x22254:4]=0x6c646e61",1
"ldmdavs pc, {r0, r1, r4, r5, r6, r8, sb, sl, fp, sp, lr} ^",1
"stclvs p14, c6, [r4], -0x184",1
"ldrbmi r0, [pc], -0x65      ; [0x22260:4]=0x5f004349",1
"stclmi p14, c4, [r1, -0x164]",1
svcpl 0x4349,1
"stmdbvs lr!, {r0, r1, r2, r3, r4, r6, r8, fp, sp, lr} ^",1
"rsbvc r5, r1, 116, 30",1
svcpl 0x796172,1
"rsbvc r7, r1, 0x73000000",1
invalid,1
invalid,1
"strbmi r5, [pc], -ip, asr 30",1
"strbpl r5, [r5], -0x346",1
"submi r5, r1, 0x5f000000",1
"subseq r4, pc, ip, asr 10",1
"strbtvc r7, [pc], -0x571",1
"ldrbvs r6, [r2, -r5, ror 2]!",1
"ldclvs p14, c6, [0x00022120]",1
svcpl 0x6d65,1
"qdsubvs r6, pc, r5",1
"ldrbvc r6, [0x00021946]     ; [0x21946:4]=0x200000",1
"cdpvs p7, 6, c7, c9, c14, 3",1
"rsbvc r5, r3, r4, ror 30",1
"rsbsvc r5, r0, 112, 30",1
"smlaldxmi r4, r0, r0, r0",1
"cmplo pc, 0xc000001",1
"andvs r3, r0, 0xb800000",1
svcpl 0x657361,1
"rsbeq r6, lr, ip, ror 10",1
"stmdbvs ip!, {r0, r1, r2, r3, r4, r6, r8, sb, sl, fp, ip, lr} ^",1
"cmpvs pc, 0x88000001",1
"usub16vs r7, pc, r3",1
"rsbeq r6, sb, sb, ror 28",1
"rsbvc r6, pc, r6, ror 8",1
"submi r6, r0, r5, ror 28",1
"submi r4, sb, 0x4700",1
"cdphs p15, 3, c5, c2, c3, 2",1
"ldrbvc r0, [r1, -0x34]!",1
invalid,1
"cmpvs pc, 0x1c80000",1
"rsbseq r6, r2, r8, ror 2",1
"stclvs p1, c6, [ip], -0x18c",1
"submi r6, r0, pc, ror 6",1
"submi r4, sb, 0x4700",1
"cdphs p15, 3, c5, c2, c3, 2",1
"rsbvc r0, r6, r4, lsr r0",1
svcpl 0x737475,1
svcvs 0x6c6e75,1
"strbtvs r6, [r5], -0xb63",1
"mcrrmi p0, 4, r4, r7, c0",1
svcpl 0x434249,1
"eorseq r2, r4, r2, lsr lr",1
"strbvs r5, [r1, -0xf5f]!",1
svcpl 0x696261,1
"stmdbvs r4!, {r0, r2, r4, r5, r6, sl, fp, sp, lr} ^",1
"strbtvs r6, [pc], -0xd76",1
"stmdbvs r1!, {sb, ip, sp, lr} ^",1
"submi r6, r0, r3, ror r5",1
"submi r4, sb, 0x4700",1
"cdphs p15, 3, c5, c2, c3, 2",1
svcpl 0x5f0034,1
invalid,1
"strbvs r6, [sp, -0x16e]!",1
"mcrrmi p0, 4, r4, r7, c0",1
svcpl 0x434249,1
"eorseq r2, r4, r2, lsr lr",1
"strbvs r5, [r1, -0xf5f]!",1
svcpl 0x696261,1
"stmdbvs r4!, {r0, r2, r4, r5, r6, r8, fp, sp, lr} ^",1
"ldrbvc r0, [r1, -0x76]!",1
svcpl 0x65746f,1
"strbtvc r7, [pc], -0x571",1
svcpl 0x676e69,1
"ldmdbvs r4!, {r0, r1, r2, r3, r5, r6, ip, sp, lr} ^",1
"rsbseq r6, r3, pc, ror 28",1
"mcrvs p15, 3, r5, c7, c15, 2",1
"ldclvs p15, c5, [r5], -0x1d4",1
"ldclvs p9, c6, [r6, -0x190]!",1
"ldmdavs pc, {r0, r1, r2, r3, r5, r6, sl, sp, lr} ^",1
"ldrbvs r6, [r0, -0xc65]!",1
"ldrbtvc r0, [r3], -0x72",1
"rsbvc r6, sp, r2, ror r3",1
"mcrrmi p0, 4, r4, r7, c0",1
svcpl 0x434249,1
"eorseq r2, r4, r2, lsr lr",1
"ldrbtvc r7, [r2], -0x473",1
"submi r6, r0, pc, ror 24",1
"submi r4, sb, 0x4700",1
"cdphs p15, 3, c5, c2, c3, 2",1
"ldrbvc r0, [r1, -0x34]!",1
invalid,1
"cmpvs pc, r2, ror r7",1
invalid,1
"stclvs p13, c6, [r5, -0x17c]!",1
"strbpl r5, [sb], -0xf00",1
"strbvs r5, [r4, -0xf4d]!",1
"stmdbvs r7!, {r1, r4, r5, r6, r8, sl, sp, lr} ^",1
"rsbvc r7, r5, 0x73000000",1
"mcrrvs p13, 5, r4, r3, c4",1
"strbtpl r6, [r5], -0xe6f",1
"strbvs r6, [ip, -0x261]!",1
"strbtvc r6, [r1], -0x400",1
"ldrbtvc r5, [r3], -0xf61",1
"rsbseq r7, r4, r1, ror 4",1
svcpl 0x746573,1
"strbtvc r7, [pc], -0x571",1
svcpl 0x676e69,1
"strbvs r6, [r1, -r6, ror 24]!",1
svcpl 0x5f0073,1
svcpl 0x737362,1
"rsbvc r7, r1, 0x73000000",1
"subseq r5, pc, r4, ror pc",1
"strbtvc r7, [pc], -0x571",1
"ldrbvs r6, [r2, -r5, ror 2]!",1
"cmpvc pc, 0x5f0",1
"strbvs r7, [ip, -0x974]!",1
svcvs 0x757100,1
"rsbvc r6, r1, 116, 10",1
"strbvc r5, [r2, -0xf67]!",1
"rsbvc r6, r5, 0x6600000",1
"stclvs p6, c6, [r6], -0",1
"rsbmi r7, r8, r5, ror r3",1
"stmdbmi ip, {r6, r8, sb, sl, lr} ^",1
"subslo r4, pc, 0x8000001",1
"movwvc r3, 0x42e",1
"subsvc r7, pc, r5, ror 8",1
"rsbvc r6, r7, 0x1c8",1
"cdpvs p13, 5, c6, c15, c1, 3",1
"rsbeq r6, r5, r1, ror 26",1
"strbtvc r7, [pc], -0x571",1
"ldrbvs r6, [r2, -r5, ror 2]!",1
"cmpvs pc, 0x5f0",1
svcvs 0x747375,1
"strbtvc r0, [r1], -0x6d",1
"strbtvc r7, [sb], -0x865",1
"ldrbvs r6, [r2, -0x600]!",1
"strbmi r4, [r0, -r5, rrx]",1
"movtmi r4, 0x294c",1
"strtlo r3, [lr], -0x25f",1
svcvs 0x757100,1
"rsbvc r6, r1, 116, 10",1
svcpl 0x6e5f67,1
"ldrbtvc r7, [r3], -0x563",1
"ldclvs p13, c6, [0x000222d8]",1
invalid,1
"ldrbvs r6, [r4, -0xf75]!",1
svcpl 0x677261,1
"ldclvs p4, c7, [sb], -0x1cc",1
"ldrbvs r0, [0x00022443]     ; [0x22443:4]=0x5f746573",1
"rsbsmi r6, r4, r8, ror sb",1
"stmdbmi ip, {r6, r8, sb, sl, lr} ^",1
"subslo r4, pc, 0x8000001",1
"stcvs p4, c3, [r0, -0xb8]",1
"rsbvc r6, r3, r5, ror 26",1
"smlsldxmi r4, r0, sb, r0",1
"movtmi r4, 0x294c",1
"strtlo r3, [lr], -0x25f",1
invalid,1
"mcrvs p15, 3, r5, c5, c3, 3",1
"subseq r5, pc, r4, ror 30",1
"qdsubvs r6, pc, r4",1
"stcvs p1, c6, [r0, -0x1d0]",1
"cdpvs p3, 6, c7, c9, c2, 3",1
"submi r7, r0, sb, ror 8",1
"submi r4, sb, 0x4700",1
"cdphs p15, 3, c5, c2, c3, 2",1
"strbvs r0, [sp, -0x34]!",1
"rsbvc r6, sp, sp, ror 6",1
"mcrrmi p0, 4, r4, r7, c0",1
svcpl 0x434249,1
"eorseq r2, r4, r2, lsr lr",1
"stmdbvs r4!, {r0, r1, r2, r3, r4, r6, r8, sb, sl, fp, ip, lr} ^",1
invalid,1
"stmdbvs r6!, {r8, sb, sl, fp, ip, lr} ^",1
svcpl 0x696e,1
svcvs 0x72705f,1
"stclvs p14, c6, [r1, -0x19c]!",1
"strbvc r5, [r6, -0xf65]!",1
"submi r6, r0, ip, ror 24",1
"submi r4, sb, 0x4700",1
"cdphs p15, 3, c5, c2, c3, 2",1
invalid,1
"ldrbtvc r6, [r4], -0x567",1
"rsbsmi r7, r4, r5, ror 16",1
"stmdbmi ip, {r6, r8, sb, sl, lr} ^",1
"subslo r4, pc, 0x8000001",1
svcpl 0x342e,1
"cmnvc r3, 0xf0000005",1
"strbtvs r6, [lr], -0x55f",1
"stmdavc r0, {r0, r1, r2, r3, r4, r6, r8, sb, sl, fp, ip, lr}",1
invalid,1
invalid,1
"ldrbvs r5, [pc, -r0, lsl 30] ; [0x22558:4]=0x6d766964",1
"mrrcvs p5, 6, r7, pc, c14",1
"ldclvs p9, c6, [r6, -0x190]!",1
"ldmdavs pc, {r0, r1, r2, r3, r5, r6, sl, sp, lr} ^",1
"ldrbvs r6, [r0, -0xc65]!",1
"ldrbvs r0, [r2, -0x72]!",1
svcvs 0x6c6c61,1
"strbmi r4, [r0, -r3, rrx]",1
"movtmi r4, 0x294c",1
"strtlo r3, [lr], -0x25f",1
"ldrbvs r7, [r2, -0x800]!",1
svcvs 0x6c6c61,1
"ldrbvs r0, [r4, -0x63]!",1
svcvs 0x647478,1
"cdpvs p1, 6, c6, c9, c13, 3",1
"mcrrmi p0, 4, r4, r7, c0",1
svcpl 0x434249,1
"eorseq r2, r4, r2, lsr lr",1
svcpl 0x6c7072,1
"strbvc r6, [ip, -0x666]!",1
"smlsdxvs r0, r3, r8, r6",1
"strbvc r7, [r5, -0x465]!",1
"submi r6, r0, sb, ror 8",1
"submi r4, sb, 0x4700",1
"cdphs p15, 3, c5, c2, c3, 2",1
"uqasxvs r0, r6, r4",1
"ldmdavs r3!, {r2, r3, r5, r6, r8, sl, ip, sp, lr} ^",1
"stclvs p5, c7, [lr], -0x17c",1
"strbvs r6, [fp, -0x36f]!",1
"strbmi r4, [r0, -r4, rrx]",1
"movtmi r4, 0x294c",1
"strtlo r3, [lr], -0x25f",1
"ldrbvc r6, [r3, -r0, lsl 18]!",1
"mcrvs p2, 3, r7, c9, c0, 3",1
"smlsldxmi r4, r0, r4, r0",1
"movtmi r4, 0x294c",1
"strtlo r3, [lr], -0x25f",1
"ldrbvc r5, [0x000216ec]     ; [0x216ec:4]=18",1
"ldrbtvs r6, [r6], -0x964",1
"strvs r3, [r0, -sb, ror 6]",1
"strbvs r7, [r5, -r5, ror 8]!",1
"submi r6, r0, sb, ror 8",1
"submi r4, sb, 0x4700",1
"cdphs p15, 3, c5, c2, c3, 2",1
"ldrbtvc r0, [r3], -0x34",1
"rsbsvc r6, r2, 100, 10",1
"mcrrmi p0, 4, r4, r7, c0",1
svcpl 0x434249,1
"eorseq r2, r4, r2, lsr lr",1
"ldmdbvs r2!, {r1, r2, r5, r6, r8, sb, sl, ip, sp, lr} ^",1
"submi r6, r0, r4, ror r5",1
"submi r4, sb, 0x4700",1
"cdphs p15, 3, c5, c2, c3, 2",1
"ldclvs p0, c0, [r8, -0xd0]!",1
svcvs 0x6c6c61,1
"ldrbvc r0, [r1, -0x63]!",1
invalid,1
"ldclvs p7, c6, [0x00022474]",1
invalid,1
blvs 0x197bc10,1
"submi r3, r0, r6, lsr r4",1
"submi r4, sb, 0x4700",1
"cdphs p15, 3, c5, c2, c3, 2",1
"cmnvc r8, 0x34",1
"strbvc r7, [r4, -0x274]!",1
svcpl 0x5f0070,1
"rsbsvc r7, sb, r3, ror 8",1
"strbvs r5, [r7, -0xf65]!",1
"rsbvs r5, sp, 116, 30",1
"rsbsvc r6, r5, 0x7c000001",1
"stmdavc r1!, {r0, r1, r2, r3, r4, r6, r8, sl, fp, sp, lr} ^",1
"mcrrmi p0, 4, r4, r7, c0",1
svcpl 0x434249,1
"eorseq r2, r4, r2, lsr lr",1
"cmnvs r2, 0x73000000",1
"submi r7, r0, r0, ror sb",1
"submi r4, sb, 0x4700",1
"cdphs p15, 3, c5, c2, c3, 2",1
svcpl 0x5f0034,1
"cdpvs p0, 6, c7, c5, c6, 3",1
"strbvs r6, [lr, -r4, ror 18]!",1
"mcrrmi p0, 4, r4, r7, c0",1
svcpl 0x434249,1
"eorseq r2, r4, r2, lsr lr",1
"ldrbtvc r6, [r2], -0x26d",1
"rsbmi r7, r3, pc, ror 14",1
"stmdbmi ip, {r6, r8, sb, sl, lr} ^",1
"subslo r4, pc, 0x8000001",1
"movwvs r3, 0x42e",1
"ldrbvs r6, [r3, -0xf6c]!",1
"ldrbtvs r7, [r4], -0x35f",1
"rsbseq r7, r4, pc, ror 10",1
"stmdavc r1!, {r0, r2, r4, r5, r6, r8, sl, fp, sp, lr} ^",1
"ldrbtvc r6, [r3], -0xf74",1
invalid,1
"cmpvs pc, 0x73000000",1
svcvs 0x706d6f,1
"strbtvc r6, [lr], -0x56e",1
"rsbsvc r6, r2, 0, 10",1
"submi r7, r0, pc, ror 4",1
"submi r4, sb, 0x4700",1
"cdphs p15, 3, c5, c2, c3, 2",1
svcpl 0x5f0034,1
"rsbvs r6, r1, 0x18400000",1
"strbtvs r5, [ip], -0xf69",1
"eorseq r7, r0, sb, ror 12",1
"ldrbvs r6, [r2, -0xe78]!",1
svcvs 0x6c6c61,1
"cmnvs r8, 0x63",1
"cmnvs r2, r8, ror 2",1
invalid,1
svcvs 0x757100,1
"rsbvc r6, r1, 116, 10",1
"strbvc r5, [r3, -0xf67]!",1
"stclvs p4, c7, [0x00022554]!",1
"ldrbvs r6, [r0, -0xf00]!",1
"eorsmi r3, r4, lr, ror 12",1
"stmdbmi ip, {r6, r8, sb, sl, lr} ^",1
"subslo r4, pc, 0x8000001",1
"strvs r3, [r0, -lr, lsr 8]",1
"cdpvs p4, 6, c7, c5, c5, 3",1
"smlsldxmi r4, r0, r6, r0",1
"movtmi r4, 0x294c",1
"strtlo r3, [lr], -0x25f",1
svcvs 0x757100,1
"rsbvc r6, r1, 116, 10",1
svcvs 0x635f67,1
svcpl 0x6e6f6c,1
"rsbeq r6, sp, sp, ror 10",1
"qdsubvs r5, pc, r4",1
"cmpvc pc, 116, 2            ; 0x74",1
"ldrbtvc r6, [r2], -0x174",1
"strbtvc r7, [r5], -0x300",1
svcvs 0x75715f,1
invalid,1
"ldmdbvc r4!, {r0, r1, r2, r3, r4, r6, r8, sb, ip, sp, lr} ^",1
"stcvs p5, c6, [r0, -0x1b0]",1
svcvs 0x6c6c61,1
"strbmi r4, [r0, -r3, rrx]",1
"movtmi r4, 0x294c",1
"strtlo r3, [lr], -0x25f",1
svcvs 0x757100,1
"mrcvs p5, 2, r6, c15, c4, 3",1
"stclvs p13, c6, [r5, -0x17c]!",1
"mrrcvs p15, 0, r5, pc, c0",1
svcpl 0x636269,1
"rsbvc r7, r1, 0x73000000",1
invalid,1
"submi r6, r0, sb, ror 28",1
"submi r4, sb, 0x4700",1
"cdphs p15, 3, c5, c2, c3, 2",1
"stclvs p0, c0, [r3], -0xd0",1
svcpl 0x656e6f,1
"strbtvc r7, [pc], -0x571",1
svcpl 0x676e69,1
"ldmdbvs r4!, {r0, r1, r2, r3, r5, r6, ip, sp, lr} ^",1
"rsbseq r6, r3, pc, ror 28",1
"strbtvc r7, [pc], -0x571",1
"ldrbvs r6, [r2, -r5, ror 2]!",1
"ldrbvs r6, [r2, -0x65f]!",1
svcpl 0x5f0065,1
invalid,1
"strbvs r6, [lr, -r4, ror 18]!",1
"mcrrmi p0, 4, r4, r7, c0",1
svcpl 0x434249,1
"eorseq r2, r4, r2, lsr lr",1
"stclvs p1, c6, [ip], -0x1e0",1
"ldrbvs r6, [pc], -0x36f     ; [0x227f4:4]=0x6f6d675f",1
svcpl 0x6569,1
svcvs 0x6d675f,1
"ldrbtvc r5, [r3], -0xf6e",1
svcpl 0x747261,1
svcpl 0x5f005f,1
"uqsub16vc r6, sb, r5",1
"eorseq r6, r3, r3, ror sb",1
"strbtvc r5, [r3], -0xf5f",1
svcpl 0x657079,1
svcvs 0x6c5f62,1
"strbmi r4, [r0, -r3, rrx]",1
"movtmi r4, 0x294c",1
"strtlo r3, [lr], -0x25f",1
"ldmdbvs r8!, {r8, sl, sp, lr} ^",1
"smlsldxmi r4, r0, r4, r0",1
"movtmi r4, 0x294c",1
"strtlo r3, [lr], -0x25f",1
svcvs 0x6c6300,1
"cmpvc pc, 0x1cc00000",1
"strbvc r6, [0x000223d0]!",1
"ldrbvs r5, [r3, -0xf74]!",1
invalid,1
"ldrbvs r6, [r2, -0xf6e]!",1
"ldmdbmi r0, {r0, r1, r2, r3, r4, r6, r8, sl, lr} ^",1
svcpl 0x4550,1
"cmpvc pc, 0x124",1
"mcrvs p4, 3, r6, c9, c4, 3",1
"ldrbvs r7, [r3, -0x55f]!",1
"rsbslo r0, r8, 0x64",1
invalid,1
invalid,1
"rsbsvc r7, r4, 0, 6",1
"rsbmi r6, lr, ip, ror 10",1
"stmdbmi ip, {r6, r8, sb, sl, lr} ^",1
"subslo r4, pc, 0x8000001",1
"andvc r3, r0, 0x2e000000",1
"usub16vs r6, pc, r0",1
invalid,1
"ldrbvc r0, [r1, -0x65]!",1
"cdpvs p4, 6, c7, c9, c15, 3",1
"ldrbtvc r5, [r3], -0xf67",1
svcpl 0x656c79,1
invalid,1
"strbvs r7, [lr, -r0, lsl 10]!",1
"rsbmi r7, r3, r5, ror 8",1
"stmdbmi ip, {r6, r8, sb, sl, lr} ^",1
"subslo r4, pc, 0x8000001",1
svcpl 0x342e,1
"rsbvs r6, sb, 0x5f00",1
invalid,1
"mcrvs p15, 3, r5, c9, c5, 3",1
invalid,1
"ldrbvs r6, [r4, -0xf75]!",1
"stclvs p13, c6, [r5, -0x17c]!",1
svcvs 0x757100,1
"rsbvc r6, r1, 116, 10",1
"strbvc r5, [r3, -0xf67]!",1
"stclvs p4, c7, [0x00022710]!",1
"stclvs p13, c6, [r5, -0x17c]!",1
"ldrbvs r5, [0x000219e4]     ; [0x219e4:4]=0x8f68",1
svcvs 0x6e7272,1
invalid,1
svcvs 0x697461,1
"strbmi r4, [r0, -lr, rrx]",1
"movtmi r4, 0x294c",1
"strtlo r3, [lr], -0x25f",1
"cmpvs pc, 0, 30",1
"cmpvs pc, r8, ror r1",1
"ldmdbvs r8!, {r2, r4, r5, r6, r8, sl, sp, lr} ^",1
"smlsldxmi r4, r0, r4, r0",1
"movtmi r4, 0x294c",1
"strtlo r3, [lr], -0x25f",1
svcvs 0x757100,1
invalid,1
"ldmdbvc r4!, {r0, r1, r2, r3, r4, r6, r8, sb, ip, sp, lr} ^",1
"cmpvs pc, ip, ror 10",1
"rsbseq r6, r3, r2, ror r7",1
invalid,1
"submi r7, r0, r5, ror 8",1
"submi r4, sb, 0x4700",1
"cdphs p15, 3, c5, c2, c3, 2",1
"ldrbvs r0, [0x00022908]     ; [0x22908:4]=0x4342494c",1
"strvs r6, [r0], -lr, ror 8",1
"mcrvs p3, 3, r6, c1, c3, 3",1
"strbmi r4, [r0, -r6, rrx]",1
"movtmi r4, 0x294c",1
"strtlo r3, [lr], -0x25f",1
"ldrbtvc r5, [r3], -0xf00",1
"rsbseq r7, r4, r1, ror 4",1
"strbtvc r7, [pc], -0x571",1
"ldrbvs r6, [r2, -r5, ror 2]!",1
"stclvs p1, c6, [ip], -0x17c",1
svcpl 0x636f,1
"ldmdbvs r2!, {r0, r1, r2, r3, r4, r6, ip, sp, lr} ^",1
svcpl 0x66746e,1
"rsbmi r6, fp, r3, ror 16",1
"stmdbmi ip, {r6, r8, sb, sl, lr} ^",1
"subslo r4, pc, 0x8000001",1
"strvs r3, [r0], -lr, lsr 8",1
"cdpvs p12, 6, c6, c5, c9, 3",1
"strbmi r4, [r0, -pc, rrx]",1
"movtmi r4, 0x294c",1
"strtlo r3, [lr], -0x25f",1
"ldrbvs r5, [0x00021a94]     ; [0x21a94:4]=0x8f98",1
svcpl 0x5f646e,1
"cmpvs pc, r0, lsl 30",1
"stmdbvs r2!, {r0, r2, r5, r6, r8, sp, lr} ^",1
"stmdbvs r4!, {r0, r1, r2, r3, r4, r6, r8, fp, sp, lr} ^",1
svcpl 0x3076,1
"rsbsvc r6, r0, 0x5f00000",1
"ldrbtvs r6, [r4], -sb, ror 28",1
blvs 0x1a3b730,1
"mcrrmi p0, 4, r4, r7, c0",1
svcpl 0x434249,1
"eorseq r2, r4, r2, lsr lr",1
"strbtvc r7, [pc], -0x571",1
"ldrbvs r6, [r2, -r5, ror 2]!",1
"ldrbtvs r7, [r4], -0x300",1
"rsbsmi r7, r4, pc, ror 10",1
"stmdbmi ip, {r6, r8, sb, sl, lr} ^",1
"subslo r4, pc, 0x8000001",1
svcpl 0x342e,1
"cmnvc r3, 0xf0000005",1
"cmnvs r4, pc, asr r3",1
invalid,1
invalid,1
"strbmi r4, [r0, -r5, rrx]",1
"movtmi r4, 0x294c",1
"strtlo r3, [lr], -0x25f",1
"stmdbvs r1!, {r8, sl, fp, sp, lr} ^",1
invalid,1
svcvs 0x6b6565,1
"submi r3, r0, r6, lsr r4",1
"submi r4, sb, 0x4700",1
"cdphs p15, 3, c5, c2, c3, 2",1
"cmnvc r5, 0x34",1
"rsbeq r6, r5, r1, ror 14",1
svcpl 0x746567,1
"strbtvc r7, [pc], -0x571",1
svcpl 0x676e69,1
"ldclvs p4, c7, [sb], -0x1cc",1
"stmdavc r5!, {r0, r2, r5, r6} ^",1
"ldrbvs r7, [pc], -sb, ror 8 ; [0x22a30:4]=0x71006572",1
"strbvc r6, [ip, -0x961]!",1
invalid,1
"ldrbvs r6, [r4, -0xf75]!",1
svcpl 0x677261,1
svcvs 0x6c6f63,1
"ldrbtvc r0, [r3], -0x6e",1
"strbtvc r6, [lr], -0x972",1
"rsbseq r6, r0, r3, ror 26",1
"uhsaxvs r5, r5, pc",1
"rsbsmi r6, r7, ip, ror 30",1
"stmdbmi ip, {r6, r8, sb, sl, lr} ^",1
"subslo r4, pc, 0x8000001",1
invalid,1
"ldrbvs r6, [r4, -0xf75]!",1
svcpl 0x677261,1
"ldclvs p4, c7, [sb], -0x1cc",1
"strbvs r5, [sp, -0xf65]!",1
svcpl 0x5f006d,1
"rsbvc r7, r5, 0x6f00000",1
"strbvc r6, [pc, -r6, ror 24]!",1
"mcrrmi p0, 4, r4, r7, c0",1
svcpl 0x434249,1
"eorseq r2, r4, r2, lsr lr",1
"ldclvs p5, c6, [r4], -0x1cc",1
"stclvs p3, c6, [r1], -0x1bc",1
"strbmi r4, [r0, -r5, rrx]",1
"movtmi r4, 0x294c",1
"strtlo r3, [lr], -0x25f",1
svcvs 0x757100,1
"rsbvc r6, r1, 116, 10",1
svcpl 0x6e5f67,1
"ldclvs p4, c7, [sb], -0x1cc",1
"strbvs r5, [sp, -0xf65]!",1
"rsbsvc r0, r0, 0x6d",1
"cmnvs r2, pc, ror 14",1
"cdpvs p15, 6, c5, c9, c13, 3",1
invalid,1
"mcrvs p9, 3, r6, c15, c4, 3",1
"stclvs p14, c6, [r1, -0x17c]!",1
"strbmi r4, [r0, -r5, rrx]",1
"movtmi r4, 0x294c",1
"strtlo r3, [lr], -0x25f",1
"rsbsvc r7, r4, 0, 6",1
"rsbvc r6, r8, 0xc8000001",1
"mcrrmi p0, 4, r4, r7, c0",1
svcpl 0x434249,1
"eorseq r2, r4, r2, lsr lr",1
"strbtvc r7, [pc], -0x571",1
"stclvs p0, c0, [lr], -0x194",1
"mcrvs p12, 3, r6, c1, c15, 2",1
"strbtvs r6, [lr], -r7, ror 18",1
"strbmi r4, [r0, -pc, rrx]",1
"movtmi r4, 0x294c",1
"strtlo r3, [lr], -0x25f",1
"strbtvc r7, [r5], -0x300",1
"cmnvc r5, 0x7c000001",1
svcpl 0x6d6f74,1
"strbtvc r7, [pc], -0x571",1
"rsbeq r6, r7, sb, ror 28",1
invalid,1
svcpl 0x6d6172,1
"strbvs r6, [sp, -0x16e]!",1
svcvs 0x757100,1
"rsbvc r6, r1, 116, 10",1
"stmdavs r3!, {r0, r1, r2, r5, r6, r8, sb, sl, fp, ip, lr} ^",1
"ldclvs p2, c7, [0x000229b4]",1
svcpl 0x6d65,1
"qdsubvs r6, pc, r5",1
"ldrbvc r6, [0x000221e2]     ; [0x221e2:4]=0x755f6962",1
"strbtvc r6, [sb], -sb, ror 8",1
"rsbeq r6, r4, sp, ror 30",1
invalid,1
"rsbeq r6, r3, ip, ror 30",1
svcpl 0x764a5f,1
"stmdbvs r7!, {r1, r4, r6, r8, sl, sp, lr} ^",1
"rsbvc r7, r5, 0x73000000",1
invalid,1
"rsbseq r6, r3, r3, ror r5",1
"strbtvc r7, [pc], -0x571",1
"ldrbvs r6, [r2, -r5, ror 2]!",1
"qaddvc r6, pc, r0",1
"ldrbvs r6, [r4, -0xf75]!",1
"andvc r6, r0, 0x5f0",1
"usub16vs r6, pc, r0",1
blvs 0x197c150,1
"strbvc r0, [r5, -0x6f]!",1
invalid,1
"cmnvc r3, 0x18c00000",1
"mcrrmi p0, 4, r4, r7, c0",1
svcpl 0x434249,1
"eorseq r2, r4, r2, lsr lr",1
"ldclmi p15, c5, [r4, -0x17c]",1
"cdpmi p15, 4, c5, c5, c3, 2",1
"subseq r5, pc, r4, asr 30",1
invalid,1
svcpl 0x6d6172,1
svcvs 0x766e69,1
"ldmdbvs r4!, {r0, r1, r5, r6, r8, sp, lr} ^",1
"cmpvc pc, 0x6f0",1
"ldrbtvc r6, [r2], -0xf68",1
"stclvs p14, c6, [r1, -0x17c]!",1
"strbmi r4, [r0, -r5, rrx]",1
"movtmi r4, 0x294c",1
"strtlo r3, [lr], -0x25f",1
"cdpvs p2, 6, c6, c9, c0, 0",1
"stmdavc r5!, {r2, r5, r6, sl, ip, sp, lr} ^",1
"stclvs p4, c6, [0x00022a0c]!",1
"rsbmi r6, lr, r1, ror 18",1
"stmdbmi ip, {r6, r8, sb, sl, lr} ^",1
"subslo r4, pc, 0x8000001",1
"movwvc r3, 0x42e",1
"cmpvs pc, 0x65000000",1
svcpl 0x726168,1
"strbtvc r7, [pc], -0x571",1
"rsbeq r6, r7, sb, ror 28",1
"ldclmi p9, c4, [r4, -0x17c]",1
invalid,1
"ldrbvs r7, [r4, -0x369]!",1
"movtmi r5, 0xd472",1
"strbvs r6, [lr, -0xf6c]!",1
"stclvs p1, c6, [r2], -0x150",1
"stclvs p0, c0, [r3], -0x194",1
svcpl 0x65736f,1
svcvs 0x647473,1
"cmpvc pc, 0x75000000",1
"ldrbvs r7, [pc], -r5, ror 8 ; [0x22c28:4]=0x656d616e",1
svcpl 0x656c69,1
"strbvs r6, [sp, -0x16e]!",1
"strbvs r7, [sp, -0x800]!",1
"rsbsvc r6, r5, sp, ror 8",1
invalid,1
svcpl 0x656c61,1
"rsbvc r6, r1, 0x630000",1
"rsbseq r6, r4, r3, ror r5",1
"cmnvc r8, 0x17c",1
"uhsub16lo r6, r4, r4",1
"smlaldxmi r4, r0, r4, r0",1
"movtmi r4, 0x294c",1
"strtlo r3, [lr], -0x25f",1
svcvs 0x6c6300,1
"cmpvc pc, 0x1cc00000",1
invalid,1
invalid,1
"ldmdbvc r4!, {r0, r5, r6, sl, ip, sp, lr} ^",1
"mcrrmi p0, 4, r4, r7, c0",1
svcpl 0x434249,1
"eorseq r2, r4, r2, lsr lr",1
"mrcvs p4, 3, r7, c2, c3, 3",1
"rsbsmi r6, r0, r3, ror 26",1
"stmdbmi ip, {r6, r8, sb, sl, lr} ^",1
"subslo r4, pc, 0x8000001",1
invalid,1
"ldrbtvc r6, [r2], -0xf62",1
"mcrrmi p0, 4, r4, r7, c0",1
svcpl 0x434249,1
"eorseq r2, r4, r2, lsr lr",1
"stmdbvs lr!, {r0, r1, r2, r3, r4, r6, r8, fp, sp, lr} ^",1
"stclvs p0, c0, [r3], -0x1d0",1
"rsbmi r7, r5, pc, ror 6",1
"stmdbmi ip, {r6, r8, sb, sl, lr} ^",1
"subslo r4, pc, 0x8000001",1
"stmdavc r0, {r1, r2, r3, r5, sl, ip, sp}",1
"stclvs p1, c6, [ip], -0x18c",1
svcpl 0x636f,1
"cmnvc r8, 0x5f00            ; ""xit status.  It is one of:\n""",1
"uhsub16lo r6, r4, r4",1
"smlaldxmi r4, r0, r4, r0",1
"movtmi r4, 0x294c",1
"strtlo r3, [lr], -0x25f",1
"stclvs p8, c7, [lr, -0]!",1
svcvs 0x6c6c61,1
invalid,1
,1
